/*--------------------------------*- C++ -*----------------------------------*\
| =========                 |                                                 |
| \\      /  F ield         | OpenFOAM: The Open Source CFD Toolbox           |
|  \\    /   O peration     | Version:  2312                                  |
|   \\  /    A nd           | Website:  www.openfoam.com                      |
|    \\/     M anipulation  |                                                 |
\*---------------------------------------------------------------------------*/
FoamFile
{
    version     2.0;
    format      ascii;
    arch        "LSB;label=32;scalar=64";
    class       volScalarField;
    location    "85";
    object      p;
}
// * * * * * * * * * * * * * * * * * * * * * * * * * * * * * * * * * * * * * //

dimensions      [0 2 -2 0 0 0 0];

internalField   nonuniform List<scalar> 
4800
(
5.88075e-13
-1.37489e-06
-2.45056e-06
-3.30929e-06
-4.00751e-06
-4.58327e-06
-5.06833e-06
-5.4875e-06
-5.85072e-06
-6.1712e-06
-6.45833e-06
-6.71387e-06
-6.93335e-06
-7.34823e-06
-8.86837e-06
1.79789e-08
-1.35541e-06
-2.43075e-06
-3.28996e-06
-3.98934e-06
-4.5672e-06
-5.05517e-06
-5.47845e-06
-5.8473e-06
-6.17664e-06
-6.48075e-06
-6.77418e-06
-7.07118e-06
-7.47725e-06
-8.22676e-06
3.66143e-08
-1.33514e-06
-2.41016e-06
-3.26995e-06
-3.97076e-06
-4.5507e-06
-5.0403e-06
-5.46679e-06
-5.84031e-06
-6.17604e-06
-6.48967e-06
-6.79659e-06
-7.10495e-06
-7.42384e-06
-7.73195e-06
5.50282e-08
-1.31468e-06
-2.38905e-06
-3.24911e-06
-3.9509e-06
-4.53289e-06
-5.02286e-06
-5.451e-06
-5.82684e-06
-6.1637e-06
-6.47517e-06
-6.76866e-06
-7.0369e-06
-7.25117e-06
-7.346e-06
7.46759e-08
-1.29244e-06
-2.36572e-06
-3.22561e-06
-3.92785e-06
-4.51091e-06
-5.00121e-06
-5.42806e-06
-5.80266e-06
-6.13416e-06
-6.43166e-06
-6.69384e-06
-6.90317e-06
-7.02395e-06
-7.00499e-06
9.68912e-08
-1.26708e-06
-2.33876e-06
-3.19792e-06
-3.89984e-06
-4.48237e-06
-4.97238e-06
-5.3947e-06
-5.7628e-06
-6.08147e-06
-6.35444e-06
-6.57479e-06
-6.72323e-06
-6.77248e-06
-6.69669e-06
1.23797e-07
-1.23654e-06
-2.30604e-06
-3.16369e-06
-3.8642e-06
-4.44451e-06
-4.93137e-06
-5.3463e-06
-5.70181e-06
-6.00022e-06
-6.24109e-06
-6.41622e-06
-6.51108e-06
-6.51185e-06
-6.41233e-06
1.59358e-07
-1.19706e-06
-2.26376e-06
-3.11892e-06
-3.81652e-06
-4.39254e-06
-4.8727e-06
-5.27638e-06
-5.61374e-06
-5.88618e-06
-6.09179e-06
-6.22476e-06
-6.27812e-06
-6.24974e-06
-6.14429e-06
2.10072e-07
-1.1424e-06
-2.20573e-06
-3.05724e-06
-3.75009e-06
-4.31932e-06
-4.7893e-06
-5.17742e-06
-5.4925e-06
-5.73627e-06
-5.90801e-06
-6.0063e-06
-6.0313e-06
-5.98847e-06
-5.88697e-06
2.85223e-07
-1.06345e-06
-2.12279e-06
-2.96939e-06
-3.65548e-06
-4.21527e-06
-4.67184e-06
-5.04121e-06
-5.3321e-06
-5.54796e-06
-5.69086e-06
-5.76398e-06
-5.77262e-06
-5.72608e-06
-5.63449e-06
3.96458e-07
-9.48258e-07
-2.00277e-06
-2.84307e-06
-3.5204e-06
-4.06838e-06
-4.50931e-06
-4.85867e-06
-5.12621e-06
-5.31802e-06
-5.43943e-06
-5.49717e-06
-5.49951e-06
-5.45702e-06
-5.37919e-06
5.57167e-07
-7.82523e-07
-1.83081e-06
-2.66319e-06
-3.33002e-06
-3.86458e-06
-4.28919e-06
-4.6197e-06
-4.86751e-06
-5.04144e-06
-5.14962e-06
-5.20103e-06
-5.20513e-06
-5.17233e-06
-5.11095e-06
7.8275e-07
-5.49462e-07
-1.58938e-06
-2.41208e-06
-3.06719e-06
-3.58798e-06
-3.99749e-06
-4.31266e-06
-4.5466e-06
-4.7102e-06
-4.81345e-06
-4.86641e-06
-4.87866e-06
-4.85977e-06
-4.81686e-06
1.09166e-06
-2.28751e-07
-1.25741e-06
-2.06867e-06
-2.71166e-06
-3.21991e-06
-3.61754e-06
-3.92281e-06
-4.15015e-06
-4.31166e-06
-4.41798e-06
-4.47935e-06
-4.50497e-06
-4.50346e-06
-4.48089e-06
1.50549e-06
2.03915e-07
-8.0957e-07
-1.60775e-06
-2.23915e-06
-2.73756e-06
-3.12805e-06
-3.43002e-06
-3.65872e-06
-3.82644e-06
-3.94344e-06
-4.01946e-06
-4.06319e-06
-4.08243e-06
-4.08248e-06
2.04704e-06
7.75128e-07
-2.1746e-07
-1.00065e-06
-1.62185e-06
-2.11445e-06
-2.50361e-06
-2.80923e-06
-3.04679e-06
-3.22847e-06
-3.3633e-06
-3.45991e-06
-3.52642e-06
-3.57005e-06
-3.59568e-06
2.73647e-06
1.50959e-06
5.46242e-07
-2.18716e-07
-8.30948e-07
-1.32245e-06
-1.71705e-06
-2.03376e-06
-2.28746e-06
-2.49002e-06
-2.64926e-06
-2.77237e-06
-2.86666e-06
-2.93887e-06
-2.99373e-06
3.58643e-06
2.42433e-06
1.5012e-06
7.59395e-07
1.57011e-07
-3.36477e-07
-7.4297e-07
-1.07854e-06
-1.35527e-06
-1.58548e-06
-1.77585e-06
-1.9322e-06
-2.06091e-06
-2.16804e-06
-2.25789e-06
4.5963e-06
3.52141e-06
2.65178e-06
1.93897e-06
1.34776e-06
8.53568e-07
4.36153e-07
7.77263e-08
-2.29623e-07
-4.93593e-07
-7.19985e-07
-9.14936e-07
-1.08461e-06
-1.23413e-06
-1.36694e-06
5.74181e-06
4.77541e-06
3.97252e-06
3.29517e-06
2.71647e-06
2.21887e-06
1.78839e-06
1.41231e-06
1.07766e-06
7.81307e-07
5.18974e-07
2.84444e-07
7.19475e-08
-1.22533e-07
-3.0183e-07
6.91401e-06
6.06321e-06
5.3325e-06
4.69635e-06
4.13413e-06
3.63005e-06
3.17794e-06
2.77352e-06
2.41094e-06
2.08077e-06
1.77739e-06
1.49579e-06
1.23235e-06
9.84911e-07
7.51556e-07
7.92522e-06
7.17618e-06
6.51216e-06
5.91478e-06
5.37223e-06
4.87673e-06
4.41578e-06
3.98447e-06
3.58423e-06
3.21891e-06
2.87849e-06
2.55475e-06
2.24533e-06
1.94991e-06
1.6672e-06
8.69633e-06
8.02259e-06
7.40697e-06
6.83865e-06
6.30832e-06
5.80867e-06
5.33398e-06
4.8963e-06
4.48307e-06
4.09306e-06
3.72079e-06
3.36208e-06
3.01561e-06
2.6808e-06
2.35632e-06
9.25723e-06
8.63988e-06
8.06161e-06
7.51635e-06
6.99953e-06
6.50887e-06
6.04438e-06
5.59183e-06
5.16255e-06
4.75037e-06
4.35157e-06
3.9643e-06
3.58726e-06
3.2194e-06
2.85954e-06
9.65357e-06
9.07911e-06
8.53084e-06
8.00605e-06
7.50245e-06
7.01781e-06
6.5498e-06
6.09501e-06
5.65386e-06
5.22461e-06
4.80571e-06
4.39587e-06
3.99385e-06
3.59874e-06
3.20974e-06
9.92437e-06
9.38315e-06
8.85933e-06
8.35169e-06
7.85835e-06
7.37801e-06
6.90853e-06
6.44935e-06
5.99931e-06
5.55768e-06
5.1235e-06
4.69579e-06
4.27372e-06
3.85672e-06
3.44429e-06
1.01026e-05
9.58736e-06
9.08289e-06
8.58852e-06
8.10302e-06
7.62586e-06
7.15704e-06
6.69467e-06
6.2382e-06
5.78719e-06
5.34103e-06
4.89916e-06
4.46114e-06
4.02668e-06
3.59548e-06
1.02152e-05
9.72047e-06
9.23135e-06
8.74777e-06
8.26935e-06
7.79591e-06
7.32746e-06
6.86265e-06
6.40116e-06
5.94276e-06
5.48714e-06
5.03407e-06
4.58337e-06
4.13497e-06
3.68874e-06
1.02836e-05
9.80519e-06
9.3286e-06
8.85417e-06
8.38191e-06
7.91176e-06
7.44365e-06
6.97696e-06
6.51154e-06
6.04731e-06
5.58419e-06
5.1222e-06
4.66133e-06
4.20169e-06
3.74335e-06
1.03233e-05
9.85842e-06
9.39223e-06
8.92548e-06
8.45843e-06
7.99107e-06
7.52342e-06
7.05531e-06
6.58675e-06
6.11784e-06
5.64866e-06
5.1794e-06
4.71023e-06
4.24142e-06
3.77317e-06
1.03457e-05
9.89198e-06
9.43452e-06
8.97428e-06
8.5116e-06
8.04659e-06
7.57942e-06
7.11021e-06
6.63908e-06
6.16628e-06
5.69206e-06
5.21675e-06
4.74065e-06
4.26419e-06
3.78768e-06
1.03581e-05
9.91381e-06
9.46374e-06
9.00904e-06
8.55005e-06
8.08702e-06
7.62028e-06
7.15014e-06
6.67681e-06
6.20068e-06
5.72216e-06
5.24167e-06
4.75968e-06
4.27669e-06
3.79316e-06
1.03652e-05
9.92902e-06
9.48527e-06
9.03528e-06
8.57942e-06
8.11805e-06
7.65161e-06
7.18064e-06
6.70534e-06
6.2263e-06
5.74401e-06
5.25902e-06
4.77189e-06
4.28323e-06
3.79359e-06
1.037e-05
9.94072e-06
9.50239e-06
9.05643e-06
8.60322e-06
8.14322e-06
7.67694e-06
7.20521e-06
6.72813e-06
6.24646e-06
5.76081e-06
5.27183e-06
4.78015e-06
4.28648e-06
3.79145e-06
1.03739e-05
9.95067e-06
9.51704e-06
9.07452e-06
8.62357e-06
8.16465e-06
7.69845e-06
7.22599e-06
6.74724e-06
6.26319e-06
5.77452e-06
5.28195e-06
4.7862e-06
4.28805e-06
3.78822e-06
1.03778e-05
9.95979e-06
9.53023e-06
9.09067e-06
8.64161e-06
8.1835e-06
7.71746e-06
7.24419e-06
6.7639e-06
6.27766e-06
5.78624e-06
5.29042e-06
4.79101e-06
4.28885e-06
3.78471e-06
1.03819e-05
9.96847e-06
9.54242e-06
9.10539e-06
8.65792e-06
8.20044e-06
7.73458e-06
7.26042e-06
6.77872e-06
6.29049e-06
5.79657e-06
5.29783e-06
4.79512e-06
4.28935e-06
3.78136e-06
1.03864e-05
9.97694e-06
9.55393e-06
9.11906e-06
8.67292e-06
8.21597e-06
7.75014e-06
7.27517e-06
6.79216e-06
6.30211e-06
5.80595e-06
5.30456e-06
4.79886e-06
4.28981e-06
3.7783e-06
1.03915e-05
9.98572e-06
9.56548e-06
9.13257e-06
8.68764e-06
8.2312e-06
7.7652e-06
7.28947e-06
6.80517e-06
6.31335e-06
5.81505e-06
5.31114e-06
4.80257e-06
4.29037e-06
3.77547e-06
1.03968e-05
9.99468e-06
9.57728e-06
9.14635e-06
8.70257e-06
8.24659e-06
7.78037e-06
7.30386e-06
6.81825e-06
6.32468e-06
5.82402e-06
5.3175e-06
4.80613e-06
4.29098e-06
3.77299e-06
-1.00394e-05
-7.79981e-06
-6.4327e-06
-5.51387e-06
-4.78245e-06
-4.23111e-06
-3.81665e-06
-3.51187e-06
-3.29892e-06
-3.16351e-06
-3.09368e-06
-3.07873e-06
-3.10865e-06
-3.17401e-06
-3.26543e-06
-3.37377e-06
-3.49056e-06
-3.60871e-06
-3.72693e-06
-3.84791e-06
-3.98134e-06
-4.12607e-06
-4.22004e-06
-4.15166e-06
-3.84314e-06
-3.26578e-06
-2.41027e-06
-1.28609e-06
8.56624e-08
1.68191e-06
3.47867e-06
5.44948e-06
7.56352e-06
9.78458e-06
1.20707e-05
1.43744e-05
1.6642e-05
1.88126e-05
2.08131e-05
2.25445e-05
2.38681e-05
2.45758e-05
2.4205e-05
2.23376e-05
1.73358e-05
-8.48976e-06
-7.2968e-06
-6.24656e-06
-5.41942e-06
-4.73378e-06
-4.19741e-06
-3.78888e-06
-3.48742e-06
-3.27731e-06
-3.14501e-06
-3.07874e-06
-3.06777e-06
-3.10201e-06
-3.17188e-06
-3.26791e-06
-3.38089e-06
-3.50222e-06
-3.6246e-06
-3.74629e-06
-3.86901e-06
-4.00088e-06
-4.13896e-06
-4.22084e-06
-4.13822e-06
-3.81654e-06
-3.22891e-06
-2.36614e-06
-1.23739e-06
1.35761e-07
1.72934e-06
3.51814e-06
5.47394e-06
7.56363e-06
9.74812e-06
1.19818e-05
1.42118e-05
1.63773e-05
1.84064e-05
2.02098e-05
2.16539e-05
2.2547e-05
2.25626e-05
2.10478e-05
1.72244e-05
9.91193e-06
-7.67633e-06
-6.91014e-06
-6.05729e-06
-5.31634e-06
-4.67775e-06
-4.16181e-06
-3.76219e-06
-3.46543e-06
-3.25867e-06
-3.12957e-06
-3.0668e-06
-3.05972e-06
-3.09814e-06
-3.17242e-06
-3.27298e-06
-3.39051e-06
-3.51631e-06
-3.64283e-06
-3.76785e-06
-3.892e-06
-4.02166e-06
-4.15192e-06
-4.21992e-06
-4.12125e-06
-3.78501e-06
-3.18644e-06
-2.31654e-06
-1.18416e-06
1.88425e-07
1.77609e-06
3.55207e-06
5.48595e-06
7.54177e-06
9.67685e-06
1.18409e-05
1.39751e-05
1.60098e-05
1.78606e-05
1.94173e-05
2.0535e-05
2.09775e-05
2.03963e-05
1.82242e-05
1.403e-05
7.64088e-06
-7.16963e-06
-6.59786e-06
-5.90108e-06
-5.22723e-06
-4.63319e-06
-4.13841e-06
-3.74742e-06
-3.45434e-06
-3.24948e-06
-3.12206e-06
-3.06139e-06
-3.05698e-06
-3.09862e-06
-3.17656e-06
-3.28109e-06
-3.40277e-06
-3.53275e-06
-3.66316e-06
-3.79125e-06
-3.91641e-06
-4.0431e-06
-4.16418e-06
-4.2163e-06
-4.0993e-06
-3.74635e-06
-3.13519e-06
-2.25705e-06
-1.12058e-06
2.50887e-07
1.83069e-06
3.5901e-06
5.49592e-06
7.50868e-06
9.58137e-06
1.16583e-05
1.36738e-05
1.55494e-05
1.719e-05
1.84735e-05
1.9241e-05
1.9267e-05
1.82598e-05
1.58575e-05
1.18699e-05
6.58681e-06
-6.78877e-06
-6.33318e-06
-5.75709e-06
-5.16273e-06
-4.60913e-06
-4.13521e-06
-3.75199e-06
-3.46085e-06
-3.2556e-06
-3.12738e-06
-3.06647e-06
-3.06267e-06
-3.10577e-06
-3.18595e-06
-3.29333e-06
-3.41829e-06
-3.55176e-06
-3.68553e-06
-3.81617e-06
-3.94171e-06
-4.06449e-06
-4.17488e-06
-4.20906e-06
-4.07163e-06
-3.70033e-06
-3.07576e-06
-2.18943e-06
-1.04984e-06
3.1819e-07
1.88611e-06
3.62284e-06
5.49199e-06
7.45012e-06
9.44546e-06
1.14168e-05
1.32917e-05
1.49848e-05
1.63934e-05
1.73921e-05
1.78277e-05
1.75132e-05
1.6248e-05
1.3858e-05
1.03415e-05
6.04314e-06
-6.48142e-06
-6.10855e-06
-5.62429e-06
-5.11027e-06
-4.60487e-06
-4.15388e-06
-3.77961e-06
-3.48981e-06
-3.28218e-06
-3.15049e-06
-3.0865e-06
-3.08056e-06
-3.12266e-06
-3.20294e-06
-3.31139e-06
-3.43814e-06
-3.57391e-06
-3.71002e-06
-3.84229e-06
-3.96726e-06
-4.08485e-06
-4.1828e-06
-4.19679e-06
-4.03686e-06
-3.64583e-06
-3.00761e-06
-2.11402e-06
-9.73391e-07
3.87456e-07
1.93765e-06
3.6435e-06
5.46509e-06
7.35474e-06
9.25593e-06
1.11023e-05
1.28163e-05
1.43081e-05
1.54737e-05
1.61947e-05
1.63399e-05
1.57747e-05
1.43897e-05
1.21434e-05
9.14149e-06
5.69223e-06
-6.21421e-06
-5.9063e-06
-5.50528e-06
-5.05789e-06
-4.60892e-06
-4.18894e-06
-3.82884e-06
-3.5424e-06
-3.33201e-06
-3.19501e-06
-3.12529e-06
-3.11424e-06
-3.15234e-06
-3.22999e-06
-3.33706e-06
-3.46351e-06
-3.59978e-06
-3.73668e-06
-3.8692e-06
-3.99219e-06
-4.10295e-06
-4.18637e-06
-4.17774e-06
-3.99321e-06
-3.58129e-06
-2.92977e-06
-2.0306e-06
-8.92043e-07
4.56543e-07
1.98144e-06
3.6462e-06
5.40724e-06
7.21268e-06
9.00176e-06
1.07042e-05
1.22397e-05
1.35184e-05
1.44418e-05
1.49076e-05
1.48161e-05
1.40867e-05
1.26823e-05
1.06377e-05
8.09145e-06
5.28841e-06
-5.9681e-06
-5.71282e-06
-5.38321e-06
-5.00438e-06
-4.61e-06
-4.23012e-06
-3.89229e-06
-3.61435e-06
-3.40336e-06
-3.26116e-06
-3.18435e-06
-3.1657e-06
-3.19686e-06
-3.26884e-06
-3.37168e-06
-3.49518e-06
-3.62962e-06
-3.76523e-06
-3.89608e-06
-4.01525e-06
-4.11712e-06
-4.18368e-06
-4.14988e-06
-3.93879e-06
-3.50528e-06
-2.84168e-06
-1.93988e-06
-8.07759e-07
5.21861e-07
2.0118e-06
3.623e-06
5.3084e-06
7.01242e-06
8.67112e-06
1.02124e-05
1.15568e-05
1.26193e-05
1.33123e-05
1.35565e-05
1.32864e-05
1.24664e-05
1.11071e-05
9.27829e-06
7.11336e-06
4.79668e-06
-5.73354e-06
-5.52197e-06
-5.25246e-06
-4.93794e-06
-4.60075e-06
-4.26611e-06
-3.95844e-06
-3.69597e-06
-3.489e-06
-3.34449e-06
-3.26136e-06
-3.23394e-06
-3.25594e-06
-3.31957e-06
-3.41529e-06
-3.53299e-06
-3.6629e-06
-3.79474e-06
-3.92162e-06
-4.03472e-06
-4.12534e-06
-4.17256e-06
-4.1112e-06
-3.87197e-06
-3.41695e-06
-2.74382e-06
-1.84433e-06
-7.24341e-07
5.77586e-07
2.02041e-06
3.56315e-06
5.15596e-06
6.74049e-06
8.25142e-06
9.61758e-06
1.07641e-05
1.16169e-05
1.21003e-05
1.21631e-05
1.17691e-05
1.09152e-05
9.63846e-06
8.0173e-06
6.16625e-06
4.22082e-06
-5.50372e-06
-5.32952e-06
-5.11079e-06
-4.85389e-06
-4.57283e-06
-4.28629e-06
-4.01493e-06
-3.77363e-06
-3.57712e-06
-3.43614e-06
-3.34987e-06
-3.31414e-06
-3.32607e-06
-3.3796e-06
-3.46587e-06
-3.57514e-06
-3.69786e-06
-3.82334e-06
-3.94374e-06
-4.0484e-06
-4.12531e-06
-4.15083e-06
-4.06006e-06
-3.79202e-06
-3.31661e-06
-2.63954e-06
-1.74849e-06
-6.48197e-07
6.15209e-07
1.99584e-06
3.45287e-06
4.93484e-06
6.38207e-06
7.73018e-06
8.91194e-06
9.86e-06
1.05111e-05
1.08185e-05
1.07416e-05
1.02708e-05
9.42366e-06
8.24751e-06
6.81648e-06
5.22302e-06
3.56612e-06
-5.27092e-06
-5.12972e-06
-4.95453e-06
-4.74849e-06
-4.51978e-06
-4.28227e-06
-4.04971e-06
-3.83393e-06
-3.65576e-06
-3.52587e-06
-3.4401e-06
-3.39776e-06
-3.40033e-06
-3.4434e-06
-3.51894e-06
-3.6179e-06
-3.73123e-06
-3.84806e-06
-3.9597e-06
-4.05372e-06
-4.11478e-06
-4.11687e-06
-3.99579e-06
-3.7e-06
-3.20756e-06
-2.53739e-06
-1.65989e-06
-5.87022e-07
6.22986e-07
1.92291e-06
3.27526e-06
4.62795e-06
5.92173e-06
7.09583e-06
8.09013e-06
8.84834e-06
9.32251e-06
9.47897e-06
9.29961e-06
8.78927e-06
7.9753e-06
6.9057e-06
5.64445e-06
4.26381e-06
2.83631e-06
-5.02515e-06
-4.91402e-06
-4.77702e-06
-4.61559e-06
-4.43425e-06
-4.24238e-06
-4.04842e-06
-3.86602e-06
-3.71497e-06
-3.59943e-06
-3.51685e-06
-3.4724e-06
-3.46877e-06
-3.50277e-06
-3.56778e-06
-3.65578e-06
-3.75851e-06
-3.86518e-06
-3.96641e-06
-4.04833e-06
-4.09219e-06
-4.07066e-06
-3.92e-06
-3.59853e-06
-3.10236e-06
-2.44759e-06
-1.58498e-06
-5.53249e-07
5.82038e-07
1.78172e-06
3.0106e-06
4.21703e-06
5.34464e-06
6.33879e-06
7.14872e-06
7.73043e-06
8.05009e-06
8.08742e-06
7.83824e-06
7.31609e-06
6.55109e-06
5.58673e-06
4.47547e-06
3.27274e-06
2.03204e-06
-4.75374e-06
-4.67081e-06
-4.56821e-06
-4.44646e-06
-4.3082e-06
-4.15917e-06
-4.0078e-06
-3.86368e-06
-3.73856e-06
-3.63828e-06
-3.56572e-06
-3.52555e-06
-3.52021e-06
-3.54802e-06
-3.60425e-06
-3.68221e-06
-3.77453e-06
-3.87084e-06
-3.96117e-06
-4.0309e-06
-4.05772e-06
-4.01465e-06
-3.83757e-06
-3.49674e-06
-3.01564e-06
-2.37327e-06
-1.53893e-06
-5.74556e-07
4.66613e-07
1.5489e-06
2.63768e-06
3.68422e-06
4.63802e-06
5.45259e-06
6.0875e-06
6.51073e-06
6.70071e-06
6.64741e-06
6.35481e-06
5.8403e-06
5.1325e-06
4.26821e-06
3.289e-06
2.23695e-06
1.15174e-06
-4.44104e-06
-4.38547e-06
-4.31494e-06
-4.22979e-06
-4.13158e-06
-4.02415e-06
-3.91344e-06
-3.80625e-06
-3.70997e-06
-3.63119e-06
-3.57482e-06
-3.5446e-06
-3.54263e-06
-3.56855e-06
-3.6195e-06
-3.69018e-06
-3.77412e-06
-3.86174e-06
-3.94258e-06
-4.0018e-06
-4.01485e-06
-3.95407e-06
-3.75942e-06
-3.41153e-06
-2.94418e-06
-2.33107e-06
-1.55906e-06
-6.81507e-07
2.49788e-07
1.20076e-06
2.13639e-06
3.01456e-06
3.79318e-06
4.43494e-06
4.90978e-06
5.19631e-06
5.28104e-06
5.16131e-06
4.8456e-06
4.35159e-06
3.70413e-06
2.93287e-06
2.06995e-06
1.14708e-06
1.93849e-07
-4.06728e-06
-4.03939e-06
-4.0001e-06
-3.9498e-06
-3.88947e-06
-3.82155e-06
-3.74998e-06
-3.67964e-06
-3.61601e-06
-3.5646e-06
-3.52998e-06
-3.51544e-06
-3.52306e-06
-3.55329e-06
-3.60457e-06
-3.67295e-06
-3.75283e-06
-3.83578e-06
-3.91126e-06
-3.96432e-06
-3.97034e-06
-3.8996e-06
-3.70327e-06
-3.36139e-06
-2.91769e-06
-2.3563e-06
-1.66923e-06
-8.98362e-07
-9.1699e-08
7.14829e-07
1.48922e-06
2.19769e-06
2.8068e-06
3.28924e-06
3.6231e-06
3.79524e-06
3.79734e-06
3.63148e-06
3.30791e-06
2.84247e-06
2.25527e-06
1.56935e-06
8.09078e-07
-1.77268e-09
-8.41125e-07
-3.60764e-06
-3.60921e-06
-3.60195e-06
-3.58643e-06
-3.56336e-06
-3.5344e-06
-3.50223e-06
-3.47035e-06
-3.44276e-06
-3.42354e-06
-3.41637e-06
-3.42417e-06
-3.44898e-06
-3.49158e-06
-3.55119e-06
-3.62498e-06
-3.70804e-06
-3.79305e-06
-3.87026e-06
-3.92539e-06
-3.93453e-06
-3.86819e-06
-3.68661e-06
-3.37363e-06
-2.97232e-06
-2.47951e-06
-1.89335e-06
-1.24656e-06
-5.80066e-07
7.21336e-08
6.83323e-07
1.2274e-06
1.67935e-06
2.0197e-06
2.23583e-06
2.31511e-06
2.2548e-06
2.05991e-06
1.74016e-06
1.30831e-06
7.79767e-07
1.71888e-07
-4.97107e-07
-1.20953e-06
-1.94891e-06
-3.03622e-06
-3.07023e-06
-3.0974e-06
-3.11842e-06
-3.13403e-06
-3.14548e-06
-3.15463e-06
-3.16394e-06
-3.17622e-06
-3.19441e-06
-3.22134e-06
-3.25941e-06
-3.31039e-06
-3.37518e-06
-3.45331e-06
-3.54285e-06
-3.64e-06
-3.73814e-06
-3.82787e-06
-3.89619e-06
-3.92258e-06
-3.87977e-06
-3.73376e-06
-3.47711e-06
-3.13834e-06
-2.73086e-06
-2.26197e-06
-1.75306e-06
-1.23553e-06
-7.38742e-07
-2.8566e-07
1.04369e-07
4.16628e-07
6.38179e-07
7.56285e-07
7.62475e-07
6.57589e-07
4.47704e-07
1.40638e-07
-2.54402e-07
-7.26245e-07
-1.26209e-06
-1.84853e-06
-2.47258e-06
-3.12205e-06
-2.33597e-06
-2.40674e-06
-2.472e-06
-2.53276e-06
-2.59001e-06
-2.64483e-06
-2.69858e-06
-2.75298e-06
-2.80998e-06
-2.87173e-06
-2.94031e-06
-3.01754e-06
-3.10489e-06
-3.20303e-06
-3.31173e-06
-3.42977e-06
-3.55331e-06
-3.67847e-06
-3.79856e-06
-3.8967e-06
-3.95605e-06
-3.95898e-06
-3.87421e-06
-3.69724e-06
-3.44875e-06
-3.14758e-06
-2.80611e-06
-2.44021e-06
-2.0712e-06
-1.72136e-06
-1.4122e-06
-1.15885e-06
-9.68e-07
-8.46233e-07
-8.06579e-07
-8.54759e-07
-9.8807e-07
-1.2012e-06
-1.48893e-06
-1.84519e-06
-2.26213e-06
-2.73047e-06
-3.24059e-06
-3.7832e-06
-4.34947e-06
-1.4886e-06
-1.60361e-06
-1.71386e-06
-1.82075e-06
-1.92556e-06
-2.02945e-06
-2.13352e-06
-2.23906e-06
-2.34752e-06
-2.46043e-06
-2.5794e-06
-2.70573e-06
-2.84053e-06
-2.98454e-06
-3.13719e-06
-3.29775e-06
-3.46497e-06
-3.63106e-06
-3.79171e-06
-3.9436e-06
-4.06385e-06
-4.13406e-06
-4.1358e-06
-4.06255e-06
-3.92849e-06
-3.75062e-06
-3.54258e-06
-3.31777e-06
-3.09162e-06
-2.87897e-06
-2.69477e-06
-2.55052e-06
-2.45624e-06
-2.41556e-06
-2.43682e-06
-2.52177e-06
-2.66811e-06
-2.87356e-06
-3.1358e-06
-3.451e-06
-3.8135e-06
-4.21678e-06
-4.65423e-06
-5.11947e-06
-5.60629e-06
-4.72264e-07
-6.38825e-07
-8.02804e-07
-9.6505e-07
-1.12673e-06
-1.289e-06
-1.45291e-06
-1.61951e-06
-1.78993e-06
-1.96527e-06
-2.14668e-06
-2.33514e-06
-2.53146e-06
-2.73618e-06
-2.94897e-06
-3.16938e-06
-3.39606e-06
-3.62322e-06
-3.8472e-06
-4.06704e-06
-4.26661e-06
-4.42839e-06
-4.53816e-06
-4.58649e-06
-4.58128e-06
-4.53536e-06
-4.46157e-06
-4.37072e-06
-4.27397e-06
-4.1862e-06
-4.11551e-06
-4.06242e-06
-4.0334e-06
-4.04843e-06
-4.11055e-06
-4.21558e-06
-4.36179e-06
-4.55013e-06
-4.78067e-06
-5.05106e-06
-5.35742e-06
-5.69553e-06
-6.06131e-06
-6.45071e-06
-6.85948e-06
5.26262e-07
3.03814e-07
8.26717e-08
-1.38086e-07
-3.59605e-07
-5.82986e-07
-8.09221e-07
-1.03922e-06
-1.27385e-06
-1.51398e-06
-1.76045e-06
-2.01404e-06
-2.27538e-06
-2.54485e-06
-2.8224e-06
-3.1075e-06
-3.39885e-06
-3.69377e-06
-3.98933e-06
-4.28121e-06
-4.56089e-06
-4.81943e-06
-5.03757e-06
-5.20103e-06
-5.31352e-06
-5.38462e-06
-5.4246e-06
-5.44268e-06
-5.44764e-06
-5.44874e-06
-5.45075e-06
-5.47038e-06
-5.50728e-06
-5.56868e-06
-5.65539e-06
-5.76704e-06
-5.90555e-06
-6.07317e-06
-6.27035e-06
-6.49577e-06
-6.74741e-06
-7.02313e-06
-7.32074e-06
-7.63784e-06
-7.97176e-06
1.39114e-06
1.11606e-06
8.40528e-07
5.64027e-07
2.85684e-07
4.5409e-09
-2.80286e-07
-5.69555e-07
-8.63951e-07
-1.16413e-06
-1.47073e-06
-1.78434e-06
-2.10545e-06
-2.43432e-06
-2.77092e-06
-3.11478e-06
-3.46501e-06
-3.81973e-06
-4.17627e-06
-4.53151e-06
-4.88052e-06
-5.21689e-06
-5.51934e-06
-5.76991e-06
-5.96996e-06
-6.12712e-06
-6.24959e-06
-6.34633e-06
-6.426e-06
-6.49513e-06
-6.5623e-06
-6.62607e-06
-6.7026e-06
-6.79121e-06
-6.89134e-06
-7.00551e-06
-7.13677e-06
-7.28687e-06
-7.45623e-06
-7.64459e-06
-7.85147e-06
-8.07614e-06
-8.31762e-06
-8.57467e-06
-8.84581e-06
2.03678e-06
1.71694e-06
1.39545e-06
1.07195e-06
7.45745e-07
4.16097e-07
8.23348e-08
-2.56098e-07
-5.99695e-07
-9.48925e-07
-1.30425e-06
-1.66608e-06
-2.03472e-06
-2.4103e-06
-2.79273e-06
-3.18157e-06
-3.576e-06
-3.97462e-06
-4.37545e-06
-4.77593e-06
-5.1722e-06
-5.5594e-06
-5.91631e-06
-6.22322e-06
-6.48015e-06
-6.6938e-06
-6.87144e-06
-7.02077e-06
-7.14889e-06
-7.26123e-06
-7.36404e-06
-7.46246e-06
-7.56126e-06
-7.66193e-06
-7.7669e-06
-7.8794e-06
-8.00188e-06
-8.13574e-06
-8.28187e-06
-8.44091e-06
-8.61322e-06
-8.79881e-06
-8.99737e-06
-9.20839e-06
-9.43119e-06
2.50316e-06
2.14559e-06
1.78563e-06
1.423e-06
1.05718e-06
6.8769e-07
3.14093e-07
-6.39521e-08
-4.46751e-07
-8.34592e-07
-1.22775e-06
-1.62644e-06
-2.0308e-06
-2.44081e-06
-2.85626e-06
-3.2767e-06
-3.70138e-06
-4.1291e-06
-4.55821e-06
-4.98638e-06
-5.41059e-06
-5.82711e-06
-6.21543e-06
-6.55567e-06
-6.84753e-06
-7.09705e-06
-7.31048e-06
-7.49412e-06
-7.65385e-06
-7.79526e-06
-7.92342e-06
-8.04228e-06
-8.15472e-06
-8.26395e-06
-8.37316e-06
-8.48491e-06
-8.60116e-06
-8.72351e-06
-8.85336e-06
-8.99177e-06
-9.13952e-06
-9.29705e-06
-9.46458e-06
-9.64218e-06
-9.82976e-06
2.82311e-06
2.43472e-06
2.04352e-06
1.64931e-06
1.25181e-06
8.50741e-07
4.45924e-07
3.72133e-08
-3.75517e-07
-7.92376e-07
-1.21345e-06
-1.63879e-06
-2.06834e-06
-2.50193e-06
-2.93928e-06
-3.37984e-06
-3.82287e-06
-4.26726e-06
-4.71152e-06
-5.1537e-06
-5.59135e-06
-6.02135e-06
-6.42454e-06
-6.78217e-06
-7.09387e-06
-7.36503e-06
-7.60104e-06
-7.80702e-06
-7.98797e-06
-8.14894e-06
-8.29418e-06
-8.42667e-06
-8.5496e-06
-8.66626e-06
-8.77932e-06
-8.89103e-06
-9.00339e-06
-9.11826e-06
-9.2372e-06
-9.3615e-06
-9.49219e-06
-9.63008e-06
-9.7758e-06
-9.92979e-06
-1.00924e-05
3.03329e-06
2.62016e-06
2.20405e-06
1.78489e-06
1.3626e-06
9.37135e-07
5.08498e-07
7.67318e-08
-3.58122e-07
-7.96004e-07
-1.23684e-06
-1.68049e-06
-2.12676e-06
-2.57536e-06
-3.02587e-06
-3.47769e-06
-3.93007e-06
-4.38195e-06
-4.83202e-06
-5.27858e-06
-5.71959e-06
-6.15235e-06
-6.55952e-06
-6.92411e-06
-7.24575e-06
-7.52914e-06
-7.77892e-06
-7.99936e-06
-8.19449e-06
-8.3686e-06
-8.52559e-06
-8.66824e-06
-8.79946e-06
-8.92205e-06
-9.03846e-06
-9.15092e-06
-9.26151e-06
-9.37211e-06
-9.48435e-06
-9.59968e-06
-9.71931e-06
-9.84433e-06
-9.97562e-06
-1.01139e-05
-1.02599e-05
3.16496e-06
2.73213e-06
2.29636e-06
1.85774e-06
1.41634e-06
9.72322e-07
5.25854e-07
7.71304e-08
-3.73655e-07
-8.26296e-07
-1.28057e-06
-1.73618e-06
-2.19283e-06
-2.65008e-06
-3.10744e-06
-3.56425e-06
-4.01976e-06
-4.47294e-06
-4.92264e-06
-5.36734e-06
-5.8053e-06
-6.2342e-06
-6.6387e-06
-7.00381e-06
-7.32918e-06
-7.61875e-06
-7.87634e-06
-8.10568e-06
-8.31033e-06
-8.49368e-06
-8.65914e-06
-8.80935e-06
-8.94694e-06
-9.0744e-06
-9.19409e-06
-9.30818e-06
-9.41871e-06
-9.52753e-06
-9.63631e-06
-9.7466e-06
-9.85978e-06
-9.97707e-06
-1.00996e-05
-1.02282e-05
-1.03639e-05
3.2426e-06
2.79415e-06
2.34295e-06
1.88923e-06
1.43321e-06
9.75196e-07
5.15511e-07
5.44739e-08
-4.07594e-07
-8.70357e-07
-1.33346e-06
-1.79651e-06
-2.25906e-06
-2.72062e-06
-3.1806e-06
-3.63832e-06
-4.09301e-06
-4.54369e-06
-4.98931e-06
-5.42849e-06
-5.85979e-06
-6.28117e-06
-6.67928e-06
-7.04121e-06
-7.36648e-06
-7.65832e-06
-7.91993e-06
-8.15462e-06
-8.36547e-06
-8.55525e-06
-8.72687e-06
-8.8828e-06
-9.02546e-06
-9.15717e-06
-9.28013e-06
-9.39643e-06
-9.50802e-06
-9.61674e-06
-9.72431e-06
-9.83233e-06
-9.94227e-06
-1.00555e-05
-1.01732e-05
-1.02966e-05
-1.04266e-05
3.28468e-06
2.82377e-06
2.36039e-06
1.89488e-06
1.4276e-06
9.58979e-07
4.89456e-07
1.94573e-08
-4.50587e-07
-9.20234e-07
-1.38902e-06
-1.85645e-06
-2.32201e-06
-2.7851e-06
-3.24511e-06
-3.70131e-06
-4.15292e-06
-4.599e-06
-5.03859e-06
-5.47043e-06
-5.89331e-06
-6.30544e-06
-6.69535e-06
-7.05207e-06
-7.37497e-06
-7.66668e-06
-7.92996e-06
-8.16761e-06
-8.38221e-06
-8.57648e-06
-8.75265e-06
-8.91302e-06
-9.05981e-06
-9.19519e-06
-9.32123e-06
-9.43994e-06
-9.5532e-06
-9.66284e-06
-9.7706e-06
-9.87811e-06
-9.98691e-06
-1.00985e-05
-1.02141e-05
-1.03351e-05
-1.04625e-05
3.30428e-06
2.83329e-06
2.36014e-06
1.88527e-06
1.40917e-06
9.32361e-07
4.55376e-07
-2.12658e-08
-4.97041e-07
-9.71413e-07
-1.44383e-06
-1.91373e-06
-2.3805e-06
-2.8435e-06
-3.30207e-06
-3.75545e-06
-4.20287e-06
-4.64341e-06
-5.07617e-06
-5.5e-06
-5.91389e-06
-6.31623e-06
-6.69729e-06
-7.04782e-06
-7.36712e-06
-7.65729e-06
-7.92071e-06
-8.15978e-06
-8.37665e-06
-8.57394e-06
-8.75342e-06
-8.91723e-06
-9.06734e-06
-9.20579e-06
-9.33459e-06
-9.45564e-06
-9.57079e-06
-9.68185e-06
-9.79056e-06
-9.89858e-06
-1.00075e-05
-1.01189e-05
-1.02341e-05
-1.03546e-05
-1.04814e-05
3.31029e-06
2.83097e-06
2.34981e-06
1.86733e-06
1.38413e-06
9.00818e-07
4.18001e-07
-6.37214e-08
-5.43746e-07
-1.02146e-06
-1.49624e-06
-1.96745e-06
-2.43442e-06
-2.89647e-06
-3.35289e-06
-3.8029e-06
-4.24573e-06
-4.68049e-06
-5.10633e-06
-5.52219e-06
-5.92719e-06
-6.31988e-06
-6.69212e-06
-7.03618e-06
-7.35129e-06
-7.63914e-06
-7.90179e-06
-8.1413e-06
-8.35956e-06
-8.55876e-06
-8.74056e-06
-8.907e-06
-9.05972e-06
-9.20069e-06
-9.33184e-06
-9.45501e-06
-9.57201e-06
-9.68463e-06
-9.79461e-06
-9.90364e-06
-1.00134e-05
-1.01254e-05
-1.02412e-05
-1.03621e-05
-1.04896e-05
3.30855e-06
2.82217e-06
2.33426e-06
1.84543e-06
1.35635e-06
8.67707e-07
3.80168e-07
-1.05597e-07
-5.88916e-07
-1.06911e-06
-1.54549e-06
-2.01737e-06
-2.48403e-06
-2.94474e-06
-3.39876e-06
-3.8453e-06
-4.28358e-06
-4.71274e-06
-5.13195e-06
-5.54025e-06
-5.93686e-06
-6.32046e-06
-6.68428e-06
-7.02198e-06
-7.33273e-06
-7.61792e-06
-7.87929e-06
-8.11862e-06
-8.33759e-06
-8.538e-06
-8.72133e-06
-8.88978e-06
-9.04453e-06
-9.18749e-06
-9.32058e-06
-9.44556e-06
-9.56421e-06
-9.67831e-06
-9.78959e-06
-9.89979e-06
-1.00106e-05
-1.01236e-05
-1.02403e-05
-1.03624e-05
-1.0491e-05
3.30272e-06
2.81025e-06
2.31653e-06
1.82226e-06
1.32818e-06
8.35024e-07
3.43523e-07
-1.45592e-07
-6.31589e-07
-1.11373e-06
-1.59129e-06
-2.06351e-06
-2.52963e-06
-2.98891e-06
-3.44055e-06
-3.88377e-06
-4.31777e-06
-4.74172e-06
-5.15483e-06
-5.55617e-06
-5.94507e-06
-6.32031e-06
-6.67634e-06
-7.00801e-06
-7.31449e-06
-7.59692e-06
-7.85677e-06
-8.09556e-06
-8.31477e-06
-8.51591e-06
-8.70015e-06
-8.87014e-06
-9.02647e-06
-9.17096e-06
-9.30558e-06
-9.43203e-06
-9.55206e-06
-9.66743e-06
-9.7799e-06
-9.89121e-06
-1.00031e-05
-1.01171e-05
-1.0235e-05
-1.03583e-05
-1.04883e-05
3.29507e-06
2.79724e-06
2.29844e-06
1.79942e-06
1.30097e-06
8.03896e-07
3.08971e-07
-1.83019e-07
-6.71292e-07
-1.15507e-06
-1.63355e-06
-2.10597e-06
-2.57152e-06
-3.02941e-06
-3.47884e-06
-3.91901e-06
-4.34912e-06
-4.76836e-06
-5.17595e-06
-5.57101e-06
-5.95295e-06
-6.32064e-06
-6.66958e-06
-6.99568e-06
-7.29814e-06
-7.57787e-06
-7.83611e-06
-8.07415e-06
-8.29331e-06
-8.4947e-06
-8.67971e-06
-8.85072e-06
-9.00826e-06
-9.1539e-06
-9.28969e-06
-9.41728e-06
-9.53839e-06
-9.65479e-06
-9.76824e-06
-9.88049e-06
-9.99329e-06
-1.01083e-05
-1.02273e-05
-1.03518e-05
-1.04832e-05
3.28692e-06
2.78433e-06
2.281e-06
1.77776e-06
1.27545e-06
7.74908e-07
2.76958e-07
-2.17568e-07
-7.07841e-07
-1.19304e-06
-1.67233e-06
-2.14489e-06
-2.60991e-06
-3.06655e-06
-3.514e-06
-3.95145e-06
-4.37809e-06
-4.79312e-06
-5.19579e-06
-5.58528e-06
-5.96101e-06
-6.32194e-06
-6.6645e-06
-6.98553e-06
-7.28429e-06
-7.56148e-06
-7.81812e-06
-8.0553e-06
-8.2742e-06
-8.4755e-06
-8.66132e-06
-8.83291e-06
-8.99135e-06
-9.13781e-06
-9.27446e-06
-9.4029e-06
-9.52483e-06
-9.642e-06
-9.7562e-06
-9.8692e-06
-9.98277e-06
-1.00986e-05
-1.02185e-05
-1.0344e-05
-1.04767e-05
3.27901e-06
2.77215e-06
2.26478e-06
1.75777e-06
1.252e-06
7.48347e-07
2.47688e-07
-2.49109e-07
-7.41178e-07
-1.22766e-06
-1.70768e-06
-2.1804e-06
-2.64496e-06
-3.10051e-06
-3.54622e-06
-3.98127e-06
-4.40486e-06
-4.81619e-06
-5.21453e-06
-5.59908e-06
-5.96932e-06
-6.32427e-06
-6.66113e-06
-6.97762e-06
-7.27302e-06
-7.54787e-06
-7.80298e-06
-8.03929e-06
-8.25779e-06
-8.45891e-06
-8.64536e-06
-8.81734e-06
-8.97635e-06
-9.12341e-06
-9.26067e-06
-9.38971e-06
-9.51222e-06
-9.62995e-06
-9.74468e-06
-9.85822e-06
-9.97236e-06
-1.00889e-05
-1.02095e-05
-1.03359e-05
-1.04696e-05
3.27172e-06
2.76103e-06
2.25004e-06
1.73965e-06
1.23078e-06
7.24343e-07
2.21252e-07
-2.77591e-07
-7.71283e-07
-1.25893e-06
-1.73964e-06
-2.21253e-06
-2.67672e-06
-3.13135e-06
-3.57557e-06
-4.00854e-06
-4.42947e-06
-4.83757e-06
-5.23212e-06
-5.61235e-06
-5.97778e-06
-6.32746e-06
-6.65928e-06
-6.97172e-06
-7.26413e-06
-7.53686e-06
-7.79057e-06
-8.02602e-06
-8.2441e-06
-8.4451e-06
-8.63175e-06
-8.80411e-06
-8.96343e-06
-9.11096e-06
-9.24862e-06
-9.37807e-06
-9.50097e-06
-9.61906e-06
-9.73414e-06
-9.84803e-06
-9.96256e-06
-1.00795e-05
-1.02007e-05
-1.03278e-05
-1.04624e-05
3.26509e-06
2.75094e-06
2.23668e-06
1.72324e-06
1.21157e-06
7.02618e-07
1.97324e-07
-3.03377e-07
-7.98552e-07
-1.28728e-06
-1.76864e-06
-2.24172e-06
-2.70563e-06
-3.15948e-06
-3.60242e-06
-4.03359e-06
-4.45222e-06
-4.85749e-06
-5.24872e-06
-5.62516e-06
-5.98635e-06
-6.33136e-06
-6.65869e-06
-6.96751e-06
-7.25723e-06
-7.52805e-06
-7.78047e-06
-8.01513e-06
-8.2328e-06
-8.43373e-06
-8.62035e-06
-8.79299e-06
-8.9525e-06
-9.10034e-06
-9.23826e-06
-9.36795e-06
-9.49107e-06
-9.60936e-06
-9.72463e-06
-9.83872e-06
-9.95347e-06
-1.00707e-05
-1.01923e-05
-1.03199e-05
-1.04552e-05
3.25883e-06
2.74137e-06
2.22398e-06
1.70762e-06
1.19326e-06
6.819e-07
1.7449e-07
-3.28e-07
-8.24611e-07
-1.31439e-06
-1.7964e-06
-2.26971e-06
-2.7334e-06
-3.18657e-06
-3.62835e-06
-4.05789e-06
-4.47439e-06
-4.87706e-06
-5.26522e-06
-5.63815e-06
-5.9954e-06
-6.33606e-06
-6.65918e-06
-6.96458e-06
-7.25176e-06
-7.52077e-06
-7.77196e-06
-8.00585e-06
-8.22309e-06
-8.42391e-06
-8.61048e-06
-8.78325e-06
-8.94291e-06
-9.09092e-06
-9.22897e-06
-9.35878e-06
-9.48199e-06
-9.60035e-06
-9.71568e-06
-9.82984e-06
-9.94469e-06
-1.00621e-05
-1.01839e-05
-1.03119e-05
-1.04478e-05
3.2531e-06
2.73247e-06
2.21204e-06
1.69282e-06
1.17583e-06
6.62075e-07
1.52561e-07
-3.51718e-07
-8.49774e-07
-1.34063e-06
-1.82331e-06
-2.29687e-06
-2.76037e-06
-3.2129e-06
-3.65357e-06
-4.08153e-06
-4.49598e-06
-4.89615e-06
-5.28138e-06
-5.65096e-06
-6.00449e-06
-6.34108e-06
-6.66032e-06
-6.96267e-06
-7.24754e-06
-7.51483e-06
-7.76481e-06
-7.99787e-06
-8.2146e-06
-8.41504e-06
-8.60156e-06
-8.77437e-06
-8.93412e-06
-9.08223e-06
-9.22051e-06
-9.35046e-06
-9.47374e-06
-9.59213e-06
-9.70747e-06
-9.82163e-06
-9.93651e-06
-1.0054e-05
-1.0176e-05
-1.03043e-05
-1.04406e-05
-6.73571e-06
-1.17152e-05
-1.15432e-05
-1.14437e-05
-1.1734e-05
-1.22701e-05
-1.29916e-05
-1.38627e-05
-1.48649e-05
-1.59895e-05
-1.72327e-05
-1.85928e-05
-2.00687e-05
-2.16582e-05
-2.3354e-05
-2.79234e-06
-8.09825e-06
-9.68396e-06
-1.05177e-05
-1.12448e-05
-1.19912e-05
-1.28233e-05
-1.37584e-05
-1.47993e-05
-1.59478e-05
-1.72056e-05
-1.85739e-05
-2.00536e-05
-2.16439e-05
-2.33383e-05
-2.18928e-07
-5.5245e-06
-8.15292e-06
-9.63619e-06
-1.07332e-05
-1.16912e-05
-1.26426e-05
-1.36474e-05
-1.47306e-05
-1.5905e-05
-1.71783e-05
-1.85553e-05
-2.00388e-05
-2.16296e-05
-2.33223e-05
1.05527e-06
-3.7665e-06
-6.84472e-06
-8.78104e-06
-1.01963e-05
-1.13659e-05
-1.24467e-05
-1.35292e-05
-1.46594e-05
-1.58622e-05
-1.7152e-05
-1.8538e-05
-2.00254e-05
-2.16164e-05
-2.33069e-05
1.73733e-06
-2.34809e-06
-5.54625e-06
-7.83993e-06
-9.56804e-06
-1.09692e-05
-1.22044e-05
-1.33838e-05
-1.45735e-05
-1.5812e-05
-1.71225e-05
-1.85195e-05
-2.00116e-05
-2.1603e-05
-2.32909e-05
2.19802e-06
-1.25161e-06
-4.33678e-06
-6.83873e-06
-8.83677e-06
-1.04751e-05
-1.18885e-05
-1.31895e-05
-1.44575e-05
-1.57444e-05
-1.70834e-05
-1.84959e-05
-1.99948e-05
-2.15874e-05
-2.32727e-05
2.43353e-06
-4.85412e-07
-3.33145e-06
-5.8751e-06
-8.04836e-06
-9.89141e-06
-1.14873e-05
-1.29286e-05
-1.4295e-05
-1.56464e-05
-1.70254e-05
-1.84606e-05
-1.99706e-05
-2.15665e-05
-2.32501e-05
2.43491e-06
-4.18176e-08
-2.59491e-06
-5.04721e-06
-7.28092e-06
-9.26132e-06
-1.10139e-05
-1.25962e-05
-1.40734e-05
-1.55045e-05
-1.69364e-05
-1.84041e-05
-1.99317e-05
-2.15347e-05
-2.32183e-05
2.23593e-06
1.21101e-07
-2.13634e-06
-4.41822e-06
-6.61209e-06
-8.64795e-06
-1.05065e-05
-1.22077e-05
-1.37931e-05
-1.53109e-05
-1.68059e-05
-1.83157e-05
-1.98685e-05
-2.14837e-05
-2.31703e-05
1.87323e-06
5.23796e-08
-1.93318e-06
-4.01142e-06
-6.09578e-06
-8.11154e-06
-1.00147e-05
-1.1795e-05
-1.34691e-05
-1.50682e-05
-1.66292e-05
-1.8187e-05
-1.9771e-05
-2.14035e-05
-2.30964e-05
1.37475e-06
-2.05997e-07
-1.95176e-06
-3.82181e-06
-5.75724e-06
-7.69486e-06
-9.58385e-06
-1.13959e-05
-1.31265e-05
-1.47893e-05
-1.6409e-05
-1.80141e-05
-1.96316e-05
-2.1284e-05
-2.29854e-05
7.58339e-07
-6.23462e-07
-2.16047e-06
-3.83177e-06
-5.60089e-06
-7.42145e-06
-9.24757e-06
-1.10442e-05
-1.27928e-05
-1.44922e-05
-1.6154e-05
-1.77976e-05
-1.94449e-05
-2.11162e-05
-2.28255e-05
3.43007e-08
-1.17975e-06
-2.53478e-06
-4.02193e-06
-5.62083e-06
-7.30106e-06
-9.02719e-06
-1.0766e-05
-1.2493e-05
-1.4196e-05
-1.58755e-05
-1.75411e-05
-1.92076e-05
-2.08911e-05
-2.26039e-05
-7.90834e-07
-1.86094e-06
-3.05625e-06
-4.37487e-06
-5.80709e-06
-7.33517e-06
-8.93512e-06
-1.05805e-05
-1.22471e-05
-1.39179e-05
-1.55847e-05
-1.72485e-05
-1.89165e-05
-2.05992e-05
-2.23057e-05
-1.71088e-06
-2.65547e-06
-3.70929e-06
-4.87422e-06
-6.1471e-06
-7.51915e-06
-8.97622e-06
-1.05002e-05
-1.20716e-05
-1.3673e-05
-1.52924e-05
-1.6924e-05
-1.85685e-05
-2.02302e-05
-2.19142e-05
-2.71733e-06
-3.55066e-06
-4.47778e-06
-5.50228e-06
-6.62465e-06
-7.84183e-06
-9.14697e-06
-1.05296e-05
-1.19763e-05
-1.34734e-05
-1.50083e-05
-1.65724e-05
-1.81613e-05
-1.97744e-05
-2.14126e-05
-3.79888e-06
-4.53141e-06
-5.34314e-06
-6.23812e-06
-7.21852e-06
-8.28455e-06
-9.43409e-06
-1.06624e-05
-1.19622e-05
-1.33244e-05
-1.47392e-05
-1.61981e-05
-1.76947e-05
-1.92251e-05
-2.0787e-05
-4.94098e-06
-5.57946e-06
-6.28346e-06
-7.05677e-06
-7.90209e-06
-8.82112e-06
-9.81443e-06
-1.08811e-05
-1.20184e-05
-1.32217e-05
-1.44855e-05
-1.58034e-05
-1.71698e-05
-1.858e-05
-2.00303e-05
-6.11584e-06
-6.66416e-06
-7.26524e-06
-7.92224e-06
-8.63769e-06
-9.41373e-06
-1.02521e-05
-1.11541e-05
-1.21198e-05
-1.31484e-05
-1.42379e-05
-1.53855e-05
-1.6588e-05
-1.78422e-05
-1.91451e-05
-7.28824e-06
-7.74799e-06
-8.24864e-06
-8.79264e-06
-9.38206e-06
-1.00189e-05
-1.07054e-05
-1.14434e-05
-1.22349e-05
-1.30812e-05
-1.39834e-05
-1.49416e-05
-1.59562e-05
-1.70266e-05
-1.81523e-05
-8.32319e-06
-8.69962e-06
-9.10743e-06
-9.54807e-06
-1.0023e-05
-1.0534e-05
-1.10831e-05
-1.16724e-05
-1.23045e-05
-1.29817e-05
-1.37068e-05
-1.44824e-05
-1.53112e-05
-1.61963e-05
-1.71401e-05
-9.13169e-06
-9.43707e-06
-9.76608e-06
-1.012e-05
-1.05001e-05
-1.09081e-05
-1.13458e-05
-1.18153e-05
-1.23193e-05
-1.28606e-05
-1.34427e-05
-1.40694e-05
-1.47454e-05
-1.54757e-05
-1.62658e-05
-9.6666e-06
-9.91815e-06
-1.01886e-05
-1.0479e-05
-1.07904e-05
-1.11244e-05
-1.14828e-05
-1.18676e-05
-1.22815e-05
-1.27274e-05
-1.3209e-05
-1.37309e-05
-1.42983e-05
-1.49178e-05
-1.55961e-05
-1.00283e-05
-1.02404e-05
-1.04681e-05
-1.07125e-05
-1.09748e-05
-1.12564e-05
-1.1559e-05
-1.18848e-05
-1.22363e-05
-1.26164e-05
-1.30289e-05
-1.34784e-05
-1.39705e-05
-1.45118e-05
-1.51097e-05
-1.02647e-05
-1.04488e-05
-1.06466e-05
-1.0859e-05
-1.10874e-05
-1.13332e-05
-1.15982e-05
-1.18843e-05
-1.21941e-05
-1.25304e-05
-1.28969e-05
-1.3298e-05
-1.3739e-05
-1.42265e-05
-1.47676e-05
-1.04147e-05
-1.05802e-05
-1.07582e-05
-1.09496e-05
-1.1156e-05
-1.13787e-05
-1.16195e-05
-1.18803e-05
-1.21634e-05
-1.24718e-05
-1.28086e-05
-1.31781e-05
-1.35852e-05
-1.40359e-05
-1.45368e-05
-1.05079e-05
-1.0662e-05
-1.08278e-05
-1.10065e-05
-1.11995e-05
-1.14083e-05
-1.16345e-05
-1.18801e-05
-1.21472e-05
-1.24385e-05
-1.27569e-05
-1.31063e-05
-1.34911e-05
-1.39167e-05
-1.43888e-05
-1.05646e-05
-1.07124e-05
-1.08715e-05
-1.10432e-05
-1.12289e-05
-1.14302e-05
-1.16485e-05
-1.18858e-05
-1.21439e-05
-1.24254e-05
-1.2733e-05
-1.30698e-05
-1.344e-05
-1.38481e-05
-1.42991e-05
-1.05979e-05
-1.07429e-05
-1.0899e-05
-1.10677e-05
-1.12502e-05
-1.14482e-05
-1.1663e-05
-1.18964e-05
-1.21503e-05
-1.24267e-05
-1.27281e-05
-1.30574e-05
-1.34179e-05
-1.38137e-05
-1.42489e-05
-1.06163e-05
-1.07607e-05
-1.09163e-05
-1.10843e-05
-1.12663e-05
-1.14637e-05
-1.16777e-05
-1.19101e-05
-1.21625e-05
-1.24367e-05
-1.2735e-05
-1.30598e-05
-1.34139e-05
-1.38007e-05
-1.42236e-05
-1.06251e-05
-1.07703e-05
-1.09267e-05
-1.10957e-05
-1.12787e-05
-1.14769e-05
-1.16918e-05
-1.19248e-05
-1.21774e-05
-1.24513e-05
-1.27483e-05
-1.30704e-05
-1.34201e-05
-1.38001e-05
-1.42133e-05
-1.06279e-05
-1.07745e-05
-1.09325e-05
-1.11032e-05
-1.12879e-05
-1.14879e-05
-1.17045e-05
-1.19391e-05
-1.21928e-05
-1.24672e-05
-1.27639e-05
-1.30845e-05
-1.34311e-05
-1.38058e-05
-1.42109e-05
-1.06268e-05
-1.07751e-05
-1.0935e-05
-1.11077e-05
-1.12945e-05
-1.14967e-05
-1.17153e-05
-1.19518e-05
-1.22071e-05
-1.24826e-05
-1.27795e-05
-1.30993e-05
-1.34435e-05
-1.38139e-05
-1.42123e-05
-1.06232e-05
-1.07734e-05
-1.09351e-05
-1.11099e-05
-1.12988e-05
-1.15032e-05
-1.1724e-05
-1.19624e-05
-1.22195e-05
-1.24962e-05
-1.27937e-05
-1.3113e-05
-1.34554e-05
-1.38223e-05
-1.4215e-05
-1.06182e-05
-1.077e-05
-1.09335e-05
-1.11102e-05
-1.13012e-05
-1.15076e-05
-1.17306e-05
-1.19709e-05
-1.22297e-05
-1.25077e-05
-1.28058e-05
-1.31249e-05
-1.34659e-05
-1.38297e-05
-1.42174e-05
-1.06124e-05
-1.07656e-05
-1.09308e-05
-1.11092e-05
-1.1302e-05
-1.15104e-05
-1.17352e-05
-1.19774e-05
-1.22377e-05
-1.25169e-05
-1.28157e-05
-1.31347e-05
-1.34744e-05
-1.38357e-05
-1.42191e-05
-1.06062e-05
-1.07607e-05
-1.09272e-05
-1.11072e-05
-1.13016e-05
-1.15117e-05
-1.17382e-05
-1.1982e-05
-1.22438e-05
-1.25241e-05
-1.28235e-05
-1.31424e-05
-1.34812e-05
-1.38402e-05
-1.42199e-05
-1.05999e-05
-1.07554e-05
-1.09231e-05
-1.11044e-05
-1.13003e-05
-1.15119e-05
-1.17399e-05
-1.19852e-05
-1.22483e-05
-1.25296e-05
-1.28295e-05
-1.31484e-05
-1.34863e-05
-1.38434e-05
-1.42197e-05
-1.05932e-05
-1.07496e-05
-1.09184e-05
-1.11009e-05
-1.12981e-05
-1.15111e-05
-1.17405e-05
-1.19872e-05
-1.22515e-05
-1.25338e-05
-1.28343e-05
-1.31531e-05
-1.34902e-05
-1.38455e-05
-1.42187e-05
-1.05866e-05
-1.07438e-05
-1.09136e-05
-1.10971e-05
-1.12955e-05
-1.15097e-05
-1.17404e-05
-1.19883e-05
-1.22537e-05
-1.25368e-05
-1.28379e-05
-1.31567e-05
-1.34931e-05
-1.38468e-05
-1.42171e-05
-2.21541e-06
-2.21787e-06
-2.22054e-06
-2.22323e-06
-2.22542e-06
-2.22665e-06
-2.22651e-06
-2.22471e-06
-2.22108e-06
-2.2155e-06
-2.20797e-06
-2.19849e-06
-2.18707e-06
-2.17371e-06
-2.15831e-06
-2.14067e-06
-2.12042e-06
-2.0969e-06
-2.0691e-06
-2.03541e-06
-1.99359e-06
-1.9407e-06
-1.87119e-06
-1.77867e-06
-1.65801e-06
-1.50437e-06
-1.31345e-06
-1.08259e-06
-8.1225e-07
-5.05934e-07
-1.65647e-07
2.02522e-07
5.77297e-07
9.40956e-07
1.2756e-06
1.56479e-06
1.79574e-06
1.96031e-06
2.05789e-06
2.09574e-06
2.08766e-06
2.05132e-06
2.00452e-06
1.96612e-06
1.9484e-06
-2.20923e-06
-2.21257e-06
-2.21508e-06
-2.21689e-06
-2.21777e-06
-2.21739e-06
-2.21544e-06
-2.21169e-06
-2.20592e-06
-2.19795e-06
-2.18762e-06
-2.17478e-06
-2.15928e-06
-2.14096e-06
-2.11958e-06
-2.09486e-06
-2.06637e-06
-2.03346e-06
-1.99514e-06
-1.94986e-06
-1.89533e-06
-1.82823e-06
-1.74381e-06
-1.6381e-06
-1.50735e-06
-1.34745e-06
-1.15486e-06
-9.27576e-07
-6.65504e-07
-3.70638e-07
-4.93154e-08
2.84133e-07
6.19109e-07
9.42833e-07
1.24006e-06
1.4958e-06
1.69825e-06
1.84247e-06
1.9304e-06
1.97001e-06
1.97343e-06
1.95425e-06
1.92493e-06
1.89463e-06
1.8694e-06
-2.20343e-06
-2.20912e-06
-2.21293e-06
-2.21545e-06
-2.21671e-06
-2.21644e-06
-2.21441e-06
-2.21041e-06
-2.20425e-06
-2.19575e-06
-2.18472e-06
-2.17098e-06
-2.15433e-06
-2.13457e-06
-2.11149e-06
-2.08488e-06
-2.05448e-06
-2.01999e-06
-1.98097e-06
-1.93665e-06
-1.88573e-06
-1.82577e-06
-1.75281e-06
-1.66301e-06
-1.55131e-06
-1.41156e-06
-1.23811e-06
-1.02708e-06
-7.77259e-07
-4.90506e-07
-1.71615e-07
1.67697e-07
5.1306e-07
8.48702e-07
1.1578e-06
1.42478e-06
1.63784e-06
1.79117e-06
1.88583e-06
1.92908e-06
1.93248e-06
1.90939e-06
1.87232e-06
1.8287e-06
1.77909e-06
-2.19861e-06
-2.2075e-06
-2.21331e-06
-2.21717e-06
-2.21947e-06
-2.22002e-06
-2.21863e-06
-2.21515e-06
-2.20943e-06
-2.20128e-06
-2.19055e-06
-2.17704e-06
-2.16058e-06
-2.14103e-06
-2.11829e-06
-2.0924e-06
-2.06354e-06
-2.03212e-06
-1.99878e-06
-1.96425e-06
-1.92914e-06
-1.89274e-06
-1.85121e-06
-1.7984e-06
-1.72586e-06
-1.62343e-06
-1.48171e-06
-1.29455e-06
-1.05945e-06
-7.78171e-07
-4.56165e-07
-1.04158e-07
2.62542e-07
6.26282e-07
9.68058e-07
1.26975e-06
1.51673e-06
1.70017e-06
1.81843e-06
1.87686e-06
1.88619e-06
1.86032e-06
1.81338e-06
1.7533e-06
1.67864e-06
-2.19692e-06
-2.20924e-06
-2.21731e-06
-2.22287e-06
-2.22663e-06
-2.2285e-06
-2.22834e-06
-2.22607e-06
-2.22156e-06
-2.2147e-06
-2.20531e-06
-2.19325e-06
-2.17839e-06
-2.1607e-06
-2.1403e-06
-2.11758e-06
-2.09339e-06
-2.06918e-06
-2.04713e-06
-2.03018e-06
-2.02163e-06
-2.02348e-06
-2.03155e-06
-2.03477e-06
-2.01903e-06
-1.96825e-06
-1.86862e-06
-1.71321e-06
-1.49874e-06
-1.22619e-06
-8.99814e-07
-5.31159e-07
-1.35165e-07
2.69103e-07
6.60309e-07
1.0169e-06
1.31972e-06
1.55486e-06
1.71582e-06
1.80436e-06
1.82965e-06
1.80638e-06
1.75143e-06
1.67465e-06
1.57408e-06
-2.19994e-06
-2.21552e-06
-2.22586e-06
-2.23326e-06
-2.23873e-06
-2.24225e-06
-2.24375e-06
-2.24322e-06
-2.2406e-06
-2.23577e-06
-2.22864e-06
-2.21907e-06
-2.20704e-06
-2.19263e-06
-2.17621e-06
-2.15865e-06
-2.14155e-06
-2.12763e-06
-2.12098e-06
-2.12719e-06
-2.15288e-06
-2.20343e-06
-2.27382e-06
-2.34526e-06
-2.39561e-06
-2.40303e-06
-2.35318e-06
-2.23711e-06
-2.04915e-06
-1.7902e-06
-1.46199e-06
-1.07621e-06
-6.48327e-07
-1.97882e-07
2.52158e-07
6.76833e-07
1.0517e-06
1.35617e-06
1.57692e-06
1.71023e-06
1.76246e-06
1.74883e-06
1.68946e-06
1.59695e-06
1.46937e-06
-2.20859e-06
-2.22706e-06
-2.23954e-06
-2.24877e-06
-2.25604e-06
-2.26139e-06
-2.26483e-06
-2.26639e-06
-2.26608e-06
-2.26383e-06
-2.25957e-06
-2.25322e-06
-2.24482e-06
-2.23459e-06
-2.22316e-06
-2.21185e-06
-2.20308e-06
-2.20088e-06
-2.21144e-06
-2.24328e-06
-2.30648e-06
-2.41014e-06
-2.5479e-06
-2.6909e-06
-2.809e-06
-2.88043e-06
-2.88873e-06
-2.81691e-06
-2.65603e-06
-2.40578e-06
-2.07688e-06
-1.67783e-06
-1.2222e-06
-7.2847e-07
-2.19871e-07
2.76236e-07
7.30428e-07
1.11485e-06
1.40784e-06
1.59836e-06
1.68822e-06
1.69209e-06
1.63311e-06
1.52683e-06
1.37171e-06
-2.22321e-06
-2.24416e-06
-2.25856e-06
-2.26956e-06
-2.27863e-06
-2.28588e-06
-2.29137e-06
-2.29521e-06
-2.29745e-06
-2.29806e-06
-2.29701e-06
-2.29425e-06
-2.28988e-06
-2.28422e-06
-2.27812e-06
-2.27331e-06
-2.27294e-06
-2.28232e-06
-2.30975e-06
-2.36675e-06
-2.46678e-06
-2.6227e-06
-2.82737e-06
-3.04201e-06
-3.22884e-06
-3.35972e-06
-3.41198e-06
-3.37152e-06
-3.23341e-06
-2.99857e-06
-2.67412e-06
-2.26838e-06
-1.79341e-06
-1.26563e-06
-7.06993e-07
-1.45546e-07
3.85691e-07
8.52171e-07
1.22339e-06
1.47949e-06
1.61584e-06
1.64487e-06
1.59172e-06
1.47464e-06
1.29257e-06
-2.24369e-06
-2.26675e-06
-2.28287e-06
-2.29551e-06
-2.30633e-06
-2.31545e-06
-2.323e-06
-2.32914e-06
-2.33398e-06
-2.33753e-06
-2.33976e-06
-2.34067e-06
-2.34036e-06
-2.33923e-06
-2.33827e-06
-2.33953e-06
-2.34677e-06
-2.36641e-06
-2.40871e-06
-2.48829e-06
-2.62124e-06
-2.82388e-06
-3.08917e-06
-3.36734e-06
-3.61192e-06
-3.78956e-06
-3.87663e-06
-3.86119e-06
-3.74055e-06
-3.51711e-06
-3.19777e-06
-2.79022e-06
-2.30448e-06
-1.75404e-06
-1.15821e-06
-5.43861e-07
5.44476e-08
5.97155e-07
1.04544e-06
1.37021e-06
1.55881e-06
1.61945e-06
1.57772e-06
1.45368e-06
1.24675e-06
-2.26961e-06
-2.29451e-06
-2.31217e-06
-2.32634e-06
-2.3388e-06
-2.3497e-06
-2.3592e-06
-2.36755e-06
-2.37489e-06
-2.38125e-06
-2.38663e-06
-2.39103e-06
-2.39454e-06
-2.39759e-06
-2.40122e-06
-2.40768e-06
-2.42119e-06
-2.44904e-06
-2.50316e-06
-2.60149e-06
-2.76153e-06
-3.00265e-06
-3.31862e-06
-3.64872e-06
-3.93766e-06
-4.14889e-06
-4.25904e-06
-4.25824e-06
-4.14631e-06
-3.92828e-06
-3.61174e-06
-3.20405e-06
-2.71322e-06
-2.14968e-06
-1.52932e-06
-8.76458e-07
-2.25079e-07
3.82529e-07
9.0053e-07
1.29167e-06
1.53445e-06
1.63113e-06
1.60589e-06
1.4794e-06
1.25116e-06
-2.30042e-06
-2.32701e-06
-2.34606e-06
-2.36164e-06
-2.3756e-06
-2.38813e-06
-2.39942e-06
-2.40977e-06
-2.41936e-06
-2.42827e-06
-2.43649e-06
-2.44402e-06
-2.45092e-06
-2.45758e-06
-2.46504e-06
-2.47562e-06
-2.49383e-06
-2.52756e-06
-2.5898e-06
-2.70142e-06
-2.88255e-06
-3.15564e-06
-3.5093e-06
-3.87862e-06
-4.19826e-06
-4.42962e-06
-4.55009e-06
-4.55242e-06
-4.43956e-06
-4.21934e-06
-3.90057e-06
-3.49062e-06
-2.99602e-06
-2.42454e-06
-1.78873e-06
-1.10965e-06
-4.19127e-07
2.40107e-07
8.16093e-07
1.26703e-06
1.56242e-06
1.69722e-06
1.69249e-06
1.56828e-06
1.32347e-06
-2.33555e-06
-2.36375e-06
-2.38409e-06
-2.40098e-06
-2.41631e-06
-2.43027e-06
-2.4431e-06
-2.45515e-06
-2.46665e-06
-2.47772e-06
-2.48836e-06
-2.49853e-06
-2.50827e-06
-2.51788e-06
-2.52834e-06
-2.54194e-06
-2.56331e-06
-2.60075e-06
-2.66793e-06
-2.78657e-06
-2.98301e-06
-3.28065e-06
-3.66162e-06
-4.0568e-06
-4.39419e-06
-4.63316e-06
-4.75224e-06
-4.74705e-06
-4.62377e-06
-4.39294e-06
-4.06484e-06
-3.64726e-06
-3.1459e-06
-2.56663e-06
-1.91932e-06
-1.22189e-06
-5.03026e-07
1.96319e-07
8.17078e-07
1.31877e-06
1.66271e-06
1.83552e-06
1.85406e-06
1.73661e-06
1.48059e-06
-2.37444e-06
-2.40431e-06
-2.42589e-06
-2.44397e-06
-2.46052e-06
-2.47567e-06
-2.48974e-06
-2.50313e-06
-2.51613e-06
-2.52888e-06
-2.54142e-06
-2.55368e-06
-2.56564e-06
-2.57752e-06
-2.59017e-06
-2.60578e-06
-2.62893e-06
-2.66821e-06
-2.73778e-06
-2.85895e-06
-3.06636e-06
-3.37808e-06
-3.7772e-06
-4.18739e-06
-4.53142e-06
-4.76726e-06
-4.87505e-06
-4.85316e-06
-4.71075e-06
-4.46083e-06
-4.11525e-06
-3.68248e-06
-3.16804e-06
-2.57685e-06
-1.91701e-06
-1.20413e-06
-4.64142e-07
2.66427e-07
9.25853e-07
1.46738e-06
1.85378e-06
2.06274e-06
2.10595e-06
1.99921e-06
1.73739e-06
-2.4167e-06
-2.44833e-06
-2.47114e-06
-2.49034e-06
-2.50791e-06
-2.52401e-06
-2.53897e-06
-2.55327e-06
-2.56727e-06
-2.58117e-06
-2.59503e-06
-2.60879e-06
-2.62235e-06
-2.63583e-06
-2.64994e-06
-2.6667e-06
-2.69055e-06
-2.73013e-06
-2.80011e-06
-2.9224e-06
-3.13337e-06
-3.45164e-06
-3.86115e-06
-4.27729e-06
-4.61879e-06
-4.84287e-06
-4.93132e-06
-4.88509e-06
-4.71588e-06
-4.43888e-06
-4.06741e-06
-3.6108e-06
-3.07492e-06
-2.46454e-06
-1.787e-06
-1.05628e-06
-2.96818e-07
4.56294e-07
1.15281e-06
1.72891e-06
2.15067e-06
2.39273e-06
2.46108e-06
2.36843e-06
2.10575e-06
-2.46205e-06
-2.49562e-06
-2.51968e-06
-2.53989e-06
-2.5583e-06
-2.57502e-06
-2.59047e-06
-2.6052e-06
-2.61967e-06
-2.63414e-06
-2.64872e-06
-2.66336e-06
-2.67792e-06
-2.69239e-06
-2.70735e-06
-2.72459e-06
-2.74833e-06
-2.7871e-06
-2.8559e-06
-2.97746e-06
-3.18693e-06
-3.507e-06
-3.91983e-06
-4.33436e-06
-4.66605e-06
-4.87169e-06
-4.93445e-06
-4.85762e-06
-4.65508e-06
-4.34379e-06
-3.93832e-06
-3.44896e-06
-2.88231e-06
-2.24369e-06
-1.5405e-06
-7.85789e-07
-3.53881e-09
7.71884e-07
1.50066e-06
2.10981e-06
2.56249e-06
2.83547e-06
2.92914e-06
2.85346e-06
2.59407e-06
-2.51041e-06
-2.54612e-06
-2.57144e-06
-2.59256e-06
-2.61158e-06
-2.62859e-06
-2.64406e-06
-2.65868e-06
-2.67301e-06
-2.68742e-06
-2.7021e-06
-2.71703e-06
-2.73205e-06
-2.74697e-06
-2.7623e-06
-2.77955e-06
-2.80266e-06
-2.83993e-06
-2.90639e-06
-3.02525e-06
-3.23094e-06
-3.54884e-06
-3.95939e-06
-4.3663e-06
-4.68253e-06
-4.86448e-06
-4.89677e-06
-4.7844e-06
-4.54308e-06
-4.19114e-06
-3.74421e-06
-3.21352e-06
-2.60665e-06
-1.92986e-06
-1.19123e-06
-4.04273e-07
4.0776e-07
1.21057e-06
1.96938e-06
2.61029e-06
3.09521e-06
3.3979e-06
3.51657e-06
3.46043e-06
3.20718e-06
-2.56185e-06
-2.59994e-06
-2.62655e-06
-2.64845e-06
-2.66779e-06
-2.68465e-06
-2.69962e-06
-2.71351e-06
-2.72703e-06
-2.74072e-06
-2.75486e-06
-2.76953e-06
-2.78453e-06
-2.79946e-06
-2.8148e-06
-2.83181e-06
-2.85403e-06
-2.88946e-06
-2.95297e-06
-3.06791e-06
-3.26838e-06
-3.58127e-06
-3.98515e-06
-4.3798e-06
-4.67635e-06
-4.83099e-06
-4.82907e-06
-4.67725e-06
-4.39261e-06
-3.99455e-06
-3.49949e-06
-2.91956e-06
-2.2634e-06
-1.53849e-06
-7.54135e-07
7.52468e-08
9.26762e-07
1.76727e-06
2.55332e-06
3.22869e-06
3.74792e-06
4.08209e-06
4.226e-06
4.19326e-06
3.94617e-06
-2.61663e-06
-2.65732e-06
-2.68524e-06
-2.70774e-06
-2.72705e-06
-2.74325e-06
-2.75707e-06
-2.76952e-06
-2.78152e-06
-2.79378e-06
-2.80673e-06
-2.8206e-06
-2.83521e-06
-2.84981e-06
-2.86495e-06
-2.88163e-06
-2.90294e-06
-2.93651e-06
-2.99691e-06
-3.10736e-06
-3.3017e-06
-3.60743e-06
-4.00175e-06
-4.38084e-06
-4.65456e-06
-4.77907e-06
-4.74013e-06
-4.54585e-06
-4.21423e-06
-3.7654e-06
-3.21643e-06
-2.58017e-06
-1.86633e-06
-1.08376e-06
-2.4329e-07
6.39267e-07
1.54023e-06
2.42588e-06
3.2515e-06
3.96465e-06
4.51768e-06
4.88594e-06
5.05635e-06
5.05403e-06
4.81071e-06
-2.67515e-06
-2.71869e-06
-2.74792e-06
-2.77077e-06
-2.78958e-06
-2.80449e-06
-2.81639e-06
-2.82658e-06
-2.83624e-06
-2.84631e-06
-2.85741e-06
-2.86994e-06
-2.88383e-06
-2.89804e-06
-2.91283e-06
-2.92927e-06
-2.94985e-06
-2.98179e-06
-3.03925e-06
-3.14511e-06
-3.33289e-06
-3.63014e-06
-4.01286e-06
-4.37405e-06
-4.62268e-06
-4.71487e-06
-4.6369e-06
-4.39771e-06
-4.01633e-06
-3.51293e-06
-2.90511e-06
-2.20633e-06
-1.42727e-06
-5.78172e-07
3.28433e-07
1.27498e-06
2.23624e-06
3.17725e-06
4.05282e-06
4.81062e-06
5.40148e-06
5.80686e-06
6.01007e-06
6.02648e-06
5.80653e-06
-2.73801e-06
-2.78463e-06
-2.81512e-06
-2.83796e-06
-2.85567e-06
-2.86847e-06
-2.87753e-06
-2.88449e-06
-2.8909e-06
-2.898e-06
-2.90661e-06
-2.91741e-06
-2.93014e-06
-2.94385e-06
-2.95854e-06
-2.97492e-06
-2.99512e-06
-3.02584e-06
-3.08072e-06
-3.18231e-06
-3.36346e-06
-3.65155e-06
-4.02122e-06
-4.36288e-06
-4.58482e-06
-4.64316e-06
-4.52473e-06
-4.23908e-06
-3.80547e-06
-3.24442e-06
-2.57366e-06
-1.80709e-06
-9.56222e-07
-3.26133e-08
9.49467e-07
1.97045e-06
3.00308e-06
4.01051e-06
4.94634e-06
5.7578e-06
6.39382e-06
6.83699e-06
7.07344e-06
7.10911e-06
6.92671e-06
-2.80593e-06
-2.8559e-06
-2.88753e-06
-2.90986e-06
-2.92567e-06
-2.93534e-06
-2.94043e-06
-2.94303e-06
-2.94516e-06
-2.94845e-06
-2.95399e-06
-2.9626e-06
-2.97385e-06
-2.98709e-06
-3.00199e-06
-3.01866e-06
-3.03897e-06
-3.06902e-06
-3.12193e-06
-3.21967e-06
-3.39445e-06
-3.67311e-06
-4.02878e-06
-4.3498e-06
-4.54396e-06
-4.56744e-06
-4.40751e-06
-4.07413e-06
-3.58661e-06
-2.96554e-06
-2.22859e-06
-1.38989e-06
-4.61623e-07
5.43474e-07
1.60944e-06
2.71462e-06
3.82938e-06
4.91449e-06
5.92155e-06
6.79643e-06
7.48554e-06
7.96997e-06
8.24335e-06
8.30275e-06
8.15558e-06
-2.87987e-06
-2.93343e-06
-2.96598e-06
-2.98712e-06
-2.99999e-06
-3.00523e-06
-3.00495e-06
-3.00186e-06
-2.99856e-06
-2.99713e-06
-2.99899e-06
-3.00498e-06
-3.01472e-06
-3.02766e-06
-3.043e-06
-3.06046e-06
-3.08147e-06
-3.11154e-06
-3.16317e-06
-3.25764e-06
-3.42648e-06
-3.6957e-06
-4.03681e-06
-4.33647e-06
-4.50212e-06
-4.49009e-06
-4.28802e-06
-3.90604e-06
-3.36348e-06
-2.68065e-06
-1.87503e-06
-9.60809e-07
4.93775e-08
1.1418e-06
2.29895e-06
3.49706e-06
4.70401e-06
5.87777e-06
6.96734e-06
7.9164e-06
8.66634e-06
9.19874e-06
9.51709e-06
9.60814e-06
9.49191e-06
-2.96098e-06
-3.01838e-06
-3.0515e-06
-3.0705e-06
-3.07903e-06
-3.07821e-06
-3.07089e-06
-3.06057e-06
-3.05057e-06
-3.04346e-06
-3.041e-06
-3.04408e-06
-3.05239e-06
-3.06521e-06
-3.08138e-06
-3.10019e-06
-3.12258e-06
-3.15341e-06
-3.20451e-06
-3.2964e-06
-3.45982e-06
-3.71976e-06
-4.04602e-06
-4.32387e-06
-4.46056e-06
-4.41269e-06
-4.16814e-06
-3.73714e-06
-3.13881e-06
-2.39311e-06
-1.51712e-06
-5.24911e-07
5.70612e-07
1.75496e-06
3.00927e-06
4.30781e-06
5.61592e-06
6.88858e-06
8.07162e-06
9.10564e-06
9.92589e-06
1.05116e-05
1.08792e-05
1.10091e-05
1.09327e-05
-3.05068e-06
-3.11218e-06
-3.1453e-06
-3.16084e-06
-3.16322e-06
-3.15431e-06
-3.13795e-06
-3.11865e-06
-3.10057e-06
-3.08681e-06
-3.07946e-06
-3.07943e-06
-3.0864e-06
-3.09937e-06
-3.11685e-06
-3.13764e-06
-3.16214e-06
-3.19451e-06
-3.24586e-06
-3.3359e-06
-3.49446e-06
-3.74541e-06
-4.05668e-06
-4.31248e-06
-4.42e-06
-4.33617e-06
-4.0491e-06
-3.56897e-06
-2.91462e-06
-2.10548e-06
-1.15817e-06
-8.64655e-08
1.09666e-06
2.37618e-06
3.73214e-06
5.13709e-06
6.55396e-06
7.93466e-06
9.22134e-06
1.03508e-05
1.12533e-05
1.18986e-05
1.23187e-05
1.24915e-05
1.24596e-05
-3.15076e-06
-3.21657e-06
-3.24879e-06
-3.25907e-06
-3.25297e-06
-3.23344e-06
-3.20569e-06
-3.1755e-06
-3.14788e-06
-3.12653e-06
-3.11379e-06
-3.11053e-06
-3.1163e-06
-3.1298e-06
-3.14912e-06
-3.17256e-06
-3.1999e-06
-3.2346e-06
-3.28701e-06
-3.37591e-06
-3.5302e-06
-3.77248e-06
-4.06878e-06
-4.30242e-06
-4.38074e-06
-4.26105e-06
-3.93165e-06
-3.4026e-06
-2.69236e-06
-1.81979e-06
-8.00923e-07
3.50848e-07
1.62265e-06
2.99917e-06
4.45965e-06
5.97525e-06
7.50678e-06
9.00318e-06
1.04024e-05
1.16364e-05
1.26342e-05
1.33519e-05
1.38263e-05
1.40493e-05
1.4066e-05
-3.26345e-06
-3.33368e-06
-3.36366e-06
-3.3662e-06
-3.3486e-06
-3.31539e-06
-3.27356e-06
-3.23039e-06
-3.19177e-06
-3.16198e-06
-3.14344e-06
-3.13692e-06
-3.14174e-06
-3.15619e-06
-3.17792e-06
-3.20468e-06
-3.2356e-06
-3.27339e-06
-3.32762e-06
-3.41609e-06
-3.56668e-06
-3.80065e-06
-4.08205e-06
-4.29359e-06
-4.34282e-06
-4.18755e-06
-3.81623e-06
-3.23875e-06
-2.47314e-06
-1.53764e-06
-4.4769e-07
7.83795e-07
2.14417e-06
3.61802e-06
5.18413e-06
6.81267e-06
8.4628e-06
1.00809e-05
1.16005e-05
1.29478e-05
1.40511e-05
1.48586e-05
1.5391e-05
1.56715e-05
1.57442e-05
-3.39159e-06
-3.46615e-06
-3.49182e-06
-3.48327e-06
-3.45035e-06
-3.39982e-06
-3.34095e-06
-3.28253e-06
-3.23151e-06
-3.19253e-06
-3.16792e-06
-3.15825e-06
-3.16244e-06
-3.17833e-06
-3.20304e-06
-3.23376e-06
-3.26897e-06
-3.31056e-06
-3.36732e-06
-3.45603e-06
-3.60347e-06
-3.8295e-06
-4.09616e-06
-4.28572e-06
-4.30612e-06
-4.11572e-06
-3.70308e-06
-3.07792e-06
-2.2578e-06
-1.26037e-06
-1.00456e-07
1.20949e-06
2.65714e-06
4.22715e-06
5.89815e-06
7.63982e-06
9.41028e-06
1.11539e-05
1.28007e-05
1.4271e-05
1.5488e-05
1.63973e-05
1.69993e-05
1.73454e-05
1.74838e-05
-3.53886e-06
-3.61719e-06
-3.63546e-06
-3.61127e-06
-3.55825e-06
-3.48622e-06
-3.40699e-06
-3.33115e-06
-3.26642e-06
-3.21767e-06
-3.18692e-06
-3.17432e-06
-3.17828e-06
-3.19611e-06
-3.22437e-06
-3.25965e-06
-3.29977e-06
-3.34583e-06
-3.40576e-06
-3.49531e-06
-3.64011e-06
-3.85856e-06
-4.11069e-06
-4.2785e-06
-4.27044e-06
-4.0455e-06
-3.59235e-06
-2.92047e-06
-2.04702e-06
-9.89087e-07
2.39047e-07
1.62537e-06
3.15785e-06
4.82136e-06
6.59463e-06
8.44735e-06
1.03373e-05
1.22078e-05
1.39863e-05
1.55878e-05
1.69288e-05
1.79488e-05
1.86354e-05
1.90569e-05
1.92736e-05
-3.71003e-06
-3.79076e-06
-3.79697e-06
-3.75113e-06
-3.67202e-06
-3.57375e-06
-3.47079e-06
-3.37546e-06
-3.29598e-06
-3.23707e-06
-3.20027e-06
-3.18507e-06
-3.18927e-06
-3.20954e-06
-3.24188e-06
-3.28227e-06
-3.32784e-06
-3.37892e-06
-3.4426e-06
-3.53352e-06
-3.67614e-06
-3.88738e-06
-4.12523e-06
-4.2716e-06
-4.23557e-06
-3.9768e-06
-3.48409e-06
-2.76669e-06
-1.84138e-06
-7.24763e-07
5.69301e-07
2.02914e-06
3.64297e-06
5.39587e-06
7.26692e-06
9.22627e-06
1.12322e-05
1.3228e-05
1.51398e-05
1.68783e-05
1.83522e-05
1.94935e-05
2.02822e-05
2.07905e-05
2.11028e-05
-3.91149e-06
-3.99163e-06
-3.97891e-06
-3.90358e-06
-3.79095e-06
-3.66139e-06
-3.53138e-06
-3.41473e-06
-3.31978e-06
-3.25061e-06
-3.20803e-06
-3.19067e-06
-3.19559e-06
-3.2188e-06
-3.25569e-06
-3.30163e-06
-3.35312e-06
-3.40967e-06
-3.47755e-06
-3.5703e-06
-3.71117e-06
-3.91553e-06
-4.13939e-06
-4.26471e-06
-4.20129e-06
-3.90955e-06
-3.37838e-06
-2.61682e-06
-1.64136e-06
-4.68229e-07
8.88987e-07
2.4188e-06
4.10952e-06
5.94642e-06
7.90898e-06
9.9682e-06
1.20836e-05
1.41997e-05
1.62428e-05
1.81212e-05
1.97362e-05
2.101e-05
2.19163e-05
2.25287e-05
2.29601e-05
-4.15185e-06
-4.22552e-06
-4.18371e-06
-4.068e-06
-3.91469e-06
-3.74792e-06
-3.58775e-06
-3.4484e-06
-3.3376e-06
-3.25838e-06
-3.21045e-06
-3.19145e-06
-3.19758e-06
-3.22418e-06
-3.266e-06
-3.31786e-06
-3.3756e-06
-3.43798e-06
-3.51041e-06
-3.60537e-06
-3.74484e-06
-3.94265e-06
-4.15286e-06
-4.25758e-06
-4.16744e-06
-3.84366e-06
-3.27525e-06
-2.47106e-06
-1.44737e-06
-2.20202e-07
1.19698e-06
2.79265e-06
4.55501e-06
6.46934e-06
8.51553e-06
1.06656e-05
1.28809e-05
1.51086e-05
1.72769e-05
1.92939e-05
2.10555e-05
2.24741e-05
2.35119e-05
2.42495e-05
2.4833e-05
-4.44307e-06
-4.49896e-06
-4.4133e-06
-4.24446e-06
-4.04106e-06
-3.83181e-06
-3.63894e-06
-3.47607e-06
-3.34949e-06
-3.26068e-06
-3.20799e-06
-3.18789e-06
-3.19571e-06
-3.22607e-06
-3.27314e-06
-3.33116e-06
-3.39538e-06
-3.4638e-06
-3.54106e-06
-3.6385e-06
-3.77687e-06
-3.96844e-06
-4.16536e-06
-4.24999e-06
-4.13388e-06
-3.7791e-06
-3.17479e-06
-2.32962e-06
-1.2598e-06
1.87148e-08
1.49234e-06
3.1493e-06
4.97739e-06
6.96166e-06
9.08219e-06
1.13121e-05
1.3615e-05
1.59414e-05
1.82238e-05
2.03726e-05
2.22815e-05
2.38548e-05
2.50397e-05
2.59276e-05
2.671e-05
-4.802e-06
-4.81905e-06
-4.66846e-06
-4.43172e-06
-4.16782e-06
-3.91141e-06
-3.68414e-06
-3.49759e-06
-3.35577e-06
-3.25809e-06
-3.2013e-06
-3.18065e-06
-3.19056e-06
-3.22498e-06
-3.27748e-06
-3.34179e-06
-3.4126e-06
-3.48719e-06
-3.56942e-06
-3.66956e-06
-3.80707e-06
-3.99269e-06
-4.17669e-06
-4.24181e-06
-4.10054e-06
-3.71588e-06
-3.07706e-06
-2.19267e-06
-1.07894e-06
2.48037e-07
1.77436e-06
3.48769e-06
5.37513e-06
7.42111e-06
9.60562e-06
1.19026e-05
1.42779e-05
1.66863e-05
1.9066e-05
2.13331e-05
2.33828e-05
2.51154e-05
2.64626e-05
2.75302e-05
2.85802e-05
-5.25275e-06
-5.19326e-06
-4.94848e-06
-4.6261e-06
-4.29219e-06
-3.98504e-06
-3.72274e-06
-3.51314e-06
-3.35702e-06
-3.25136e-06
-3.19116e-06
-3.17046e-06
-3.18278e-06
-3.22143e-06
-3.27944e-06
-3.35007e-06
-3.42746e-06
-3.50824e-06
-3.5955e-06
-3.69846e-06
-3.8353e-06
-4.01525e-06
-4.18674e-06
-4.23294e-06
-4.06739e-06
-3.654e-06
-2.98214e-06
-2.06036e-06
-9.05049e-07
4.67399e-07
2.04251e-06
3.8071e-06
5.74721e-06
7.84626e-06
1.00836e-05
1.24336e-05
1.4864e-05
1.73339e-05
1.97882e-05
2.21517e-05
2.43257e-05
2.62136e-05
2.77326e-05
2.90125e-05
3.04323e-05
-5.82892e-06
-5.62438e-06
-5.25143e-06
-4.82282e-06
-4.41073e-06
-4.05112e-06
-3.75449e-06
-3.52321e-06
-3.35408e-06
-3.24141e-06
-3.17847e-06
-3.15811e-06
-3.17305e-06
-3.21599e-06
-3.27948e-06
-3.35634e-06
-3.44022e-06
-3.5271e-06
-3.61936e-06
-3.72518e-06
-3.86151e-06
-4.03603e-06
-4.19542e-06
-4.22336e-06
-4.03444e-06
-3.59352e-06
-2.89016e-06
-1.93286e-06
-7.38346e-07
6.76498e-07
2.29641e-06
4.10704e-06
6.09301e-06
8.23625e-06
1.05149e-05
1.2903e-05
1.53695e-05
1.78771e-05
2.03775e-05
2.28062e-05
2.50751e-05
2.70993e-05
2.87868e-05
3.03082e-05
3.22484e-05
-6.57623e-06
-6.10877e-06
-5.56657e-06
-5.0152e-06
-4.51956e-06
-4.10821e-06
-3.77943e-06
-3.52852e-06
-3.34792e-06
-3.22925e-06
-3.16414e-06
-3.14441e-06
-3.16205e-06
-3.20922e-06
-3.27807e-06
-3.36096e-06
-3.45113e-06
-3.54395e-06
-3.6411e-06
-3.74978e-06
-3.88569e-06
-4.055e-06
-4.20272e-06
-4.21306e-06
-4.00171e-06
-3.53452e-06
-2.80121e-06
-1.81034e-06
-5.79073e-07
8.75023e-07
2.53567e-06
4.38708e-06
6.41206e-06
8.59055e-06
1.08989e-05
1.33098e-05
1.57924e-05
1.83114e-05
2.08244e-05
2.32771e-05
2.55955e-05
2.77153e-05
2.95424e-05
3.13142e-05
3.39847e-05
-7.53943e-06
-6.63691e-06
-5.87851e-06
-5.19422e-06
-4.61453e-06
-4.15518e-06
-3.79794e-06
-3.53003e-06
-3.33961e-06
-3.21588e-06
-3.14908e-06
-3.13014e-06
-3.15044e-06
-3.2017e-06
-3.27565e-06
-3.36431e-06
-3.4605e-06
-3.55902e-06
-3.66089e-06
-3.77235e-06
-3.90789e-06
-4.07219e-06
-4.20864e-06
-4.20204e-06
-3.96921e-06
-3.477e-06
-2.71529e-06
-1.69278e-06
-4.27197e-07
1.06303e-06
2.76039e-06
4.64738e-06
6.70462e-06
8.90957e-06
1.1236e-05
1.36545e-05
1.61326e-05
1.86353e-05
2.11229e-05
2.3549e-05
2.58532e-05
2.79983e-05
2.98954e-05
3.18859e-05
3.55711e-05
-8.81312e-06
-7.1948e-06
-6.16578e-06
-5.35022e-06
-4.69322e-06
-4.19268e-06
-3.81168e-06
-3.52949e-06
-3.33067e-06
-3.20251e-06
-3.13419e-06
-3.11596e-06
-3.13869e-06
-3.19373e-06
-3.27246e-06
-3.36655e-06
-3.46844e-06
-3.5724e-06
-3.67879e-06
-3.79295e-06
-3.92816e-06
-4.08767e-06
-4.21329e-06
-4.19042e-06
-3.93698e-06
-3.42082e-06
-2.63202e-06
-1.57945e-06
-2.81549e-07
1.24223e-06
2.97294e-06
4.89109e-06
6.97475e-06
9.1984e-06
1.15327e-05
1.39447e-05
1.6399e-05
1.88578e-05
2.12805e-05
2.36219e-05
2.58291e-05
2.78894e-05
2.9722e-05
3.18493e-05
3.6975e-05
-1.05105e-05
-7.75115e-06
-6.39744e-06
-5.47502e-06
-4.75802e-06
-4.22534e-06
-3.82508e-06
-3.53041e-06
-3.32362e-06
-3.19079e-06
-3.12041e-06
-3.10227e-06
-3.12683e-06
-3.18509e-06
-3.26812e-06
-3.36724e-06
-3.47452e-06
-3.58368e-06
-3.69448e-06
-3.81133e-06
-3.94637e-06
-4.10147e-06
-4.21693e-06
-4.17864e-06
-3.90553e-06
-3.36641e-06
-2.55152e-06
-1.46996e-06
-1.41035e-07
1.41467e-06
3.17662e-06
5.12312e-06
7.22943e-06
9.46665e-06
1.18016e-05
1.41971e-05
1.66128e-05
1.90058e-05
2.1329e-05
2.35292e-05
2.5544e-05
2.73537e-05
2.88664e-05
3.08769e-05
3.77579e-05
-1.19463e-05
-8.10528e-06
-6.51541e-06
-5.55071e-06
-4.80511e-06
-4.25218e-06
-3.83768e-06
-3.53255e-06
-3.31839e-06
-3.18086e-06
-3.1081e-06
-3.0896e-06
-3.11549e-06
-3.17648e-06
-3.26332e-06
-3.36702e-06
-3.47929e-06
-3.59335e-06
-3.70835e-06
-3.82781e-06
-3.96275e-06
-4.11371e-06
-4.21969e-06
-4.16716e-06
-3.87608e-06
-3.3162e-06
-2.47792e-06
-1.37059e-06
-1.43639e-08
1.56897e-06
3.35728e-06
5.32665e-06
7.4495e-06
9.69348e-06
1.20213e-05
1.4391e-05
1.67564e-05
1.90669e-05
2.1265e-05
2.32798e-05
2.50123e-05
2.63713e-05
2.71377e-05
2.80545e-05
3.41498e-05
)
;

boundaryField
{
    inlet
    {
        type            uniformJump;
        patchType       cyclic;
        jump            uniform -2.5e-05;
        value           nonuniform List<scalar> 
40
(
8.22982e-07
8.3983e-07
8.57177e-07
8.74071e-07
8.91907e-07
9.12072e-07
9.36857e-07
9.70513e-07
1.01988e-06
1.09443e-06
1.20554e-06
1.36584e-06
1.58944e-06
1.89298e-06
2.29563e-06
2.81723e-06
3.47473e-06
4.27808e-06
5.22562e-06
6.29474e-06
7.38694e-06
8.32969e-06
9.05011e-06
9.57378e-06
9.94301e-06
1.01938e-05
1.03569e-05
1.04581e-05
1.05173e-05
1.05498e-05
1.05662e-05
1.05736e-05
1.05764e-05
1.05775e-05
1.05782e-05
1.05793e-05
1.0581e-05
1.05833e-05
1.05864e-05
1.05898e-05
)
;
        jumpTable       table;
        jumpTableCoeffs
        {
            values          
4
(
(0 -2.5e-05)
(25 -2.5e-05)
(25.5 -0.0001)
(26 -2.5e-05)
)
;
        }
    }
    outlet
    {
        type            uniformJump;
        patchType       cyclic;
        value           nonuniform List<scalar> 
40
(
-2.4177e-05
-2.41602e-05
-2.41428e-05
-2.41259e-05
-2.41081e-05
-2.40879e-05
-2.40631e-05
-2.40295e-05
-2.39801e-05
-2.39056e-05
-2.37945e-05
-2.36342e-05
-2.34106e-05
-2.3107e-05
-2.27044e-05
-2.21828e-05
-2.15253e-05
-2.07219e-05
-1.97744e-05
-1.87053e-05
-1.76131e-05
-1.66703e-05
-1.59499e-05
-1.54262e-05
-1.5057e-05
-1.48062e-05
-1.46431e-05
-1.45419e-05
-1.44827e-05
-1.44502e-05
-1.44338e-05
-1.44264e-05
-1.44236e-05
-1.44225e-05
-1.44218e-05
-1.44207e-05
-1.4419e-05
-1.44167e-05
-1.44136e-05
-1.44102e-05
)
;
    }
    Walls
    {
        type            zeroGradient;
    }
    back
    {
        type            empty;
    }
    front
    {
        type            empty;
    }
}


// ************************************************************************* //
