/*--------------------------------*- C++ -*----------------------------------*\
| =========                 |                                                 |
| \\      /  F ield         | OpenFOAM: The Open Source CFD Toolbox           |
|  \\    /   O peration     | Version:  2312                                  |
|   \\  /    A nd           | Website:  www.openfoam.com                      |
|    \\/     M anipulation  |                                                 |
\*---------------------------------------------------------------------------*/
FoamFile
{
    version     2.0;
    format      ascii;
    arch        "LSB;label=32;scalar=64";
    class       volScalarField;
    location    "13.5";
    object      p;
}
// * * * * * * * * * * * * * * * * * * * * * * * * * * * * * * * * * * * * * //

dimensions      [0 2 -2 0 0 0 0];

internalField   nonuniform List<scalar> 
4800
(
-1.53186e-12
-1.40847e-06
-2.58168e-06
-3.57581e-06
-4.42899e-06
-5.16644e-06
-5.81245e-06
-6.38462e-06
-6.8914e-06
-7.34506e-06
-7.75423e-06
-8.12102e-06
-8.43911e-06
-8.93933e-06
-1.0569e-05
1.54285e-08
-1.39043e-06
-2.56181e-06
-3.55478e-06
-4.40797e-06
-5.14649e-06
-5.79504e-06
-6.37122e-06
-6.88398e-06
-7.34736e-06
-7.77518e-06
-8.18298e-06
-8.58555e-06
-9.08957e-06
-9.9428e-06
3.19021e-08
-1.37106e-06
-2.54055e-06
-3.53256e-06
-4.38562e-06
-5.12501e-06
-5.77444e-06
-6.35362e-06
-6.87115e-06
-7.34157e-06
-7.78016e-06
-8.20327e-06
-8.6202e-06
-9.04025e-06
-9.44318e-06
4.89595e-08
-1.3505e-06
-2.51758e-06
-3.50809e-06
-4.36044e-06
-5.1007e-06
-5.74931e-06
-6.32969e-06
-6.84933e-06
-7.32096e-06
-7.75759e-06
-8.16717e-06
-8.54275e-06
-8.85457e-06
-9.0348e-06
6.81038e-08
-1.32698e-06
-2.49087e-06
-3.47913e-06
-4.32987e-06
-5.06988e-06
-5.71732e-06
-6.29537e-06
-6.81303e-06
-7.27859e-06
-7.70022e-06
-8.0765e-06
-8.38939e-06
-8.60158e-06
-8.65923e-06
9.08092e-08
-1.29894e-06
-2.45872e-06
-3.44374e-06
-4.29171e-06
-5.02914e-06
-5.67454e-06
-6.24651e-06
-6.75603e-06
-7.20694e-06
-7.6016e-06
-7.93239e-06
-8.17906e-06
-8.31284e-06
-8.30619e-06
1.19253e-07
-1.26418e-06
-2.41873e-06
-3.39923e-06
-4.24279e-06
-4.97531e-06
-5.61501e-06
-6.17725e-06
-6.67155e-06
-7.09905e-06
-7.45771e-06
-7.73822e-06
-7.92508e-06
-8.00352e-06
-7.96681e-06
1.57093e-07
-1.21909e-06
-2.36714e-06
-3.34143e-06
-4.17835e-06
-4.90299e-06
-5.53253e-06
-6.07992e-06
-6.55219e-06
-6.9492e-06
-7.26734e-06
-7.49962e-06
-7.63836e-06
-7.68114e-06
-7.63298e-06
2.0984e-07
-1.15824e-06
-2.29829e-06
-3.2643e-06
-4.09176e-06
-4.80482e-06
-5.41939e-06
-5.94634e-06
-6.39097e-06
-6.75337e-06
-7.03122e-06
-7.22205e-06
-7.3257e-06
-7.34788e-06
-7.29867e-06
2.84745e-07
-1.0743e-06
-2.20456e-06
-3.15975e-06
-3.97445e-06
-4.67175e-06
-5.26655e-06
-5.76835e-06
-6.18185e-06
-6.50904e-06
-6.75066e-06
-6.9091e-06
-6.98968e-06
-7.00235e-06
-6.95841e-06
3.90057e-07
-9.58493e-07
-2.07666e-06
-3.01801e-06
-3.81628e-06
-4.49367e-06
-5.06449e-06
-5.53796e-06
-5.91992e-06
-6.21462e-06
-6.42656e-06
-6.56209e-06
-6.62972e-06
-6.64089e-06
-6.60634e-06
5.34125e-07
-8.01428e-07
-1.90438e-06
-2.82835e-06
-3.60645e-06
-4.26037e-06
-4.80449e-06
-5.2489e-06
-5.60144e-06
-5.86886e-06
-6.05882e-06
-6.18027e-06
-6.24308e-06
-6.25855e-06
-6.23625e-06
7.25119e-07
-5.93489e-07
-1.67719e-06
-2.57985e-06
-3.33437e-06
-3.96241e-06
-4.47917e-06
-4.89627e-06
-5.22361e-06
-5.47038e-06
-5.64621e-06
-5.76129e-06
-5.82567e-06
-5.84977e-06
-5.84182e-06
9.71216e-07
-3.24746e-07
-1.38431e-06
-2.26161e-06
-2.98983e-06
-3.59121e-06
-4.08208e-06
-4.4757e-06
-4.78368e-06
-5.0169e-06
-5.18594e-06
-5.30122e-06
-5.37229e-06
-5.40838e-06
-5.41655e-06
1.2804e-06
1.4838e-08
-1.01489e-06
-1.86289e-06
-2.56308e-06
-3.13858e-06
-3.60682e-06
-3.98225e-06
-4.27752e-06
-4.50413e-06
-4.67297e-06
-4.79401e-06
-4.876e-06
-4.927e-06
-4.95304e-06
1.65945e-06
4.34343e-07
-5.5908e-07
-1.37417e-06
-2.04553e-06
-2.59713e-06
-3.04704e-06
-3.41009e-06
-3.69913e-06
-3.92585e-06
-4.10036e-06
-4.23197e-06
-4.32859e-06
-4.39724e-06
-4.44313e-06
2.11176e-06
9.39656e-07
-1.02424e-08
-7.89103e-07
-1.43151e-06
-1.96172e-06
-2.39785e-06
-2.75438e-06
-3.04353e-06
-3.27605e-06
-3.4613e-06
-3.60781e-06
-3.72264e-06
-3.81185e-06
-3.87998e-06
2.63472e-06
1.53026e-06
6.31858e-07
-1.07533e-07
-7.21012e-07
-1.23214e-06
-1.65828e-06
-2.01298e-06
-2.30734e-06
-2.55082e-06
-2.75141e-06
-2.91697e-06
-3.05373e-06
-3.16687e-06
-3.26035e-06
3.21755e-06
2.19599e-06
1.35741e-06
6.6089e-07
7.66145e-08
-4.16957e-07
-8.35568e-07
-1.19123e-06
-1.49364e-06
-1.75117e-06
-1.97095e-06
-2.15898e-06
-2.32063e-06
-2.46052e-06
-2.58231e-06
3.83912e-06
2.9138e-06
2.14252e-06
1.49208e-06
9.37526e-07
4.60476e-07
4.74607e-08
-3.11585e-07
-6.24555e-07
-8.98028e-07
-1.13786e-06
-1.34918e-06
-1.53678e-06
-1.70476e-06
-1.85647e-06
4.43649e-06
3.61025e-06
2.90747e-06
2.30295e-06
1.77724e-06
1.31571e-06
9.07459e-07
5.44243e-07
2.1961e-07
-7.16627e-08
-3.33905e-07
-5.7098e-07
-7.8715e-07
-9.85818e-07
-1.16978e-06
4.92633e-06
4.18604e-06
3.54277e-06
2.97811e-06
2.47748e-06
2.02975e-06
1.62641e-06
1.26091e-06
9.27879e-07
6.22686e-07
3.41042e-07
7.94935e-08
-1.63575e-07
-3.90327e-07
-6.03245e-07
5.29264e-06
4.61924e-06
4.02221e-06
3.4882e-06
3.00652e-06
2.5687e-06
2.16808e-06
1.79925e-06
1.45777e-06
1.13989e-06
8.4259e-07
5.63683e-07
3.00764e-07
5.1966e-08
-1.84582e-07
5.56008e-06
4.93886e-06
4.37822e-06
3.8686e-06
3.40216e-06
2.97247e-06
2.57423e-06
2.20305e-06
1.85532e-06
1.52805e-06
1.21877e-06
9.25351e-07
6.45928e-07
3.78887e-07
1.22677e-07
5.75315e-06
5.17273e-06
4.64108e-06
4.15121e-06
3.6973e-06
3.27438e-06
2.87818e-06
2.50514e-06
2.15225e-06
1.81707e-06
1.49748e-06
1.19166e-06
8.98144e-07
6.15623e-07
3.42801e-07
5.89119e-06
5.34288e-06
4.83436e-06
4.36041e-06
3.91661e-06
3.49905e-06
3.10428e-06
2.72936e-06
2.37183e-06
2.02965e-06
1.70106e-06
1.38468e-06
1.07925e-06
7.8368e-07
4.9691e-07
5.98901e-06
5.46618e-06
4.97613e-06
4.51492e-06
4.07915e-06
3.66569e-06
3.27175e-06
2.89492e-06
2.53321e-06
2.18493e-06
1.84861e-06
1.52327e-06
1.20779e-06
9.01251e-07
6.02784e-07
6.05782e-06
5.55541e-06
5.0802e-06
4.62921e-06
4.19982e-06
3.78948e-06
3.39593e-06
3.01723e-06
2.6518e-06
2.2983e-06
1.95538e-06
1.62238e-06
1.29833e-06
9.8251e-07
6.74186e-07
6.10597e-06
5.62014e-06
5.15697e-06
4.71428e-06
4.29001e-06
3.88206e-06
3.48863e-06
3.10815e-06
2.73934e-06
2.38105e-06
2.03272e-06
1.69318e-06
1.36181e-06
1.03808e-06
7.21412e-07
6.13961e-06
5.66745e-06
5.21421e-06
4.77836e-06
4.35822e-06
3.95213e-06
3.55862e-06
3.1765e-06
2.80476e-06
2.44251e-06
2.08917e-06
1.74393e-06
1.40628e-06
1.07581e-06
7.52041e-07
6.16321e-06
5.7025e-06
5.25758e-06
4.82742e-06
4.41068e-06
4.00602e-06
3.61233e-06
3.22869e-06
2.85428e-06
2.48856e-06
2.13086e-06
1.78068e-06
1.43762e-06
1.10137e-06
7.71522e-07
6.18e-06
5.729e-06
5.29114e-06
4.86578e-06
4.45185e-06
4.04834e-06
3.6544e-06
3.26935e-06
2.89262e-06
2.52374e-06
2.16223e-06
1.80776e-06
1.46001e-06
1.11875e-06
7.83659e-07
6.19221e-06
5.74956e-06
5.31775e-06
4.89648e-06
4.4849e-06
4.0823e-06
3.68807e-06
3.30174e-06
2.92292e-06
2.55124e-06
2.1864e-06
1.82816e-06
1.47631e-06
1.13068e-06
7.91039e-07
6.2014e-06
5.76598e-06
5.33939e-06
4.92162e-06
4.51204e-06
4.11017e-06
3.71564e-06
3.32812e-06
2.94742e-06
2.57326e-06
2.20547e-06
1.84391e-06
1.48845e-06
1.13899e-06
7.95375e-07
6.20859e-06
5.77946e-06
5.35742e-06
4.94266e-06
4.53477e-06
4.13351e-06
3.73866e-06
3.35006e-06
2.96766e-06
2.59128e-06
2.22087e-06
1.85637e-06
1.49772e-06
1.1449e-06
7.97781e-07
6.2144e-06
5.79079e-06
5.3727e-06
4.96055e-06
4.55411e-06
4.15335e-06
3.75817e-06
3.36859e-06
2.98466e-06
2.60631e-06
2.23356e-06
1.86645e-06
1.50498e-06
1.14917e-06
7.98969e-07
6.21926e-06
5.80047e-06
5.38582e-06
4.97591e-06
4.57072e-06
4.17037e-06
3.77486e-06
3.38439e-06
2.99909e-06
2.61896e-06
2.24414e-06
1.87472e-06
1.51075e-06
1.15232e-06
7.99392e-07
6.22345e-06
5.80888e-06
5.39723e-06
4.98928e-06
4.58515e-06
4.18512e-06
3.78927e-06
3.39804e-06
3.01148e-06
2.62977e-06
2.2531e-06
1.88163e-06
1.51545e-06
1.15467e-06
7.99317e-07
6.22731e-06
5.81668e-06
5.4078e-06
5.00164e-06
4.59847e-06
4.19866e-06
3.80256e-06
3.41055e-06
3.02281e-06
2.6396e-06
2.26119e-06
1.88779e-06
1.51953e-06
1.15654e-06
7.98882e-07
6.23092e-06
5.82421e-06
5.418e-06
5.01358e-06
4.61135e-06
4.21182e-06
3.81538e-06
3.42257e-06
3.03366e-06
2.64897e-06
2.26881e-06
1.89343e-06
1.52309e-06
1.15802e-06
7.98267e-07
-1.19353e-05
-9.69506e-06
-8.31727e-06
-7.39259e-06
-6.65064e-06
-6.07792e-06
-5.62933e-06
-5.27392e-06
-4.99126e-06
-4.76544e-06
-4.58381e-06
-4.43597e-06
-4.31333e-06
-4.20931e-06
-4.11971e-06
-4.04439e-06
-3.98868e-06
-3.96771e-06
-4.00842e-06
-4.15507e-06
-4.46342e-06
-4.98791e-06
-5.67862e-06
-6.3295e-06
-6.7855e-06
-6.97054e-06
-6.84768e-06
-6.40559e-06
-5.64503e-06
-4.57386e-06
-3.20605e-06
-1.56307e-06
3.24757e-07
2.41781e-06
4.66793e-06
7.01983e-06
9.41236e-06
1.17787e-05
1.40433e-05
1.61159e-05
1.78709e-05
1.91448e-05
1.95666e-05
1.88156e-05
1.56803e-05
-1.03196e-05
-9.15961e-06
-8.11751e-06
-7.29369e-06
-6.59732e-06
-6.04027e-06
-5.59735e-06
-5.24425e-06
-4.96294e-06
-4.73843e-06
-4.5583e-06
-4.41224e-06
-4.29165e-06
-4.18999e-06
-4.10311e-06
-4.03092e-06
-3.97875e-06
-3.96163e-06
-4.00601e-06
-4.15518e-06
-4.46331e-06
-4.98297e-06
-5.66415e-06
-6.30377e-06
-6.74964e-06
-6.9269e-06
-6.79881e-06
-6.35402e-06
-5.59347e-06
-4.52564e-06
-3.16565e-06
-1.53653e-06
3.29402e-07
2.39009e-06
4.59425e-06
6.88233e-06
9.18701e-06
1.1432e-05
1.35265e-05
1.5354e-05
1.67388e-05
1.74109e-05
1.6842e-05
1.42812e-05
8.75854e-06
-9.47201e-06
-8.74132e-06
-7.91003e-06
-7.17732e-06
-6.5316e-06
-5.99621e-06
-5.56225e-06
-5.21302e-06
-4.93367e-06
-4.71062e-06
-4.53198e-06
-4.38763e-06
-4.26907e-06
-4.1698e-06
-4.08574e-06
-4.0169e-06
-3.96863e-06
-3.95578e-06
-4.00427e-06
-4.15628e-06
-4.4641e-06
-4.9781e-06
-5.64808e-06
-6.27445e-06
-6.70839e-06
-6.87652e-06
-6.74256e-06
-6.29521e-06
-5.53577e-06
-4.47362e-06
-3.12534e-06
-1.51602e-06
3.19479e-07
2.33595e-06
4.4781e-06
6.68104e-06
8.86992e-06
1.09575e-05
1.28372e-05
1.43685e-05
1.53479e-05
1.54701e-05
1.42613e-05
1.1202e-05
6.19891e-06
-8.92896e-06
-8.39863e-06
-7.72707e-06
-7.0672e-06
-6.46988e-06
-5.95744e-06
-5.53296e-06
-5.18718e-06
-4.90887e-06
-4.68621e-06
-4.50808e-06
-4.36462e-06
-4.24747e-06
-4.15018e-06
-4.06875e-06
-4.00324e-06
-3.95899e-06
-3.95064e-06
-4.00351e-06
-4.1585e-06
-4.46585e-06
-4.97342e-06
-5.63065e-06
-6.24176e-06
-6.66162e-06
-6.81854e-06
-6.67691e-06
-6.2257e-06
-5.46686e-06
-4.41103e-06
-3.07679e-06
-1.49188e-06
3.05548e-07
2.26634e-06
4.33035e-06
6.42652e-06
8.47203e-06
1.03693e-05
1.19992e-05
1.32093e-05
1.37961e-05
1.34926e-05
1.1976e-05
9.00599e-06
4.83483e-06
-8.50521e-06
-8.09519e-06
-7.54722e-06
-6.97071e-06
-6.41831e-06
-5.92876e-06
-5.51379e-06
-5.17041e-06
-4.89158e-06
-4.66765e-06
-4.48846e-06
-4.3446e-06
-4.22787e-06
-4.13191e-06
-4.05277e-06
-3.99051e-06
-3.95046e-06
-3.94692e-06
-4.00452e-06
-4.16264e-06
-4.46922e-06
-4.96923e-06
-5.61174e-06
-6.2053e-06
-6.60897e-06
-6.75303e-06
-6.60275e-06
-6.14763e-06
-5.39056e-06
-4.34384e-06
-3.02848e-06
-1.47536e-06
2.73564e-07
2.16472e-06
4.13277e-06
6.10061e-06
7.97841e-06
9.66133e-06
1.10252e-05
1.19206e-05
1.21709e-05
1.15825e-05
9.98568e-06
7.33893e-06
3.91847e-06
-8.1473e-06
-7.81969e-06
-7.36734e-06
-6.87296e-06
-6.37345e-06
-5.90982e-06
-5.506e-06
-5.16494e-06
-4.88454e-06
-4.6577e-06
-4.47568e-06
-4.32978e-06
-4.21215e-06
-4.11656e-06
-4.03913e-06
-3.97991e-06
-3.94412e-06
-3.94566e-06
-4.00827e-06
-4.16957e-06
-4.4749e-06
-4.9659e-06
-5.59125e-06
-6.16461e-06
-6.5498e-06
-6.67937e-06
-6.51981e-06
-6.06141e-06
-5.30839e-06
-4.27506e-06
-2.98526e-06
-1.47346e-06
2.14313e-07
2.0199e-06
3.87309e-06
5.69171e-06
7.38148e-06
8.83535e-06
9.93296e-06
1.05431e-05
1.05307e-05
9.78029e-06
8.23613e-06
5.96529e-06
3.22155e-06
-7.82044e-06
-7.55607e-06
-7.18836e-06
-6.76219e-06
-6.32063e-06
-5.89333e-06
-5.50512e-06
-5.16955e-06
-4.88846e-06
-4.65812e-06
-4.47195e-06
-4.32249e-06
-4.20252e-06
-4.10616e-06
-4.02965e-06
-3.97305e-06
-3.94143e-06
-3.94816e-06
-4.01594e-06
-4.18032e-06
-4.48365e-06
-4.96384e-06
-5.56915e-06
-6.11926e-06
-6.48341e-06
-6.5968e-06
-6.42746e-06
-5.9669e-06
-5.22103e-06
-4.20658e-06
-2.95061e-06
-1.49138e-06
1.2089e-07
1.82383e-06
3.54328e-06
5.19415e-06
6.68144e-06
7.9021e-06
8.74846e-06
9.11586e-06
8.9153e-06
8.09575e-06
6.67091e-06
4.74618e-06
2.52818e-06
-7.50438e-06
-7.29019e-06
-6.99348e-06
-6.63686e-06
-6.25162e-06
-5.86526e-06
-5.50255e-06
-5.17857e-06
-4.90031e-06
-4.66794e-06
-4.47767e-06
-4.32391e-06
-4.20059e-06
-4.10246e-06
-4.02612e-06
-3.97168e-06
-3.94406e-06
-3.956e-06
-4.02894e-06
-4.19605e-06
-4.49636e-06
-4.96352e-06
-5.54542e-06
-6.06886e-06
-6.40921e-06
-6.50473e-06
-6.32547e-06
-5.86458e-06
-5.13008e-06
-4.14151e-06
-2.92937e-06
-1.53575e-06
-1.46885e-08
1.56811e-06
3.13637e-06
4.605e-06
5.88284e-06
6.87672e-06
7.49779e-06
7.6711e-06
7.34827e-06
6.52267e-06
5.24202e-06
3.61354e-06
1.7949e-06
-7.18893e-06
-7.0155e-06
-6.77724e-06
-6.48456e-06
-6.15706e-06
-5.81743e-06
-5.48727e-06
-5.18255e-06
-4.91305e-06
-4.68252e-06
-4.49026e-06
-4.33304e-06
-4.20643e-06
-4.10625e-06
-4.02973e-06
-3.97723e-06
-3.95355e-06
-3.9707e-06
-4.04871e-06
-4.21803e-06
-4.51397e-06
-4.96543e-06
-5.52005e-06
-6.01306e-06
-6.32681e-06
-6.40306e-06
-6.21434e-06
-5.75597e-06
-5.03855e-06
-4.08467e-06
-2.92826e-06
-1.61489e-06
-2.01583e-07
1.24423e-06
2.6466e-06
3.924e-06
4.99346e-06
5.77611e-06
6.20451e-06
6.23136e-06
5.83876e-06
5.04579e-06
3.91135e-06
2.52962e-06
1.01769e-06
-6.86759e-06
-6.72832e-06
-6.53847e-06
-6.30205e-06
-6.03047e-06
-5.74012e-06
-5.44841e-06
-5.17036e-06
-4.91683e-06
-4.69402e-06
-4.50405e-06
-4.34616e-06
-4.21793e-06
-4.11663e-06
-4.04047e-06
-3.99028e-06
-3.97084e-06
-3.99339e-06
-4.07641e-06
-4.24725e-06
-4.53721e-06
-4.96996e-06
-5.49303e-06
-5.9517e-06
-6.23625e-06
-6.29238e-06
-6.09564e-06
-5.64407e-06
-4.95124e-06
-4.04281e-06
-2.95582e-06
-1.73851e-06
-4.49419e-07
8.44433e-07
2.07035e-06
3.15383e-06
4.02346e-06
4.61685e-06
4.88715e-06
4.80931e-06
4.38524e-06
3.64571e-06
2.64827e-06
1.4699e-06
1.96783e-07
-6.53443e-06
-6.42493e-06
-6.27595e-06
-6.08848e-06
-5.86858e-06
-5.62712e-06
-5.37727e-06
-5.13178e-06
-4.9012e-06
-4.69292e-06
-4.51108e-06
-4.35712e-06
-4.23067e-06
-4.1307e-06
-4.05665e-06
-4.01005e-06
-3.99579e-06
-4.02434e-06
-4.11245e-06
-4.28415e-06
-4.56638e-06
-4.97724e-06
-5.46444e-06
-5.885e-06
-6.13837e-06
-6.17459e-06
-5.97266e-06
-5.53392e-06
-4.87515e-06
-4.02486e-06
-3.02237e-06
-1.91722e-06
-7.67527e-07
3.62612e-07
1.40665e-06
2.29984e-06
2.98418e-06
3.41353e-06
3.55843e-06
3.4096e-06
2.97976e-06
2.30245e-06
1.42812e-06
4.17283e-07
-6.6668e-07
-6.18336e-06
-6.10079e-06
-5.9873e-06
-5.84256e-06
-5.66947e-06
-5.47482e-06
-5.26794e-06
-5.05892e-06
-4.85707e-06
-4.66987e-06
-4.50259e-06
-4.35832e-06
-4.2385e-06
-4.14376e-06
-4.07489e-06
-4.03424e-06
-4.02691e-06
-4.06259e-06
-4.15622e-06
-4.32826e-06
-4.6011e-06
-4.9871e-06
-5.43458e-06
-5.81402e-06
-6.0354e-06
-6.05353e-06
-5.85103e-06
-5.43312e-06
-4.81988e-06
-4.04192e-06
-3.13953e-06
-2.1617e-06
-1.1639e-06
-2.04792e-07
6.57547e-07
1.36974e-06
1.88725e-06
2.17819e-06
2.22618e-06
2.0317e-06
1.61188e-06
9.98024e-07
2.31743e-07
-6.40523e-07
-1.57203e-06
-5.80822e-06
-5.7508e-06
-5.66903e-06
-5.56218e-06
-5.43139e-06
-5.28068e-06
-5.11639e-06
-4.94603e-06
-4.77721e-06
-4.61681e-06
-4.47038e-06
-4.34203e-06
-4.23456e-06
-4.15005e-06
-4.09054e-06
-4.05922e-06
-4.0614e-06
-4.106e-06
-4.20593e-06
-4.37813e-06
-4.64028e-06
-4.99916e-06
-5.40438e-06
-5.74125e-06
-5.9318e-06
-5.93579e-06
-5.73936e-06
-5.35222e-06
-4.79752e-06
-4.10671e-06
-3.31924e-06
-2.48145e-06
-1.64387e-06
-8.57753e-07
-1.71352e-07
3.73499e-07
7.44463e-07
9.20968e-07
8.9535e-07
6.73151e-07
2.71862e-07
-2.81693e-07
-9.54586e-07
-1.71172e-06
-2.51856e-06
-5.40268e-06
-5.36944e-06
-5.31692e-06
-5.24441e-06
-5.1522e-06
-5.04258e-06
-4.91968e-06
-4.78889e-06
-4.65612e-06
-4.52719e-06
-4.40737e-06
-4.30114e-06
-4.21215e-06
-4.14355e-06
-4.09837e-06
-4.08059e-06
-4.09551e-06
-4.15144e-06
-4.25892e-06
-4.43161e-06
-4.68236e-06
-5.01311e-06
-5.37565e-06
-5.67129e-06
-5.8352e-06
-5.83141e-06
-5.64942e-06
-5.30443e-06
-4.82194e-06
-4.23234e-06
-3.57214e-06
-2.88296e-06
-2.20863e-06
-1.59175e-06
-1.07056e-06
-6.7638e-07
-4.31657e-07
-3.4848e-07
-4.29594e-07
-6.67624e-07
-1.04689e-06
-1.54572e-06
-2.13886e-06
-2.80012e-06
-3.50402e-06
-4.95976e-06
-4.95053e-06
-4.92594e-06
-4.88551e-06
-4.82919e-06
-4.75827e-06
-4.67543e-06
-4.58445e-06
-4.48971e-06
-4.39593e-06
-4.30771e-06
-4.22944e-06
-4.16507e-06
-4.11838e-06
-4.09304e-06
-4.09353e-06
-4.12503e-06
-4.19512e-06
-4.31205e-06
-4.48642e-06
-4.726e-06
-5.02944e-06
-5.35146e-06
-5.61144e-06
-5.75693e-06
-5.753e-06
-5.59498e-06
-5.30451e-06
-4.90729e-06
-4.43036e-06
-3.90549e-06
-3.36802e-06
-2.85404e-06
-2.3973e-06
-2.02676e-06
-1.76488e-06
-1.62667e-06
-1.61946e-06
-1.74273e-06
-1.98929e-06
-2.34634e-06
-2.79721e-06
-3.32306e-06
-3.9046e-06
-4.5231e-06
-4.47186e-06
-4.48731e-06
-4.49045e-06
-4.48107e-06
-4.45912e-06
-4.42538e-06
-4.38163e-06
-4.33049e-06
-4.2752e-06
-4.21941e-06
-4.167e-06
-4.12189e-06
-4.08796e-06
-4.06911e-06
-4.06937e-06
-4.09312e-06
-4.1456e-06
-4.23281e-06
-4.36213e-06
-4.54038e-06
-4.77119e-06
-5.05023e-06
-5.33812e-06
-5.57305e-06
-5.70952e-06
-5.71212e-06
-5.5909e-06
-5.3684e-06
-5.06709e-06
-4.70965e-06
-4.32221e-06
-3.93319e-06
-3.57082e-06
-3.26068e-06
-3.02393e-06
-2.87614e-06
-2.82697e-06
-2.88084e-06
-3.03635e-06
-3.28737e-06
-3.62406e-06
-4.03413e-06
-4.5039e-06
-5.0194e-06
-5.56699e-06
-3.9327e-06
-3.97426e-06
-4.00587e-06
-4.02761e-06
-4.03959e-06
-4.04243e-06
-4.03738e-06
-4.0263e-06
-4.0116e-06
-3.99609e-06
-3.98291e-06
-3.97537e-06
-3.97705e-06
-3.99157e-06
-4.02291e-06
-4.07508e-06
-4.15301e-06
-4.26129e-06
-4.40627e-06
-4.59179e-06
-4.81899e-06
-5.08218e-06
-5.34792e-06
-5.56502e-06
-5.69526e-06
-5.72138e-06
-5.65384e-06
-5.5114e-06
-5.31222e-06
-5.07506e-06
-4.82061e-06
-4.57058e-06
-4.34606e-06
-4.16575e-06
-4.04474e-06
-3.99355e-06
-4.01805e-06
-4.12136e-06
-4.30216e-06
-4.55576e-06
-4.87505e-06
-5.25131e-06
-5.67493e-06
-6.13604e-06
-6.62481e-06
-3.33983e-06
-3.40976e-06
-3.47147e-06
-3.52534e-06
-3.57177e-06
-3.61142e-06
-3.64527e-06
-3.67476e-06
-3.70169e-06
-3.72824e-06
-3.75691e-06
-3.79046e-06
-3.83191e-06
-3.8845e-06
-3.95169e-06
-4.03719e-06
-4.14492e-06
-4.27899e-06
-4.44336e-06
-4.6408e-06
-4.87099e-06
-5.12914e-06
-5.38351e-06
-5.59121e-06
-5.73062e-06
-5.79686e-06
-5.79626e-06
-5.74104e-06
-5.64505e-06
-5.52339e-06
-5.39204e-06
-5.26704e-06
-5.16345e-06
-5.09442e-06
-5.07043e-06
-5.09891e-06
-5.18445e-06
-5.32844e-06
-5.52978e-06
-5.78538e-06
-6.09055e-06
-6.43948e-06
-6.82567e-06
-7.24232e-06
-7.6825e-06
-2.6917e-06
-2.79306e-06
-2.88759e-06
-2.97582e-06
-3.05844e-06
-3.13623e-06
-3.21013e-06
-3.28131e-06
-3.35118e-06
-3.42146e-06
-3.49414e-06
-3.57146e-06
-3.65591e-06
-3.75019e-06
-3.85718e-06
-3.97995e-06
-4.12165e-06
-4.2854e-06
-4.47388e-06
-4.68883e-06
-4.92978e-06
-5.19228e-06
-5.44845e-06
-5.66494e-06
-5.83193e-06
-5.94949e-06
-6.02097e-06
-6.05334e-06
-6.05632e-06
-6.04127e-06
-6.02005e-06
-6.00416e-06
-6.00401e-06
-6.02846e-06
-6.08463e-06
-6.17816e-06
-6.31273e-06
-6.48911e-06
-6.70674e-06
-6.96387e-06
-7.2577e-06
-7.58464e-06
-7.9405e-06
-8.32075e-06
-8.72065e-06
-1.99761e-06
-2.13244e-06
-2.26192e-06
-2.38657e-06
-2.50721e-06
-2.62474e-06
-2.7401e-06
-2.8543e-06
-2.96849e-06
-3.08403e-06
-3.2025e-06
-3.32568e-06
-3.45555e-06
-3.59423e-06
-3.74401e-06
-3.90726e-06
-4.08637e-06
-4.28363e-06
-4.50093e-06
-4.73947e-06
-4.999e-06
-5.27669e-06
-5.55012e-06
-5.79365e-06
-6.00179e-06
-6.17582e-06
-6.31793e-06
-6.43236e-06
-6.5255e-06
-6.60514e-06
-6.67953e-06
-6.7566e-06
-6.84346e-06
-6.94617e-06
-7.06937e-06
-7.21631e-06
-7.38963e-06
-7.59115e-06
-7.82131e-06
-8.07946e-06
-8.36416e-06
-8.67333e-06
-9.00449e-06
-9.35481e-06
-9.72122e-06
-1.34431e-06
-1.51349e-06
-1.67833e-06
-1.83941e-06
-1.99762e-06
-2.1539e-06
-2.30915e-06
-2.46425e-06
-2.6202e-06
-2.77812e-06
-2.93927e-06
-3.10508e-06
-3.27712e-06
-3.45706e-06
-3.64667e-06
-3.84779e-06
-4.06224e-06
-4.29174e-06
-4.53784e-06
-4.80165e-06
-5.08363e-06
-5.38335e-06
-5.68318e-06
-5.96075e-06
-6.21118e-06
-6.43593e-06
-6.63696e-06
-6.81735e-06
-6.98145e-06
-7.13448e-06
-7.28197e-06
-7.42926e-06
-7.5811e-06
-7.74151e-06
-7.91388e-06
-8.10116e-06
-8.30555e-06
-8.52829e-06
-8.76998e-06
-9.03066e-06
-9.30986e-06
-9.60664e-06
-9.91968e-06
-1.02474e-05
-1.05879e-05
-8.07427e-07
-1.0071e-06
-1.20335e-06
-1.39668e-06
-1.5879e-06
-1.77784e-06
-1.96733e-06
-2.15716e-06
-2.34821e-06
-2.54141e-06
-2.73782e-06
-2.93863e-06
-3.14509e-06
-3.35858e-06
-3.5805e-06
-3.81234e-06
-4.0556e-06
-4.31173e-06
-4.58217e-06
-4.8682e-06
-5.17106e-06
-5.49191e-06
-5.81547e-06
-6.12078e-06
-6.40325e-06
-6.66458e-06
-6.90675e-06
-7.13236e-06
-7.34466e-06
-7.54733e-06
-7.7442e-06
-7.93896e-06
-8.13501e-06
-8.3354e-06
-8.54289e-06
-8.75977e-06
-8.98757e-06
-9.22727e-06
-9.47952e-06
-9.74466e-06
-1.00227e-05
-1.03133e-05
-1.06158e-05
-1.09295e-05
-1.12532e-05
-4.13215e-07
-6.37852e-07
-8.59616e-07
-1.07903e-06
-1.29678e-06
-1.51361e-06
-1.73021e-06
-1.94729e-06
-2.16559e-06
-2.38592e-06
-2.60919e-06
-2.83638e-06
-3.06856e-06
-3.30687e-06
-3.5525e-06
-3.8067e-06
-4.07079e-06
-4.34611e-06
-4.63409e-06
-4.93618e-06
-5.254e-06
-5.58929e-06
-5.92813e-06
-6.25089e-06
-6.55351e-06
-6.83789e-06
-7.10605e-06
-7.36029e-06
-7.60323e-06
-7.83762e-06
-8.06627e-06
-8.29191e-06
-8.51706e-06
-8.74404e-06
-8.97484e-06
-9.21112e-06
-9.45428e-06
-9.70533e-06
-9.96496e-06
-1.02336e-05
-1.05116e-05
-1.07987e-05
-1.10949e-05
-1.13997e-05
-1.17125e-05
-1.26429e-07
-3.71945e-07
-6.14907e-07
-8.55787e-07
-1.09519e-06
-1.33374e-06
-1.57202e-06
-1.81063e-06
-2.05021e-06
-2.29147e-06
-2.53518e-06
-2.78219e-06
-3.03341e-06
-3.28982e-06
-3.55247e-06
-3.82244e-06
-4.10095e-06
-4.38924e-06
-4.68871e-06
-5.00087e-06
-5.3274e-06
-5.67015e-06
-6.01634e-06
-6.34804e-06
-6.66178e-06
-6.9596e-06
-7.24346e-06
-7.51539e-06
-7.77755e-06
-8.03212e-06
-8.28127e-06
-8.52706e-06
-8.77144e-06
-9.01617e-06
-9.26278e-06
-9.51264e-06
-9.76697e-06
-1.00267e-05
-1.02925e-05
-1.05649e-05
-1.08443e-05
-1.11307e-05
-1.14241e-05
-1.17243e-05
-1.20311e-05
7.64676e-08
-1.86482e-07
-4.46982e-07
-7.0545e-07
-9.62408e-07
-1.21837e-06
-1.47384e-06
-1.72931e-06
-1.98534e-06
-2.24255e-06
-2.5016e-06
-2.76324e-06
-3.02826e-06
-3.29751e-06
-3.57192e-06
-3.85248e-06
-4.14027e-06
-4.43648e-06
-4.74244e-06
-5.05956e-06
-5.38951e-06
-5.73403e-06
-6.08156e-06
-6.41607e-06
-6.73468e-06
-7.03939e-06
-7.33201e-06
-7.61432e-06
-7.88816e-06
-8.15531e-06
-8.41751e-06
-8.67639e-06
-8.93351e-06
-9.19028e-06
-9.44797e-06
-9.70764e-06
-9.9704e-06
-1.0237e-05
-1.05082e-05
-1.07845e-05
-1.10661e-05
-1.13534e-05
-1.16464e-05
-1.1945e-05
-1.22492e-05
2.16182e-07
-6.1214e-08
-3.36112e-07
-6.08887e-07
-8.79981e-07
-1.14982e-06
-1.41881e-06
-1.68738e-06
-1.95602e-06
-2.22526e-06
-2.4957e-06
-2.76797e-06
-3.04279e-06
-3.32088e-06
-3.60311e-06
-3.89034e-06
-4.18358e-06
-4.48392e-06
-4.79258e-06
-5.11089e-06
-5.44041e-06
-5.78273e-06
-6.12756e-06
-6.46082e-06
-6.78015e-06
-7.08737e-06
-7.38409e-06
-7.6719e-06
-7.95239e-06
-8.22707e-06
-8.49737e-06
-8.76466e-06
-9.03017e-06
-9.29509e-06
-9.56049e-06
-9.82748e-06
-1.00967e-05
-1.0369e-05
-1.06448e-05
-1.09247e-05
-1.12092e-05
-1.14984e-05
-1.17925e-05
-1.20915e-05
-1.23954e-05
3.10037e-07
2.0671e-08
-2.66053e-07
-5.50468e-07
-8.32943e-07
-1.11382e-06
-1.39344e-06
-1.67217e-06
-1.95044e-06
-2.22872e-06
-2.50753e-06
-2.78743e-06
-3.06906e-06
-3.35307e-06
-3.64022e-06
-3.93132e-06
-4.22727e-06
-4.52905e-06
-4.83782e-06
-5.15475e-06
-5.48133e-06
-5.81896e-06
-6.15858e-06
-6.48807e-06
-6.80546e-06
-7.11232e-06
-7.41008e-06
-7.70017e-06
-7.98399e-06
-8.26286e-06
-8.538e-06
-8.81055e-06
-9.08158e-06
-9.35207e-06
-9.62298e-06
-9.89529e-06
-1.01695e-05
-1.04463e-05
-1.07262e-05
-1.10097e-05
-1.12972e-05
-1.1589e-05
-1.18852e-05
-1.21859e-05
-1.24911e-05
3.71362e-07
7.2038e-08
-2.24435e-07
-5.18351e-07
-8.10009e-07
-1.09969e-06
-1.38767e-06
-1.67428e-06
-1.9599e-06
-2.24494e-06
-2.52987e-06
-2.81519e-06
-3.10146e-06
-3.38928e-06
-3.67933e-06
-3.97233e-06
-4.26912e-06
-4.57058e-06
-4.87777e-06
-5.19175e-06
-5.51389e-06
-5.84542e-06
-6.17847e-06
-6.50276e-06
-6.81659e-06
-7.1213e-06
-7.41816e-06
-7.70848e-06
-7.99351e-06
-8.2744e-06
-8.55222e-06
-8.82797e-06
-9.10257e-06
-9.37688e-06
-9.65169e-06
-9.92791e-06
-1.0206e-05
-1.04865e-05
-1.077e-05
-1.10569e-05
-1.13476e-05
-1.16423e-05
-1.19412e-05
-1.22445e-05
-1.25521e-05
4.10102e-07
1.02459e-07
-2.02087e-07
-5.0379e-07
-8.0289e-07
-1.09961e-06
-1.3942e-06
-1.68695e-06
-1.97819e-06
-2.26831e-06
-2.5577e-06
-2.84683e-06
-3.1362e-06
-3.42635e-06
-3.7179e-06
-4.01151e-06
-4.30794e-06
-4.60798e-06
-4.9126e-06
-5.22275e-06
-5.5397e-06
-5.86449e-06
-6.19039e-06
-6.50878e-06
-6.81819e-06
-7.11972e-06
-7.41454e-06
-7.70385e-06
-7.98877e-06
-8.27031e-06
-8.54943e-06
-8.82699e-06
-9.10385e-06
-9.38078e-06
-9.6584e-06
-9.93757e-06
-1.02187e-05
-1.05024e-05
-1.0789e-05
-1.1079e-05
-1.13728e-05
-1.16706e-05
-1.19726e-05
-1.22789e-05
-1.25896e-05
4.33548e-07
1.18915e-07
-1.92357e-07
-5.00483e-07
-8.05654e-07
-1.10806e-06
-1.40791e-06
-1.70548e-06
-2.00106e-06
-2.29499e-06
-2.58765e-06
-2.87945e-06
-3.17084e-06
-3.46234e-06
-3.75448e-06
-4.04788e-06
-4.34323e-06
-4.64123e-06
-4.94279e-06
-5.24872e-06
-5.56023e-06
-5.87816e-06
-6.19683e-06
-6.50912e-06
-6.81374e-06
-7.1116e-06
-7.40379e-06
-7.69141e-06
-7.97544e-06
-8.25681e-06
-8.53634e-06
-8.81484e-06
-9.09302e-06
-9.37157e-06
-9.65142e-06
-9.93289e-06
-1.02165e-05
-1.05028e-05
-1.07922e-05
-1.10851e-05
-1.13819e-05
-1.16827e-05
-1.19879e-05
-1.22975e-05
-1.26116e-05
4.46908e-07
1.26358e-07
-1.90564e-07
-5.04037e-07
-8.14209e-07
-1.12124e-06
-1.42534e-06
-1.72673e-06
-2.0257e-06
-2.32255e-06
-2.61763e-06
-2.9113e-06
-3.204e-06
-3.49618e-06
-3.78835e-06
-4.08105e-06
-4.37493e-06
-4.67062e-06
-4.96892e-06
-5.27059e-06
-5.57671e-06
-5.88797e-06
-6.19967e-06
-6.50599e-06
-6.80578e-06
-7.09983e-06
-7.38916e-06
-7.67475e-06
-7.95748e-06
-8.23818e-06
-8.51761e-06
-8.79649e-06
-9.07548e-06
-9.35522e-06
-9.63654e-06
-9.91981e-06
-1.02054e-05
-1.04939e-05
-1.07858e-05
-1.10813e-05
-1.13809e-05
-1.16847e-05
-1.1993e-05
-1.23059e-05
-1.26235e-05
4.53791e-07
1.28187e-07
-1.93526e-07
-5.11493e-07
-8.25835e-07
-1.1367e-06
-1.44426e-06
-1.74875e-06
-2.0504e-06
-2.34952e-06
-2.6464e-06
-2.94141e-06
-3.23493e-06
-3.52739e-06
-3.81925e-06
-4.11101e-06
-4.40325e-06
-4.69655e-06
-4.99164e-06
-5.28917e-06
-5.59015e-06
-5.89514e-06
-6.20029e-06
-6.50095e-06
-6.79608e-06
-7.08641e-06
-7.37286e-06
-7.6563e-06
-7.93754e-06
-8.21732e-06
-8.49634e-06
-8.77526e-06
-9.0547e-06
-9.33521e-06
-9.61761e-06
-9.90233e-06
-1.01896e-05
-1.048e-05
-1.0774e-05
-1.10719e-05
-1.1374e-05
-1.16806e-05
-1.19919e-05
-1.2308e-05
-1.2629e-05
4.56623e-07
1.26667e-07
-1.99148e-07
-5.20936e-07
-8.38798e-07
-1.15287e-06
-1.46331e-06
-1.77033e-06
-2.07417e-06
-2.37508e-06
-2.67336e-06
-2.96933e-06
-3.26337e-06
-3.55585e-06
-3.84722e-06
-4.13793e-06
-4.42851e-06
-4.71948e-06
-5.0115e-06
-5.30515e-06
-5.60136e-06
-5.90055e-06
-6.19966e-06
-6.49506e-06
-6.78583e-06
-7.07263e-06
-7.3563e-06
-7.63763e-06
-7.91732e-06
-8.19607e-06
-8.47452e-06
-8.75328e-06
-9.03289e-06
-9.31392e-06
-9.59716e-06
-9.88306e-06
-1.01717e-05
-1.04638e-05
-1.07596e-05
-1.10596e-05
-1.13641e-05
-1.16732e-05
-1.19873e-05
-1.23064e-05
-1.26306e-05
4.56994e-07
1.23258e-07
-2.061e-07
-5.31171e-07
-8.52041e-07
-1.16883e-06
-1.48171e-06
-1.79085e-06
-2.09648e-06
-2.39884e-06
-2.69821e-06
-2.99491e-06
-3.28926e-06
-3.58164e-06
-3.87243e-06
-4.16208e-06
-4.45104e-06
-4.73981e-06
-5.02899e-06
-5.31906e-06
-5.61089e-06
-5.90479e-06
-6.19841e-06
-6.48898e-06
-6.77574e-06
-7.05927e-06
-7.34034e-06
-7.61964e-06
-7.89783e-06
-8.17553e-06
-8.45333e-06
-8.73184e-06
-9.01153e-06
-9.29274e-06
-9.57675e-06
-9.8636e-06
-1.01534e-05
-1.04468e-05
-1.07443e-05
-1.10462e-05
-1.13527e-05
-1.16642e-05
-1.19808e-05
-1.23027e-05
-1.26299e-05
4.55921e-07
1.18878e-07
-2.13565e-07
-5.41483e-07
-8.64951e-07
-1.18408e-06
-1.49903e-06
-1.80997e-06
-2.1171e-06
-2.42067e-06
-2.72093e-06
-3.01817e-06
-3.31272e-06
-3.60491e-06
-3.89511e-06
-4.18372e-06
-4.47118e-06
-4.75792e-06
-5.04448e-06
-5.3313e-06
-5.61915e-06
-5.90828e-06
-6.19693e-06
-6.48312e-06
-6.76622e-06
-7.04677e-06
-7.32545e-06
-7.60286e-06
-7.87961e-06
-8.15629e-06
-8.43343e-06
-8.71164e-06
-8.99117e-06
-9.27262e-06
-9.55732e-06
-9.84485e-06
-1.01356e-05
-1.04302e-05
-1.07291e-05
-1.10326e-05
-1.1341e-05
-1.16546e-05
-1.19735e-05
-1.22978e-05
-1.26278e-05
4.54046e-07
1.14099e-07
-2.21045e-07
-5.51447e-07
-8.77176e-07
-1.19834e-06
-1.51507e-06
-1.82755e-06
-2.13597e-06
-2.44054e-06
-2.74153e-06
-3.03921e-06
-3.33387e-06
-3.62584e-06
-3.91546e-06
-4.20311e-06
-4.48917e-06
-4.77405e-06
-5.05825e-06
-5.34213e-06
-5.62641e-06
-5.91125e-06
-6.19544e-06
-6.47769e-06
-6.7575e-06
-7.03534e-06
-7.31183e-06
-7.58752e-06
-7.86294e-06
-8.13865e-06
-8.41514e-06
-8.693e-06
-8.97226e-06
-9.25409e-06
-9.53922e-06
-9.82727e-06
-1.01188e-05
-1.04145e-05
-1.07146e-05
-1.10195e-05
-1.13296e-05
-1.1645e-05
-1.19659e-05
-1.22926e-05
-1.2625e-05
4.51771e-07
1.09274e-07
-2.28236e-07
-5.60808e-07
-8.88506e-07
-1.21143e-06
-1.52972e-06
-1.84352e-06
-2.15303e-06
-2.45847e-06
-2.76006e-06
-3.05809e-06
-3.35282e-06
-3.64456e-06
-3.93363e-06
-4.22039e-06
-4.50519e-06
-4.7884e-06
-5.07047e-06
-5.35174e-06
-5.63284e-06
-5.91385e-06
-6.19405e-06
-6.47278e-06
-6.74966e-06
-7.02508e-06
-7.29961e-06
-7.57372e-06
-7.84794e-06
-8.12274e-06
-8.39862e-06
-8.67608e-06
-8.95521e-06
-9.23729e-06
-9.52265e-06
-9.81117e-06
-1.01034e-05
-1.04e-05
-1.07011e-05
-1.10073e-05
-1.13188e-05
-1.16358e-05
-1.19586e-05
-1.22872e-05
-1.26218e-05
4.49293e-07
1.04534e-07
-2.35063e-07
-5.69544e-07
-8.9897e-07
-1.22344e-06
-1.54307e-06
-1.85802e-06
-2.16848e-06
-2.47465e-06
-2.77676e-06
-3.07506e-06
-3.36983e-06
-3.66134e-06
-3.94991e-06
-4.23586e-06
-4.51952e-06
-4.80124e-06
-5.08141e-06
-5.36034e-06
-5.63861e-06
-5.9162e-06
-6.1928e-06
-6.46837e-06
-6.74263e-06
-7.0159e-06
-7.28866e-06
-7.56136e-06
-7.83448e-06
-8.10847e-06
-8.38378e-06
-8.66088e-06
-8.93993e-06
-9.22206e-06
-9.50761e-06
-9.79655e-06
-1.00894e-05
-1.03867e-05
-1.06888e-05
-1.0996e-05
-1.13087e-05
-1.16272e-05
-1.19515e-05
-1.22819e-05
-1.26185e-05
4.46588e-07
9.97066e-08
-2.41843e-07
-5.78105e-07
-9.09138e-07
-1.23503e-06
-1.55591e-06
-1.87192e-06
-2.18325e-06
-2.49008e-06
-2.79265e-06
-3.09119e-06
-3.38597e-06
-3.67726e-06
-3.96533e-06
-4.2505e-06
-4.53308e-06
-4.81338e-06
-5.09177e-06
-5.3685e-06
-5.64409e-06
-5.91847e-06
-6.19165e-06
-6.46423e-06
-6.73602e-06
-7.00727e-06
-7.27835e-06
-7.54971e-06
-7.82178e-06
-8.09498e-06
-8.36975e-06
-8.64649e-06
-8.92541e-06
-9.20754e-06
-9.49327e-06
-9.78258e-06
-1.0076e-05
-1.03739e-05
-1.06768e-05
-1.09851e-05
-1.12989e-05
-1.16186e-05
-1.19445e-05
-1.22765e-05
-1.26149e-05
4.43859e-07
9.49504e-08
-2.4849e-07
-5.86494e-07
-9.19108e-07
-1.24642e-06
-1.56853e-06
-1.8856e-06
-2.19779e-06
-2.50529e-06
-2.80831e-06
-3.10709e-06
-3.40187e-06
-3.69291e-06
-3.98049e-06
-4.26488e-06
-4.54638e-06
-4.82525e-06
-5.10184e-06
-5.37637e-06
-5.64934e-06
-5.92059e-06
-6.19063e-06
-6.46037e-06
-6.7297e-06
-6.99886e-06
-7.2683e-06
-7.53833e-06
-7.80935e-06
-8.08176e-06
-8.35595e-06
-8.63232e-06
-8.91108e-06
-9.1932e-06
-9.47912e-06
-9.76877e-06
-1.00626e-05
-1.03612e-05
-1.06649e-05
-1.09742e-05
-1.12892e-05
-1.16102e-05
-1.19375e-05
-1.22712e-05
-1.26114e-05
-4.39719e-06
-9.93207e-06
-1.06365e-05
-1.10634e-05
-1.17015e-05
-1.24785e-05
-1.33624e-05
-1.43345e-05
-1.5385e-05
-1.65106e-05
-1.77118e-05
-1.89922e-05
-2.03589e-05
-2.18241e-05
-2.34068e-05
-1.86e-06
-7.10707e-06
-9.09989e-06
-1.02787e-05
-1.12815e-05
-1.22377e-05
-1.3217e-05
-1.42445e-05
-1.53286e-05
-1.6475e-05
-1.76889e-05
-1.89766e-05
-2.03468e-05
-2.18128e-05
-2.33941e-05
-3.49763e-07
-5.23146e-06
-7.9096e-06
-9.57553e-06
-1.08672e-05
-1.19926e-05
-1.30689e-05
-1.41537e-05
-1.52726e-05
-1.64404e-05
-1.76671e-05
-1.89618e-05
-2.03352e-05
-2.18015e-05
-2.33809e-05
2.11599e-07
-4.06117e-06
-6.96515e-06
-8.94074e-06
-1.04614e-05
-1.1744e-05
-1.29188e-05
-1.40634e-05
-1.52186e-05
-1.64082e-05
-1.76476e-05
-1.8949e-05
-2.0325e-05
-2.1791e-05
-2.33677e-05
3.41833e-07
-3.17422e-06
-6.07598e-06
-8.27489e-06
-1.00072e-05
-1.14539e-05
-1.2741e-05
-1.39571e-05
-1.51564e-05
-1.63723e-05
-1.76268e-05
-1.89359e-05
-2.03146e-05
-2.178e-05
-2.33534e-05
3.44357e-07
-2.57807e-06
-5.29756e-06
-7.59266e-06
-9.49407e-06
-1.11015e-05
-1.25142e-05
-1.38175e-05
-1.50735e-05
-1.63245e-05
-1.75992e-05
-1.89189e-05
-2.03017e-05
-2.17667e-05
-2.33364e-05
1.98302e-07
-2.24682e-06
-4.70214e-06
-6.96452e-06
-8.95654e-06
-1.06933e-05
-1.22293e-05
-1.36306e-05
-1.49565e-05
-1.62536e-05
-1.75567e-05
-1.88922e-05
-2.02821e-05
-2.17481e-05
-2.33142e-05
-1.13766e-07
-2.16413e-06
-4.32981e-06
-6.46253e-06
-8.4546e-06
-1.02638e-05
-1.1898e-05
-1.33935e-05
-1.4796e-05
-1.61491e-05
-1.74897e-05
-1.88479e-05
-2.02495e-05
-2.17191e-05
-2.32828e-05
-5.68473e-07
-2.29753e-06
-4.1842e-06
-6.13324e-06
-8.04828e-06
-9.86324e-06
-1.15518e-05
-1.312e-05
-1.45935e-05
-1.60055e-05
-1.73898e-05
-1.87773e-05
-2.0196e-05
-2.16729e-05
-2.32362e-05
-1.13953e-06
-2.60908e-06
-4.24528e-06
-5.99231e-06
-7.77906e-06
-9.54007e-06
-1.1232e-05
-1.2838e-05
-1.43632e-05
-1.58269e-05
-1.72547e-05
-1.86747e-05
-2.01144e-05
-2.1602e-05
-2.3167e-05
-1.80591e-06
-3.06507e-06
-4.48405e-06
-6.03295e-06
-7.6653e-06
-9.32832e-06
-1.09763e-05
-1.25799e-05
-1.41283e-05
-1.56263e-05
-1.70893e-05
-1.85391e-05
-2.00002e-05
-2.14998e-05
-2.30675e-05
-2.55275e-06
-3.63956e-06
-4.87256e-06
-6.23777e-06
-7.70784e-06
-9.24568e-06
-1.08123e-05
-1.23751e-05
-1.39139e-05
-1.54219e-05
-1.69042e-05
-1.83746e-05
-1.98524e-05
-2.13619e-05
-2.2931e-05
-3.36966e-06
-4.3136e-06
-5.38769e-06
-6.58729e-06
-7.89824e-06
-9.29744e-06
-1.07562e-05
-1.22456e-05
-1.37425e-05
-1.52328e-05
-1.67129e-05
-1.81886e-05
-1.96731e-05
-2.11859e-05
-2.27515e-05
-4.24781e-06
-5.07219e-06
-6.01034e-06
-7.06284e-06
-8.2239e-06
-9.48102e-06
-1.08158e-05
-1.22067e-05
-1.36324e-05
-1.50763e-05
-1.65293e-05
-1.79903e-05
-1.94661e-05
-2.09707e-05
-2.25238e-05
-5.17744e-06
-5.90121e-06
-6.72302e-06
-7.64609e-06
-8.66957e-06
-9.78817e-06
-1.09919e-05
-1.2267e-05
-1.35973e-05
-1.49678e-05
-1.6367e-05
-1.77895e-05
-1.92367e-05
-2.07166e-05
-2.22438e-05
-6.14656e-06
-6.7855e-06
-7.50784e-06
-8.31788e-06
-9.21739e-06
-1.02055e-05
-1.12782e-05
-1.24282e-05
-1.36457e-05
-1.49193e-05
-1.62388e-05
-1.7597e-05
-1.89916e-05
-2.04258e-05
-2.19085e-05
-7.1418e-06
-7.70904e-06
-8.34633e-06
-9.05807e-06
-9.84719e-06
-1.07152e-05
-1.16617e-05
-1.26845e-05
-1.37788e-05
-1.4938e-05
-1.6155e-05
-1.74234e-05
-1.87395e-05
-2.01032e-05
-2.15186e-05
-8.14715e-06
-8.65378e-06
-9.21829e-06
-9.84473e-06
-1.05363e-05
-1.12954e-05
-1.21238e-05
-1.30222e-05
-1.39896e-05
-1.50237e-05
-1.61209e-05
-1.72774e-05
-1.849e-05
-1.97572e-05
-2.10799e-05
-9.14139e-06
-9.59669e-06
-1.00989e-05
-1.06515e-05
-1.12572e-05
-1.19188e-05
-1.26389e-05
-1.34194e-05
-1.4262e-05
-1.51671e-05
-1.61344e-05
-1.71628e-05
-1.82511e-05
-1.93982e-05
-2.06033e-05
-1.0105e-05
-1.05164e-05
-1.09649e-05
-1.14531e-05
-1.19833e-05
-1.2558e-05
-1.31798e-05
-1.38514e-05
-1.45753e-05
-1.53536e-05
-1.61882e-05
-1.70803e-05
-1.80306e-05
-1.90396e-05
-2.01069e-05
-1.09427e-05
-1.13198e-05
-1.17257e-05
-1.21623e-05
-1.26313e-05
-1.31349e-05
-1.36753e-05
-1.42551e-05
-1.48771e-05
-1.55438e-05
-1.62582e-05
-1.70227e-05
-1.78398e-05
-1.87114e-05
-1.96384e-05
-1.15884e-05
-1.19412e-05
-1.23163e-05
-1.2715e-05
-1.31389e-05
-1.35897e-05
-1.40693e-05
-1.45801e-05
-1.51245e-05
-1.57053e-05
-1.63253e-05
-1.69877e-05
-1.76957e-05
-1.84522e-05
-1.92598e-05
-1.20347e-05
-1.23713e-05
-1.27258e-05
-1.30991e-05
-1.34925e-05
-1.39075e-05
-1.43458e-05
-1.48092e-05
-1.53e-05
-1.58206e-05
-1.63738e-05
-1.69628e-05
-1.75911e-05
-1.82621e-05
-1.89792e-05
-1.23459e-05
-1.26725e-05
-1.30138e-05
-1.33706e-05
-1.37438e-05
-1.41348e-05
-1.4545e-05
-1.49759e-05
-1.54296e-05
-1.59081e-05
-1.64141e-05
-1.69507e-05
-1.7521e-05
-1.81287e-05
-1.87776e-05
-1.25602e-05
-1.28813e-05
-1.32147e-05
-1.35611e-05
-1.39215e-05
-1.42968e-05
-1.46883e-05
-1.50974e-05
-1.55257e-05
-1.59752e-05
-1.64481e-05
-1.69474e-05
-1.74759e-05
-1.80372e-05
-1.8635e-05
-1.27053e-05
-1.30241e-05
-1.33535e-05
-1.36942e-05
-1.40469e-05
-1.44126e-05
-1.47922e-05
-1.5187e-05
-1.55984e-05
-1.60282e-05
-1.64782e-05
-1.69511e-05
-1.74495e-05
-1.79766e-05
-1.85359e-05
-1.28019e-05
-1.31207e-05
-1.34489e-05
-1.3787e-05
-1.41359e-05
-1.44962e-05
-1.48689e-05
-1.52548e-05
-1.56553e-05
-1.60719e-05
-1.65062e-05
-1.69605e-05
-1.7437e-05
-1.79387e-05
-1.84685e-05
-1.28651e-05
-1.31854e-05
-1.35143e-05
-1.38522e-05
-1.41999e-05
-1.45578e-05
-1.49268e-05
-1.53077e-05
-1.57014e-05
-1.61094e-05
-1.6533e-05
-1.6974e-05
-1.74345e-05
-1.79169e-05
-1.84239e-05
-1.29056e-05
-1.32284e-05
-1.35592e-05
-1.38985e-05
-1.42466e-05
-1.46042e-05
-1.49718e-05
-1.53501e-05
-1.574e-05
-1.61425e-05
-1.65587e-05
-1.69903e-05
-1.74388e-05
-1.79064e-05
-1.83952e-05
-1.29309e-05
-1.32569e-05
-1.35904e-05
-1.39319e-05
-1.42817e-05
-1.46402e-05
-1.50079e-05
-1.53853e-05
-1.57731e-05
-1.61722e-05
-1.65835e-05
-1.70082e-05
-1.74476e-05
-1.79035e-05
-1.83776e-05
-1.29464e-05
-1.32757e-05
-1.36124e-05
-1.39565e-05
-1.43086e-05
-1.46688e-05
-1.50374e-05
-1.5415e-05
-1.5802e-05
-1.61991e-05
-1.6607e-05
-1.70265e-05
-1.74589e-05
-1.79054e-05
-1.83674e-05
-1.29554e-05
-1.32883e-05
-1.36281e-05
-1.39752e-05
-1.43298e-05
-1.4692e-05
-1.50622e-05
-1.54406e-05
-1.58275e-05
-1.62234e-05
-1.66289e-05
-1.70446e-05
-1.74713e-05
-1.79101e-05
-1.8362e-05
-1.29604e-05
-1.32966e-05
-1.36396e-05
-1.39896e-05
-1.43468e-05
-1.47113e-05
-1.50832e-05
-1.54627e-05
-1.585e-05
-1.62453e-05
-1.66491e-05
-1.70618e-05
-1.74839e-05
-1.79163e-05
-1.83595e-05
-1.29629e-05
-1.33022e-05
-1.36482e-05
-1.4001e-05
-1.43608e-05
-1.47275e-05
-1.51012e-05
-1.54819e-05
-1.58698e-05
-1.62649e-05
-1.66675e-05
-1.70778e-05
-1.7496e-05
-1.79229e-05
-1.83587e-05
-1.29637e-05
-1.33059e-05
-1.36547e-05
-1.40102e-05
-1.43724e-05
-1.47412e-05
-1.51166e-05
-1.54987e-05
-1.58872e-05
-1.62823e-05
-1.66839e-05
-1.70923e-05
-1.75073e-05
-1.79295e-05
-1.83588e-05
-1.29635e-05
-1.33083e-05
-1.36596e-05
-1.40176e-05
-1.4382e-05
-1.47528e-05
-1.51299e-05
-1.55132e-05
-1.59024e-05
-1.62976e-05
-1.66986e-05
-1.71052e-05
-1.75176e-05
-1.79357e-05
-1.83594e-05
-1.29626e-05
-1.33098e-05
-1.36634e-05
-1.40236e-05
-1.439e-05
-1.47627e-05
-1.51413e-05
-1.55257e-05
-1.59157e-05
-1.6311e-05
-1.67114e-05
-1.71167e-05
-1.75267e-05
-1.79413e-05
-1.83602e-05
-1.29614e-05
-1.33107e-05
-1.36664e-05
-1.40285e-05
-1.43968e-05
-1.47711e-05
-1.51511e-05
-1.55366e-05
-1.59273e-05
-1.63228e-05
-1.67227e-05
-1.71269e-05
-1.75348e-05
-1.79464e-05
-1.83609e-05
-1.29598e-05
-1.33111e-05
-1.36688e-05
-1.40328e-05
-1.44028e-05
-1.47787e-05
-1.51601e-05
-1.55466e-05
-1.5938e-05
-1.63336e-05
-1.67332e-05
-1.71364e-05
-1.75424e-05
-1.79512e-05
-1.83617e-05
-1.29581e-05
-1.33112e-05
-1.36707e-05
-1.40365e-05
-1.44082e-05
-1.47856e-05
-1.51683e-05
-1.55559e-05
-1.59479e-05
-1.63438e-05
-1.67431e-05
-1.71452e-05
-1.75495e-05
-1.79556e-05
-1.83624e-05
-4.18116e-06
-4.18083e-06
-4.18467e-06
-4.19198e-06
-4.20213e-06
-4.21445e-06
-4.22869e-06
-4.24466e-06
-4.2623e-06
-4.28166e-06
-4.30284e-06
-4.32597e-06
-4.35118e-06
-4.37856e-06
-4.40809e-06
-4.43963e-06
-4.47284e-06
-4.50711e-06
-4.54145e-06
-4.57428e-06
-4.60342e-06
-4.62597e-06
-4.63617e-06
-4.62711e-06
-4.59344e-06
-4.53021e-06
-4.43294e-06
-4.29863e-06
-4.12692e-06
-3.92064e-06
-3.68153e-06
-3.4151e-06
-3.13857e-06
-2.8681e-06
-2.61953e-06
-2.40717e-06
-2.24352e-06
-2.13648e-06
-2.08693e-06
-2.08841e-06
-2.12794e-06
-2.1885e-06
-2.25366e-06
-2.30166e-06
-2.32157e-06
-4.17569e-06
-4.17607e-06
-4.17922e-06
-4.18453e-06
-4.19155e-06
-4.20021e-06
-4.21027e-06
-4.22163e-06
-4.23427e-06
-4.24823e-06
-4.26359e-06
-4.28044e-06
-4.29887e-06
-4.31898e-06
-4.34083e-06
-4.36437e-06
-4.38946e-06
-4.41571e-06
-4.4424e-06
-4.46824e-06
-4.49123e-06
-4.50831e-06
-4.51368e-06
-4.50123e-06
-4.46635e-06
-4.40461e-06
-4.3122e-06
-4.18662e-06
-4.02729e-06
-3.83562e-06
-3.61633e-06
-3.38101e-06
-3.14014e-06
-2.90468e-06
-2.6884e-06
-2.50568e-06
-2.36706e-06
-2.27737e-06
-2.23522e-06
-2.23338e-06
-2.26038e-06
-2.30298e-06
-2.34875e-06
-2.3879e-06
-2.4142e-06
-4.16191e-06
-4.1647e-06
-4.1688e-06
-4.1742e-06
-4.18074e-06
-4.18829e-06
-4.19677e-06
-4.20616e-06
-4.21649e-06
-4.22782e-06
-4.24026e-06
-4.25394e-06
-4.26901e-06
-4.28564e-06
-4.30402e-06
-4.32437e-06
-4.34688e-06
-4.37173e-06
-4.39894e-06
-4.42823e-06
-4.45882e-06
-4.48877e-06
-4.51236e-06
-4.52231e-06
-4.51224e-06
-4.47571e-06
-4.4068e-06
-4.30125e-06
-4.15727e-06
-3.97596e-06
-3.76127e-06
-3.52314e-06
-3.27403e-06
-3.02818e-06
-2.80104e-06
-2.6072e-06
-2.45795e-06
-2.35924e-06
-2.31059e-06
-2.30543e-06
-2.33269e-06
-2.37921e-06
-2.43236e-06
-2.48433e-06
-2.53416e-06
-4.14395e-06
-4.14979e-06
-4.15548e-06
-4.16146e-06
-4.16793e-06
-4.17486e-06
-4.18224e-06
-4.19015e-06
-4.19867e-06
-4.20795e-06
-4.21816e-06
-4.2295e-06
-4.24224e-06
-4.25672e-06
-4.2734e-06
-4.29289e-06
-4.31601e-06
-4.34384e-06
-4.37768e-06
-4.41897e-06
-4.469e-06
-4.52782e-06
-4.58921e-06
-4.64236e-06
-4.67713e-06
-4.68325e-06
-4.65103e-06
-4.57398e-06
-4.44909e-06
-4.27713e-06
-4.06296e-06
-3.81549e-06
-3.54832e-06
-3.27752e-06
-3.02075e-06
-2.79516e-06
-2.61495e-06
-2.48903e-06
-2.4195e-06
-2.40146e-06
-2.42443e-06
-2.47452e-06
-2.53747e-06
-2.60511e-06
-2.67848e-06
-4.12511e-06
-4.13435e-06
-4.14183e-06
-4.14868e-06
-4.15546e-06
-4.16222e-06
-4.16903e-06
-4.17603e-06
-4.1834e-06
-4.19134e-06
-4.20011e-06
-4.21002e-06
-4.22148e-06
-4.23505e-06
-4.25156e-06
-4.27214e-06
-4.29848e-06
-4.33289e-06
-4.37845e-06
-4.43902e-06
-4.51881e-06
-4.62079e-06
-4.73788e-06
-4.85319e-06
-4.95065e-06
-5.0144e-06
-5.02992e-06
-4.98984e-06
-4.89071e-06
-4.73248e-06
-4.51863e-06
-4.25899e-06
-3.96707e-06
-3.66044e-06
-3.3592e-06
-3.08396e-06
-2.85334e-06
-2.6811e-06
-2.57379e-06
-2.5297e-06
-2.53954e-06
-2.58844e-06
-2.65953e-06
-2.74297e-06
-2.84041e-06
-4.10828e-06
-4.12051e-06
-4.12974e-06
-4.1376e-06
-4.14493e-06
-4.15186e-06
-4.1585e-06
-4.16508e-06
-4.17186e-06
-4.1791e-06
-4.18714e-06
-4.1964e-06
-4.20747e-06
-4.22116e-06
-4.23868e-06
-4.26184e-06
-4.29327e-06
-4.33679e-06
-4.39766e-06
-4.48266e-06
-4.5996e-06
-4.75511e-06
-4.94093e-06
-5.13141e-06
-5.30222e-06
-5.43089e-06
-5.5026e-06
-5.50802e-06
-5.44102e-06
-5.3033e-06
-5.09344e-06
-4.82205e-06
-4.5034e-06
-4.15595e-06
-3.80176e-06
-3.46498e-06
-3.1694e-06
-2.93501e-06
-2.77457e-06
-2.69116e-06
-2.67779e-06
-2.71893e-06
-2.79469e-06
-2.89283e-06
-3.01513e-06
-4.09497e-06
-4.10983e-06
-4.12069e-06
-4.12957e-06
-4.13756e-06
-4.14483e-06
-4.15156e-06
-4.15803e-06
-4.16456e-06
-4.17149e-06
-4.17923e-06
-4.18832e-06
-4.19948e-06
-4.21381e-06
-4.23291e-06
-4.25925e-06
-4.29651e-06
-4.35012e-06
-4.42773e-06
-4.5394e-06
-4.69688e-06
-4.91085e-06
-5.17161e-06
-5.44235e-06
-5.68949e-06
-5.88988e-06
-6.0277e-06
-6.08643e-06
-6.056e-06
-5.93378e-06
-5.72915e-06
-5.44954e-06
-5.10771e-06
-4.72172e-06
-4.31451e-06
-3.91301e-06
-3.54589e-06
-3.23986e-06
-3.01511e-06
-2.88111e-06
-2.83472e-06
-2.8607e-06
-2.93642e-06
-3.04715e-06
-3.19452e-06
-4.0863e-06
-4.10341e-06
-4.11572e-06
-4.12557e-06
-4.13424e-06
-4.14193e-06
-4.14886e-06
-4.15537e-06
-4.16182e-06
-4.16862e-06
-4.17622e-06
-4.18527e-06
-4.19662e-06
-4.21159e-06
-4.23219e-06
-4.26148e-06
-4.3042e-06
-4.36737e-06
-4.4611e-06
-4.59892e-06
-4.79669e-06
-5.06908e-06
-5.40566e-06
-5.7581e-06
-6.08447e-06
-6.35616e-06
-6.55034e-06
-6.65172e-06
-6.65345e-06
-6.55417e-06
-6.35984e-06
-6.07774e-06
-5.71983e-06
-5.30308e-06
-4.85011e-06
-4.38918e-06
-3.95264e-06
-3.57333e-06
-3.27921e-06
-3.08736e-06
-3.00005e-06
-3.00389e-06
-3.07446e-06
-3.19486e-06
-3.3665e-06
-4.08285e-06
-4.10189e-06
-4.11548e-06
-4.12622e-06
-4.13554e-06
-4.14365e-06
-4.1508e-06
-4.15737e-06
-4.16374e-06
-4.17037e-06
-4.17776e-06
-4.18661e-06
-4.19791e-06
-4.21313e-06
-4.23462e-06
-4.26601e-06
-4.31295e-06
-4.38402e-06
-4.49168e-06
-4.65302e-06
-4.88802e-06
-5.21433e-06
-5.6224e-06
-6.05104e-06
-6.44898e-06
-6.78189e-06
-7.02495e-06
-7.16414e-06
-7.19431e-06
-7.11498e-06
-6.93152e-06
-6.65106e-06
-6.2844e-06
-5.84678e-06
-5.35933e-06
-4.85001e-06
-4.35303e-06
-3.90589e-06
-3.54382e-06
-3.29177e-06
-3.15879e-06
-3.13497e-06
-3.19554e-06
-3.32218e-06
-3.51619e-06
-4.08482e-06
-4.10556e-06
-4.12028e-06
-4.13184e-06
-4.14176e-06
-4.15024e-06
-4.15754e-06
-4.16406e-06
-4.17021e-06
-4.17647e-06
-4.18338e-06
-4.19167e-06
-4.20239e-06
-4.21718e-06
-4.23861e-06
-4.27081e-06
-4.32024e-06
-4.39683e-06
-4.51525e-06
-4.69617e-06
-4.96361e-06
-5.33656e-06
-5.80837e-06
-6.30411e-06
-6.7629e-06
-7.14621e-06
-7.42852e-06
-7.59698e-06
-7.64807e-06
-7.58342e-06
-7.4089e-06
-7.13173e-06
-6.76165e-06
-6.31194e-06
-5.80146e-06
-5.25656e-06
-4.71148e-06
-4.20641e-06
-3.78281e-06
-3.47276e-06
-3.29272e-06
-3.23776e-06
-3.28426e-06
-3.41357e-06
-3.62715e-06
-4.0922e-06
-4.11451e-06
-4.13029e-06
-4.1426e-06
-4.15304e-06
-4.16179e-06
-4.16909e-06
-4.17536e-06
-4.18105e-06
-4.18661e-06
-4.19261e-06
-4.19979e-06
-4.20927e-06
-4.22274e-06
-4.24299e-06
-4.27449e-06
-4.32441e-06
-4.40387e-06
-4.52944e-06
-4.72495e-06
-5.01828e-06
-5.43258e-06
-5.95746e-06
-6.50976e-06
-7.01797e-06
-7.44035e-06
-7.75109e-06
-7.93891e-06
-8.00257e-06
-7.94618e-06
-7.7767e-06
-7.50186e-06
-7.1306e-06
-6.67436e-06
-6.14957e-06
-5.58016e-06
-4.99894e-06
-4.44692e-06
-3.97118e-06
-3.60835e-06
-3.38252e-06
-3.29486e-06
-3.32428e-06
-3.45278e-06
-3.68262e-06
-4.10486e-06
-4.12873e-06
-4.14552e-06
-4.15853e-06
-4.16941e-06
-4.17828e-06
-4.18539e-06
-4.19115e-06
-4.19601e-06
-4.20044e-06
-4.205e-06
-4.21044e-06
-4.21788e-06
-4.22908e-06
-4.24694e-06
-4.27623e-06
-4.32467e-06
-4.4044e-06
-4.53363e-06
-4.73854e-06
-5.05067e-06
-5.50111e-06
-6.06967e-06
-6.66717e-06
-7.21375e-06
-7.66446e-06
-7.99347e-06
-8.19146e-06
-8.2597e-06
-8.20482e-06
-8.03529e-06
-7.75956e-06
-7.38617e-06
-6.92512e-06
-6.39057e-06
-5.80393e-06
-5.19556e-06
-4.60547e-06
-4.08776e-06
-3.67868e-06
-3.40969e-06
-3.28917e-06
-3.29944e-06
-3.424e-06
-3.66654e-06
-4.12266e-06
-4.14815e-06
-4.16596e-06
-4.17965e-06
-4.19087e-06
-4.1997e-06
-4.20636e-06
-4.21128e-06
-4.2149e-06
-4.21769e-06
-4.22021e-06
-4.22321e-06
-4.22778e-06
-4.23574e-06
-4.25004e-06
-4.27568e-06
-4.32082e-06
-4.39849e-06
-4.52834e-06
-4.73807e-06
-5.06444e-06
-5.54276e-06
-6.14667e-06
-6.77972e-06
-7.355e-06
-7.82478e-06
-8.16349e-06
-8.3638e-06
-8.42958e-06
-8.36977e-06
-8.19449e-06
-7.91306e-06
-7.53394e-06
-7.06619e-06
-6.52224e-06
-5.92131e-06
-5.29129e-06
-4.66894e-06
-4.11483e-06
-3.66658e-06
-3.35772e-06
-3.20504e-06
-3.19486e-06
-3.31271e-06
-3.56447e-06
-4.14548e-06
-4.17276e-06
-4.19165e-06
-4.20597e-06
-4.21742e-06
-4.22601e-06
-4.23194e-06
-4.23563e-06
-4.23753e-06
-4.23812e-06
-4.23796e-06
-4.23778e-06
-4.23868e-06
-4.24244e-06
-4.25212e-06
-4.27283e-06
-4.31312e-06
-4.38675e-06
-4.51471e-06
-4.72654e-06
-5.0625e-06
-5.56041e-06
-6.19241e-06
-6.85332e-06
-7.44932e-06
-7.93069e-06
-8.27223e-06
-8.46852e-06
-8.52584e-06
-8.45523e-06
-8.26834e-06
-7.97535e-06
-7.585e-06
-7.10579e-06
-6.54905e-06
-5.93233e-06
-5.28202e-06
-4.63318e-06
-4.04163e-06
-3.55756e-06
-3.21272e-06
-3.0292e-06
-2.99773e-06
-3.10639e-06
-3.36412e-06
-4.17332e-06
-4.2026e-06
-4.22263e-06
-4.23757e-06
-4.24913e-06
-4.25724e-06
-4.26209e-06
-4.26411e-06
-4.26376e-06
-4.26155e-06
-4.25805e-06
-4.25397e-06
-4.25039e-06
-4.24912e-06
-4.25322e-06
-4.26793e-06
-4.3021e-06
-4.37011e-06
-4.49418e-06
-4.70589e-06
-5.04718e-06
-5.55859e-06
-6.21289e-06
-6.89502e-06
-7.50529e-06
-7.99243e-06
-8.33154e-06
-8.51874e-06
-8.56263e-06
-8.47595e-06
-8.27163e-06
-7.96069e-06
-7.55237e-06
-7.0548e-06
-6.47901e-06
-5.84147e-06
-5.16772e-06
-4.49317e-06
-3.86373e-06
-3.34417e-06
-2.96543e-06
-2.75158e-06
-2.69783e-06
-2.79485e-06
-3.05559e-06
-4.20625e-06
-4.23779e-06
-4.25907e-06
-4.27458e-06
-4.28609e-06
-4.29344e-06
-4.29681e-06
-4.29666e-06
-4.29348e-06
-4.28783e-06
-4.2803e-06
-4.27163e-06
-4.26284e-06
-4.25577e-06
-4.25352e-06
-4.26137e-06
-4.28844e-06
-4.34965e-06
-4.46825e-06
-4.67762e-06
-5.02132e-06
-5.54238e-06
-6.21396e-06
-6.91184e-06
-7.53142e-06
-8.01962e-06
-8.35206e-06
-8.5265e-06
-8.55289e-06
-8.44541e-06
-8.21806e-06
-7.88256e-06
-7.44847e-06
-6.9245e-06
-6.32151e-06
-5.65567e-06
-4.95178e-06
-4.24654e-06
-3.58031e-06
-3.0223e-06
-2.60947e-06
-2.36466e-06
-2.28736e-06
-2.37025e-06
-2.63135e-06
-4.24448e-06
-4.27857e-06
-4.30121e-06
-4.31723e-06
-4.32847e-06
-4.33471e-06
-4.33612e-06
-4.33322e-06
-4.32658e-06
-4.31681e-06
-4.30458e-06
-4.29066e-06
-4.276e-06
-4.26249e-06
-4.25325e-06
-4.25361e-06
-4.27289e-06
-4.32647e-06
-4.43851e-06
-4.64391e-06
-4.98798e-06
-5.51586e-06
-6.20047e-06
-6.90986e-06
-7.53491e-06
-8.02088e-06
-8.34369e-06
-8.50224e-06
-8.50762e-06
-8.37506e-06
-8.11926e-06
-7.75252e-06
-7.28482e-06
-6.72548e-06
-6.08574e-06
-5.38208e-06
-4.63995e-06
-3.89611e-06
-3.19092e-06
-2.59143e-06
-2.14028e-06
-1.86304e-06
-1.76093e-06
-1.827e-06
-2.08632e-06
-4.28835e-06
-4.32531e-06
-4.3494e-06
-4.36582e-06
-4.37651e-06
-4.38119e-06
-4.38005e-06
-4.37373e-06
-4.3629e-06
-4.34829e-06
-4.33068e-06
-4.31093e-06
-4.28982e-06
-4.26934e-06
-4.25268e-06
-4.24513e-06
-4.25618e-06
-4.30164e-06
-4.40641e-06
-4.60681e-06
-4.94976e-06
-5.48224e-06
-6.1768e-06
-6.89451e-06
-7.52208e-06
-8.00332e-06
-8.31417e-06
-8.45434e-06
-8.43572e-06
-8.27417e-06
-7.98482e-06
-7.58028e-06
-7.07105e-06
-6.4671e-06
-5.78055e-06
-5.02881e-06
-4.23797e-06
-3.44498e-06
-2.69731e-06
-2.05243e-06
-1.55784e-06
-1.24446e-06
-1.11566e-06
-1.16136e-06
-1.41799e-06
-4.33831e-06
-4.37847e-06
-4.40408e-06
-4.42073e-06
-4.43048e-06
-4.43301e-06
-4.42862e-06
-4.41808e-06
-4.40227e-06
-4.38205e-06
-4.35835e-06
-4.33221e-06
-4.30428e-06
-4.27639e-06
-4.25203e-06
-4.23634e-06
-4.23897e-06
-4.2761e-06
-4.37326e-06
-4.56809e-06
-4.9089e-06
-5.44435e-06
-6.14654e-06
-6.87013e-06
-7.498e-06
-7.97255e-06
-8.26961e-06
-8.38935e-06
-8.34413e-06
-8.15003e-06
-7.82231e-06
-7.37375e-06
-6.81522e-06
-6.15751e-06
-5.41391e-06
-4.60327e-06
-3.75315e-06
-2.90207e-06
-2.09989e-06
-1.40347e-06
-8.6442e-07
-5.09589e-07
-3.50934e-07
-3.71316e-07
-6.25244e-07
-4.39496e-06
-4.43869e-06
-4.46585e-06
-4.48243e-06
-4.49071e-06
-4.49035e-06
-4.48182e-06
-4.46614e-06
-4.44443e-06
-4.4178e-06
-4.38741e-06
-4.35424e-06
-4.31902e-06
-4.28365e-06
-4.25144e-06
-4.22759e-06
-4.22182e-06
-4.2506e-06
-4.34016e-06
-4.5291e-06
-4.86717e-06
-5.40445e-06
-6.11249e-06
-6.84008e-06
-7.46651e-06
-7.93285e-06
-8.21465e-06
-8.31226e-06
-8.23812e-06
-8.00824e-06
-7.63771e-06
-7.13927e-06
-6.5241e-06
-5.80382e-06
-4.99312e-06
-4.11272e-06
-3.19225e-06
-2.27248e-06
-1.40529e-06
-6.49549e-07
-6.02321e-08
3.39898e-07
5.33663e-07
5.37163e-07
2.9607e-07
-4.45909e-06
-4.50675e-06
-4.53539e-06
-4.55149e-06
-4.55756e-06
-4.55335e-06
-4.53959e-06
-4.51766e-06
-4.48905e-06
-4.45517e-06
-4.41739e-06
-4.37665e-06
-4.33389e-06
-4.291e-06
-4.25098e-06
-4.21911e-06
-4.20514e-06
-4.22581e-06
-4.30788e-06
-4.49093e-06
-4.82594e-06
-5.36426e-06
-6.07677e-06
-6.80687e-06
-7.4305e-06
-7.8874e-06
-8.15272e-06
-8.22671e-06
-8.12161e-06
-7.85305e-06
-7.43569e-06
-6.88203e-06
-6.20345e-06
-5.4124e-06
-4.5251e-06
-3.5644e-06
-2.56252e-06
-1.56303e-06
-6.20476e-07
2.0381e-07
8.5151e-07
1.29936e-06
1.53283e-06
1.55987e-06
1.34481e-06
-4.53164e-06
-4.58359e-06
-4.61357e-06
-4.62855e-06
-4.63141e-06
-4.62211e-06
-4.60178e-06
-4.57232e-06
-4.53566e-06
-4.4936e-06
-4.44773e-06
-4.39903e-06
-4.34865e-06
-4.29823e-06
-4.25059e-06
-4.211e-06
-4.18921e-06
-4.20216e-06
-4.27705e-06
-4.45436e-06
-4.78621e-06
-5.325e-06
-6.04092e-06
-6.77231e-06
-7.39201e-06
-7.83846e-06
-8.08626e-06
-8.13536e-06
-7.99751e-06
-7.68772e-06
-7.21997e-06
-6.60637e-06
-5.85838e-06
-4.98918e-06
-4.01659e-06
-2.96577e-06
-1.87184e-06
-7.81636e-07
2.46977e-07
1.14963e-06
1.8637e-06
2.3631e-06
2.63934e-06
2.69146e-06
2.51476e-06
-4.61379e-06
-4.67039e-06
-4.70139e-06
-4.71433e-06
-4.71267e-06
-4.69668e-06
-4.66815e-06
-4.62964e-06
-4.58368e-06
-4.53246e-06
-4.47787e-06
-4.42097e-06
-4.36288e-06
-4.30505e-06
-4.25014e-06
-4.20328e-06
-4.17418e-06
-4.17991e-06
-4.24808e-06
-4.41996e-06
-4.74865e-06
-5.28754e-06
-6.00597e-06
-6.73765e-06
-7.35246e-06
-7.78759e-06
-8.01699e-06
-8.0401e-06
-7.86796e-06
-7.51475e-06
-6.99362e-06
-6.31608e-06
-5.49353e-06
-4.53987e-06
-3.47439e-06
-2.32465e-06
-1.1288e-06
6.27143e-08
1.18828e-06
2.17986e-06
2.96803e-06
3.5258e-06
3.85202e-06
3.93667e-06
3.79456e-06
-4.707e-06
-4.76858e-06
-4.80003e-06
-4.80966e-06
-4.80169e-06
-4.77704e-06
-4.73834e-06
-4.68907e-06
-4.63242e-06
-4.5711e-06
-4.50721e-06
-4.44189e-06
-4.37612e-06
-4.31115e-06
-4.24942e-06
-4.19587e-06
-4.16007e-06
-4.15921e-06
-4.2212e-06
-4.38805e-06
-4.71371e-06
-5.25243e-06
-5.97262e-06
-6.70371e-06
-7.31281e-06
-7.73586e-06
-7.94608e-06
-7.94226e-06
-7.73457e-06
-7.33616e-06
-6.75921e-06
-6.01453e-06
-5.11335e-06
-4.07011e-06
-2.90552e-06
-1.64938e-06
-3.42902e-07
9.59765e-07
2.19291e-06
3.28415e-06
4.15609e-06
4.77903e-06
5.16362e-06
5.28926e-06
5.18353e-06
-4.8131e-06
-4.87989e-06
-4.91088e-06
-4.91539e-06
-4.89882e-06
-4.86302e-06
-4.81183e-06
-4.74991e-06
-4.6811e-06
-4.60878e-06
-4.53509e-06
-4.4612e-06
-4.38792e-06
-4.31621e-06
-4.2482e-06
-4.18861e-06
-4.14682e-06
-4.14008e-06
-4.19651e-06
-4.35878e-06
-4.68161e-06
-5.21995e-06
-5.94128e-06
-6.671e-06
-7.27364e-06
-7.68395e-06
-7.87433e-06
-7.84283e-06
-7.59859e-06
-7.15363e-06
-6.51906e-06
-5.7049e-06
-4.72212e-06
-3.58559e-06
-2.31721e-06
-9.48835e-07
4.7547e-07
1.89794e-06
3.24851e-06
4.44999e-06
5.41802e-06
6.11151e-06
6.55874e-06
6.73325e-06
6.67594e-06
-4.93435e-06
-5.00644e-06
-5.03555e-06
-5.03246e-06
-5.00428e-06
-4.95427e-06
-4.88795e-06
-4.81131e-06
-4.72893e-06
-4.64471e-06
-4.56083e-06
-4.47838e-06
-4.39787e-06
-4.3199e-06
-4.24625e-06
-4.18132e-06
-4.13431e-06
-4.12243e-06
-4.17399e-06
-4.33219e-06
-4.65242e-06
-5.19026e-06
-5.91214e-06
-6.63979e-06
-7.23532e-06
-7.6323e-06
-7.80232e-06
-7.74254e-06
-7.46102e-06
-6.9686e-06
-6.27525e-06
-5.39019e-06
-4.32406e-06
-3.09201e-06
-1.71694e-06
-2.32384e-07
1.31511e-06
2.86443e-06
4.34089e-06
5.66158e-06
6.7396e-06
7.51703e-06
8.02835e-06
8.25946e-06
8.25704e-06
-5.07361e-06
-5.15078e-06
-5.17585e-06
-5.16175e-06
-5.11813e-06
-5.05028e-06
-4.96593e-06
-4.8723e-06
-4.775e-06
-4.67812e-06
-4.58383e-06
-4.49296e-06
-4.4056e-06
-4.32194e-06
-4.24333e-06
-4.17385e-06
-4.1224e-06
-4.10616e-06
-4.15354e-06
-4.30821e-06
-4.6261e-06
-5.16333e-06
-5.88526e-06
-6.61021e-06
-7.19804e-06
-7.58121e-06
-7.73043e-06
-7.64197e-06
-7.32274e-06
-6.78237e-06
-6.02974e-06
-5.07328e-06
-3.92328e-06
-2.59507e-06
-1.11228e-06
4.90285e-07
2.16417e-06
3.84547e-06
5.45506e-06
6.90351e-06
8.10223e-06
8.98345e-06
9.5629e-06
9.85985e-06
9.91972e-06
-5.23455e-06
-5.31608e-06
-5.33384e-06
-5.3041e-06
-5.24019e-06
-5.15037e-06
-5.0447e-06
-4.93187e-06
-4.81839e-06
-4.7083e-06
-4.60356e-06
-4.50454e-06
-4.41084e-06
-4.32214e-06
-4.2393e-06
-4.16604e-06
-4.11095e-06
-4.09112e-06
-4.13501e-06
-4.28669e-06
-4.60253e-06
-5.13909e-06
-5.86061e-06
-6.58228e-06
-7.1619e-06
-7.53085e-06
-7.65898e-06
-7.5416e-06
-7.18451e-06
-6.59616e-06
-5.78438e-06
-4.75691e-06
-3.52375e-06
-2.10034e-06
-5.10766e-07
1.20936e-06
3.0104e-06
4.82654e-06
6.57516e-06
8.16091e-06
9.48927e-06
1.04884e-05
1.11492e-05
1.15221e-05
1.16556e-05
-5.42192e-06
-5.50612e-06
-5.51171e-06
-5.46014e-06
-5.37004e-06
-5.25347e-06
-5.123e-06
-4.98895e-06
-4.85826e-06
-4.73466e-06
-4.61962e-06
-4.5129e-06
-4.41346e-06
-4.32039e-06
-4.23407e-06
-4.15778e-06
-4.09983e-06
-4.07716e-06
-4.11824e-06
-4.26746e-06
-4.58154e-06
-5.11739e-06
-5.83809e-06
-6.55598e-06
-7.12694e-06
-7.48135e-06
-7.5882e-06
-7.44187e-06
-7.04704e-06
-6.41107e-06
-5.54089e-06
-4.44368e-06
-3.12923e-06
-1.61311e-06
8.03223e-08
1.91517e-06
3.84141e-06
5.79245e-06
7.6835e-06
9.41441e-06
1.08833e-05
1.20109e-05
1.27713e-05
1.32317e-05
1.34543e-05
-5.64201e-06
-5.72551e-06
-5.71175e-06
-5.63016e-06
-5.50679e-06
-5.35811e-06
-5.19954e-06
-5.04251e-06
-4.89386e-06
-4.75673e-06
-4.63177e-06
-4.51793e-06
-4.41341e-06
-4.3167e-06
-4.22761e-06
-4.14905e-06
-4.08895e-06
-4.06415e-06
-4.10306e-06
-4.25032e-06
-4.56294e-06
-5.09804e-06
-5.81756e-06
-6.53123e-06
-7.09316e-06
-7.43281e-06
-7.51832e-06
-7.34315e-06
-6.91096e-06
-6.22814e-06
-5.30088e-06
-4.13597e-06
-2.74321e-06
-1.13833e-06
6.54162e-07
2.59847e-06
4.64504e-06
6.72776e-06
8.76136e-06
1.06424e-05
1.22612e-05
1.35299e-05
1.44113e-05
1.49738e-05
1.53065e-05
-5.90336e-06
-5.9797e-06
-5.93611e-06
-5.81395e-06
-5.64892e-06
-5.46266e-06
-5.27291e-06
-5.09153e-06
-4.92462e-06
-4.77426e-06
-4.63996e-06
-4.51967e-06
-4.4108e-06
-4.31115e-06
-4.22e-06
-4.13984e-06
-4.07828e-06
-4.05199e-06
-4.08932e-06
-4.23509e-06
-4.54651e-06
-5.08084e-06
-5.79888e-06
-6.50794e-06
-7.06055e-06
-7.3853e-06
-7.44951e-06
-7.24581e-06
-6.77689e-06
-6.04833e-06
-5.06578e-06
-3.83593e-06
-2.36876e-06
-6.80371e-07
1.2046e-06
3.25076e-06
5.40976e-06
7.61729e-06
9.78952e-06
1.1822e-05
1.35989e-05
1.50217e-05
1.60437e-05
1.67305e-05
1.7203e-05
-6.21786e-06
-6.27497e-06
-6.18642e-06
-6.01023e-06
-5.79448e-06
-5.56514e-06
-5.34166e-06
-5.13515e-06
-4.95017e-06
-4.78718e-06
-4.6443e-06
-4.51834e-06
-4.40584e-06
-4.30394e-06
-4.21136e-06
-4.13022e-06
-4.0678e-06
-4.0406e-06
-4.07687e-06
-4.22158e-06
-4.53204e-06
-5.0656e-06
-5.78188e-06
-6.486e-06
-7.02908e-06
-7.33887e-06
-7.38196e-06
-7.15017e-06
-6.64537e-06
-5.87248e-06
-4.8369e-06
-3.54542e-06
-2.00857e-06
-2.43018e-07
1.72632e-06
3.86459e-06
6.12514e-06
8.44666e-06
1.07489e-05
1.29293e-05
1.48688e-05
1.64596e-05
1.76398e-05
1.84787e-05
1.91348e-05
-6.60235e-06
-6.61825e-06
-6.46266e-06
-6.21761e-06
-5.94061e-06
-5.66339e-06
-5.40447e-06
-5.17277e-06
-4.97038e-06
-4.79566e-06
-4.64508e-06
-4.51426e-06
-4.39885e-06
-4.29531e-06
-4.20189e-06
-4.1203e-06
-4.05753e-06
-4.02992e-06
-4.06559e-06
-4.20961e-06
-4.51934e-06
-5.05212e-06
-5.76641e-06
-6.46533e-06
-6.99873e-06
-7.29359e-06
-7.31583e-06
-7.05653e-06
-6.51688e-06
-5.70135e-06
-4.6153e-06
-3.26601e-06
-1.66481e-06
1.70686e-07
2.21503e-06
4.43379e-06
6.78224e-06
9.20292e-06
1.1621e-05
1.39393e-05
1.60396e-05
1.78086e-05
1.91668e-05
2.01906e-05
2.10952e-05
-7.08102e-06
-7.01677e-06
-6.7635e-06
-6.4318e-06
-6.08389e-06
-5.75515e-06
-5.46024e-06
-5.20407e-06
-4.9854e-06
-4.80007e-06
-4.64276e-06
-4.50788e-06
-4.39019e-06
-4.28558e-06
-4.19179e-06
-4.11021e-06
-4.04753e-06
-4.01992e-06
-4.05538e-06
-4.19903e-06
-4.50823e-06
-5.04022e-06
-5.75232e-06
-6.44584e-06
-6.96946e-06
-7.24951e-06
-7.25126e-06
-6.96517e-06
-6.39187e-06
-5.53558e-06
-4.40191e-06
-2.99892e-06
-1.33916e-06
5.58456e-07
2.66754e-06
4.95372e-06
7.37403e-06
9.87518e-06
1.23892e-05
1.48274e-05
1.70776e-05
1.90277e-05
2.05813e-05
2.18284e-05
2.30797e-05
-7.6877e-06
-7.47111e-06
-7.08744e-06
-6.64743e-06
-6.22026e-06
-5.83831e-06
-5.50819e-06
-5.2291e-06
-4.99567e-06
-4.80097e-06
-4.6379e-06
-4.49968e-06
-4.38031e-06
-4.27507e-06
-4.18131e-06
-4.1001e-06
-4.03785e-06
-4.01058e-06
-4.04615e-06
-4.1897e-06
-4.49852e-06
-5.02971e-06
-5.73946e-06
-6.42742e-06
-6.94126e-06
-7.20668e-06
-7.1884e-06
-6.87633e-06
-6.27071e-06
-5.37572e-06
-4.19747e-06
-2.74515e-06
-1.03289e-06
9.1866e-07
3.08165e-06
5.42118e-06
7.89547e-06
1.04551e-05
1.30392e-05
1.55703e-05
1.79473e-05
2.00685e-05
2.18258e-05
2.33358e-05
2.50804e-05
-8.4692e-06
-7.97771e-06
-7.4216e-06
-6.857e-06
-6.34527e-06
-5.91092e-06
-5.54795e-06
-5.2482e-06
-5.0018e-06
-4.79903e-06
-4.63112e-06
-4.49022e-06
-4.36962e-06
-4.26412e-06
-4.17069e-06
-4.09011e-06
-4.02856e-06
-4.0019e-06
-4.03785e-06
-4.1815e-06
-4.49008e-06
-5.02046e-06
-5.72771e-06
-6.40999e-06
-6.91407e-06
-7.16511e-06
-7.12734e-06
-6.79021e-06
-6.15372e-06
-5.22223e-06
-4.00263e-06
-2.50551e-06
-7.46981e-07
1.25009e-06
3.45582e-06
5.83405e-06
8.34318e-06
1.09365e-05
1.35597e-05
1.61468e-05
1.8612e-05
2.08747e-05
2.2823e-05
2.46229e-05
2.70699e-05
-9.46706e-06
-8.52786e-06
-7.75008e-06
-7.05085e-06
-6.45428e-06
-5.97149e-06
-5.57956e-06
-5.26203e-06
-5.0046e-06
-4.79504e-06
-4.62309e-06
-4.48004e-06
-4.35857e-06
-4.25307e-06
-4.16017e-06
-4.08041e-06
-4.01974e-06
-3.99388e-06
-4.03039e-06
-4.17433e-06
-4.48277e-06
-5.01232e-06
-5.71694e-06
-6.39345e-06
-6.88783e-06
-7.12477e-06
-7.06806e-06
-6.70684e-06
-6.04099e-06
-5.07525e-06
-3.81753e-06
-2.28017e-06
-4.81611e-07
1.5526e-06
3.78993e-06
6.19203e-06
8.7162e-06
1.13166e-05
1.39431e-05
1.65396e-05
1.90366e-05
2.13832e-05
2.34742e-05
2.55603e-05
2.89993e-05
-1.07789e-05
-9.10361e-06
-8.05016e-06
-7.21869e-06
-6.54442e-06
-6.0203e-06
-5.60442e-06
-5.27214e-06
-5.00544e-06
-4.79008e-06
-4.61467e-06
-4.46979e-06
-4.34764e-06
-4.24225e-06
-4.14998e-06
-4.07114e-06
-4.01146e-06
-3.9865e-06
-4.02371e-06
-4.16803e-06
-4.47641e-06
-5.00516e-06
-5.70713e-06
-6.3779e-06
-6.86273e-06
-7.08584e-06
-7.01069e-06
-6.62617e-06
-5.93219e-06
-4.93405e-06
-3.64094e-06
-2.06722e-06
-2.34016e-07
1.82997e-06
4.0889e-06
6.50125e-06
9.02169e-06
1.16027e-05
1.41949e-05
1.67465e-05
1.91996e-05
2.15333e-05
2.3661e-05
2.59982e-05
3.08721e-05
-1.2514e-05
-9.67114e-06
-8.28898e-06
-7.35107e-06
-6.61723e-06
-6.06127e-06
-5.62636e-06
-5.28158e-06
-5.00654e-06
-4.78567e-06
-4.60683e-06
-4.46006e-06
-4.33715e-06
-4.23186e-06
-4.14023e-06
-4.06235e-06
-4.00373e-06
-3.97977e-06
-4.01772e-06
-4.16246e-06
-4.4708e-06
-4.99882e-06
-5.69837e-06
-6.36378e-06
-6.83953e-06
-7.04935e-06
-6.95636e-06
-6.54926e-06
-5.82811e-06
-4.7989e-06
-3.47226e-06
-1.86476e-06
-4.95511e-10
2.08831e-06
4.3619e-06
6.77468e-06
9.27709e-06
1.18175e-05
1.43421e-05
1.67952e-05
1.91165e-05
2.12877e-05
2.32318e-05
2.56451e-05
3.23919e-05
-1.39684e-05
-1.00229e-05
-8.40605e-06
-7.42853e-06
-6.66808e-06
-6.09269e-06
-5.64412e-06
-5.28921e-06
-5.00682e-06
-4.78087e-06
-4.59874e-06
-4.45013e-06
-4.32653e-06
-4.22138e-06
-4.1305e-06
-4.05375e-06
-3.99641e-06
-3.97368e-06
-4.0126e-06
-4.15789e-06
-4.46614e-06
-4.99317e-06
-5.69009e-06
-6.35029e-06
-6.81764e-06
-7.01545e-06
-6.90653e-06
-6.47946e-06
-5.73451e-06
-4.67843e-06
-3.32329e-06
-1.68791e-06
2.00679e-07
2.30667e-06
4.58624e-06
6.98918e-06
9.46074e-06
1.19429e-05
1.43735e-05
1.66835e-05
1.87884e-05
2.06091e-05
2.19827e-05
2.36238e-05
3.014e-05
)
;

boundaryField
{
    inlet
    {
        type            uniformJump;
        patchType       cyclic;
        jump            uniform -2.5e-05;
        value           nonuniform List<scalar> 
40
(
7.96584e-07
8.10649e-07
8.2551e-07
8.40609e-07
8.5735e-07
8.77223e-07
9.02527e-07
9.37137e-07
9.86811e-07
1.05887e-06
1.16127e-06
1.30158e-06
1.48683e-06
1.72369e-06
2.01832e-06
2.37549e-06
2.79656e-06
3.27743e-06
3.80712e-06
4.3661e-06
4.89903e-06
5.33326e-06
5.65673e-06
5.89123e-06
6.05908e-06
6.17766e-06
6.26026e-06
6.31698e-06
6.35537e-06
6.38098e-06
6.39789e-06
6.409e-06
6.41636e-06
6.42135e-06
6.42488e-06
6.4275e-06
6.42955e-06
6.43126e-06
6.43281e-06
6.43426e-06
)
;
        jumpTable       table;
        jumpTableCoeffs
        {
            values          
4
(
(0 -2.5e-05)
(25 -2.5e-05)
(25.5 -0.0001)
(26 -2.5e-05)
)
;
        }
    }
    outlet
    {
        type            uniformJump;
        patchType       cyclic;
        value           nonuniform List<scalar> 
40
(
-2.42034e-05
-2.41894e-05
-2.41745e-05
-2.41594e-05
-2.41426e-05
-2.41228e-05
-2.40975e-05
-2.40629e-05
-2.40132e-05
-2.39411e-05
-2.38387e-05
-2.36984e-05
-2.35132e-05
-2.32763e-05
-2.29817e-05
-2.26245e-05
-2.22034e-05
-2.17226e-05
-2.11929e-05
-2.06339e-05
-2.0101e-05
-1.96667e-05
-1.93433e-05
-1.91088e-05
-1.89409e-05
-1.88223e-05
-1.87397e-05
-1.8683e-05
-1.86446e-05
-1.8619e-05
-1.86021e-05
-1.8591e-05
-1.85836e-05
-1.85786e-05
-1.85751e-05
-1.85725e-05
-1.85704e-05
-1.85687e-05
-1.85672e-05
-1.85657e-05
)
;
    }
    Walls
    {
        type            zeroGradient;
    }
    back
    {
        type            empty;
    }
    front
    {
        type            empty;
    }
}


// ************************************************************************* //
