/*--------------------------------*- C++ -*----------------------------------*\
| =========                 |                                                 |
| \\      /  F ield         | OpenFOAM: The Open Source CFD Toolbox           |
|  \\    /   O peration     | Version:  2312                                  |
|   \\  /    A nd           | Website:  www.openfoam.com                      |
|    \\/     M anipulation  |                                                 |
\*---------------------------------------------------------------------------*/
FoamFile
{
    version     2.0;
    format      ascii;
    arch        "LSB;label=32;scalar=64";
    class       volScalarField;
    location    "31";
    object      p;
}
// * * * * * * * * * * * * * * * * * * * * * * * * * * * * * * * * * * * * * //

dimensions      [0 2 -2 0 0 0 0];

internalField   nonuniform List<scalar> 
4800
(
5.12755e-14
-1.64946e-06
-2.96506e-06
-4.02934e-06
-4.90205e-06
-5.62721e-06
-6.23695e-06
-6.75618e-06
-7.20974e-06
-7.6078e-06
-7.96028e-06
-8.27217e-06
-8.54023e-06
-8.99481e-06
-1.05556e-05
2.11068e-08
-1.62547e-06
-2.93967e-06
-4.00375e-06
-4.87716e-06
-5.60381e-06
-6.21661e-06
-6.74016e-06
-7.19991e-06
-7.60744e-06
-7.97765e-06
-8.32873e-06
-8.67678e-06
-9.12918e-06
-9.92544e-06
4.32559e-08
-1.60025e-06
-2.91305e-06
-3.97699e-06
-4.85125e-06
-5.57966e-06
-6.1953e-06
-6.72136e-06
-7.18553e-06
-7.6002e-06
-7.98056e-06
-8.34597e-06
-8.70653e-06
-9.07343e-06
-9.42737e-06
6.55265e-08
-1.57446e-06
-2.8855e-06
-3.94897e-06
-4.82368e-06
-5.55328e-06
-6.17087e-06
-6.69876e-06
-7.16394e-06
-7.58016e-06
-7.95875e-06
-8.31071e-06
-8.63088e-06
-8.89136e-06
-9.02774e-06
8.95894e-08
-1.54618e-06
-2.85495e-06
-3.91747e-06
-4.79209e-06
-5.52208e-06
-6.14007e-06
-6.66886e-06
-7.13082e-06
-7.54123e-06
-7.90588e-06
-8.22582e-06
-8.48551e-06
-8.64979e-06
-8.66769e-06
1.16832e-07
-1.514e-06
-2.81987e-06
-3.88082e-06
-4.75453e-06
-5.48376e-06
-6.10021e-06
-6.62656e-06
-7.0812e-06
-7.4776e-06
-7.81698e-06
-8.09378e-06
-8.29035e-06
-8.37998e-06
-8.33705e-06
1.49298e-07
-1.4759e-06
-2.77816e-06
-3.83667e-06
-4.70832e-06
-5.43505e-06
-6.04736e-06
-6.56673e-06
-7.00903e-06
-7.38372e-06
-7.6896e-06
-7.91937e-06
-8.05987e-06
-8.09805e-06
-8.02825e-06
1.90747e-07
-1.42826e-06
-2.72609e-06
-3.78104e-06
-4.64902e-06
-5.37091e-06
-5.97582e-06
-6.48357e-06
-6.90774e-06
-7.25495e-06
-7.52387e-06
-7.70952e-06
-7.80617e-06
-7.81271e-06
-7.73471e-06
2.47268e-07
-1.3651e-06
-2.6576e-06
-3.70761e-06
-4.56992e-06
-5.28415e-06
-5.87798e-06
-6.36971e-06
-6.7712e-06
-7.0882e-06
-7.32149e-06
-7.47063e-06
-7.53701e-06
-7.52732e-06
-7.45186e-06
3.27411e-07
-1.27777e-06
-2.56378e-06
-3.60717e-06
-4.46151e-06
-5.16509e-06
-5.74436e-06
-6.21665e-06
-6.59321e-06
-6.88098e-06
-7.0839e-06
-7.20645e-06
-7.25523e-06
-7.24091e-06
-7.17486e-06
4.41602e-07
-1.1551e-06
-2.43293e-06
-3.46759e-06
-4.31146e-06
-5.00163e-06
-5.56375e-06
-6.01505e-06
-6.3675e-06
-6.63016e-06
-6.81048e-06
-6.91686e-06
-6.95892e-06
-6.94865e-06
-6.89681e-06
6.01368e-07
-9.84098e-07
-2.25098e-06
-3.27425e-06
-4.10509e-06
-4.77971e-06
-5.32358e-06
-5.75467e-06
-6.0865e-06
-6.3305e-06
-6.4972e-06
-6.59726e-06
-6.64156e-06
-6.64188e-06
-6.60785e-06
8.19348e-07
-7.49936e-07
-2.0018e-06
-3.01037e-06
-3.82577e-06
-4.4837e-06
-5.01003e-06
-5.42402e-06
-5.74094e-06
-5.97418e-06
-6.13603e-06
-6.23834e-06
-6.29209e-06
-6.30806e-06
-6.29465e-06
1.1097e-06
-4.35452e-07
-1.66654e-06
-2.65646e-06
-3.4544e-06
-4.0958e-06
-4.60711e-06
-5.00884e-06
-5.31776e-06
-5.54843e-06
-5.71371e-06
-5.82548e-06
-5.8945e-06
-5.93026e-06
-5.93997e-06
1.48756e-06
-2.14599e-08
-1.22372e-06
-2.19002e-06
-2.9686e-06
-3.59462e-06
-4.09479e-06
-4.49023e-06
-4.79828e-06
-5.03388e-06
-5.20986e-06
-5.3376e-06
-5.42659e-06
-5.48568e-06
-5.52104e-06
1.96735e-06
5.11385e-07
-6.51025e-07
-1.58715e-06
-2.34379e-06
-2.9555e-06
-3.4486e-06
-3.84385e-06
-4.15802e-06
-4.40527e-06
-4.59775e-06
-4.74612e-06
-4.85933e-06
-4.94503e-06
-5.00875e-06
2.56028e-06
1.17964e-06
7.1471e-08
-8.25945e-07
-1.5568e-06
-2.154e-06
-2.64259e-06
-3.04222e-06
-3.36842e-06
-3.63384e-06
-3.84897e-06
-4.02291e-06
-4.16379e-06
-4.27846e-06
-4.37315e-06
3.27124e-06
1.99294e-06
9.56868e-07
1.08989e-07
-5.90509e-07
-1.17137e-06
-1.65597e-06
-2.06165e-06
-2.4023e-06
-2.68946e-06
-2.93251e-06
-3.13829e-06
-3.31264e-06
-3.45908e-06
-3.58827e-06
4.09568e-06
2.94862e-06
2.00464e-06
1.21932e-06
5.5891e-07
-1.68024e-09
-4.80898e-07
-8.92403e-07
-1.24685e-06
-1.55395e-06
-1.82266e-06
-2.06013e-06
-2.27248e-06
-2.45691e-06
-2.62604e-06
5.01582e-06
4.0252e-06
3.19139e-06
2.48088e-06
1.86776e-06
1.33271e-06
8.61866e-07
4.45247e-07
7.55924e-08
-2.52379e-07
-5.43198e-07
-8.0368e-07
-1.04161e-06
-1.27213e-06
-1.48455e-06
5.95231e-06
5.12376e-06
4.40563e-06
3.77481e-06
3.21331e-06
2.70805e-06
2.24983e-06
1.83221e-06
1.45001e-06
1.09742e-06
7.70291e-07
4.70123e-07
1.93328e-07
-6.83409e-08
-3.21024e-07
6.76144e-06
6.07124e-06
5.45375e-06
4.89424e-06
4.38113e-06
3.90636e-06
3.46442e-06
3.05136e-06
2.66413e-06
2.30094e-06
1.95809e-06
1.62666e-06
1.30495e-06
9.96807e-07
7.04173e-07
7.39247e-06
6.80306e-06
6.25874e-06
5.75092e-06
5.27276e-06
4.81979e-06
4.38905e-06
3.97817e-06
3.5845e-06
3.20535e-06
2.83886e-06
2.48351e-06
2.1394e-06
1.80581e-06
1.48056e-06
7.8594e-06
7.34251e-06
6.85129e-06
6.38165e-06
5.93011e-06
5.49448e-06
5.07307e-06
4.66428e-06
4.26667e-06
3.87903e-06
3.49989e-06
3.13004e-06
2.7666e-06
2.40874e-06
2.0548e-06
8.19481e-06
7.72969e-06
7.27752e-06
6.8369e-06
6.40629e-06
5.98477e-06
5.5715e-06
5.16571e-06
4.76652e-06
4.37286e-06
3.98384e-06
3.59754e-06
3.21505e-06
2.83515e-06
2.45699e-06
8.42744e-06
7.99946e-06
7.57616e-06
7.15749e-06
6.74289e-06
6.33218e-06
5.92498e-06
5.52061e-06
5.11834e-06
4.71801e-06
4.31835e-06
3.91972e-06
3.52168e-06
3.12392e-06
2.72601e-06
8.58237e-06
8.18126e-06
7.77929e-06
7.37695e-06
6.97416e-06
6.57114e-06
6.16776e-06
5.76359e-06
5.35816e-06
4.9513e-06
4.54422e-06
4.13533e-06
3.72466e-06
3.3123e-06
2.89804e-06
8.68119e-06
8.29977e-06
7.9136e-06
7.5233e-06
7.12919e-06
6.73169e-06
6.33092e-06
5.92689e-06
5.51943e-06
5.10779e-06
4.69343e-06
4.27566e-06
3.85444e-06
3.42992e-06
3.00211e-06
8.74146e-06
8.37478e-06
8.00046e-06
7.61924e-06
7.23172e-06
6.8384e-06
6.4395e-06
6.03525e-06
5.62674e-06
5.21028e-06
4.78983e-06
4.36454e-06
3.93449e-06
3.49989e-06
3.06089e-06
8.77667e-06
8.42131e-06
8.05612e-06
7.68198e-06
7.29963e-06
6.90952e-06
6.51185e-06
6.10674e-06
5.69376e-06
5.27643e-06
4.85131e-06
4.41982e-06
3.98239e-06
3.53937e-06
3.09102e-06
8.79661e-06
8.45021e-06
8.09224e-06
7.72378e-06
7.34553e-06
6.95791e-06
6.56119e-06
6.15564e-06
5.74141e-06
5.32023e-06
4.89093e-06
4.45417e-06
4.01046e-06
3.56028e-06
3.10401e-06
8.80796e-06
8.46884e-06
8.11675e-06
7.75293e-06
7.37801e-06
6.99236e-06
6.59634e-06
6.19033e-06
5.7747e-06
5.35036e-06
4.91737e-06
4.47602e-06
4.02687e-06
3.57052e-06
3.10743e-06
8.81498e-06
8.48193e-06
8.13474e-06
7.77479e-06
7.4026e-06
7.01853e-06
6.623e-06
6.21646e-06
5.79948e-06
5.37245e-06
4.93616e-06
4.49077e-06
4.03683e-06
3.57507e-06
3.10601e-06
8.82023e-06
8.49233e-06
8.14931e-06
7.79263e-06
7.4227e-06
7.03991e-06
6.64472e-06
6.23761e-06
5.81879e-06
5.38989e-06
4.95067e-06
4.50167e-06
4.04348e-06
3.57691e-06
3.10257e-06
8.82506e-06
8.50161e-06
8.16218e-06
7.8083e-06
7.44027e-06
7.05852e-06
6.66355e-06
6.25589e-06
5.83589e-06
5.4048e-06
4.96284e-06
4.51063e-06
4.0486e-06
3.57774e-06
3.09867e-06
8.83009e-06
8.51052e-06
8.17422e-06
7.82275e-06
7.45633e-06
7.07544e-06
6.68059e-06
6.27238e-06
5.85112e-06
5.41824e-06
4.97377e-06
4.51864e-06
4.05314e-06
3.5784e-06
3.09509e-06
8.83549e-06
8.51933e-06
8.18575e-06
7.83633e-06
7.47128e-06
7.09109e-06
6.6963e-06
6.28754e-06
5.86511e-06
5.43058e-06
4.98392e-06
4.52609e-06
4.05748e-06
3.57927e-06
3.09216e-06
8.84133e-06
8.52818e-06
8.19699e-06
7.84935e-06
7.48545e-06
7.10582e-06
6.71102e-06
6.30171e-06
5.87822e-06
5.4419e-06
4.99351e-06
4.53321e-06
4.06184e-06
3.58049e-06
3.08993e-06
8.84789e-06
8.53757e-06
8.2086e-06
7.86257e-06
7.49971e-06
7.12055e-06
6.72568e-06
6.31582e-06
5.89129e-06
5.45348e-06
5.00316e-06
4.54051e-06
4.06651e-06
3.58218e-06
3.0883e-06
8.85468e-06
8.54709e-06
8.22029e-06
7.8759e-06
7.51416e-06
7.13559e-06
6.74078e-06
6.33036e-06
5.90476e-06
5.46549e-06
5.0132e-06
4.54823e-06
4.07148e-06
3.58415e-06
3.08719e-06
-1.18313e-05
-9.62547e-06
-8.26687e-06
-7.3474e-06
-6.6101e-06
-6.04485e-06
-5.61232e-06
-5.28845e-06
-5.05923e-06
-4.91494e-06
-4.84869e-06
-4.85546e-06
-4.93198e-06
-5.07639e-06
-5.28815e-06
-5.56739e-06
-5.91482e-06
-6.33046e-06
-6.81301e-06
-7.35783e-06
-7.94948e-06
-8.54358e-06
-8.99102e-06
-9.13152e-06
-8.8992e-06
-8.27919e-06
-7.29108e-06
-5.96729e-06
-4.33643e-06
-2.42712e-06
-2.71689e-07
2.09341e-06
4.62672e-06
7.28204e-06
1.0009e-05
1.27535e-05
1.54577e-05
1.80585e-05
2.04823e-05
2.26364e-05
2.43874e-05
2.55266e-05
2.5624e-05
2.41984e-05
1.97993e-05
-1.02531e-05
-9.09684e-06
-8.05933e-06
-7.23611e-06
-6.5431e-06
-5.99352e-06
-5.56745e-06
-5.24737e-06
-5.02151e-06
-4.88101e-06
-4.81923e-06
-4.83121e-06
-4.91367e-06
-5.06467e-06
-5.2835e-06
-5.57016e-06
-5.9251e-06
-6.34797e-06
-6.83676e-06
-7.38583e-06
-7.97811e-06
-8.56736e-06
-9.00411e-06
-9.13157e-06
-8.88601e-06
-8.25389e-06
-7.25559e-06
-5.92442e-06
-4.28949e-06
-2.37993e-06
-2.2912e-07
2.12498e-06
4.6388e-06
7.26337e-06
9.94457e-06
1.26232e-05
1.52339e-05
1.77023e-05
1.9937e-05
2.18146e-05
2.31422e-05
2.36024e-05
2.25773e-05
1.91459e-05
1.22715e-05
-9.41973e-06
-8.68349e-06
-7.84713e-06
-7.10991e-06
-6.46591e-06
-5.93795e-06
-5.52165e-06
-5.20704e-06
-4.98537e-06
-4.84911e-06
-4.79212e-06
-4.80958e-06
-4.89828e-06
-5.05618e-06
-5.28245e-06
-5.57685e-06
-5.93957e-06
-6.36979e-06
-6.86474e-06
-7.4176e-06
-8.00951e-06
-8.5922e-06
-9.01594e-06
-9.12794e-06
-8.86756e-06
-8.22222e-06
-7.21342e-06
-5.87557e-06
-4.23843e-06
-2.3319e-06
-1.90726e-07
2.14517e-06
4.62955e-06
7.20989e-06
9.82741e-06
1.24166e-05
1.49032e-05
1.72003e-05
1.91982e-05
2.07475e-05
2.16224e-05
2.14746e-05
1.97583e-05
1.58618e-05
9.75681e-06
-8.8888e-06
-8.34451e-06
-7.66541e-06
-6.99567e-06
-6.3979e-06
-5.8926e-06
-5.48612e-06
-5.17639e-06
-4.95789e-06
-4.82472e-06
-4.77143e-06
-4.79347e-06
-4.88772e-06
-5.05205e-06
-5.28544e-06
-5.58742e-06
-5.95782e-06
-6.39528e-06
-6.89614e-06
-7.45226e-06
-8.04279e-06
-8.61712e-06
-9.02526e-06
-9.11899e-06
-8.84105e-06
-8.17999e-06
-7.15876e-06
-5.81318e-06
-4.17397e-06
-2.27214e-06
-1.44305e-07
2.16708e-06
4.61241e-06
7.13481e-06
9.66996e-06
1.21452e-05
1.44772e-05
1.65669e-05
1.82911e-05
1.94872e-05
1.99326e-05
1.93291e-05
1.73161e-05
1.36255e-05
8.57985e-06
-8.48259e-06
-8.05126e-06
-7.49212e-06
-6.90384e-06
-6.34898e-06
-5.8659e-06
-5.46886e-06
-5.16296e-06
-4.94602e-06
-4.81409e-06
-4.76268e-06
-4.78768e-06
-4.88612e-06
-5.0558e-06
-5.29545e-06
-5.60428e-06
-5.98171e-06
-6.42574e-06
-6.93166e-06
-7.48992e-06
-8.07743e-06
-8.64106e-06
-9.03077e-06
-9.10349e-06
-8.80577e-06
-8.12742e-06
-7.09314e-06
-5.74048e-06
-4.10143e-06
-2.20844e-06
-1.00385e-07
2.17727e-06
4.57107e-06
7.01932e-06
9.45188e-06
1.17891e-05
1.39397e-05
1.57965e-05
1.72308e-05
1.80848e-05
1.81692e-05
1.72746e-05
1.52215e-05
1.1978e-05
7.88073e-06
-8.1489e-06
-7.79807e-06
-7.32945e-06
-6.8232e-06
-6.31793e-06
-5.85931e-06
-5.4743e-06
-5.17264e-06
-4.95613e-06
-4.82354e-06
-4.77181e-06
-4.79759e-06
-4.89827e-06
-5.07154e-06
-5.3159e-06
-5.63018e-06
-6.0133e-06
-6.46251e-06
-6.97195e-06
-7.53045e-06
-8.11256e-06
-8.66243e-06
-9.03025e-06
-9.07912e-06
-8.75957e-06
-8.06287e-06
-7.01579e-06
-5.658e-06
-4.023e-06
-2.14503e-06
-6.56563e-08
2.16635e-06
4.49342e-06
6.84892e-06
9.15725e-06
1.13331e-05
1.328e-05
1.48885e-05
1.60349e-05
1.6583e-05
1.63925e-05
1.5346e-05
1.3395e-05
1.06302e-05
7.35376e-06
-7.85447e-06
-7.56695e-06
-7.1814e-06
-6.74357e-06
-6.29345e-06
-5.86964e-06
-5.50266e-06
-5.20805e-06
-4.99256e-06
-4.85834e-06
-4.80437e-06
-4.82861e-06
-4.92912e-06
-5.10364e-06
-5.35044e-06
-5.66799e-06
-6.05465e-06
-6.50682e-06
-7.01735e-06
-7.57335e-06
-8.14681e-06
-8.67905e-06
-9.02094e-06
-9.04278e-06
-8.6994e-06
-7.98367e-06
-6.92484e-06
-5.56505e-06
-3.93957e-06
-2.08479e-06
-4.53043e-08
2.12663e-06
4.36938e-06
6.61183e-06
8.77407e-06
1.07675e-05
1.24949e-05
1.38516e-05
1.47287e-05
1.50209e-05
1.46411e-05
1.35456e-05
1.17637e-05
9.42737e-06
6.7801e-06
-7.58097e-06
-7.34484e-06
-7.03032e-06
-6.66137e-06
-6.27002e-06
-5.88938e-06
-5.54847e-06
-5.26673e-06
-5.05558e-06
-4.92078e-06
-4.86385e-06
-4.88482e-06
-4.98294e-06
-5.15603e-06
-5.40243e-06
-5.72034e-06
-6.10755e-06
-6.55953e-06
-7.06773e-06
-7.61748e-06
-8.17807e-06
-8.68789e-06
-8.99928e-06
-8.99079e-06
-8.62182e-06
-7.88709e-06
-6.81882e-06
-5.46185e-06
-3.85339e-06
-2.03231e-06
-4.65565e-08
2.0483e-06
4.18713e-06
6.29541e-06
8.29097e-06
1.00854e-05
1.15858e-05
1.2699e-05
1.33375e-05
1.343e-05
1.29354e-05
1.18597e-05
1.02692e-05
8.29528e-06
6.12355e-06
-7.31988e-06
-7.12695e-06
-6.87285e-06
-6.5697e-06
-6.2393e-06
-5.90808e-06
-5.60179e-06
-5.3409e-06
-5.1402e-06
-5.0084e-06
-4.94976e-06
-4.96721e-06
-5.06155e-06
-5.23088e-06
-5.47394e-06
-5.78897e-06
-6.17292e-06
-6.62066e-06
-7.12211e-06
-7.66077e-06
-8.20327e-06
-8.68509e-06
-8.96101e-06
-8.91909e-06
-8.52342e-06
-7.77092e-06
-6.69741e-06
-5.35046e-06
-3.76904e-06
-1.99486e-06
-7.94851e-08
1.91889e-06
3.93284e-06
5.88625e-06
7.69751e-06
9.28236e-06
1.05574e-05
1.14455e-05
1.18834e-05
1.18307e-05
1.12804e-05
1.02661e-05
8.86501e-06
7.1919e-06
5.38472e-06
-7.06545e-06
-6.91027e-06
-6.70815e-06
-6.46493e-06
-6.19432e-06
-5.916e-06
-5.65128e-06
-5.41936e-06
-5.23678e-06
-5.1134e-06
-5.05641e-06
-5.07229e-06
-5.16312e-06
-5.32706e-06
-5.56408e-06
-5.87271e-06
-6.24944e-06
-6.68833e-06
-7.17785e-06
-7.69982e-06
-8.21824e-06
-8.66592e-06
-8.90144e-06
-8.82369e-06
-8.40137e-06
-7.6342e-06
-6.56236e-06
-5.23572e-06
-3.6941e-06
-1.98283e-06
-1.5716e-07
1.7235e-06
3.59138e-06
5.37119e-06
6.98513e-06
8.35703e-06
9.41661e-06
1.01052e-05
1.03823e-05
1.02322e-05
9.66885e-06
8.73785e-06
7.51317e-06
6.08866e-06
4.56616e-06
-6.81074e-06
-6.68987e-06
-6.53335e-06
-6.34393e-06
-6.12985e-06
-5.90516e-06
-5.68635e-06
-5.49002e-06
-5.33314e-06
-5.22335e-06
-5.17259e-06
-5.19169e-06
-5.28137e-06
-5.43922e-06
-5.66828e-06
-5.9676e-06
-6.33311e-06
-6.75836e-06
-7.23038e-06
-7.72959e-06
-8.21763e-06
-8.62506e-06
-8.81603e-06
-8.70154e-06
-8.25446e-06
-7.47848e-06
-6.41908e-06
-5.12647e-06
-3.64017e-06
-2.01021e-06
-2.95694e-07
1.44525e-06
3.14714e-06
4.73824e-06
6.14772e-06
7.31049e-06
8.17129e-06
8.6894e-06
8.84331e-06
8.63386e-06
8.08604e-06
7.24708e-06
6.18156e-06
4.96352e-06
3.66833e-06
-6.54602e-06
-6.45744e-06
-6.34203e-06
-6.20113e-06
-6.03959e-06
-5.86737e-06
-5.69631e-06
-5.54124e-06
-5.41467e-06
-5.32376e-06
-5.28566e-06
-5.31486e-06
-5.40593e-06
-5.55762e-06
-5.77783e-06
-6.06577e-06
-6.41666e-06
-6.82382e-06
-7.27296e-06
-7.74357e-06
-8.19538e-06
-8.55735e-06
-8.70154e-06
-8.55176e-06
-8.08431e-06
-7.3092e-06
-6.27809e-06
-5.03757e-06
-3.62278e-06
-2.09455e-06
-5.13898e-07
1.06623e-06
2.58521e-06
3.97758e-06
5.18194e-06
6.14588e-06
6.82903e-06
7.20582e-06
7.26885e-06
7.02858e-06
6.51365e-06
5.7673e-06
4.84294e-06
3.79789e-06
2.68817e-06
-6.25805e-06
-6.20075e-06
-6.12343e-06
-6.0269e-06
-5.9141e-06
-5.79181e-06
-5.66859e-06
-5.55655e-06
-5.4621e-06
-5.39747e-06
-5.38462e-06
-5.4268e-06
-5.51848e-06
-5.66703e-06
-5.87983e-06
-6.15571e-06
-6.48975e-06
-6.87539e-06
-7.29726e-06
-7.73448e-06
-8.14567e-06
-8.45897e-06
-8.55744e-06
-8.37728e-06
-7.89647e-06
-7.13702e-06
-6.16022e-06
-4.98562e-06
-3.65992e-06
-2.25767e-06
-8.32853e-07
5.68704e-07
1.89283e-06
3.08262e-06
4.08758e-06
4.86796e-06
5.39646e-06
5.65941e-06
5.65751e-06
5.40621e-06
4.93305e-06
4.27496e-06
3.47457e-06
2.57568e-06
1.62014e-06
-5.92977e-06
-5.9034e-06
-5.86228e-06
-5.80706e-06
-5.73965e-06
-5.66445e-06
-5.58796e-06
-5.51825e-06
-5.46495e-06
-5.43691e-06
-5.44689e-06
-5.50055e-06
-5.59985e-06
-5.75091e-06
-5.95888e-06
-6.22327e-06
-6.53978e-06
-6.90206e-06
-7.29415e-06
-7.69508e-06
-8.06403e-06
-8.32899e-06
-8.38744e-06
-8.18612e-06
-7.70051e-06
-6.9906e-06
-6.08265e-06
-4.98377e-06
-3.77706e-06
-2.52559e-06
-1.27421e-06
-6.32912e-08
1.06047e-06
2.0505e-06
2.86753e-06
3.48286e-06
3.87945e-06
4.0518e-06
4.00529e-06
3.75575e-06
3.32749e-06
2.75067e-06
2.05839e-06
1.28382e-06
4.58291e-07
-5.53884e-06
-5.54387e-06
-5.53814e-06
-5.52242e-06
-5.49811e-06
-5.4683e-06
-5.43784e-06
-5.41307e-06
-5.40146e-06
-5.41009e-06
-5.44693e-06
-5.51932e-06
-5.63249e-06
-5.79046e-06
-5.9968e-06
-6.25193e-06
-6.55243e-06
-6.89188e-06
-7.25472e-06
-7.61955e-06
-7.94822e-06
-8.1706e-06
-8.20051e-06
-7.98922e-06
-7.53186e-06
-6.88893e-06
-6.04861e-06
-5.06121e-06
-4.00533e-06
-2.92485e-06
-1.85752e-06
-8.42258e-07
8.24998e-08
8.8168e-07
1.52659e-06
1.99731e-06
2.28367e-06
2.38497e-06
2.30819e-06
2.06784e-06
1.684e-06
1.18024e-06
5.81746e-07
-8.66021e-08
-8.01353e-07
-5.05685e-06
-5.09477e-06
-5.12492e-06
-5.14829e-06
-5.16618e-06
-5.18086e-06
-5.19591e-06
-5.21597e-06
-5.24649e-06
-5.29328e-06
-5.36266e-06
-5.461e-06
-5.59331e-06
-5.76297e-06
-5.9728e-06
-6.2235e-06
-6.51239e-06
-6.83277e-06
-7.17075e-06
-7.50481e-06
-7.80039e-06
-7.99221e-06
-8.00924e-06
-7.81398e-06
-7.4158e-06
-6.83066e-06
-6.09761e-06
-5.2626e-06
-4.37321e-06
-3.47254e-06
-2.59513e-06
-1.77469e-06
-1.04118e-06
-4.19575e-07
7.07055e-08
4.16675e-07
6.1216e-07
6.58104e-07
5.61527e-07
3.3449e-07
-7.40515e-09
-4.46269e-07
-9.63337e-07
-1.54023e-06
-2.15949e-06
-4.45425e-06
-4.52726e-06
-4.59458e-06
-4.65758e-06
-4.71763e-06
-4.77657e-06
-4.83699e-06
-4.90233e-06
-4.97673e-06
-5.06481e-06
-5.17139e-06
-5.30126e-06
-5.45852e-06
-5.64636e-06
-5.86701e-06
-6.12103e-06
-6.40571e-06
-6.7154e-06
-7.03626e-06
-7.35049e-06
-7.62753e-06
-7.80783e-06
-7.83937e-06
-7.68607e-06
-7.35023e-06
-6.87058e-06
-6.27731e-06
-5.60724e-06
-4.89701e-06
-4.18323e-06
-3.49627e-06
-2.863e-06
-2.30635e-06
-1.84466e-06
-1.49097e-06
-1.25288e-06
-1.13316e-06
-1.13062e-06
-1.23981e-06
-1.45193e-06
-1.75535e-06
-2.13683e-06
-2.58273e-06
-3.0798e-06
-3.61526e-06
-3.70637e-06
-3.81789e-06
-3.92489e-06
-4.02915e-06
-4.13243e-06
-4.23639e-06
-4.34307e-06
-4.4551e-06
-4.57559e-06
-4.708e-06
-4.85583e-06
-5.0227e-06
-5.21181e-06
-5.42587e-06
-5.66658e-06
-5.93384e-06
-6.22579e-06
-6.53635e-06
-6.85474e-06
-7.16534e-06
-7.43748e-06
-7.64014e-06
-7.71953e-06
-7.62513e-06
-7.39317e-06
-7.04596e-06
-6.60838e-06
-6.11153e-06
-5.58752e-06
-5.06376e-06
-4.56294e-06
-4.10535e-06
-3.70825e-06
-3.38547e-06
-3.14741e-06
-3.00001e-06
-2.94393e-06
-2.97658e-06
-3.09426e-06
-3.29135e-06
-3.55992e-06
-3.89066e-06
-4.27399e-06
-4.70057e-06
-5.1612e-06
-2.78552e-06
-2.94e-06
-3.0915e-06
-3.24165e-06
-3.39213e-06
-3.54461e-06
-3.70089e-06
-3.86309e-06
-4.03351e-06
-4.21469e-06
-4.40923e-06
-4.61985e-06
-4.84905e-06
-5.09874e-06
-5.37042e-06
-5.66323e-06
-5.97636e-06
-6.3044e-06
-6.63766e-06
-6.96835e-06
-7.26501e-06
-7.50923e-06
-7.66057e-06
-7.67857e-06
-7.57191e-06
-7.37e-06
-7.10053e-06
-6.78691e-06
-6.45123e-06
-6.11254e-06
-5.78766e-06
-5.49226e-06
-5.23978e-06
-5.03925e-06
-4.89745e-06
-4.82158e-06
-4.8151e-06
-4.87334e-06
-4.99431e-06
-5.17504e-06
-5.41031e-06
-5.69409e-06
-6.02026e-06
-6.38248e-06
-6.77411e-06
-1.68607e-06
-1.88447e-06
-2.08246e-06
-2.28127e-06
-2.48214e-06
-2.6866e-06
-2.89641e-06
-3.11333e-06
-3.33911e-06
-3.57555e-06
-3.8246e-06
-4.08827e-06
-4.36837e-06
-4.66632e-06
-4.98299e-06
-5.31805e-06
-5.67031e-06
-6.03622e-06
-6.40938e-06
-6.78189e-06
-7.14103e-06
-7.46076e-06
-7.69975e-06
-7.8398e-06
-7.88457e-06
-7.84838e-06
-7.75668e-06
-7.62575e-06
-7.46952e-06
-7.30253e-06
-7.13877e-06
-6.98997e-06
-6.86597e-06
-6.77586e-06
-6.72372e-06
-6.70834e-06
-6.73176e-06
-6.80279e-06
-6.92167e-06
-7.08398e-06
-7.28551e-06
-7.52334e-06
-7.79442e-06
-8.09479e-06
-8.41975e-06
-5.68875e-07
-8.15944e-07
-1.06373e-06
-1.31338e-06
-1.56655e-06
-1.82495e-06
-2.09011e-06
-2.36337e-06
-2.64603e-06
-2.93949e-06
-3.24528e-06
-3.56489e-06
-3.89971e-06
-4.25079e-06
-4.61883e-06
-5.00376e-06
-5.40481e-06
-5.81993e-06
-6.24482e-06
-6.6743e-06
-7.09711e-06
-7.49755e-06
-7.84406e-06
-8.11086e-06
-8.29766e-06
-8.41647e-06
-8.48161e-06
-8.50485e-06
-8.49788e-06
-8.47267e-06
-8.43996e-06
-8.40818e-06
-8.38367e-06
-8.37316e-06
-8.38148e-06
-8.41652e-06
-8.4766e-06
-8.56432e-06
-8.6806e-06
-8.8247e-06
-8.99578e-06
-9.19287e-06
-9.4143e-06
-9.65762e-06
-9.92011e-06
4.1606e-07
1.24781e-07
-1.69933e-07
-4.67951e-07
-7.70692e-07
-1.07991e-06
-1.39691e-06
-1.7227e-06
-2.05832e-06
-2.40493e-06
-2.76376e-06
-3.13597e-06
-3.52264e-06
-3.92463e-06
-4.34253e-06
-4.77648e-06
-5.22598e-06
-5.6897e-06
-6.16485e-06
-6.64708e-06
-7.13e-06
-7.60497e-06
-8.04013e-06
-8.40658e-06
-8.70272e-06
-8.93606e-06
-9.11582e-06
-9.25198e-06
-9.35468e-06
-9.43324e-06
-9.49558e-06
-9.54894e-06
-9.59989e-06
-9.65307e-06
-9.71443e-06
-9.78445e-06
-9.87037e-06
-9.9716e-06
-1.00877e-05
-1.02198e-05
-1.03691e-05
-1.05353e-05
-1.07178e-05
-1.09153e-05
-1.11268e-05
1.15673e-06
8.28831e-07
4.9616e-07
1.58419e-07
-1.85614e-07
-5.37218e-07
-8.97334e-07
-1.26674e-06
-1.64628e-06
-2.03689e-06
-2.4395e-06
-2.85501e-06
-3.28424e-06
-3.72786e-06
-4.18638e-06
-4.65991e-06
-5.14812e-06
-5.65005e-06
-6.16373e-06
-6.68625e-06
-7.21347e-06
-7.73911e-06
-8.23304e-06
-8.66546e-06
-9.03299e-06
-9.34139e-06
-9.5981e-06
-9.8114e-06
-9.98927e-06
-1.0139e-05
-1.02674e-05
-1.03802e-05
-1.04826e-05
-1.05788e-05
-1.06728e-05
-1.07682e-05
-1.08679e-05
-1.09728e-05
-1.10846e-05
-1.12051e-05
-1.13353e-05
-1.14758e-05
-1.16264e-05
-1.17872e-05
-1.1958e-05
1.70041e-06
1.34113e-06
9.75802e-07
6.03916e-07
2.24665e-07
-1.62739e-07
-5.58962e-07
-9.64616e-07
-1.38034e-06
-1.80682e-06
-2.24471e-06
-2.69467e-06
-3.15729e-06
-3.63304e-06
-4.12224e-06
-4.62493e-06
-5.14081e-06
-5.66909e-06
-6.20838e-06
-6.75646e-06
-7.31009e-06
-7.86465e-06
-8.39215e-06
-8.86324e-06
-9.27417e-06
-9.63008e-06
-9.93706e-06
-1.02016e-05
-1.04301e-05
-1.06285e-05
-1.0802e-05
-1.09553e-05
-1.10926e-05
-1.12181e-05
-1.13354e-05
-1.14475e-05
-1.15566e-05
-1.1665e-05
-1.17748e-05
-1.18876e-05
-1.20046e-05
-1.21266e-05
-1.22545e-05
-1.23887e-05
-1.25296e-05
2.07705e-06
1.69125e-06
1.29837e-06
8.98077e-07
4.8989e-07
7.33149e-08
-3.52095e-07
-7.86747e-07
-1.23106e-06
-1.68545e-06
-2.15036e-06
-2.62619e-06
-3.1133e-06
-3.61194e-06
-4.12224e-06
-4.64412e-06
-5.17723e-06
-5.72084e-06
-6.2738e-06
-6.83421e-06
-7.3995e-06
-7.96601e-06
-8.50821e-06
-8.99864e-06
-9.43369e-06
-9.81788e-06
-1.01561e-05
-1.04535e-05
-1.07153e-05
-1.0946e-05
-1.115e-05
-1.13312e-05
-1.14931e-05
-1.16393e-05
-1.17736e-05
-1.18983e-05
-1.20156e-05
-1.2128e-05
-1.22374e-05
-1.23454e-05
-1.24534e-05
-1.25629e-05
-1.26748e-05
-1.27901e-05
-1.29093e-05
2.32494e-06
1.91714e-06
1.50166e-06
1.07833e-06
6.46878e-07
2.0704e-07
-2.41394e-07
-6.98611e-07
-1.16481e-06
-1.64019e-06
-2.12496e-06
-2.6193e-06
-3.12334e-06
-3.63712e-06
-4.16058e-06
-4.69349e-06
-5.23541e-06
-5.7856e-06
-6.34299e-06
-6.90592e-06
-7.47227e-06
-8.03897e-06
-8.58316e-06
-9.08002e-06
-9.52621e-06
-9.92553e-06
-1.02819e-05
-1.05996e-05
-1.08825e-05
-1.11345e-05
-1.13593e-05
-1.156e-05
-1.17396e-05
-1.19012e-05
-1.20482e-05
-1.21827e-05
-1.23069e-05
-1.2423e-05
-1.25329e-05
-1.26384e-05
-1.27411e-05
-1.28425e-05
-1.29439e-05
-1.30463e-05
-1.3151e-05
2.47944e-06
2.05359e-06
1.61974e-06
1.17786e-06
7.27868e-07
2.69725e-07
-1.96564e-07
-6.70991e-07
-1.15356e-06
-1.64428e-06
-2.14315e-06
-2.65014e-06
-3.16517e-06
-3.68809e-06
-4.21868e-06
-4.75654e-06
-5.30116e-06
-5.85173e-06
-6.40724e-06
-6.96618e-06
-7.52673e-06
-8.08622e-06
-8.6245e-06
-9.11967e-06
-9.56867e-06
-9.97461e-06
-1.03406e-05
-1.06701e-05
-1.09662e-05
-1.12321e-05
-1.14708e-05
-1.1685e-05
-1.18782e-05
-1.20511e-05
-1.22077e-05
-1.23498e-05
-1.24798e-05
-1.25995e-05
-1.2711e-05
-1.2816e-05
-1.29162e-05
-1.30131e-05
-1.31083e-05
-1.32029e-05
-1.32984e-05
2.5691e-06
2.12849e-06
1.67978e-06
1.22305e-06
7.584e-07
2.85996e-07
-1.93987e-07
-6.81375e-07
-1.176e-06
-1.6777e-06
-2.18629e-06
-2.70156e-06
-3.22325e-06
-3.75104e-06
-4.28456e-06
-4.82329e-06
-5.36661e-06
-5.91366e-06
-6.46346e-06
-7.01458e-06
-7.56543e-06
-8.11363e-06
-8.64164e-06
-9.13049e-06
-9.57735e-06
-9.98461e-06
-1.03548e-05
-1.06906e-05
-1.09946e-05
-1.12694e-05
-1.15175e-05
-1.17411e-05
-1.19426e-05
-1.21253e-05
-1.22896e-05
-1.24381e-05
-1.25732e-05
-1.26967e-05
-1.28105e-05
-1.29164e-05
-1.3016e-05
-1.31111e-05
-1.32031e-05
-1.32936e-05
-1.33839e-05
2.61599e-06
2.16332e-06
1.70256e-06
1.23392e-06
7.57669e-07
2.74129e-07
-2.16384e-07
-7.13551e-07
-1.21706e-06
-1.72659e-06
-2.2418e-06
-2.76232e-06
-3.28775e-06
-3.81762e-06
-4.35143e-06
-4.88855e-06
-5.42827e-06
-5.96968e-06
-6.5118e-06
-7.05325e-06
-7.59262e-06
-8.12776e-06
-8.64353e-06
-9.12373e-06
-9.56567e-06
-9.97114e-06
-1.03422e-05
-1.06809e-05
-1.09894e-05
-1.12699e-05
-1.15244e-05
-1.17549e-05
-1.19632e-05
-1.2152e-05
-1.23223e-05
-1.24763e-05
-1.26159e-05
-1.27431e-05
-1.28595e-05
-1.2967e-05
-1.30674e-05
-1.31623e-05
-1.32533e-05
-1.3342e-05
-1.343e-05
2.63624e-06
2.1736e-06
1.70295e-06
1.22465e-06
7.39086e-07
2.46712e-07
-2.52033e-07
-7.56709e-07
-1.26687e-06
-1.78207e-06
-2.30183e-06
-2.82565e-06
-3.353e-06
-3.8833e-06
-4.41591e-06
-4.95012e-06
-5.48513e-06
-6.02e-06
-6.55372e-06
-7.08497e-06
-7.61246e-06
-8.13418e-06
-8.63724e-06
-9.10788e-06
-9.54353e-06
-9.94551e-06
-1.03154e-05
-1.0655e-05
-1.09659e-05
-1.12499e-05
-1.15086e-05
-1.17439e-05
-1.19574e-05
-1.21509e-05
-1.2326e-05
-1.24844e-05
-1.26279e-05
-1.27583e-05
-1.28774e-05
-1.2987e-05
-1.30887e-05
-1.31844e-05
-1.32757e-05
-1.33642e-05
-1.34515e-05
2.64089e-06
2.16987e-06
1.69098e-06
1.20467e-06
7.11464e-07
2.1191e-07
-2.93449e-07
-8.04065e-07
-1.31939e-06
-1.83884e-06
-2.36184e-06
-2.88777e-06
-3.416e-06
-3.94582e-06
-4.47652e-06
-5.00729e-06
-5.53727e-06
-6.06547e-06
-6.59086e-06
-7.11215e-06
-7.62814e-06
-8.13695e-06
-8.62765e-06
-9.08869e-06
-9.51759e-06
-9.91528e-06
-1.0283e-05
-1.06222e-05
-1.09341e-05
-1.12202e-05
-1.14818e-05
-1.17205e-05
-1.19377e-05
-1.21349e-05
-1.23137e-05
-1.24758e-05
-1.26226e-05
-1.27559e-05
-1.28775e-05
-1.29891e-05
-1.30925e-05
-1.31894e-05
-1.32816e-05
-1.33707e-05
-1.34585e-05
2.63714e-06
2.15895e-06
1.67303e-06
1.17995e-06
6.80309e-07
1.74751e-07
-3.36091e-07
-8.51577e-07
-1.37106e-06
-1.89386e-06
-2.4193e-06
-2.94666e-06
-3.47522e-06
-4.00419e-06
-4.53275e-06
-5.06002e-06
-5.5851e-06
-6.10693e-06
-6.62449e-06
-7.13648e-06
-7.64179e-06
-8.13862e-06
-8.6178e-06
-9.06966e-06
-9.49188e-06
-9.88509e-06
-1.02502e-05
-1.05883e-05
-1.09005e-05
-1.11877e-05
-1.14512e-05
-1.16923e-05
-1.19118e-05
-1.21123e-05
-1.22941e-05
-1.24591e-05
-1.26086e-05
-1.27443e-05
-1.28681e-05
-1.29817e-05
-1.30867e-05
-1.3185e-05
-1.32783e-05
-1.33684e-05
-1.34571e-05
2.62946e-06
2.14502e-06
1.65301e-06
1.15407e-06
6.48881e-07
1.38168e-07
-3.7736e-07
-8.9698e-07
-1.41995e-06
-1.94553e-06
-2.47293e-06
-3.00137e-06
-3.53002e-06
-4.05802e-06
-4.58449e-06
-5.10847e-06
-5.62901e-06
-6.14502e-06
-6.65544e-06
-7.15901e-06
-7.65464e-06
-8.14061e-06
-8.60928e-06
-9.05267e-06
-9.4686e-06
-9.85742e-06
-1.02198e-05
-1.05566e-05
-1.08684e-05
-1.11563e-05
-1.14211e-05
-1.16639e-05
-1.18857e-05
-1.20882e-05
-1.22721e-05
-1.24396e-05
-1.25912e-05
-1.2729e-05
-1.28546e-05
-1.29698e-05
-1.30763e-05
-1.31759e-05
-1.32704e-05
-1.33616e-05
-1.34513e-05
2.62048e-06
2.13053e-06
1.63314e-06
1.12903e-06
6.18974e-07
1.03737e-07
-4.15894e-07
-9.39122e-07
-1.46514e-06
-1.99311e-06
-2.52219e-06
-3.05152e-06
-3.58019e-06
-4.10728e-06
-4.63184e-06
-5.15286e-06
-5.66932e-06
-6.18013e-06
-6.68419e-06
-7.18024e-06
-7.66724e-06
-8.14352e-06
-8.60277e-06
-9.03849e-06
-9.44865e-06
-9.83339e-06
-1.01932e-05
-1.05284e-05
-1.08398e-05
-1.11279e-05
-1.13935e-05
-1.16376e-05
-1.18611e-05
-1.20652e-05
-1.22508e-05
-1.24202e-05
-1.25736e-05
-1.2713e-05
-1.28401e-05
-1.29566e-05
-1.30643e-05
-1.3165e-05
-1.32605e-05
-1.33527e-05
-1.34434e-05
2.61163e-06
2.11675e-06
1.61457e-06
1.10587e-06
5.91464e-07
7.21961e-08
-4.5109e-07
-9.77533e-07
-1.50626e-06
-2.03637e-06
-2.56696e-06
-3.09709e-06
-3.6258e-06
-4.1521e-06
-4.67499e-06
-5.1934e-06
-5.70629e-06
-6.21251e-06
-6.71097e-06
-7.2004e-06
-7.67977e-06
-8.14747e-06
-8.59836e-06
-9.02723e-06
-9.43221e-06
-9.81323e-06
-1.01705e-05
-1.05043e-05
-1.08151e-05
-1.11033e-05
-1.13695e-05
-1.16146e-05
-1.18393e-05
-1.20446e-05
-1.22317e-05
-1.24026e-05
-1.25573e-05
-1.2698e-05
-1.28262e-05
-1.29438e-05
-1.30524e-05
-1.3154e-05
-1.32503e-05
-1.33433e-05
-1.34348e-05
2.60361e-06
2.10432e-06
1.59784e-06
1.08501e-06
5.66708e-07
4.38201e-08
-4.82752e-07
-1.01209e-06
-1.54327e-06
-2.07533e-06
-2.6073e-06
-3.13819e-06
-3.66698e-06
-4.19264e-06
-4.7141e-06
-5.23027e-06
-5.74005e-06
-6.24227e-06
-6.73584e-06
-7.21947e-06
-7.69216e-06
-8.15233e-06
-8.59583e-06
-9.01865e-06
-9.41903e-06
-9.79673e-06
-1.01518e-05
-1.04843e-05
-1.07944e-05
-1.10826e-05
-1.13492e-05
-1.1595e-05
-1.18207e-05
-1.20268e-05
-1.22155e-05
-1.23872e-05
-1.25431e-05
-1.26847e-05
-1.28138e-05
-1.29322e-05
-1.30415e-05
-1.31437e-05
-1.32406e-05
-1.33342e-05
-1.34264e-05
2.5967e-06
2.09345e-06
1.58312e-06
1.06659e-06
5.44794e-07
1.86532e-08
-5.10877e-07
-1.04283e-06
-1.57623e-06
-2.11006e-06
-2.64331e-06
-3.17493e-06
-3.70386e-06
-4.22901e-06
-4.74928e-06
-5.26354e-06
-5.77065e-06
-6.26943e-06
-6.75875e-06
-7.23735e-06
-7.70422e-06
-8.1578e-06
-8.59483e-06
-9.01234e-06
-9.40869e-06
-9.78347e-06
-1.01365e-05
-1.04678e-05
-1.07774e-05
-1.10655e-05
-1.13324e-05
-1.15788e-05
-1.18052e-05
-1.2012e-05
-1.22018e-05
-1.23744e-05
-1.25311e-05
-1.26734e-05
-1.28032e-05
-1.29221e-05
-1.30319e-05
-1.31346e-05
-1.32319e-05
-1.33259e-05
-1.34185e-05
2.59086e-06
2.08404e-06
1.57023e-06
1.05036e-06
5.25405e-07
-3.67612e-09
-5.35885e-07
-1.07021e-06
-1.60563e-06
-2.1411e-06
-2.67554e-06
-3.20787e-06
-3.73699e-06
-4.26177e-06
-4.78105e-06
-5.29369e-06
-5.79851e-06
-6.29431e-06
-6.77995e-06
-7.25417e-06
-7.71595e-06
-8.16375e-06
-8.59506e-06
-9.00785e-06
-9.40064e-06
-9.77285e-06
-1.01242e-05
-1.04544e-05
-1.07634e-05
-1.10514e-05
-1.13186e-05
-1.15655e-05
-1.17925e-05
-1.2e-05
-1.21906e-05
-1.23638e-05
-1.25211e-05
-1.2664e-05
-1.27942e-05
-1.29135e-05
-1.30237e-05
-1.31265e-05
-1.32241e-05
-1.33183e-05
-1.34113e-05
2.58577e-06
2.07552e-06
1.55839e-06
1.03533e-06
5.07351e-07
-2.45457e-08
-5.59324e-07
-1.09594e-06
-1.63331e-06
-2.17037e-06
-2.70599e-06
-3.23905e-06
-3.76841e-06
-4.2929e-06
-4.81133e-06
-5.32252e-06
-5.82527e-06
-6.31836e-06
-6.80063e-06
-7.27081e-06
-7.7279e-06
-8.17034e-06
-8.59632e-06
-9.00472e-06
-9.39419e-06
-9.764e-06
-1.01137e-05
-1.04429e-05
-1.07515e-05
-1.10394e-05
-1.13068e-05
-1.15541e-05
-1.17816e-05
-1.19899e-05
-1.2181e-05
-1.23548e-05
-1.25126e-05
-1.26559e-05
-1.27864e-05
-1.29059e-05
-1.30162e-05
-1.31192e-05
-1.32169e-05
-1.33112e-05
-1.34043e-05
2.5814e-06
2.06784e-06
1.54746e-06
1.02126e-06
4.90284e-07
-4.44121e-08
-5.81753e-07
-1.12065e-06
-1.65998e-06
-2.19863e-06
-2.73544e-06
-3.26925e-06
-3.79886e-06
-4.32307e-06
-4.84067e-06
-5.35045e-06
-5.85118e-06
-6.34163e-06
-6.82065e-06
-7.28697e-06
-7.73962e-06
-8.17705e-06
-8.59816e-06
-9.00265e-06
-9.38915e-06
-9.75676e-06
-1.01049e-05
-1.04332e-05
-1.07413e-05
-1.10291e-05
-1.12966e-05
-1.15442e-05
-1.17722e-05
-1.19808e-05
-1.21724e-05
-1.23468e-05
-1.2505e-05
-1.26487e-05
-1.27796e-05
-1.28993e-05
-1.30097e-05
-1.31128e-05
-1.32104e-05
-1.33048e-05
-1.33979e-05
-3.59383e-06
-9.07458e-06
-9.31753e-06
-9.45926e-06
-9.92857e-06
-1.06135e-05
-1.14656e-05
-1.2458e-05
-1.35783e-05
-1.48234e-05
-1.61953e-05
-1.7699e-05
-1.93415e-05
-2.11308e-05
-2.30721e-05
-6.43832e-08
-5.64495e-06
-7.51546e-06
-8.55093e-06
-9.44581e-06
-1.03375e-05
-1.1299e-05
-1.23548e-05
-1.35136e-05
-1.47825e-05
-1.61687e-05
-1.76805e-05
-1.93264e-05
-2.11158e-05
-2.30547e-05
2.18484e-06
-3.24625e-06
-6.05606e-06
-7.70198e-06
-8.94981e-06
-1.00454e-05
-1.11226e-05
-1.22465e-05
-1.34466e-05
-1.47409e-05
-1.61423e-05
-1.76623e-05
-1.93115e-05
-2.11007e-05
-2.30366e-05
3.20744e-06
-1.64223e-06
-4.82447e-06
-6.89028e-06
-8.43694e-06
-9.73317e-06
-1.09343e-05
-1.21328e-05
-1.33783e-05
-1.46998e-05
-1.61172e-05
-1.76456e-05
-1.9298e-05
-2.10865e-05
-2.3019e-05
3.67867e-06
-3.67243e-07
-3.61742e-06
-6.00524e-06
-7.84124e-06
-9.35487e-06
-1.07025e-05
-1.19936e-05
-1.32961e-05
-1.46519e-05
-1.6089e-05
-1.76277e-05
-1.92839e-05
-2.10717e-05
-2.30003e-05
3.96659e-06
5.73944e-07
-2.51971e-06
-5.07613e-06
-7.15395e-06
-8.88645e-06
-1.04015e-05
-1.18079e-05
-1.31852e-05
-1.45873e-05
-1.60516e-05
-1.76048e-05
-1.92669e-05
-2.10547e-05
-2.29791e-05
4.03315e-06
1.18284e-06
-1.63946e-06
-4.20133e-06
-6.4244e-06
-8.33952e-06
-1.00222e-05
-1.15597e-05
-1.30299e-05
-1.44936e-05
-1.59959e-05
-1.75705e-05
-1.92426e-05
-2.10323e-05
-2.29531e-05
3.86876e-06
1.47012e-06
-1.03662e-06
-3.47771e-06
-5.73253e-06
-7.7607e-06
-9.58162e-06
-1.12474e-05
-1.28204e-05
-1.43587e-05
-1.59109e-05
-1.7516e-05
-1.92041e-05
-2.09993e-05
-2.29179e-05
3.50683e-06
1.47724e-06
-7.18027e-07
-2.96594e-06
-5.15557e-06
-7.21502e-06
-9.12129e-06
-1.08902e-05
-1.25601e-05
-1.41776e-05
-1.57881e-05
-1.74322e-05
-1.9143e-05
-2.09481e-05
-2.28671e-05
2.98122e-06
1.25126e-06
-6.60602e-07
-2.68746e-06
-4.74627e-06
-6.76324e-06
-8.69311e-06
-1.05234e-05
-1.22679e-05
-1.39566e-05
-1.56259e-05
-1.7313e-05
-1.90514e-05
-2.08703e-05
-2.2792e-05
2.31618e-06
8.31029e-07
-8.3224e-07
-2.63744e-06
-4.52982e-06
-6.44883e-06
-8.34446e-06
-1.01878e-05
-1.19729e-05
-1.37124e-05
-1.54307e-05
-1.71579e-05
-1.89241e-05
-2.07581e-05
-2.26832e-05
1.5254e-06
2.43061e-07
-1.20464e-06
-2.80063e-06
-4.51252e-06
-6.29737e-06
-8.11153e-06
-9.92082e-06
-1.17069e-05
-1.3468e-05
-1.52162e-05
-1.69721e-05
-1.876e-05
-2.06055e-05
-2.25315e-05
6.14693e-07
-4.97028e-07
-1.75775e-06
-3.16171e-06
-4.69221e-06
-6.32242e-06
-8.01999e-06
-9.75364e-06
-1.15003e-05
-1.32483e-05
-1.5e-05
-1.6765e-05
-1.85609e-05
-2.04082e-05
-2.23275e-05
-4.1422e-07
-1.38041e-06
-2.47822e-06
-3.70824e-06
-5.06384e-06
-6.53059e-06
-8.08787e-06
-9.71164e-06
-1.13807e-05
-1.30774e-05
-1.48014e-05
-1.65492e-05
-1.83315e-05
-2.01636e-05
-2.20622e-05
-1.56008e-06
-2.40071e-06
-3.35584e-06
-4.42924e-06
-5.62024e-06
-6.92284e-06
-8.32622e-06
-9.81463e-06
-1.13721e-05
-1.29818e-05
-1.46376e-05
-1.63372e-05
-1.80782e-05
-1.98701e-05
-2.17264e-05
-2.81956e-06
-3.55065e-06
-4.37993e-06
-5.31243e-06
-6.35053e-06
-7.49347e-06
-8.73721e-06
-1.00738e-05
-1.14934e-05
-1.29848e-05
-1.45301e-05
-1.61406e-05
-1.78077e-05
-1.95281e-05
-2.13129e-05
-4.18803e-06
-4.82172e-06
-5.53834e-06
-6.34302e-06
-7.23928e-06
-8.22922e-06
-9.31269e-06
-1.04881e-05
-1.17498e-05
-1.30941e-05
-1.4504e-05
-1.59787e-05
-1.75272e-05
-1.91395e-05
-2.08172e-05
-5.65508e-06
-6.20014e-06
-6.81376e-06
-7.50056e-06
-8.26417e-06
-9.10754e-06
-1.00328e-05
-1.10409e-05
-1.21312e-05
-1.3301e-05
-1.45468e-05
-1.5862e-05
-1.72487e-05
-1.87101e-05
-2.02397e-05
-7.19444e-06
-7.65662e-06
-8.17388e-06
-8.74994e-06
-9.38787e-06
-1.00905e-05
-1.08606e-05
-1.17005e-05
-1.26118e-05
-1.35953e-05
-1.46508e-05
-1.57768e-05
-1.69745e-05
-1.82446e-05
-1.95856e-05
-8.76853e-06
-9.15017e-06
-9.5742e-06
-1.00434e-05
-1.05601e-05
-1.11265e-05
-1.17452e-05
-1.24188e-05
-1.31501e-05
-1.39413e-05
-1.47947e-05
-1.5712e-05
-1.6695e-05
-1.77462e-05
-1.8867e-05
-1.02018e-05
-1.0509e-05
-1.08478e-05
-1.12199e-05
-1.16267e-05
-1.20699e-05
-1.25517e-05
-1.30743e-05
-1.36407e-05
-1.42536e-05
-1.49163e-05
-1.5632e-05
-1.64044e-05
-1.72379e-05
-1.81364e-05
-1.13528e-05
-1.1597e-05
-1.18634e-05
-1.21533e-05
-1.24681e-05
-1.28092e-05
-1.31785e-05
-1.3578e-05
-1.40102e-05
-1.44783e-05
-1.49856e-05
-1.55363e-05
-1.61351e-05
-1.67879e-05
-1.75009e-05
-1.21394e-05
-1.23345e-05
-1.25457e-05
-1.2774e-05
-1.30207e-05
-1.3287e-05
-1.35746e-05
-1.38854e-05
-1.42219e-05
-1.45868e-05
-1.49838e-05
-1.54172e-05
-1.58924e-05
-1.64161e-05
-1.69957e-05
-1.26781e-05
-1.28365e-05
-1.30067e-05
-1.31896e-05
-1.33865e-05
-1.35986e-05
-1.38276e-05
-1.40754e-05
-1.43442e-05
-1.4637e-05
-1.49573e-05
-1.53095e-05
-1.56991e-05
-1.61329e-05
-1.66186e-05
-1.30339e-05
-1.31657e-05
-1.33062e-05
-1.34566e-05
-1.36182e-05
-1.37923e-05
-1.39806e-05
-1.41851e-05
-1.4408e-05
-1.46522e-05
-1.49211e-05
-1.5219e-05
-1.55511e-05
-1.59243e-05
-1.63457e-05
-1.32591e-05
-1.33726e-05
-1.3493e-05
-1.36214e-05
-1.37592e-05
-1.39081e-05
-1.40696e-05
-1.42458e-05
-1.44389e-05
-1.46516e-05
-1.48874e-05
-1.51503e-05
-1.54451e-05
-1.57784e-05
-1.61565e-05
-1.33962e-05
-1.34981e-05
-1.36056e-05
-1.372e-05
-1.38429e-05
-1.39759e-05
-1.41208e-05
-1.42795e-05
-1.44543e-05
-1.46478e-05
-1.48632e-05
-1.51042e-05
-1.53756e-05
-1.56828e-05
-1.60318e-05
-1.34758e-05
-1.35709e-05
-1.36709e-05
-1.37772e-05
-1.38915e-05
-1.40154e-05
-1.41507e-05
-1.42994e-05
-1.44637e-05
-1.46462e-05
-1.48497e-05
-1.50778e-05
-1.53346e-05
-1.56251e-05
-1.59544e-05
-1.3519e-05
-1.36107e-05
-1.37069e-05
-1.38091e-05
-1.3919e-05
-1.40383e-05
-1.41688e-05
-1.43125e-05
-1.44716e-05
-1.46483e-05
-1.48455e-05
-1.50662e-05
-1.53143e-05
-1.5594e-05
-1.59097e-05
-1.35396e-05
-1.36302e-05
-1.37249e-05
-1.38256e-05
-1.39339e-05
-1.40515e-05
-1.41803e-05
-1.43221e-05
-1.44791e-05
-1.46535e-05
-1.48477e-05
-1.50646e-05
-1.53075e-05
-1.55801e-05
-1.58862e-05
-1.35468e-05
-1.36375e-05
-1.37323e-05
-1.3833e-05
-1.39413e-05
-1.40589e-05
-1.41877e-05
-1.43296e-05
-1.44864e-05
-1.46603e-05
-1.48536e-05
-1.50687e-05
-1.53086e-05
-1.55763e-05
-1.58754e-05
-1.35462e-05
-1.36377e-05
-1.37333e-05
-1.38348e-05
-1.3944e-05
-1.40627e-05
-1.41925e-05
-1.43353e-05
-1.4493e-05
-1.46675e-05
-1.48609e-05
-1.50754e-05
-1.53135e-05
-1.55778e-05
-1.58714e-05
-1.35415e-05
-1.3634e-05
-1.37307e-05
-1.38334e-05
-1.39439e-05
-1.40639e-05
-1.41952e-05
-1.43394e-05
-1.44985e-05
-1.46741e-05
-1.48681e-05
-1.50825e-05
-1.53196e-05
-1.55813e-05
-1.58704e-05
-1.35346e-05
-1.36282e-05
-1.37261e-05
-1.383e-05
-1.39419e-05
-1.40634e-05
-1.41962e-05
-1.4342e-05
-1.45025e-05
-1.46794e-05
-1.48743e-05
-1.50889e-05
-1.53253e-05
-1.5585e-05
-1.58704e-05
-1.35269e-05
-1.36215e-05
-1.37204e-05
-1.38256e-05
-1.39387e-05
-1.40616e-05
-1.41959e-05
-1.43432e-05
-1.45051e-05
-1.46832e-05
-1.4879e-05
-1.5094e-05
-1.53298e-05
-1.55879e-05
-1.58701e-05
-1.35192e-05
-1.36146e-05
-1.37144e-05
-1.38205e-05
-1.39348e-05
-1.40589e-05
-1.41945e-05
-1.43432e-05
-1.45064e-05
-1.46856e-05
-1.48823e-05
-1.50976e-05
-1.5333e-05
-1.55896e-05
-1.5869e-05
-1.35119e-05
-1.36078e-05
-1.37083e-05
-1.38153e-05
-1.39305e-05
-1.40557e-05
-1.41924e-05
-1.43422e-05
-1.45066e-05
-1.46868e-05
-1.48842e-05
-1.50998e-05
-1.53348e-05
-1.55901e-05
-1.58671e-05
-1.3505e-05
-1.36013e-05
-1.37024e-05
-1.381e-05
-1.3926e-05
-1.4052e-05
-1.41897e-05
-1.43405e-05
-1.45058e-05
-1.46869e-05
-1.48849e-05
-1.51007e-05
-1.53354e-05
-1.55896e-05
-1.58643e-05
-1.34982e-05
-1.35949e-05
-1.36963e-05
-1.38044e-05
-1.3921e-05
-1.40478e-05
-1.41863e-05
-1.4338e-05
-1.45042e-05
-1.46861e-05
-1.48846e-05
-1.51006e-05
-1.5335e-05
-1.55881e-05
-1.58607e-05
-1.34919e-05
-1.35888e-05
-1.36905e-05
-1.37991e-05
-1.39162e-05
-1.40436e-05
-1.41828e-05
-1.43353e-05
-1.45022e-05
-1.46847e-05
-1.48837e-05
-1.50999e-05
-1.53339e-05
-1.5586e-05
-1.58567e-05
-5.18656e-06
-5.19117e-06
-5.19948e-06
-5.2103e-06
-5.22292e-06
-5.23674e-06
-5.25125e-06
-5.26608e-06
-5.28092e-06
-5.29552e-06
-5.30968e-06
-5.32318e-06
-5.33578e-06
-5.34717e-06
-5.35695e-06
-5.36456e-06
-5.36927e-06
-5.37004e-06
-5.36544e-06
-5.35345e-06
-5.33143e-06
-5.29609e-06
-5.24139e-06
-5.16058e-06
-5.04855e-06
-4.90063e-06
-4.7127e-06
-4.4824e-06
-4.21058e-06
-3.9008e-06
-3.55504e-06
-3.17969e-06
-2.79674e-06
-2.42365e-06
-2.0785e-06
-1.77814e-06
-1.53554e-06
-1.35926e-06
-1.25053e-06
-1.20282e-06
-1.20311e-06
-1.23429e-06
-1.27804e-06
-1.31973e-06
-1.34008e-06
-5.17143e-06
-5.17692e-06
-5.18404e-06
-5.19272e-06
-5.2027e-06
-5.21358e-06
-5.22502e-06
-5.23671e-06
-5.24838e-06
-5.25976e-06
-5.27056e-06
-5.28048e-06
-5.28917e-06
-5.29625e-06
-5.30121e-06
-5.30344e-06
-5.30215e-06
-5.29627e-06
-5.28431e-06
-5.26419e-06
-5.23301e-06
-5.18684e-06
-5.11998e-06
-5.02783e-06
-4.90665e-06
-4.75257e-06
-4.56245e-06
-4.3347e-06
-4.06961e-06
-3.76944e-06
-3.44123e-06
-3.09966e-06
-2.75514e-06
-2.42089e-06
-2.11244e-06
-1.84489e-06
-1.63046e-06
-1.47464e-06
-1.37616e-06
-1.32775e-06
-1.31794e-06
-1.3335e-06
-1.3618e-06
-1.3936e-06
-1.42363e-06
-5.15223e-06
-5.16052e-06
-5.16875e-06
-5.1777e-06
-5.1875e-06
-5.19789e-06
-5.20864e-06
-5.21955e-06
-5.23042e-06
-5.24101e-06
-5.25109e-06
-5.26038e-06
-5.26856e-06
-5.27526e-06
-5.28006e-06
-5.28246e-06
-5.28187e-06
-5.27755e-06
-5.26849e-06
-5.25322e-06
-5.22961e-06
-5.19422e-06
-5.14156e-06
-5.06676e-06
-4.96492e-06
-4.83042e-06
-4.65826e-06
-4.44528e-06
-4.19093e-06
-3.89755e-06
-3.57001e-06
-3.22073e-06
-2.86439e-06
-2.51691e-06
-2.19531e-06
-1.91538e-06
-1.68932e-06
-1.52351e-06
-1.41766e-06
-1.3653e-06
-1.35554e-06
-1.37532e-06
-1.41183e-06
-1.45723e-06
-1.51134e-06
-5.13032e-06
-5.14177e-06
-5.15175e-06
-5.1617e-06
-5.17214e-06
-5.18294e-06
-5.19398e-06
-5.20516e-06
-5.21637e-06
-5.22746e-06
-5.23824e-06
-5.24851e-06
-5.25804e-06
-5.26657e-06
-5.27387e-06
-5.27974e-06
-5.28402e-06
-5.28666e-06
-5.28761e-06
-5.28669e-06
-5.28331e-06
-5.27527e-06
-5.25642e-06
-5.21924e-06
-5.15571e-06
-5.05679e-06
-4.9141e-06
-4.72252e-06
-4.48044e-06
-4.19033e-06
-3.85855e-06
-3.49549e-06
-3.11663e-06
-2.73981e-06
-2.38422e-06
-2.06823e-06
-1.80695e-06
-1.60987e-06
-1.47952e-06
-1.4115e-06
-1.39579e-06
-1.4187e-06
-1.4656e-06
-1.52788e-06
-1.60713e-06
-5.10858e-06
-5.12318e-06
-5.13513e-06
-5.14645e-06
-5.15803e-06
-5.16985e-06
-5.18191e-06
-5.19422e-06
-5.20677e-06
-5.2195e-06
-5.23231e-06
-5.2451e-06
-5.25776e-06
-5.27023e-06
-5.28253e-06
-5.29489e-06
-5.30783e-06
-5.32227e-06
-5.33956e-06
-5.36143e-06
-5.38952e-06
-5.4237e-06
-5.45651e-06
-5.47524e-06
-5.46687e-06
-5.41736e-06
-5.31415e-06
-5.15192e-06
-4.92883e-06
-4.64662e-06
-4.30913e-06
-3.92822e-06
-3.51889e-06
-3.10006e-06
-2.69315e-06
-2.32005e-06
-2.00057e-06
-1.74963e-06
-1.5749e-06
-1.47583e-06
-1.44404e-06
-1.46492e-06
-1.52078e-06
-1.60071e-06
-1.70673e-06
-5.08898e-06
-5.10645e-06
-5.12034e-06
-5.13319e-06
-5.14619e-06
-5.15945e-06
-5.17305e-06
-5.18715e-06
-5.20182e-06
-5.21712e-06
-5.23306e-06
-5.24964e-06
-5.26693e-06
-5.28508e-06
-5.30445e-06
-5.32578e-06
-5.35037e-06
-5.38034e-06
-5.41879e-06
-5.46974e-06
-5.53757e-06
-5.62483e-06
-5.72209e-06
-5.80889e-06
-5.86522e-06
-5.87136e-06
-5.8155e-06
-5.69121e-06
-5.49445e-06
-5.22599e-06
-4.88702e-06
-4.48936e-06
-4.04754e-06
-3.58068e-06
-3.11183e-06
-2.66656e-06
-2.27045e-06
-1.94574e-06
-1.70762e-06
-1.56147e-06
-1.50193e-06
-1.51367e-06
-1.57524e-06
-1.67251e-06
-1.80735e-06
-5.07267e-06
-5.09259e-06
-5.10825e-06
-5.12264e-06
-5.13718e-06
-5.15208e-06
-5.16754e-06
-5.18383e-06
-5.20114e-06
-5.21963e-06
-5.23943e-06
-5.26069e-06
-5.28362e-06
-5.30862e-06
-5.3364e-06
-5.36823e-06
-5.40625e-06
-5.45385e-06
-5.51603e-06
-5.59931e-06
-5.71099e-06
-5.85658e-06
-6.02403e-06
-6.183e-06
-6.30589e-06
-6.37393e-06
-6.37519e-06
-6.29567e-06
-6.12773e-06
-5.87116e-06
-5.53499e-06
-5.12593e-06
-4.65627e-06
-4.14374e-06
-3.61167e-06
-3.08845e-06
-2.60546e-06
-2.19317e-06
-1.87617e-06
-1.66805e-06
-1.56841e-06
-1.56231e-06
-1.62464e-06
-1.73762e-06
-1.90262e-06
-5.06019e-06
-5.08211e-06
-5.09932e-06
-5.11515e-06
-5.13123e-06
-5.14784e-06
-5.16529e-06
-5.18396e-06
-5.20415e-06
-5.22616e-06
-5.25021e-06
-5.2766e-06
-5.3057e-06
-5.33814e-06
-5.37496e-06
-5.41793e-06
-5.46998e-06
-5.53575e-06
-5.62213e-06
-5.73818e-06
-5.89399e-06
-6.09823e-06
-6.33622e-06
-6.56775e-06
-6.75884e-06
-6.88711e-06
-6.93486e-06
-6.89058e-06
-6.75001e-06
-6.51349e-06
-6.18599e-06
-5.77291e-06
-5.28406e-06
-4.73464e-06
-4.14668e-06
-3.54976e-06
-2.97969e-06
-2.47482e-06
-2.0699e-06
-1.78852e-06
-1.63749e-06
-1.6042e-06
-1.66092e-06
-1.78646e-06
-1.9814e-06
-5.0516e-06
-5.07512e-06
-5.09365e-06
-5.1108e-06
-5.12833e-06
-5.1466e-06
-5.16602e-06
-5.18707e-06
-5.21017e-06
-5.23573e-06
-5.26411e-06
-5.29572e-06
-5.33111e-06
-5.37108e-06
-5.41696e-06
-5.47098e-06
-5.53675e-06
-5.62002e-06
-5.72946e-06
-5.87666e-06
-6.07376e-06
-6.3328e-06
-6.63627e-06
-6.93376e-06
-7.18422e-06
-7.36141e-06
-7.44727e-06
-7.43285e-06
-7.31593e-06
-7.09686e-06
-6.77928e-06
-6.3671e-06
-5.86735e-06
-5.29202e-06
-4.66058e-06
-4.00186e-06
-3.35391e-06
-2.76108e-06
-2.26763e-06
-1.90771e-06
-1.69724e-06
-1.62826e-06
-1.67233e-06
-1.80574e-06
-2.02833e-06
-5.04662e-06
-5.07147e-06
-5.09111e-06
-5.10943e-06
-5.12829e-06
-5.14809e-06
-5.16932e-06
-5.19259e-06
-5.21843e-06
-5.24737e-06
-5.27988e-06
-5.31651e-06
-5.35793e-06
-5.40514e-06
-5.4597e-06
-5.52418e-06
-5.60277e-06
-5.70211e-06
-5.83245e-06
-6.00801e-06
-6.24147e-06
-6.54891e-06
-6.90937e-06
-7.26257e-06
-7.56035e-06
-7.77427e-06
-7.88728e-06
-7.89266e-06
-7.79012e-06
-7.58148e-06
-7.27013e-06
-6.85896e-06
-6.35269e-06
-5.76025e-06
-5.098e-06
-4.39253e-06
-3.68176e-06
-3.01326e-06
-2.43906e-06
-2.00248e-06
-1.72943e-06
-1.61874e-06
-1.64353e-06
-1.77911e-06
-2.02498e-06
-5.04487e-06
-5.07088e-06
-5.09146e-06
-5.11081e-06
-5.13082e-06
-5.15194e-06
-5.17475e-06
-5.19995e-06
-5.2282e-06
-5.26014e-06
-5.29639e-06
-5.33759e-06
-5.38458e-06
-5.43849e-06
-5.50105e-06
-5.57511e-06
-5.66531e-06
-5.77894e-06
-5.92744e-06
-6.12791e-06
-6.39211e-06
-6.74105e-06
-7.1483e-06
-7.54574e-06
-7.87805e-06
-8.11574e-06
-8.24303e-06
-8.25567e-06
-8.15579e-06
-7.94734e-06
-7.63419e-06
-7.21905e-06
-6.70529e-06
-6.09959e-06
-5.41549e-06
-4.67671e-06
-3.91914e-06
-3.19084e-06
-2.54992e-06
-2.04476e-06
-1.71113e-06
-1.55609e-06
-1.55647e-06
-1.68829e-06
-1.95154e-06
-5.04592e-06
-5.07303e-06
-5.09444e-06
-5.11467e-06
-5.13565e-06
-5.15784e-06
-5.1819e-06
-5.20864e-06
-5.23885e-06
-5.27329e-06
-5.31271e-06
-5.35791e-06
-5.40982e-06
-5.46971e-06
-5.53948e-06
-5.62215e-06
-5.72268e-06
-5.84884e-06
-6.01263e-06
-6.23288e-06
-6.5248e-06
-6.90787e-06
-7.35192e-06
-7.78181e-06
-8.13632e-06
-8.38518e-06
-8.51406e-06
-8.52132e-06
-8.41179e-06
-8.1916e-06
-7.86586e-06
-7.4379e-06
-6.91085e-06
-6.29031e-06
-5.58783e-06
-4.82448e-06
-4.03305e-06
-3.2595e-06
-2.56814e-06
-2.0062e-06
-1.61784e-06
-1.41917e-06
-1.39205e-06
-1.51468e-06
-1.78872e-06
-5.04941e-06
-5.07766e-06
-5.09983e-06
-5.12082e-06
-5.14256e-06
-5.16552e-06
-5.19044e-06
-5.21825e-06
-5.24988e-06
-5.28621e-06
-5.32815e-06
-5.37662e-06
-5.43272e-06
-5.49783e-06
-5.57397e-06
-5.66432e-06
-5.774e-06
-5.91122e-06
-6.08825e-06
-6.32284e-06
-6.64072e-06
-7.04989e-06
-7.52216e-06
-7.97388e-06
-8.33963e-06
-8.58847e-06
-8.70763e-06
-8.69801e-06
-8.56707e-06
-8.32315e-06
-7.97304e-06
-7.52137e-06
-6.97203e-06
-6.33066e-06
-5.60799e-06
-4.82327e-06
-4.00661e-06
-3.19914e-06
-2.46631e-06
-1.86147e-06
-1.42685e-06
-1.18777e-06
-1.13209e-06
-1.24116e-06
-1.51964e-06
-5.05512e-06
-5.08462e-06
-5.10752e-06
-5.12914e-06
-5.15142e-06
-5.17483e-06
-5.20017e-06
-5.22852e-06
-5.26094e-06
-5.29848e-06
-5.3422e-06
-5.3932e-06
-5.4527e-06
-5.52225e-06
-5.60397e-06
-5.70114e-06
-5.81901e-06
-5.96602e-06
-6.15482e-06
-6.40271e-06
-6.7399e-06
-7.16926e-06
-7.66284e-06
-8.12767e-06
-8.49552e-06
-8.735e-06
-8.83492e-06
-8.79853e-06
-8.63583e-06
-8.35713e-06
-7.97125e-06
-7.48454e-06
-6.90234e-06
-6.23132e-06
-5.48236e-06
-4.6737e-06
-3.83392e-06
-3.00228e-06
-2.23193e-06
-1.59181e-06
-1.12006e-06
-8.45174e-07
-7.61253e-07
-8.53414e-07
-1.13093e-06
-5.06295e-06
-5.0939e-06
-5.11753e-06
-5.13967e-06
-5.16225e-06
-5.18572e-06
-5.211e-06
-5.23929e-06
-5.27181e-06
-5.30981e-06
-5.35454e-06
-5.40727e-06
-5.46942e-06
-5.54264e-06
-5.62923e-06
-5.73253e-06
-5.85784e-06
-6.01373e-06
-6.21322e-06
-6.47398e-06
-6.8242e-06
-7.27051e-06
-7.77921e-06
-8.25004e-06
-8.61267e-06
-8.83527e-06
-8.90827e-06
-8.83699e-06
-8.63394e-06
-8.31085e-06
-7.87891e-06
-7.34638e-06
-6.72052e-06
-6.00964e-06
-5.22561e-06
-4.38644e-06
-3.52011e-06
-2.66514e-06
-1.86197e-06
-1.18922e-06
-6.86434e-07
-3.7936e-07
-2.68047e-07
-3.40816e-07
-6.13298e-07
-5.07303e-06
-5.10565e-06
-5.13002e-06
-5.15255e-06
-5.17515e-06
-5.19828e-06
-5.22294e-06
-5.2505e-06
-5.28239e-06
-5.32006e-06
-5.36498e-06
-5.41867e-06
-5.48271e-06
-5.55892e-06
-5.64975e-06
-5.75864e-06
-5.89089e-06
-6.05507e-06
-6.26435e-06
-6.5366e-06
-6.89793e-06
-7.35783e-06
-7.87665e-06
-8.34785e-06
-8.69961e-06
-8.89941e-06
-8.93955e-06
-8.82717e-06
-8.57627e-06
-8.20103e-06
-7.71422e-06
-7.12619e-06
-6.44634e-06
-5.68499e-06
-4.85554e-06
-3.97683e-06
-3.0769e-06
-2.19484e-06
-1.35502e-06
-6.53632e-07
-1.19682e-07
2.17534e-07
3.55034e-07
3.03647e-07
3.84515e-08
-5.08562e-06
-5.12015e-06
-5.1453e-06
-5.16808e-06
-5.19038e-06
-5.21267e-06
-5.23608e-06
-5.26218e-06
-5.29262e-06
-5.32913e-06
-5.37344e-06
-5.42732e-06
-5.49255e-06
-5.57113e-06
-5.66573e-06
-5.77981e-06
-5.91871e-06
-6.09089e-06
-6.30947e-06
-6.59224e-06
-6.96391e-06
-7.4348e-06
-7.9601e-06
-8.42754e-06
-8.76349e-06
-8.93635e-06
-8.93913e-06
-8.78067e-06
-8.47648e-06
-8.04262e-06
-7.49353e-06
-6.84156e-06
-6.09826e-06
-5.2761e-06
-4.39035e-06
-3.46113e-06
-2.51592e-06
-1.59049e-06
-7.2795e-07
9.96213e-09
5.78079e-07
9.47589e-07
1.11094e-06
1.08478e-06
8.25576e-07
-5.10117e-06
-5.13786e-06
-5.16383e-06
-5.18666e-06
-5.20828e-06
-5.22915e-06
-5.25058e-06
-5.27438e-06
-5.30251e-06
-5.33698e-06
-5.37985e-06
-5.43318e-06
-5.499e-06
-5.57942e-06
-5.67742e-06
-5.79648e-06
-5.94191e-06
-6.12206e-06
-6.34985e-06
-6.64275e-06
-7.02426e-06
-7.50447e-06
-8.0334e-06
-8.49401e-06
-8.8111e-06
-8.95367e-06
-8.91568e-06
-8.7074e-06
-8.34564e-06
-7.84805e-06
-7.23059e-06
-6.50745e-06
-5.69221e-06
-4.79949e-06
-3.84662e-06
-2.85537e-06
-1.85398e-06
-8.78721e-07
2.44986e-08
8.01722e-07
1.40458e-06
1.80817e-06
1.99815e-06
2.00552e-06
1.74828e-06
-5.12028e-06
-5.15939e-06
-5.18622e-06
-5.20884e-06
-5.22928e-06
-5.24803e-06
-5.26662e-06
-5.28718e-06
-5.31202e-06
-5.34354e-06
-5.38413e-06
-5.43623e-06
-5.50212e-06
-5.58396e-06
-5.68511e-06
-5.80908e-06
-5.96111e-06
-6.1494e-06
-6.38657e-06
-6.68961e-06
-7.08074e-06
-7.56921e-06
-8.09994e-06
-8.5515e-06
-8.84742e-06
-8.9573e-06
-8.87604e-06
-8.6151e-06
-8.19259e-06
-7.62727e-06
-6.9365e-06
-6.13605e-06
-5.24136e-06
-4.2691e-06
-3.23869e-06
-2.17387e-06
-1.10447e-06
-6.81312e-08
8.88701e-07
1.71326e-06
2.356e-06
2.79768e-06
3.02219e-06
3.0462e-06
2.81278e-06
-5.14372e-06
-5.18552e-06
-5.21319e-06
-5.23526e-06
-5.25389e-06
-5.26965e-06
-5.28438e-06
-5.30061e-06
-5.32111e-06
-5.3487e-06
-5.38618e-06
-5.43641e-06
-5.50187e-06
-5.58496e-06
-5.68911e-06
-5.81804e-06
-5.97686e-06
-6.1736e-06
-6.4205e-06
-6.73394e-06
-7.13475e-06
-7.63088e-06
-8.1622e-06
-8.60309e-06
-8.87619e-06
-8.95167e-06
-8.82538e-06
-8.50983e-06
-8.02412e-06
-7.38799e-06
-6.61992e-06
-5.73702e-06
-4.75635e-06
-3.69641e-06
-2.57871e-06
-1.42912e-06
-2.79593e-07
8.30292e-07
1.85294e-06
2.73528e-06
3.42645e-06
3.90794e-06
4.16724e-06
4.21015e-06
4.01262e-06
-5.1724e-06
-5.2172e-06
-5.24566e-06
-5.26669e-06
-5.28268e-06
-5.29438e-06
-5.30402e-06
-5.31468e-06
-5.32966e-06
-5.35232e-06
-5.38591e-06
-5.43368e-06
-5.49821e-06
-5.58246e-06
-5.68967e-06
-5.8237e-06
-5.98963e-06
-6.19523e-06
-6.45231e-06
-6.77655e-06
-7.18729e-06
-7.6908e-06
-8.22187e-06
-8.65096e-06
-8.90006e-06
-8.93996e-06
-8.7674e-06
-8.39587e-06
-7.84521e-06
-7.13599e-06
-6.28751e-06
-5.31794e-06
-4.24567e-06
-3.09086e-06
-1.87695e-06
-6.32062e-07
6.09447e-07
1.80552e-06
2.90652e-06
3.858e-06
4.60657e-06
5.13224e-06
5.42941e-06
5.49555e-06
5.333e-06
-5.20744e-06
-5.25555e-06
-5.28465e-06
-5.30398e-06
-5.31627e-06
-5.32256e-06
-5.32565e-06
-5.32928e-06
-5.33748e-06
-5.35418e-06
-5.38313e-06
-5.42783e-06
-5.4912e-06
-5.5765e-06
-5.68692e-06
-5.82634e-06
-5.99978e-06
-6.21473e-06
-6.48251e-06
-6.81798e-06
-7.23896e-06
-7.74975e-06
-8.28001e-06
-8.69648e-06
-8.92076e-06
-8.92427e-06
-8.70464e-06
-8.27623e-06
-7.65949e-06
-6.87554e-06
-5.9443e-06
-4.88471e-06
-3.71622e-06
-2.46037e-06
-1.14238e-06
2.07426e-07
1.55208e-06
2.84663e-06
4.03871e-06
5.07146e-06
5.88632e-06
6.46417e-06
6.80746e-06
6.90501e-06
6.77213e-06
-5.25014e-06
-5.30193e-06
-5.33139e-06
-5.34809e-06
-5.35529e-06
-5.35449e-06
-5.34927e-06
-5.34425e-06
-5.34427e-06
-5.35395e-06
-5.37747e-06
-5.41866e-06
-5.48079e-06
-5.56713e-06
-5.68098e-06
-5.82615e-06
-6.00756e-06
-6.23237e-06
-6.51137e-06
-6.85856e-06
-7.29011e-06
-7.80814e-06
-8.33714e-06
-8.7404e-06
-8.9393e-06
-8.9059e-06
-8.63873e-06
-8.15293e-06
-7.46945e-06
-6.60976e-06
-5.59412e-06
-4.44205e-06
-3.17373e-06
-1.81181e-06
-3.83085e-07
1.08003e-06
2.53793e-06
3.94251e-06
5.23801e-06
6.36419e-06
7.25582e-06
7.89296e-06
8.28901e-06
8.42482e-06
8.32737e-06
-5.30212e-06
-5.35795e-06
-5.38728e-06
-5.40007e-06
-5.40038e-06
-5.39041e-06
-5.37481e-06
-5.3593e-06
-5.34969e-06
-5.35125e-06
-5.36866e-06
-5.40604e-06
-5.46685e-06
-5.55438e-06
-5.67194e-06
-5.82328e-06
-6.01315e-06
-6.24834e-06
-6.53907e-06
-6.8984e-06
-7.3408e-06
-7.86605e-06
-8.39343e-06
-8.78302e-06
-8.95615e-06
-8.88554e-06
-8.57062e-06
-8.0273e-06
-7.27684e-06
-6.34092e-06
-5.23998e-06
-3.99381e-06
-2.62313e-06
-1.15142e-06
3.93274e-07
1.97664e-06
3.5565e-06
5.08151e-06
6.49204e-06
7.72369e-06
8.70484e-06
9.40717e-06
9.86017e-06
1.00393e-05
9.98531e-06
-5.36532e-06
-5.42556e-06
-5.45395e-06
-5.46107e-06
-5.45214e-06
-5.43047e-06
-5.40208e-06
-5.37407e-06
-5.35327e-06
-5.34569e-06
-5.35644e-06
-5.38978e-06
-5.44929e-06
-5.53824e-06
-5.65988e-06
-5.81783e-06
-6.01664e-06
-6.2627e-06
-6.56563e-06
-6.93746e-06
-7.39093e-06
-7.92333e-06
-8.44874e-06
-8.8243e-06
-8.97141e-06
-8.86346e-06
-8.50084e-06
-7.90013e-06
-7.08287e-06
-6.07078e-06
-4.8843e-06
-3.54334e-06
-2.06891e-06
-4.85042e-07
1.17922e-06
2.88802e-06
4.59687e-06
6.25122e-06
7.78703e-06
9.13485e-06
1.02202e-05
1.09993e-05
1.15124e-05
1.17426e-05
1.17368e-05
-5.44215e-06
-5.50708e-06
-5.53325e-06
-5.53228e-06
-5.51113e-06
-5.47468e-06
-5.43076e-06
-5.3881e-06
-5.35457e-06
-5.3369e-06
-5.34053e-06
-5.36973e-06
-5.42808e-06
-5.51876e-06
-5.64488e-06
-5.80989e-06
-6.0181e-06
-6.27549e-06
-6.591e-06
-6.97561e-06
-7.44028e-06
-7.9797e-06
-8.5028e-06
-8.86401e-06
-8.98495e-06
-8.8397e-06
-8.4296e-06
-7.77193e-06
-6.88841e-06
-5.80069e-06
-4.52913e-06
-3.0936e-06
-1.51523e-06
1.81626e-07
1.96729e-06
3.80475e-06
5.64762e-06
7.43841e-06
9.10848e-06
1.05821e-05
1.1784e-05
1.26592e-05
1.32353e-05
1.3525e-05
1.3574e-05
-5.53565e-06
-5.60534e-06
-5.62732e-06
-5.61493e-06
-5.57776e-06
-5.52288e-06
-5.46041e-06
-5.40083e-06
-5.35312e-06
-5.32458e-06
-5.32075e-06
-5.34586e-06
-5.40331e-06
-5.49607e-06
-5.62709e-06
-5.79959e-06
-6.01762e-06
-6.2867e-06
-6.61508e-06
-7.01266e-06
-7.48856e-06
-8.03478e-06
-8.55522e-06
-8.90181e-06
-8.99652e-06
-8.81414e-06
-8.35698e-06
-7.64305e-06
-6.69416e-06
-5.53185e-06
-4.17633e-06
-2.64737e-06
-9.66095e-07
8.43028e-07
2.75001e-06
4.71715e-06
6.69678e-06
8.62908e-06
1.04413e-05
1.20513e-05
1.33793e-05
1.43663e-05
1.50161e-05
1.53742e-05
1.5488e-05
-5.64969e-06
-5.72376e-06
-5.73849e-06
-5.7102e-06
-5.65226e-06
-5.5747e-06
-5.49044e-06
-5.4117e-06
-5.34851e-06
-5.30847e-06
-5.29707e-06
-5.31826e-06
-5.37513e-06
-5.47038e-06
-5.60671e-06
-5.78708e-06
-6.01527e-06
-6.29633e-06
-6.63776e-06
-7.04838e-06
-7.53543e-06
-8.0882e-06
-8.60559e-06
-8.93733e-06
-9.00585e-06
-8.78664e-06
-8.28304e-06
-7.51375e-06
-6.50071e-06
-5.26531e-06
-3.8276e-06
-2.20726e-06
-4.25324e-07
1.49374e-06
3.51995e-06
5.61543e-06
7.73195e-06
9.80826e-06
1.17685e-05
1.35248e-05
1.49902e-05
1.60996e-05
1.6839e-05
1.72759e-05
1.74678e-05
-5.78926e-06
-5.86644e-06
-5.86935e-06
-5.81915e-06
-5.73452e-06
-5.62959e-06
-5.52011e-06
-5.42014e-06
-5.3404e-06
-5.2885e-06
-5.26958e-06
-5.28715e-06
-5.34385e-06
-5.442e-06
-5.58401e-06
-5.77258e-06
-6.01118e-06
-6.30438e-06
-6.65894e-06
-7.08257e-06
-7.5806e-06
-8.13956e-06
-8.65353e-06
-8.97024e-06
-9.01269e-06
-8.75707e-06
-8.20781e-06
-7.38432e-06
-6.30866e-06
-5.0021e-06
-3.48458e-06
-1.77572e-06
1.03448e-07
2.12858e-06
4.2699e-06
6.48988e-06
8.74053e-06
1.09603e-05
1.30714e-05
1.49814e-05
1.65948e-05
1.78386e-05
1.86878e-05
1.92153e-05
1.95025e-05
-5.96094e-06
-6.03834e-06
-6.0226e-06
-5.94253e-06
-5.82405e-06
-5.68666e-06
-5.54862e-06
-5.4256e-06
-5.32857e-06
-5.26472e-06
-5.23855e-06
-5.25292e-06
-5.30988e-06
-5.41133e-06
-5.55936e-06
-5.75636e-06
-6.00551e-06
-6.31091e-06
-6.67857e-06
-7.11505e-06
-7.62379e-06
-8.18855e-06
-8.69871e-06
-9.00026e-06
-9.01683e-06
-8.72537e-06
-8.13138e-06
-7.25504e-06
-6.11857e-06
-4.74317e-06
-3.14877e-06
-1.35507e-06
6.16844e-07
2.74268e-06
4.99304e-06
7.33113e-06
9.71005e-06
1.20692e-05
1.43307e-05
1.63987e-05
1.817e-05
1.95609e-05
2.05391e-05
2.11754e-05
2.15818e-05
-6.17352e-06
-6.2453e-06
-6.20085e-06
-6.08023e-06
-5.92033e-06
-5.74474e-06
-5.57508e-06
-5.42766e-06
-5.31299e-06
-5.23739e-06
-5.20442e-06
-5.21607e-06
-5.27375e-06
-5.37888e-06
-5.53316e-06
-5.73875e-06
-5.99848e-06
-6.31602e-06
-6.6966e-06
-7.14567e-06
-7.66478e-06
-8.23489e-06
-8.74087e-06
-9.02717e-06
-9.01817e-06
-8.69154e-06
-8.05389e-06
-7.12625e-06
-5.93105e-06
-4.48948e-06
-2.82161e-06
-9.47398e-07
1.11182e-06
3.33169e-06
5.68318e-06
8.13054e-06
1.06286e-05
1.31192e-05
1.55259e-05
1.77525e-05
1.96893e-05
2.12419e-05
2.23654e-05
2.31345e-05
2.36939e-05
-6.43911e-06
-6.49397e-06
-6.40648e-06
-6.23163e-06
-6.02147e-06
-5.8024e-06
-5.59862e-06
-5.42601e-06
-5.29381e-06
-5.20696e-06
-5.16777e-06
-5.17725e-06
-5.23609e-06
-5.34518e-06
-5.5059e-06
-5.72009e-06
-5.99034e-06
-6.31982e-06
-6.71305e-06
-7.17436e-06
-7.70341e-06
-8.27839e-06
-8.77983e-06
-9.05086e-06
-9.01667e-06
-8.65564e-06
-7.97555e-06
-6.99833e-06
-5.74668e-06
-4.24189e-06
-2.50438e-06
-5.54554e-07
1.58574e-06
3.89185e-06
6.33497e-06
8.88046e-06
1.14854e-05
1.40951e-05
1.66371e-05
1.90171e-05
2.11226e-05
2.28498e-05
2.41371e-05
2.50666e-05
2.58273e-05
-6.7747e-06
-6.79151e-06
-6.63857e-06
-6.39688e-06
-6.12524e-06
-5.85798e-06
-5.61844e-06
-5.42055e-06
-5.27141e-06
-5.17406e-06
-5.12934e-06
-5.13719e-06
-5.19756e-06
-5.31083e-06
-5.47805e-06
-5.70078e-06
-5.98133e-06
-6.32248e-06
-6.72798e-06
-7.20108e-06
-7.73957e-06
-8.31893e-06
-8.8155e-06
-9.0713e-06
-9.01236e-06
-8.61782e-06
-7.89662e-06
-6.87168e-06
-5.56603e-06
-4.00123e-06
-2.1982e-06
-1.78078e-07
2.03646e-06
4.42014e-06
6.94408e-06
9.57459e-06
1.22712e-05
1.49834e-05
1.76445e-05
2.01659e-05
2.24361e-05
2.43462e-05
2.58163e-05
2.69392e-05
2.79721e-05
-7.20455e-06
-7.14607e-06
-6.89726e-06
-6.57096e-06
-6.22872e-06
-5.90978e-06
-5.6339e-06
-5.41144e-06
-5.24638e-06
-5.13946e-06
-5.08995e-06
-5.09668e-06
-5.15887e-06
-5.27643e-06
-5.45009e-06
-5.68118e-06
-5.97175e-06
-6.32415e-06
-6.74146e-06
-7.22582e-06
-7.77324e-06
-8.35645e-06
-8.84785e-06
-9.08853e-06
-9.00538e-06
-8.57827e-06
-7.81741e-06
-6.74672e-06
-5.38966e-06
-3.76819e-06
-1.90398e-06
1.80813e-07
2.46236e-06
4.91434e-06
7.50736e-06
1.02082e-05
1.29786e-05
1.57726e-05
1.85305e-05
2.11726e-05
2.35934e-05
2.56863e-05
2.73541e-05
2.87077e-05
3.01184e-05
-7.76184e-06
-7.55769e-06
-7.18247e-06
-6.7493e-06
-6.32831e-06
-5.95605e-06
-5.64466e-06
-5.39908e-06
-5.21949e-06
-5.10407e-06
-5.05047e-06
-5.05649e-06
-5.12069e-06
-5.24254e-06
-5.4225e-06
-5.66166e-06
-5.96185e-06
-6.32504e-06
-6.75361e-06
-7.24865e-06
-7.80441e-06
-8.39096e-06
-8.87694e-06
-9.10265e-06
-8.9959e-06
-8.53727e-06
-7.73826e-06
-6.62388e-06
-5.2181e-06
-3.54345e-06
-1.62255e-06
5.21133e-07
2.86222e-06
5.3729e-06
8.02266e-06
1.07782e-05
1.36026e-05
1.64539e-05
1.928e-05
2.20122e-05
2.45561e-05
2.6817e-05
2.86855e-05
3.03059e-05
3.22505e-05
-8.49236e-06
-8.025e-06
-7.481e-06
-6.92484e-06
-6.41992e-06
-5.99517e-06
-5.65058e-06
-5.3841e-06
-5.19163e-06
-5.0688e-06
-5.01175e-06
-5.01738e-06
-5.08366e-06
-5.20971e-06
-5.39571e-06
-5.64258e-06
-5.95191e-06
-6.32533e-06
-6.76456e-06
-7.26966e-06
-7.83315e-06
-8.42253e-06
-8.90284e-06
-9.1138e-06
-8.9841e-06
-8.49507e-06
-7.65953e-06
-6.50363e-06
-5.05193e-06
-3.32769e-06
-1.3547e-06
8.41951e-07
3.23498e-06
5.79456e-06
8.48846e-06
1.12823e-05
1.41396e-05
1.7021e-05
1.98808e-05
2.2662e-05
2.5285e-05
2.76771e-05
2.97245e-05
3.16299e-05
3.43261e-05
-9.44155e-06
-8.5367e-06
-7.77729e-06
-7.08831e-06
-6.49912e-06
-6.02576e-06
-5.65183e-06
-5.36724e-06
-5.16369e-06
-5.03451e-06
-4.97457e-06
-4.98001e-06
-5.04835e-06
-5.17838e-06
-5.3701e-06
-5.62424e-06
-5.94219e-06
-6.32525e-06
-6.77448e-06
-7.28898e-06
-7.85958e-06
-8.45126e-06
-8.92569e-06
-9.12211e-06
-8.97012e-06
-8.45187e-06
-7.58143e-06
-6.38617e-06
-4.89137e-06
-3.12112e-06
-1.10065e-06
1.14308e-06
3.58049e-06
6.17925e-06
8.90466e-06
1.17203e-05
1.45886e-05
1.74709e-05
2.03252e-05
2.31037e-05
2.5742e-05
2.81981e-05
3.03618e-05
3.25326e-05
3.62769e-05
-1.07004e-05
-9.07898e-06
-8.04964e-06
-7.22969e-06
-6.56317e-06
-6.04826e-06
-5.64991e-06
-5.35014e-06
-5.13711e-06
-5.00233e-06
-4.93976e-06
-4.94495e-06
-5.0151e-06
-5.14876e-06
-5.34574e-06
-5.60662e-06
-5.93261e-06
-6.32467e-06
-6.78327e-06
-7.30655e-06
-7.88372e-06
-8.4773e-06
-8.94576e-06
-9.12794e-06
-8.95434e-06
-8.40781e-06
-7.50382e-06
-6.271e-06
-4.73538e-06
-2.9221e-06
-8.57994e-07
1.42781e-06
3.90304e-06
6.53237e-06
9.27791e-06
1.21001e-05
1.49585e-05
1.78125e-05
2.06196e-05
2.33351e-05
2.59021e-05
2.8315e-05
3.0473e-05
3.28421e-05
3.81006e-05
-1.23799e-05
-9.61853e-06
-8.26609e-06
-7.34018e-06
-6.61418e-06
-6.06719e-06
-5.64934e-06
-5.33654e-06
-5.11472e-06
-4.97429e-06
-4.90863e-06
-4.91296e-06
-4.98424e-06
-5.12081e-06
-5.32234e-06
-5.58925e-06
-5.92256e-06
-6.32296e-06
-6.79031e-06
-7.32186e-06
-7.90528e-06
-8.50072e-06
-8.96355e-06
-9.13215e-06
-8.93775e-06
-8.36389e-06
-7.42742e-06
-6.15826e-06
-4.58333e-06
-2.72889e-06
-6.2356e-07
1.70114e-06
4.20996e-06
6.86409e-06
9.6218e-06
1.24394e-05
1.52718e-05
1.80736e-05
2.07967e-05
2.33896e-05
2.57828e-05
2.79887e-05
2.98843e-05
3.22226e-05
3.93638e-05
-1.37982e-05
-9.95317e-06
-8.3675e-06
-7.4009e-06
-6.64785e-06
-6.08124e-06
-5.64937e-06
-5.32597e-06
-5.09631e-06
-4.9505e-06
-4.88165e-06
-4.88483e-06
-4.95683e-06
-5.09584e-06
-5.30136e-06
-5.57367e-06
-5.91362e-06
-6.32158e-06
-6.79688e-06
-7.3359e-06
-7.92488e-06
-8.52179e-06
-8.97922e-06
-9.13524e-06
-8.92183e-06
-8.32314e-06
-7.35734e-06
-6.05569e-06
-4.44595e-06
-2.55551e-06
-4.14759e-07
1.94237e-06
4.47763e-06
7.14864e-06
9.90954e-06
1.27118e-05
1.55049e-05
1.82358e-05
2.08466e-05
2.32702e-05
2.54246e-05
2.71878e-05
2.83884e-05
2.97241e-05
3.62957e-05
)
;

boundaryField
{
    inlet
    {
        type            uniformJump;
        patchType       cyclic;
        jump            uniform -2.5e-05;
        value           nonuniform List<scalar> 
40
(
9.63926e-07
9.83201e-07
1.00331e-06
1.02328e-06
1.04466e-06
1.06887e-06
1.09812e-06
1.13641e-06
1.19008e-06
1.26769e-06
1.37918e-06
1.53495e-06
1.74591e-06
2.02377e-06
2.38056e-06
2.82723e-06
3.37153e-06
4.01576e-06
4.75502e-06
5.57442e-06
6.40794e-06
7.13029e-06
7.69838e-06
8.12042e-06
8.42454e-06
8.63548e-06
8.77528e-06
8.86338e-06
8.91587e-06
8.94524e-06
8.96063e-06
8.9683e-06
8.97227e-06
8.97491e-06
8.97749e-06
8.98055e-06
8.98422e-06
8.98852e-06
8.99361e-06
8.99901e-06
)
;
        jumpTable       table;
        jumpTableCoeffs
        {
            values          
4
(
(0 -2.5e-05)
(25 -2.5e-05)
(25.5 -0.0001)
(26 -2.5e-05)
)
;
        }
    }
    outlet
    {
        type            uniformJump;
        patchType       cyclic;
        value           nonuniform List<scalar> 
40
(
-2.40361e-05
-2.40168e-05
-2.39967e-05
-2.39767e-05
-2.39553e-05
-2.39311e-05
-2.39019e-05
-2.38636e-05
-2.38099e-05
-2.37323e-05
-2.36208e-05
-2.3465e-05
-2.32541e-05
-2.29762e-05
-2.26194e-05
-2.21728e-05
-2.16285e-05
-2.09842e-05
-2.0245e-05
-1.94256e-05
-1.85921e-05
-1.78697e-05
-1.73016e-05
-1.68796e-05
-1.65755e-05
-1.63645e-05
-1.62247e-05
-1.61366e-05
-1.60841e-05
-1.60548e-05
-1.60394e-05
-1.60317e-05
-1.60277e-05
-1.60251e-05
-1.60225e-05
-1.60194e-05
-1.60158e-05
-1.60115e-05
-1.60064e-05
-1.6001e-05
)
;
    }
    Walls
    {
        type            zeroGradient;
    }
    back
    {
        type            empty;
    }
    front
    {
        type            empty;
    }
}


// ************************************************************************* //
