/*--------------------------------*- C++ -*----------------------------------*\
| =========                 |                                                 |
| \\      /  F ield         | OpenFOAM: The Open Source CFD Toolbox           |
|  \\    /   O peration     | Version:  2312                                  |
|   \\  /    A nd           | Website:  www.openfoam.com                      |
|    \\/     M anipulation  |                                                 |
\*---------------------------------------------------------------------------*/
FoamFile
{
    version     2.0;
    format      ascii;
    arch        "LSB;label=32;scalar=64";
    class       volScalarField;
    location    "9.75";
    object      p;
}
// * * * * * * * * * * * * * * * * * * * * * * * * * * * * * * * * * * * * * //

dimensions      [0 2 -2 0 0 0 0];

internalField   nonuniform List<scalar> 
4800
(
-1.28749e-12
-1.40624e-06
-2.57778e-06
-3.57062e-06
-4.42276e-06
-5.15933e-06
-5.80463e-06
-6.37618e-06
-6.88241e-06
-7.33556e-06
-7.74426e-06
-8.11058e-06
-8.4282e-06
-8.9276e-06
-1.05551e-05
1.53964e-08
-1.38824e-06
-2.55795e-06
-3.54963e-06
-4.40178e-06
-5.13942e-06
-5.78726e-06
-6.36282e-06
-6.87501e-06
-7.33788e-06
-7.76522e-06
-8.17254e-06
-8.57461e-06
-9.07803e-06
-9.93054e-06
3.18376e-08
-1.36891e-06
-2.53673e-06
-3.52744e-06
-4.37947e-06
-5.11799e-06
-5.7667e-06
-6.34527e-06
-6.86222e-06
-7.33214e-06
-7.77025e-06
-8.1929e-06
-8.60938e-06
-9.02912e-06
-9.43212e-06
4.88647e-08
-1.34838e-06
-2.5138e-06
-3.50302e-06
-4.35433e-06
-5.09371e-06
-5.74161e-06
-6.32139e-06
-6.84046e-06
-7.31159e-06
-7.74778e-06
-8.15695e-06
-8.53223e-06
-8.84397e-06
-9.02458e-06
6.79777e-08
-1.32491e-06
-2.48714e-06
-3.47411e-06
-4.32381e-06
-5.06295e-06
-5.70967e-06
-6.28713e-06
-6.80424e-06
-7.26932e-06
-7.69057e-06
-8.06655e-06
-8.37929e-06
-8.59158e-06
-8.64974e-06
9.06478e-08
-1.29691e-06
-2.45503e-06
-3.43878e-06
-4.28571e-06
-5.02228e-06
-5.66696e-06
-6.23836e-06
-6.74737e-06
-7.19785e-06
-7.59218e-06
-7.92278e-06
-8.16945e-06
-8.30346e-06
-8.29736e-06
1.19048e-07
-1.2622e-06
-2.41512e-06
-3.39434e-06
-4.23687e-06
-4.96854e-06
-5.60755e-06
-6.16922e-06
-6.66304e-06
-7.09018e-06
-7.4486e-06
-7.72903e-06
-7.916e-06
-7.99477e-06
-7.95859e-06
1.56825e-07
-1.21719e-06
-2.36361e-06
-3.33663e-06
-4.17254e-06
-4.89635e-06
-5.52522e-06
-6.07206e-06
-6.54392e-06
-6.94063e-06
-7.25862e-06
-7.49091e-06
-7.62984e-06
-7.67298e-06
-7.62532e-06
2.09483e-07
-1.15644e-06
-2.29488e-06
-3.25962e-06
-4.08609e-06
-4.79834e-06
-5.41227e-06
-5.93872e-06
-6.38299e-06
-6.74517e-06
-7.02294e-06
-7.21386e-06
-7.31774e-06
-7.34029e-06
-7.29156e-06
2.8426e-07
-1.07265e-06
-2.20131e-06
-3.15526e-06
-3.96897e-06
-4.6655e-06
-5.25969e-06
-5.76104e-06
-6.17425e-06
-6.50128e-06
-6.74289e-06
-6.90146e-06
-6.9823e-06
-6.99532e-06
-6.95181e-06
3.894e-07
-9.57035e-07
-2.07362e-06
-3.01375e-06
-3.81107e-06
-4.48772e-06
-5.05799e-06
-5.53106e-06
-5.91277e-06
-6.20737e-06
-6.41933e-06
-6.55502e-06
-6.62291e-06
-6.63441e-06
-6.60025e-06
5.33248e-07
-8.0022e-07
-1.90161e-06
-2.8244e-06
-3.60159e-06
-4.2548e-06
-4.79841e-06
-5.24246e-06
-5.5948e-06
-5.86217e-06
-6.05219e-06
-6.17379e-06
-6.23684e-06
-6.25262e-06
-6.23067e-06
7.23969e-07
-5.92595e-07
-1.67478e-06
-2.57629e-06
-3.32993e-06
-3.95732e-06
-4.4736e-06
-4.89039e-06
-5.21756e-06
-5.46429e-06
-5.6402e-06
-5.75543e-06
-5.82003e-06
-5.8444e-06
-5.83675e-06
9.69733e-07
-3.24243e-07
-1.38234e-06
-2.25853e-06
-2.98592e-06
-3.58668e-06
-4.07713e-06
-4.47047e-06
-4.77831e-06
-5.01148e-06
-5.18059e-06
-5.296e-06
-5.36726e-06
-5.40359e-06
-5.41202e-06
1.27852e-06
1.48604e-08
-1.01346e-06
-1.86041e-06
-2.55982e-06
-3.13475e-06
-3.60259e-06
-3.97777e-06
-4.27291e-06
-4.49947e-06
-4.66835e-06
-4.7895e-06
-4.87166e-06
-4.92286e-06
-4.94911e-06
1.65708e-06
4.33779e-07
-5.58323e-07
-1.37243e-06
-2.04306e-06
-2.59413e-06
-3.04366e-06
-3.40645e-06
-3.69535e-06
-3.92203e-06
-4.09657e-06
-4.22827e-06
-4.32502e-06
-4.39382e-06
-4.43989e-06
2.10883e-06
9.3839e-07
-1.02852e-08
-7.88242e-07
-1.42997e-06
-1.95969e-06
-2.39546e-06
-2.75174e-06
-3.04074e-06
-3.2732e-06
-3.45845e-06
-3.60502e-06
-3.71994e-06
-3.80926e-06
-3.87753e-06
2.63117e-06
1.52819e-06
6.30887e-07
-1.07686e-07
-7.20554e-07
-1.23122e-06
-1.65702e-06
-2.01147e-06
-2.30567e-06
-2.54905e-06
-2.74962e-06
-2.91519e-06
-3.052e-06
-3.16521e-06
-3.25878e-06
3.21333e-06
2.19304e-06
1.35542e-06
6.59614e-07
7.5885e-08
-4.17269e-07
-8.3556e-07
-1.19098e-06
-1.49322e-06
-1.75063e-06
-1.97033e-06
-2.15833e-06
-2.31999e-06
-2.45991e-06
-2.58175e-06
3.83422e-06
2.90994e-06
2.13945e-06
1.48962e-06
9.35548e-07
4.58873e-07
4.61578e-08
-3.12647e-07
-6.25424e-07
-8.98751e-07
-1.13848e-06
-1.34973e-06
-1.53731e-06
-1.70529e-06
-1.857e-06
4.43101e-06
3.60557e-06
2.90342e-06
2.29941e-06
1.77411e-06
1.31292e-06
9.04936e-07
5.41949e-07
2.17508e-07
-7.36074e-08
-3.35723e-07
-5.72705e-07
-7.88809e-07
-9.87432e-07
-1.17136e-06
4.92042e-06
4.18076e-06
3.538e-06
2.97376e-06
2.47348e-06
2.02605e-06
1.62296e-06
1.25767e-06
9.24826e-07
6.19785e-07
3.3827e-07
7.68398e-08
-1.66128e-07
-3.92801e-07
-6.05658e-07
5.28647e-06
4.61356e-06
4.01695e-06
3.4833e-06
3.00192e-06
2.56438e-06
2.16398e-06
1.79536e-06
1.45406e-06
1.13635e-06
8.39191e-07
5.60403e-07
2.9759e-07
4.88853e-08
-1.87583e-07
5.55376e-06
4.93293e-06
4.37265e-06
3.86334e-06
3.39717e-06
2.96773e-06
2.5697e-06
2.19872e-06
1.85116e-06
1.52405e-06
1.21492e-06
9.21632e-07
6.42325e-07
3.75386e-07
1.19266e-07
5.74675e-06
5.16665e-06
4.6353e-06
4.14571e-06
3.69205e-06
3.26935e-06
2.87336e-06
2.50051e-06
2.14779e-06
1.81277e-06
1.49333e-06
1.18764e-06
8.94241e-07
6.11827e-07
3.39103e-07
5.88475e-06
5.33671e-06
4.82846e-06
4.35476e-06
3.91118e-06
3.49383e-06
3.09926e-06
2.72452e-06
2.36716e-06
2.02513e-06
1.69669e-06
1.38045e-06
1.07514e-06
7.79679e-07
4.93011e-07
5.98255e-06
5.45996e-06
4.97016e-06
4.50917e-06
4.07361e-06
3.66035e-06
3.26659e-06
2.88993e-06
2.52839e-06
2.18026e-06
1.8441e-06
1.51889e-06
1.20353e-06
8.97108e-07
5.98746e-07
6.05136e-06
5.54917e-06
5.07417e-06
4.62339e-06
4.19419e-06
3.78405e-06
3.39068e-06
3.01215e-06
2.64687e-06
2.29352e-06
1.95075e-06
1.61789e-06
1.29397e-06
9.78266e-07
6.7005e-07
6.09951e-06
5.61388e-06
5.15091e-06
4.70842e-06
4.28433e-06
3.87657e-06
3.4833e-06
3.103e-06
2.73435e-06
2.37623e-06
2.02802e-06
1.68862e-06
1.35737e-06
1.03377e-06
7.17207e-07
6.13314e-06
5.66117e-06
5.20812e-06
4.77245e-06
4.3525e-06
3.94658e-06
3.55325e-06
3.17129e-06
2.79972e-06
2.43762e-06
2.08441e-06
1.73931e-06
1.40179e-06
1.07144e-06
7.47787e-07
6.15674e-06
5.69621e-06
5.25147e-06
4.82149e-06
4.40493e-06
4.00045e-06
3.60693e-06
3.22344e-06
2.84919e-06
2.48363e-06
2.12606e-06
1.77603e-06
1.4331e-06
1.09697e-06
7.67233e-07
6.17352e-06
5.7227e-06
5.28502e-06
4.85984e-06
4.44608e-06
4.04273e-06
3.64896e-06
3.26408e-06
2.8875e-06
2.51878e-06
2.15741e-06
1.80308e-06
1.45546e-06
1.11432e-06
7.79345e-07
6.18574e-06
5.74326e-06
5.31162e-06
4.89052e-06
4.47911e-06
4.07668e-06
3.68262e-06
3.29644e-06
2.91778e-06
2.54626e-06
2.18156e-06
1.82346e-06
1.47174e-06
1.12623e-06
7.86707e-07
6.19493e-06
5.75967e-06
5.33325e-06
4.91565e-06
4.50623e-06
4.10454e-06
3.71017e-06
3.32281e-06
2.94227e-06
2.56826e-06
2.20061e-06
1.83919e-06
1.48386e-06
1.13453e-06
7.9103e-07
6.20211e-06
5.77315e-06
5.35127e-06
4.93667e-06
4.52895e-06
4.12786e-06
3.73317e-06
3.34474e-06
2.96249e-06
2.58627e-06
2.216e-06
1.85164e-06
1.49313e-06
1.14043e-06
7.93427e-07
6.20793e-06
5.78448e-06
5.36655e-06
4.95456e-06
4.54829e-06
4.14769e-06
3.75268e-06
3.36325e-06
2.97948e-06
2.60128e-06
2.22868e-06
1.86171e-06
1.50037e-06
1.14469e-06
7.94608e-07
6.21279e-06
5.79415e-06
5.37966e-06
4.96992e-06
4.56489e-06
4.1647e-06
3.76935e-06
3.37905e-06
2.9939e-06
2.61392e-06
2.23925e-06
1.86997e-06
1.50614e-06
1.14783e-06
7.95026e-07
6.21697e-06
5.80256e-06
5.39107e-06
4.98328e-06
4.57931e-06
4.17944e-06
3.78376e-06
3.39269e-06
3.00629e-06
2.62473e-06
2.24821e-06
1.87688e-06
1.51083e-06
1.15018e-06
7.94947e-07
6.22084e-06
5.81035e-06
5.40163e-06
4.99563e-06
4.59263e-06
4.19298e-06
3.79704e-06
3.40519e-06
3.0176e-06
2.63455e-06
2.25629e-06
1.88304e-06
1.51491e-06
1.15205e-06
7.94509e-07
6.22445e-06
5.81788e-06
5.41183e-06
5.00756e-06
4.60549e-06
4.20613e-06
3.80985e-06
3.4172e-06
3.02845e-06
2.64392e-06
2.2639e-06
1.88867e-06
1.51847e-06
1.15352e-06
7.93892e-07
-1.19218e-05
-9.6866e-06
-8.31173e-06
-7.38884e-06
-6.64825e-06
-6.07651e-06
-5.62863e-06
-5.27374e-06
-4.99147e-06
-4.76593e-06
-4.5845e-06
-4.43681e-06
-4.31428e-06
-4.21036e-06
-4.12085e-06
-4.04564e-06
-3.99004e-06
-3.96917e-06
-4.00984e-06
-4.15612e-06
-4.46346e-06
-4.98603e-06
-5.67418e-06
-6.32282e-06
-6.77743e-06
-6.96197e-06
-6.83938e-06
-6.39821e-06
-5.63918e-06
-4.57022e-06
-3.20543e-06
-1.56641e-06
3.16402e-07
2.40336e-06
4.64633e-06
6.9901e-06
9.37368e-06
1.17304e-05
1.3985e-05
1.60474e-05
1.77924e-05
1.90565e-05
1.94698e-05
1.87134e-05
1.55783e-05
-1.03083e-05
-9.15166e-06
-8.11205e-06
-7.28998e-06
-6.59497e-06
-6.03891e-06
-5.59671e-06
-5.24413e-06
-4.96321e-06
-4.73897e-06
-4.55904e-06
-4.41312e-06
-4.29264e-06
-4.19107e-06
-4.10428e-06
-4.03219e-06
-3.98014e-06
-3.96309e-06
-4.00743e-06
-4.15622e-06
-4.46335e-06
-4.98113e-06
-5.65978e-06
-6.2972e-06
-6.74171e-06
-6.91848e-06
-6.79067e-06
-6.34681e-06
-5.58781e-06
-4.52224e-06
-3.16531e-06
-1.54021e-06
3.20681e-07
2.37526e-06
4.57227e-06
6.85228e-06
9.14811e-06
1.13837e-05
1.34685e-05
1.52863e-05
1.66616e-05
1.7325e-05
1.67496e-05
1.41869e-05
8.66959e-06
-9.46209e-06
-8.73372e-06
-7.90463e-06
-7.17363e-06
-6.52925e-06
-5.99485e-06
-5.56163e-06
-5.21294e-06
-4.93398e-06
-4.7112e-06
-4.53277e-06
-4.38856e-06
-4.2701e-06
-4.17091e-06
-4.08695e-06
-4.0182e-06
-3.97003e-06
-3.95725e-06
-4.00569e-06
-4.15731e-06
-4.46414e-06
-4.97628e-06
-5.64379e-06
-6.26801e-06
-6.70062e-06
-6.86827e-06
-6.73459e-06
-6.28819e-06
-5.53034e-06
-4.47048e-06
-3.12532e-06
-1.52006e-06
3.10361e-07
2.32071e-06
4.45575e-06
6.6507e-06
8.83091e-06
1.09094e-05
1.27798e-05
1.43017e-05
1.52727e-05
1.53877e-05
1.41741e-05
1.11147e-05
6.11667e-06
-8.91984e-06
-8.39132e-06
-7.72166e-06
-7.06347e-06
-6.46746e-06
-5.95604e-06
-5.53233e-06
-5.18711e-06
-4.9092e-06
-4.68683e-06
-4.5089e-06
-4.36558e-06
-4.24853e-06
-4.15133e-06
-4.06999e-06
-4.00456e-06
-3.96041e-06
-3.95211e-06
-4.00492e-06
-4.15951e-06
-4.46589e-06
-4.97163e-06
-5.62646e-06
-6.23547e-06
-6.65402e-06
-6.81049e-06
-6.66916e-06
-6.21891e-06
-5.4617e-06
-4.40822e-06
-3.07715e-06
-1.49636e-06
2.95965e-07
2.25064e-06
4.3076e-06
6.39592e-06
8.43299e-06
1.03215e-05
1.19426e-05
1.31444e-05
1.37238e-05
1.34143e-05
1.18944e-05
8.92476e-06
4.75754e-06
-8.49671e-06
-8.08818e-06
-7.54183e-06
-6.96687e-06
-6.41574e-06
-5.92725e-06
-5.51308e-06
-5.17029e-06
-4.89189e-06
-4.66827e-06
-4.48929e-06
-4.34558e-06
-4.22896e-06
-4.13308e-06
-4.05403e-06
-3.99186e-06
-3.95189e-06
-3.9484e-06
-4.00592e-06
-4.16364e-06
-4.46925e-06
-4.96748e-06
-5.60765e-06
-6.19918e-06
-6.60159e-06
-6.7452e-06
-6.59524e-06
-6.14111e-06
-5.38572e-06
-4.3414e-06
-3.02927e-06
-1.48032e-06
2.63482e-07
2.14855e-06
4.10965e-06
6.06983e-06
7.93951e-06
9.61414e-06
1.09699e-05
1.18578e-05
1.21018e-05
1.15087e-05
9.90949e-06
7.26324e-06
3.84607e-06
-8.13933e-06
-7.81294e-06
-7.36199e-06
-6.86898e-06
-6.3707e-06
-5.90814e-06
-5.50514e-06
-5.16472e-06
-4.88478e-06
-4.65827e-06
-4.47649e-06
-4.33076e-06
-4.21325e-06
-4.11775e-06
-4.04041e-06
-3.98127e-06
-3.94556e-06
-3.94714e-06
-4.00965e-06
-4.17055e-06
-4.47491e-06
-4.96419e-06
-5.58728e-06
-6.15867e-06
-6.54264e-06
-6.67181e-06
-6.51258e-06
-6.05522e-06
-5.30392e-06
-4.27305e-06
-2.98654e-06
-1.47893e-06
2.03714e-07
2.00328e-06
3.84967e-06
5.6609e-06
7.34294e-06
8.78907e-06
9.87928e-06
1.04829e-05
1.04651e-05
9.71102e-06
8.1652e-06
5.8949e-06
3.15372e-06
-7.81296e-06
-7.54959e-06
-7.18305e-06
-6.75808e-06
-6.31772e-06
-5.89145e-06
-5.50408e-06
-5.16918e-06
-4.88858e-06
-4.65862e-06
-4.47271e-06
-4.32343e-06
-4.20361e-06
-4.10735e-06
-4.03093e-06
-3.97442e-06
-3.94288e-06
-3.94963e-06
-4.0173e-06
-4.18125e-06
-4.48364e-06
-4.96216e-06
-5.5653e-06
-6.11353e-06
-6.47652e-06
-6.58954e-06
-6.42057e-06
-5.96109e-06
-5.21699e-06
-4.20506e-06
-2.95243e-06
-1.49741e-06
1.09767e-07
1.8068e-06
3.51966e-06
5.16347e-06
6.64351e-06
7.85705e-06
8.6968e-06
9.05849e-06
8.85347e-06
8.03101e-06
6.60496e-06
4.68073e-06
2.46467e-06
-7.49738e-06
-7.28402e-06
-6.98829e-06
-6.63274e-06
-6.24855e-06
-5.86316e-06
-5.5013e-06
-5.178e-06
-4.90027e-06
-4.6683e-06
-4.47833e-06
-4.32479e-06
-4.20164e-06
-4.10363e-06
-4.02739e-06
-3.97304e-06
-3.9455e-06
-3.95744e-06
-4.03025e-06
-4.19694e-06
-4.49633e-06
-4.96188e-06
-5.54172e-06
-6.06337e-06
-6.40263e-06
-6.49783e-06
-6.31899e-06
-5.85921e-06
-5.12654e-06
-4.14055e-06
-2.93178e-06
-1.54237e-06
-2.63275e-08
1.55073e-06
3.11267e-06
4.57465e-06
5.84577e-06
6.8332e-06
7.44843e-06
7.61682e-06
7.29028e-06
6.46234e-06
5.18077e-06
3.55269e-06
1.73553e-06
-7.18239e-06
-7.00967e-06
-6.77224e-06
-6.48046e-06
-6.15389e-06
-5.81515e-06
-5.4858e-06
-5.18176e-06
-4.91282e-06
-4.68271e-06
-4.49079e-06
-4.33382e-06
-4.20741e-06
-4.10738e-06
-4.03098e-06
-3.97857e-06
-3.95496e-06
-3.9721e-06
-4.04998e-06
-4.21886e-06
-4.5139e-06
-4.96384e-06
-5.51652e-06
-6.00785e-06
-6.3206e-06
-6.39658e-06
-6.20833e-06
-5.75113e-06
-5.0356e-06
-4.08433e-06
-2.93131e-06
-1.62211e-06
-2.13708e-07
1.22658e-06
2.62298e-06
3.89419e-06
4.95752e-06
5.7344e-06
6.15769e-06
6.18033e-06
5.78463e-06
4.98973e-06
3.85455e-06
2.4731e-06
9.62293e-07
-6.86149e-06
-6.72284e-06
-6.53368e-06
-6.29804e-06
-6.02727e-06
-5.73772e-06
-5.44676e-06
-5.16937e-06
-4.9164e-06
-4.69405e-06
-4.50444e-06
-4.34683e-06
-4.21882e-06
-4.11769e-06
-4.04167e-06
-3.99158e-06
-3.97221e-06
-3.99474e-06
-4.07761e-06
-4.24802e-06
-4.53711e-06
-4.96843e-06
-5.48971e-06
-5.94683e-06
-6.23047e-06
-6.28641e-06
-6.0902e-06
-5.63985e-06
-4.94895e-06
-4.04317e-06
-2.95956e-06
-1.74634e-06
-4.61973e-07
8.2664e-07
2.04699e-06
3.1248e-06
3.98891e-06
4.5772e-06
4.84306e-06
4.76164e-06
4.33495e-06
3.5938e-06
2.59571e-06
1.41752e-06
1.45229e-07
-6.52878e-06
-6.4198e-06
-6.27142e-06
-6.08461e-06
-5.86541e-06
-5.62466e-06
-5.37549e-06
-5.13063e-06
-4.9006e-06
-4.69279e-06
-4.51132e-06
-4.35767e-06
-4.23147e-06
-4.13169e-06
-4.05779e-06
-4.01129e-06
-3.9971e-06
-4.02562e-06
-4.11358e-06
-4.28484e-06
-4.56626e-06
-4.97578e-06
-5.46136e-06
-5.88053e-06
-6.13311e-06
-6.16923e-06
-5.96788e-06
-5.53042e-06
-4.87362e-06
-4.02598e-06
-3.02682e-06
-1.92562e-06
-7.80419e-07
3.44826e-07
1.38375e-06
2.27183e-06
2.95128e-06
3.37618e-06
3.51725e-06
3.36536e-06
2.93329e-06
2.25459e-06
1.37966e-06
3.68893e-07
-7.14471e-07
-6.17817e-06
-6.09605e-06
-5.98306e-06
-5.83889e-06
-5.6664e-06
-5.47236e-06
-5.2661e-06
-5.05766e-06
-4.85633e-06
-4.6696e-06
-4.5027e-06
-4.35876e-06
-4.2392e-06
-4.14468e-06
-4.07596e-06
-4.03543e-06
-4.02816e-06
-4.0638e-06
-4.15726e-06
-4.32888e-06
-4.60096e-06
-4.98575e-06
-5.4318e-06
-5.81002e-06
-6.03075e-06
-6.04886e-06
-5.84702e-06
-5.43044e-06
-4.81919e-06
-4.04386e-06
-3.14469e-06
-2.17062e-06
-1.17701e-06
-2.2239e-07
6.35335e-07
1.34298e-06
1.85623e-06
2.14332e-06
2.18803e-06
1.99094e-06
1.56921e-06
9.54144e-07
1.8729e-07
-6.85001e-07
-1.6161e-06
-5.80349e-06
-5.74646e-06
-5.66513e-06
-5.55876e-06
-5.42848e-06
-5.27831e-06
-5.11456e-06
-4.94472e-06
-4.7764e-06
-4.61644e-06
-4.4704e-06
-4.34238e-06
-4.23518e-06
-4.1509e-06
-4.09155e-06
-4.06035e-06
-4.06258e-06
-4.10714e-06
-4.20691e-06
-4.3787e-06
-4.64015e-06
-4.99796e-06
-5.40197e-06
-5.73781e-06
-5.92787e-06
-5.93196e-06
-5.73624e-06
-5.35047e-06
-4.79774e-06
-4.10949e-06
-3.32508e-06
-2.49078e-06
-1.65705e-06
-8.74967e-07
-1.92655e-07
3.48222e-07
7.15493e-07
8.8873e-07
8.60335e-07
6.35908e-07
2.32975e-07
-3.21653e-07
-9.95097e-07
-1.75233e-06
-2.55892e-06
-5.39844e-06
-5.36554e-06
-5.3134e-06
-5.2413e-06
-5.14953e-06
-5.04036e-06
-4.91793e-06
-4.78762e-06
-4.65529e-06
-4.52678e-06
-4.40733e-06
-4.30143e-06
-4.21271e-06
-4.14434e-06
-4.09934e-06
-4.08167e-06
-4.09664e-06
-4.15252e-06
-4.25984e-06
-4.43216e-06
-4.6823e-06
-5.01212e-06
-5.37368e-06
-5.66851e-06
-5.83212e-06
-5.82853e-06
-5.6473e-06
-5.30367e-06
-4.82311e-06
-4.23594e-06
-3.57858e-06
-2.8926e-06
-2.2217e-06
-1.60838e-06
-1.09073e-06
-6.99976e-07
-4.58431e-07
-3.77998e-07
-4.61454e-07
-7.01373e-07
-1.08205e-06
-1.58183e-06
-2.17549e-06
-2.83692e-06
-3.54067e-06
-4.95609e-06
-4.94713e-06
-4.92286e-06
-4.88277e-06
-4.82682e-06
-4.7563e-06
-4.67387e-06
-4.58329e-06
-4.48895e-06
-4.39554e-06
-4.30767e-06
-4.22972e-06
-4.16561e-06
-4.11915e-06
-4.09399e-06
-4.09458e-06
-4.12613e-06
-4.19616e-06
-4.31295e-06
-4.487e-06
-4.72606e-06
-5.02874e-06
-5.34997e-06
-5.60943e-06
-5.75479e-06
-5.75115e-06
-5.59391e-06
-5.30479e-06
-4.9094e-06
-4.43473e-06
-3.91243e-06
-3.3778e-06
-2.86682e-06
-2.41314e-06
-2.04561e-06
-1.78658e-06
-1.65098e-06
-1.64615e-06
-1.77144e-06
-2.0196e-06
-2.37785e-06
-2.82956e-06
-3.3559e-06
-3.93764e-06
-4.55608e-06
-4.46883e-06
-4.48451e-06
-4.48791e-06
-4.47881e-06
-4.45717e-06
-4.42376e-06
-4.38034e-06
-4.32955e-06
-4.2746e-06
-4.21915e-06
-4.16705e-06
-4.12222e-06
-4.08854e-06
-4.0699e-06
-4.07032e-06
-4.09418e-06
-4.14671e-06
-4.23388e-06
-4.36305e-06
-4.54105e-06
-4.77143e-06
-5.04996e-06
-5.33722e-06
-5.57196e-06
-5.70832e-06
-5.7113e-06
-5.59095e-06
-5.36976e-06
-5.07014e-06
-4.7147e-06
-4.32953e-06
-3.94295e-06
-3.58313e-06
-3.27558e-06
-3.04135e-06
-2.89594e-06
-2.84895e-06
-2.90475e-06
-3.06192e-06
-3.31427e-06
-3.652e-06
-4.06279e-06
-4.53301e-06
-5.04874e-06
-5.59633e-06
-3.9304e-06
-3.97215e-06
-4.00397e-06
-4.02593e-06
-4.03816e-06
-4.04126e-06
-4.03648e-06
-4.02569e-06
-4.01127e-06
-3.99604e-06
-3.98312e-06
-3.97583e-06
-3.97773e-06
-3.99244e-06
-4.02392e-06
-4.07621e-06
-4.15418e-06
-4.26245e-06
-4.40731e-06
-4.59261e-06
-4.81951e-06
-5.0824e-06
-5.34775e-06
-5.56462e-06
-5.69496e-06
-5.72164e-06
-5.65504e-06
-5.51383e-06
-5.31613e-06
-5.08069e-06
-4.82814e-06
-4.58015e-06
-4.35774e-06
-4.17955e-06
-4.06062e-06
-4.0114e-06
-4.03765e-06
-4.14251e-06
-4.32465e-06
-4.57936e-06
-4.89951e-06
-5.2764e-06
-5.70044e-06
-6.16177e-06
-6.65059e-06
-3.33837e-06
-3.40844e-06
-3.4703e-06
-3.52434e-06
-3.57097e-06
-3.61081e-06
-3.64488e-06
-3.67459e-06
-3.70174e-06
-3.72852e-06
-3.7574e-06
-3.79115e-06
-3.83278e-06
-3.88553e-06
-3.95285e-06
-4.03843e-06
-4.14621e-06
-4.28027e-06
-4.44457e-06
-4.64187e-06
-4.87188e-06
-5.12984e-06
-5.38403e-06
-5.59171e-06
-5.73141e-06
-5.79825e-06
-5.79852e-06
-5.74438e-06
-5.64963e-06
-5.52939e-06
-5.39959e-06
-5.27623e-06
-5.17433e-06
-5.10698e-06
-5.0846e-06
-5.11461e-06
-5.20161e-06
-5.34689e-06
-5.54933e-06
-5.80582e-06
-6.1117e-06
-6.46116e-06
-6.84773e-06
-7.26459e-06
-7.70485e-06
-2.69121e-06
-2.79266e-06
-2.88729e-06
-2.97564e-06
-3.05839e-06
-3.13632e-06
-3.21037e-06
-3.2817e-06
-3.35173e-06
-3.42218e-06
-3.49501e-06
-3.57249e-06
-3.65708e-06
-3.75148e-06
-3.85857e-06
-3.98141e-06
-4.12315e-06
-4.28691e-06
-4.47535e-06
-4.69024e-06
-4.93112e-06
-5.19356e-06
-5.44975e-06
-5.66643e-06
-5.83379e-06
-5.95191e-06
-6.02412e-06
-6.05737e-06
-6.06135e-06
-6.04742e-06
-6.02742e-06
-6.01281e-06
-6.01397e-06
-6.03971e-06
-6.09716e-06
-6.1919e-06
-6.32757e-06
-6.50494e-06
-6.72343e-06
-6.98127e-06
-7.27569e-06
-7.60307e-06
-7.95925e-06
-8.3397e-06
-8.73969e-06
-1.99816e-06
-2.13303e-06
-2.26257e-06
-2.38728e-06
-2.50799e-06
-2.62561e-06
-2.74107e-06
-2.85536e-06
-2.96965e-06
-3.0853e-06
-3.20387e-06
-3.32715e-06
-3.45711e-06
-3.59588e-06
-3.74573e-06
-3.90904e-06
-4.08819e-06
-4.28547e-06
-4.50278e-06
-4.74134e-06
-5.00088e-06
-5.27863e-06
-5.55223e-06
-5.79604e-06
-6.00458e-06
-6.17909e-06
-6.32178e-06
-6.43689e-06
-6.5308e-06
-6.61128e-06
-6.68659e-06
-6.76462e-06
-6.85246e-06
-6.95613e-06
-7.08027e-06
-7.22807e-06
-7.40221e-06
-7.60447e-06
-7.83529e-06
-8.09401e-06
-8.37917e-06
-8.68872e-06
-9.02015e-06
-9.37066e-06
-9.73717e-06
-1.34587e-06
-1.51505e-06
-1.67989e-06
-1.84099e-06
-1.99923e-06
-2.15555e-06
-2.31083e-06
-2.46599e-06
-2.62199e-06
-2.77996e-06
-2.94117e-06
-3.10703e-06
-3.27913e-06
-3.45912e-06
-3.64879e-06
-3.84995e-06
-4.06444e-06
-4.29399e-06
-4.54014e-06
-4.80401e-06
-5.08608e-06
-5.38595e-06
-5.686e-06
-5.96386e-06
-6.21464e-06
-6.43979e-06
-6.64127e-06
-6.82217e-06
-6.98685e-06
-7.14051e-06
-7.28868e-06
-7.43666e-06
-7.5892e-06
-7.7503e-06
-7.92335e-06
-8.11127e-06
-8.31627e-06
-8.53956e-06
-8.78173e-06
-9.04284e-06
-9.32241e-06
-9.61949e-06
-9.93277e-06
-1.02606e-05
-1.06012e-05
-8.09791e-07
-1.00943e-06
-1.20565e-06
-1.39896e-06
-1.59017e-06
-1.78011e-06
-1.96961e-06
-2.15946e-06
-2.35052e-06
-2.54374e-06
-2.74018e-06
-2.94101e-06
-3.14751e-06
-3.36102e-06
-3.58299e-06
-3.81487e-06
-4.05817e-06
-4.31436e-06
-4.58487e-06
-4.871e-06
-5.17398e-06
-5.49501e-06
-5.81881e-06
-6.12438e-06
-6.40715e-06
-6.66881e-06
-6.91135e-06
-7.13736e-06
-7.3501e-06
-7.55325e-06
-7.75062e-06
-7.94589e-06
-8.14246e-06
-8.34336e-06
-8.55136e-06
-8.76872e-06
-8.99697e-06
-9.23708e-06
-9.48971e-06
-9.75518e-06
-1.00335e-05
-1.03243e-05
-1.0627e-05
-1.09408e-05
-1.12646e-05
-4.16147e-07
-6.40727e-07
-8.62442e-07
-1.08181e-06
-1.29954e-06
-1.51634e-06
-1.73293e-06
-1.95e-06
-2.16829e-06
-2.38862e-06
-2.6119e-06
-2.8391e-06
-3.0713e-06
-3.30963e-06
-3.55529e-06
-3.80954e-06
-4.07368e-06
-4.34907e-06
-4.63713e-06
-4.93933e-06
-5.25729e-06
-5.59276e-06
-5.93181e-06
-6.25482e-06
-6.5577e-06
-6.84236e-06
-7.11083e-06
-7.3654e-06
-7.60869e-06
-7.84345e-06
-8.0725e-06
-8.29853e-06
-8.52408e-06
-8.75145e-06
-8.98263e-06
-9.21927e-06
-9.46277e-06
-9.71414e-06
-9.97408e-06
-1.0243e-05
-1.05212e-05
-1.08085e-05
-1.11049e-05
-1.14098e-05
-1.17226e-05
-1.2976e-07
-3.75204e-07
-6.18105e-07
-8.5893e-07
-1.09829e-06
-1.3368e-06
-1.57505e-06
-1.81363e-06
-2.0532e-06
-2.29444e-06
-2.53815e-06
-2.78516e-06
-3.0364e-06
-3.29283e-06
-3.55551e-06
-3.82553e-06
-4.10409e-06
-4.39245e-06
-4.69202e-06
-5.00428e-06
-5.33096e-06
-5.67388e-06
-6.02027e-06
-6.35219e-06
-6.66617e-06
-6.96424e-06
-7.24836e-06
-7.52057e-06
-7.78303e-06
-8.03791e-06
-8.28737e-06
-8.53348e-06
-8.77817e-06
-9.02321e-06
-9.27013e-06
-9.52027e-06
-9.77486e-06
-1.00348e-05
-1.03009e-05
-1.05736e-05
-1.08531e-05
-1.11396e-05
-1.14332e-05
-1.17335e-05
-1.20404e-05
7.28569e-08
-1.90013e-07
-4.50441e-07
-7.08845e-07
-9.65747e-07
-1.22166e-06
-1.47709e-06
-1.73253e-06
-1.98853e-06
-2.24572e-06
-2.50477e-06
-2.76641e-06
-3.03144e-06
-3.30071e-06
-3.57516e-06
-3.85575e-06
-4.14361e-06
-4.43989e-06
-4.74594e-06
-5.06318e-06
-5.39327e-06
-5.73796e-06
-6.08568e-06
-6.42039e-06
-6.73921e-06
-7.04415e-06
-7.337e-06
-7.61956e-06
-7.89365e-06
-8.16106e-06
-8.42352e-06
-8.68266e-06
-8.94004e-06
-9.19707e-06
-9.45503e-06
-9.71493e-06
-9.9779e-06
-1.02448e-05
-1.05161e-05
-1.07926e-05
-1.10744e-05
-1.13618e-05
-1.16549e-05
-1.19536e-05
-1.22579e-05
2.12376e-07
-6.49331e-08
-3.39753e-07
-6.12458e-07
-8.8349e-07
-1.15327e-06
-1.42222e-06
-1.69076e-06
-1.95937e-06
-2.22859e-06
-2.49902e-06
-2.77129e-06
-3.04611e-06
-3.32423e-06
-3.60649e-06
-3.89376e-06
-4.18707e-06
-4.48748e-06
-4.79624e-06
-5.11466e-06
-5.44431e-06
-5.7868e-06
-6.1318e-06
-6.46525e-06
-6.78478e-06
-7.09221e-06
-7.38914e-06
-7.67718e-06
-7.95788e-06
-8.23279e-06
-8.50332e-06
-8.77083e-06
-9.03656e-06
-9.30169e-06
-9.56729e-06
-9.83451e-06
-1.0104e-05
-1.03764e-05
-1.06524e-05
-1.09325e-05
-1.12171e-05
-1.15064e-05
-1.18006e-05
-1.20997e-05
-1.24036e-05
3.06096e-07
1.68208e-08
-2.69822e-07
-5.54163e-07
-8.36572e-07
-1.11739e-06
-1.39696e-06
-1.67566e-06
-1.9539e-06
-2.23215e-06
-2.51095e-06
-2.79086e-06
-3.07249e-06
-3.35653e-06
-3.64372e-06
-3.93486e-06
-4.23087e-06
-4.53273e-06
-4.84159e-06
-5.15864e-06
-5.48534e-06
-5.82312e-06
-6.16291e-06
-6.49258e-06
-6.81016e-06
-7.11722e-06
-7.41517e-06
-7.70546e-06
-7.98948e-06
-8.26855e-06
-8.5439e-06
-8.81665e-06
-9.08788e-06
-9.35857e-06
-9.62966e-06
-9.90216e-06
-1.01766e-05
-1.04535e-05
-1.07336e-05
-1.10172e-05
-1.13048e-05
-1.15967e-05
-1.1893e-05
-1.21938e-05
-1.24991e-05
3.67326e-07
6.80955e-08
-2.28293e-07
-5.22133e-07
-8.13724e-07
-1.10334e-06
-1.39128e-06
-1.67785e-06
-1.96344e-06
-2.24846e-06
-2.53338e-06
-2.8187e-06
-3.10498e-06
-3.39282e-06
-3.68291e-06
-3.97596e-06
-4.27281e-06
-4.57435e-06
-4.88162e-06
-5.19571e-06
-5.51798e-06
-5.84965e-06
-6.18287e-06
-6.50732e-06
-6.82134e-06
-7.12623e-06
-7.42327e-06
-7.71377e-06
-7.99898e-06
-8.28006e-06
-8.55808e-06
-8.83401e-06
-9.10881e-06
-9.3833e-06
-9.65827e-06
-9.93465e-06
-1.02129e-05
-1.04936e-05
-1.07772e-05
-1.10642e-05
-1.1355e-05
-1.16498e-05
-1.19488e-05
-1.22522e-05
-1.25599e-05
4.05999e-07
9.84505e-08
-2.06009e-07
-5.07634e-07
-8.06665e-07
-1.10333e-06
-1.39787e-06
-1.69058e-06
-1.98179e-06
-2.27188e-06
-2.56127e-06
-2.85039e-06
-3.13978e-06
-3.42995e-06
-3.72154e-06
-4.0152e-06
-4.3117e-06
-4.61181e-06
-4.91652e-06
-5.22677e-06
-5.54385e-06
-5.86878e-06
-6.19483e-06
-6.51338e-06
-6.82296e-06
-7.12466e-06
-7.41965e-06
-7.70913e-06
-7.99423e-06
-8.27596e-06
-8.55525e-06
-8.83299e-06
-9.11002e-06
-9.38714e-06
-9.66491e-06
-9.94422e-06
-1.02255e-05
-1.05093e-05
-1.07961e-05
-1.10862e-05
-1.13801e-05
-1.1678e-05
-1.19801e-05
-1.22865e-05
-1.25973e-05
4.29398e-07
1.14861e-07
-1.96324e-07
-5.04371e-07
-8.09473e-07
-1.11181e-06
-1.41162e-06
-1.70914e-06
-2.0047e-06
-2.29861e-06
-2.59126e-06
-2.88306e-06
-3.17447e-06
-3.46599e-06
-3.75817e-06
-4.05162e-06
-4.34703e-06
-4.64511e-06
-4.94675e-06
-5.25279e-06
-5.56441e-06
-5.88247e-06
-6.20129e-06
-6.51374e-06
-6.81852e-06
-7.11654e-06
-7.4089e-06
-7.69668e-06
-7.98089e-06
-8.26242e-06
-8.54213e-06
-8.82079e-06
-9.09914e-06
-9.37784e-06
-9.65787e-06
-9.93949e-06
-1.02232e-05
-1.05096e-05
-1.07992e-05
-1.10922e-05
-1.13891e-05
-1.169e-05
-1.19953e-05
-1.23049e-05
-1.26191e-05
4.42725e-07
1.22271e-07
-1.94562e-07
-5.07955e-07
-8.18058e-07
-1.12503e-06
-1.42908e-06
-1.73043e-06
-2.02937e-06
-2.3262e-06
-2.62127e-06
-2.91494e-06
-3.20766e-06
-3.49986e-06
-3.79207e-06
-4.08482e-06
-4.37876e-06
-4.67453e-06
-4.97292e-06
-5.27468e-06
-5.58092e-06
-5.89231e-06
-6.20415e-06
-6.51062e-06
-6.81056e-06
-7.10477e-06
-7.39426e-06
-7.68001e-06
-7.96291e-06
-8.24378e-06
-8.52337e-06
-8.80241e-06
-9.08156e-06
-9.36147e-06
-9.64294e-06
-9.92636e-06
-1.02121e-05
-1.05008e-05
-1.07927e-05
-1.10884e-05
-1.1388e-05
-1.1692e-05
-1.20003e-05
-1.23133e-05
-1.26309e-05
4.49583e-07
1.24078e-07
-1.97546e-07
-5.15433e-07
-8.29705e-07
-1.14051e-06
-1.44802e-06
-1.75247e-06
-2.05409e-06
-2.35319e-06
-2.65007e-06
-2.94508e-06
-3.23862e-06
-3.5311e-06
-3.823e-06
-4.11481e-06
-4.40711e-06
-4.70048e-06
-4.99566e-06
-5.29329e-06
-5.59439e-06
-5.8995e-06
-6.20479e-06
-6.50559e-06
-6.80087e-06
-7.09135e-06
-7.37795e-06
-7.66156e-06
-7.94296e-06
-8.2229e-06
-8.50208e-06
-8.78116e-06
-9.06075e-06
-9.34143e-06
-9.62398e-06
-9.90884e-06
-1.01963e-05
-1.04868e-05
-1.07809e-05
-1.10789e-05
-1.13812e-05
-1.16879e-05
-1.19992e-05
-1.23154e-05
-1.26364e-05
4.52399e-07
1.22541e-07
-2.03183e-07
-5.24891e-07
-8.42683e-07
-1.15669e-06
-1.46709e-06
-1.77407e-06
-2.07787e-06
-2.37876e-06
-2.67704e-06
-2.97302e-06
-3.26707e-06
-3.55958e-06
-3.85099e-06
-4.14175e-06
-4.43239e-06
-4.72343e-06
-5.01554e-06
-5.30929e-06
-5.6056e-06
-5.90492e-06
-6.20417e-06
-6.4997e-06
-6.79061e-06
-7.07756e-06
-7.36139e-06
-7.64287e-06
-7.92272e-06
-8.20163e-06
-8.48023e-06
-8.75916e-06
-9.03892e-06
-9.3201e-06
-9.60349e-06
-9.88954e-06
-1.01783e-05
-1.04705e-05
-1.07665e-05
-1.10666e-05
-1.13712e-05
-1.16804e-05
-1.19946e-05
-1.23137e-05
-1.2638e-05
4.52758e-07
1.19121e-07
-2.10147e-07
-5.35137e-07
-8.55936e-07
-1.17267e-06
-1.48549e-06
-1.79459e-06
-2.10019e-06
-2.40254e-06
-2.70191e-06
-2.99861e-06
-3.29298e-06
-3.58538e-06
-3.87622e-06
-4.16591e-06
-4.45494e-06
-4.74378e-06
-5.03304e-06
-5.32321e-06
-5.61514e-06
-5.90917e-06
-6.20292e-06
-6.49362e-06
-6.78052e-06
-7.0642e-06
-7.34542e-06
-7.62487e-06
-7.90321e-06
-8.18107e-06
-8.45903e-06
-8.7377e-06
-9.01754e-06
-9.2989e-06
-9.58307e-06
-9.87006e-06
-1.016e-05
-1.04536e-05
-1.07512e-05
-1.10531e-05
-1.13598e-05
-1.16714e-05
-1.1988e-05
-1.231e-05
-1.26373e-05
4.51676e-07
1.14733e-07
-2.1762e-07
-5.45456e-07
-8.68853e-07
-1.18793e-06
-1.50282e-06
-1.81372e-06
-2.12083e-06
-2.42438e-06
-2.72463e-06
-3.02188e-06
-3.31645e-06
-3.60866e-06
-3.89891e-06
-4.18757e-06
-4.47509e-06
-4.7619e-06
-5.04854e-06
-5.33546e-06
-5.62342e-06
-5.91266e-06
-6.20144e-06
-6.48776e-06
-6.771e-06
-7.05169e-06
-7.33051e-06
-7.60808e-06
-7.88498e-06
-8.16181e-06
-8.43911e-06
-8.71748e-06
-8.99716e-06
-9.27876e-06
-9.56362e-06
-9.85129e-06
-1.01422e-05
-1.04369e-05
-1.07359e-05
-1.10396e-05
-1.13481e-05
-1.16617e-05
-1.19807e-05
-1.23052e-05
-1.26352e-05
4.49795e-07
1.09948e-07
-2.25105e-07
-5.55426e-07
-8.81083e-07
-1.20219e-06
-1.51887e-06
-1.83131e-06
-2.1397e-06
-2.44426e-06
-2.74524e-06
-3.04293e-06
-3.33761e-06
-3.6296e-06
-3.91927e-06
-4.20696e-06
-4.49309e-06
-4.77804e-06
-5.06232e-06
-5.3463e-06
-5.63069e-06
-5.91564e-06
-6.19995e-06
-6.48233e-06
-6.76227e-06
-7.04026e-06
-7.31689e-06
-7.59273e-06
-7.8683e-06
-8.14416e-06
-8.4208e-06
-8.69882e-06
-8.97824e-06
-9.26022e-06
-9.5455e-06
-9.83369e-06
-1.01254e-05
-1.04212e-05
-1.07214e-05
-1.10265e-05
-1.13366e-05
-1.16521e-05
-1.19731e-05
-1.22999e-05
-1.26324e-05
4.47515e-07
1.05119e-07
-2.32299e-07
-5.6479e-07
-8.92417e-07
-1.21528e-06
-1.53352e-06
-1.84728e-06
-2.15677e-06
-2.46219e-06
-2.76378e-06
-3.06181e-06
-3.35656e-06
-3.64833e-06
-3.93745e-06
-4.22425e-06
-4.50912e-06
-4.7924e-06
-5.07456e-06
-5.35591e-06
-5.63712e-06
-5.91824e-06
-6.19856e-06
-6.47742e-06
-6.75443e-06
-7.02999e-06
-7.30466e-06
-7.57892e-06
-7.85329e-06
-8.12824e-06
-8.40427e-06
-8.68189e-06
-8.96117e-06
-9.24341e-06
-9.52892e-06
-9.81758e-06
-1.011e-05
-1.04066e-05
-1.0708e-05
-1.10143e-05
-1.13258e-05
-1.16429e-05
-1.19658e-05
-1.22945e-05
-1.26292e-05
4.45034e-07
1.00377e-07
-2.39129e-07
-5.73529e-07
-9.02884e-07
-1.22729e-06
-1.54687e-06
-1.86179e-06
-2.17222e-06
-2.47838e-06
-2.78048e-06
-3.07879e-06
-3.37358e-06
-3.66512e-06
-3.95373e-06
-4.23973e-06
-4.52345e-06
-4.80524e-06
-5.0855e-06
-5.36452e-06
-5.64289e-06
-5.92059e-06
-6.19731e-06
-6.47301e-06
-6.7474e-06
-7.0208e-06
-7.2937e-06
-7.56656e-06
-7.83982e-06
-8.11396e-06
-8.38943e-06
-8.66668e-06
-8.94588e-06
-9.22817e-06
-9.51387e-06
-9.80295e-06
-1.00959e-05
-1.03934e-05
-1.06956e-05
-1.10029e-05
-1.13158e-05
-1.16343e-05
-1.19587e-05
-1.22892e-05
-1.26259e-05
4.42327e-07
9.55468e-08
-2.45911e-07
-5.82092e-07
-9.13054e-07
-1.23889e-06
-1.55972e-06
-1.87569e-06
-2.18699e-06
-2.49381e-06
-2.79637e-06
-3.09492e-06
-3.38972e-06
-3.68104e-06
-3.96916e-06
-4.25437e-06
-4.53702e-06
-4.81739e-06
-5.09586e-06
-5.37268e-06
-5.64838e-06
-5.92286e-06
-6.19616e-06
-6.46886e-06
-6.74078e-06
-7.01216e-06
-7.28339e-06
-7.5549e-06
-7.82711e-06
-8.10046e-06
-8.37538e-06
-8.65227e-06
-8.93135e-06
-9.21363e-06
-9.49952e-06
-9.78897e-06
-1.00825e-05
-1.03806e-05
-1.06836e-05
-1.0992e-05
-1.13059e-05
-1.16257e-05
-1.19517e-05
-1.22838e-05
-1.26223e-05
4.39596e-07
9.07892e-08
-2.52559e-07
-5.90481e-07
-9.23024e-07
-1.25027e-06
-1.57234e-06
-1.88937e-06
-2.20153e-06
-2.50902e-06
-2.81204e-06
-3.11083e-06
-3.40563e-06
-3.6967e-06
-3.98432e-06
-4.26876e-06
-4.55032e-06
-4.82926e-06
-5.10593e-06
-5.38056e-06
-5.65362e-06
-5.92499e-06
-6.19514e-06
-6.46501e-06
-6.73446e-06
-7.00376e-06
-7.27333e-06
-7.54351e-06
-7.81467e-06
-8.08723e-06
-8.36157e-06
-8.6381e-06
-8.91701e-06
-9.19929e-06
-9.48535e-06
-9.77515e-06
-1.00691e-05
-1.03679e-05
-1.06717e-05
-1.09811e-05
-1.12962e-05
-1.16174e-05
-1.19447e-05
-1.22785e-05
-1.26187e-05
-4.4735e-06
-9.99112e-06
-1.06869e-05
-1.11085e-05
-1.1742e-05
-1.25147e-05
-1.33945e-05
-1.43626e-05
-1.54092e-05
-1.6531e-05
-1.77285e-05
-1.90053e-05
-2.03684e-05
-2.18303e-05
-2.34097e-05
-1.93412e-06
-7.16719e-06
-9.15151e-06
-1.03245e-05
-1.13223e-05
-1.22741e-05
-1.32492e-05
-1.42727e-05
-1.53529e-05
-1.64955e-05
-1.77057e-05
-1.89897e-05
-2.03564e-05
-2.1819e-05
-2.3397e-05
-4.21912e-07
-5.29178e-06
-7.96185e-06
-9.62182e-06
-1.09084e-05
-1.20292e-05
-1.31012e-05
-1.41819e-05
-1.52969e-05
-1.64609e-05
-1.76838e-05
-1.8975e-05
-2.03448e-05
-2.18077e-05
-2.33838e-05
1.42171e-07
-4.12134e-06
-7.01784e-06
-8.98735e-06
-1.05027e-05
-1.17807e-05
-1.29511e-05
-1.40916e-05
-1.52429e-05
-1.64287e-05
-1.76643e-05
-1.89621e-05
-2.03346e-05
-2.17972e-05
-2.33707e-05
2.7548e-07
-3.23388e-06
-6.12887e-06
-8.32176e-06
-1.00488e-05
-1.14907e-05
-1.27734e-05
-1.39853e-05
-1.51806e-05
-1.63928e-05
-1.76434e-05
-1.8949e-05
-2.03242e-05
-2.17862e-05
-2.33564e-05
2.80744e-07
-2.63639e-06
-5.35011e-06
-7.6396e-06
-9.53579e-06
-1.11384e-05
-1.25466e-05
-1.38457e-05
-1.50977e-05
-1.63448e-05
-1.76158e-05
-1.89319e-05
-2.03113e-05
-2.17729e-05
-2.33393e-05
1.37869e-07
-2.30321e-06
-4.75377e-06
-7.01116e-06
-8.99825e-06
-1.07303e-05
-1.22618e-05
-1.36588e-05
-1.49807e-05
-1.6274e-05
-1.75734e-05
-1.89053e-05
-2.02917e-05
-2.17543e-05
-2.33172e-05
-1.70836e-07
-2.21811e-06
-4.37996e-06
-6.50839e-06
-8.49597e-06
-1.03006e-05
-1.19305e-05
-1.34218e-05
-1.48203e-05
-1.61695e-05
-1.75063e-05
-1.88609e-05
-2.02591e-05
-2.17253e-05
-2.32859e-05
-6.22128e-07
-2.3488e-06
-4.23241e-06
-6.17784e-06
-8.08892e-06
-9.89975e-06
-1.15841e-05
-1.31483e-05
-1.46177e-05
-1.60259e-05
-1.74065e-05
-1.87904e-05
-2.02056e-05
-2.16792e-05
-2.32393e-05
-1.18976e-06
-2.65746e-06
-4.29121e-06
-6.03525e-06
-7.81858e-06
-9.57588e-06
-1.12639e-05
-1.2866e-05
-1.43874e-05
-1.58473e-05
-1.72714e-05
-1.86878e-05
-2.01241e-05
-2.16084e-05
-2.31702e-05
-1.85269e-06
-3.11041e-06
-4.52744e-06
-6.07388e-06
-7.70332e-06
-9.36309e-06
-1.10076e-05
-1.26076e-05
-1.41523e-05
-1.56466e-05
-1.71061e-05
-1.85523e-05
-2.001e-05
-2.15063e-05
-2.30709e-05
-2.59606e-06
-3.68176e-06
-4.9132e-06
-6.27642e-06
-7.74406e-06
-9.27909e-06
-1.08426e-05
-1.24021e-05
-1.39375e-05
-1.5442e-05
-1.69209e-05
-1.83878e-05
-1.98623e-05
-2.13686e-05
-2.29345e-05
-3.40947e-06
-4.35255e-06
-5.42542e-06
-6.62342e-06
-7.93237e-06
-9.32919e-06
-1.07852e-05
-1.22717e-05
-1.37655e-05
-1.52525e-05
-1.67294e-05
-1.82018e-05
-1.9683e-05
-2.11927e-05
-2.27552e-05
-4.28407e-06
-5.10781e-06
-6.04502e-06
-7.09624e-06
-8.25567e-06
-9.51082e-06
-1.08433e-05
-1.22316e-05
-1.36545e-05
-1.50955e-05
-1.65454e-05
-1.80033e-05
-1.94761e-05
-2.09776e-05
-2.25279e-05
-5.21016e-06
-5.93346e-06
-6.75454e-06
-7.67661e-06
-8.69878e-06
-9.81577e-06
-1.10176e-05
-1.22905e-05
-1.36183e-05
-1.49862e-05
-1.63827e-05
-1.78024e-05
-1.92466e-05
-2.07237e-05
-2.22481e-05
-6.17574e-06
-6.81434e-06
-7.53614e-06
-8.3454e-06
-9.24387e-06
-1.02307e-05
-1.13018e-05
-1.245e-05
-1.36654e-05
-1.49367e-05
-1.62538e-05
-1.76095e-05
-1.90015e-05
-2.0433e-05
-2.19132e-05
-7.16749e-06
-7.7345e-06
-8.37138e-06
-9.08253e-06
-9.87085e-06
-1.07378e-05
-1.16831e-05
-1.27044e-05
-1.3797e-05
-1.49543e-05
-1.61692e-05
-1.74355e-05
-1.87493e-05
-2.01106e-05
-2.15237e-05
-8.16946e-06
-8.67593e-06
-9.24014e-06
-9.86614e-06
-1.05571e-05
-1.13154e-05
-1.21429e-05
-1.304e-05
-1.40061e-05
-1.50387e-05
-1.61342e-05
-1.72888e-05
-1.84995e-05
-1.97647e-05
-2.10853e-05
-9.16044e-06
-9.61564e-06
-1.01177e-05
-1.06699e-05
-1.12752e-05
-1.19362e-05
-1.26555e-05
-1.34352e-05
-1.42767e-05
-1.51806e-05
-1.61466e-05
-1.71736e-05
-1.82603e-05
-1.94057e-05
-2.06091e-05
-1.0121e-05
-1.05324e-05
-1.09807e-05
-1.14687e-05
-1.19985e-05
-1.25728e-05
-1.31942e-05
-1.38651e-05
-1.45882e-05
-1.53657e-05
-1.61993e-05
-1.70902e-05
-1.80394e-05
-1.90471e-05
-2.01131e-05
-1.09561e-05
-1.13332e-05
-1.1739e-05
-1.21754e-05
-1.26442e-05
-1.31475e-05
-1.36876e-05
-1.4267e-05
-1.48884e-05
-1.55546e-05
-1.62682e-05
-1.7032e-05
-1.78482e-05
-1.87188e-05
-1.96449e-05
-1.15999e-05
-1.19527e-05
-1.23277e-05
-1.27263e-05
-1.31501e-05
-1.36007e-05
-1.40801e-05
-1.45906e-05
-1.51347e-05
-1.57149e-05
-1.63345e-05
-1.69963e-05
-1.77037e-05
-1.84595e-05
-1.92664e-05
-1.20449e-05
-1.23816e-05
-1.2736e-05
-1.31092e-05
-1.35026e-05
-1.39175e-05
-1.43556e-05
-1.48188e-05
-1.53092e-05
-1.58295e-05
-1.63824e-05
-1.6971e-05
-1.75988e-05
-1.82693e-05
-1.89859e-05
-1.23552e-05
-1.26819e-05
-1.30232e-05
-1.33799e-05
-1.37531e-05
-1.4144e-05
-1.4554e-05
-1.49848e-05
-1.54382e-05
-1.59165e-05
-1.64223e-05
-1.69585e-05
-1.75285e-05
-1.81359e-05
-1.87844e-05
-1.25689e-05
-1.289e-05
-1.32235e-05
-1.35699e-05
-1.39302e-05
-1.43054e-05
-1.46969e-05
-1.51058e-05
-1.55339e-05
-1.59832e-05
-1.6456e-05
-1.6955e-05
-1.74833e-05
-1.80443e-05
-1.86417e-05
-1.27136e-05
-1.30324e-05
-1.33618e-05
-1.37025e-05
-1.40552e-05
-1.44208e-05
-1.48004e-05
-1.51951e-05
-1.56064e-05
-1.6036e-05
-1.64859e-05
-1.69586e-05
-1.74567e-05
-1.79836e-05
-1.85426e-05
-1.281e-05
-1.31287e-05
-1.34569e-05
-1.37951e-05
-1.41439e-05
-1.45042e-05
-1.48768e-05
-1.52627e-05
-1.56631e-05
-1.60795e-05
-1.65137e-05
-1.69678e-05
-1.74442e-05
-1.79456e-05
-1.84752e-05
-1.28729e-05
-1.31932e-05
-1.35221e-05
-1.38601e-05
-1.42077e-05
-1.45656e-05
-1.49346e-05
-1.53154e-05
-1.57091e-05
-1.61169e-05
-1.65404e-05
-1.69812e-05
-1.74416e-05
-1.79238e-05
-1.84305e-05
-1.29133e-05
-1.32361e-05
-1.3567e-05
-1.39062e-05
-1.42544e-05
-1.46119e-05
-1.49795e-05
-1.53577e-05
-1.57475e-05
-1.61499e-05
-1.6566e-05
-1.69975e-05
-1.74459e-05
-1.79133e-05
-1.84019e-05
-1.29385e-05
-1.32645e-05
-1.35981e-05
-1.39395e-05
-1.42893e-05
-1.46478e-05
-1.50154e-05
-1.53928e-05
-1.57806e-05
-1.61796e-05
-1.65907e-05
-1.70153e-05
-1.74546e-05
-1.79104e-05
-1.83843e-05
-1.29539e-05
-1.32833e-05
-1.36199e-05
-1.39641e-05
-1.43162e-05
-1.46763e-05
-1.5045e-05
-1.54225e-05
-1.58094e-05
-1.62064e-05
-1.66142e-05
-1.70336e-05
-1.74658e-05
-1.79122e-05
-1.83741e-05
-1.29629e-05
-1.32958e-05
-1.36356e-05
-1.39827e-05
-1.43373e-05
-1.46996e-05
-1.50697e-05
-1.5448e-05
-1.58349e-05
-1.62307e-05
-1.66361e-05
-1.70517e-05
-1.74783e-05
-1.79169e-05
-1.83686e-05
-1.29679e-05
-1.33041e-05
-1.36471e-05
-1.39972e-05
-1.43544e-05
-1.47188e-05
-1.50907e-05
-1.54701e-05
-1.58573e-05
-1.62526e-05
-1.66563e-05
-1.70689e-05
-1.74908e-05
-1.79231e-05
-1.83661e-05
-1.29703e-05
-1.33096e-05
-1.36557e-05
-1.40085e-05
-1.43683e-05
-1.4735e-05
-1.51086e-05
-1.54893e-05
-1.58771e-05
-1.62722e-05
-1.66746e-05
-1.70848e-05
-1.7503e-05
-1.79297e-05
-1.83653e-05
-1.29711e-05
-1.33133e-05
-1.36622e-05
-1.40177e-05
-1.43798e-05
-1.47487e-05
-1.51241e-05
-1.5506e-05
-1.58945e-05
-1.62895e-05
-1.66911e-05
-1.70993e-05
-1.75142e-05
-1.79363e-05
-1.83655e-05
-1.29709e-05
-1.33157e-05
-1.36671e-05
-1.4025e-05
-1.43895e-05
-1.47603e-05
-1.51373e-05
-1.55205e-05
-1.59097e-05
-1.63048e-05
-1.67057e-05
-1.71123e-05
-1.75245e-05
-1.79425e-05
-1.8366e-05
-1.297e-05
-1.33172e-05
-1.36709e-05
-1.4031e-05
-1.43975e-05
-1.47701e-05
-1.51487e-05
-1.55331e-05
-1.5923e-05
-1.63182e-05
-1.67185e-05
-1.71237e-05
-1.75336e-05
-1.79481e-05
-1.83668e-05
-1.29688e-05
-1.33181e-05
-1.36739e-05
-1.4036e-05
-1.44043e-05
-1.47785e-05
-1.51585e-05
-1.5544e-05
-1.59346e-05
-1.633e-05
-1.67298e-05
-1.71339e-05
-1.75417e-05
-1.79531e-05
-1.83675e-05
-1.29672e-05
-1.33186e-05
-1.36763e-05
-1.40403e-05
-1.44103e-05
-1.47862e-05
-1.51675e-05
-1.5554e-05
-1.59452e-05
-1.63408e-05
-1.67404e-05
-1.71434e-05
-1.75493e-05
-1.79579e-05
-1.83683e-05
-1.29655e-05
-1.33187e-05
-1.36782e-05
-1.40439e-05
-1.44156e-05
-1.4793e-05
-1.51757e-05
-1.55632e-05
-1.59552e-05
-1.6351e-05
-1.67502e-05
-1.71522e-05
-1.75564e-05
-1.79623e-05
-1.8369e-05
-4.18231e-06
-4.18199e-06
-4.18582e-06
-4.19312e-06
-4.20325e-06
-4.21553e-06
-4.22972e-06
-4.24564e-06
-4.26322e-06
-4.2825e-06
-4.30359e-06
-4.32662e-06
-4.35172e-06
-4.37897e-06
-4.40835e-06
-4.43972e-06
-4.47273e-06
-4.5068e-06
-4.5409e-06
-4.57348e-06
-4.60236e-06
-4.62466e-06
-4.63464e-06
-4.62544e-06
-4.59172e-06
-4.52857e-06
-4.43155e-06
-4.29766e-06
-4.12652e-06
-3.92098e-06
-3.68277e-06
-3.41737e-06
-3.1419e-06
-2.87247e-06
-2.62483e-06
-2.41323e-06
-2.25012e-06
-2.14337e-06
-2.09389e-06
-2.09524e-06
-2.13453e-06
-2.19482e-06
-2.25972e-06
-2.30758e-06
-2.32748e-06
-4.17684e-06
-4.17723e-06
-4.18037e-06
-4.18567e-06
-4.19266e-06
-4.20129e-06
-4.21132e-06
-4.22263e-06
-4.23522e-06
-4.24912e-06
-4.26441e-06
-4.28118e-06
-4.29953e-06
-4.31955e-06
-4.34128e-06
-4.3647e-06
-4.38965e-06
-4.41575e-06
-4.44226e-06
-4.4679e-06
-4.49066e-06
-4.50751e-06
-4.51266e-06
-4.50004e-06
-4.46507e-06
-4.40337e-06
-4.31112e-06
-4.18589e-06
-4.02706e-06
-3.83607e-06
-3.61761e-06
-3.38321e-06
-3.1433e-06
-2.90877e-06
-2.69334e-06
-2.5113e-06
-2.37317e-06
-2.28375e-06
-2.24167e-06
-2.23974e-06
-2.26656e-06
-2.30897e-06
-2.35457e-06
-2.39362e-06
-2.4199e-06
-4.1631e-06
-4.16588e-06
-4.16998e-06
-4.17537e-06
-4.18188e-06
-4.18941e-06
-4.19785e-06
-4.2072e-06
-4.21748e-06
-4.22876e-06
-4.24114e-06
-4.25475e-06
-4.26975e-06
-4.2863e-06
-4.3046e-06
-4.32485e-06
-4.34724e-06
-4.37195e-06
-4.39899e-06
-4.42806e-06
-4.45837e-06
-4.48799e-06
-4.51122e-06
-4.52081e-06
-4.51047e-06
-4.47379e-06
-4.40489e-06
-4.29956e-06
-4.15601e-06
-3.97535e-06
-3.76148e-06
-3.52432e-06
-3.27623e-06
-3.03141e-06
-2.80521e-06
-2.61216e-06
-2.46349e-06
-2.36513e-06
-2.31662e-06
-2.31142e-06
-2.33855e-06
-2.38487e-06
-2.43784e-06
-2.48968e-06
-2.53943e-06
-4.14519e-06
-4.15102e-06
-4.1567e-06
-4.16266e-06
-4.16911e-06
-4.17601e-06
-4.18337e-06
-4.19123e-06
-4.19972e-06
-4.20895e-06
-4.2191e-06
-4.23039e-06
-4.24306e-06
-4.25748e-06
-4.27408e-06
-4.29349e-06
-4.3165e-06
-4.34418e-06
-4.37782e-06
-4.41882e-06
-4.46844e-06
-4.52671e-06
-4.58746e-06
-4.63995e-06
-4.67414e-06
-4.67984e-06
-4.64743e-06
-4.57045e-06
-4.44589e-06
-4.27453e-06
-4.06122e-06
-3.81479e-06
-3.54875e-06
-3.27913e-06
-3.02348e-06
-2.79888e-06
-2.61946e-06
-2.4941e-06
-2.42486e-06
-2.40691e-06
-2.42981e-06
-2.47973e-06
-2.54249e-06
-2.60995e-06
-2.68317e-06
-4.12642e-06
-4.13564e-06
-4.1431e-06
-4.14993e-06
-4.15669e-06
-4.16343e-06
-4.1702e-06
-4.17717e-06
-4.1845e-06
-4.1924e-06
-4.20112e-06
-4.21097e-06
-4.22237e-06
-4.23589e-06
-4.25232e-06
-4.27282e-06
-4.29904e-06
-4.33327e-06
-4.37857e-06
-4.43872e-06
-4.51791e-06
-4.61904e-06
-4.7351e-06
-4.84934e-06
-4.94585e-06
-5.00887e-06
-5.02399e-06
-4.98382e-06
-4.88497e-06
-4.72732e-06
-4.51431e-06
-4.25576e-06
-3.96508e-06
-3.6598e-06
-3.35991e-06
-3.08593e-06
-2.85639e-06
-2.68499e-06
-2.57823e-06
-2.53441e-06
-2.54429e-06
-2.59307e-06
-2.66397e-06
-2.74719e-06
-2.84441e-06
-4.10966e-06
-4.12185e-06
-4.13107e-06
-4.1389e-06
-4.14621e-06
-4.15311e-06
-4.15973e-06
-4.16628e-06
-4.17301e-06
-4.18021e-06
-4.1882e-06
-4.19742e-06
-4.20842e-06
-4.22205e-06
-4.2395e-06
-4.26256e-06
-4.29385e-06
-4.33715e-06
-4.39767e-06
-4.4821e-06
-4.59818e-06
-4.75248e-06
-4.93682e-06
-5.12579e-06
-5.29528e-06
-5.42296e-06
-5.49405e-06
-5.49927e-06
-5.43253e-06
-5.29528e-06
-5.08624e-06
-4.81597e-06
-4.49866e-06
-4.15271e-06
-3.80008e-06
-3.46485e-06
-3.17067e-06
-2.93744e-06
-2.77785e-06
-2.69494e-06
-2.68177e-06
-2.72287e-06
-2.79845e-06
-2.89634e-06
-3.01835e-06
-4.0964e-06
-4.11123e-06
-4.12206e-06
-4.13092e-06
-4.13888e-06
-4.14613e-06
-4.15283e-06
-4.15927e-06
-4.16576e-06
-4.17265e-06
-4.18035e-06
-4.18938e-06
-4.20049e-06
-4.21475e-06
-4.23377e-06
-4.26e-06
-4.2971e-06
-4.35044e-06
-4.4276e-06
-4.53853e-06
-4.69489e-06
-4.90728e-06
-5.16611e-06
-5.43495e-06
-5.68045e-06
-5.87959e-06
-6.01661e-06
-6.075e-06
-6.0446e-06
-5.92299e-06
-5.71924e-06
-5.44076e-06
-5.10031e-06
-4.71589e-06
-4.31039e-06
-3.91064e-06
-3.54519e-06
-3.24064e-06
-3.01704e-06
-2.88382e-06
-2.83781e-06
-2.86386e-06
-2.93943e-06
-3.04988e-06
-3.1969e-06
-4.08777e-06
-4.10484e-06
-4.11712e-06
-4.12695e-06
-4.13559e-06
-4.14326e-06
-4.15017e-06
-4.15665e-06
-4.16307e-06
-4.16982e-06
-4.17738e-06
-4.18637e-06
-4.19767e-06
-4.21257e-06
-4.23308e-06
-4.26226e-06
-4.30478e-06
-4.36764e-06
-4.46083e-06
-4.59775e-06
-4.79417e-06
-5.06462e-06
-5.39887e-06
-5.74904e-06
-6.0735e-06
-6.34378e-06
-6.53714e-06
-6.63823e-06
-6.6401e-06
-6.5413e-06
-6.34778e-06
-6.06676e-06
-5.71018e-06
-5.29499e-06
-4.84376e-06
-4.38469e-06
-3.95001e-06
-3.57241e-06
-3.27973e-06
-3.0889e-06
-3.00218e-06
-3.00621e-06
-3.07667e-06
-3.19679e-06
-3.36802e-06
-4.08434e-06
-4.10334e-06
-4.11689e-06
-4.12761e-06
-4.13691e-06
-4.145e-06
-4.15213e-06
-4.15867e-06
-4.16501e-06
-4.1716e-06
-4.17895e-06
-4.18775e-06
-4.19899e-06
-4.21414e-06
-4.23554e-06
-4.2668e-06
-4.31354e-06
-4.38425e-06
-4.4913e-06
-4.65161e-06
-4.88506e-06
-5.20915e-06
-5.61454e-06
-6.04062e-06
-6.43648e-06
-6.76794e-06
-7.0102e-06
-7.14915e-06
-7.1795e-06
-7.10067e-06
-6.918e-06
-6.63855e-06
-6.27313e-06
-5.83697e-06
-5.3512e-06
-4.84373e-06
-4.34867e-06
-3.9034e-06
-3.54295e-06
-3.29215e-06
-3.15994e-06
-3.13644e-06
-3.19697e-06
-3.32333e-06
-3.51687e-06
-4.08631e-06
-4.107e-06
-4.1217e-06
-4.13324e-06
-4.14314e-06
-4.1516e-06
-4.15888e-06
-4.16537e-06
-4.1715e-06
-4.17772e-06
-4.18459e-06
-4.19283e-06
-4.2035e-06
-4.21822e-06
-4.23956e-06
-4.27163e-06
-4.32084e-06
-4.39706e-06
-4.51483e-06
-4.6946e-06
-4.96035e-06
-5.33084e-06
-5.79971e-06
-6.29268e-06
-6.74931e-06
-7.13119e-06
-7.41278e-06
-7.58109e-06
-7.63244e-06
-7.56834e-06
-7.39456e-06
-7.11834e-06
-6.74937e-06
-6.30098e-06
-5.79204e-06
-5.2489e-06
-4.70571e-06
-4.20257e-06
-3.78072e-06
-3.47206e-06
-3.29296e-06
-3.23844e-06
-3.28497e-06
-3.414e-06
-3.62707e-06
-4.09367e-06
-4.11594e-06
-4.13168e-06
-4.14398e-06
-4.1544e-06
-4.16313e-06
-4.17042e-06
-4.17667e-06
-4.18233e-06
-4.18786e-06
-4.19382e-06
-4.20097e-06
-4.21039e-06
-4.2238e-06
-4.24396e-06
-4.27534e-06
-4.32506e-06
-4.40414e-06
-4.52903e-06
-4.72336e-06
-5.01486e-06
-5.42651e-06
-5.94828e-06
-6.49768e-06
-7.00369e-06
-7.42471e-06
-7.73484e-06
-7.92263e-06
-7.98664e-06
-7.93083e-06
-7.76209e-06
-7.48811e-06
-7.11783e-06
-6.66276e-06
-6.13935e-06
-5.57155e-06
-4.99214e-06
-4.44202e-06
-3.96807e-06
-3.60674e-06
-3.38197e-06
-3.29486e-06
-3.32437e-06
-3.45261e-06
-3.6819e-06
-4.1063e-06
-4.13012e-06
-4.14688e-06
-4.15988e-06
-4.17074e-06
-4.1796e-06
-4.18669e-06
-4.19244e-06
-4.19728e-06
-4.20168e-06
-4.20621e-06
-4.21162e-06
-4.21901e-06
-4.23016e-06
-4.24795e-06
-4.27712e-06
-4.32536e-06
-4.40473e-06
-4.5333e-06
-4.73703e-06
-5.04722e-06
-5.49487e-06
-6.06021e-06
-6.65473e-06
-7.19914e-06
-7.64857e-06
-7.97711e-06
-8.17517e-06
-8.24385e-06
-8.18959e-06
-8.02079e-06
-7.74585e-06
-7.37333e-06
-6.91329e-06
-6.37995e-06
-5.79476e-06
-5.18808e-06
-4.59984e-06
-4.08388e-06
-3.67637e-06
-3.40854e-06
-3.28866e-06
-3.29908e-06
-3.4234e-06
-3.66535e-06
-4.12404e-06
-4.14949e-06
-4.16728e-06
-4.18095e-06
-4.19215e-06
-4.20097e-06
-4.20763e-06
-4.21254e-06
-4.21614e-06
-4.21891e-06
-4.22141e-06
-4.22438e-06
-4.22892e-06
-4.23682e-06
-4.25107e-06
-4.27661e-06
-4.32158e-06
-4.3989e-06
-4.52811e-06
-4.73668e-06
-5.06106e-06
-5.53656e-06
-6.13715e-06
-6.76718e-06
-7.34034e-06
-7.80893e-06
-8.14727e-06
-8.34777e-06
-8.41405e-06
-8.3549e-06
-8.18033e-06
-7.89962e-06
-7.52128e-06
-7.05442e-06
-6.51154e-06
-5.9119e-06
-5.28344e-06
-4.66287e-06
-4.11052e-06
-3.66384e-06
-3.3562e-06
-3.20423e-06
-3.19425e-06
-3.31188e-06
-3.56302e-06
-4.1468e-06
-4.17404e-06
-4.1929e-06
-4.20721e-06
-4.21865e-06
-4.22724e-06
-4.23316e-06
-4.23684e-06
-4.23873e-06
-4.23931e-06
-4.23913e-06
-4.23893e-06
-4.2398e-06
-4.24354e-06
-4.25317e-06
-4.2738e-06
-4.31394e-06
-4.38726e-06
-4.5146e-06
-4.72531e-06
-5.05927e-06
-5.55439e-06
-6.183e-06
-6.84089e-06
-7.43481e-06
-7.91506e-06
-8.25635e-06
-8.4529e-06
-8.51078e-06
-8.44085e-06
-8.25465e-06
-7.96235e-06
-7.5727e-06
-7.09428e-06
-6.53849e-06
-5.92295e-06
-5.27409e-06
-4.62691e-06
-4.03715e-06
-3.55466e-06
-3.21109e-06
-3.02834e-06
-2.99712e-06
-3.10556e-06
-3.36265e-06
-4.17456e-06
-4.2038e-06
-4.22382e-06
-4.23874e-06
-4.25029e-06
-4.2584e-06
-4.26325e-06
-4.26527e-06
-4.26492e-06
-4.2627e-06
-4.25919e-06
-4.2551e-06
-4.2515e-06
-4.25021e-06
-4.25428e-06
-4.26894e-06
-4.30299e-06
-4.37072e-06
-4.49422e-06
-4.70484e-06
-5.0442e-06
-5.5528e-06
-6.20371e-06
-6.88283e-06
-7.49108e-06
-7.97714e-06
-8.31612e-06
-8.50363e-06
-8.54812e-06
-8.46212e-06
-8.25847e-06
-7.9482e-06
-7.54051e-06
-7.04367e-06
-6.46877e-06
-5.83233e-06
-5.15995e-06
-4.48701e-06
-3.85934e-06
-3.34139e-06
-2.96396e-06
-2.75095e-06
-2.69749e-06
-2.79432e-06
-3.05438e-06
-4.20741e-06
-4.23891e-06
-4.26018e-06
-4.27568e-06
-4.28718e-06
-4.29453e-06
-4.29791e-06
-4.29775e-06
-4.29458e-06
-4.28893e-06
-4.2814e-06
-4.27273e-06
-4.26393e-06
-4.25686e-06
-4.25459e-06
-4.26241e-06
-4.28939e-06
-4.35036e-06
-4.46845e-06
-4.67678e-06
-5.01861e-06
-5.53688e-06
-6.20508e-06
-6.89998e-06
-7.51759e-06
-8.00481e-06
-8.33713e-06
-8.51192e-06
-8.53893e-06
-8.43215e-06
-8.20546e-06
-7.87059e-06
-7.43713e-06
-6.91385e-06
-6.3117e-06
-5.64694e-06
-4.9444e-06
-4.24075e-06
-3.57628e-06
-3.01994e-06
-2.60846e-06
-2.36455e-06
-2.2876e-06
-2.37031e-06
-2.63072e-06
-4.24555e-06
-4.27961e-06
-4.30224e-06
-4.31825e-06
-4.32949e-06
-4.33573e-06
-4.33714e-06
-4.33424e-06
-4.32761e-06
-4.31785e-06
-4.30563e-06
-4.29172e-06
-4.27706e-06
-4.26356e-06
-4.25433e-06
-4.25468e-06
-4.2739e-06
-4.32729e-06
-4.43885e-06
-4.64328e-06
-4.98554e-06
-5.51068e-06
-6.19194e-06
-6.89838e-06
-7.5215e-06
-8.00656e-06
-8.32927e-06
-8.48821e-06
-8.49422e-06
-8.36235e-06
-8.10722e-06
-7.74109e-06
-7.27401e-06
-6.71536e-06
-6.07647e-06
-5.3739e-06
-4.63314e-06
-3.89091e-06
-3.18753e-06
-2.58978e-06
-2.14005e-06
-1.86378e-06
-1.76207e-06
-1.82799e-06
-2.0866e-06
-4.28933e-06
-4.32626e-06
-4.35034e-06
-4.36675e-06
-4.37744e-06
-4.38212e-06
-4.38099e-06
-4.37468e-06
-4.36387e-06
-4.34928e-06
-4.33168e-06
-4.31195e-06
-4.29086e-06
-4.2704e-06
-4.25376e-06
-4.24621e-06
-4.25724e-06
-4.30255e-06
-4.40691e-06
-4.60639e-06
-4.94761e-06
-5.4774e-06
-6.16864e-06
-6.88344e-06
-7.50912e-06
-7.98948e-06
-8.30026e-06
-8.44083e-06
-8.42286e-06
-8.262e-06
-7.9733e-06
-7.56939e-06
-7.06079e-06
-6.45757e-06
-5.77191e-06
-5.02131e-06
-4.23191e-06
-3.44062e-06
-2.69481e-06
-2.05176e-06
-1.55873e-06
-1.24639e-06
-1.11807e-06
-1.16362e-06
-1.41954e-06
-4.33921e-06
-4.37934e-06
-4.40493e-06
-4.42157e-06
-4.43132e-06
-4.43386e-06
-4.42948e-06
-4.41896e-06
-4.40317e-06
-4.38298e-06
-4.35931e-06
-4.33319e-06
-4.30528e-06
-4.27743e-06
-4.2531e-06
-4.23744e-06
-4.24008e-06
-4.2771e-06
-4.37389e-06
-4.56786e-06
-4.90701e-06
-5.43983e-06
-6.13875e-06
-6.85947e-06
-7.48548e-06
-7.95918e-06
-8.25619e-06
-8.37635e-06
-8.33176e-06
-8.13835e-06
-7.8113e-06
-7.36338e-06
-6.80553e-06
-6.14861e-06
-5.40599e-06
-4.5966e-06
-3.74802e-06
-2.89877e-06
-2.09858e-06
-1.40412e-06
-8.66732e-07
-5.13075e-07
-3.54984e-07
-3.75228e-07
-6.28451e-07
-4.39578e-06
-4.43947e-06
-4.46661e-06
-4.48318e-06
-4.49146e-06
-4.49111e-06
-4.4826e-06
-4.46694e-06
-4.44527e-06
-4.41866e-06
-4.38831e-06
-4.35518e-06
-4.32e-06
-4.28467e-06
-4.25251e-06
-4.2287e-06
-4.22297e-06
-4.25167e-06
-4.34091e-06
-4.52906e-06
-4.86553e-06
-5.40024e-06
-6.10505e-06
-6.82981e-06
-7.45442e-06
-7.91993e-06
-8.20168e-06
-8.29971e-06
-8.2262e-06
-7.99702e-06
-7.62717e-06
-7.12942e-06
-6.51499e-06
-5.79559e-06
-4.986e-06
-4.10699e-06
-3.18823e-06
-2.27046e-06
-1.40545e-06
-6.51824e-07
-6.43397e-08
3.34494e-07
5.27625e-07
5.31117e-07
2.90874e-07
-4.45982e-06
-4.50744e-06
-4.53606e-06
-4.55214e-06
-4.55821e-06
-4.55401e-06
-4.54027e-06
-4.51839e-06
-4.48981e-06
-4.45598e-06
-4.41824e-06
-4.37754e-06
-4.33483e-06
-4.292e-06
-4.25204e-06
-4.22023e-06
-4.20631e-06
-4.22694e-06
-4.30874e-06
-4.49105e-06
-4.82453e-06
-5.36033e-06
-6.06966e-06
-6.79697e-06
-7.4188e-06
-7.87489e-06
-8.14017e-06
-8.21458e-06
-8.11011e-06
-7.84225e-06
-7.4256e-06
-6.87269e-06
-6.19494e-06
-5.4049e-06
-4.51886e-06
-3.55975e-06
-2.5598e-06
-1.56254e-06
-6.22372e-07
1.99572e-07
8.45236e-07
1.29166e-06
1.52434e-06
1.55125e-06
1.3372e-06
-4.53228e-06
-4.58418e-06
-4.61414e-06
-4.6291e-06
-4.63196e-06
-4.62267e-06
-4.60238e-06
-4.57296e-06
-4.53635e-06
-4.49435e-06
-4.44853e-06
-4.39989e-06
-4.34956e-06
-4.2992e-06
-4.25164e-06
-4.21213e-06
-4.19041e-06
-4.20334e-06
-4.278e-06
-4.45463e-06
-4.785e-06
-5.32134e-06
-6.03411e-06
-6.76275e-06
-7.38067e-06
-7.82632e-06
-8.07409e-06
-8.12361e-06
-7.98639e-06
-7.67732e-06
-7.21033e-06
-6.59754e-06
-5.85049e-06
-4.98246e-06
-4.01133e-06
-2.96234e-06
-1.87059e-06
-7.82892e-07
2.43054e-07
1.1431e-06
1.85492e-06
2.35273e-06
2.62805e-06
2.67998e-06
2.50415e-06
-4.61434e-06
-4.67089e-06
-4.70184e-06
-4.71478e-06
-4.71311e-06
-4.69715e-06
-4.66866e-06
-4.6302e-06
-4.5843e-06
-4.53315e-06
-4.47862e-06
-4.42179e-06
-4.36376e-06
-4.306e-06
-4.25117e-06
-4.20441e-06
-4.1754e-06
-4.18115e-06
-4.24911e-06
-4.42035e-06
-4.74763e-06
-5.28411e-06
-5.99944e-06
-6.7284e-06
-7.34146e-06
-7.7758e-06
-8.00516e-06
-8.02868e-06
-7.8572e-06
-7.50473e-06
-6.9844e-06
-6.30777e-06
-5.4863e-06
-4.53399e-06
-3.47021e-06
-2.32257e-06
-1.12922e-06
5.94771e-08
1.18206e-06
2.17072e-06
2.95641e-06
3.51236e-06
3.83756e-06
3.92203e-06
3.78064e-06
-4.70746e-06
-4.76896e-06
-4.80037e-06
-4.80998e-06
-4.80202e-06
-4.7774e-06
-4.73875e-06
-4.68955e-06
-4.63298e-06
-4.57173e-06
-4.50792e-06
-4.44267e-06
-4.37697e-06
-4.31208e-06
-4.25044e-06
-4.19699e-06
-4.1613e-06
-4.16048e-06
-4.22231e-06
-4.38855e-06
-4.71285e-06
-5.2492e-06
-5.96634e-06
-6.69474e-06
-7.30211e-06
-7.72438e-06
-7.93456e-06
-7.93116e-06
-7.72413e-06
-7.3265e-06
-6.75042e-06
-6.00675e-06
-5.10681e-06
-4.06514e-06
-2.90251e-06
-1.64878e-06
-3.45155e-07
9.54319e-07
2.1841e-06
3.27209e-06
4.14125e-06
4.76209e-06
5.14545e-06
5.27086e-06
5.16592e-06
-4.81345e-06
-4.88015e-06
-4.91109e-06
-4.91558e-06
-4.89902e-06
-4.86326e-06
-4.81214e-06
-4.75031e-06
-4.68159e-06
-4.60935e-06
-4.53575e-06
-4.46195e-06
-4.38875e-06
-4.31712e-06
-4.24921e-06
-4.18973e-06
-4.14806e-06
-4.14137e-06
-4.19767e-06
-4.35938e-06
-4.68088e-06
-5.21691e-06
-5.93522e-06
-6.66228e-06
-7.26321e-06
-7.67275e-06
-7.8631e-06
-7.83202e-06
-7.58845e-06
-7.14431e-06
-6.51069e-06
-5.69767e-06
-4.71632e-06
-3.58158e-06
-2.31547e-06
-9.49863e-07
4.71206e-07
1.89007e-06
3.23686e-06
4.43467e-06
5.39958e-06
6.09073e-06
6.53646e-06
6.71057e-06
6.65395e-06
-4.93458e-06
-5.00655e-06
-5.0356e-06
-5.0325e-06
-5.00435e-06
-4.95439e-06
-4.88816e-06
-4.81162e-06
-4.72935e-06
-4.64523e-06
-4.56146e-06
-4.4791e-06
-4.39867e-06
-4.32079e-06
-4.24724e-06
-4.18244e-06
-4.13556e-06
-4.12375e-06
-4.1752e-06
-4.33287e-06
-4.65181e-06
-5.18738e-06
-5.90627e-06
-6.6313e-06
-7.22513e-06
-7.62136e-06
-7.79135e-06
-7.73199e-06
-7.45117e-06
-6.95962e-06
-6.26731e-06
-5.38353e-06
-4.31903e-06
-3.08905e-06
-1.71657e-06
-2.35156e-07
1.30867e-06
2.85394e-06
4.32615e-06
5.64272e-06
6.7172e-06
7.49202e-06
8.00163e-06
8.23219e-06
8.23032e-06
-5.0737e-06
-5.15073e-06
-5.17574e-06
-5.16162e-06
-5.11805e-06
-5.05028e-06
-4.96604e-06
-4.87252e-06
-4.77535e-06
-4.67859e-06
-4.58442e-06
-4.49364e-06
-4.40638e-06
-4.32282e-06
-4.24432e-06
-4.17496e-06
-4.12365e-06
-4.1075e-06
-4.15478e-06
-4.30895e-06
-4.6256e-06
-5.16059e-06
-5.87957e-06
-6.60192e-06
-7.18807e-06
-7.5705e-06
-7.7197e-06
-7.63167e-06
-7.31317e-06
-6.77373e-06
-6.02224e-06
-5.06722e-06
-3.91906e-06
-2.59321e-06
-1.11336e-06
4.8566e-07
2.15543e-06
3.83219e-06
5.43703e-06
6.88088e-06
8.07557e-06
8.95381e-06
9.53136e-06
9.82757e-06
9.88787e-06
-5.23447e-06
-5.31583e-06
-5.33352e-06
-5.30379e-06
-5.23995e-06
-5.15023e-06
-5.04469e-06
-4.93201e-06
-4.81868e-06
-4.70873e-06
-4.60411e-06
-4.50521e-06
-4.41161e-06
-4.32301e-06
-4.24029e-06
-4.16715e-06
-4.1122e-06
-4.09247e-06
-4.13629e-06
-4.28749e-06
-4.60212e-06
-5.13648e-06
-5.85508e-06
-6.57418e-06
-7.15214e-06
-7.52036e-06
-7.64847e-06
-7.53155e-06
-7.17522e-06
-6.58786e-06
-5.77734e-06
-4.75148e-06
-3.52039e-06
-2.09963e-06
-5.13361e-07
1.20279e-06
2.99924e-06
4.81032e-06
6.55366e-06
8.13428e-06
9.4581e-06
1.04538e-05
1.11125e-05
1.14844e-05
1.16182e-05
-5.42162e-06
-5.50563e-06
-5.51116e-06
-5.45962e-06
-5.36962e-06
-5.25319e-06
-5.12288e-06
-4.98901e-06
-4.85849e-06
-4.73504e-06
-4.62015e-06
-4.51355e-06
-4.41422e-06
-4.32126e-06
-4.23505e-06
-4.1589e-06
-4.10108e-06
-4.07852e-06
-4.11954e-06
-4.2683e-06
-4.58121e-06
-5.11488e-06
-5.83269e-06
-6.54805e-06
-7.11737e-06
-7.47106e-06
-7.57791e-06
-7.43204e-06
-7.03801e-06
-6.40311e-06
-5.53432e-06
-4.43889e-06
-3.12676e-06
-1.61361e-06
7.61494e-08
1.90658e-06
3.82774e-06
5.77319e-06
7.6584e-06
9.38359e-06
1.08473e-05
1.19711e-05
1.2729e-05
1.31882e-05
1.3411e-05
-5.64144e-06
-5.72473e-06
-5.71093e-06
-5.62941e-06
-5.50618e-06
-5.35769e-06
-5.19932e-06
-5.0425e-06
-4.89404e-06
-4.75709e-06
-4.63228e-06
-4.51857e-06
-4.41417e-06
-4.31756e-06
-4.22859e-06
-4.15016e-06
-4.09022e-06
-4.06552e-06
-4.10439e-06
-4.25121e-06
-4.56267e-06
-5.09562e-06
-5.81229e-06
-6.52345e-06
-7.08377e-06
-7.4227e-06
-7.50822e-06
-7.33355e-06
-6.90221e-06
-6.22053e-06
-5.29478e-06
-4.13185e-06
-2.74165e-06
-1.14006e-06
6.48369e-07
2.58782e-06
4.62881e-06
6.7054e-06
8.73257e-06
1.06073e-05
1.22204e-05
1.34845e-05
1.43631e-05
1.49242e-05
1.52568e-05
-5.90247e-06
-5.97857e-06
-5.93498e-06
-5.81293e-06
-5.6481e-06
-5.46208e-06
-5.27258e-06
-5.09145e-06
-4.92476e-06
-4.77459e-06
-4.64046e-06
-4.52031e-06
-4.41156e-06
-4.31202e-06
-4.22099e-06
-4.14096e-06
-4.07955e-06
-4.05337e-06
-4.09066e-06
-4.23601e-06
-4.54629e-06
-5.07851e-06
-5.79373e-06
-6.50029e-06
-7.05131e-06
-7.37536e-06
-7.4396e-06
-7.23642e-06
-6.7684e-06
-6.04107e-06
-5.06018e-06
-3.83249e-06
-2.36815e-06
-6.83362e-07
1.19716e-06
3.23804e-06
5.39096e-06
7.59182e-06
9.75703e-06
1.17826e-05
1.35531e-05
1.49708e-05
1.59893e-05
1.66744e-05
1.71466e-05
-6.21654e-06
-6.27342e-06
-6.18492e-06
-6.00891e-06
-5.79346e-06
-5.56442e-06
-5.34124e-06
-5.13501e-06
-4.95027e-06
-4.7875e-06
-4.64479e-06
-4.51898e-06
-4.40661e-06
-4.30481e-06
-4.21236e-06
-4.13135e-06
-4.06907e-06
-4.04199e-06
-4.07822e-06
-4.22253e-06
-4.53188e-06
-5.06334e-06
-5.77683e-06
-6.47849e-06
-7.01999e-06
-7.3291e-06
-7.37224e-06
-7.14099e-06
-6.63715e-06
-5.86559e-06
-4.83179e-06
-3.54268e-06
-2.00892e-06
-2.47284e-07
1.71723e-06
3.84979e-06
6.10379e-06
8.4181e-06
1.07127e-05
1.28855e-05
1.48179e-05
1.6403e-05
1.75792e-05
1.8416e-05
1.90715e-05
-6.60049e-06
-6.61616e-06
-6.46075e-06
-6.21599e-06
-5.93937e-06
-5.66253e-06
-5.40397e-06
-5.17258e-06
-4.97046e-06
-4.79597e-06
-4.64558e-06
-4.51491e-06
-4.39962e-06
-4.2962e-06
-4.20289e-06
-4.12144e-06
-4.05882e-06
-4.03131e-06
-4.06696e-06
-4.21058e-06
-4.51922e-06
-5.04993e-06
-5.76145e-06
-6.45794e-06
-6.98977e-06
-7.28398e-06
-7.30628e-06
-7.04757e-06
-6.50893e-06
-5.69483e-06
-4.61071e-06
-3.26398e-06
-1.66612e-06
1.65145e-07
2.20431e-06
4.41694e-06
6.75839e-06
9.17135e-06
1.15812e-05
1.38913e-05
1.59838e-05
1.77463e-05
1.90998e-05
2.01209e-05
2.10245e-05
-7.07844e-06
-7.01401e-06
-6.76115e-06
-6.42985e-06
-6.08243e-06
-5.75417e-06
-5.45966e-06
-5.20385e-06
-4.98548e-06
-4.80038e-06
-4.64327e-06
-4.50854e-06
-4.39098e-06
-4.28648e-06
-4.19281e-06
-4.11136e-06
-4.04882e-06
-4.02132e-06
-4.05676e-06
-4.20002e-06
-4.50813e-06
-5.03808e-06
-5.74744e-06
-6.43855e-06
-6.96064e-06
-7.24004e-06
-7.24188e-06
-6.95641e-06
-6.38418e-06
-5.52942e-06
-4.39783e-06
-2.99761e-06
-1.34144e-06
5.51652e-07
2.65521e-06
4.93488e-06
7.34776e-06
9.84073e-06
1.2346e-05
1.47754e-05
1.7017e-05
1.89598e-05
2.0508e-05
2.17518e-05
2.30013e-05
-7.68419e-06
-7.46763e-06
-7.08452e-06
-6.64513e-06
-6.2186e-06
-5.83721e-06
-5.50757e-06
-5.22886e-06
-4.99574e-06
-4.80129e-06
-4.63842e-06
-4.50036e-06
-4.38111e-06
-4.27599e-06
-4.18235e-06
-4.10126e-06
-4.03915e-06
-4.01199e-06
-4.04754e-06
-4.1907e-06
-4.49846e-06
-5.02763e-06
-5.73466e-06
-6.42023e-06
-6.93256e-06
-7.19736e-06
-7.17919e-06
-6.86778e-06
-6.26329e-06
-5.36993e-06
-4.19391e-06
-2.74455e-06
-1.03612e-06
9.10614e-07
3.06775e-06
5.40042e-06
7.86691e-06
1.04179e-05
1.29929e-05
1.55146e-05
1.78823e-05
1.99952e-05
2.17462e-05
2.32522e-05
2.49942e-05
-8.46445e-06
-7.97333e-06
-7.41809e-06
-6.85436e-06
-6.34342e-06
-5.90973e-06
-5.54728e-06
-5.24795e-06
-5.00188e-06
-4.79938e-06
-4.63166e-06
-4.49092e-06
-4.37045e-06
-4.26506e-06
-4.17174e-06
-4.09128e-06
-4.02988e-06
-4.00332e-06
-4.03925e-06
-4.18252e-06
-4.49004e-06
-5.01842e-06
-5.72298e-06
-6.40289e-06
-6.90549e-06
-7.15592e-06
-7.11828e-06
-6.78186e-06
-6.14658e-06
-5.21682e-06
-3.99958e-06
-2.50561e-06
-7.51152e-07
1.24083e-06
3.44043e-06
5.81147e-06
8.31247e-06
1.08968e-05
1.35104e-05
1.60876e-05
1.8543e-05
2.07966e-05
2.27376e-05
2.45324e-05
2.69756e-05
-9.4605e-06
-8.52253e-06
-7.74599e-06
-7.04789e-06
-6.45226e-06
-5.97022e-06
-5.57887e-06
-5.26179e-06
-5.0047e-06
-4.7954e-06
-4.62366e-06
-4.48077e-06
-4.35942e-06
-4.25403e-06
-4.16124e-06
-4.08159e-06
-4.02107e-06
-3.9953e-06
-4.0318e-06
-4.17536e-06
-4.48275e-06
-5.01032e-06
-5.71227e-06
-6.38644e-06
-6.87936e-06
-7.11571e-06
-7.05916e-06
-6.69869e-06
-6.03411e-06
-5.0702e-06
-3.81499e-06
-2.28097e-06
-4.86701e-07
1.54217e-06
3.77309e-06
6.16773e-06
8.6835e-06
1.12746e-05
1.38913e-05
1.64775e-05
1.89641e-05
2.13009e-05
2.33835e-05
2.54634e-05
2.88969e-05
-1.07699e-05
-9.09719e-06
-8.0455e-06
-7.21543e-06
-6.54226e-06
-6.01898e-06
-5.60372e-06
-5.27191e-06
-5.00557e-06
-4.79047e-06
-4.61527e-06
-4.47055e-06
-4.34852e-06
-4.24324e-06
-4.15107e-06
-4.07234e-06
-4.01279e-06
-3.98794e-06
-4.02512e-06
-4.16907e-06
-4.47641e-06
-5.00319e-06
-5.70252e-06
-6.37098e-06
-6.85436e-06
-7.07691e-06
-7.00195e-06
-6.61821e-06
-5.92557e-06
-4.92937e-06
-3.63891e-06
-2.06871e-06
-2.40005e-07
1.81841e-06
4.07068e-06
6.47534e-06
8.98714e-06
1.15588e-05
1.41408e-05
1.66819e-05
1.91243e-05
2.14475e-05
2.3566e-05
2.58958e-05
3.07617e-05
-1.25016e-05
-9.66353e-06
-8.2838e-06
-7.34755e-06
-6.61495e-06
-6.05989e-06
-5.62564e-06
-5.28136e-06
-5.00669e-06
-4.7861e-06
-4.60746e-06
-4.46084e-06
-4.33806e-06
-4.23286e-06
-4.14134e-06
-4.06356e-06
-4.00508e-06
-3.98121e-06
-4.01914e-06
-4.16351e-06
-4.47082e-06
-4.99688e-06
-5.69381e-06
-6.35693e-06
-6.83125e-06
-7.04054e-06
-6.94777e-06
-6.5415e-06
-5.82176e-06
-4.79459e-06
-3.47074e-06
-1.86693e-06
-7.36242e-09
2.07566e-06
4.34238e-06
6.74725e-06
9.24085e-06
1.17716e-05
1.42861e-05
1.67286e-05
1.9039e-05
2.11996e-05
2.31338e-05
2.55384e-05
3.22732e-05
-1.39527e-05
-1.00143e-05
-8.40049e-06
-7.42482e-06
-6.6657e-06
-6.09127e-06
-5.6434e-06
-5.28901e-06
-5.00699e-06
-4.78132e-06
-4.5994e-06
-4.45094e-06
-4.32746e-06
-4.22241e-06
-4.13163e-06
-4.05498e-06
-3.99777e-06
-3.97512e-06
-4.01403e-06
-4.15894e-06
-4.46618e-06
-4.99127e-06
-5.68558e-06
-6.34351e-06
-6.80946e-06
-7.00675e-06
-6.89808e-06
-6.47189e-06
-5.72841e-06
-4.67447e-06
-3.32225e-06
-1.6907e-06
1.93013e-07
2.29304e-06
4.56556e-06
6.96044e-06
9.42306e-06
1.18956e-05
1.4316e-05
1.66155e-05
1.87096e-05
2.05198e-05
2.18837e-05
2.3516e-05
3.00186e-05
)
;

boundaryField
{
    inlet
    {
        type            uniformJump;
        patchType       cyclic;
        jump            uniform -2.5e-05;
        value           nonuniform List<scalar> 
40
(
7.95149e-07
8.09184e-07
8.24017e-07
8.39091e-07
8.55807e-07
8.75652e-07
9.00919e-07
9.35476e-07
9.85068e-07
1.05701e-06
1.15925e-06
1.29936e-06
1.48436e-06
1.72092e-06
2.0152e-06
2.37196e-06
2.79257e-06
3.27294e-06
3.80211e-06
4.36057e-06
4.89306e-06
5.327e-06
5.65029e-06
5.88469e-06
6.05251e-06
6.17107e-06
6.25367e-06
6.3104e-06
6.3488e-06
6.37442e-06
6.39133e-06
6.40245e-06
6.40981e-06
6.4148e-06
6.41833e-06
6.42095e-06
6.42301e-06
6.42471e-06
6.42626e-06
6.42771e-06
)
;
        jumpTable       table;
        jumpTableCoeffs
        {
            values          
4
(
(0 -2.5e-05)
(25 -2.5e-05)
(25.5 -0.0001)
(26 -2.5e-05)
)
;
        }
    }
    outlet
    {
        type            uniformJump;
        patchType       cyclic;
        value           nonuniform List<scalar> 
40
(
-2.42049e-05
-2.41908e-05
-2.4176e-05
-2.41609e-05
-2.41442e-05
-2.41243e-05
-2.40991e-05
-2.40645e-05
-2.40149e-05
-2.3943e-05
-2.38408e-05
-2.37006e-05
-2.35156e-05
-2.32791e-05
-2.29848e-05
-2.2628e-05
-2.22074e-05
-2.17271e-05
-2.11979e-05
-2.06394e-05
-2.01069e-05
-1.9673e-05
-1.93497e-05
-1.91153e-05
-1.89475e-05
-1.88289e-05
-1.87463e-05
-1.86896e-05
-1.86512e-05
-1.86256e-05
-1.86087e-05
-1.85976e-05
-1.85902e-05
-1.85852e-05
-1.85817e-05
-1.85791e-05
-1.8577e-05
-1.85753e-05
-1.85737e-05
-1.85723e-05
)
;
    }
    Walls
    {
        type            zeroGradient;
    }
    back
    {
        type            empty;
    }
    front
    {
        type            empty;
    }
}


// ************************************************************************* //
