/*--------------------------------*- C++ -*----------------------------------*\
| =========                 |                                                 |
| \\      /  F ield         | OpenFOAM: The Open Source CFD Toolbox           |
|  \\    /   O peration     | Version:  2312                                  |
|   \\  /    A nd           | Website:  www.openfoam.com                      |
|    \\/     M anipulation  |                                                 |
\*---------------------------------------------------------------------------*/
FoamFile
{
    version     2.0;
    format      ascii;
    arch        "LSB;label=32;scalar=64";
    class       volScalarField;
    location    "161";
    object      p;
}
// * * * * * * * * * * * * * * * * * * * * * * * * * * * * * * * * * * * * * //

dimensions      [0 2 -2 0 0 0 0];

internalField   nonuniform List<scalar> 
4800
(
1.83348e-11
-1.15506e-06
-2.06701e-06
-2.80886e-06
-3.42277e-06
-3.94708e-06
-4.40365e-06
-4.80204e-06
-5.1554e-06
-5.47417e-06
-5.76379e-06
-6.02504e-06
-6.25138e-06
-6.67848e-06
-8.23526e-06
1.45994e-08
-1.13986e-06
-2.05179e-06
-2.7941e-06
-3.40921e-06
-3.93535e-06
-4.3946e-06
-4.79664e-06
-5.15529e-06
-5.48295e-06
-5.78974e-06
-6.08945e-06
-6.3948e-06
-6.81163e-06
-7.57589e-06
2.96354e-08
-1.12403e-06
-2.03592e-06
-2.77892e-06
-3.39509e-06
-3.92202e-06
-4.38338e-06
-4.78847e-06
-5.15128e-06
-5.48521e-06
-5.80152e-06
-6.11457e-06
-6.43111e-06
-6.75795e-06
-7.06987e-06
4.44484e-08
-1.10791e-06
-2.01934e-06
-2.76255e-06
-3.37997e-06
-3.90621e-06
-4.3689e-06
-4.77579e-06
-5.14002e-06
-5.4747e-06
-5.78847e-06
-6.08728e-06
-6.36211e-06
-6.58143e-06
-6.67592e-06
6.03653e-08
-1.09008e-06
-2.00051e-06
-2.74326e-06
-3.36165e-06
-3.88635e-06
-4.34848e-06
-4.75531e-06
-5.11726e-06
-5.4457e-06
-5.74467e-06
-6.0108e-06
-6.2246e-06
-6.34786e-06
-6.32677e-06
7.87885e-08
-1.06911e-06
-1.97791e-06
-2.71945e-06
-3.33739e-06
-3.86082e-06
-4.31932e-06
-4.72275e-06
-5.07753e-06
-5.39179e-06
-5.66489e-06
-5.88741e-06
-6.03811e-06
-6.08778e-06
-6.00905e-06
1.02034e-07
-1.04279e-06
-1.94921e-06
-2.68859e-06
-3.30421e-06
-3.82543e-06
-4.27777e-06
-4.67291e-06
-5.01459e-06
-5.30693e-06
-5.54616e-06
-5.72145e-06
-5.81647e-06
-5.81604e-06
-5.71315e-06
1.34293e-07
-1.00714e-06
-1.91045e-06
-2.64648e-06
-3.25811e-06
-3.77421e-06
-4.21779e-06
-4.59946e-06
-4.92198e-06
-5.1864e-06
-5.38823e-06
-5.51923e-06
-5.5708e-06
-5.53985e-06
-5.43061e-06
1.82266e-07
-9.55846e-07
-1.85537e-06
-2.5867e-06
-3.1924e-06
-3.7003e-06
-4.13129e-06
-4.4949e-06
-4.79342e-06
-5.02688e-06
-5.19239e-06
-5.28645e-06
-5.30777e-06
-5.26103e-06
-5.15509e-06
2.55339e-07
-8.79866e-07
-1.77504e-06
-2.50025e-06
-3.0978e-06
-3.59448e-06
-4.00921e-06
-4.35118e-06
-4.62315e-06
-4.82601e-06
-4.95997e-06
-5.02642e-06
-5.02938e-06
-4.97744e-06
-4.88041e-06
3.65126e-07
-7.67602e-07
-1.65785e-06
-2.37553e-06
-2.96271e-06
-3.4455e-06
-3.84147e-06
-4.16012e-06
-4.40577e-06
-4.58154e-06
-4.691e-06
-4.73938e-06
-4.73378e-06
-4.68405e-06
-4.59935e-06
5.2489e-07
-6.05394e-07
-1.48995e-06
-2.19871e-06
-2.7737e-06
-3.24082e-06
-3.61731e-06
-3.91351e-06
-4.13592e-06
-4.29041e-06
-4.38336e-06
-4.42242e-06
-4.41597e-06
-4.3737e-06
-4.30353e-06
7.49892e-07
-3.77346e-07
-1.25526e-06
-1.95385e-06
-2.51562e-06
-2.9669e-06
-3.32553e-06
-3.6028e-06
-3.80744e-06
-3.94782e-06
-4.03229e-06
-4.06966e-06
-4.06843e-06
-4.03745e-06
-3.98339e-06
1.05854e-06
-6.42505e-08
-9.34597e-07
-1.62225e-06
-2.17101e-06
-2.60843e-06
-2.95327e-06
-3.21754e-06
-3.41167e-06
-3.54583e-06
-3.62953e-06
-3.67187e-06
-3.6809e-06
-3.6644e-06
-3.62798e-06
1.47272e-06
3.56963e-07
-5.04977e-07
-1.18183e-06
-1.71899e-06
-2.14686e-06
-2.48424e-06
-2.74339e-06
-2.93547e-06
-3.07165e-06
-3.16201e-06
-3.21547e-06
-3.23944e-06
-3.24067e-06
-3.22392e-06
2.01618e-06
9.11886e-07
5.92147e-08
-6.08091e-07
-1.13745e-06
-1.56153e-06
-1.89923e-06
-2.16202e-06
-2.36102e-06
-2.50766e-06
-2.61208e-06
-2.68278e-06
-2.72654e-06
-2.74926e-06
-2.75515e-06
2.71058e-06
1.62537e-06
7.83057e-07
1.22295e-07
-4.04702e-07
-8.32471e-07
-1.17877e-06
-1.45398e-06
-1.66894e-06
-1.83476e-06
-1.96107e-06
-2.05571e-06
-2.12483e-06
-2.17369e-06
-2.20621e-06
3.56934e-06
2.51538e-06
1.68659e-06
1.02718e-06
4.94936e-07
5.54854e-08
-3.07304e-07
-6.03184e-07
-8.42924e-07
-1.03702e-06
-1.19406e-06
-1.32085e-06
-1.42275e-06
-1.50445e-06
-1.56964e-06
4.59047e-06
3.58265e-06
2.77637e-06
2.11391e-06
1.57082e-06
1.11147e-06
7.25856e-07
4.02538e-07
1.30264e-07
-1.00471e-07
-2.96882e-07
-4.64449e-07
-6.07719e-07
-7.30863e-07
-8.37387e-07
5.74739e-06
4.79963e-06
4.02289e-06
3.37606e-06
2.81447e-06
2.33161e-06
1.91774e-06
1.56129e-06
1.25086e-06
9.77723e-07
7.36061e-07
5.21538e-07
3.30259e-07
1.58477e-07
2.75265e-09
6.92378e-06
6.04097e-06
5.28824e-06
4.63803e-06
4.06773e-06
3.56513e-06
3.12158e-06
2.72662e-06
2.37093e-06
2.04826e-06
1.75445e-06
1.48594e-06
1.23926e-06
1.01114e-06
7.98665e-07
7.9319e-06
7.11438e-06
6.3924e-06
5.74253e-06
5.15558e-06
4.63323e-06
4.16329e-06
3.73351e-06
3.33691e-06
2.96975e-06
2.62895e-06
2.31131e-06
2.01371e-06
1.73344e-06
1.46812e-06
8.68571e-06
7.91353e-06
7.21237e-06
6.57282e-06
5.9891e-06
5.45621e-06
4.96503e-06
4.50766e-06
4.07935e-06
3.67712e-06
3.29818e-06
2.93977e-06
2.59931e-06
2.27466e-06
1.96396e-06
9.22888e-06
8.4963e-06
7.82137e-06
7.19727e-06
6.61796e-06
6.07732e-06
5.57028e-06
5.09241e-06
4.64003e-06
4.21023e-06
3.80053e-06
3.40875e-06
3.03294e-06
2.67151e-06
2.32298e-06
9.61197e-06
8.91606e-06
8.2643e-06
7.65339e-06
7.0774e-06
6.53233e-06
6.01522e-06
5.52293e-06
5.05237e-06
4.60107e-06
4.16705e-06
3.7487e-06
3.34457e-06
2.95347e-06
2.57426e-06
9.8734e-06
9.21033e-06
8.57694e-06
7.9772e-06
7.40569e-06
6.85967e-06
6.33677e-06
5.83444e-06
5.35034e-06
4.88263e-06
4.42984e-06
3.99079e-06
3.56441e-06
3.14983e-06
2.74622e-06
1.00441e-05
9.40146e-06
8.79165e-06
8.20374e-06
7.638e-06
7.09303e-06
6.56684e-06
6.05753e-06
5.5635e-06
5.08343e-06
4.61629e-06
4.16121e-06
3.71744e-06
3.28441e-06
2.86155e-06
1.01539e-05
9.53497e-06
8.93897e-06
8.36143e-06
7.8017e-06
7.25861e-06
6.73068e-06
6.21662e-06
5.71535e-06
5.226e-06
4.74783e-06
4.2803e-06
3.82292e-06
3.37539e-06
2.93736e-06
1.02221e-05
9.62241e-06
9.03939e-06
8.47126e-06
7.91724e-06
7.37641e-06
6.84776e-06
6.33047e-06
5.82387e-06
5.32742e-06
4.84068e-06
4.36336e-06
3.89522e-06
3.43618e-06
2.98609e-06
1.0263e-05
9.67957e-06
9.1083e-06
8.54853e-06
7.99974e-06
7.46125e-06
6.93245e-06
6.4129e-06
5.90224e-06
5.40022e-06
4.90665e-06
4.42147e-06
3.94466e-06
3.47631e-06
3.01647e-06
1.02869e-05
9.71736e-06
9.15643e-06
8.60406e-06
8.05993e-06
7.52365e-06
6.99496e-06
6.47372e-06
5.95982e-06
5.45327e-06
4.95411e-06
4.46246e-06
3.97848e-06
3.50245e-06
3.03455e-06
1.03005e-05
9.74305e-06
9.19115e-06
8.64523e-06
8.10517e-06
7.57086e-06
7.04235e-06
6.51973e-06
6.00314e-06
5.49278e-06
4.98889e-06
4.49176e-06
4.00173e-06
3.51919e-06
3.04448e-06
1.03085e-05
9.76137e-06
9.21731e-06
8.67697e-06
8.1404e-06
7.6078e-06
7.07943e-06
6.55561e-06
6.03667e-06
5.523e-06
5.015e-06
4.51312e-06
4.01784e-06
3.52969e-06
3.0491e-06
1.03135e-05
9.77532e-06
9.23803e-06
8.70249e-06
8.1689e-06
7.63772e-06
7.10941e-06
6.58448e-06
6.06342e-06
5.5468e-06
5.03515e-06
4.52909e-06
4.02918e-06
3.53608e-06
3.05034e-06
1.03171e-05
9.78669e-06
9.25524e-06
8.72383e-06
8.19276e-06
7.66274e-06
7.1344e-06
6.60839e-06
6.0854e-06
5.5661e-06
5.05118e-06
4.54136e-06
4.03732e-06
3.53982e-06
3.0495e-06
1.03201e-05
9.7965e-06
9.27011e-06
8.74223e-06
8.21328e-06
7.68419e-06
7.15572e-06
6.62869e-06
6.10389e-06
5.58214e-06
5.06425e-06
4.55104e-06
4.0433e-06
3.54186e-06
3.04744e-06
1.03231e-05
9.80526e-06
9.28329e-06
8.75839e-06
8.23122e-06
7.70285e-06
7.17419e-06
6.64616e-06
6.11969e-06
5.59572e-06
5.07514e-06
4.55887e-06
4.04779e-06
3.54282e-06
3.04473e-06
1.0326e-05
9.81332e-06
9.29521e-06
8.77284e-06
8.24717e-06
7.71937e-06
7.19046e-06
6.66149e-06
6.13349e-06
5.60747e-06
5.08444e-06
4.56539e-06
4.05128e-06
3.54308e-06
3.04166e-06
1.03293e-05
9.82132e-06
9.30669e-06
8.78663e-06
8.26229e-06
7.73494e-06
7.20573e-06
6.67584e-06
6.14634e-06
5.61834e-06
5.09294e-06
4.57121e-06
4.05417e-06
3.54286e-06
3.03825e-06
1.03328e-05
9.82949e-06
9.31817e-06
8.8003e-06
8.2772e-06
7.75024e-06
7.22064e-06
6.68961e-06
6.15848e-06
5.62844e-06
5.10067e-06
4.57634e-06
4.05655e-06
3.54241e-06
3.03483e-06
-9.41027e-06
-7.09319e-06
-5.68464e-06
-4.74096e-06
-3.99521e-06
-3.43393e-06
-3.01141e-06
-2.69672e-06
-2.46845e-06
-2.30875e-06
-2.2021e-06
-2.13419e-06
-2.09125e-06
-2.05993e-06
-2.02665e-06
-1.97865e-06
-1.90473e-06
-1.79939e-06
-1.6656e-06
-1.52299e-06
-1.40656e-06
-1.35503e-06
-1.37333e-06
-1.36587e-06
-1.22755e-06
-8.98066e-07
-3.49042e-07
4.26212e-07
1.42628e-06
2.64509e-06
4.07246e-06
5.69161e-06
7.48174e-06
9.41183e-06
1.14422e-05
1.35256e-05
1.56067e-05
1.76218e-05
1.9494e-05
2.11249e-05
2.23699e-05
2.3024e-05
2.26316e-05
2.07989e-05
1.58877e-05
-7.82874e-06
-6.58893e-06
-5.50582e-06
-4.65781e-06
-3.95584e-06
-3.4091e-06
-2.99192e-06
-2.67982e-06
-2.45351e-06
-2.29592e-06
-2.19168e-06
-2.12639e-06
-2.0862e-06
-2.05765e-06
-2.02711e-06
-1.98183e-06
-1.91061e-06
-1.80786e-06
-1.67615e-06
-1.53424e-06
-1.41553e-06
-1.3567e-06
-1.36254e-06
-1.34067e-06
-1.1894e-06
-8.49778e-07
-2.93999e-07
4.84674e-07
1.48443e-06
2.69864e-06
4.11574e-06
5.71682e-06
7.479e-06
9.36849e-06
1.1342e-05
1.33471e-05
1.53218e-05
1.71915e-05
1.88622e-05
2.02055e-05
2.10223e-05
2.09915e-05
1.94722e-05
1.5723e-05
8.53774e-06
-7.0019e-06
-6.20378e-06
-5.32341e-06
-4.56285e-06
-3.90912e-06
-3.38258e-06
-2.97359e-06
-2.66523e-06
-2.44115e-06
-2.28554e-06
-2.1834e-06
-2.12039e-06
-2.08259e-06
-2.05649e-06
-2.02842e-06
-1.98563e-06
-1.91699e-06
-1.81678e-06
-1.68717e-06
-1.54596e-06
-1.42475e-06
-1.35786e-06
-1.34991e-06
-1.31206e-06
-1.14653e-06
-7.9599e-07
-2.33389e-07
5.47963e-07
1.54567e-06
2.75239e-06
4.1548e-06
5.7313e-06
7.45641e-06
9.29288e-06
1.11929e-05
1.30982e-05
1.49383e-05
1.66272e-05
1.8054e-05
1.90664e-05
1.94352e-05
1.88135e-05
1.66402e-05
1.25326e-05
6.26278e-06
-6.48889e-06
-5.89409e-06
-5.17376e-06
-4.48168e-06
-3.87362e-06
-3.36795e-06
-2.96668e-06
-2.66082e-06
-2.43732e-06
-2.28197e-06
-2.18038e-06
-2.11832e-06
-2.08184e-06
-2.05735e-06
-2.03115e-06
-1.99044e-06
-1.92412e-06
-1.82632e-06
-1.69874e-06
-1.55809e-06
-1.434e-06
-1.35819e-06
-1.33498e-06
-1.27934e-06
-1.09782e-06
-7.34861e-07
-1.6444e-07
6.19998e-07
1.61517e-06
2.81267e-06
4.19715e-06
5.74345e-06
7.42291e-06
9.19413e-06
1.1004e-05
1.27876e-05
1.44661e-05
1.59429e-05
1.70949e-05
1.77601e-05
1.77161e-05
1.66744e-05
1.42769e-05
1.03525e-05
5.16815e-06
-6.10181e-06
-5.63033e-06
-5.03439e-06
-4.4236e-06
-3.85727e-06
-3.37188e-06
-2.97724e-06
-2.67186e-06
-2.44637e-06
-2.28861e-06
-2.18507e-06
-2.12177e-06
-2.08479e-06
-2.06049e-06
-2.0351e-06
-1.99574e-06
-1.9313e-06
-1.83573e-06
-1.71014e-06
-1.57003e-06
-1.44281e-06
-1.35726e-06
-1.31733e-06
-1.24219e-06
-1.04329e-06
-6.67014e-07
-8.86733e-08
6.98133e-07
1.68853e-06
2.8732e-06
4.23443e-06
5.74252e-06
7.36545e-06
9.05727e-06
1.07593e-05
1.24005e-05
1.38949e-05
1.5139e-05
1.60067e-05
1.63433e-05
1.59629e-05
1.46666e-05
1.22815e-05
8.80836e-06
4.58155e-06
-5.78661e-06
-5.40192e-06
-4.90279e-06
-4.37459e-06
-3.85784e-06
-3.39428e-06
-3.0075e-06
-2.70172e-06
-2.47201e-06
-2.30897e-06
-2.20047e-06
-2.13309e-06
-2.09313e-06
-2.06697e-06
-2.04078e-06
-2.0016e-06
-1.93829e-06
-1.84456e-06
-1.72084e-06
-1.5812e-06
-1.45059e-06
-1.35448e-06
-1.29641e-06
-1.20012e-06
-9.82712e-07
-5.92639e-07
-6.82302e-09
7.80688e-07
1.76232e-06
2.9295e-06
4.26041e-06
5.72015e-06
7.27366e-06
8.87037e-06
1.04465e-05
1.1926e-05
1.3219e-05
1.42211e-05
1.48129e-05
1.48622e-05
1.42345e-05
1.28199e-05
1.05755e-05
7.60421e-06
4.20613e-06
-5.50905e-06
-5.19206e-06
-4.77953e-06
-4.31984e-06
-3.86021e-06
-3.42856e-06
-3.0545e-06
-2.74987e-06
-2.51532e-06
-2.34509e-06
-2.22891e-06
-2.15441e-06
-2.10855e-06
-2.07797e-06
-2.04889e-06
-2.00829e-06
-1.94503e-06
-1.85248e-06
-1.73033e-06
-1.59101e-06
-1.45673e-06
-1.34922e-06
-1.27166e-06
-1.15265e-06
-9.15824e-07
-5.11869e-07
8.0509e-08
8.65218e-07
1.83306e-06
2.9786e-06
4.26952e-06
5.66884e-06
7.13854e-06
8.62363e-06
1.00565e-05
1.13582e-05
1.24394e-05
1.32015e-05
1.35408e-05
1.33566e-05
1.2567e-05
1.11328e-05
9.08587e-06
6.55997e-06
3.79277e-06
-5.24906e-06
-4.98634e-06
-4.64732e-06
-4.25775e-06
-3.85196e-06
-3.46139e-06
-3.10889e-06
-2.81015e-06
-2.57274e-06
-2.39553e-06
-2.27026e-06
-2.1862e-06
-2.13167e-06
-2.09401e-06
-2.05971e-06
-2.01581e-06
-1.95123e-06
-1.85902e-06
-1.73801e-06
-1.59877e-06
-1.46053e-06
-1.34086e-06
-1.24262e-06
-1.09957e-06
-8.42874e-07
-4.25219e-07
1.70642e-07
9.46294e-07
1.89984e-06
3.01547e-06
4.25345e-06
5.57895e-06
6.94951e-06
8.30664e-06
9.58089e-06
1.06939e-05
1.15611e-05
1.20964e-05
1.22174e-05
1.18572e-05
1.0978e-05
9.58763e-06
7.75143e-06
5.59785e-06
3.30516e-06
-4.99632e-06
-4.77794e-06
-4.49999e-06
-4.17556e-06
-3.82715e-06
-3.4798e-06
-3.15696e-06
-2.87106e-06
-2.63571e-06
-2.45471e-06
-2.32094e-06
-2.22622e-06
-2.16112e-06
-2.11418e-06
-2.07253e-06
-2.0235e-06
-1.95623e-06
-1.86347e-06
-1.74316e-06
-1.60382e-06
-1.46142e-06
-1.32897e-06
-1.20924e-06
-1.04118e-06
-7.65162e-07
-3.35042e-07
2.56146e-07
1.02412e-06
1.95922e-06
3.02942e-06
4.20084e-06
5.43843e-06
6.69426e-06
7.90832e-06
9.01211e-06
9.93203e-06
1.05916e-05
1.09224e-05
1.08651e-05
1.03828e-05
9.46982e-06
8.15923e-06
6.52526e-06
4.67752e-06
2.74646e-06
-4.74372e-06
-4.56245e-06
-4.33521e-06
-4.06827e-06
-3.7753e-06
-3.47494e-06
-3.1845e-06
-2.91878e-06
-2.69357e-06
-2.5141e-06
-2.37406e-06
-2.26922e-06
-2.19305e-06
-2.1357e-06
-2.0853e-06
-2.02979e-06
-1.95879e-06
-1.86486e-06
-1.74503e-06
-1.60561e-06
-1.45912e-06
-1.31363e-06
-1.17266e-06
-9.7855e-07
-6.84955e-07
-2.51188e-07
3.37946e-07
1.09786e-06
1.9965e-06
3.00642e-06
4.09886e-06
5.23342e-06
6.35939e-06
7.41786e-06
8.34424e-06
9.07061e-06
9.5391e-06
9.69404e-06
9.4992e-06
8.94101e-06
8.03346e-06
6.81994e-06
5.37034e-06
3.77273e-06
2.12186e-06
-4.48401e-06
-4.33472e-06
-4.15003e-06
-3.93274e-06
-3.69051e-06
-3.4369e-06
-3.18194e-06
-2.94193e-06
-2.73479e-06
-2.56165e-06
-2.41941e-06
-2.30713e-06
-2.22134e-06
-2.15402e-06
-2.0947e-06
-2.03234e-06
-1.95729e-06
-1.86213e-06
-1.74305e-06
-1.60408e-06
-1.45412e-06
-1.29581e-06
-1.13502e-06
-9.16226e-07
-6.0882e-07
-1.75291e-07
4.16523e-07
1.14797e-06
1.99389e-06
2.93308e-06
3.93242e-06
4.94852e-06
5.93113e-06
6.82519e-06
7.57519e-06
8.11747e-06
8.41293e-06
8.42277e-06
8.12792e-06
7.53035e-06
6.6539e-06
5.54276e-06
4.25704e-06
2.86518e-06
1.43619e-06
-4.20895e-06
-4.08804e-06
-3.93981e-06
-3.76513e-06
-3.56813e-06
-3.3569e-06
-3.14115e-06
-2.93452e-06
-2.74789e-06
-2.58441e-06
-2.44501e-06
-2.33044e-06
-2.23863e-06
-2.16359e-06
-2.09675e-06
-2.0285e-06
-1.95018e-06
-1.85466e-06
-1.73737e-06
-1.60016e-06
-1.44818e-06
-1.27906e-06
-1.09605e-06
-8.65813e-07
-5.45811e-07
-1.04698e-07
4.66379e-07
1.15384e-06
1.93787e-06
2.79328e-06
3.68426e-06
4.56787e-06
5.39681e-06
6.12132e-06
6.69196e-06
7.07289e-06
7.22087e-06
7.11631e-06
6.75381e-06
6.14416e-06
5.31415e-06
4.30384e-06
3.16226e-06
1.94164e-06
6.92494e-07
-3.90927e-06
-3.81438e-06
-3.69829e-06
-3.5611e-06
-3.40495e-06
-3.23504e-06
-3.05894e-06
-2.88524e-06
-2.72154e-06
-2.57295e-06
-2.44239e-06
-2.33118e-06
-2.23813e-06
-2.15917e-06
-2.08782e-06
-2.01618e-06
-1.93677e-06
-1.84295e-06
-1.72962e-06
-1.59655e-06
-1.44539e-06
-1.27002e-06
-1.06831e-06
-8.29283e-07
-5.01409e-07
-6.97774e-08
4.68626e-07
1.10223e-06
1.81112e-06
2.56749e-06
3.33606e-06
4.07673e-06
4.74741e-06
5.30682e-06
5.71721e-06
5.94713e-06
5.97179e-06
5.78093e-06
5.37698e-06
4.77451e-06
3.99907e-06
3.08448e-06
2.06941e-06
9.93232e-07
-1.06845e-07
-3.5745e-06
-3.50437e-06
-3.41774e-06
-3.3145e-06
-3.19565e-06
-3.06434e-06
-2.92548e-06
-2.78478e-06
-2.64802e-06
-2.52013e-06
-2.40445e-06
-2.30256e-06
-2.2141e-06
-2.13657e-06
-2.0655e-06
-1.99472e-06
-1.91801e-06
-1.82942e-06
-1.72358e-06
-1.59843e-06
-1.45269e-06
-1.27751e-06
-1.06677e-06
-8.20298e-07
-4.96019e-07
-8.74619e-08
4.05972e-07
9.72425e-07
1.59123e-06
2.23499e-06
2.87091e-06
3.4635e-06
3.978e-06
4.38214e-06
4.64669e-06
4.74869e-06
4.675e-06
4.4226e-06
3.99783e-06
3.41561e-06
2.69814e-06
1.87265e-06
9.68855e-07
1.62063e-08
-9.57797e-07
-3.19218e-06
-3.14681e-06
-3.08848e-06
-3.0171e-06
-2.93306e-06
-2.83813e-06
-2.7354e-06
-2.6288e-06
-2.52252e-06
-2.42048e-06
-2.32563e-06
-2.23966e-06
-2.16276e-06
-2.09356e-06
-2.02926e-06
-1.96549e-06
-1.89724e-06
-1.81922e-06
-1.72605e-06
-1.61433e-06
-1.48027e-06
-1.31322e-06
-1.10616e-06
-8.59415e-07
-5.52958e-07
-1.81061e-07
2.54065e-07
7.39733e-07
1.25582e-06
1.77743e-06
2.2759e-06
2.72283e-06
3.09131e-06
3.35524e-06
3.4925e-06
3.48992e-06
3.34182e-06
3.04916e-06
2.61941e-06
2.06597e-06
1.40701e-06
6.63645e-07
-1.41747e-07
-9.87325e-07
-1.85274e-06
-2.74754e-06
-2.72857e-06
-2.69923e-06
-2.65959e-06
-2.60981e-06
-2.55088e-06
-2.48477e-06
-2.41408e-06
-2.34171e-06
-2.27049e-06
-2.20278e-06
-2.14008e-06
-2.08299e-06
-2.03091e-06
-1.98178e-06
-1.93277e-06
-1.88059e-06
-1.82066e-06
-1.74738e-06
-1.65648e-06
-1.54269e-06
-1.39436e-06
-1.20334e-06
-9.73139e-07
-6.98263e-07
-3.76744e-07
-1.3435e-08
3.79853e-07
7.8497e-07
1.18057e-06
1.54556e-06
1.85858e-06
2.09584e-06
2.23648e-06
2.26837e-06
2.18527e-06
1.98509e-06
1.67015e-06
1.24758e-06
7.28569e-07
1.27278e-07
-5.4041e-07
-1.25798e-06
-2.00938e-06
-2.77957e-06
-2.22639e-06
-2.23708e-06
-2.2394e-06
-2.23356e-06
-2.21972e-06
-2.19853e-06
-2.17122e-06
-2.13947e-06
-2.10524e-06
-2.07044e-06
-2.03681e-06
-2.0057e-06
-1.97743e-06
-1.95216e-06
-1.92917e-06
-1.90569e-06
-1.87904e-06
-1.84604e-06
-1.80166e-06
-1.74117e-06
-1.65855e-06
-1.54199e-06
-1.38317e-06
-1.18788e-06
-9.59177e-07
-7.00511e-07
-4.19262e-07
-1.26525e-07
1.63065e-07
4.38191e-07
6.83449e-07
8.77587e-07
9.99414e-07
1.0384e-06
9.89504e-07
8.49372e-07
6.17017e-07
2.95003e-07
-1.10578e-07
-5.90942e-07
-1.1355e-06
-1.73266e-06
-2.37048e-06
-3.0373e-06
-3.72204e-06
-1.62306e-06
-1.66824e-06
-1.70649e-06
-1.73826e-06
-1.76392e-06
-1.78402e-06
-1.79932e-06
-1.81101e-06
-1.82015e-06
-1.82831e-06
-1.83648e-06
-1.84532e-06
-1.8569e-06
-1.87004e-06
-1.88242e-06
-1.89551e-06
-1.90728e-06
-1.91247e-06
-1.90768e-06
-1.88907e-06
-1.8502e-06
-1.78045e-06
-1.67162e-06
-1.53009e-06
-1.36337e-06
-1.17661e-06
-9.79287e-07
-7.87305e-07
-6.09519e-07
-4.43109e-07
-3.02361e-07
-2.1247e-07
-1.84564e-07
-2.21824e-07
-3.27054e-07
-5.03007e-07
-7.50293e-07
-1.06654e-06
-1.44693e-06
-1.88498e-06
-2.37314e-06
-2.90323e-06
-3.46681e-06
-4.05552e-06
-4.66131e-06
-9.32508e-07
-1.02014e-06
-1.10168e-06
-1.17787e-06
-1.24939e-06
-1.31685e-06
-1.3809e-06
-1.44232e-06
-1.5019e-06
-1.56062e-06
-1.61923e-06
-1.67839e-06
-1.73903e-06
-1.80001e-06
-1.86114e-06
-1.92406e-06
-1.98537e-06
-2.04008e-06
-2.08683e-06
-2.12251e-06
-2.14085e-06
-2.13348e-06
-2.09244e-06
-2.0221e-06
-1.93126e-06
-1.82512e-06
-1.71172e-06
-1.59746e-06
-1.52009e-06
-1.44442e-06
-1.39664e-06
-1.39143e-06
-1.43166e-06
-1.51943e-06
-1.6584e-06
-1.85135e-06
-2.09845e-06
-2.39763e-06
-2.74541e-06
-3.13743e-06
-3.56863e-06
-4.03344e-06
-4.52601e-06
-5.04049e-06
-5.5711e-06
-1.43073e-07
-2.83431e-07
-4.19151e-07
-5.50575e-07
-6.78389e-07
-8.03329e-07
-9.26042e-07
-1.04712e-06
-1.16714e-06
-1.28667e-06
-1.40629e-06
-1.52643e-06
-1.6475e-06
-1.76955e-06
-1.89229e-06
-2.01489e-06
-2.13519e-06
-2.25134e-06
-2.36174e-06
-2.46301e-06
-2.55008e-06
-2.6171e-06
-2.65693e-06
-2.67014e-06
-2.66195e-06
-2.64425e-06
-2.62866e-06
-2.61376e-06
-2.57072e-06
-2.55678e-06
-2.5783e-06
-2.6306e-06
-2.71249e-06
-2.82771e-06
-2.98074e-06
-3.17381e-06
-3.40676e-06
-3.6782e-06
-3.98609e-06
-4.32788e-06
-4.70044e-06
-5.10016e-06
-5.52318e-06
-5.96554e-06
-6.42321e-06
5.96e-07
3.98552e-07
2.05236e-07
1.54946e-08
-1.71474e-07
-3.56412e-07
-5.39902e-07
-7.22416e-07
-9.0437e-07
-1.08617e-06
-1.2682e-06
-1.45074e-06
-1.63397e-06
-1.81773e-06
-2.00145e-06
-2.18453e-06
-2.36624e-06
-2.545e-06
-2.71842e-06
-2.88373e-06
-3.03745e-06
-3.17626e-06
-3.29204e-06
-3.3794e-06
-3.4423e-06
-3.49029e-06
-3.52363e-06
-3.55876e-06
-3.59001e-06
-3.63744e-06
-3.7044e-06
-3.78845e-06
-3.89112e-06
-4.01681e-06
-4.16913e-06
-4.34973e-06
-4.55888e-06
-4.79622e-06
-5.06095e-06
-5.35178e-06
-5.66695e-06
-6.0043e-06
-6.36143e-06
-6.7358e-06
-7.12479e-06
1.21218e-06
9.60747e-07
7.12683e-07
4.6759e-07
2.24815e-07
-1.62499e-08
-2.56068e-07
-4.94979e-07
-7.33259e-07
-9.71146e-07
-1.20884e-06
-1.44645e-06
-1.68396e-06
-1.92119e-06
-2.15778e-06
-2.39324e-06
-2.62665e-06
-2.85636e-06
-3.0805e-06
-3.29694e-06
-3.50338e-06
-3.69772e-06
-3.86942e-06
-4.01108e-06
-4.1275e-06
-4.22434e-06
-4.30929e-06
-4.37567e-06
-4.44906e-06
-4.53065e-06
-4.61969e-06
-4.71805e-06
-4.82923e-06
-4.95645e-06
-5.10192e-06
-5.26706e-06
-5.45276e-06
-5.65939e-06
-5.88685e-06
-6.13464e-06
-6.40187e-06
-6.68742e-06
-6.98991e-06
-7.30786e-06
-7.63967e-06
1.66219e-06
1.36459e-06
1.06999e-06
7.78119e-07
4.88496e-07
2.00715e-07
-8.55166e-08
-3.70385e-07
-6.54023e-07
-9.3652e-07
-1.21793e-06
-1.49824e-06
-1.77735e-06
-2.05503e-06
-2.33084e-06
-2.60412e-06
-2.87391e-06
-3.13892e-06
-3.39771e-06
-3.64856e-06
-3.88966e-06
-4.11914e-06
-4.32604e-06
-4.50199e-06
-4.64967e-06
-4.77302e-06
-4.88271e-06
-4.98174e-06
-5.07871e-06
-5.17518e-06
-5.27342e-06
-5.37719e-06
-5.48965e-06
-5.61302e-06
-5.74912e-06
-5.89951e-06
-6.06537e-06
-6.24742e-06
-6.44598e-06
-6.66106e-06
-6.89238e-06
-7.13945e-06
-7.40156e-06
-7.67784e-06
-7.9673e-06
1.98291e-06
1.64686e-06
1.31379e-06
9.83545e-07
6.55846e-07
3.3048e-07
7.33134e-09
-3.13635e-07
-6.32414e-07
-9.4897e-07
-1.26323e-06
-1.57507e-06
-1.88428e-06
-2.19049e-06
-2.49322e-06
-2.79178e-06
-3.08533e-06
-3.37283e-06
-3.65304e-06
-3.92454e-06
-4.18581e-06
-4.43534e-06
-4.66241e-06
-4.85814e-06
-5.02496e-06
-5.16943e-06
-5.29503e-06
-5.41097e-06
-5.51967e-06
-5.62434e-06
-5.72866e-06
-5.8358e-06
-5.94817e-06
-6.06778e-06
-6.19649e-06
-6.3359e-06
-6.48728e-06
-6.65156e-06
-6.82934e-06
-7.021e-06
-7.22668e-06
-7.44631e-06
-7.67962e-06
-7.92621e-06
-8.18554e-06
2.2031e-06
1.83603e-06
1.47218e-06
1.11152e-06
7.5394e-07
3.99414e-07
4.79885e-08
-3.00232e-07
-6.45119e-07
-9.86521e-07
-1.32426e-06
-1.65809e-06
-1.98771e-06
-2.31269e-06
-2.63254e-06
-2.9466e-06
-3.25415e-06
-3.55425e-06
-3.84591e-06
-4.12793e-06
-4.39914e-06
-4.65831e-06
-4.89526e-06
-5.10144e-06
-5.27958e-06
-5.43549e-06
-5.57394e-06
-5.69947e-06
-5.81592e-06
-5.92707e-06
-6.0361e-06
-6.14556e-06
-6.25772e-06
-6.37464e-06
-6.49817e-06
-6.62992e-06
-6.7712e-06
-6.92309e-06
-7.08644e-06
-7.26187e-06
-7.4498e-06
-7.65046e-06
-7.86392e-06
-8.09008e-06
-8.32876e-06
2.35032e-06
1.95874e-06
1.57078e-06
1.18652e-06
8.06042e-07
4.29458e-07
5.69617e-08
-3.11225e-07
-6.74869e-07
-1.03372e-06
-1.38751e-06
-1.73592e-06
-2.07857e-06
-2.41503e-06
-2.74481e-06
-3.06729e-06
-3.38184e-06
-3.68766e-06
-3.98396e-06
-4.26978e-06
-4.54425e-06
-4.80636e-06
-5.04685e-06
-5.25815e-06
-5.44327e-06
-5.60605e-06
-5.75167e-06
-5.88379e-06
-6.00624e-06
-6.12232e-06
-6.23477e-06
-6.34605e-06
-6.45841e-06
-6.5739e-06
-6.69431e-06
-6.82124e-06
-6.95609e-06
-7.10003e-06
-7.25406e-06
-7.41898e-06
-7.5954e-06
-7.78379e-06
-7.98444e-06
-8.19751e-06
-8.42306e-06
2.44617e-06
2.03541e-06
1.62879e-06
1.22649e-06
8.28721e-07
4.35739e-07
4.78498e-08
-3.34631e-07
-7.1139e-07
-1.0821e-06
-1.44642e-06
-1.80399e-06
-2.1544e-06
-2.4972e-06
-2.83192e-06
-3.15802e-06
-3.47494e-06
-3.78202e-06
-4.07865e-06
-4.36409e-06
-4.63772e-06
-4.89877e-06
-5.13901e-06
-5.35185e-06
-5.53948e-06
-5.70727e-06
-5.85766e-06
-5.99454e-06
-6.12135e-06
-6.24104e-06
-6.35623e-06
-6.46933e-06
-6.58249e-06
-6.69768e-06
-6.81669e-06
-6.9411e-06
-7.07236e-06
-7.21172e-06
-7.36028e-06
-7.51896e-06
-7.68854e-06
-7.86963e-06
-8.06272e-06
-8.26814e-06
-8.48615e-06
2.50666e-06
2.08095e-06
1.65992e-06
1.24388e-06
8.33129e-07
4.28045e-07
2.9017e-08
-3.63567e-07
-7.49331e-07
-1.12789e-06
-1.49886e-06
-1.86184e-06
-2.21641e-06
-2.56214e-06
-2.89858e-06
-3.22525e-06
-3.54168e-06
-3.84733e-06
-4.14176e-06
-4.42439e-06
-4.69486e-06
-4.95256e-06
-5.19042e-06
-5.40284e-06
-5.59187e-06
-5.76169e-06
-5.91504e-06
-6.05516e-06
-6.18508e-06
-6.30759e-06
-6.42518e-06
-6.54012e-06
-6.65448e-06
-6.77017e-06
-6.88894e-06
-7.01242e-06
-7.14205e-06
-7.27915e-06
-7.4249e-06
-7.58032e-06
-7.74629e-06
-7.92357e-06
-8.11278e-06
-8.31439e-06
-8.5288e-06
2.54323e-06
2.10577e-06
1.67355e-06
1.24696e-06
8.26399e-07
4.12336e-07
5.22276e-09
-3.945e-07
-7.86404e-07
-1.17007e-06
-1.54507e-06
-1.91099e-06
-2.26742e-06
-2.61393e-06
-2.95011e-06
-3.27554e-06
-3.58983e-06
-3.89256e-06
-4.1834e-06
-4.46194e-06
-4.72802e-06
-4.9812e-06
-5.21545e-06
-5.42619e-06
-5.61516e-06
-5.7858e-06
-5.94085e-06
-6.08309e-06
-6.21528e-06
-6.34002e-06
-6.45965e-06
-6.5763e-06
-6.69199e-06
-6.80859e-06
-6.92782e-06
-7.05131e-06
-7.18054e-06
-7.31686e-06
-7.46152e-06
-7.61562e-06
-7.78014e-06
-7.95593e-06
-8.14371e-06
-8.34407e-06
-8.55752e-06
2.56382e-06
2.11697e-06
1.67589e-06
1.24106e-06
8.12963e-07
3.92127e-07
-2.09452e-08
-4.25771e-07
-8.21885e-07
-1.20883e-06
-1.58617e-06
-1.95348e-06
-2.31034e-06
-2.65635e-06
-2.99114e-06
-3.31434e-06
-3.62564e-06
-3.92469e-06
-4.2113e-06
-4.48518e-06
-4.74632e-06
-4.99442e-06
-5.22447e-06
-5.43274e-06
-5.6207e-06
-5.79132e-06
-5.94722e-06
-6.09082e-06
-6.22459e-06
-6.351e-06
-6.47226e-06
-6.5904e-06
-6.70737e-06
-6.825e-06
-6.945e-06
-7.069e-06
-7.19851e-06
-7.33492e-06
-7.47952e-06
-7.63349e-06
-7.79788e-06
-7.97362e-06
-8.16151e-06
-8.36224e-06
-8.57639e-06
2.57384e-06
2.1193e-06
1.67106e-06
1.22964e-06
7.95608e-07
3.69531e-07
-4.80475e-08
-4.5661e-07
-8.5566e-07
-1.24472e-06
-1.62334e-06
-1.99109e-06
-2.34756e-06
-2.69237e-06
-3.02519e-06
-3.34569e-06
-3.65363e-06
-3.94874e-06
-4.23091e-06
-4.49996e-06
-4.75604e-06
-4.99894e-06
-5.22455e-06
-5.42991e-06
-5.6163e-06
-5.78628e-06
-5.94243e-06
-6.08682e-06
-6.22161e-06
-6.3492e-06
-6.47169e-06
-6.59103e-06
-6.7091e-06
-6.8277e-06
-6.94854e-06
-7.07324e-06
-7.20334e-06
-7.34026e-06
-7.48536e-06
-7.63984e-06
-7.80483e-06
-7.98133e-06
-8.17021e-06
-8.37223e-06
-8.58802e-06
2.57698e-06
2.11602e-06
1.66183e-06
1.21499e-06
7.76145e-07
3.45883e-07
-7.52172e-08
-4.86609e-07
-8.87774e-07
-1.27822e-06
-1.65748e-06
-2.02513e-06
-2.38078e-06
-2.72406e-06
-3.05467e-06
-3.37233e-06
-3.67684e-06
-3.96802e-06
-4.24583e-06
-4.51016e-06
-4.76129e-06
-4.99908e-06
-5.22026e-06
-5.42255e-06
-5.60704e-06
-5.77595e-06
-5.9319e-06
-6.07668e-06
-6.21203e-06
-6.34039e-06
-6.46375e-06
-6.58397e-06
-6.7029e-06
-6.82231e-06
-6.94389e-06
-7.06929e-06
-7.20005e-06
-7.33764e-06
-7.48344e-06
-7.63872e-06
-7.80467e-06
-7.98232e-06
-8.17262e-06
-8.37637e-06
-8.59427e-06
2.57576e-06
2.1093e-06
1.65005e-06
1.19865e-06
7.55783e-07
3.22071e-07
-1.01882e-07
-5.15506e-07
-9.18261e-07
-1.30964e-06
-1.68919e-06
-2.05647e-06
-2.41109e-06
-2.75274e-06
-3.08111e-06
-3.39597e-06
-3.69718e-06
-3.9846e-06
-4.25827e-06
-4.51814e-06
-4.76457e-06
-4.99751e-06
-5.21441e-06
-5.41362e-06
-5.59609e-06
-5.76364e-06
-5.91902e-06
-6.06394e-06
-6.1995e-06
-6.32828e-06
-6.45217e-06
-6.57299e-06
-6.69253e-06
-6.81254e-06
-6.93471e-06
-7.06068e-06
-7.19204e-06
-7.33027e-06
-7.4768e-06
-7.63295e-06
-7.79993e-06
-7.97886e-06
-8.17071e-06
-8.37635e-06
-8.59651e-06
2.57189e-06
2.10063e-06
1.63699e-06
1.18166e-06
7.35344e-07
2.98701e-07
-1.27643e-07
-5.43099e-07
-9.47114e-07
-1.33917e-06
-1.71881e-06
-2.08559e-06
-2.43916e-06
-2.77919e-06
-3.10542e-06
-3.41764e-06
-3.71576e-06
-3.99969e-06
-4.26951e-06
-4.52524e-06
-4.76731e-06
-4.99572e-06
-5.20857e-06
-5.40481e-06
-5.58513e-06
-5.75126e-06
-5.90599e-06
-6.05076e-06
-6.18622e-06
-6.31514e-06
-6.43931e-06
-6.56046e-06
-6.68037e-06
-6.80076e-06
-6.92333e-06
-7.04972e-06
-7.18154e-06
-7.32031e-06
-7.46749e-06
-7.62443e-06
-7.79241e-06
-7.97256e-06
-8.16593e-06
-8.37341e-06
-8.59578e-06
2.56652e-06
2.09101e-06
1.6235e-06
1.16472e-06
7.15387e-07
2.76194e-07
-1.52214e-07
-5.69232e-07
-9.74293e-07
-1.36688e-06
-1.74651e-06
-2.11278e-06
-2.46532e-06
-2.80383e-06
-3.12807e-06
-3.43787e-06
-3.73316e-06
-4.01389e-06
-4.2802e-06
-4.53216e-06
-4.77023e-06
-4.99447e-06
-5.20353e-06
-5.39693e-06
-5.57503e-06
-5.73995e-06
-5.89396e-06
-6.0382e-06
-6.17344e-06
-6.30229e-06
-6.42651e-06
-6.54779e-06
-6.66787e-06
-6.78844e-06
-6.91122e-06
-7.03787e-06
-7.16999e-06
-7.30916e-06
-7.45684e-06
-7.61446e-06
-7.7833e-06
-7.96456e-06
-8.15932e-06
-8.3685e-06
-8.59293e-06
2.56041e-06
2.08112e-06
1.61017e-06
1.14831e-06
6.96312e-07
2.54866e-07
-1.7536e-07
-5.93743e-07
-9.99709e-07
-1.39273e-06
-1.77234e-06
-2.13811e-06
-2.48971e-06
-2.82682e-06
-3.14926e-06
-3.45686e-06
-3.74959e-06
-4.02744e-06
-4.29058e-06
-4.53913e-06
-4.77358e-06
-4.99403e-06
-5.19962e-06
-5.39034e-06
-5.56637e-06
-5.73009e-06
-5.8833e-06
-6.02684e-06
-6.16178e-06
-6.29041e-06
-6.41453e-06
-6.53578e-06
-6.65585e-06
-6.77645e-06
-6.89929e-06
-7.02603e-06
-7.15832e-06
-7.29773e-06
-7.44578e-06
-7.60392e-06
-7.77347e-06
-7.95568e-06
-8.15165e-06
-8.36235e-06
-8.58861e-06
2.55408e-06
2.07141e-06
1.59739e-06
1.1328e-06
6.78419e-07
2.34969e-07
-1.96871e-07
-6.16465e-07
-1.02323e-06
-1.41664e-06
-1.79621e-06
-2.16154e-06
-2.51228e-06
-2.84816e-06
-3.16899e-06
-3.47463e-06
-3.76507e-06
-4.04035e-06
-4.30066e-06
-4.54616e-06
-4.77737e-06
-4.99441e-06
-5.19684e-06
-5.3851e-06
-5.5593e-06
-5.72174e-06
-5.87411e-06
-6.01694e-06
-6.15151e-06
-6.27983e-06
-6.40373e-06
-6.52482e-06
-6.64477e-06
-6.76528e-06
-6.88804e-06
-7.01476e-06
-7.14707e-06
-7.2866e-06
-7.43488e-06
-7.59339e-06
-7.76351e-06
-7.9465e-06
-8.14349e-06
-8.3555e-06
-8.58339e-06
2.54774e-06
2.06201e-06
1.58522e-06
1.11817e-06
6.61651e-07
2.164e-07
-2.1689e-07
-6.37573e-07
-1.04506e-06
-1.43881e-06
-1.81836e-06
-2.18329e-06
-2.53328e-06
-2.86805e-06
-3.18744e-06
-3.49134e-06
-3.77974e-06
-4.05272e-06
-4.3105e-06
-4.55327e-06
-4.78157e-06
-4.99554e-06
-5.19508e-06
-5.38106e-06
-5.5536e-06
-5.71482e-06
-5.86632e-06
-6.00846e-06
-6.14257e-06
-6.27053e-06
-6.39413e-06
-6.51496e-06
-6.63469e-06
-6.755e-06
-6.8776e-06
-7.00417e-06
-7.13641e-06
-7.27594e-06
-7.42433e-06
-7.58309e-06
-7.75363e-06
-7.93724e-06
-8.13509e-06
-8.34822e-06
-8.57752e-06
2.54118e-06
2.05253e-06
1.57309e-06
1.10369e-06
6.45131e-07
1.9816e-07
-2.36514e-07
-6.58237e-07
-1.06641e-06
-1.4605e-06
-1.84003e-06
-2.2046e-06
-2.55388e-06
-2.88762e-06
-3.20566e-06
-3.50791e-06
-3.7944e-06
-4.06521e-06
-4.3206e-06
-4.56079e-06
-4.78635e-06
-4.9974e-06
-5.19417e-06
-5.37795e-06
-5.54886e-06
-5.70889e-06
-5.85948e-06
-6.00092e-06
-6.1345e-06
-6.26201e-06
-6.38523e-06
-6.50572e-06
-6.62514e-06
-6.74515e-06
-6.86748e-06
-6.99383e-06
-7.12588e-06
-7.26531e-06
-7.41371e-06
-7.57261e-06
-7.74346e-06
-7.92758e-06
-8.12618e-06
-8.34031e-06
-8.5709e-06
2.5348e-06
2.04335e-06
1.56136e-06
1.08967e-06
6.29095e-07
1.80422e-07
-2.55634e-07
-6.78405e-07
-1.08729e-06
-1.48174e-06
-1.86128e-06
-2.22552e-06
-2.57414e-06
-2.90689e-06
-3.22363e-06
-3.52429e-06
-3.80893e-06
-4.07766e-06
-4.33075e-06
-4.56846e-06
-4.79141e-06
-4.99968e-06
-5.19387e-06
-5.37561e-06
-5.54487e-06
-5.70361e-06
-5.85325e-06
-5.99395e-06
-6.12692e-06
-6.25405e-06
-6.37691e-06
-6.49706e-06
-6.61615e-06
-6.73586e-06
-6.85788e-06
-6.98396e-06
-7.11579e-06
-7.25507e-06
-7.40342e-06
-7.56241e-06
-7.7335e-06
-7.91805e-06
-8.1173e-06
-8.33234e-06
-8.56411e-06
-7.81075e-06
-1.27635e-05
-1.26325e-05
-1.25647e-05
-1.28721e-05
-1.34125e-05
-1.41256e-05
-1.49745e-05
-1.59383e-05
-1.70053e-05
-1.81671e-05
-1.94166e-05
-2.07462e-05
-2.21472e-05
-2.36083e-05
-3.97139e-06
-9.2188e-06
-1.08087e-05
-1.16565e-05
-1.23924e-05
-1.3139e-05
-1.39605e-05
-1.48719e-05
-1.58737e-05
-1.6964e-05
-1.81401e-05
-1.93978e-05
-2.07316e-05
-2.2134e-05
-2.35948e-05
-1.50012e-06
-6.71548e-06
-9.31618e-06
-1.07971e-05
-1.18938e-05
-1.28467e-05
-1.37845e-05
-1.47638e-05
-1.58066e-05
-1.69221e-05
-1.81133e-05
-1.93795e-05
-2.07174e-05
-2.21211e-05
-2.35812e-05
-2.83677e-07
-5.01982e-06
-8.05344e-06
-9.97089e-06
-1.1375e-05
-1.25326e-05
-1.35956e-05
-1.465e-05
-1.57381e-05
-1.68809e-05
-1.8088e-05
-1.9363e-05
-2.07049e-05
-2.21094e-05
-2.35683e-05
3.52446e-07
-3.66333e-06
-6.80756e-06
-9.06702e-06
-1.07717e-05
-1.21521e-05
-1.33635e-05
-1.4511e-05
-1.56562e-05
-1.68331e-05
-1.80601e-05
-1.93457e-05
-2.06923e-05
-2.20976e-05
-2.3555e-05
7.71205e-07
-2.61877e-06
-5.649e-06
-8.10726e-06
-1.0071e-05
-1.16793e-05
-1.30619e-05
-1.43259e-05
-1.5546e-05
-1.67691e-05
-1.80232e-05
-1.93235e-05
-2.06769e-05
-2.20839e-05
-2.35396e-05
9.81544e-07
-1.8889e-06
-4.68484e-06
-7.18217e-06
-9.31446e-06
-1.11199e-05
-1.26779e-05
-1.40766e-05
-1.5391e-05
-1.66757e-05
-1.79678e-05
-1.92899e-05
-2.06541e-05
-2.20648e-05
-2.35196e-05
9.74797e-07
-1.46441e-06
-3.97515e-06
-6.38368e-06
-8.5745e-06
-1.05129e-05
-1.22223e-05
-1.3757e-05
-1.51779e-05
-1.6539e-05
-1.78817e-05
-1.92349e-05
-2.06161e-05
-2.20342e-05
-2.349e-05
7.82983e-07
-1.30415e-06
-3.52771e-06
-5.77125e-06
-7.92411e-06
-9.91696e-06
-1.17296e-05
-1.33796e-05
-1.49051e-05
-1.63499e-05
-1.77534e-05
-1.91472e-05
-2.05529e-05
-2.19835e-05
-2.34435e-05
4.41887e-07
-1.35991e-06
-3.31984e-06
-5.36645e-06
-7.41408e-06
-9.3886e-06
-1.12455e-05
-1.29732e-05
-1.45852e-05
-1.6109e-05
-1.75766e-05
-1.90171e-05
-2.04537e-05
-2.19022e-05
-2.33699e-05
-2.0026e-08
-1.58947e-06
-3.31742e-06
-5.16296e-06
-7.0673e-06
-8.96742e-06
-1.08122e-05
-1.2572e-05
-1.42399e-05
-1.58265e-05
-1.73518e-05
-1.88391e-05
-2.03095e-05
-2.17792e-05
-2.32577e-05
-5.82774e-07
-1.96039e-06
-3.48695e-06
-5.14091e-06
-6.88534e-06
-8.67353e-06
-1.04591e-05
-1.22057e-05
-1.38931e-05
-1.55169e-05
-1.70849e-05
-1.86115e-05
-2.01132e-05
-2.16043e-05
-2.30947e-05
-1.23226e-06
-2.44872e-06
-3.80022e-06
-5.27707e-06
-6.85805e-06
-8.512e-06
-1.02027e-05
-1.18957e-05
-1.35646e-05
-1.51948e-05
-1.6783e-05
-1.83344e-05
-1.98589e-05
-2.13671e-05
-2.28672e-05
-1.95639e-06
-3.03504e-06
-4.23328e-06
-5.54836e-06
-6.96956e-06
-8.47813e-06
-1.0049e-05
-1.16543e-05
-1.32683e-05
-1.48712e-05
-1.64519e-05
-1.80071e-05
-1.95398e-05
-2.10553e-05
-2.25591e-05
-2.74186e-06
-3.70068e-06
-4.76349e-06
-5.93136e-06
-7.20011e-06
-8.55985e-06
-9.9952e-06
-1.14866e-05
-1.30127e-05
-1.45541e-05
-1.60956e-05
-1.7628e-05
-1.91479e-05
-2.06553e-05
-2.21519e-05
-3.57239e-06
-4.42526e-06
-5.36709e-06
-6.40076e-06
-7.52589e-06
-8.73834e-06
-1.00301e-05
-1.1389e-05
-1.28004e-05
-1.4248e-05
-1.5717e-05
-1.71956e-05
-1.86758e-05
-2.01534e-05
-2.16261e-05
-4.42817e-06
-5.18551e-06
-6.01769e-06
-6.92821e-06
-7.91858e-06
-8.9881e-06
-1.01336e-05
-1.1349e-05
-1.26256e-05
-1.39523e-05
-1.53172e-05
-1.67092e-05
-1.81188e-05
-1.95393e-05
-2.09652e-05
-5.28707e-06
-5.95596e-06
-6.68665e-06
-7.48259e-06
-8.34599e-06
-9.27795e-06
-1.02782e-05
-1.13448e-05
-1.24738e-05
-1.36592e-05
-1.48935e-05
-1.61684e-05
-1.74759e-05
-1.8809e-05
-2.0161e-05
-6.12015e-06
-6.70502e-06
-7.3399e-06
-8.02771e-06
-8.77076e-06
-9.57086e-06
-1.04293e-05
-1.13466e-05
-1.23221e-05
-1.3354e-05
-1.44389e-05
-1.55727e-05
-1.67503e-05
-1.7967e-05
-1.9217e-05
-6.89782e-06
-7.40168e-06
-7.94492e-06
-8.52985e-06
-9.15857e-06
-9.83305e-06
-1.05553e-05
-1.1327e-05
-1.21496e-05
-1.3024e-05
-1.39505e-05
-1.49285e-05
-1.59569e-05
-1.70346e-05
-1.81584e-05
-7.52979e-06
-7.95935e-06
-8.42017e-06
-8.91371e-06
-9.44166e-06
-1.00059e-05
-1.06085e-05
-1.12518e-05
-1.19382e-05
-1.26699e-05
-1.34494e-05
-1.42791e-05
-1.5161e-05
-1.60975e-05
-1.70895e-05
-7.98645e-06
-8.35403e-06
-8.7469e-06
-9.16627e-06
-9.61363e-06
-1.00908e-05
-1.05998e-05
-1.1143e-05
-1.17231e-05
-1.23431e-05
-1.30066e-05
-1.37171e-05
-1.44792e-05
-1.52971e-05
-1.61756e-05
-8.27099e-06
-8.59323e-06
-8.93727e-06
-9.30407e-06
-9.69497e-06
-1.01117e-05
-1.05561e-05
-1.10306e-05
-1.1538e-05
-1.20813e-05
-1.26646e-05
-1.3292e-05
-1.3969e-05
-1.47013e-05
-1.5495e-05
-8.45858e-06
-8.74868e-06
-9.05834e-06
-9.38851e-06
-9.74046e-06
-1.01158e-05
-1.05163e-05
-1.09443e-05
-1.14024e-05
-1.18937e-05
-1.2422e-05
-1.29919e-05
-1.36088e-05
-1.42789e-05
-1.50089e-05
-8.58091e-06
-8.84925e-06
-9.13585e-06
-9.44167e-06
-9.76794e-06
-1.01162e-05
-1.0488e-05
-1.08856e-05
-1.13114e-05
-1.17683e-05
-1.22599e-05
-1.27906e-05
-1.33654e-05
-1.39905e-05
-1.46723e-05
-8.66204e-06
-8.91677e-06
-9.18904e-06
-9.47981e-06
-9.79027e-06
-1.01218e-05
-1.0476e-05
-1.08547e-05
-1.12601e-05
-1.1695e-05
-1.21625e-05
-1.26666e-05
-1.3212e-05
-1.3804e-05
-1.44486e-05
-8.71771e-06
-8.96484e-06
-9.22912e-06
-9.51154e-06
-9.81321e-06
-1.01354e-05
-1.04795e-05
-1.08472e-05
-1.12405e-05
-1.16617e-05
-1.21137e-05
-1.25999e-05
-1.31243e-05
-1.36917e-05
-1.43075e-05
-8.75698e-06
-9.00071e-06
-9.26145e-06
-9.54014e-06
-9.83784e-06
-1.01557e-05
-1.04949e-05
-1.08569e-05
-1.12435e-05
-1.16566e-05
-1.20987e-05
-1.25727e-05
-1.3082e-05
-1.36306e-05
-1.42232e-05
-8.78502e-06
-9.02818e-06
-9.28832e-06
-9.56636e-06
-9.86326e-06
-1.018e-05
-1.05177e-05
-1.08775e-05
-1.12609e-05
-1.16695e-05
-1.21055e-05
-1.25711e-05
-1.30692e-05
-1.36031e-05
-1.41767e-05
-8.80491e-06
-9.04925e-06
-9.31064e-06
-9.58994e-06
-9.88799e-06
-1.02057e-05
-1.05438e-05
-1.09035e-05
-1.1286e-05
-1.16925e-05
-1.21247e-05
-1.25845e-05
-1.30741e-05
-1.35962e-05
-1.41541e-05
-8.81853e-06
-9.06508e-06
-9.32877e-06
-9.61042e-06
-9.91075e-06
-1.02305e-05
-1.05704e-05
-1.09313e-05
-1.13141e-05
-1.17199e-05
-1.21499e-05
-1.26056e-05
-1.30886e-05
-1.36012e-05
-1.41459e-05
-8.82725e-06
-9.07649e-06
-9.34301e-06
-9.62754e-06
-9.93073e-06
-1.02532e-05
-1.05955e-05
-1.09582e-05
-1.13422e-05
-1.17481e-05
-1.21768e-05
-1.26296e-05
-1.31074e-05
-1.36121e-05
-1.41455e-05
-8.83209e-06
-9.08418e-06
-9.3537e-06
-9.64131e-06
-9.94755e-06
-1.02729e-05
-1.06178e-05
-1.09828e-05
-1.13683e-05
-1.17748e-05
-1.22029e-05
-1.26535e-05
-1.31271e-05
-1.36252e-05
-1.4149e-05
-8.83392e-06
-9.08881e-06
-9.36127e-06
-9.65192e-06
-9.9612e-06
-1.02895e-05
-1.06371e-05
-1.10044e-05
-1.13915e-05
-1.17989e-05
-1.22268e-05
-1.26758e-05
-1.3146e-05
-1.36385e-05
-1.4154e-05
-8.83345e-06
-9.09096e-06
-9.36621e-06
-9.65973e-06
-9.9719e-06
-1.0303e-05
-1.06532e-05
-1.10227e-05
-1.14116e-05
-1.182e-05
-1.22479e-05
-1.26956e-05
-1.3163e-05
-1.36508e-05
-1.41591e-05
-8.8313e-06
-9.0912e-06
-9.369e-06
-9.66517e-06
-9.98e-06
-1.03137e-05
-1.06664e-05
-1.1038e-05
-1.14286e-05
-1.1838e-05
-1.22661e-05
-1.27128e-05
-1.31778e-05
-1.36615e-05
-1.41636e-05
-8.82799e-06
-9.09003e-06
-9.37011e-06
-9.66866e-06
-9.98592e-06
-1.0322e-05
-1.06769e-05
-1.10505e-05
-1.14426e-05
-1.1853e-05
-1.22814e-05
-1.27273e-05
-1.31904e-05
-1.36706e-05
-1.41673e-05
-8.82382e-06
-9.08776e-06
-9.3699e-06
-9.67061e-06
-9.99007e-06
-1.03283e-05
-1.06853e-05
-1.10607e-05
-1.14543e-05
-1.18656e-05
-1.22942e-05
-1.27396e-05
-1.3201e-05
-1.36781e-05
-1.41701e-05
-8.81877e-06
-9.08449e-06
-9.36856e-06
-9.67132e-06
-9.99289e-06
-1.03332e-05
-1.06921e-05
-1.10693e-05
-1.14643e-05
-1.18766e-05
-1.23055e-05
-1.27504e-05
-1.32102e-05
-1.36846e-05
-1.41722e-05
-8.81342e-06
-9.08078e-06
-9.36661e-06
-9.67123e-06
-9.99469e-06
-1.03369e-05
-1.06977e-05
-1.10765e-05
-1.14729e-05
-1.18862e-05
-1.23154e-05
-1.27599e-05
-1.32184e-05
-1.36902e-05
-1.41737e-05
-6.78909e-07
-6.78965e-07
-6.78616e-07
-6.77571e-07
-6.75486e-07
-6.71973e-07
-6.66703e-07
-6.59468e-07
-6.50199e-07
-6.3895e-07
-6.2587e-07
-6.11162e-07
-5.95041e-07
-5.77703e-07
-5.5928e-07
-5.39796e-07
-5.19104e-07
-4.96807e-07
-4.72122e-07
-4.43713e-07
-4.09612e-07
-3.67139e-07
-3.11056e-07
-2.35155e-07
-1.3434e-07
-3.74627e-09
1.61041e-07
3.62921e-07
6.0198e-07
8.74991e-07
1.18005e-06
1.51143e-06
1.84977e-06
2.17763e-06
2.4778e-06
2.73479e-06
2.93595e-06
3.07355e-06
3.1474e-06
3.16518e-06
3.14126e-06
3.09385e-06
3.03957e-06
2.99983e-06
2.98489e-06
-6.78841e-07
-6.79739e-07
-6.79487e-07
-6.7794e-07
-6.74838e-07
-6.69903e-07
-6.62907e-07
-6.53684e-07
-6.42129e-07
-6.2819e-07
-6.11862e-07
-5.93171e-07
-5.72166e-07
-5.48896e-07
-5.2339e-07
-4.95622e-07
-4.65464e-07
-4.32599e-07
-3.96392e-07
-3.55691e-07
-3.08658e-07
-2.52438e-07
-1.82631e-07
-9.51666e-08
1.38532e-08
1.48693e-07
3.13114e-07
5.09504e-07
7.38321e-07
9.97918e-07
1.28291e-06
1.58024e-06
1.87919e-06
2.16784e-06
2.43163e-06
2.65572e-06
2.82905e-06
2.94715e-06
3.01241e-06
3.03327e-06
3.02225e-06
2.99316e-06
2.95837e-06
2.92729e-06
2.90562e-06
-6.7892e-07
-6.82231e-07
-6.83388e-07
-6.82662e-07
-6.80008e-07
-6.75194e-07
-6.68028e-07
-6.58367e-07
-6.46104e-07
-6.31165e-07
-6.135e-07
-5.93084e-07
-5.69909e-07
-5.43991e-07
-5.15369e-07
-4.84111e-07
-4.50306e-07
-4.14034e-07
-3.75292e-07
-3.33841e-07
-2.89004e-07
-2.39059e-07
-1.80565e-07
-1.09451e-07
-2.04038e-08
9.29794e-08
2.36681e-07
4.1504e-07
6.29835e-07
8.79733e-07
1.16045e-06
1.4613e-06
1.76885e-06
2.06791e-06
2.34217e-06
2.57647e-06
2.75944e-06
2.88572e-06
2.95688e-06
2.98076e-06
2.96943e-06
2.93644e-06
2.89412e-06
2.84982e-06
2.80447e-06
-6.81129e-07
-6.87797e-07
-6.91015e-07
-6.91646e-07
-6.89967e-07
-6.85795e-07
-6.7897e-07
-6.69378e-07
-6.56928e-07
-6.41541e-07
-6.23154e-07
-6.01729e-07
-5.77265e-07
-5.49826e-07
-5.1958e-07
-4.86857e-07
-4.52218e-07
-4.16518e-07
-3.80927e-07
-3.46866e-07
-3.15765e-07
-2.87948e-07
-2.60391e-07
-2.26686e-07
-1.77969e-07
-1.03745e-07
5.86978e-09
1.57659e-07
3.54843e-07
5.96376e-07
8.77505e-07
1.18858e-06
1.51509e-06
1.84001e-06
2.14478e-06
2.41168e-06
2.62645e-06
2.78078e-06
2.87371e-06
2.91132e-06
2.90502e-06
2.86896e-06
2.81699e-06
2.75668e-06
2.6868e-06
-6.87455e-07
-6.9776e-07
-7.03329e-07
-7.05643e-07
-7.05311e-07
-7.02209e-07
-6.96211e-07
-6.87241e-07
-6.75225e-07
-6.6009e-07
-6.41773e-07
-6.20242e-07
-5.95531e-07
-5.67796e-07
-5.37412e-07
-5.05101e-07
-4.72104e-07
-4.40386e-07
-4.12799e-07
-3.93134e-07
-3.85811e-07
-3.94217e-07
-4.15433e-07
-4.38168e-07
-4.47719e-07
-4.27518e-07
-3.63e-07
-2.46228e-07
-7.30101e-08
1.55929e-07
4.37766e-07
7.62163e-07
1.1149e-06
1.4774e-06
1.82867e-06
2.14747e-06
2.41505e-06
2.61813e-06
2.75109e-06
2.81671e-06
2.82502e-06
2.79101e-06
2.73113e-06
2.65462e-06
2.55954e-06
-6.99582e-07
-7.1335e-07
-7.21275e-07
-7.2539e-07
-7.26613e-07
-7.24872e-07
-7.20077e-07
-7.12187e-07
-7.01152e-07
-6.86904e-07
-6.69385e-07
-6.48575e-07
-6.24551e-07
-5.97587e-07
-5.68297e-07
-5.37863e-07
-5.08333e-07
-4.83005e-07
-4.66786e-07
-4.66361e-07
-4.8978e-07
-5.4428e-07
-6.26756e-07
-7.18242e-07
-7.95741e-07
-8.3662e-07
-8.25438e-07
-7.51603e-07
-6.06869e-07
-3.98569e-07
-1.19328e-07
2.18547e-07
5.9979e-07
1.0051e-06
1.41171e-06
1.7949e-06
2.13068e-06
2.39929e-06
2.5886e-06
2.69624e-06
2.72968e-06
2.70449e-06
2.64017e-06
2.54844e-06
2.42731e-06
-7.18501e-07
-7.35363e-07
-7.45501e-07
-7.51411e-07
-7.54272e-07
-7.54054e-07
-7.50698e-07
-7.44198e-07
-7.3452e-07
-7.21601e-07
-7.05378e-07
-6.85837e-07
-6.63092e-07
-6.37515e-07
-6.09955e-07
-5.82053e-07
-5.56693e-07
-5.38583e-07
-5.34872e-07
-5.5544e-07
-6.12261e-07
-7.16773e-07
-8.65428e-07
-1.02926e-06
-1.17689e-06
-1.28521e-06
-1.33667e-06
-1.31363e-06
-1.20677e-06
-1.00634e-06
-7.2896e-07
-3.81062e-07
2.45677e-08
4.69658e-07
9.31019e-07
1.38147e-06
1.79213e-06
2.13618e-06
2.39355e-06
2.55495e-06
2.62362e-06
2.61468e-06
2.55047e-06
2.44542e-06
2.29777e-06
-7.44589e-07
-7.64147e-07
-7.763e-07
-7.8394e-07
-7.88448e-07
-7.89824e-07
-7.88033e-07
-7.83096e-07
-7.74989e-07
-7.63643e-07
-7.48979e-07
-7.30969e-07
-7.09731e-07
-6.85701e-07
-6.59909e-07
-6.34394e-07
-6.12811e-07
-6.01226e-07
-6.09041e-07
-6.49491e-07
-7.38484e-07
-8.9167e-07
-1.10598e-06
-1.34248e-06
-1.56176e-06
-1.73403e-06
-1.8349e-06
-1.84831e-06
-1.76699e-06
-1.58858e-06
-1.32024e-06
-9.6944e-07
-5.48027e-07
-7.25265e-08
4.34951e-07
9.46438e-07
1.42949e-06
1.85081e-06
2.18175e-06
2.40468e-06
2.51678e-06
2.53111e-06
2.47197e-06
2.35621e-06
2.18245e-06
-7.77773e-07
-7.99677e-07
-8.13655e-07
-8.22933e-07
-8.29051e-07
-8.32021e-07
-8.31823e-07
-8.28498e-07
-8.22024e-07
-8.12313e-07
-7.99255e-07
-7.82779e-07
-7.62971e-07
-7.40274e-07
-7.15815e-07
-6.91931e-07
-6.72913e-07
-6.66027e-07
-6.82796e-07
-7.39911e-07
-8.56784e-07
-1.05256e-06
-1.32629e-06
-1.62772e-06
-1.90833e-06
-2.13246e-06
-2.27398e-06
-2.31817e-06
-2.25957e-06
-2.09804e-06
-1.83953e-06
-1.49116e-06
-1.06295e-06
-5.68738e-07
-2.80607e-08
5.32215e-07
1.07808e-06
1.57122e-06
1.97481e-06
2.26225e-06
2.4231e-06
2.46652e-06
2.41733e-06
2.2941e-06
2.09581e-06
-8.17673e-07
-8.4167e-07
-8.57313e-07
-8.68136e-07
-8.75797e-07
-8.80301e-07
-8.81642e-07
-8.7987e-07
-8.74956e-07
-8.66785e-07
-8.55196e-07
-8.40052e-07
-8.21363e-07
-7.99513e-07
-7.75641e-07
-7.52246e-07
-7.34091e-07
-7.29411e-07
-7.51583e-07
-8.20885e-07
-9.59502e-07
-1.18906e-06
-1.51245e-06
-1.86751e-06
-2.19667e-06
-2.46008e-06
-2.63112e-06
-2.69651e-06
-2.65294e-06
-2.50292e-06
-2.25288e-06
-1.90969e-06
-1.48143e-06
-9.78791e-07
-4.17857e-07
1.77125e-07
7.72616e-07
1.32738e-06
1.79733e-06
2.14768e-06
2.35937e-06
2.43597e-06
2.40114e-06
2.27418e-06
2.05412e-06
-8.63746e-07
-8.89689e-07
-9.06883e-07
-9.19166e-07
-9.28281e-07
-9.34218e-07
-9.36972e-07
-9.36602e-07
-9.33066e-07
-9.26212e-07
-9.15816e-07
-9.0165e-07
-8.83611e-07
-8.61966e-07
-8.37774e-07
-8.13564e-07
-7.94383e-07
-7.89182e-07
-8.12654e-07
-8.88e-07
-1.0416e-06
-1.29874e-06
-1.65859e-06
-2.05475e-06
-2.4193e-06
-2.70912e-06
-2.89762e-06
-2.97355e-06
-2.93643e-06
-2.79159e-06
-2.54652e-06
-2.20807e-06
-1.78266e-06
-1.27801e-06
-7.06514e-07
-8.90222e-08
5.43049e-07
1.14765e-06
1.67384e-06
2.08194e-06
2.34376e-06
2.45578e-06
2.439e-06
2.31233e-06
2.0743e-06
-9.15394e-07
-9.43242e-07
-9.61921e-07
-9.75591e-07
-9.8606e-07
-9.9329e-07
-9.97276e-07
-9.98081e-07
-9.95651e-07
-9.89794e-07
-9.80214e-07
-9.66576e-07
-9.48632e-07
-9.26485e-07
-9.01035e-07
-8.74722e-07
-8.52703e-07
-8.44451e-07
-8.65637e-07
-9.40597e-07
-1.102e-06
-1.38005e-06
-1.76524e-06
-2.18937e-06
-2.5769e-06
-2.88114e-06
-3.07603e-06
-3.15274e-06
-3.11381e-06
-2.96722e-06
-2.72183e-06
-2.38468e-06
-1.96093e-06
-1.45589e-06
-8.78734e-07
-2.4681e-07
4.11616e-07
1.05592e-06
1.6266e-06
2.08511e-06
2.3944e-06
2.54248e-06
2.54655e-06
2.42417e-06
2.17271e-06
-9.72054e-07
-1.00186e-06
-1.022e-06
-1.037e-06
-1.04871e-06
-1.05706e-06
-1.06205e-06
-1.06374e-06
-1.06207e-06
-1.05682e-06
-1.04761e-06
-1.034e-06
-1.01556e-06
-9.9221e-07
-9.64622e-07
-9.3505e-07
-9.08608e-07
-8.9509e-07
-9.10994e-07
-9.81382e-07
-1.1451e-06
-1.4329e-06
-1.83432e-06
-2.27568e-06
-2.67553e-06
-2.9839e-06
-3.17586e-06
-3.24502e-06
-3.19677e-06
-3.04145e-06
-2.78928e-06
-2.44762e-06
-2.02092e-06
-1.51279e-06
-9.2998e-07
-2.87051e-07
3.90634e-07
1.06666e-06
1.67658e-06
2.17608e-06
2.52833e-06
2.71166e-06
2.73844e-06
2.62416e-06
2.36411e-06
-1.03326e-06
-1.06515e-06
-1.08678e-06
-1.10305e-06
-1.11587e-06
-1.12514e-06
-1.13085e-06
-1.13308e-06
-1.13178e-06
-1.12668e-06
-1.11736e-06
-1.10325e-06
-1.08375e-06
-1.05853e-06
-1.02804e-06
-9.94246e-07
-9.62103e-07
-9.41532e-07
-9.49805e-07
-1.01342e-06
-1.17257e-06
-1.46135e-06
-1.87132e-06
-2.32059e-06
-2.72425e-06
-3.02819e-06
-3.2097e-06
-3.26444e-06
-3.20026e-06
-3.0295e-06
-2.76352e-06
-2.4101e-06
-1.97335e-06
-1.45601e-06
-8.63278e-07
-2.07653e-07
4.87072e-07
1.18587e-06
1.83501e-06
2.37112e-06
2.7602e-06
2.97671e-06
3.02732e-06
2.92462e-06
2.66074e-06
-1.09868e-06
-1.13284e-06
-1.156e-06
-1.17348e-06
-1.18728e-06
-1.19722e-06
-1.20332e-06
-1.2057e-06
-1.2043e-06
-1.19887e-06
-1.18893e-06
-1.1738e-06
-1.1527e-06
-1.12504e-06
-1.09102e-06
-1.05227e-06
-1.01347e-06
-9.84511e-07
-9.83186e-07
-1.03736e-06
-1.18742e-06
-1.47158e-06
-1.88283e-06
-2.33194e-06
-2.73307e-06
-3.02547e-06
-3.19064e-06
-3.22543e-06
-3.13964e-06
-2.94715e-06
-2.66023e-06
-2.28704e-06
-1.83174e-06
-1.29683e-06
-6.86841e-07
-1.31578e-08
7.01275e-07
1.42212e-06
2.10603e-06
2.67749e-06
3.09941e-06
3.34776e-06
3.42312e-06
3.33525e-06
3.07193e-06
-1.16814e-06
-1.2048e-06
-1.22953e-06
-1.24817e-06
-1.26275e-06
-1.27307e-06
-1.27917e-06
-1.28123e-06
-1.27924e-06
-1.27295e-06
-1.26186e-06
-1.24522e-06
-1.22205e-06
-1.19147e-06
-1.15345e-06
-1.10923e-06
-1.06315e-06
-1.02492e-06
-1.01258e-06
-1.05508e-06
-1.19318e-06
-1.46854e-06
-1.87529e-06
-2.31957e-06
-2.70892e-06
-2.98638e-06
-3.13086e-06
-3.14126e-06
-3.029e-06
-2.80905e-06
-2.4943e-06
-2.09323e-06
-1.61027e-06
-1.04819e-06
-4.11651e-07
2.8806e-07
1.0288e-06
1.77781e-06
2.48959e-06
3.09695e-06
3.55325e-06
3.8325e-06
3.933e-06
3.86295e-06
3.60385e-06
-1.24163e-06
-1.28103e-06
-1.3074e-06
-1.32709e-06
-1.34222e-06
-1.35255e-06
-1.35819e-06
-1.35939e-06
-1.35624e-06
-1.34853e-06
-1.33576e-06
-1.31714e-06
-1.29152e-06
-1.25764e-06
-1.21532e-06
-1.16535e-06
-1.11166e-06
-1.06367e-06
-1.03949e-06
-1.06895e-06
-1.19297e-06
-1.45639e-06
-1.85391e-06
-2.28822e-06
-2.66251e-06
-2.92076e-06
-3.04097e-06
-3.02342e-06
-2.88055e-06
-2.62799e-06
-2.27897e-06
-1.8422e-06
-1.32251e-06
-7.23288e-07
-4.9981e-08
6.85692e-07
1.46197e-06
2.24492e-06
2.98715e-06
3.6308e-06
4.12296e-06
4.43445e-06
4.56089e-06
4.51195e-06
4.25929e-06
-1.31929e-06
-1.3617e-06
-1.38976e-06
-1.41034e-06
-1.4257e-06
-1.43559e-06
-1.44019e-06
-1.43991e-06
-1.43496e-06
-1.42521e-06
-1.41019e-06
-1.38919e-06
-1.36085e-06
-1.3234e-06
-1.27662e-06
-1.22084e-06
-1.15947e-06
-1.10162e-06
-1.06523e-06
-1.08053e-06
-1.18982e-06
-1.43862e-06
-1.82351e-06
-2.24415e-06
-2.60054e-06
-2.8365e-06
-2.92974e-06
-2.88135e-06
-2.70438e-06
-2.4147e-06
-2.02559e-06
-1.54588e-06
-9.80822e-07
-3.34667e-07
3.8594e-07
1.16815e-06
1.98946e-06
2.81499e-06
3.59676e-06
4.27795e-06
4.80619e-06
5.15381e-06
5.30797e-06
5.28432e-06
5.03841e-06
-1.40146e-06
-1.44714e-06
-1.4769e-06
-1.49815e-06
-1.51332e-06
-1.52216e-06
-1.52502e-06
-1.52251e-06
-1.51503e-06
-1.50259e-06
-1.48475e-06
-1.461e-06
-1.42968e-06
-1.38857e-06
-1.33734e-06
-1.27586e-06
-1.20699e-06
-1.13946e-06
-1.09083e-06
-1.09185e-06
-1.18548e-06
-1.41816e-06
-1.788e-06
-2.19228e-06
-2.52845e-06
-2.73991e-06
-2.80413e-06
-2.72263e-06
-2.50865e-06
-2.17797e-06
-1.74364e-06
-1.21447e-06
-5.96126e-07
1.06197e-07
8.84392e-07
1.72396e-06
2.60081e-06
3.47875e-06
4.30912e-06
5.03438e-06
5.60152e-06
5.98744e-06
6.17284e-06
6.17521e-06
5.94315e-06
-1.48862e-06
-1.53784e-06
-1.56925e-06
-1.59084e-06
-1.60524e-06
-1.61228e-06
-1.61253e-06
-1.60689e-06
-1.59605e-06
-1.58022e-06
-1.55909e-06
-1.53219e-06
-1.49743e-06
-1.45284e-06
-1.39741e-06
-1.33049e-06
-1.25449e-06
-1.17771e-06
-1.11713e-06
-1.10399e-06
-1.18162e-06
-1.39728e-06
-1.75034e-06
-2.13631e-06
-2.45053e-06
-2.6359e-06
-2.66954e-06
-2.55315e-06
-2.29978e-06
-1.92484e-06
-1.44092e-06
-8.5663e-07
-1.7795e-07
5.88951e-07
1.43438e-06
2.34186e-06
3.28515e-06
4.22613e-06
5.11478e-06
5.8923e-06
6.5044e-06
6.92955e-06
7.1494e-06
7.17331e-06
6.97315e-06
-1.58145e-06
-1.63447e-06
-1.66741e-06
-1.68885e-06
-1.70171e-06
-1.70595e-06
-1.7025e-06
-1.69266e-06
-1.6775e-06
-1.65753e-06
-1.63259e-06
-1.60209e-06
-1.5638e-06
-1.51595e-06
-1.45658e-06
-1.38466e-06
-1.30207e-06
-1.21649e-06
-1.14479e-06
-1.11773e-06
-1.17942e-06
-1.37758e-06
-1.71271e-06
-2.07898e-06
-2.36999e-06
-2.5281e-06
-2.53003e-06
-2.37739e-06
-2.08277e-06
-1.66093e-06
-1.1238e-06
-4.79625e-07
2.65425e-07
1.10429e-06
2.02568e-06
3.01094e-06
4.03133e-06
5.04617e-06
6.00332e-06
6.84326e-06
7.50751e-06
7.97351e-06
8.23075e-06
8.27778e-06
8.117e-06
-1.68081e-06
-1.73789e-06
-1.77212e-06
-1.79272e-06
-1.80299e-06
-1.80317e-06
-1.79467e-06
-1.77936e-06
-1.75878e-06
-1.73382e-06
-1.70449e-06
-1.67008e-06
-1.62846e-06
-1.57744e-06
-1.51453e-06
-1.4382e-06
-1.34969e-06
-1.25609e-06
-1.1739e-06
-1.13357e-06
-1.17962e-06
-1.36013e-06
-1.67659e-06
-2.0222e-06
-2.28912e-06
-2.41916e-06
-2.38858e-06
-2.19871e-06
-1.86142e-06
-1.39066e-06
-7.97478e-07
-8.9602e-08
7.26765e-07
1.64381e-06
2.64872e-06
3.72063e-06
4.82813e-06
5.92759e-06
6.96416e-06
7.87622e-06
8.60009e-06
9.11337e-06
9.41547e-06
9.49364e-06
9.36666e-06
-1.78779e-06
-1.84917e-06
-1.8843e-06
-1.90309e-06
-1.9094e-06
-1.9039e-06
-1.88871e-06
-1.86642e-06
-1.83921e-06
-1.80836e-06
-1.77406e-06
-1.73557e-06
-1.69069e-06
-1.63677e-06
-1.57084e-06
-1.49077e-06
-1.39715e-06
-1.2964e-06
-1.20451e-06
-1.15166e-06
-1.18257e-06
-1.34554e-06
-1.64289e-06
-1.96721e-06
-2.20946e-06
-2.31091e-06
-2.24731e-06
-2.01957e-06
-1.63866e-06
-1.11752e-06
-4.6622e-07
3.08212e-07
1.19969e-06
2.19983e-06
3.29446e-06
4.46063e-06
5.6642e-06
6.85836e-06
7.98507e-06
8.97959e-06
9.77181e-06
1.03377e-05
1.06892e-05
1.08067e-05
1.07202e-05
-1.90377e-06
-1.96966e-06
-2.00506e-06
-2.02069e-06
-2.02122e-06
-2.00802e-06
-1.98416e-06
-1.95316e-06
-1.91796e-06
-1.88031e-06
-1.84054e-06
-1.79782e-06
-1.7498e-06
-1.69338e-06
-1.62503e-06
-1.54199e-06
-1.44411e-06
-1.33714e-06
-1.23647e-06
-1.17196e-06
-1.18835e-06
-1.33405e-06
-1.61212e-06
-1.91477e-06
-2.132e-06
-2.20458e-06
-2.10771e-06
-1.8417e-06
-1.41668e-06
-8.44308e-07
-1.33553e-07
7.09321e-07
1.67852e-06
2.76526e-06
3.95428e-06
5.22075e-06
6.52795e-06
7.82586e-06
9.0527e-06
1.014e-05
1.10121e-05
1.16357e-05
1.204e-05
1.22007e-05
1.21601e-05
-2.03047e-06
-2.10103e-06
-2.13574e-06
-2.14635e-06
-2.1387e-06
-2.11527e-06
-2.0804e-06
-2.03881e-06
-1.99417e-06
-1.94881e-06
-1.90311e-06
-1.8561e-06
-1.80516e-06
-1.74669e-06
-1.67658e-06
-1.59138e-06
-1.49017e-06
-1.37795e-06
-1.26948e-06
-1.1942e-06
-1.19679e-06
-1.32565e-06
-1.58443e-06
-1.86526e-06
-2.05731e-06
-2.10095e-06
-1.97079e-06
-1.66655e-06
-1.19719e-06
-5.73229e-07
1.97575e-07
1.10982e-06
2.15812e-06
3.33352e-06
4.61992e-06
5.99097e-06
7.40765e-06
8.81684e-06
1.01526e-05
1.13414e-05
1.23066e-05
1.30001e-05
1.34583e-05
1.36696e-05
1.36795e-05
-2.17009e-06
-2.24533e-06
-2.2779e-06
-2.28094e-06
-2.26206e-06
-2.22526e-06
-2.1767e-06
-2.12245e-06
-2.06693e-06
-2.01297e-06
-1.96097e-06
-1.90969e-06
-1.85614e-06
-1.79616e-06
-1.72499e-06
-1.63846e-06
-1.53485e-06
-1.41838e-06
-1.3031e-06
-1.21802e-06
-1.20759e-06
-1.32013e-06
-1.55977e-06
-1.81877e-06
-1.98569e-06
-2.00049e-06
-1.83723e-06
-1.49497e-06
-9.81489e-07
-3.06091e-07
5.24668e-07
1.50628e-06
2.63385e-06
3.89846e-06
5.28345e-06
6.76136e-06
8.29139e-06
9.81767e-06
1.12699e-05
1.25688e-05
1.36371e-05
1.44184e-05
1.49332e-05
1.52022e-05
1.52694e-05
-2.32541e-06
-2.40511e-06
-2.43337e-06
-2.42537e-06
-2.39134e-06
-2.33748e-06
-2.27222e-06
-2.20302e-06
-2.13529e-06
-2.07197e-06
-2.01342e-06
-1.95801e-06
-1.90224e-06
-1.84133e-06
-1.76982e-06
-1.68279e-06
-1.57769e-06
-1.45797e-06
-1.33688e-06
-1.24295e-06
-1.22034e-06
-1.31715e-06
-1.53794e-06
-1.77525e-06
-1.91722e-06
-1.90345e-06
-1.70747e-06
-1.32765e-06
-7.70583e-07
-4.43723e-08
8.45602e-07
1.89568e-06
3.10152e-06
4.45435e-06
5.93727e-06
7.52222e-06
9.16721e-06
1.08143e-05
1.23896e-05
1.38081e-05
1.49875e-05
1.58687e-05
1.64513e-05
1.67859e-05
1.69195e-05
-2.50005e-06
-2.58353e-06
-2.60422e-06
-2.5805e-06
-2.5264e-06
-2.45123e-06
-2.36591e-06
-2.27953e-06
-2.19828e-06
-2.12504e-06
-2.05988e-06
-2.0006e-06
-1.94308e-06
-1.88185e-06
-1.81071e-06
-1.72399e-06
-1.61829e-06
-1.49626e-06
-1.37034e-06
-1.26852e-06
-1.23456e-06
-1.31631e-06
-1.51864e-06
-1.73453e-06
-1.85187e-06
-1.80996e-06
-1.58182e-06
-1.16511e-06
-5.65278e-07
2.10707e-07
1.15856e-06
2.27539e-06
3.55736e-06
4.99594e-06
6.57428e-06
8.26417e-06
1.00232e-05
1.17924e-05
1.34951e-05
1.50411e-05
1.63415e-05
1.73314e-05
1.79965e-05
1.8406e-05
1.86185e-05
-2.69876e-06
-2.78447e-06
-2.79276e-06
-2.74707e-06
-2.66689e-06
-2.56551e-06
-2.45661e-06
-2.35093e-06
-2.25509e-06
-2.17159e-06
-2.09993e-06
-2.03717e-06
-1.97843e-06
-1.91751e-06
-1.84744e-06
-1.76178e-06
-1.6563e-06
-1.53284e-06
-1.40303e-06
-1.29424e-06
-1.24981e-06
-1.31718e-06
-1.50153e-06
-1.69639e-06
-1.78954e-06
-1.72005e-06
-1.46044e-06
-1.00771e-06
-3.66212e-07
4.58134e-07
1.462e-06
2.6431e-06
3.99805e-06
5.51852e-06
7.18789e-06
8.9783e-06
1.08477e-05
1.27372e-05
1.45688e-05
1.62479e-05
1.7678e-05
1.87868e-05
1.95521e-05
2.00474e-05
2.03554e-05
-2.92791e-06
-3.01266e-06
-3.00141e-06
-2.92549e-06
-2.81196e-06
-2.679e-06
-2.54316e-06
-2.41631e-06
-2.30509e-06
-2.21124e-06
-2.13339e-06
-2.06764e-06
-2.00826e-06
-1.94826e-06
-1.8799e-06
-1.79599e-06
-1.69148e-06
-1.5674e-06
-1.43455e-06
-1.31969e-06
-1.26562e-06
-1.31936e-06
-1.48627e-06
-1.66059e-06
-1.73009e-06
-1.63369e-06
-1.34345e-06
-8.55742e-07
-1.73894e-07
6.97079e-07
1.75463e-06
2.99688e-06
4.42071e-06
6.01794e-06
7.77224e-06
9.65645e-06
1.16297e-05
1.36343e-05
1.55926e-05
1.74075e-05
1.89752e-05
2.02137e-05
2.10947e-05
2.16924e-05
2.21187e-05
-3.19618e-06
-3.27379e-06
-3.23257e-06
-3.11565e-06
-2.96046e-06
-2.79023e-06
-2.62426e-06
-2.47486e-06
-2.34785e-06
-2.24387e-06
-2.1603e-06
-2.09214e-06
-2.03271e-06
-1.97422e-06
-1.90814e-06
-1.82658e-06
-1.72368e-06
-1.5997e-06
-1.46459e-06
-1.34449e-06
-1.2816e-06
-1.32245e-06
-1.47255e-06
-1.62688e-06
-1.67339e-06
-1.55083e-06
-1.23092e-06
-7.09402e-07
1.12779e-08
9.26873e-07
2.0354e-06
3.33512e-06
4.82297e-06
6.49072e-06
8.32228e-06
1.02914e-05
1.2359e-05
1.44698e-05
1.65483e-05
1.84976e-05
2.02081e-05
2.15883e-05
2.25983e-05
2.33193e-05
2.38961e-05
-3.51568e-06
-3.57445e-06
-3.48811e-06
-3.31676e-06
-3.11056e-06
-2.89752e-06
-2.69876e-06
-2.52594e-06
-2.38321e-06
-2.2696e-06
-2.18094e-06
-2.111e-06
-2.0521e-06
-1.99562e-06
-1.93233e-06
-1.8536e-06
-1.75285e-06
-1.62958e-06
-1.49292e-06
-1.36834e-06
-1.29742e-06
-1.32613e-06
-1.46007e-06
-1.59504e-06
-1.61927e-06
-1.47141e-06
-1.12287e-06
-5.6884e-07
1.89e-07
1.147e-06
2.30347e-06
3.65657e-06
5.20297e-06
6.9341e-06
8.83392e-06
1.08771e-05
1.30266e-05
1.52308e-05
1.74183e-05
1.94949e-05
2.13487e-05
2.288e-05
2.40343e-05
2.49031e-05
2.56762e-05
-3.90357e-06
-3.92182e-06
-3.76852e-06
-3.52769e-06
-3.25979e-06
-2.99901e-06
-2.76566e-06
-2.56923e-06
-2.41134e-06
-2.28884e-06
-2.19581e-06
-2.12472e-06
-2.06686e-06
-2.01285e-06
-1.95272e-06
-1.87722e-06
-1.77905e-06
-1.657e-06
-1.51938e-06
-1.39101e-06
-1.3128e-06
-1.3301e-06
-1.44857e-06
-1.56487e-06
-1.5676e-06
-1.39537e-06
-1.01931e-06
-4.34149e-07
3.59059e-07
1.35707e-06
2.55826e-06
3.96033e-06
5.55936e-06
7.34607e-06
9.30413e-06
1.14088e-05
1.36254e-05
1.59062e-05
1.81859e-05
2.03758e-05
2.23662e-05
2.40531e-05
2.53663e-05
2.64117e-05
2.74482e-05
-4.38449e-06
-4.32335e-06
-4.07325e-06
-3.7445e-06
-3.40511e-06
-3.09286e-06
-2.82424e-06
-2.60478e-06
-2.4327e-06
-2.30223e-06
-2.20561e-06
-2.13394e-06
-2.07757e-06
-2.02635e-06
-1.96967e-06
-1.89767e-06
-1.8024e-06
-1.68197e-06
-1.5439e-06
-1.41234e-06
-1.32752e-06
-1.33414e-06
-1.43786e-06
-1.5362e-06
-1.51827e-06
-1.32262e-06
-9.20222e-07
-3.05378e-07
5.21321e-07
1.55686e-06
2.79939e-06
4.24581e-06
5.89129e-06
7.72538e-06
9.73095e-06
1.18835e-05
1.415e-05
1.6487e-05
1.88361e-05
2.11175e-05
2.32278e-05
2.50659e-05
2.65473e-05
2.78012e-05
2.92016e-05
-4.99304e-06
-4.78214e-06
-4.39995e-06
-3.96223e-06
-3.54294e-06
-3.17738e-06
-2.87414e-06
-2.63302e-06
-2.44805e-06
-2.31064e-06
-2.21115e-06
-2.13941e-06
-2.08484e-06
-2.03662e-06
-1.98355e-06
-1.91523e-06
-1.82307e-06
-1.70456e-06
-1.56645e-06
-1.43224e-06
-1.34145e-06
-1.33807e-06
-1.42776e-06
-1.5089e-06
-1.47116e-06
-1.25311e-06
-8.25581e-07
-1.82552e-07
6.75699e-07
1.7462e-06
3.0266e-06
4.5127e-06
6.19833e-06
8.07141e-06
1.01134e-05
1.22993e-05
1.45971e-05
1.69669e-05
1.93572e-05
2.16988e-05
2.38995e-05
2.58698e-05
2.75158e-05
2.90069e-05
3.09193e-05
-5.77648e-06
-5.29408e-06
-4.73779e-06
-4.17405e-06
-3.66928e-06
-3.25108e-06
-2.9154e-06
-2.65468e-06
-2.45837e-06
-2.31506e-06
-2.21334e-06
-2.1419e-06
-2.08933e-06
-2.04422e-06
-1.99482e-06
-1.93022e-06
-1.84128e-06
-1.72489e-06
-1.58708e-06
-1.45067e-06
-1.35449e-06
-1.34178e-06
-1.41813e-06
-1.48284e-06
-1.42618e-06
-1.18675e-06
-7.35355e-07
-6.56893e-08
8.22122e-07
1.92496e-06
3.23972e-06
4.76076e-06
6.48021e-06
8.38386e-06
1.04512e-05
1.26556e-05
1.49651e-05
1.73419e-05
1.974e-05
2.21012e-05
2.43469e-05
2.64088e-05
2.81907e-05
2.99281e-05
3.25593e-05
-6.78008e-06
-5.85019e-06
-5.07109e-06
-4.37081e-06
-3.77998e-06
-3.31288e-06
-2.94845e-06
-2.67076e-06
-2.4648e-06
-2.31656e-06
-2.21315e-06
-2.14224e-06
-2.09175e-06
-2.04971e-06
-2.00393e-06
-1.94301e-06
-1.85732e-06
-1.74316e-06
-1.60587e-06
-1.46764e-06
-1.36658e-06
-1.34516e-06
-1.40888e-06
-1.45792e-06
-1.3832e-06
-1.12343e-06
-6.49418e-07
4.53463e-08
9.60736e-07
2.09331e-06
3.43896e-06
4.99028e-06
6.73735e-06
8.66332e-06
1.07449e-05
1.29532e-05
1.52545e-05
1.76111e-05
1.99798e-05
2.23103e-05
2.4538e-05
2.66217e-05
2.84706e-05
3.04232e-05
3.40536e-05
-8.10273e-06
-6.43561e-06
-5.3779e-06
-4.54274e-06
-3.87264e-06
-3.3635e-06
-2.97505e-06
-2.68311e-06
-2.46891e-06
-2.31642e-06
-2.21154e-06
-2.14117e-06
-2.09265e-06
-2.05355e-06
-2.01124e-06
-1.9539e-06
-1.87142e-06
-1.75955e-06
-1.62298e-06
-1.48323e-06
-1.37774e-06
-1.34819e-06
-1.39996e-06
-1.43407e-06
-1.34215e-06
-1.06295e-06
-5.67382e-07
1.51201e-07
1.09253e-06
2.25269e-06
3.62631e-06
5.20396e-06
6.9733e-06
8.91436e-06
1.10005e-05
1.31992e-05
1.54736e-05
1.77833e-05
2.00837e-05
2.23264e-05
2.44544e-05
2.64509e-05
2.82343e-05
3.03223e-05
3.53723e-05
-9.86148e-06
-7.01886e-06
-5.62665e-06
-4.68143e-06
-3.94962e-06
-3.40749e-06
-2.99946e-06
-2.69502e-06
-2.47299e-06
-2.31604e-06
-2.20926e-06
-2.13897e-06
-2.092e-06
-2.05551e-06
-2.01646e-06
-1.96261e-06
-1.88336e-06
-1.77393e-06
-1.63831e-06
-1.4974e-06
-1.38791e-06
-1.35082e-06
-1.3914e-06
-1.41146e-06
-1.30321e-06
-1.00546e-06
-4.89218e-07
2.5224e-07
1.21838e-06
2.40469e-06
3.80436e-06
5.40575e-06
7.19384e-06
9.14517e-06
1.1229e-05
1.34087e-05
1.56421e-05
1.78835e-05
2.00822e-05
2.21816e-05
2.41167e-05
2.58632e-05
2.73293e-05
2.93047e-05
3.60865e-05
-1.13521e-05
-7.3944e-06
-5.75797e-06
-4.7683e-06
-4.00702e-06
-3.44386e-06
-3.02117e-06
-2.70613e-06
-2.47678e-06
-2.31529e-06
-2.20628e-06
-2.13565e-06
-2.08983e-06
-2.05559e-06
-2.0195e-06
-1.96895e-06
-1.89289e-06
-1.78601e-06
-1.65164e-06
-1.50999e-06
-1.39705e-06
-1.353e-06
-1.38314e-06
-1.39012e-06
-1.2669e-06
-9.52328e-07
-4.17566e-07
3.44127e-07
1.33189e-06
2.54052e-06
3.96176e-06
5.5817e-06
7.38266e-06
9.33762e-06
1.14117e-05
1.3563e-05
1.5744e-05
1.7901e-05
1.9973e-05
2.18868e-05
2.354e-05
2.484e-05
2.55697e-05
2.64725e-05
3.24859e-05
)
;

boundaryField
{
    inlet
    {
        type            uniformJump;
        patchType       cyclic;
        jump            uniform -2.5e-05;
        value           nonuniform List<scalar> 
40
(
6.9587e-07
7.09912e-07
7.24243e-07
7.38074e-07
7.52703e-07
7.69591e-07
7.91231e-07
8.22133e-07
8.69404e-07
9.42738e-07
1.05371e-06
1.2151e-06
1.44136e-06
1.7497e-06
2.16039e-06
2.69505e-06
3.37267e-06
4.20416e-06
5.18673e-06
6.29449e-06
7.41712e-06
8.37817e-06
9.09534e-06
9.60997e-06
9.96985e-06
1.02124e-05
1.03683e-05
1.04654e-05
1.05227e-05
1.05544e-05
1.05705e-05
1.05775e-05
1.05797e-05
1.05797e-05
1.0579e-05
1.05783e-05
1.05779e-05
1.0578e-05
1.05785e-05
1.05795e-05
)
;
        jumpTable       table;
        jumpTableCoeffs
        {
            values          
4
(
(0 -2.5e-05)
(25 -2.5e-05)
(25.5 -0.0001)
(26 -2.5e-05)
)
;
        }
    }
    outlet
    {
        type            uniformJump;
        patchType       cyclic;
        value           nonuniform List<scalar> 
40
(
-2.43041e-05
-2.42901e-05
-2.42758e-05
-2.42619e-05
-2.42473e-05
-2.42304e-05
-2.42088e-05
-2.41779e-05
-2.41306e-05
-2.40573e-05
-2.39463e-05
-2.37849e-05
-2.35586e-05
-2.32503e-05
-2.28396e-05
-2.23049e-05
-2.16273e-05
-2.07958e-05
-1.98133e-05
-1.87055e-05
-1.75829e-05
-1.66218e-05
-1.59047e-05
-1.539e-05
-1.50302e-05
-1.47876e-05
-1.46317e-05
-1.45346e-05
-1.44773e-05
-1.44456e-05
-1.44295e-05
-1.44225e-05
-1.44203e-05
-1.44203e-05
-1.4421e-05
-1.44217e-05
-1.44221e-05
-1.4422e-05
-1.44215e-05
-1.44205e-05
)
;
    }
    Walls
    {
        type            zeroGradient;
    }
    back
    {
        type            empty;
    }
    front
    {
        type            empty;
    }
}


// ************************************************************************* //
