/*--------------------------------*- C++ -*----------------------------------*\
| =========                 |                                                 |
| \\      /  F ield         | OpenFOAM: The Open Source CFD Toolbox           |
|  \\    /   O peration     | Version:  2312                                  |
|   \\  /    A nd           | Website:  www.openfoam.com                      |
|    \\/     M anipulation  |                                                 |
\*---------------------------------------------------------------------------*/
FoamFile
{
    version     2.0;
    format      ascii;
    arch        "LSB;label=32;scalar=64";
    class       volScalarField;
    location    "11.5";
    object      p;
}
// * * * * * * * * * * * * * * * * * * * * * * * * * * * * * * * * * * * * * //

dimensions      [0 2 -2 0 0 0 0];

internalField   nonuniform List<scalar> 
4800
(
7.7823e-12
-1.40717e-06
-2.57983e-06
-3.57387e-06
-4.42724e-06
-5.16502e-06
-5.81147e-06
-6.38412e-06
-6.89136e-06
-7.34546e-06
-7.75504e-06
-8.12219e-06
-8.44057e-06
-8.94086e-06
-1.05702e-05
1.5421e-08
-1.38915e-06
-2.55998e-06
-3.55286e-06
-4.40623e-06
-5.14507e-06
-5.79407e-06
-6.37072e-06
-6.88394e-06
-7.34776e-06
-7.776e-06
-8.18417e-06
-8.58707e-06
-9.09133e-06
-9.94479e-06
3.18792e-08
-1.36981e-06
-2.53875e-06
-3.53064e-06
-4.38389e-06
-5.1236e-06
-5.77347e-06
-6.35312e-06
-6.8711e-06
-7.34197e-06
-7.78099e-06
-8.20449e-06
-8.62179e-06
-9.04223e-06
-9.44568e-06
4.89256e-08
-1.34927e-06
-2.51578e-06
-3.50618e-06
-4.3587e-06
-5.09927e-06
-5.74832e-06
-6.32918e-06
-6.84927e-06
-7.32136e-06
-7.75843e-06
-8.16843e-06
-8.54443e-06
-8.85673e-06
-9.03757e-06
6.80619e-08
-1.32577e-06
-2.48909e-06
-3.47723e-06
-4.32812e-06
-5.06844e-06
-5.7163e-06
-6.29483e-06
-6.81295e-06
-7.27897e-06
-7.70106e-06
-8.0778e-06
-8.39116e-06
-8.60387e-06
-8.66214e-06
9.07611e-08
-1.29774e-06
-2.45693e-06
-3.44183e-06
-4.28994e-06
-5.02768e-06
-5.67348e-06
-6.24593e-06
-6.75592e-06
-7.2073e-06
-7.60243e-06
-7.9337e-06
-8.18088e-06
-8.3152e-06
-8.30914e-06
1.19199e-07
-1.26298e-06
-2.41695e-06
-3.3973e-06
-4.24099e-06
-4.97381e-06
-5.61391e-06
-6.17661e-06
-6.67138e-06
-7.09936e-06
-7.45851e-06
-7.73952e-06
-7.9269e-06
-8.00588e-06
-7.96973e-06
1.57025e-07
-1.2179e-06
-2.36535e-06
-3.33948e-06
-4.17652e-06
-4.90144e-06
-5.53137e-06
-6.0792e-06
-6.55195e-06
-6.94945e-06
-7.26808e-06
-7.50087e-06
-7.64012e-06
-7.68341e-06
-7.63576e-06
2.09742e-07
-1.15707e-06
-2.29651e-06
-3.26233e-06
-4.08989e-06
-4.80321e-06
-5.41816e-06
-5.94554e-06
-6.39064e-06
-6.75352e-06
-7.03186e-06
-7.22318e-06
-7.32732e-06
-7.34999e-06
-7.30124e-06
2.84583e-07
-1.07318e-06
-2.20281e-06
-3.15778e-06
-3.97255e-06
-4.67009e-06
-5.26524e-06
-5.76746e-06
-6.18141e-06
-6.50906e-06
-6.75115e-06
-6.91006e-06
-6.9911e-06
-7.00421e-06
-6.96069e-06
3.89775e-07
-9.57478e-07
-2.07497e-06
-3.01608e-06
-3.81438e-06
-4.49199e-06
-5.06313e-06
-5.53698e-06
-5.91936e-06
-6.2145e-06
-6.42687e-06
-6.56283e-06
-6.63088e-06
-6.64244e-06
-6.60826e-06
5.33638e-07
-8.00593e-07
-1.90284e-06
-2.82652e-06
-3.60462e-06
-4.25871e-06
-4.8031e-06
-5.24785e-06
-5.60077e-06
-5.86859e-06
-6.05894e-06
-6.18077e-06
-6.24394e-06
-6.25976e-06
-6.23778e-06
7.24302e-07
-5.92957e-07
-1.67592e-06
-2.57825e-06
-3.3327e-06
-3.96086e-06
-4.47784e-06
-4.89523e-06
-5.22289e-06
-5.47e-06
-5.64617e-06
-5.76157e-06
-5.82627e-06
-5.85065e-06
-5.84297e-06
9.69891e-07
-3.24701e-07
-1.38349e-06
-2.26039e-06
-2.98849e-06
-3.58992e-06
-4.08096e-06
-4.47481e-06
-4.78304e-06
-5.01652e-06
-5.18583e-06
-5.30138e-06
-5.3727e-06
-5.40903e-06
-5.41741e-06
1.27833e-06
1.4137e-08
-1.01477e-06
-1.86233e-06
-2.56233e-06
-3.13781e-06
-3.60614e-06
-3.98173e-06
-4.27721e-06
-4.50398e-06
-4.673e-06
-4.79425e-06
-4.87643e-06
-4.92761e-06
-4.95381e-06
1.6563e-06
4.32551e-07
-5.60033e-07
-1.37463e-06
-2.04574e-06
-2.59724e-06
-3.04714e-06
-3.41023e-06
-3.69935e-06
-3.92623e-06
-4.10088e-06
-4.23262e-06
-4.32935e-06
-4.39811e-06
-4.4441e-06
2.10716e-06
9.36339e-07
-1.2727e-08
-7.91067e-07
-1.43316e-06
-1.9632e-06
-2.39923e-06
-2.75572e-06
-3.04489e-06
-3.27745e-06
-3.46276e-06
-3.60932e-06
-3.72419e-06
-3.81344e-06
-3.88161e-06
2.62824e-06
1.52491e-06
6.2729e-07
-1.11579e-07
-7.24708e-07
-1.2356e-06
-1.66157e-06
-2.01615e-06
-2.31042e-06
-2.55383e-06
-2.7544e-06
-2.91992e-06
-3.05665e-06
-3.16976e-06
-3.26321e-06
3.2087e-06
2.18807e-06
1.35015e-06
6.54114e-07
7.0197e-08
-4.23096e-07
-8.41481e-07
-1.19695e-06
-1.49922e-06
-1.75661e-06
-1.97623e-06
-2.16413e-06
-2.32567e-06
-2.46545e-06
-2.58712e-06
3.82748e-06
2.90279e-06
2.13199e-06
1.48195e-06
9.27729e-07
4.50978e-07
3.82367e-08
-3.20552e-07
-6.33278e-07
-9.06524e-07
-1.14615e-06
-1.35729e-06
-1.5447e-06
-1.71249e-06
-1.86399e-06
4.42186e-06
3.59592e-06
2.89342e-06
2.28917e-06
1.76374e-06
1.3025e-06
8.94546e-07
5.31637e-07
2.07316e-07
-8.36466e-08
-3.45584e-07
-5.82381e-07
-7.98267e-07
-9.96641e-07
-1.1803e-06
4.90904e-06
4.16878e-06
3.5256e-06
2.96108e-06
2.46065e-06
2.01316e-06
1.61012e-06
1.24493e-06
9.1223e-07
6.07388e-07
3.26112e-07
6.49888e-08
-1.77661e-07
-4.04012e-07
-6.16535e-07
5.27328e-06
4.59973e-06
4.00266e-06
3.46872e-06
2.98719e-06
2.5496e-06
2.14926e-06
1.78076e-06
1.43965e-06
1.12217e-06
8.25301e-07
5.46831e-07
2.84391e-07
3.60844e-08
-1.99972e-07
5.5392e-06
4.91773e-06
4.35698e-06
3.84738e-06
3.38105e-06
2.95156e-06
2.55359e-06
2.18275e-06
1.83539e-06
1.50854e-06
1.19972e-06
9.06792e-07
6.27874e-07
3.61367e-07
1.05721e-07
5.73122e-06
5.15049e-06
4.61868e-06
4.12879e-06
3.67496e-06
3.25222e-06
2.85628e-06
2.48356e-06
2.13106e-06
1.79632e-06
1.47721e-06
1.1719e-06
8.78932e-07
5.96995e-07
3.248e-07
5.86858e-06
5.31992e-06
4.81122e-06
4.33721e-06
3.89347e-06
3.47607e-06
3.08155e-06
2.70695e-06
2.34981e-06
2.00807e-06
1.67999e-06
1.36415e-06
1.05931e-06
7.64367e-07
4.78265e-07
5.96599e-06
5.44279e-06
4.95255e-06
4.49126e-06
4.05554e-06
3.64223e-06
3.24852e-06
2.872e-06
2.51068e-06
2.16285e-06
1.82706e-06
1.50228e-06
1.18741e-06
8.81535e-07
5.83769e-07
6.03458e-06
5.5318e-06
5.05637e-06
4.6053e-06
4.17595e-06
3.76575e-06
3.37242e-06
2.99404e-06
2.62899e-06
2.27595e-06
1.93355e-06
1.60113e-06
1.27772e-06
9.62579e-07
6.54982e-07
6.08263e-06
5.59644e-06
5.13305e-06
4.69027e-06
4.26602e-06
3.8582e-06
3.46499e-06
3.08482e-06
2.7164e-06
2.35858e-06
2.01076e-06
1.67181e-06
1.34108e-06
1.01806e-06
7.02133e-07
6.11624e-06
5.64372e-06
5.19026e-06
4.75431e-06
4.3342e-06
3.92822e-06
3.53493e-06
3.15311e-06
2.78176e-06
2.41997e-06
2.06715e-06
1.72251e-06
1.38551e-06
1.05576e-06
7.32753e-07
6.13985e-06
5.67878e-06
5.23364e-06
4.80339e-06
4.38666e-06
3.98212e-06
3.58864e-06
3.2053e-06
2.83128e-06
2.46601e-06
2.10883e-06
1.75926e-06
1.41686e-06
1.08133e-06
7.52257e-07
6.15665e-06
5.70531e-06
5.26724e-06
4.84178e-06
4.42786e-06
4.02446e-06
3.63073e-06
3.24598e-06
2.86962e-06
2.5012e-06
2.14022e-06
1.78636e-06
1.43927e-06
1.09874e-06
7.64433e-07
6.1689e-06
5.72591e-06
5.29389e-06
4.87251e-06
4.46095e-06
4.05845e-06
3.66442e-06
3.27838e-06
2.89994e-06
2.52872e-06
2.16441e-06
1.80678e-06
1.45559e-06
1.1107e-06
7.71853e-07
6.17811e-06
5.74235e-06
5.31556e-06
4.89769e-06
4.48811e-06
4.08635e-06
3.69201e-06
3.30478e-06
2.92446e-06
2.55075e-06
2.18349e-06
1.82255e-06
1.46776e-06
1.11905e-06
7.76227e-07
6.1853e-06
5.75586e-06
5.3336e-06
4.91874e-06
4.51086e-06
4.1097e-06
3.71504e-06
3.32673e-06
2.9447e-06
2.56879e-06
2.19891e-06
1.83502e-06
1.47706e-06
1.12498e-06
7.78666e-07
6.19113e-06
5.7672e-06
5.34891e-06
4.93665e-06
4.53022e-06
4.12955e-06
3.73457e-06
3.34527e-06
2.96171e-06
2.58381e-06
2.2116e-06
1.84511e-06
1.48432e-06
1.12927e-06
7.7988e-07
6.19599e-06
5.77688e-06
5.36203e-06
4.95202e-06
4.54683e-06
4.14658e-06
3.75125e-06
3.36107e-06
2.97614e-06
2.59647e-06
2.22218e-06
1.85338e-06
1.4901e-06
1.13243e-06
7.80322e-07
6.20017e-06
5.7853e-06
5.37344e-06
4.96539e-06
4.56126e-06
4.16132e-06
3.76566e-06
3.37471e-06
2.98853e-06
2.60728e-06
2.23115e-06
1.8603e-06
1.49481e-06
1.13479e-06
7.80263e-07
6.20403e-06
5.79308e-06
5.384e-06
4.97774e-06
4.57457e-06
4.17485e-06
3.77895e-06
3.38722e-06
2.99984e-06
2.61709e-06
2.23923e-06
1.86646e-06
1.49889e-06
1.13667e-06
7.79838e-07
6.20762e-06
5.8006e-06
5.3942e-06
4.98967e-06
4.58744e-06
4.188e-06
3.79175e-06
3.39922e-06
3.01068e-06
2.62645e-06
2.24684e-06
1.87208e-06
1.50245e-06
1.13814e-06
7.7923e-07
-1.19377e-05
-9.6995e-06
-8.32288e-06
-7.39889e-06
-6.65742e-06
-6.08495e-06
-5.6364e-06
-5.28085e-06
-4.99784e-06
-4.77149e-06
-4.58913e-06
-4.44038e-06
-4.31666e-06
-4.21141e-06
-4.12045e-06
-4.04373e-06
-3.98659e-06
-3.96435e-06
-4.00399e-06
-4.14998e-06
-4.45824e-06
-4.9835e-06
-5.67622e-06
-6.3303e-06
-6.79045e-06
-6.98026e-06
-6.86246e-06
-6.42549e-06
-5.6699e-06
-4.60349e-06
-3.24018e-06
-1.60148e-06
2.82266e-07
2.37139e-06
4.61769e-06
6.96587e-06
9.35478e-06
1.17176e-05
1.39789e-05
1.60485e-05
1.78011e-05
1.90735e-05
1.94954e-05
1.8748e-05
1.56223e-05
-1.03226e-05
-9.16415e-06
-8.12313e-06
-7.30003e-06
-6.60416e-06
-6.04736e-06
-5.60448e-06
-5.25122e-06
-4.96956e-06
-4.74449e-06
-4.56362e-06
-4.41662e-06
-4.29493e-06
-4.19202e-06
-4.10375e-06
-4.03013e-06
-3.97653e-06
-3.95811e-06
-4.00141e-06
-4.14992e-06
-4.45797e-06
-4.97842e-06
-5.66163e-06
-6.30449e-06
-6.75454e-06
-6.93659e-06
-6.8136e-06
-6.37394e-06
-5.6184e-06
-4.55536e-06
-3.19991e-06
-1.5751e-06
2.86733e-07
2.34349e-06
4.54385e-06
6.82827e-06
9.12943e-06
1.13711e-05
1.34626e-05
1.52875e-05
1.66705e-05
1.7342e-05
1.67749e-05
1.42202e-05
8.70935e-06
-9.47544e-06
-8.74589e-06
-7.91562e-06
-7.18366e-06
-6.53844e-06
-6.0033e-06
-5.56939e-06
-5.22e-06
-4.94028e-06
-4.71666e-06
-4.53727e-06
-4.39197e-06
-4.27228e-06
-4.17173e-06
-4.08627e-06
-4.01598e-06
-3.96626e-06
-3.95209e-06
-3.9995e-06
-4.15084e-06
-4.45859e-06
-4.9734e-06
-5.64546e-06
-6.2751e-06
-6.71325e-06
-6.88619e-06
-6.75734e-06
-6.31515e-06
-5.56074e-06
-4.50341e-06
-3.1597e-06
-1.55471e-06
2.76675e-07
2.28922e-06
4.42761e-06
6.62696e-06
8.81247e-06
1.0897e-05
1.2774e-05
1.43031e-05
1.52814e-05
1.54039e-05
1.41978e-05
1.1145e-05
6.15171e-06
-8.93256e-06
-8.4032e-06
-7.73255e-06
-7.07346e-06
-6.47664e-06
-5.96447e-06
-5.54006e-06
-5.19412e-06
-4.91544e-06
-4.69221e-06
-4.5133e-06
-4.36888e-06
-4.25057e-06
-4.15199e-06
-4.06915e-06
-4.00217e-06
-3.95645e-06
-3.94677e-06
-3.99856e-06
-4.15288e-06
-4.46018e-06
-4.96858e-06
-5.62794e-06
-6.24236e-06
-6.66645e-06
-6.82821e-06
-6.69171e-06
-6.24567e-06
-5.49188e-06
-4.44089e-06
-3.11125e-06
-1.53068e-06
2.62628e-07
2.21951e-06
4.27982e-06
6.37251e-06
8.41482e-06
1.03093e-05
1.19368e-05
1.31454e-05
1.37316e-05
1.3429e-05
1.19156e-05
8.95127e-06
4.78799e-06
-8.50887e-06
-8.09971e-06
-7.55256e-06
-6.97677e-06
-6.42488e-06
-5.93564e-06
-5.52074e-06
-5.17722e-06
-4.89803e-06
-4.67353e-06
-4.49356e-06
-4.34872e-06
-4.23084e-06
-4.13357e-06
-4.053e-06
-3.98928e-06
-3.94774e-06
-3.94288e-06
-3.99939e-06
-4.15684e-06
-4.4634e-06
-4.96428e-06
-5.60896e-06
-6.20588e-06
-6.61381e-06
-6.76272e-06
-6.61757e-06
-6.16764e-06
-5.41564e-06
-4.37378e-06
-3.06302e-06
-1.51426e-06
2.30561e-07
2.11784e-06
4.08228e-06
6.04677e-06
7.92157e-06
9.60195e-06
1.09639e-05
1.18582e-05
1.21085e-05
1.15215e-05
9.92773e-06
7.28587e-06
3.87163e-06
-8.15092e-06
-7.82406e-06
-7.37246e-06
-6.87873e-06
-6.37973e-06
-5.91643e-06
-5.51271e-06
-5.17153e-06
-4.89078e-06
-4.66338e-06
-4.48058e-06
-4.33372e-06
-4.21493e-06
-4.11804e-06
-4.03918e-06
-3.97848e-06
-3.94122e-06
-3.94143e-06
-4.00295e-06
-4.16361e-06
-4.46893e-06
-4.96085e-06
-5.58843e-06
-6.16519e-06
-6.55466e-06
-6.6891e-06
-6.53467e-06
-6.08147e-06
-5.33352e-06
-4.30505e-06
-3.01987e-06
-1.51241e-06
1.71281e-07
1.97306e-06
3.82272e-06
5.63816e-06
7.32517e-06
8.77681e-06
9.87288e-06
1.04824e-05
1.04704e-05
9.72155e-06
8.18034e-06
5.91364e-06
3.17486e-06
-7.82394e-06
-7.56022e-06
-7.19318e-06
-6.76759e-06
-6.32653e-06
-5.89957e-06
-5.51148e-06
-5.17581e-06
-4.89439e-06
-4.66352e-06
-4.47659e-06
-4.32617e-06
-4.20506e-06
-4.1074e-06
-4.02947e-06
-3.97141e-06
-3.93833e-06
-3.94374e-06
-4.01045e-06
-4.17421e-06
-4.47757e-06
-4.95873e-06
-5.56632e-06
-6.11988e-06
-6.48833e-06
-6.60659e-06
-6.44239e-06
-5.98702e-06
-5.24622e-06
-4.23662e-06
-2.98525e-06
-1.53034e-06
7.79041e-08
1.77712e-06
3.49319e-06
5.14106e-06
6.62585e-06
7.84459e-06
8.68977e-06
9.05685e-06
8.85697e-06
8.03914e-06
6.61702e-06
4.69583e-06
2.48185e-06
-7.50769e-06
-7.29406e-06
-6.99793e-06
-6.64185e-06
-6.25705e-06
-5.871e-06
-5.50844e-06
-5.18437e-06
-4.90581e-06
-4.67293e-06
-4.48194e-06
-4.32725e-06
-4.20282e-06
-4.10342e-06
-4.02568e-06
-3.9698e-06
-3.94075e-06
-3.95139e-06
-4.0233e-06
-4.18983e-06
-4.49022e-06
-4.9584e-06
-5.54265e-06
-6.06956e-06
-6.41424e-06
-6.51463e-06
-6.34049e-06
-5.88476e-06
-5.15531e-06
-4.17157e-06
-2.96399e-06
-1.57463e-06
-5.75254e-08
1.52167e-06
3.0867e-06
4.55256e-06
5.82816e-06
6.82043e-06
7.44064e-06
7.61392e-06
7.29193e-06
6.46804e-06
5.18986e-06
3.56441e-06
1.74912e-06
-7.19197e-06
-7.01903e-06
-6.78127e-06
-6.48905e-06
-6.16195e-06
-5.8226e-06
-5.49257e-06
-5.18778e-06
-4.91802e-06
-4.687e-06
-4.49406e-06
-4.33595e-06
-4.20828e-06
-4.10688e-06
-4.029e-06
-3.9751e-06
-3.95003e-06
-3.96593e-06
-4.04296e-06
-4.21174e-06
-4.50782e-06
-4.96038e-06
-5.51741e-06
-6.01392e-06
-6.33201e-06
-6.4131e-06
-6.22947e-06
-5.77622e-06
-5.0638e-06
-4.11469e-06
-2.96278e-06
-1.6536e-06
-2.44132e-07
1.19822e-06
2.59756e-06
3.87243e-06
4.93991e-06
5.72125e-06
6.14905e-06
6.17606e-06
5.7844e-06
4.99305e-06
3.86083e-06
2.48172e-06
9.72617e-07
-6.87028e-06
-6.73144e-06
-6.54201e-06
-6.30599e-06
-6.03475e-06
-5.74464e-06
-5.45304e-06
-5.17493e-06
-4.92116e-06
-4.69791e-06
-4.50731e-06
-4.34858e-06
-4.21933e-06
-4.11687e-06
-4.03942e-06
-3.98789e-06
-3.96713e-06
-3.9885e-06
-4.0706e-06
-4.24098e-06
-4.53115e-06
-4.96506e-06
-5.49062e-06
-5.95281e-06
-6.24169e-06
-6.30263e-06
-6.11091e-06
-5.66439e-06
-4.97648e-06
-4.07273e-06
-2.99015e-06
-1.7769e-06
-4.91499e-07
7.99077e-07
2.02219e-06
3.10337e-06
3.9713e-06
4.56362e-06
4.83353e-06
4.75598e-06
4.33285e-06
3.59483e-06
2.59936e-06
1.42326e-06
1.52572e-07
-6.5367e-06
-6.42757e-06
-6.27896e-06
-6.09182e-06
-5.8722e-06
-5.63094e-06
-5.38117e-06
-5.13563e-06
-4.90483e-06
-4.69616e-06
-4.51372e-06
-4.35899e-06
-4.23159e-06
-4.13053e-06
-4.05528e-06
-4.00742e-06
-3.99193e-06
-4.01937e-06
-4.10667e-06
-4.278e-06
-4.56052e-06
-4.97262e-06
-5.46235e-06
-5.88646e-06
-6.14413e-06
-6.18508e-06
-5.98807e-06
-5.55427e-06
-4.90031e-06
-4.05458e-06
-3.05634e-06
-1.95509e-06
-8.08903e-07
3.18173e-07
1.35963e-06
2.25079e-06
2.93367e-06
3.36216e-06
3.50682e-06
3.35835e-06
2.92941e-06
2.25347e-06
1.38088e-06
3.72012e-07
-7.09853e-07
-6.1852e-06
-6.10294e-06
-5.98974e-06
-5.84528e-06
-5.67242e-06
-5.47792e-06
-5.2711e-06
-5.06203e-06
-4.85997e-06
-4.67241e-06
-4.50459e-06
-4.35962e-06
-4.23894e-06
-4.1432e-06
-4.07322e-06
-4.03141e-06
-4.02296e-06
-4.05764e-06
-4.15057e-06
-4.32236e-06
-4.59557e-06
-4.9829e-06
-5.43295e-06
-5.81591e-06
-6.04154e-06
-6.06428e-06
-5.86656e-06
-5.45346e-06
-4.84486e-06
-4.07127e-06
-3.17294e-06
-2.1988e-06
-1.20428e-06
-2.47997e-07
6.12013e-07
1.3224e-06
1.83867e-06
2.12892e-06
2.17676e-06
1.98267e-06
1.56368e-06
9.51047e-07
1.86279e-07
-6.84275e-07
-1.61396e-06
-5.80962e-06
-5.75246e-06
-5.67094e-06
-5.5643e-06
-5.43369e-06
-5.2831e-06
-5.11884e-06
-4.94841e-06
-4.77941e-06
-4.61868e-06
-4.47177e-06
-4.34279e-06
-4.23454e-06
-4.14914e-06
-4.08863e-06
-4.05628e-06
-4.05746e-06
-4.10116e-06
-4.20056e-06
-4.37264e-06
-4.63523e-06
-4.99552e-06
-5.40332e-06
-5.74362e-06
-5.93836e-06
-5.94679e-06
-5.75495e-06
-5.37242e-06
-4.82215e-06
-4.13548e-06
-3.35181e-06
-2.51745e-06
-1.68291e-06
-8.99358e-07
-2.1504e-07
3.28234e-07
6.9813e-07
8.74069e-07
8.48366e-07
6.26526e-07
2.25983e-07
-3.26508e-07
-9.98093e-07
-1.75375e-06
-2.55902e-06
-5.40375e-06
-5.37071e-06
-5.31838e-06
-5.24604e-06
-5.15395e-06
-5.0444e-06
-4.92151e-06
-4.79065e-06
-4.6577e-06
-4.52847e-06
-4.40822e-06
-4.30144e-06
-4.21177e-06
-4.14238e-06
-4.09635e-06
-4.07763e-06
-4.09172e-06
-4.14681e-06
-4.25398e-06
-4.42669e-06
-4.67797e-06
-5.01017e-06
-5.37528e-06
-5.67418e-06
-5.84216e-06
-5.84256e-06
-5.66492e-06
-5.32431e-06
-4.84598e-06
-4.26022e-06
-3.60353e-06
-2.9175e-06
-2.24592e-06
-1.63135e-06
-1.11201e-06
-7.19207e-07
-4.75399e-07
-3.92702e-07
-4.73879e-07
-7.11593e-07
-1.09022e-06
-1.58814e-06
-2.18017e-06
-2.84017e-06
-3.54272e-06
-4.96068e-06
-4.95159e-06
-4.92714e-06
-4.88682e-06
-4.83058e-06
-4.75969e-06
-4.67684e-06
-4.58576e-06
-4.49084e-06
-4.39679e-06
-4.30819e-06
-4.22944e-06
-4.16448e-06
-4.11711e-06
-4.09106e-06
-4.09074e-06
-4.12157e-06
-4.19091e-06
-4.30768e-06
-4.48215e-06
-4.72237e-06
-5.02729e-06
-5.35179e-06
-5.61498e-06
-5.76416e-06
-5.76406e-06
-5.61013e-06
-5.32376e-06
-4.93038e-06
-4.45697e-06
-3.93527e-06
-3.40064e-06
-2.88912e-06
-2.43443e-06
-2.06553e-06
-1.80488e-06
-1.66749e-06
-1.66069e-06
-1.78402e-06
-2.03032e-06
-2.38685e-06
-2.83697e-06
-3.36189e-06
-3.94237e-06
-4.55972e-06
-4.47293e-06
-4.48847e-06
-4.49169e-06
-4.48237e-06
-4.46045e-06
-4.4267e-06
-4.38289e-06
-4.33164e-06
-4.27616e-06
-4.22012e-06
-4.16737e-06
-4.12183e-06
-4.0874e-06
-4.06798e-06
-4.06761e-06
-4.09076e-06
-4.14265e-06
-4.22948e-06
-4.35854e-06
-4.53678e-06
-4.76832e-06
-5.04891e-06
-5.33911e-06
-5.57728e-06
-5.71677e-06
-5.72286e-06
-5.60544e-06
-5.38666e-06
-5.08878e-06
-4.73448e-06
-4.34987e-06
-3.96337e-06
-3.60317e-06
-3.29485e-06
-3.05954e-06
-2.91282e-06
-2.86439e-06
-2.91866e-06
-3.07427e-06
-3.32512e-06
-3.66142e-06
-4.0709e-06
-4.53992e-06
-5.05456e-06
-5.60118e-06
-3.93437e-06
-3.97596e-06
-4.00759e-06
-4.02933e-06
-4.04128e-06
-4.04406e-06
-4.03891e-06
-4.02769e-06
-4.01279e-06
-3.99703e-06
-3.98351e-06
-3.9756e-06
-3.97683e-06
-3.99086e-06
-4.02167e-06
-4.0734e-06
-4.15087e-06
-4.25904e-06
-4.40369e-06
-4.58906e-06
-4.81693e-06
-5.08168e-06
-5.34956e-06
-5.56926e-06
-5.7023e-06
-5.73163e-06
-5.66743e-06
-5.52816e-06
-5.33193e-06
-5.0975e-06
-4.84553e-06
-4.59772e-06
-4.37511e-06
-4.19639e-06
-4.07665e-06
-4.02643e-06
-4.0516e-06
-4.15531e-06
-4.33627e-06
-4.58981e-06
-4.90884e-06
-5.28467e-06
-5.70773e-06
-6.16817e-06
-6.65618e-06
-3.34266e-06
-3.41255e-06
-3.47421e-06
-3.52801e-06
-3.57436e-06
-3.61388e-06
-3.64759e-06
-3.67688e-06
-3.70358e-06
-3.72985e-06
-3.75819e-06
-3.79137e-06
-3.8324e-06
-3.88455e-06
-3.95129e-06
-4.03637e-06
-4.14374e-06
-4.27755e-06
-4.44167e-06
-4.63907e-06
-4.86982e-06
-5.12924e-06
-5.38544e-06
-5.5953e-06
-5.73722e-06
-5.80616e-06
-5.80829e-06
-5.75566e-06
-5.66213e-06
-5.54279e-06
-5.41359e-06
-5.29052e-06
-5.1886e-06
-5.12098e-06
-5.09813e-06
-5.12751e-06
-5.21368e-06
-5.35807e-06
-5.55963e-06
-5.81528e-06
-6.12033e-06
-6.469e-06
-6.85482e-06
-7.27099e-06
-7.71061e-06
-2.69639e-06
-2.79762e-06
-2.89201e-06
-2.98009e-06
-3.06254e-06
-3.14013e-06
-3.21381e-06
-3.28472e-06
-3.3543e-06
-3.42425e-06
-3.49656e-06
-3.57348e-06
-3.6575e-06
-3.75133e-06
-3.85787e-06
-3.9802e-06
-4.1215e-06
-4.2849e-06
-4.47314e-06
-4.68808e-06
-4.92941e-06
-5.19281e-06
-5.45036e-06
-5.66857e-06
-5.83753e-06
-5.95716e-06
-6.03074e-06
-6.06517e-06
-6.07015e-06
-6.05702e-06
-6.03761e-06
-6.02335e-06
-6.02464e-06
-6.05033e-06
-6.10753e-06
-6.20189e-06
-6.3371e-06
-6.51396e-06
-6.73191e-06
-6.9892e-06
-7.28308e-06
-7.60994e-06
-7.96562e-06
-8.3456e-06
-8.74516e-06
-2.00492e-06
-2.13952e-06
-2.26877e-06
-2.39316e-06
-2.51353e-06
-2.63076e-06
-2.74579e-06
-2.85963e-06
-2.97342e-06
-3.08854e-06
-3.20656e-06
-3.32926e-06
-3.45861e-06
-3.59677e-06
-3.74601e-06
-3.90873e-06
-4.08734e-06
-4.28415e-06
-4.50113e-06
-4.73952e-06
-4.99916e-06
-5.27731e-06
-5.55158e-06
-5.79624e-06
-6.00571e-06
-6.18119e-06
-6.32483e-06
-6.44082e-06
-6.53551e-06
-6.61666e-06
-6.69248e-06
-6.77088e-06
-6.85895e-06
-6.96273e-06
-7.08688e-06
-7.23464e-06
-7.40866e-06
-7.61074e-06
-7.84133e-06
-8.09981e-06
-8.38472e-06
-8.69402e-06
-9.02521e-06
-9.37551e-06
-9.74182e-06
-1.35451e-06
-1.52336e-06
-1.68784e-06
-1.84854e-06
-2.00635e-06
-2.16221e-06
-2.317e-06
-2.47162e-06
-2.62705e-06
-2.78442e-06
-2.94499e-06
-3.11019e-06
-3.2816e-06
-3.46089e-06
-3.64984e-06
-3.8503e-06
-4.06411e-06
-4.29303e-06
-4.53863e-06
-4.80205e-06
-5.08382e-06
-5.38357e-06
-5.68371e-06
-5.96185e-06
-6.21305e-06
-6.43873e-06
-6.6408e-06
-6.82231e-06
-6.98756e-06
-7.14173e-06
-7.29035e-06
-7.43871e-06
-7.59157e-06
-7.75293e-06
-7.92618e-06
-8.11426e-06
-8.31938e-06
-8.54276e-06
-8.78501e-06
-9.04617e-06
-9.32577e-06
-9.62288e-06
-9.9362e-06
-1.02641e-05
-1.06048e-05
-8.20306e-07
-1.01954e-06
-1.21531e-06
-1.40814e-06
-1.59883e-06
-1.78821e-06
-1.97711e-06
-2.16633e-06
-2.35672e-06
-2.54923e-06
-2.74493e-06
-2.94499e-06
-3.15069e-06
-3.36339e-06
-3.58451e-06
-3.81555e-06
-4.05802e-06
-4.3134e-06
-4.58314e-06
-4.86857e-06
-5.17093e-06
-5.49146e-06
-5.81494e-06
-6.1204e-06
-6.40323e-06
-6.6651e-06
-6.90793e-06
-7.13431e-06
-7.34744e-06
-7.55097e-06
-7.74872e-06
-7.94437e-06
-8.14129e-06
-8.34254e-06
-8.55086e-06
-8.76853e-06
-8.99708e-06
-9.23747e-06
-9.49037e-06
-9.75611e-06
-1.00347e-05
-1.03258e-05
-1.06288e-05
-1.09429e-05
-1.1267e-05
-4.281e-07
-6.522e-07
-8.7339e-07
-1.09219e-06
-1.30931e-06
-1.52547e-06
-1.74137e-06
-1.95771e-06
-2.17524e-06
-2.39477e-06
-2.6172e-06
-2.84353e-06
-3.07482e-06
-3.31222e-06
-3.55693e-06
-3.81022e-06
-4.07339e-06
-4.34783e-06
-4.63496e-06
-4.93627e-06
-5.25341e-06
-5.58815e-06
-5.92664e-06
-6.24928e-06
-6.55198e-06
-6.83662e-06
-7.10518e-06
-7.35994e-06
-7.60347e-06
-7.83853e-06
-8.06791e-06
-8.29429e-06
-8.52022e-06
-8.74798e-06
-8.97958e-06
-9.21666e-06
-9.46061e-06
-9.71242e-06
-9.9728e-06
-1.02422e-05
-1.05208e-05
-1.08086e-05
-1.11055e-05
-1.14109e-05
-1.17242e-05
-1.4279e-07
-3.87678e-07
-6.29978e-07
-8.7016e-07
-1.10883e-06
-1.34661e-06
-1.58408e-06
-1.82186e-06
-2.06057e-06
-2.30092e-06
-2.5437e-06
-2.78976e-06
-3.04e-06
-3.29541e-06
-3.55705e-06
-3.82601e-06
-4.10351e-06
-4.39082e-06
-4.68935e-06
-5.00062e-06
-5.32635e-06
-5.66842e-06
-6.0141e-06
-6.3455e-06
-6.65914e-06
-6.95703e-06
-7.24111e-06
-7.51338e-06
-7.77599e-06
-8.0311e-06
-8.28085e-06
-8.5273e-06
-8.77238e-06
-9.01785e-06
-9.26523e-06
-9.51589e-06
-9.77104e-06
-1.00316e-05
-1.02982e-05
-1.05715e-05
-1.08516e-05
-1.11387e-05
-1.14329e-05
-1.17339e-05
-1.20415e-05
5.91273e-08
-2.03126e-07
-4.62891e-07
-7.20586e-07
-9.76734e-07
-1.23185e-06
-1.48643e-06
-1.74099e-06
-1.99607e-06
-2.2523e-06
-2.51035e-06
-2.77096e-06
-3.03494e-06
-3.30313e-06
-3.57647e-06
-3.85596e-06
-4.1427e-06
-4.43787e-06
-4.74282e-06
-5.05901e-06
-5.38809e-06
-5.73186e-06
-6.07879e-06
-6.41289e-06
-6.73129e-06
-7.03595e-06
-7.32866e-06
-7.61121e-06
-7.88539e-06
-8.15298e-06
-8.4157e-06
-8.67519e-06
-8.93296e-06
-9.19044e-06
-9.44887e-06
-9.70933e-06
-9.97291e-06
-1.02404e-05
-1.05125e-05
-1.07896e-05
-1.10721e-05
-1.13602e-05
-1.16541e-05
-1.19536e-05
-1.22586e-05
1.98244e-07
-7.84021e-08
-3.5251e-07
-6.24454e-07
-8.94678e-07
-1.16361e-06
-1.43166e-06
-1.69926e-06
-1.96689e-06
-2.2351e-06
-2.50448e-06
-2.77568e-06
-3.04941e-06
-3.32641e-06
-3.60753e-06
-3.89366e-06
-4.18583e-06
-4.4851e-06
-4.79275e-06
-5.11009e-06
-5.43873e-06
-5.78026e-06
-6.12444e-06
-6.45725e-06
-6.77629e-06
-7.08339e-06
-7.38014e-06
-7.6681e-06
-7.94886e-06
-8.22391e-06
-8.49468e-06
-8.76252e-06
-9.02866e-06
-9.29429e-06
-9.56047e-06
-9.82818e-06
-1.00982e-05
-1.03713e-05
-1.06481e-05
-1.09289e-05
-1.12143e-05
-1.15044e-05
-1.17995e-05
-1.20994e-05
-1.24043e-05
2.91766e-07
3.18982e-09
-2.82701e-07
-5.66242e-07
-8.47802e-07
-1.12773e-06
-1.40636e-06
-1.68408e-06
-1.96131e-06
-2.23852e-06
-2.51624e-06
-2.79504e-06
-3.07555e-06
-3.35845e-06
-3.64449e-06
-3.93447e-06
-4.22934e-06
-4.53006e-06
-4.83781e-06
-5.15379e-06
-5.47948e-06
-5.81632e-06
-6.15528e-06
-6.48429e-06
-6.80136e-06
-7.10806e-06
-7.40579e-06
-7.69598e-06
-7.98002e-06
-8.25921e-06
-8.53478e-06
-8.80785e-06
-9.07947e-06
-9.35063e-06
-9.62225e-06
-9.89535e-06
-1.01704e-05
-1.0448e-05
-1.07289e-05
-1.10133e-05
-1.13018e-05
-1.15946e-05
-1.18918e-05
-1.21935e-05
-1.24997e-05
3.52931e-07
5.44271e-08
-2.41181e-07
-5.34189e-07
-8.24902e-07
-1.1136e-06
-1.40056e-06
-1.68613e-06
-1.97068e-06
-2.25463e-06
-2.53846e-06
-2.82266e-06
-3.1078e-06
-3.3945e-06
-3.68343e-06
-3.97533e-06
-4.27105e-06
-4.57146e-06
-4.87764e-06
-5.19068e-06
-5.51195e-06
-5.8427e-06
-6.17511e-06
-6.4989e-06
-6.8124e-06
-7.11691e-06
-7.41371e-06
-7.70409e-06
-7.98931e-06
-8.27049e-06
-8.5487e-06
-8.82493e-06
-9.1001e-06
-9.37505e-06
-9.65059e-06
-9.9276e-06
-1.02065e-05
-1.04879e-05
-1.07723e-05
-1.10602e-05
-1.13519e-05
-1.16476e-05
-1.19475e-05
-1.22518e-05
-1.25605e-05
3.91617e-07
8.48171e-08
-2.1884e-07
-5.19611e-07
-8.17741e-07
-1.11346e-06
-1.40701e-06
-1.6987e-06
-1.98885e-06
-2.27786e-06
-2.56614e-06
-2.85414e-06
-3.14238e-06
-3.43142e-06
-3.72186e-06
-4.01438e-06
-4.30975e-06
-4.60876e-06
-4.9124e-06
-5.22162e-06
-5.53773e-06
-5.86176e-06
-6.18702e-06
-6.50492e-06
-6.81398e-06
-7.1153e-06
-7.41004e-06
-7.69939e-06
-7.98447e-06
-8.26629e-06
-8.54577e-06
-8.82379e-06
-9.10119e-06
-9.37873e-06
-9.65708e-06
-9.93703e-06
-1.0219e-05
-1.05036e-05
-1.07911e-05
-1.10821e-05
-1.13769e-05
-1.16757e-05
-1.19788e-05
-1.22862e-05
-1.2598e-05
4.15071e-07
1.01298e-07
-2.09066e-07
-5.16243e-07
-8.20426e-07
-1.12181e-06
-1.42061e-06
-1.7171e-06
-2.01158e-06
-2.3044e-06
-2.59594e-06
-2.88661e-06
-3.17688e-06
-3.46726e-06
-3.75831e-06
-4.05063e-06
-4.34493e-06
-4.64193e-06
-4.94252e-06
-5.24756e-06
-5.55825e-06
-5.87544e-06
-6.19349e-06
-6.5053e-06
-6.80957e-06
-7.10721e-06
-7.39931e-06
-7.68695e-06
-7.97113e-06
-8.25274e-06
-8.53262e-06
-8.81156e-06
-9.09028e-06
-9.36947e-06
-9.64998e-06
-9.93222e-06
-1.02167e-05
-1.05038e-05
-1.07942e-05
-1.10881e-05
-1.13858e-05
-1.16878e-05
-1.1994e-05
-1.23047e-05
-1.26199e-05
4.28468e-07
1.08792e-07
-2.07208e-07
-5.19717e-07
-8.28887e-07
-1.13489e-06
-1.43792e-06
-1.73823e-06
-2.03609e-06
-2.33182e-06
-2.62577e-06
-2.91832e-06
-3.2099e-06
-3.50097e-06
-3.79205e-06
-4.0837e-06
-4.37654e-06
-4.67124e-06
-4.96862e-06
-5.26941e-06
-5.57473e-06
-5.88528e-06
-6.19638e-06
-6.50222e-06
-6.80166e-06
-7.09549e-06
-7.38472e-06
-7.67032e-06
-7.95318e-06
-8.23411e-06
-8.51388e-06
-8.79319e-06
-9.0727e-06
-9.35304e-06
-9.63503e-06
-9.91906e-06
-1.02055e-05
-1.04949e-05
-1.07877e-05
-1.10842e-05
-1.13848e-05
-1.16897e-05
-1.19991e-05
-1.23131e-05
-1.26318e-05
4.354e-07
1.10683e-07
-2.10097e-07
-5.27088e-07
-8.40417e-07
-1.15023e-06
-1.45673e-06
-1.76012e-06
-2.06066e-06
-2.35866e-06
-2.65442e-06
-2.9483e-06
-3.24071e-06
-3.53206e-06
-3.82284e-06
-4.11356e-06
-4.40479e-06
-4.69712e-06
-4.9913e-06
-5.28798e-06
-5.58819e-06
-5.89248e-06
-6.19705e-06
-6.49724e-06
-6.79203e-06
-7.08213e-06
-7.36847e-06
-7.65192e-06
-7.93327e-06
-8.21327e-06
-8.49261e-06
-8.77196e-06
-9.05191e-06
-9.33301e-06
-9.61607e-06
-9.90155e-06
-1.01897e-05
-1.0481e-05
-1.07759e-05
-1.10748e-05
-1.13779e-05
-1.16856e-05
-1.1998e-05
-1.23152e-05
-1.26373e-05
4.38283e-07
1.09224e-07
-2.15647e-07
-5.36449e-07
-8.53289e-07
-1.1663e-06
-1.47567e-06
-1.78159e-06
-2.08431e-06
-2.38409e-06
-2.68125e-06
-2.9761e-06
-3.26902e-06
-3.56042e-06
-3.85072e-06
-4.14039e-06
-4.42997e-06
-4.71999e-06
-5.01112e-06
-5.30394e-06
-5.59939e-06
-5.89791e-06
-6.19646e-06
-6.49139e-06
-6.78182e-06
-7.06839e-06
-7.35196e-06
-7.63328e-06
-7.91308e-06
-8.19204e-06
-8.4708e-06
-8.74997e-06
-9.03007e-06
-9.3117e-06
-9.5956e-06
-9.88225e-06
-1.01717e-05
-1.04647e-05
-1.07615e-05
-1.10625e-05
-1.1368e-05
-1.16782e-05
-1.19934e-05
-1.23136e-05
-1.2639e-05
4.38701e-07
1.05871e-07
-2.22534e-07
-5.46609e-07
-8.66448e-07
-1.18218e-06
-1.49396e-06
-1.802e-06
-2.10651e-06
-2.40774e-06
-2.70599e-06
-3.00157e-06
-3.29481e-06
-3.5861e-06
-3.87584e-06
-4.16445e-06
-4.45244e-06
-4.74027e-06
-5.02857e-06
-5.31783e-06
-5.60892e-06
-5.90217e-06
-6.19523e-06
-6.48535e-06
-6.77177e-06
-7.05508e-06
-7.33603e-06
-7.61533e-06
-7.89361e-06
-8.17151e-06
-8.44962e-06
-8.72853e-06
-9.00871e-06
-9.29052e-06
-9.57519e-06
-9.86278e-06
-1.01534e-05
-1.04477e-05
-1.07461e-05
-1.1049e-05
-1.13566e-05
-1.16692e-05
-1.19869e-05
-1.23099e-05
-1.26383e-05
4.37669e-07
1.0154e-07
-2.29941e-07
-5.56855e-07
-8.79283e-07
-1.19735e-06
-1.5112e-06
-1.82102e-06
-2.12703e-06
-2.42947e-06
-2.7286e-06
-3.02473e-06
-3.31817e-06
-3.60928e-06
-3.89843e-06
-4.18602e-06
-4.47251e-06
-4.75832e-06
-5.04402e-06
-5.33004e-06
-5.61717e-06
-5.90566e-06
-6.19376e-06
-6.47951e-06
-6.76229e-06
-7.04261e-06
-7.32116e-06
-7.59857e-06
-7.87541e-06
-8.15228e-06
-8.42972e-06
-8.70833e-06
-8.98835e-06
-9.27038e-06
-9.55573e-06
-9.84401e-06
-1.01356e-05
-1.04311e-05
-1.07309e-05
-1.10354e-05
-1.13449e-05
-1.16595e-05
-1.19796e-05
-1.23051e-05
-1.26362e-05
4.35827e-07
9.68029e-08
-2.37371e-07
-5.66761e-07
-8.91442e-07
-1.21153e-06
-1.52716e-06
-1.83852e-06
-2.14581e-06
-2.44925e-06
-2.74911e-06
-3.04567e-06
-3.33923e-06
-3.63012e-06
-3.9187e-06
-4.20533e-06
-4.49043e-06
-4.7744e-06
-5.05775e-06
-5.34085e-06
-5.62442e-06
-5.90863e-06
-6.19228e-06
-6.4741e-06
-6.75358e-06
-7.0312e-06
-7.30757e-06
-7.58324e-06
-7.85875e-06
-8.13464e-06
-8.41143e-06
-8.68968e-06
-8.96943e-06
-9.25184e-06
-9.53761e-06
-9.82641e-06
-1.01188e-05
-1.04153e-05
-1.07164e-05
-1.10224e-05
-1.13334e-05
-1.16499e-05
-1.1972e-05
-1.22998e-05
-1.26334e-05
4.33579e-07
9.20121e-08
-2.4452e-07
-5.76072e-07
-9.02716e-07
-1.22456e-06
-1.54173e-06
-1.85441e-06
-2.16279e-06
-2.46709e-06
-2.76756e-06
-3.06446e-06
-3.35809e-06
-3.64876e-06
-3.93679e-06
-4.22254e-06
-4.50639e-06
-4.7887e-06
-5.06993e-06
-5.35043e-06
-5.63083e-06
-5.91123e-06
-6.1909e-06
-6.4692e-06
-6.74574e-06
-7.02095e-06
-7.29535e-06
-7.56945e-06
-7.84374e-06
-8.11874e-06
-8.3949e-06
-8.67275e-06
-8.95236e-06
-9.23501e-06
-9.52103e-06
-9.8103e-06
-1.01034e-05
-1.04008e-05
-1.07029e-05
-1.10101e-05
-1.13227e-05
-1.16408e-05
-1.19647e-05
-1.22945e-05
-1.26303e-05
4.31122e-07
8.73009e-08
-2.51311e-07
-5.84766e-07
-9.13131e-07
-1.23651e-06
-1.55503e-06
-1.86885e-06
-2.17817e-06
-2.4832e-06
-2.78418e-06
-3.08136e-06
-3.37503e-06
-3.66547e-06
-3.953e-06
-4.23795e-06
-4.52067e-06
-4.80149e-06
-5.08083e-06
-5.359e-06
-5.63657e-06
-5.91356e-06
-6.18964e-06
-6.46479e-06
-6.73872e-06
-7.01177e-06
-7.2844e-06
-7.55709e-06
-7.83028e-06
-8.10445e-06
-8.38005e-06
-8.65753e-06
-8.93706e-06
-9.21976e-06
-9.50597e-06
-9.79565e-06
-1.00893e-05
-1.03875e-05
-1.06906e-05
-1.09988e-05
-1.13126e-05
-1.16321e-05
-1.19576e-05
-1.22892e-05
-1.2627e-05
4.28435e-07
8.24972e-08
-2.5806e-07
-5.9329e-07
-9.23253e-07
-1.24805e-06
-1.56781e-06
-1.88269e-06
-2.19287e-06
-2.49856e-06
-2.8e-06
-3.09742e-06
-3.3911e-06
-3.68131e-06
-3.96836e-06
-4.25253e-06
-4.53417e-06
-4.81358e-06
-5.09114e-06
-5.36712e-06
-5.64204e-06
-5.91581e-06
-6.18848e-06
-6.46064e-06
-6.73211e-06
-7.00313e-06
-7.27409e-06
-7.54543e-06
-7.81757e-06
-8.09095e-06
-8.366e-06
-8.64311e-06
-8.92251e-06
-9.20522e-06
-9.4916e-06
-9.78165e-06
-1.00758e-05
-1.03747e-05
-1.06786e-05
-1.09878e-05
-1.13028e-05
-1.16236e-05
-1.19506e-05
-1.22838e-05
-1.26234e-05
4.25719e-07
7.77611e-08
-2.6468e-07
-6.01644e-07
-9.33183e-07
-1.25939e-06
-1.58038e-06
-1.89631e-06
-2.20735e-06
-2.5137e-06
-2.81559e-06
-3.11325e-06
-3.40693e-06
-3.6969e-06
-3.98345e-06
-4.26685e-06
-4.54741e-06
-4.8254e-06
-5.10117e-06
-5.37496e-06
-5.64725e-06
-5.91792e-06
-6.18745e-06
-6.45678e-06
-6.72578e-06
-6.99472e-06
-7.26403e-06
-7.53404e-06
-7.80513e-06
-8.07771e-06
-8.35217e-06
-8.62893e-06
-8.90816e-06
-9.19085e-06
-9.47741e-06
-9.76781e-06
-1.00625e-05
-1.0362e-05
-1.06667e-05
-1.09769e-05
-1.1293e-05
-1.16152e-05
-1.19437e-05
-1.22785e-05
-1.26199e-05
-4.42208e-06
-9.95188e-06
-1.0657e-05
-1.10843e-05
-1.17221e-05
-1.24983e-05
-1.33812e-05
-1.43519e-05
-1.54007e-05
-1.65245e-05
-1.77236e-05
-1.90016e-05
-2.03658e-05
-2.18285e-05
-2.34087e-05
-1.89155e-06
-7.13172e-06
-9.12271e-06
-1.03007e-05
-1.13026e-05
-1.22578e-05
-1.3236e-05
-1.4262e-05
-1.53445e-05
-1.6489e-05
-1.77007e-05
-1.89861e-05
-2.03538e-05
-2.18172e-05
-2.3396e-05
-3.86057e-07
-5.26001e-06
-7.93458e-06
-9.59869e-06
-1.0889e-05
-1.20132e-05
-1.30881e-05
-1.41713e-05
-1.52886e-05
-1.64544e-05
-1.76789e-05
-1.89713e-05
-2.03422e-05
-2.1806e-05
-2.33828e-05
1.72832e-07
-4.09279e-06
-6.99231e-06
-8.96526e-06
-1.0484e-05
-1.1765e-05
-1.29383e-05
-1.40812e-05
-1.52346e-05
-1.64222e-05
-1.76594e-05
-1.89585e-05
-2.0332e-05
-2.17955e-05
-2.33697e-05
3.01562e-07
-3.20842e-06
-6.10544e-06
-8.30102e-06
-1.00309e-05
-1.14756e-05
-1.27609e-05
-1.39751e-05
-1.51725e-05
-1.63864e-05
-1.76386e-05
-1.89454e-05
-2.03216e-05
-2.17845e-05
-2.33554e-05
3.02866e-07
-2.61432e-06
-5.32919e-06
-7.62056e-06
-9.519e-06
-1.1124e-05
-1.25345e-05
-1.38358e-05
-1.50898e-05
-1.63386e-05
-1.76111e-05
-1.89284e-05
-2.03087e-05
-2.17712e-05
-2.33384e-05
1.56187e-07
-2.28454e-06
-4.73556e-06
-6.9941e-06
-8.98283e-06
-1.07168e-05
-1.22504e-05
-1.36493e-05
-1.49731e-05
-1.6268e-05
-1.75688e-05
-1.89018e-05
-2.02892e-05
-2.17526e-05
-2.33162e-05
-1.56061e-07
-2.20271e-06
-4.36453e-06
-6.49353e-06
-8.48218e-06
-1.02883e-05
-1.19198e-05
-1.34128e-05
-1.48129e-05
-1.61637e-05
-1.75018e-05
-1.88576e-05
-2.02566e-05
-2.17236e-05
-2.32849e-05
-6.10603e-07
-2.33648e-06
-4.21973e-06
-6.16528e-06
-8.07696e-06
-9.88877e-06
-1.15744e-05
-1.31399e-05
-1.46108e-05
-1.60203e-05
-1.74021e-05
-1.87871e-05
-2.02032e-05
-2.16775e-05
-2.32383e-05
-1.18121e-06
-2.64801e-06
-4.28119e-06
-6.02503e-06
-7.80856e-06
-9.56643e-06
-1.12553e-05
-1.28585e-05
-1.43811e-05
-1.58421e-05
-1.72673e-05
-1.86846e-05
-2.01217e-05
-2.16067e-05
-2.31692e-05
-1.84689e-06
-3.10365e-06
-4.51996e-06
-6.06597e-06
-7.69531e-06
-9.35531e-06
-1.10003e-05
-1.2601e-05
-1.41466e-05
-1.56419e-05
-1.71022e-05
-1.85493e-05
-2.00077e-05
-2.15047e-05
-2.30698e-05
-2.59278e-06
-3.67749e-06
-4.90812e-06
-6.27075e-06
-7.73806e-06
-9.27304e-06
-1.08367e-05
-1.23967e-05
-1.39327e-05
-1.54379e-05
-1.69175e-05
-1.83851e-05
-1.98602e-05
-2.1367e-05
-2.29335e-05
-3.40846e-06
-4.35056e-06
-5.42257e-06
-6.61988e-06
-7.92834e-06
-9.32489e-06
-1.07809e-05
-1.22676e-05
-1.37616e-05
-1.52492e-05
-1.67265e-05
-1.81994e-05
-1.96812e-05
-2.11913e-05
-2.27543e-05
-4.28507e-06
-5.10786e-06
-6.0442e-06
-7.09468e-06
-8.25351e-06
-9.50824e-06
-1.08405e-05
-1.22287e-05
-1.36517e-05
-1.5093e-05
-1.65432e-05
-1.80015e-05
-1.94746e-05
-2.09765e-05
-2.25272e-05
-5.21283e-06
-5.93523e-06
-6.75548e-06
-7.6768e-06
-8.69834e-06
-9.81482e-06
-1.10163e-05
-1.22889e-05
-1.36167e-05
-1.49846e-05
-1.63813e-05
-1.78012e-05
-1.92457e-05
-2.07231e-05
-2.22479e-05
-6.17973e-06
-6.81751e-06
-7.53853e-06
-8.34708e-06
-9.24492e-06
-1.02312e-05
-1.13019e-05
-1.24498e-05
-1.3665e-05
-1.49363e-05
-1.62534e-05
-1.76092e-05
-1.90013e-05
-2.04331e-05
-2.19136e-05
-7.17233e-06
-7.73863e-06
-8.37484e-06
-9.08536e-06
-9.8731e-06
-1.07396e-05
-1.16845e-05
-1.27054e-05
-1.37978e-05
-1.4955e-05
-1.61699e-05
-1.74362e-05
-1.87501e-05
-2.01117e-05
-2.1525e-05
-8.17464e-06
-8.68055e-06
-9.24423e-06
-9.86973e-06
-1.05602e-05
-1.13181e-05
-1.21452e-05
-1.30422e-05
-1.4008e-05
-1.50405e-05
-1.6136e-05
-1.72907e-05
-1.85015e-05
-1.9767e-05
-2.10879e-05
-9.1655e-06
-9.62033e-06
-1.0122e-05
-1.06739e-05
-1.12789e-05
-1.19397e-05
-1.26588e-05
-1.34383e-05
-1.42798e-05
-1.51837e-05
-1.61497e-05
-1.71769e-05
-1.82638e-05
-1.94095e-05
-2.06133e-05
-1.01254e-05
-1.05367e-05
-1.09849e-05
-1.14727e-05
-1.20025e-05
-1.25768e-05
-1.31981e-05
-1.38691e-05
-1.45924e-05
-1.537e-05
-1.62039e-05
-1.70951e-05
-1.80447e-05
-1.90529e-05
-2.01193e-05
-1.09597e-05
-1.13369e-05
-1.17428e-05
-1.21794e-05
-1.26484e-05
-1.31519e-05
-1.36922e-05
-1.42719e-05
-1.48936e-05
-1.55602e-05
-1.62743e-05
-1.70386e-05
-1.78554e-05
-1.87267e-05
-1.96534e-05
-1.16026e-05
-1.19557e-05
-1.23311e-05
-1.27301e-05
-1.31543e-05
-1.36053e-05
-1.40853e-05
-1.45963e-05
-1.51409e-05
-1.57218e-05
-1.6342e-05
-1.70046e-05
-1.77127e-05
-1.84694e-05
-1.92771e-05
-1.2047e-05
-1.23842e-05
-1.27392e-05
-1.3113e-05
-1.3507e-05
-1.39225e-05
-1.43613e-05
-1.48252e-05
-1.53165e-05
-1.58376e-05
-1.63913e-05
-1.69808e-05
-1.76095e-05
-1.82809e-05
-1.89983e-05
-1.2357e-05
-1.26843e-05
-1.30263e-05
-1.33838e-05
-1.37578e-05
-1.41495e-05
-1.45604e-05
-1.4992e-05
-1.54463e-05
-1.59255e-05
-1.64323e-05
-1.69694e-05
-1.75404e-05
-1.81487e-05
-1.87981e-05
-1.25705e-05
-1.28924e-05
-1.32267e-05
-1.3574e-05
-1.39352e-05
-1.43114e-05
-1.47037e-05
-1.51136e-05
-1.55427e-05
-1.5993e-05
-1.64668e-05
-1.69668e-05
-1.74961e-05
-1.80581e-05
-1.86564e-05
-1.27152e-05
-1.30349e-05
-1.33652e-05
-1.37068e-05
-1.40605e-05
-1.44271e-05
-1.48077e-05
-1.52035e-05
-1.56158e-05
-1.60464e-05
-1.64974e-05
-1.69711e-05
-1.74702e-05
-1.79981e-05
-1.8558e-05
-1.28115e-05
-1.31313e-05
-1.34605e-05
-1.37997e-05
-1.41496e-05
-1.45109e-05
-1.48845e-05
-1.52715e-05
-1.56729e-05
-1.60904e-05
-1.65257e-05
-1.69808e-05
-1.74581e-05
-1.79605e-05
-1.8491e-05
-1.28746e-05
-1.31959e-05
-1.35258e-05
-1.38649e-05
-1.42136e-05
-1.45726e-05
-1.49426e-05
-1.53245e-05
-1.57192e-05
-1.61281e-05
-1.65526e-05
-1.69945e-05
-1.74558e-05
-1.7939e-05
-1.84466e-05
-1.2915e-05
-1.32389e-05
-1.35708e-05
-1.39112e-05
-1.42604e-05
-1.46191e-05
-1.49878e-05
-1.53671e-05
-1.5758e-05
-1.61614e-05
-1.65786e-05
-1.7011e-05
-1.74603e-05
-1.79286e-05
-1.84181e-05
-1.29403e-05
-1.32674e-05
-1.36021e-05
-1.39446e-05
-1.42955e-05
-1.46551e-05
-1.50239e-05
-1.54024e-05
-1.57912e-05
-1.61912e-05
-1.66034e-05
-1.70289e-05
-1.74692e-05
-1.79258e-05
-1.84005e-05
-1.29558e-05
-1.32863e-05
-1.36241e-05
-1.39694e-05
-1.43225e-05
-1.46838e-05
-1.50536e-05
-1.54322e-05
-1.58202e-05
-1.62182e-05
-1.6627e-05
-1.70474e-05
-1.74805e-05
-1.79277e-05
-1.83903e-05
-1.29649e-05
-1.32989e-05
-1.36399e-05
-1.39881e-05
-1.43438e-05
-1.47072e-05
-1.50784e-05
-1.54578e-05
-1.58457e-05
-1.62426e-05
-1.6649e-05
-1.70655e-05
-1.74929e-05
-1.79324e-05
-1.83849e-05
-1.297e-05
-1.33073e-05
-1.36514e-05
-1.40026e-05
-1.43609e-05
-1.47265e-05
-1.50995e-05
-1.548e-05
-1.58683e-05
-1.62646e-05
-1.66692e-05
-1.70827e-05
-1.75056e-05
-1.79386e-05
-1.83823e-05
-1.29724e-05
-1.33129e-05
-1.36601e-05
-1.40141e-05
-1.4375e-05
-1.47428e-05
-1.51175e-05
-1.54993e-05
-1.58882e-05
-1.62842e-05
-1.66876e-05
-1.70987e-05
-1.75177e-05
-1.79452e-05
-1.83815e-05
-1.29733e-05
-1.33166e-05
-1.36666e-05
-1.40233e-05
-1.43866e-05
-1.47565e-05
-1.51331e-05
-1.55161e-05
-1.59056e-05
-1.63016e-05
-1.67041e-05
-1.71132e-05
-1.7529e-05
-1.79518e-05
-1.83817e-05
-1.29731e-05
-1.33191e-05
-1.36716e-05
-1.40307e-05
-1.43963e-05
-1.47682e-05
-1.51464e-05
-1.55307e-05
-1.59209e-05
-1.6317e-05
-1.67188e-05
-1.71263e-05
-1.75393e-05
-1.7958e-05
-1.83823e-05
-1.29723e-05
-1.33206e-05
-1.36755e-05
-1.40368e-05
-1.44044e-05
-1.47781e-05
-1.51578e-05
-1.55433e-05
-1.59342e-05
-1.63304e-05
-1.67317e-05
-1.71378e-05
-1.75484e-05
-1.79637e-05
-1.8383e-05
-1.29711e-05
-1.33216e-05
-1.36785e-05
-1.40417e-05
-1.44112e-05
-1.47866e-05
-1.51677e-05
-1.55542e-05
-1.59459e-05
-1.63422e-05
-1.67431e-05
-1.7148e-05
-1.75566e-05
-1.79687e-05
-1.83838e-05
-1.29695e-05
-1.3322e-05
-1.36809e-05
-1.40461e-05
-1.44173e-05
-1.47943e-05
-1.51767e-05
-1.55643e-05
-1.59566e-05
-1.63532e-05
-1.67536e-05
-1.71575e-05
-1.75642e-05
-1.79736e-05
-1.83846e-05
-1.29678e-05
-1.33222e-05
-1.36829e-05
-1.40498e-05
-1.44227e-05
-1.48012e-05
-1.5185e-05
-1.55736e-05
-1.59666e-05
-1.63634e-05
-1.67635e-05
-1.71664e-05
-1.75714e-05
-1.7978e-05
-1.83853e-05
-4.18735e-06
-4.187e-06
-4.19083e-06
-4.19816e-06
-4.20833e-06
-4.22068e-06
-4.23496e-06
-4.25099e-06
-4.26871e-06
-4.28816e-06
-4.30944e-06
-4.33269e-06
-4.35804e-06
-4.38557e-06
-4.41528e-06
-4.447e-06
-4.48042e-06
-4.51492e-06
-4.5495e-06
-4.5826e-06
-4.61203e-06
-4.63491e-06
-4.64549e-06
-4.63688e-06
-4.60371e-06
-4.54108e-06
-4.44449e-06
-4.31096e-06
-4.1401e-06
-3.93476e-06
-3.69666e-06
-3.43131e-06
-3.15584e-06
-2.88639e-06
-2.63875e-06
-2.4272e-06
-2.26422e-06
-2.15768e-06
-2.10848e-06
-2.11017e-06
-2.14982e-06
-2.21043e-06
-2.27562e-06
-2.32363e-06
-2.34353e-06
-4.1819e-06
-4.18226e-06
-4.1854e-06
-4.19072e-06
-4.19774e-06
-4.20643e-06
-4.21653e-06
-4.22794e-06
-4.24064e-06
-4.25468e-06
-4.27014e-06
-4.2871e-06
-4.30567e-06
-4.32594e-06
-4.34795e-06
-4.3717e-06
-4.39701e-06
-4.42352e-06
-4.45049e-06
-4.47664e-06
-4.49996e-06
-4.51743e-06
-4.52323e-06
-4.51127e-06
-4.47692e-06
-4.41581e-06
-4.32408e-06
-4.19929e-06
-4.04082e-06
-3.85008e-06
-3.63179e-06
-3.39748e-06
-3.1576e-06
-2.92309e-06
-2.70769e-06
-2.52572e-06
-2.38773e-06
-2.29851e-06
-2.2567e-06
-2.25508e-06
-2.28221e-06
-2.32489e-06
-2.37069e-06
-2.40984e-06
-2.43613e-06
-4.16811e-06
-4.17087e-06
-4.17497e-06
-4.18037e-06
-4.18692e-06
-4.19449e-06
-4.203e-06
-4.21243e-06
-4.22281e-06
-4.23421e-06
-4.24674e-06
-4.26052e-06
-4.27572e-06
-4.2925e-06
-4.31106e-06
-4.3316e-06
-4.35434e-06
-4.37944e-06
-4.40693e-06
-4.43654e-06
-4.46745e-06
-4.49777e-06
-4.52177e-06
-4.53216e-06
-4.52259e-06
-4.48663e-06
-4.41839e-06
-4.3136e-06
-4.17047e-06
-3.9901e-06
-3.77642e-06
-3.53934e-06
-3.29127e-06
-3.04643e-06
-2.82021e-06
-2.62717e-06
-2.47858e-06
-2.38038e-06
-2.3321e-06
-2.32718e-06
-2.35459e-06
-2.40118e-06
-2.45436e-06
-2.50632e-06
-2.55611e-06
-4.15011e-06
-4.15593e-06
-4.16161e-06
-4.16758e-06
-4.17406e-06
-4.181e-06
-4.1884e-06
-4.19634e-06
-4.20491e-06
-4.21425e-06
-4.22453e-06
-4.23596e-06
-4.24881e-06
-4.26343e-06
-4.28028e-06
-4.29996e-06
-4.3233e-06
-4.35137e-06
-4.38547e-06
-4.42704e-06
-4.47736e-06
-4.53648e-06
-4.59819e-06
-4.65169e-06
-4.68688e-06
-4.6935e-06
-4.6619e-06
-4.58558e-06
-4.46154e-06
-4.29054e-06
-4.07742e-06
-3.83106e-06
-3.565e-06
-3.29529e-06
-3.03953e-06
-2.81484e-06
-2.6354e-06
-2.51009e-06
-2.44101e-06
-2.42328e-06
-2.44644e-06
-2.49661e-06
-2.55958e-06
-2.62719e-06
-2.70048e-06
-4.13124e-06
-4.14045e-06
-4.14791e-06
-4.15474e-06
-4.16152e-06
-4.16829e-06
-4.17511e-06
-4.18213e-06
-4.18953e-06
-4.19751e-06
-4.20634e-06
-4.21632e-06
-4.22787e-06
-4.24157e-06
-4.25822e-06
-4.27898e-06
-4.30551e-06
-4.34013e-06
-4.38593e-06
-4.44672e-06
-4.52672e-06
-4.6289e-06
-4.74618e-06
-4.86171e-06
-4.95949e-06
-5.02366e-06
-5.03976e-06
-5.0004e-06
-4.90214e-06
-4.7449e-06
-4.53212e-06
-4.27364e-06
-3.98291e-06
-3.67747e-06
-3.37736e-06
-3.10317e-06
-2.87347e-06
-2.70199e-06
-2.59527e-06
-2.55158e-06
-2.56167e-06
-2.61068e-06
-2.68179e-06
-2.76518e-06
-2.8625e-06
-4.11435e-06
-4.12654e-06
-4.13575e-06
-4.1436e-06
-4.15092e-06
-4.15784e-06
-4.16448e-06
-4.17107e-06
-4.17786e-06
-4.18513e-06
-4.1932e-06
-4.20252e-06
-4.21366e-06
-4.22745e-06
-4.24509e-06
-4.26839e-06
-4.29999e-06
-4.34369e-06
-4.40474e-06
-4.48989e-06
-4.60694e-06
-4.76251e-06
-4.94838e-06
-5.13895e-06
-5.30997e-06
-5.43902e-06
-5.51127e-06
-5.51742e-06
-5.45136e-06
-5.3146e-06
-5.10584e-06
-4.83565e-06
-4.51827e-06
-4.17211e-06
-3.81918e-06
-3.48361e-06
-3.18913e-06
-2.95568e-06
-2.79598e-06
-2.7131e-06
-2.70007e-06
-2.74136e-06
-2.81714e-06
-2.91521e-06
-3.03735e-06
-4.10097e-06
-4.11579e-06
-4.12663e-06
-4.13548e-06
-4.14346e-06
-4.15071e-06
-4.15743e-06
-4.16389e-06
-4.17042e-06
-4.17736e-06
-4.18512e-06
-4.19424e-06
-4.20545e-06
-4.21984e-06
-4.23904e-06
-4.26548e-06
-4.30288e-06
-4.35663e-06
-4.43435e-06
-4.54609e-06
-4.70358e-06
-4.91748e-06
-5.17814e-06
-5.44887e-06
-5.69617e-06
-5.8969e-06
-6.03525e-06
-6.0947e-06
-6.06511e-06
-5.94402e-06
-5.74057e-06
-5.4622e-06
-5.12168e-06
-4.73704e-06
-4.33119e-06
-3.93103e-06
-3.56517e-06
-3.26026e-06
-3.03643e-06
-2.90312e-06
-2.85717e-06
-2.88336e-06
-2.95912e-06
-3.06975e-06
-3.21692e-06
-4.09222e-06
-4.10929e-06
-4.12157e-06
-4.13139e-06
-4.14004e-06
-4.14771e-06
-4.15461e-06
-4.1611e-06
-4.16754e-06
-4.17432e-06
-4.18192e-06
-4.19097e-06
-4.20235e-06
-4.21736e-06
-4.23801e-06
-4.26738e-06
-4.31019e-06
-4.37345e-06
-4.46724e-06
-4.60505e-06
-4.80273e-06
-5.07493e-06
-5.4113e-06
-5.76365e-06
-6.09014e-06
-6.36219e-06
-6.55699e-06
-6.65919e-06
-6.6619e-06
-6.56371e-06
-6.37056e-06
-6.08971e-06
-5.73312e-06
-5.31774e-06
-4.86618e-06
-4.40667e-06
-3.97152e-06
-3.59348e-06
-3.30046e-06
-3.10944e-06
-3.02269e-06
-3.02681e-06
-3.09744e-06
-3.21774e-06
-3.38914e-06
-4.08868e-06
-4.10768e-06
-4.12123e-06
-4.13194e-06
-4.14124e-06
-4.14932e-06
-4.15644e-06
-4.16296e-06
-4.16931e-06
-4.1759e-06
-4.18327e-06
-4.1921e-06
-4.20338e-06
-4.21861e-06
-4.24012e-06
-4.27155e-06
-4.31855e-06
-4.38966e-06
-4.49733e-06
-4.65859e-06
-4.89343e-06
-5.21946e-06
-5.62723e-06
-6.05576e-06
-6.45385e-06
-6.7872e-06
-7.03097e-06
-7.17109e-06
-7.20233e-06
-7.12415e-06
-6.9419e-06
-6.66269e-06
-6.29732e-06
-5.86106e-06
-5.37501e-06
-4.86715e-06
-4.37163e-06
-3.92589e-06
-3.56505e-06
-3.31398e-06
-3.18167e-06
-3.15821e-06
-3.21887e-06
-3.34541e-06
-3.53914e-06
-4.09056e-06
-4.11125e-06
-4.12594e-06
-4.13747e-06
-4.14736e-06
-4.1558e-06
-4.16305e-06
-4.16952e-06
-4.17563e-06
-4.18183e-06
-4.18869e-06
-4.19693e-06
-4.20761e-06
-4.22237e-06
-4.2438e-06
-4.276e-06
-4.32544e-06
-4.40204e-06
-4.52043e-06
-4.7012e-06
-4.96844e-06
-5.34103e-06
-5.81252e-06
-6.30815e-06
-6.76716e-06
-7.15103e-06
-7.4342e-06
-7.60373e-06
-7.656e-06
-7.59257e-06
-7.41929e-06
-7.14337e-06
-6.77456e-06
-6.32615e-06
-5.81705e-06
-5.27359e-06
-4.72999e-06
-4.22639e-06
-3.80413e-06
-3.49517e-06
-3.31592e-06
-3.26139e-06
-3.30804e-06
-3.43724e-06
-3.65051e-06
-4.09785e-06
-4.12011e-06
-4.13585e-06
-4.14813e-06
-4.15853e-06
-4.16723e-06
-4.17448e-06
-4.18069e-06
-4.18631e-06
-4.19179e-06
-4.19772e-06
-4.20483e-06
-4.21423e-06
-4.22765e-06
-4.24785e-06
-4.27932e-06
-4.32923e-06
-4.40866e-06
-4.53416e-06
-4.72949e-06
-5.02257e-06
-5.43647e-06
-5.96104e-06
-6.51329e-06
-7.02183e-06
-7.44492e-06
-7.75668e-06
-7.94572e-06
-8.01068e-06
-7.9556e-06
-7.78741e-06
-7.51383e-06
-7.1438e-06
-6.68884e-06
-6.16537e-06
-5.59737e-06
-5.01762e-06
-4.46709e-06
-3.99273e-06
-3.63108e-06
-3.40613e-06
-3.31898e-06
-3.34859e-06
-3.47701e-06
-3.70652e-06
-4.11042e-06
-4.13424e-06
-4.15099e-06
-4.16396e-06
-4.1748e-06
-4.18362e-06
-4.19066e-06
-4.19635e-06
-4.20113e-06
-4.20546e-06
-4.20993e-06
-4.21527e-06
-4.22261e-06
-4.23371e-06
-4.25149e-06
-4.28071e-06
-4.3291e-06
-4.40877e-06
-4.53791e-06
-4.74264e-06
-5.05447e-06
-5.50451e-06
-6.0728e-06
-6.67032e-06
-7.21737e-06
-7.66896e-06
-7.99918e-06
-8.19854e-06
-8.26822e-06
-8.21476e-06
-8.04658e-06
-7.77213e-06
-7.39998e-06
-6.94016e-06
-6.40689e-06
-5.8216e-06
-5.21467e-06
-4.62606e-06
-4.10974e-06
-3.70189e-06
-3.43385e-06
-3.31392e-06
-3.32443e-06
-3.44893e-06
-3.69114e-06
-4.12812e-06
-4.15357e-06
-4.17135e-06
-4.18499e-06
-4.19616e-06
-4.20493e-06
-4.21153e-06
-4.21636e-06
-4.21988e-06
-4.22256e-06
-4.22496e-06
-4.22783e-06
-4.23227e-06
-4.24009e-06
-4.25428e-06
-4.27982e-06
-4.32488e-06
-4.40246e-06
-4.5322e-06
-4.74175e-06
-5.06778e-06
-5.54576e-06
-6.14943e-06
-6.78261e-06
-7.35851e-06
-7.82935e-06
-8.16944e-06
-8.37131e-06
-8.43867e-06
-8.38039e-06
-8.20654e-06
-7.92644e-06
-7.54858e-06
-7.08207e-06
-6.53937e-06
-5.93974e-06
-5.3111e-06
-4.6902e-06
-4.13748e-06
-3.69048e-06
-3.3826e-06
-3.23056e-06
-3.22067e-06
-3.33849e-06
-3.58993e-06
-4.15087e-06
-4.1781e-06
-4.19695e-06
-4.21123e-06
-4.22263e-06
-4.23115e-06
-4.23701e-06
-4.2406e-06
-4.24238e-06
-4.24284e-06
-4.24254e-06
-4.24221e-06
-4.24294e-06
-4.24654e-06
-4.25606e-06
-4.27664e-06
-4.31681e-06
-4.39032e-06
-4.51815e-06
-4.72981e-06
-5.06542e-06
-5.56307e-06
-6.19488e-06
-6.85605e-06
-7.45284e-06
-7.93543e-06
-8.27855e-06
-8.47655e-06
-8.5356e-06
-8.46665e-06
-8.28129e-06
-7.98972e-06
-7.60068e-06
-7.12272e-06
-6.56722e-06
-5.95178e-06
-5.30279e-06
-4.65533e-06
-4.06518e-06
-3.58235e-06
-3.23851e-06
-3.05567e-06
-3.02453e-06
-3.13319e-06
-3.39062e-06
-4.17863e-06
-4.20787e-06
-4.22787e-06
-4.24276e-06
-4.25426e-06
-4.26231e-06
-4.26707e-06
-4.26898e-06
-4.26851e-06
-4.26615e-06
-4.26247e-06
-4.25821e-06
-4.25444e-06
-4.25297e-06
-4.25688e-06
-4.27141e-06
-4.30543e-06
-4.3733e-06
-4.49723e-06
-4.70875e-06
-5.04975e-06
-5.56092e-06
-6.21513e-06
-6.89764e-06
-7.50887e-06
-7.99742e-06
-8.33829e-06
-8.52737e-06
-8.57315e-06
-8.48825e-06
-8.28558e-06
-7.97616e-06
-7.5692e-06
-7.07295e-06
-6.49842e-06
-5.86214e-06
-5.18969e-06
-4.51647e-06
-3.88839e-06
-3.37006e-06
-2.99233e-06
-2.77919e-06
-2.7258e-06
-2.82286e-06
-3.08332e-06
-4.2115e-06
-4.243e-06
-4.26425e-06
-4.27971e-06
-4.29116e-06
-4.29844e-06
-4.30172e-06
-4.30144e-06
-4.29813e-06
-4.29231e-06
-4.28459e-06
-4.27571e-06
-4.26669e-06
-4.25939e-06
-4.2569e-06
-4.26454e-06
-4.29142e-06
-4.35246e-06
-4.47091e-06
-4.6801e-06
-5.02353e-06
-5.54441e-06
-6.216e-06
-6.9144e-06
-7.5351e-06
-8.0249e-06
-8.35927e-06
-8.53576e-06
-8.56419e-06
-8.45865e-06
-8.23308e-06
-7.8992e-06
-7.46659e-06
-6.94399e-06
-6.3423e-06
-5.67773e-06
-4.97515e-06
-4.27123e-06
-3.60626e-06
-3.04949e-06
-2.63767e-06
-2.39359e-06
-2.31668e-06
-2.39965e-06
-2.6605e-06
-4.24969e-06
-4.28374e-06
-4.30635e-06
-4.32232e-06
-4.3335e-06
-4.33966e-06
-4.34097e-06
-4.33794e-06
-4.33114e-06
-4.32119e-06
-4.30874e-06
-4.29458e-06
-4.27966e-06
-4.26588e-06
-4.25637e-06
-4.25647e-06
-4.27552e-06
-4.32891e-06
-4.44077e-06
-4.646e-06
-4.98985e-06
-5.5176e-06
-6.20233e-06
-6.91238e-06
-7.53871e-06
-8.02647e-06
-8.35137e-06
-8.51214e-06
-8.51973e-06
-8.38926e-06
-8.13538e-06
-7.77038e-06
-7.30427e-06
-6.74638e-06
-6.10801e-06
-5.40567e-06
-4.66487e-06
-3.9224e-06
-3.21829e-06
-2.6201e-06
-2.16996e-06
-1.89347e-06
-1.79178e-06
-1.85798e-06
-2.11707e-06
-4.29352e-06
-4.33044e-06
-4.3545e-06
-4.37088e-06
-4.38151e-06
-4.3861e-06
-4.38486e-06
-4.37839e-06
-4.3674e-06
-4.35259e-06
-4.33474e-06
-4.31472e-06
-4.29332e-06
-4.27252e-06
-4.25555e-06
-4.24769e-06
-4.25848e-06
-4.30372e-06
-4.4083e-06
-4.60853e-06
-4.95129e-06
-5.4837e-06
-6.17848e-06
-6.897e-06
-7.52602e-06
-8.00921e-06
-8.32234e-06
-8.46489e-06
-8.44864e-06
-8.28933e-06
-8.00204e-06
-7.59939e-06
-7.09186e-06
-6.48947e-06
-5.80437e-06
-5.05401e-06
-4.26451e-06
-3.47285e-06
-2.72641e-06
-2.08277e-06
-1.58915e-06
-1.27657e-06
-1.14823e-06
-1.19409e-06
-1.4505e-06
-4.34346e-06
-4.3836e-06
-4.40917e-06
-4.42577e-06
-4.43546e-06
-4.43791e-06
-4.4334e-06
-4.42272e-06
-4.40672e-06
-4.38628e-06
-4.36233e-06
-4.33588e-06
-4.30762e-06
-4.27938e-06
-4.25466e-06
-4.23862e-06
-4.24095e-06
-4.27782e-06
-4.37476e-06
-4.56942e-06
-4.91007e-06
-5.44552e-06
-6.14804e-06
-6.87259e-06
-7.50206e-06
-7.97873e-06
-8.27824e-06
-8.40054e-06
-8.35785e-06
-8.16615e-06
-7.84064e-06
-7.3941e-06
-6.8374e-06
-6.18136e-06
-5.43931e-06
-4.63013e-06
-3.7814e-06
-2.93168e-06
-2.1308e-06
-1.43559e-06
-8.97557e-07
-5.43542e-07
-3.85363e-07
-4.05983e-07
-6.59687e-07
-4.40012e-06
-4.44382e-06
-4.47094e-06
-4.48748e-06
-4.49569e-06
-4.49524e-06
-4.48659e-06
-4.47076e-06
-4.44885e-06
-4.42198e-06
-4.39131e-06
-4.35781e-06
-4.32223e-06
-4.28647e-06
-4.25385e-06
-4.2296e-06
-4.22349e-06
-4.25196e-06
-4.34128e-06
-4.53005e-06
-4.86799e-06
-5.40533e-06
-6.11381e-06
-6.84249e-06
-7.47069e-06
-7.93932e-06
-8.22373e-06
-8.32407e-06
-8.25261e-06
-8.02529e-06
-7.65712e-06
-7.16084e-06
-6.54764e-06
-5.82915e-06
-5.02011e-06
-4.14126e-06
-3.22227e-06
-2.30391e-06
-1.43808e-06
-6.83587e-07
-9.53389e-08
3.03958e-07
4.97185e-07
5.0048e-07
2.59496e-07
-4.46426e-06
-4.51189e-06
-4.54051e-06
-4.55655e-06
-4.56255e-06
-4.55825e-06
-4.54437e-06
-4.52228e-06
-4.49346e-06
-4.45933e-06
-4.42124e-06
-4.38014e-06
-4.33697e-06
-4.29366e-06
-4.25318e-06
-4.22086e-06
-4.20649e-06
-4.22682e-06
-4.30862e-06
-4.49149e-06
-4.8264e-06
-5.36483e-06
-6.0779e-06
-6.80923e-06
-7.43477e-06
-7.89413e-06
-8.16223e-06
-8.23911e-06
-8.13686e-06
-7.871e-06
-7.45615e-06
-6.90479e-06
-6.22832e-06
-5.43919e-06
-4.55366e-06
-3.59463e-06
-2.59433e-06
-1.59635e-06
-6.55224e-07
1.67743e-07
8.14311e-07
1.26132e-06
1.49421e-06
1.52104e-06
1.30596e-06
-4.53684e-06
-4.58877e-06
-4.61872e-06
-4.63365e-06
-4.63644e-06
-4.62704e-06
-4.60658e-06
-4.57695e-06
-4.54007e-06
-4.49775e-06
-4.45154e-06
-4.40246e-06
-4.35164e-06
-4.30073e-06
-4.2526e-06
-4.21252e-06
-4.19027e-06
-4.20283e-06
-4.27742e-06
-4.45454e-06
-4.78631e-06
-5.32527e-06
-6.04184e-06
-6.7746e-06
-7.39637e-06
-7.84543e-06
-8.09617e-06
-8.14833e-06
-8.01348e-06
-7.70654e-06
-7.24145e-06
-6.6303e-06
-5.88454e-06
-5.0174e-06
-4.04671e-06
-2.99767e-06
-1.90544e-06
-8.1686e-07
2.10213e-07
1.11145e-06
1.82432e-06
2.32283e-06
2.59844e-06
2.6503e-06
2.4736e-06
-4.61904e-06
-4.67562e-06
-4.70658e-06
-4.71948e-06
-4.71774e-06
-4.70166e-06
-4.673e-06
-4.63431e-06
-4.58812e-06
-4.53662e-06
-4.48167e-06
-4.42435e-06
-4.36578e-06
-4.30743e-06
-4.25197e-06
-4.20457e-06
-4.17495e-06
-4.18026e-06
-4.24808e-06
-4.41976e-06
-4.74839e-06
-5.2875e-06
-6.00668e-06
-6.73986e-06
-7.35689e-06
-7.79479e-06
-8.02728e-06
-8.0536e-06
-7.88462e-06
-7.53441e-06
-7.01608e-06
-6.34112e-06
-5.52095e-06
-4.56947e-06
-3.50603e-06
-2.35821e-06
-1.16419e-06
2.55631e-08
1.14946e-06
2.1395e-06
2.92638e-06
3.48317e-06
3.80868e-06
3.89301e-06
3.7509e-06
-4.71231e-06
-4.77387e-06
-4.80528e-06
-4.81486e-06
-4.80683e-06
-4.78208e-06
-4.74325e-06
-4.6938e-06
-4.63691e-06
-4.57527e-06
-4.51101e-06
-4.44524e-06
-4.37896e-06
-4.31342e-06
-4.25108e-06
-4.19693e-06
-4.16057e-06
-4.15923e-06
-4.22085e-06
-4.38747e-06
-4.71308e-06
-5.25206e-06
-5.97311e-06
-6.70583e-06
-7.31729e-06
-7.74326e-06
-7.95673e-06
-7.95627e-06
-7.75189e-06
-7.35663e-06
-6.78261e-06
-6.04065e-06
-5.14198e-06
-4.10106e-06
-2.93864e-06
-1.68457e-06
-3.80076e-07
9.20681e-07
2.15201e-06
3.24157e-06
4.1121e-06
4.73397e-06
5.11778e-06
5.24303e-06
5.13724e-06
-4.81848e-06
-4.88525e-06
-4.9162e-06
-4.92067e-06
-4.90402e-06
-4.86813e-06
-4.81681e-06
-4.75471e-06
-4.68565e-06
-4.613e-06
-4.53891e-06
-4.46454e-06
-4.39071e-06
-4.31838e-06
-4.24972e-06
-4.18947e-06
-4.14706e-06
-4.13978e-06
-4.19581e-06
-4.35783e-06
-4.68061e-06
-5.21927e-06
-5.94154e-06
-6.67301e-06
-7.27816e-06
-7.69154e-06
-7.88533e-06
-7.85732e-06
-7.61653e-06
-7.17486e-06
-6.54336e-06
-5.73205e-06
-4.75191e-06
-3.61784e-06
-2.35178e-06
-9.85623e-07
4.36537e-07
1.85693e-06
3.20551e-06
4.40515e-06
5.37161e-06
6.06392e-06
6.51031e-06
6.68438e-06
6.62695e-06
-4.93982e-06
-5.01187e-06
-5.04094e-06
-5.03781e-06
-5.00957e-06
-4.95947e-06
-4.89301e-06
-4.81619e-06
-4.73355e-06
-4.64899e-06
-4.56469e-06
-4.48173e-06
-4.40062e-06
-4.32199e-06
-4.24763e-06
-4.182e-06
-4.13431e-06
-4.12184e-06
-4.17294e-06
-4.33088e-06
-4.65106e-06
-5.18926e-06
-5.91217e-06
-6.64169e-06
-7.23987e-06
-7.64007e-06
-7.81363e-06
-7.75749e-06
-7.47956e-06
-6.99056e-06
-6.30041e-06
-5.41833e-06
-4.35497e-06
-3.12552e-06
-1.75291e-06
-2.70733e-07
1.27444e-06
2.82151e-06
4.29579e-06
5.61447e-06
6.69075e-06
7.46684e-06
7.97724e-06
8.20784e-06
8.20525e-06
-5.07917e-06
-5.1563e-06
-5.18133e-06
-5.16719e-06
-5.12352e-06
-5.05558e-06
-4.9711e-06
-4.87728e-06
-4.77971e-06
-4.68247e-06
-4.58774e-06
-4.49632e-06
-4.40833e-06
-4.32397e-06
-4.2446e-06
-4.17435e-06
-4.12216e-06
-4.10529e-06
-4.15216e-06
-4.30654e-06
-4.62439e-06
-5.16203e-06
-5.88506e-06
-6.61201e-06
-7.20261e-06
-7.58914e-06
-7.74205e-06
-7.65736e-06
-7.34185e-06
-6.80503e-06
-6.05572e-06
-5.10236e-06
-3.95526e-06
-2.62979e-06
-1.14961e-06
4.50418e-07
2.12181e-06
3.80066e-06
5.40787e-06
6.85411e-06
8.05091e-06
8.93061e-06
9.50906e-06
9.8054e-06
9.86504e-06
-5.24021e-06
-5.32168e-06
-5.33941e-06
-5.30963e-06
-5.24567e-06
-5.15577e-06
-5.04998e-06
-4.93696e-06
-4.82321e-06
-4.71275e-06
-4.60754e-06
-4.50794e-06
-4.41357e-06
-4.32412e-06
-4.24047e-06
-4.16638e-06
-4.11049e-06
-4.08997e-06
-4.13332e-06
-4.28468e-06
-4.60049e-06
-5.13748e-06
-5.86019e-06
-6.58397e-06
-7.16649e-06
-7.53893e-06
-7.67088e-06
-7.55742e-06
-7.20417e-06
-6.61948e-06
-5.81115e-06
-4.7869e-06
-3.55676e-06
-2.13622e-06
-5.49406e-07
1.16802e-06
2.96638e-06
4.77988e-06
6.52592e-06
8.10924e-06
9.43546e-06
1.04329e-05
1.10926e-05
1.14647e-05
1.1598e-05
-5.42766e-06
-5.5118e-06
-5.51736e-06
-5.46576e-06
-5.37563e-06
-5.259e-06
-5.12841e-06
-4.99417e-06
-4.8632e-06
-4.73921e-06
-4.62368e-06
-4.51635e-06
-4.4162e-06
-4.32234e-06
-4.23515e-06
-4.15799e-06
-4.09918e-06
-4.07576e-06
-4.11625e-06
-4.26512e-06
-4.57917e-06
-5.11548e-06
-5.83746e-06
-6.55757e-06
-7.13155e-06
-7.48959e-06
-7.60038e-06
-7.45808e-06
-7.06722e-06
-6.43503e-06
-5.56842e-06
-4.47454e-06
-3.16324e-06
-1.65011e-06
4.0422e-08
1.87241e-06
3.7958e-06
5.74399e-06
7.63225e-06
9.3605e-06
1.0827e-05
1.19528e-05
1.27119e-05
1.31714e-05
1.33936e-05
-5.64784e-06
-5.73127e-06
-5.71748e-06
-5.63588e-06
-5.51249e-06
-5.36376e-06
-5.20508e-06
-5.04787e-06
-4.89893e-06
-4.7614e-06
-4.63592e-06
-4.52144e-06
-4.41618e-06
-4.31862e-06
-4.22862e-06
-4.14912e-06
-4.08812e-06
-4.06252e-06
-4.10079e-06
-4.24768e-06
-4.56026e-06
-5.09585e-06
-5.81673e-06
-6.53271e-06
-7.0978e-06
-7.44119e-06
-7.53076e-06
-7.35975e-06
-6.93164e-06
-6.25271e-06
-5.32912e-06
-4.16766e-06
-2.77815e-06
-1.17639e-06
6.13053e-07
2.55435e-06
4.59789e-06
6.67758e-06
8.70816e-06
1.05863e-05
1.22025e-05
1.34691e-05
1.4349e-05
1.49106e-05
1.52427e-05
-5.90927e-06
-5.98552e-06
-5.94191e-06
-5.81976e-06
-5.65473e-06
-5.46844e-06
-5.27859e-06
-5.09703e-06
-4.92983e-06
-4.77905e-06
-4.64421e-06
-4.52326e-06
-4.4136e-06
-4.31307e-06
-4.22095e-06
-4.1398e-06
-4.07728e-06
-4.05014e-06
-4.08678e-06
-4.23215e-06
-4.54353e-06
-5.07839e-06
-5.79785e-06
-6.50932e-06
-7.06521e-06
-7.39381e-06
-7.46221e-06
-7.26278e-06
-6.79805e-06
-6.07348e-06
-5.09471e-06
-3.86841e-06
-2.40461e-06
-7.19459e-07
1.16233e-06
3.20534e-06
5.36115e-06
7.56546e-06
9.73447e-06
1.17639e-05
1.35379e-05
1.49584e-05
1.59786e-05
1.66644e-05
1.71361e-05
-6.22381e-06
-6.28083e-06
-6.19227e-06
-6.01611e-06
-5.8004e-06
-5.57106e-06
-5.3475e-06
-5.1408e-06
-4.95552e-06
-4.79211e-06
-4.64866e-06
-4.52201e-06
-4.40869e-06
-4.30586e-06
-4.21227e-06
-4.13009e-06
-4.06665e-06
-4.03854e-06
-4.07408e-06
-4.21836e-06
-4.52878e-06
-5.06289e-06
-5.78067e-06
-6.4873e-06
-7.03376e-06
-7.34752e-06
-7.39491e-06
-7.16749e-06
-6.66698e-06
-5.89819e-06
-4.86648e-06
-3.57866e-06
-2.04528e-06
-2.83077e-07
1.68296e-06
3.81794e-06
6.07515e-06
8.39328e-06
1.06921e-05
1.28692e-05
1.48056e-05
1.63938e-05
1.75721e-05
1.84097e-05
1.90649e-05
-6.60831e-06
-6.62411e-06
-6.46855e-06
-6.22357e-06
-5.94664e-06
-5.66944e-06
-5.41046e-06
-5.17858e-06
-4.97588e-06
-4.80073e-06
-4.64956e-06
-4.51802e-06
-4.40174e-06
-4.29724e-06
-4.20276e-06
-4.12008e-06
-4.05624e-06
-4.02767e-06
-4.06257e-06
-4.20613e-06
-4.51581e-06
-5.04917e-06
-5.76502e-06
-6.46655e-06
-7.00343e-06
-7.30237e-06
-7.32902e-06
-7.0742e-06
-6.53894e-06
-5.7276e-06
-4.64551e-06
-3.29996e-06
-1.70234e-06
1.29707e-07
2.17064e-06
4.38599e-06
6.73096e-06
9.1481e-06
1.15626e-05
1.38774e-05
1.59743e-05
1.77405e-05
1.90965e-05
2.01188e-05
2.10222e-05
-7.08693e-06
-7.02258e-06
-6.76942e-06
-6.43783e-06
-6.09003e-06
-5.76134e-06
-5.46638e-06
-5.21004e-06
-4.99106e-06
-4.80528e-06
-4.64736e-06
-4.51172e-06
-4.39315e-06
-4.28753e-06
-4.19264e-06
-4.10992e-06
-4.04611e-06
-4.01749e-06
-4.05214e-06
-4.1953e-06
-4.50444e-06
-5.03704e-06
-5.75077e-06
-6.44698e-06
-6.97419e-06
-7.25842e-06
-7.26468e-06
-6.98317e-06
-6.41434e-06
-5.56233e-06
-4.43272e-06
-3.03356e-06
-1.37746e-06
5.16607e-07
2.62219e-06
4.90484e-06
7.32156e-06
9.81906e-06
1.23293e-05
1.47639e-05
1.70105e-05
1.89575e-05
2.05087e-05
2.17541e-05
2.30036e-05
-7.69349e-06
-7.47683e-06
-7.09333e-06
-6.65351e-06
-6.2265e-06
-5.84464e-06
-5.51449e-06
-5.23523e-06
-5.00149e-06
-4.80632e-06
-4.64262e-06
-4.50363e-06
-4.38332e-06
-4.27705e-06
-4.18214e-06
-4.09974e-06
-4.03632e-06
-4.00799e-06
-4.04272e-06
-4.18574e-06
-4.4945e-06
-5.02633e-06
-5.73776e-06
-6.4285e-06
-6.94602e-06
-7.21573e-06
-7.20205e-06
-6.89465e-06
-6.29358e-06
-5.40296e-06
-4.22885e-06
-2.78044e-06
-1.07192e-06
8.75992e-07
3.03538e-06
5.37131e-06
7.84193e-06
1.03978e-05
1.29781e-05
1.55054e-05
1.78786e-05
1.99965e-05
2.17512e-05
2.32592e-05
2.50015e-05
-8.47476e-06
-7.98327e-06
-7.42744e-06
-6.86312e-06
-6.35161e-06
-5.91739e-06
-5.5544e-06
-5.25449e-06
-5.00777e-06
-4.80452e-06
-4.63596e-06
-4.49426e-06
-4.3727e-06
-4.26612e-06
-4.1715e-06
-4.0897e-06
-4.02693e-06
-3.99917e-06
-4.03422e-06
-4.17733e-06
-4.48584e-06
-5.01688e-06
-5.72587e-06
-6.41101e-06
-6.91886e-06
-7.17428e-06
-7.1412e-06
-6.80883e-06
-6.17699e-06
-5.24994e-06
-4.03454e-06
-2.54141e-06
-7.86705e-07
1.20665e-06
3.40872e-06
5.78327e-06
8.28867e-06
1.08781e-05
1.34975e-05
1.60807e-05
1.85422e-05
2.08013e-05
2.27468e-05
2.45444e-05
2.69884e-05
-9.47214e-06
-8.53324e-06
-7.75586e-06
-7.05701e-06
-6.46072e-06
-5.97808e-06
-5.58615e-06
-5.26847e-06
-5.01072e-06
-4.80066e-06
-4.62805e-06
-4.48417e-06
-4.36171e-06
-4.2551e-06
-4.16097e-06
-4.07994e-06
-4.01801e-06
-3.99101e-06
-4.02659e-06
-4.16995e-06
-4.47832e-06
-5.00855e-06
-5.71498e-06
-6.39442e-06
-6.89266e-06
-7.13406e-06
-7.08213e-06
-6.72575e-06
-6.06462e-06
-5.10339e-06
-3.84995e-06
-2.31665e-06
-5.21986e-07
1.50845e-06
3.74205e-06
6.14043e-06
8.66084e-06
1.12574e-05
1.38801e-05
1.64727e-05
1.89659e-05
2.13089e-05
2.3397e-05
2.54807e-05
2.89156e-05
-1.07832e-05
-9.10873e-06
-8.05586e-06
-7.22488e-06
-6.55095e-06
-6.02702e-06
-5.61116e-06
-5.27872e-06
-5.0117e-06
-4.79583e-06
-4.61974e-06
-4.47401e-06
-4.35084e-06
-4.24432e-06
-4.15078e-06
-4.07063e-06
-4.00964e-06
-3.98351e-06
-4.01974e-06
-4.16347e-06
-4.47177e-06
-5.00122e-06
-5.70505e-06
-6.37883e-06
-6.86759e-06
-7.09526e-06
-7.02497e-06
-6.64536e-06
-5.95618e-06
-4.96263e-06
-3.67386e-06
-2.10426e-06
-2.75011e-07
1.78514e-06
4.0403e-06
6.4489e-06
8.96557e-06
1.15428e-05
1.41312e-05
1.6679e-05
1.91284e-05
2.14587e-05
2.35836e-05
2.59182e-05
3.07869e-05
-1.25172e-05
-9.67591e-06
-8.29458e-06
-7.35728e-06
-6.62384e-06
-6.0681e-06
-5.63321e-06
-5.28829e-06
-5.01292e-06
-4.79154e-06
-4.612e-06
-4.46436e-06
-4.34042e-06
-4.23395e-06
-4.14103e-06
-4.0618e-06
-4.00184e-06
-3.97665e-06
-4.0136e-06
-4.15772e-06
-4.46598e-06
-4.99471e-06
-5.69617e-06
-6.36467e-06
-6.84444e-06
-7.0589e-06
-6.97085e-06
-6.56874e-06
-5.85246e-06
-4.82791e-06
-3.50568e-06
-1.90236e-06
-4.21034e-08
2.04282e-06
4.31262e-06
6.72162e-06
9.22029e-06
1.17569e-05
1.42779e-05
1.67274e-05
1.90452e-05
2.12134e-05
2.31551e-05
2.55664e-05
3.23065e-05
-1.39704e-05
-1.00273e-05
-8.41155e-06
-7.43476e-06
-6.67475e-06
-6.0996e-06
-5.65108e-06
-5.29603e-06
-5.01331e-06
-4.78683e-06
-4.604e-06
-4.45451e-06
-4.32985e-06
-4.22351e-06
-4.1313e-06
-4.05317e-06
-3.99445e-06
-3.97046e-06
-4.00835e-06
-4.15298e-06
-4.46115e-06
-4.98891e-06
-5.68779e-06
-6.35114e-06
-6.82258e-06
-7.02511e-06
-6.92122e-06
-6.49921e-06
-5.7592e-06
-4.70784e-06
-3.35718e-06
-1.72603e-06
1.58505e-07
2.26058e-06
4.53633e-06
6.93551e-06
9.40336e-06
1.18819e-05
1.4309e-05
1.66156e-05
1.87175e-05
2.05357e-05
2.19079e-05
2.35487e-05
3.00604e-05
)
;

boundaryField
{
    inlet
    {
        type            uniformJump;
        patchType       cyclic;
        jump            uniform -2.5e-05;
        value           nonuniform List<scalar> 
40
(
7.95648e-07
8.09688e-07
8.24527e-07
8.39609e-07
8.56336e-07
8.76196e-07
9.01487e-07
9.36077e-07
9.85712e-07
1.0577e-06
1.15997e-06
1.30006e-06
1.48498e-06
1.72133e-06
2.01523e-06
2.37138e-06
2.79108e-06
3.27018e-06
3.79768e-06
4.35407e-06
4.88423e-06
5.31599e-06
5.63749e-06
5.87055e-06
6.03739e-06
6.1553e-06
6.2375e-06
6.294e-06
6.33228e-06
6.35786e-06
6.37477e-06
6.3859e-06
6.39327e-06
6.39828e-06
6.40181e-06
6.40443e-06
6.40649e-06
6.40819e-06
6.40972e-06
6.41116e-06
)
;
        jumpTable       table;
        jumpTableCoeffs
        {
            values          
4
(
(0 -2.5e-05)
(25 -2.5e-05)
(25.5 -0.0001)
(26 -2.5e-05)
)
;
        }
    }
    outlet
    {
        type            uniformJump;
        patchType       cyclic;
        value           nonuniform List<scalar> 
40
(
-2.42044e-05
-2.41903e-05
-2.41755e-05
-2.41604e-05
-2.41437e-05
-2.41238e-05
-2.40985e-05
-2.40639e-05
-2.40143e-05
-2.39423e-05
-2.384e-05
-2.36999e-05
-2.3515e-05
-2.32787e-05
-2.29848e-05
-2.26286e-05
-2.22089e-05
-2.17298e-05
-2.12023e-05
-2.06459e-05
-2.01158e-05
-1.9684e-05
-1.93625e-05
-1.91295e-05
-1.89626e-05
-1.88447e-05
-1.87625e-05
-1.8706e-05
-1.86677e-05
-1.86421e-05
-1.86252e-05
-1.86141e-05
-1.86067e-05
-1.86017e-05
-1.85982e-05
-1.85956e-05
-1.85935e-05
-1.85918e-05
-1.85903e-05
-1.85888e-05
)
;
    }
    Walls
    {
        type            zeroGradient;
    }
    back
    {
        type            empty;
    }
    front
    {
        type            empty;
    }
}


// ************************************************************************* //
