/*--------------------------------*- C++ -*----------------------------------*\
| =========                 |                                                 |
| \\      /  F ield         | OpenFOAM: The Open Source CFD Toolbox           |
|  \\    /   O peration     | Version:  2312                                  |
|   \\  /    A nd           | Website:  www.openfoam.com                      |
|    \\/     M anipulation  |                                                 |
\*---------------------------------------------------------------------------*/
FoamFile
{
    version     2.0;
    format      ascii;
    arch        "LSB;label=32;scalar=64";
    class       volScalarField;
    location    "71.75";
    object      p;
}
// * * * * * * * * * * * * * * * * * * * * * * * * * * * * * * * * * * * * * //

dimensions      [0 2 -2 0 0 0 0];

internalField   nonuniform List<scalar> 
4800
(
-6.49578e-13
-1.89143e-06
-3.48923e-06
-4.85616e-06
-6.03496e-06
-7.05767e-06
-7.94977e-06
-8.73188e-06
-9.42743e-06
-1.00474e-05
-1.06015e-05
-1.10963e-05
-1.15269e-05
-1.21262e-05
-1.38847e-05
1.99443e-08
-1.86645e-06
-3.46057e-06
-4.82506e-06
-6.00261e-06
-7.0259e-06
-7.92031e-06
-8.70703e-06
-9.40977e-06
-1.0041e-05
-1.06156e-05
-1.11547e-05
-1.16764e-05
-1.22906e-05
-1.32589e-05
4.15609e-08
-1.83938e-06
-3.42965e-06
-4.79172e-06
-5.96823e-06
-6.99173e-06
-7.88827e-06
-8.67715e-06
-9.3846e-06
-1.00242e-05
-1.0611e-05
-1.11672e-05
-1.17054e-05
-1.22362e-05
-1.27401e-05
6.43452e-08
-1.8104e-06
-3.39614e-06
-4.75514e-06
-5.92993e-06
-6.95279e-06
-7.8502e-06
-8.64046e-06
-9.3482e-06
-9.98947e-06
-1.05749e-05
-1.11167e-05
-1.1611e-05
-1.20269e-05
-1.2294e-05
9.01265e-08
-1.77723e-06
-3.35735e-06
-4.71226e-06
-5.88425e-06
-6.90522e-06
-7.8012e-06
-8.59134e-06
-9.29468e-06
-9.92822e-06
-1.04977e-05
-1.10035e-05
-1.14296e-05
-1.17375e-05
-1.18709e-05
1.20447e-07
-1.73811e-06
-3.31126e-06
-4.66074e-06
-5.82843e-06
-6.84563e-06
-7.73743e-06
-8.52268e-06
-9.2166e-06
-9.83246e-06
-1.0372e-05
-1.08277e-05
-1.11806e-05
-1.14014e-05
-1.14617e-05
1.57281e-07
-1.69089e-06
-3.2554e-06
-4.59767e-06
-5.75894e-06
-6.76962e-06
-7.65344e-06
-8.42777e-06
-9.10519e-06
-9.69394e-06
-1.01926e-05
-1.05921e-05
-1.08777e-05
-1.10351e-05
-1.10583e-05
2.03715e-07
-1.63226e-06
-3.18602e-06
-4.5187e-06
-5.67067e-06
-6.67107e-06
-7.54197e-06
-8.29885e-06
-8.95176e-06
-9.50535e-06
-9.95754e-06
-1.03021e-05
-1.05323e-05
-1.06471e-05
-1.06532e-05
2.64025e-07
-1.55756e-06
-3.09781e-06
-4.4178e-06
-5.5567e-06
-6.5421e-06
-7.39429e-06
-8.12693e-06
-8.74815e-06
-9.26181e-06
-9.66716e-06
-9.96338e-06
-1.01519e-05
-1.02403e-05
-1.02411e-05
3.43098e-07
-1.46099e-06
-2.98404e-06
-4.28734e-06
-5.40848e-06
-6.37342e-06
-7.2008e-06
-7.90311e-06
-8.48801e-06
-8.96019e-06
-9.32293e-06
-9.58034e-06
-9.74004e-06
-9.81438e-06
-9.8172e-06
4.45358e-07
-1.33661e-06
-2.8372e-06
-4.11877e-06
-5.21664e-06
-6.15521e-06
-6.95212e-06
-7.61969e-06
-8.16652e-06
-8.59969e-06
-8.92632e-06
-9.15526e-06
-9.2974e-06
-9.36685e-06
-9.37701e-06
5.73839e-07
-1.1791e-06
-2.64992e-06
-3.90374e-06
-4.97227e-06
-5.8787e-06
-6.64063e-06
-7.27131e-06
-7.7813e-06
-8.18049e-06
-8.47922e-06
-8.68919e-06
-8.82296e-06
-8.89448e-06
-8.91589e-06
7.27025e-07
-9.83714e-07
-2.41585e-06
-3.63495e-06
-4.66815e-06
-5.53754e-06
-6.26168e-06
-6.85568e-06
-7.33238e-06
-7.70406e-06
-7.98312e-06
-8.1826e-06
-8.31529e-06
-8.39414e-06
-8.4298e-06
9.04482e-07
-7.50999e-07
-2.13577e-06
-3.30857e-06
-4.29989e-06
-5.12857e-06
-5.81391e-06
-6.37331e-06
-6.82159e-06
-7.17251e-06
-7.43936e-06
-7.63532e-06
-7.77258e-06
-7.86272e-06
-7.91495e-06
1.09963e-06
-4.91811e-07
-1.81204e-06
-2.92507e-06
-3.86685e-06
-4.65204e-06
-5.29912e-06
-5.827e-06
-6.2519e-06
-6.58811e-06
-6.84879e-06
-7.04648e-06
-7.19235e-06
-7.29658e-06
-7.36708e-06
1.30604e-06
-2.10496e-07
-1.45278e-06
-2.49569e-06
-3.37555e-06
-4.11207e-06
-4.72134e-06
-5.22091e-06
-5.62688e-06
-5.9531e-06
-6.21195e-06
-6.41492e-06
-6.57205e-06
-6.69213e-06
-6.78198e-06
1.50164e-06
9.03569e-08
-1.07366e-06
-2.03596e-06
-2.84183e-06
-3.52082e-06
-4.08932e-06
-4.56168e-06
-4.95138e-06
-5.27036e-06
-5.52961e-06
-5.73954e-06
-5.90909e-06
-6.04581e-06
-6.15546e-06
1.6539e-06
3.86281e-07
-6.78256e-07
-1.55778e-06
-2.28834e-06
-2.90217e-06
-3.42238e-06
-3.86394e-06
-4.23646e-06
-4.54788e-06
-4.80697e-06
-5.02303e-06
-5.20405e-06
-5.35643e-06
-5.48495e-06
1.74399e-06
6.42524e-07
-2.87707e-07
-1.07871e-06
-1.73287e-06
-2.28052e-06
-2.74637e-06
-3.15018e-06
-3.49984e-06
-3.79922e-06
-4.05436e-06
-4.27303e-06
-4.46213e-06
-4.62687e-06
-4.77114e-06
1.75759e-06
8.29522e-07
4.29404e-08
-6.30631e-07
-1.19327e-06
-1.66747e-06
-2.07933e-06
-2.44313e-06
-2.76415e-06
-3.0452e-06
-3.29112e-06
-3.50795e-06
-3.70093e-06
-3.87395e-06
-4.03008e-06
1.6999e-06
9.38096e-07
2.93639e-07
-2.55684e-07
-7.26455e-07
-1.13173e-06
-1.48913e-06
-1.80832e-06
-2.09387e-06
-2.34933e-06
-2.57875e-06
-2.78625e-06
-2.97541e-06
-3.14912e-06
-3.30988e-06
1.6056e-06
9.8768e-07
4.61419e-07
8.11359e-09
-3.86845e-07
-7.33721e-07
-1.04202e-06
-1.31937e-06
-1.57103e-06
-1.8006e-06
-2.01098e-06
-2.20488e-06
-2.38494e-06
-2.55345e-06
-2.71255e-06
1.53438e-06
1.0237e-06
5.84139e-07
2.01231e-07
-1.36018e-07
-4.35793e-07
-7.05328e-07
-9.50883e-07
-1.1769e-06
-1.38621e-06
-1.58101e-06
-1.76342e-06
-1.93557e-06
-2.09932e-06
-2.25635e-06
1.48968e-06
1.05649e-06
6.79501e-07
3.47845e-07
5.27424e-08
-2.12913e-07
-4.54938e-07
-6.77932e-07
-8.85254e-07
-1.07934e-06
-1.26223e-06
-1.43582e-06
-1.60188e-06
-1.76189e-06
-1.91727e-06
1.47141e-06
1.09338e-06
7.60935e-07
4.65336e-07
1.99399e-07
-4.2647e-08
-2.65322e-07
-4.72209e-07
-6.66198e-07
-8.49606e-07
-1.02438e-06
-1.19218e-06
-1.3545e-06
-1.5126e-06
-1.66772e-06
1.47549e-06
1.13596e-06
8.34223e-07
5.63142e-07
3.16931e-07
9.09242e-08
-1.1867e-07
-3.14992e-07
-5.00661e-07
-6.77799e-07
-8.48173e-07
-1.01325e-06
-1.17436e-06
-1.33265e-06
-1.48925e-06
1.49426e-06
1.1812e-06
9.00269e-07
6.45598e-07
4.12374e-07
1.96623e-07
-5.01001e-09
-1.9533e-07
-3.76671e-07
-5.50939e-07
-7.1975e-07
-8.84468e-07
-1.04634e-06
-1.20644e-06
-1.36583e-06
1.52041e-06
1.22566e-06
9.58781e-07
7.14866e-07
4.89778e-07
2.80054e-07
8.27083e-08
-1.04763e-07
-2.84458e-07
-4.58127e-07
-6.27286e-07
-7.93237e-07
-9.57173e-07
-1.12012e-06
-1.28313e-06
1.5487e-06
1.26684e-06
1.0095e-06
7.72502e-07
5.52302e-07
3.4584e-07
1.50435e-07
-3.61755e-08
-2.1591e-07
-3.90403e-07
-5.61097e-07
-7.29243e-07
-8.95998e-07
-1.06236e-06
-1.22936e-06
1.57591e-06
1.30341e-06
1.05265e-06
8.20144e-07
6.02821e-07
3.97934e-07
2.03056e-07
1.6127e-08
-1.64626e-07
-3.40741e-07
-5.13598e-07
-6.84406e-07
-8.54297e-07
-1.02425e-06
-1.19527e-06
1.60041e-06
1.33499e-06
1.08896e-06
8.59481e-07
6.43849e-07
4.39564e-07
2.4443e-07
5.6565e-08
-1.25681e-07
-3.03766e-07
-4.79015e-07
-6.52601e-07
-8.25634e-07
-9.99078e-07
-1.17394e-06
1.62161e-06
1.3618e-06
1.11937e-06
8.92067e-07
6.77458e-07
4.73269e-07
2.77515e-07
8.84685e-08
-9.54169e-08
-2.75528e-07
-4.5314e-07
-6.29397e-07
-8.05389e-07
-9.82072e-07
-1.16045e-06
1.63951e-06
1.38433e-06
1.14483e-06
9.19218e-07
7.05284e-07
5.00974e-07
3.04493e-07
1.14241e-07
-7.12355e-08
-2.5326e-07
-4.33062e-07
-6.11762e-07
-7.90432e-07
-9.70024e-07
-1.15153e-06
1.65439e-06
1.40319e-06
1.16618e-06
9.41991e-07
7.28572e-07
5.2409e-07
3.26911e-07
1.35549e-07
-5.137e-08
-2.35111e-07
-4.16865e-07
-5.97729e-07
-7.78762e-07
-9.60912e-07
-1.14517e-06
1.66662e-06
1.41893e-06
1.18414e-06
9.61207e-07
7.48245e-07
5.43621e-07
3.4584e-07
1.53513e-07
-3.46592e-08
-2.19892e-07
-4.03341e-07
-5.86083e-07
-7.69166e-07
-9.53534e-07
-1.14018e-06
1.67659e-06
1.43205e-06
1.19926e-06
9.77482e-07
7.64964e-07
5.6026e-07
3.61992e-07
1.68861e-07
-2.03703e-08
-2.06871e-07
-3.91766e-07
-5.76115e-07
-7.60955e-07
-9.47229e-07
-1.13593e-06
1.68467e-06
1.44296e-06
1.212e-06
9.91273e-07
7.792e-07
5.74481e-07
3.75841e-07
1.82056e-07
-8.05179e-09
-1.95613e-07
-3.81726e-07
-5.67434e-07
-7.53765e-07
-9.41663e-07
-1.13212e-06
1.69125e-06
1.4521e-06
1.22282e-06
1.00308e-06
7.91459e-07
5.86784e-07
3.8787e-07
1.93563e-07
2.73534e-09
-1.8571e-07
-3.72847e-07
-5.59705e-07
-7.47307e-07
-9.36593e-07
-1.12856e-06
1.69685e-06
1.46018e-06
1.23252e-06
1.01375e-06
8.02614e-07
5.98039e-07
3.98929e-07
2.04194e-07
1.27509e-08
-1.76464e-07
-3.64504e-07
-5.52386e-07
-7.41125e-07
-9.31662e-07
-1.125e-06
1.70156e-06
1.46729e-06
1.24122e-06
1.02343e-06
8.12802e-07
6.0837e-07
4.09118e-07
2.14016e-07
2.20282e-08
-1.67878e-07
-3.56736e-07
-5.45549e-07
-7.35324e-07
-9.27e-07
-1.12159e-06
-1.54604e-05
-1.31988e-05
-1.1791e-05
-1.08437e-05
-1.00691e-05
-9.45371e-06
-8.95053e-06
-8.52886e-06
-8.16925e-06
-7.85978e-06
-7.5923e-06
-7.36274e-06
-7.17075e-06
-7.02018e-06
-6.92082e-06
-6.89082e-06
-6.95659e-06
-7.16272e-06
-7.56786e-06
-8.2386e-06
-9.25487e-06
-1.06902e-05
-1.23839e-05
-1.39401e-05
-1.5131e-05
-1.58697e-05
-1.61205e-05
-1.58784e-05
-1.51526e-05
-1.39611e-05
-1.23297e-05
-1.0293e-05
-7.89603e-06
-5.19412e-06
-2.25168e-06
8.6033e-07
4.06687e-06
7.29038e-06
1.04496e-05
1.34551e-05
1.61943e-05
1.85253e-05
2.0132e-05
2.07808e-05
1.95139e-05
-1.37549e-05
-1.26146e-05
-1.15596e-05
-1.07206e-05
-9.99431e-06
-9.39534e-06
-8.89758e-06
-8.47715e-06
-8.11859e-06
-7.80961e-06
-7.54289e-06
-7.31457e-06
-7.12449e-06
-6.97668e-06
-6.88111e-06
-6.85605e-06
-6.92779e-06
-7.14088e-06
-7.55339e-06
-8.22994e-06
-9.24881e-06
-1.06823e-05
-1.23695e-05
-1.39173e-05
-1.51006e-05
-1.58333e-05
-1.60798e-05
-1.58345e-05
-1.51062e-05
-1.39138e-05
-1.22841e-05
-1.02534e-05
-7.86841e-06
-5.18698e-06
-2.27634e-06
7.88635e-07
3.92723e-06
7.05307e-06
1.00705e-05
1.28649e-05
1.52763e-05
1.70616e-05
1.77464e-05
1.66205e-05
1.26911e-05
-1.2852e-05
-1.21493e-05
-1.13178e-05
-1.05742e-05
-9.90117e-06
-9.32537e-06
-8.83678e-06
-8.42011e-06
-8.06294e-06
-7.75489e-06
-7.48924e-06
-7.26247e-06
-7.07471e-06
-6.93016e-06
-6.83905e-06
-6.81978e-06
-6.89847e-06
-7.11961e-06
-7.54054e-06
-8.22349e-06
-9.24481e-06
-1.06752e-05
-1.23535e-05
-1.38901e-05
-1.50632e-05
-1.57878e-05
-1.60285e-05
-1.57792e-05
-1.5049e-05
-1.38574e-05
-1.22327e-05
-1.02134e-05
-7.84886e-06
-5.19991e-06
-2.33777e-06
6.5747e-07
3.69768e-06
6.68554e-06
9.50896e-06
1.20287e-05
1.40507e-05
1.52893e-05
1.52929e-05
1.35155e-05
9.73414e-06
-1.22534e-05
-1.17566e-05
-1.10925e-05
-1.04268e-05
-9.80512e-06
-9.25485e-06
-8.77645e-06
-8.36372e-06
-8.00778e-06
-7.70025e-06
-7.43523e-06
-7.2097e-06
-7.02409e-06
-6.88283e-06
-6.79645e-06
-6.78339e-06
-6.86959e-06
-7.09945e-06
-7.52954e-06
-8.21929e-06
-9.24296e-06
-1.06695e-05
-1.23369e-05
-1.38595e-05
-1.50192e-05
-1.57326e-05
-1.59643e-05
-1.57083e-05
-1.49742e-05
-1.37825e-05
-1.21639e-05
-1.01597e-05
-7.82259e-06
-5.21766e-06
-2.42104e-06
4.80833e-07
3.39148e-06
6.20237e-06
8.78708e-06
1.09905e-05
1.26102e-05
1.33824e-05
1.29787e-05
1.11146e-05
7.91219e-06
-1.17728e-05
-1.13967e-05
-1.08629e-05
-1.02827e-05
-9.71094e-06
-9.18719e-06
-8.71944e-06
-8.31061e-06
-7.95556e-06
-7.64793e-06
-7.38299e-06
-7.15834e-06
-6.97477e-06
-6.83697e-06
-6.7557e-06
-6.74951e-06
-6.84395e-06
-7.08333e-06
-7.52327e-06
-8.21989e-06
-9.24516e-06
-1.0666e-05
-1.23195e-05
-1.38247e-05
-1.49677e-05
-1.56668e-05
-1.58873e-05
-1.56233e-05
-1.48853e-05
-1.36955e-05
-1.20872e-05
-1.01052e-05
-7.80657e-06
-5.26087e-06
-2.54988e-06
2.33411e-07
2.98464e-06
5.5864e-06
7.90416e-06
9.78074e-06
1.10313e-05
1.14513e-05
1.0849e-05
9.13782e-06
6.50867e-06
-1.13527e-05
-1.10595e-05
-1.06252e-05
-1.0127e-05
-9.61476e-06
-9.11934e-06
-8.66584e-06
-8.26256e-06
-7.90876e-06
-7.6008e-06
-7.33552e-06
-7.1114e-06
-6.92979e-06
-6.79562e-06
-6.71994e-06
-6.72131e-06
-6.82479e-06
-7.07445e-06
-7.52479e-06
-8.228e-06
-9.25348e-06
-1.06659e-05
-1.23014e-05
-1.37846e-05
-1.49066e-05
-1.55881e-05
-1.57951e-05
-1.55225e-05
-1.47817e-05
-1.35973e-05
-1.20058e-05
-1.0056e-05
-7.8096e-06
-5.34126e-06
-2.73826e-06
-9.94611e-08
2.46498e-06
4.83335e-06
6.87168e-06
8.43496e-06
9.37347e-06
9.55233e-06
8.88815e-06
7.40829e-06
5.31668e-06
-1.09572e-05
-1.07262e-05
-1.03783e-05
-9.95566e-06
-9.49935e-06
-9.04418e-06
-8.6121e-06
-8.21874e-06
-7.86851e-06
-7.56125e-06
-7.29595e-06
-7.07246e-06
-6.89292e-06
-6.76269e-06
-6.69309e-06
-6.70275e-06
-6.81599e-06
-7.07651e-06
-7.53757e-06
-8.24656e-06
-9.27012e-06
-1.06704e-05
-1.22824e-05
-1.3738e-05
-1.48339e-05
-1.54937e-05
-1.56846e-05
-1.54027e-05
-1.4661e-05
-1.34868e-05
-1.19203e-05
-1.00148e-05
-7.83687e-06
-5.4661e-06
-2.99452e-06
-5.25041e-07
1.82995e-06
3.95047e-06
5.71213e-06
6.9927e-06
7.68438e-06
7.71417e-06
7.07032e-06
5.82986e-06
4.17294e-06
-1.05661e-05
-1.03837e-05
-1.01072e-05
-9.7569e-06
-9.36194e-06
-8.95219e-06
-8.55057e-06
-8.17446e-06
-7.83286e-06
-7.52952e-06
-7.26618e-06
-7.04453e-06
-6.86795e-06
-6.74242e-06
-6.67971e-06
-6.69853e-06
-6.82223e-06
-7.094e-06
-7.5657e-06
-8.27897e-06
-9.29751e-06
-1.06808e-05
-1.22622e-05
-1.36831e-05
-1.47466e-05
-1.538e-05
-1.5552e-05
-1.52605e-05
-1.45207e-05
-1.33631e-05
-1.1832e-05
-9.98544e-06
-7.89445e-06
-5.64295e-06
-3.326e-06
-1.04767e-06
1.08199e-06
2.95104e-06
4.45177e-06
5.48992e-06
5.99719e-06
5.94646e-06
5.36526e-06
4.34255e-06
3.02299e-06
-1.01699e-05
-1.00267e-05
-9.80902e-06
-9.52502e-06
-9.19266e-06
-8.83452e-06
-8.47175e-06
-8.12174e-06
-7.79635e-06
-7.50279e-06
-7.24569e-06
-7.02893e-06
-6.85758e-06
-6.73853e-06
-6.68416e-06
-6.71342e-06
-6.84842e-06
-7.13171e-06
-7.61348e-06
-8.32864e-06
-9.33793e-06
-1.06979e-05
-1.224e-05
-1.36175e-05
-1.4641e-05
-1.52428e-05
-1.5393e-05
-1.50925e-05
-1.4359e-05
-1.32265e-05
-1.17438e-05
-9.97305e-06
-7.98941e-06
-5.87934e-06
-3.73849e-06
-1.66838e-06
2.2801e-07
1.852e-06
3.11651e-06
3.95493e-06
4.33075e-06
4.24577e-06
3.74423e-06
2.90906e-06
1.8519e-06
-9.76292e-06
-9.65296e-06
-9.48428e-06
-9.25903e-06
-8.98697e-06
-8.68371e-06
-8.36655e-06
-8.05144e-06
-7.7512e-06
-7.47536e-06
-7.23107e-06
-7.02442e-06
-6.86238e-06
-6.75302e-06
-6.7095e-06
-6.75116e-06
-6.89864e-06
-7.19377e-06
-7.68509e-06
-8.39803e-06
-9.39257e-06
-1.07215e-05
-1.22136e-05
-1.35374e-05
-1.45158e-05
-1.50773e-05
-1.52034e-05
-1.48956e-05
-1.41746e-05
-1.30783e-05
-1.16594e-05
-9.9838e-06
-8.12892e-06
-6.18162e-06
-4.23502e-06
-2.38423e-06
-7.21094e-07
6.72079e-07
1.72928e-06
2.40758e-06
2.69269e-06
2.60163e-06
2.1823e-06
1.50464e-06
6.53361e-07
-9.3406e-06
-9.26022e-06
-9.13348e-06
-8.95991e-06
-8.74409e-06
-8.49603e-06
-8.2287e-06
-7.95564e-06
-7.68917e-06
-7.43981e-06
-7.2164e-06
-7.02688e-06
-6.88005e-06
-6.78516e-06
-6.75625e-06
-6.81311e-06
-6.97467e-06
-7.28206e-06
-7.7813e-06
-8.48727e-06
-9.4604e-06
-1.07497e-05
-1.2179e-05
-1.34374e-05
-1.43589e-05
-1.48781e-05
-1.49788e-05
-1.46674e-05
-1.39678e-05
-1.29214e-05
-1.15843e-05
-1.00244e-05
-8.31954e-06
-6.55407e-06
-4.81523e-06
-3.1884e-06
-1.7517e-06
-5.70335e-07
3.08564e-07
8.60055e-07
1.08354e-06
1.0021e-06
6.58787e-07
1.11388e-07
-5.76635e-07
-8.89844e-06
-8.84567e-06
-8.75615e-06
-8.62852e-06
-8.46455e-06
-8.27017e-06
-8.05457e-06
-7.82853e-06
-7.60296e-06
-7.3883e-06
-7.19416e-06
-7.02972e-06
-6.90516e-06
-6.83079e-06
-6.82139e-06
-6.89693e-06
-7.07471e-06
-7.39496e-06
-7.90004e-06
-8.5918e-06
-9.53743e-06
-1.07777e-05
-1.21302e-05
-1.331e-05
-1.41667e-05
-1.46395e-05
-1.47159e-05
-1.44072e-05
-1.37407e-05
-1.27605e-05
-1.15247e-05
-1.01015e-05
-8.56637e-06
-6.99807e-06
-5.47505e-06
-4.07074e-06
-2.84871e-06
-1.85838e-06
-1.13167e-06
-6.81337e-07
-5.01e-07
-5.67246e-07
-8.43284e-07
-1.284e-06
-1.84166e-06
-8.4324e-06
-8.40628e-06
-8.35089e-06
-8.2649e-06
-8.14866e-06
-8.00558e-06
-7.84188e-06
-7.66574e-06
-7.48632e-06
-7.31322e-06
-7.15604e-06
-7.02447e-06
-6.92953e-06
-6.88218e-06
-6.89782e-06
-6.99564e-06
-7.19207e-06
-7.52717e-06
-8.02933e-06
-8.70378e-06
-9.61747e-06
-1.07957e-05
-1.20579e-05
-1.31469e-05
-1.39322e-05
-1.43569e-05
-1.44131e-05
-1.41166e-05
-1.34976e-05
-1.26019e-05
-1.14877e-05
-1.0221e-05
-8.87199e-06
-7.51136e-06
-6.20656e-06
-5.01824e-06
-3.99631e-06
-3.1769e-06
-2.58075e-06
-2.2132e-06
-2.06528e-06
-2.11611e-06
-2.33606e-06
-2.6909e-06
-3.14462e-06
-7.93862e-06
-7.93873e-06
-7.9155e-06
-7.86792e-06
-7.79589e-06
-7.70136e-06
-7.5885e-06
-7.46338e-06
-7.33339e-06
-7.20691e-06
-7.09294e-06
-7.00105e-06
-6.94246e-06
-6.92824e-06
-6.97415e-06
-7.09765e-06
-7.31496e-06
-7.66462e-06
-8.15674e-06
-8.81522e-06
-9.68964e-06
-1.07869e-05
-1.19478e-05
-1.29384e-05
-1.36486e-05
-1.40275e-05
-1.40715e-05
-1.38002e-05
-1.32456e-05
-1.24536e-05
-1.14801e-05
-1.03865e-05
-9.2355e-06
-8.08754e-06
-6.99812e-06
-6.01556e-06
-5.17814e-06
-4.51176e-06
-4.02953e-06
-3.7328e-06
-3.61267e-06
-3.6521e-06
-3.82825e-06
-4.11539e-06
-4.48682e-06
-7.41263e-06
-7.4388e-06
-7.4464e-06
-7.43486e-06
-7.40408e-06
-7.35529e-06
-7.2914e-06
-7.21696e-06
-7.13781e-06
-7.06097e-06
-6.99453e-06
-6.94745e-06
-6.93038e-06
-6.95448e-06
-7.03435e-06
-7.18641e-06
-7.42601e-06
-7.78431e-06
-8.27443e-06
-8.90791e-06
-9.72999e-06
-1.07366e-05
-1.17861e-05
-1.26757e-05
-1.33117e-05
-1.36514e-05
-1.36953e-05
-1.34654e-05
-1.29935e-05
-1.23235e-05
-1.1507e-05
-1.05985e-05
-9.65184e-06
-8.71616e-06
-7.835e-06
-7.04581e-06
-6.3777e-06
-5.84935e-06
-5.46908e-06
-5.23646e-06
-5.14401e-06
-5.17874e-06
-5.32373e-06
-5.56007e-06
-5.8681e-06
-6.84993e-06
-6.90191e-06
-6.9392e-06
-6.96167e-06
-6.96946e-06
-6.96354e-06
-6.94612e-06
-6.92066e-06
-6.89186e-06
-6.86554e-06
-6.84872e-06
-6.84941e-06
-6.87729e-06
-6.9426e-06
-7.05855e-06
-7.24012e-06
-7.5012e-06
-7.86399e-06
-8.34852e-06
-8.95388e-06
-9.71462e-06
-1.06277e-05
-1.15631e-05
-1.23528e-05
-1.29204e-05
-1.32325e-05
-1.32917e-05
-1.31207e-05
-1.27498e-05
-1.22179e-05
-1.157e-05
-1.0853e-05
-1.01113e-05
-9.38272e-06
-8.69993e-06
-8.09122e-06
-7.57883e-06
-7.17668e-06
-6.89039e-06
-6.71915e-06
-6.65741e-06
-6.69594e-06
-6.82272e-06
-7.02423e-06
-7.28623e-06
-6.24588e-06
-6.32314e-06
-6.38882e-06
-6.44322e-06
-6.4868e-06
-6.52057e-06
-6.54635e-06
-6.56696e-06
-6.58622e-06
-6.60896e-06
-6.64118e-06
-6.68979e-06
-6.76315e-06
-6.87047e-06
-7.02303e-06
-7.23355e-06
-7.51514e-06
-7.87918e-06
-8.34819e-06
-8.9238e-06
-9.62386e-06
-1.04417e-05
-1.12669e-05
-1.19647e-05
-1.24758e-05
-1.27761e-05
-1.2869e-05
-1.2775e-05
-1.25209e-05
-1.21394e-05
-1.16669e-05
-1.11421e-05
-1.06003e-05
-1.00698e-05
-9.57391e-06
-9.13372e-06
-8.76608e-06
-8.4816e-06
-8.28466e-06
-8.17502e-06
-8.14914e-06
-8.20096e-06
-8.32239e-06
-8.50412e-06
-8.73615e-06
-5.59686e-06
-5.69801e-06
-5.7901e-06
-5.87379e-06
-5.94988e-06
-6.01952e-06
-6.0844e-06
-6.14689e-06
-6.21017e-06
-6.27822e-06
-6.35602e-06
-6.44946e-06
-6.56562e-06
-6.71262e-06
-6.89979e-06
-7.13697e-06
-7.43661e-06
-7.79666e-06
-8.24907e-06
-8.79236e-06
-9.43156e-06
-1.01589e-05
-1.08869e-05
-1.15089e-05
-1.19813e-05
-1.22885e-05
-1.24341e-05
-1.24338e-05
-1.23082e-05
-1.2084e-05
-1.17895e-05
-1.14537e-05
-1.11034e-05
-1.07591e-05
-1.04384e-05
-1.01565e-05
-9.92564e-06
-9.75367e-06
-9.64464e-06
-9.59935e-06
-9.61615e-06
-9.69139e-06
-9.81997e-06
-9.99584e-06
-1.02123e-05
-4.90161e-06
-5.02368e-06
-5.13893e-06
-5.24817e-06
-5.35249e-06
-5.4532e-06
-5.55193e-06
-5.65082e-06
-5.75254e-06
-5.86035e-06
-5.97824e-06
-6.1109e-06
-6.26372e-06
-6.44343e-06
-6.65729e-06
-6.91246e-06
-7.2168e-06
-7.58652e-06
-8.02449e-06
-8.53418e-06
-9.11766e-06
-9.76818e-06
-1.04189e-05
-1.09868e-05
-1.14415e-05
-1.17746e-05
-1.19885e-05
-1.20934e-05
-1.21033e-05
-1.20372e-05
-1.19176e-05
-1.17642e-05
-1.15949e-05
-1.14257e-05
-1.127e-05
-1.11386e-05
-1.10394e-05
-1.09783e-05
-1.09595e-05
-1.09848e-05
-1.10539e-05
-1.11647e-05
-1.13144e-05
-1.14995e-05
-1.17156e-05
-4.17506e-06
-4.31346e-06
-4.44679e-06
-4.5761e-06
-4.70273e-06
-4.82813e-06
-4.95393e-06
-5.08202e-06
-5.21471e-06
-5.35473e-06
-5.5054e-06
-5.67042e-06
-5.85399e-06
-6.06051e-06
-6.29366e-06
-6.5605e-06
-6.86779e-06
-7.23673e-06
-7.65757e-06
-8.1348e-06
-8.67231e-06
-9.266e-06
-9.86523e-06
-1.04045e-05
-1.08626e-05
-1.12374e-05
-1.15301e-05
-1.17448e-05
-1.18904e-05
-1.198e-05
-1.20275e-05
-1.20455e-05
-1.20467e-05
-1.20431e-05
-1.20441e-05
-1.20562e-05
-1.20848e-05
-1.21351e-05
-1.22109e-05
-1.23144e-05
-1.24461e-05
-1.26054e-05
-1.27908e-05
-1.30007e-05
-1.32328e-05
-3.46259e-06
-3.61102e-06
-3.7563e-06
-3.89939e-06
-4.04165e-06
-4.18457e-06
-4.32973e-06
-4.47888e-06
-4.63396e-06
-4.79722e-06
-4.9714e-06
-5.15955e-06
-5.36559e-06
-5.59515e-06
-5.85204e-06
-6.14101e-06
-6.44601e-06
-6.80583e-06
-7.21329e-06
-7.66909e-06
-8.17683e-06
-8.73533e-06
-9.30636e-06
-9.83963e-06
-1.03205e-05
-1.07469e-05
-1.11172e-05
-1.1433e-05
-1.16992e-05
-1.19229e-05
-1.21122e-05
-1.22761e-05
-1.24235e-05
-1.25615e-05
-1.26956e-05
-1.28305e-05
-1.2971e-05
-1.31214e-05
-1.32848e-05
-1.3463e-05
-1.3657e-05
-1.38671e-05
-1.40931e-05
-1.43344e-05
-1.459e-05
-2.86624e-06
-3.01768e-06
-3.16785e-06
-3.31756e-06
-3.46807e-06
-3.62076e-06
-3.77713e-06
-3.93876e-06
-4.10739e-06
-4.28501e-06
-4.47376e-06
-4.67612e-06
-4.89468e-06
-5.13081e-06
-5.38886e-06
-5.67474e-06
-6.01755e-06
-6.38613e-06
-6.78893e-06
-7.23563e-06
-7.72995e-06
-8.27298e-06
-8.83531e-06
-9.37528e-06
-9.88045e-06
-1.03485e-05
-1.07775e-05
-1.11677e-05
-1.15212e-05
-1.18418e-05
-1.21353e-05
-1.24074e-05
-1.2663e-05
-1.29062e-05
-1.31413e-05
-1.33725e-05
-1.36035e-05
-1.3837e-05
-1.40752e-05
-1.43196e-05
-1.45713e-05
-1.48312e-05
-1.50995e-05
-1.53761e-05
-1.56605e-05
-2.40991e-06
-2.56269e-06
-2.71567e-06
-2.86971e-06
-3.02598e-06
-3.1858e-06
-3.35056e-06
-3.5217e-06
-3.70081e-06
-3.88962e-06
-4.09006e-06
-4.30443e-06
-4.53561e-06
-4.78642e-06
-5.06144e-06
-5.36384e-06
-5.69999e-06
-6.06536e-06
-6.46567e-06
-6.90742e-06
-7.39412e-06
-7.92863e-06
-8.48726e-06
-9.0334e-06
-9.55522e-06
-1.00507e-05
-1.05181e-05
-1.09569e-05
-1.13683e-05
-1.17548e-05
-1.21198e-05
-1.24661e-05
-1.27969e-05
-1.31155e-05
-1.34251e-05
-1.37286e-05
-1.40282e-05
-1.43255e-05
-1.46224e-05
-1.492e-05
-1.52195e-05
-1.55217e-05
-1.58267e-05
-1.61349e-05
-1.6446e-05
-2.07068e-06
-2.22453e-06
-2.37984e-06
-2.53752e-06
-2.69871e-06
-2.86463e-06
-3.03656e-06
-3.21583e-06
-3.40391e-06
-3.60243e-06
-3.81326e-06
-4.03852e-06
-4.28034e-06
-4.54138e-06
-4.8245e-06
-5.13425e-06
-5.47079e-06
-5.8374e-06
-6.23855e-06
-6.67834e-06
-7.1605e-06
-7.68886e-06
-8.24318e-06
-8.79079e-06
-9.32088e-06
-9.83174e-06
-1.03219e-05
-1.07911e-05
-1.12398e-05
-1.16695e-05
-1.20815e-05
-1.24781e-05
-1.28615e-05
-1.32338e-05
-1.35971e-05
-1.39528e-05
-1.43024e-05
-1.46472e-05
-1.49885e-05
-1.53272e-05
-1.56643e-05
-1.60001e-05
-1.6335e-05
-1.66692e-05
-1.70026e-05
-1.82217e-06
-1.97812e-06
-2.1366e-06
-2.29853e-06
-2.46501e-06
-2.63717e-06
-2.81619e-06
-3.00333e-06
-3.19993e-06
-3.40748e-06
-3.62763e-06
-3.86213e-06
-4.11297e-06
-4.3827e-06
-4.67349e-06
-4.98774e-06
-5.32789e-06
-5.69729e-06
-6.09919e-06
-6.53698e-06
-7.01444e-06
-7.53535e-06
-8.08213e-06
-8.62585e-06
-9.1569e-06
-9.6739e-06
-1.01758e-05
-1.06622e-05
-1.11332e-05
-1.15895e-05
-1.20321e-05
-1.24623e-05
-1.28814e-05
-1.32905e-05
-1.36908e-05
-1.40831e-05
-1.44685e-05
-1.48479e-05
-1.52222e-05
-1.55919e-05
-1.59575e-05
-1.63193e-05
-1.66777e-05
-1.70325e-05
-1.73839e-05
-1.64622e-06
-1.80551e-06
-1.96815e-06
-2.13508e-06
-2.30734e-06
-2.48601e-06
-2.67217e-06
-2.86695e-06
-3.07161e-06
-3.28746e-06
-3.51599e-06
-3.75885e-06
-4.01769e-06
-4.29489e-06
-4.59183e-06
-4.911e-06
-5.25497e-06
-5.6263e-06
-6.0278e-06
-6.46256e-06
-6.93401e-06
-7.44558e-06
-7.98188e-06
-8.51763e-06
-9.04448e-06
-9.56129e-06
-1.00672e-05
-1.05616e-05
-1.10447e-05
-1.15167e-05
-1.19781e-05
-1.24297e-05
-1.28718e-05
-1.33051e-05
-1.37303e-05
-1.41479e-05
-1.45586e-05
-1.49628e-05
-1.5361e-05
-1.57535e-05
-1.61404e-05
-1.6522e-05
-1.68984e-05
-1.72693e-05
-1.76349e-05
-1.52638e-06
-1.68987e-06
-1.85733e-06
-2.0297e-06
-2.20798e-06
-2.39316e-06
-2.58626e-06
-2.78832e-06
-3.00048e-06
-3.22399e-06
-3.46021e-06
-3.71058e-06
-3.97679e-06
-4.2597e-06
-4.56191e-06
-4.88532e-06
-5.23196e-06
-5.60402e-06
-6.00406e-06
-6.43473e-06
-6.89901e-06
-7.39986e-06
-7.92386e-06
-8.44918e-06
-8.96858e-06
-9.48105e-06
-9.98579e-06
-1.04824e-05
-1.09707e-05
-1.14509e-05
-1.19229e-05
-1.2387e-05
-1.28433e-05
-1.32922e-05
-1.37339e-05
-1.41687e-05
-1.45969e-05
-1.50185e-05
-1.54338e-05
-1.58429e-05
-1.62456e-05
-1.6642e-05
-1.70321e-05
-1.74156e-05
-1.77924e-05
-1.44788e-06
-1.61603e-06
-1.78859e-06
-1.96651e-06
-2.15075e-06
-2.34222e-06
-2.54188e-06
-2.7507e-06
-2.96974e-06
-3.20014e-06
-3.44307e-06
-3.69992e-06
-3.97171e-06
-4.26003e-06
-4.56668e-06
-4.89323e-06
-5.24148e-06
-5.61338e-06
-6.0111e-06
-6.43687e-06
-6.89326e-06
-7.38273e-06
-7.89362e-06
-8.40726e-06
-8.91741e-06
-9.42312e-06
-9.92367e-06
-1.04187e-05
-1.09079e-05
-1.13911e-05
-1.18682e-05
-1.23391e-05
-1.28039e-05
-1.32626e-05
-1.3715e-05
-1.41614e-05
-1.46015e-05
-1.50353e-05
-1.54628e-05
-1.58839e-05
-1.62983e-05
-1.67059e-05
-1.71064e-05
-1.74997e-05
-1.78854e-05
-1.39855e-06
-1.57145e-06
-1.74909e-06
-1.93241e-06
-2.12229e-06
-2.31962e-06
-2.52529e-06
-2.74022e-06
-2.96539e-06
-3.2018e-06
-3.45024e-06
-3.71272e-06
-3.98946e-06
-4.28217e-06
-4.59221e-06
-4.92098e-06
-5.27006e-06
-5.64108e-06
-6.03587e-06
-6.45629e-06
-6.90453e-06
-7.38258e-06
-7.88034e-06
-8.38202e-06
-8.88222e-06
-9.37999e-06
-9.87471e-06
-1.0366e-05
-1.08534e-05
-1.13367e-05
-1.18156e-05
-1.229e-05
-1.27595e-05
-1.32241e-05
-1.36834e-05
-1.41374e-05
-1.45857e-05
-1.50281e-05
-1.54644e-05
-1.58943e-05
-1.63175e-05
-1.67336e-05
-1.71424e-05
-1.75434e-05
-1.79363e-05
-1.36883e-06
-1.54632e-06
-1.72877e-06
-1.91709e-06
-2.11214e-06
-2.31475e-06
-2.52578e-06
-2.74611e-06
-2.97664e-06
-3.21832e-06
-3.47233e-06
-3.7387e-06
-4.01951e-06
-4.31567e-06
-4.62829e-06
-4.95859e-06
-5.30789e-06
-5.67754e-06
-6.0691e-06
-6.48407e-06
-6.92432e-06
-7.39136e-06
-7.87656e-06
-8.36666e-06
-8.85695e-06
-9.34651e-06
-9.83476e-06
-1.03213e-05
-1.08056e-05
-1.12875e-05
-1.17664e-05
-1.2242e-05
-1.2714e-05
-1.31821e-05
-1.36459e-05
-1.41049e-05
-1.4559e-05
-1.50076e-05
-1.54504e-05
-1.5887e-05
-1.6317e-05
-1.67398e-05
-1.71551e-05
-1.75625e-05
-1.79614e-05
-1.35158e-06
-1.53332e-06
-1.72016e-06
-1.91299e-06
-2.11265e-06
-2.31993e-06
-2.53566e-06
-2.76066e-06
-2.99578e-06
-3.24188e-06
-3.49994e-06
-3.77035e-06
-4.05452e-06
-4.35345e-06
-4.66806e-06
-4.99937e-06
-5.34849e-06
-5.71655e-06
-6.10483e-06
-6.51453e-06
-6.9472e-06
-7.40398e-06
-7.87753e-06
-8.35681e-06
-8.83771e-06
-9.31933e-06
-9.80114e-06
-1.02827e-05
-1.07635e-05
-1.12431e-05
-1.1721e-05
-1.21967e-05
-1.267e-05
-1.31401e-05
-1.36068e-05
-1.40695e-05
-1.45277e-05
-1.49809e-05
-1.54287e-05
-1.58705e-05
-1.63059e-05
-1.67341e-05
-1.71549e-05
-1.75676e-05
-1.79717e-05
-1.3418e-06
-1.52735e-06
-1.7181e-06
-1.91493e-06
-2.11862e-06
-2.32998e-06
-2.54978e-06
-2.77881e-06
-3.01785e-06
-3.26771e-06
-3.52934e-06
-3.80308e-06
-4.08999e-06
-4.39117e-06
-4.70733e-06
-5.03931e-06
-5.38805e-06
-5.75445e-06
-6.13956e-06
-6.54432e-06
-6.97003e-06
-7.41743e-06
-7.8804e-06
-8.34983e-06
-8.8221e-06
-9.29637e-06
-9.77212e-06
-1.02489e-05
-1.0726e-05
-1.12032e-05
-1.16797e-05
-1.2155e-05
-1.26287e-05
-1.31002e-05
-1.35689e-05
-1.40342e-05
-1.44956e-05
-1.49525e-05
-1.54043e-05
-1.58503e-05
-1.62901e-05
-1.67229e-05
-1.71482e-05
-1.75655e-05
-1.79741e-05
-1.33617e-06
-1.52509e-06
-1.71928e-06
-1.91959e-06
-2.1268e-06
-2.34169e-06
-2.565e-06
-2.79751e-06
-3.03991e-06
-3.29294e-06
-3.55774e-06
-3.83426e-06
-4.1234e-06
-4.42645e-06
-4.74385e-06
-5.07629e-06
-5.42454e-06
-5.78933e-06
-6.1715e-06
-6.57176e-06
-6.99114e-06
-7.43012e-06
-7.88361e-06
-8.3442e-06
-8.80871e-06
-9.27635e-06
-9.74659e-06
-1.02189e-05
-1.06927e-05
-1.11674e-05
-1.16424e-05
-1.21172e-05
-1.2591e-05
-1.30634e-05
-1.35336e-05
-1.4001e-05
-1.4465e-05
-1.49248e-05
-1.53799e-05
-1.58295e-05
-1.6273e-05
-1.67098e-05
-1.71391e-05
-1.75603e-05
-1.79729e-05
-1.33268e-06
-1.52454e-06
-1.72172e-06
-1.92505e-06
-2.13531e-06
-2.35325e-06
-2.57961e-06
-2.81511e-06
-3.06039e-06
-3.31625e-06
-3.58372e-06
-3.86249e-06
-4.15354e-06
-4.45821e-06
-4.77662e-06
-5.10938e-06
-5.45712e-06
-5.82041e-06
-6.19991e-06
-6.59611e-06
-7.00984e-06
-7.4413e-06
-7.88638e-06
-8.33911e-06
-8.79672e-06
-9.25847e-06
-9.7238e-06
-1.01921e-05
-1.06629e-05
-1.11354e-05
-1.1609e-05
-1.20831e-05
-1.2557e-05
-1.303e-05
-1.35015e-05
-1.39706e-05
-1.44368e-05
-1.48991e-05
-1.53571e-05
-1.58098e-05
-1.62566e-05
-1.66967e-05
-1.71295e-05
-1.75543e-05
-1.79704e-05
-1.33019e-06
-1.5246e-06
-1.72436e-06
-1.93031e-06
-2.1432e-06
-2.36378e-06
-2.59277e-06
-2.83085e-06
-3.07867e-06
-3.33713e-06
-3.60659e-06
-3.88728e-06
-4.18012e-06
-4.48615e-06
-4.8054e-06
-5.1384e-06
-5.48565e-06
-5.84757e-06
-6.22467e-06
-6.61725e-06
-7.02595e-06
-7.45076e-06
-7.88838e-06
-8.33416e-06
-8.7857e-06
-9.24225e-06
-9.70325e-06
-1.01681e-05
-1.06361e-05
-1.11067e-05
-1.15791e-05
-1.20526e-05
-1.25265e-05
-1.30001e-05
-1.34727e-05
-1.39433e-05
-1.44114e-05
-1.4876e-05
-1.53364e-05
-1.57919e-05
-1.62416e-05
-1.66848e-05
-1.71207e-05
-1.75487e-05
-1.79679e-05
-1.32809e-06
-1.5247e-06
-1.7267e-06
-1.93489e-06
-2.15006e-06
-2.37292e-06
-2.60419e-06
-2.84452e-06
-3.09455e-06
-3.35526e-06
-3.62637e-06
-3.90878e-06
-4.20321e-06
-4.51036e-06
-4.83033e-06
-5.16351e-06
-5.5103e-06
-5.871e-06
-6.24596e-06
-6.63534e-06
-7.03959e-06
-7.45851e-06
-7.88956e-06
-8.32923e-06
-8.77543e-06
-9.22743e-06
-9.68465e-06
-1.01464e-05
-1.06121e-05
-1.1081e-05
-1.15523e-05
-1.20254e-05
-1.24994e-05
-1.29735e-05
-1.3447e-05
-1.39191e-05
-1.43888e-05
-1.48555e-05
-1.53182e-05
-1.57761e-05
-1.62284e-05
-1.66744e-05
-1.71131e-05
-1.75439e-05
-1.7966e-05
-1.32613e-06
-1.52463e-06
-1.72854e-06
-1.93867e-06
-2.15579e-06
-2.38062e-06
-2.61386e-06
-2.85613e-06
-3.10808e-06
-3.37062e-06
-3.64332e-06
-3.92722e-06
-4.22301e-06
-4.53111e-06
-4.85169e-06
-5.18502e-06
-5.5314e-06
-5.89101e-06
-6.26408e-06
-6.65065e-06
-7.05099e-06
-7.46474e-06
-7.89001e-06
-8.32432e-06
-8.76586e-06
-9.2139e-06
-9.66783e-06
-1.0127e-05
-1.05906e-05
-1.10581e-05
-1.15285e-05
-1.20012e-05
-1.24753e-05
-1.295e-05
-1.34244e-05
-1.38977e-05
-1.4369e-05
-1.48375e-05
-1.53022e-05
-1.57624e-05
-1.62171e-05
-1.66655e-05
-1.71067e-05
-1.754e-05
-1.79647e-05
-1.32417e-06
-1.52431e-06
-1.72988e-06
-1.9417e-06
-2.16052e-06
-2.38706e-06
-2.62199e-06
-2.86595e-06
-3.11954e-06
-3.38363e-06
-3.6578e-06
-3.94294e-06
-4.23993e-06
-4.54888e-06
-4.86999e-06
-5.20344e-06
-5.54945e-06
-5.9081e-06
-6.27951e-06
-6.66359e-06
-7.06051e-06
-7.46969e-06
-7.88982e-06
-8.31939e-06
-8.75684e-06
-9.20142e-06
-9.65249e-06
-1.01094e-05
-1.05713e-05
-1.10375e-05
-1.15072e-05
-1.19796e-05
-1.24538e-05
-1.2929e-05
-1.34043e-05
-1.38788e-05
-1.43516e-05
-1.48217e-05
-1.52883e-05
-1.57505e-05
-1.62073e-05
-1.66579e-05
-1.71014e-05
-1.75371e-05
-1.7964e-05
-1.32207e-06
-1.5237e-06
-1.7308e-06
-1.94417e-06
-2.16456e-06
-2.39266e-06
-2.62915e-06
-2.87463e-06
-3.12974e-06
-3.39526e-06
-3.67077e-06
-3.95714e-06
-4.25513e-06
-4.5649e-06
-4.88649e-06
-5.22006e-06
-5.56572e-06
-5.92347e-06
-6.29333e-06
-6.6751e-06
-7.06884e-06
-7.47376e-06
-7.88907e-06
-8.31421e-06
-8.74788e-06
-9.18926e-06
-9.6377e-06
-1.00925e-05
-1.05528e-05
-1.10179e-05
-1.1487e-05
-1.19592e-05
-1.24336e-05
-1.29094e-05
-1.33855e-05
-1.38611e-05
-1.43353e-05
-1.4807e-05
-1.52754e-05
-1.57396e-05
-1.61984e-05
-1.66512e-05
-1.70969e-05
-1.75348e-05
-1.7964e-05
-1.31998e-06
-1.52295e-06
-1.73139e-06
-1.94615e-06
-2.16797e-06
-2.39756e-06
-2.63558e-06
-2.88263e-06
-3.13927e-06
-3.40619e-06
-3.68297e-06
-3.97055e-06
-4.26953e-06
-4.58006e-06
-4.90211e-06
-5.23577e-06
-5.58107e-06
-5.93794e-06
-6.30627e-06
-6.68579e-06
-7.0763e-06
-7.47708e-06
-7.888e-06
-8.30904e-06
-8.73909e-06
-9.17739e-06
-9.62328e-06
-1.0076e-05
-1.05349e-05
-1.0999e-05
-1.14675e-05
-1.19395e-05
-1.24141e-05
-1.28905e-05
-1.33675e-05
-1.38443e-05
-1.43199e-05
-1.47933e-05
-1.52635e-05
-1.57295e-05
-1.61904e-05
-1.66453e-05
-1.70931e-05
-1.75331e-05
-1.79643e-05
2.51457e-06
-4.18848e-06
-5.99817e-06
-7.08317e-06
-8.20032e-06
-9.35865e-06
-1.05603e-05
-1.18093e-05
-1.31105e-05
-1.44739e-05
-1.59126e-05
-1.74456e-05
-1.90987e-05
-2.09035e-05
-2.29117e-05
3.568e-06
-2.08701e-06
-4.71918e-06
-6.40266e-06
-7.82993e-06
-9.14553e-06
-1.04324e-05
-1.17312e-05
-1.30627e-05
-1.44447e-05
-1.58945e-05
-1.74333e-05
-1.90886e-05
-2.08926e-05
-2.28972e-05
4.027e-06
-8.38661e-07
-3.81076e-06
-5.84327e-06
-7.49317e-06
-8.94435e-06
-1.03111e-05
-1.16578e-05
-1.30185e-05
-1.44183e-05
-1.58784e-05
-1.74224e-05
-1.90791e-05
-2.08816e-05
-2.28817e-05
3.84166e-06
-1.82738e-07
-3.17193e-06
-5.39138e-06
-7.19447e-06
-8.75855e-06
-1.01992e-05
-1.15916e-05
-1.29803e-05
-1.43966e-05
-1.58658e-05
-1.7414e-05
-1.90711e-05
-2.0871e-05
-2.28658e-05
3.38849e-06
1.99935e-07
-2.64009e-06
-4.9553e-06
-6.88252e-06
-8.55479e-06
-1.00743e-05
-1.15183e-05
-1.2939e-05
-1.43741e-05
-1.58536e-05
-1.7406e-05
-1.90632e-05
-2.08598e-05
-2.28482e-05
2.89716e-06
3.02409e-07
-2.25679e-06
-4.55006e-06
-6.55197e-06
-8.31847e-06
-9.9199e-06
-1.14238e-05
-1.28842e-05
-1.43439e-05
-1.58369e-05
-1.73954e-05
-1.90532e-05
-2.08461e-05
-2.28273e-05
2.27521e-06
1.63179e-07
-2.07057e-06
-4.23702e-06
-6.23913e-06
-8.06216e-06
-9.73371e-06
-1.12994e-05
-1.28063e-05
-1.42974e-05
-1.58094e-05
-1.73774e-05
-1.90377e-05
-2.08275e-05
-2.28012e-05
1.5168e-06
-1.99791e-07
-2.10675e-06
-4.07563e-06
-5.99978e-06
-7.82286e-06
-9.53332e-06
-1.11491e-05
-1.27017e-05
-1.42282e-05
-1.57643e-05
-1.73461e-05
-1.90119e-05
-2.08002e-05
-2.27665e-05
6.44083e-07
-7.55016e-07
-2.36208e-06
-4.10108e-06
-5.88607e-06
-7.64924e-06
-9.35389e-06
-1.09928e-05
-1.25788e-05
-1.41373e-05
-1.56986e-05
-1.72971e-05
-1.8971e-05
-2.07594e-05
-2.27192e-05
-3.23611e-07
-1.4691e-06
-2.81502e-06
-4.32188e-06
-5.93193e-06
-7.58557e-06
-9.23721e-06
-1.0863e-05
-1.24584e-05
-1.4036e-05
-1.56168e-05
-1.72306e-05
-1.89121e-05
-2.07014e-05
-2.26551e-05
-1.37209e-06
-2.31405e-06
-3.43851e-06
-4.72864e-06
-6.15104e-06
-7.66244e-06
-9.22067e-06
-1.07951e-05
-1.23696e-05
-1.39449e-05
-1.55316e-05
-1.71532e-05
-1.88384e-05
-2.06249e-05
-2.25711e-05
-2.49246e-06
-3.26985e-06
-4.20871e-06
-5.30514e-06
-6.54318e-06
-7.89619e-06
-9.33209e-06
-1.08217e-05
-1.23437e-05
-1.38901e-05
-1.54633e-05
-1.7078e-05
-1.87591e-05
-2.05354e-05
-2.24654e-05
-3.67954e-06
-4.32334e-06
-5.10762e-06
-6.03538e-06
-7.10176e-06
-8.29345e-06
-9.59012e-06
-1.09691e-05
-1.24099e-05
-1.39002e-05
-1.54362e-05
-1.70251e-05
-1.86867e-05
-2.04427e-05
-2.23412e-05
-4.92931e-06
-5.46515e-06
-6.12184e-06
-6.90565e-06
-7.81811e-06
-8.85513e-06
-1.00066e-05
-1.12585e-05
-1.25947e-05
-1.40032e-05
-1.54768e-05
-1.70179e-05
-1.86389e-05
-2.03565e-05
-2.22114e-05
-6.23805e-06
-6.68782e-06
-7.24075e-06
-7.90423e-06
-8.68292e-06
-9.57834e-06
-1.05879e-05
-1.17054e-05
-1.29211e-05
-1.4226e-05
-1.56133e-05
-1.70811e-05
-1.8639e-05
-2.02951e-05
-2.20816e-05
-7.60166e-06
-7.98496e-06
-8.4556e-06
-9.02098e-06
-9.6869e-06
-1.04576e-05
-1.13354e-05
-1.23196e-05
-1.3407e-05
-1.45926e-05
-1.58721e-05
-1.72434e-05
-1.87112e-05
-2.02835e-05
-2.19739e-05
-9.01367e-06
-9.34852e-06
-9.75686e-06
-1.02453e-05
-1.08197e-05
-1.14852e-05
-1.22459e-05
-1.31051e-05
-1.40636e-05
-1.51215e-05
-1.62773e-05
-1.75307e-05
-1.88836e-05
-2.03415e-05
-2.19149e-05
-1.04667e-05
-1.07689e-05
-1.11324e-05
-1.15628e-05
-1.20655e-05
-1.2646e-05
-1.33085e-05
-1.4056e-05
-1.4892e-05
-1.5821e-05
-1.6844e-05
-1.79627e-05
-1.91791e-05
-2.04942e-05
-2.19189e-05
-1.1962e-05
-1.2247e-05
-1.25816e-05
-1.29699e-05
-1.34161e-05
-1.39257e-05
-1.45062e-05
-1.51564e-05
-1.58804e-05
-1.66847e-05
-1.75725e-05
-1.85465e-05
-1.96088e-05
-2.07603e-05
-2.2006e-05
-1.34869e-05
-1.37706e-05
-1.40927e-05
-1.44568e-05
-1.48662e-05
-1.53223e-05
-1.58253e-05
-1.6385e-05
-1.70066e-05
-1.76933e-05
-1.84479e-05
-1.92727e-05
-2.01713e-05
-2.11428e-05
-2.21893e-05
-1.48609e-05
-1.51535e-05
-1.54743e-05
-1.58251e-05
-1.62078e-05
-1.66266e-05
-1.70845e-05
-1.75834e-05
-1.81248e-05
-1.87133e-05
-1.93522e-05
-2.00434e-05
-2.07889e-05
-2.15887e-05
-2.24437e-05
-1.59544e-05
-1.62636e-05
-1.65927e-05
-1.69437e-05
-1.73181e-05
-1.77166e-05
-1.81421e-05
-1.8596e-05
-1.90809e-05
-1.95973e-05
-2.01468e-05
-2.07314e-05
-2.13525e-05
-2.20103e-05
-2.27039e-05
-1.67619e-05
-1.70876e-05
-1.74267e-05
-1.77802e-05
-1.81488e-05
-1.85329e-05
-1.89339e-05
-1.93543e-05
-1.97949e-05
-2.02556e-05
-2.07376e-05
-2.12422e-05
-2.17702e-05
-2.23219e-05
-2.28969e-05
-1.73369e-05
-1.76765e-05
-1.8024e-05
-1.83798e-05
-1.87445e-05
-1.91189e-05
-1.95039e-05
-1.99001e-05
-2.0308e-05
-2.07279e-05
-2.11605e-05
-2.16067e-05
-2.20669e-05
-2.25413e-05
-2.30301e-05
-1.77333e-05
-1.80842e-05
-1.84389e-05
-1.87974e-05
-1.91605e-05
-1.95284e-05
-1.99015e-05
-2.02799e-05
-2.0664e-05
-2.10542e-05
-2.14509e-05
-2.18547e-05
-2.22657e-05
-2.26846e-05
-2.31115e-05
-1.79964e-05
-1.83568e-05
-1.87175e-05
-1.90787e-05
-1.94408e-05
-1.98042e-05
-2.01686e-05
-2.05341e-05
-2.09011e-05
-2.12697e-05
-2.16404e-05
-2.20135e-05
-2.23895e-05
-2.27689e-05
-2.31519e-05
-1.81635e-05
-1.85315e-05
-1.88972e-05
-1.92611e-05
-1.9623e-05
-1.99833e-05
-2.03416e-05
-2.0698e-05
-2.10527e-05
-2.1406e-05
-2.17582e-05
-2.21095e-05
-2.24606e-05
-2.28121e-05
-2.31642e-05
-1.82643e-05
-1.86385e-05
-1.90088e-05
-1.93749e-05
-1.97376e-05
-2.0096e-05
-2.04503e-05
-2.08005e-05
-2.11468e-05
-2.14893e-05
-2.18284e-05
-2.21645e-05
-2.2498e-05
-2.28297e-05
-2.31599e-05
-1.83218e-05
-1.87014e-05
-1.90761e-05
-1.94446e-05
-1.98079e-05
-2.01655e-05
-2.05174e-05
-2.08636e-05
-2.12042e-05
-2.15392e-05
-2.18692e-05
-2.21944e-05
-2.25153e-05
-2.28328e-05
-2.31472e-05
-1.83524e-05
-1.87367e-05
-1.91145e-05
-1.9486e-05
-1.98506e-05
-2.02083e-05
-2.05589e-05
-2.09026e-05
-2.12393e-05
-2.15692e-05
-2.18927e-05
-2.221e-05
-2.25219e-05
-2.28289e-05
-2.31316e-05
-1.83675e-05
-1.87559e-05
-1.91369e-05
-1.95109e-05
-1.9877e-05
-2.02352e-05
-2.05854e-05
-2.09275e-05
-2.12616e-05
-2.15879e-05
-2.19067e-05
-2.22182e-05
-2.25233e-05
-2.28223e-05
-2.3116e-05
-1.83742e-05
-1.87662e-05
-1.91504e-05
-1.95266e-05
-1.98944e-05
-2.02533e-05
-2.06034e-05
-2.09446e-05
-2.1277e-05
-2.16007e-05
-2.19159e-05
-2.2223e-05
-2.25227e-05
-2.28155e-05
-2.3102e-05
-1.83767e-05
-1.87722e-05
-1.91592e-05
-1.95375e-05
-1.99068e-05
-2.02667e-05
-2.0617e-05
-2.09577e-05
-2.12888e-05
-2.16105e-05
-2.1923e-05
-2.22266e-05
-2.25219e-05
-2.28095e-05
-2.30901e-05
-1.83776e-05
-1.87761e-05
-1.91656e-05
-1.95459e-05
-1.99168e-05
-2.02776e-05
-2.06282e-05
-2.09687e-05
-2.12989e-05
-2.1619e-05
-2.19292e-05
-2.22299e-05
-2.25217e-05
-2.28049e-05
-2.30804e-05
-1.83782e-05
-1.87794e-05
-1.91712e-05
-1.95534e-05
-1.99257e-05
-2.02874e-05
-2.06384e-05
-2.09786e-05
-2.13081e-05
-2.16269e-05
-2.19353e-05
-2.22336e-05
-2.25222e-05
-2.28016e-05
-2.30727e-05
-1.8379e-05
-1.87827e-05
-1.91765e-05
-1.95606e-05
-1.99341e-05
-2.02966e-05
-2.06479e-05
-2.09881e-05
-2.1317e-05
-2.16347e-05
-2.19415e-05
-2.22376e-05
-2.25235e-05
-2.27996e-05
-2.30667e-05
-1.83801e-05
-1.87861e-05
-1.91817e-05
-1.95675e-05
-1.99421e-05
-2.03053e-05
-2.0657e-05
-2.09971e-05
-2.13255e-05
-2.16423e-05
-2.19477e-05
-2.22418e-05
-2.25254e-05
-2.27986e-05
-2.30622e-05
-1.83817e-05
-1.87896e-05
-1.9187e-05
-1.95741e-05
-1.99498e-05
-2.03137e-05
-2.06658e-05
-2.10058e-05
-2.13338e-05
-2.16497e-05
-2.19539e-05
-2.22464e-05
-2.25278e-05
-2.27984e-05
-2.30589e-05
-1.83838e-05
-1.87936e-05
-1.91926e-05
-1.9581e-05
-1.99577e-05
-2.03223e-05
-2.06746e-05
-2.10146e-05
-2.13422e-05
-2.16574e-05
-2.19604e-05
-2.22513e-05
-2.25307e-05
-2.27989e-05
-2.30564e-05
-1.83862e-05
-1.87979e-05
-1.91986e-05
-1.95883e-05
-1.99659e-05
-2.03312e-05
-2.06839e-05
-2.10238e-05
-2.1351e-05
-2.16653e-05
-2.19671e-05
-2.22565e-05
-2.25339e-05
-2.27998e-05
-2.30546e-05
-8.91293e-06
-8.91272e-06
-8.9229e-06
-8.94224e-06
-8.96993e-06
-9.00567e-06
-9.04739e-06
-9.09597e-06
-9.15136e-06
-9.2135e-06
-9.28238e-06
-9.35799e-06
-9.44026e-06
-9.52907e-06
-9.62418e-06
-9.72521e-06
-9.83158e-06
-9.94231e-06
-1.0056e-05
-1.01705e-05
-1.02829e-05
-1.03895e-05
-1.04827e-05
-1.05534e-05
-1.05948e-05
-1.06007e-05
-1.05657e-05
-1.04861e-05
-1.03612e-05
-1.01939e-05
-9.98597e-06
-9.74358e-06
-9.485e-06
-9.22779e-06
-8.9894e-06
-8.78586e-06
-8.63145e-06
-8.53547e-06
-8.49965e-06
-8.51756e-06
-8.57554e-06
-8.65513e-06
-8.73721e-06
-8.79789e-06
-8.82641e-06
-8.89891e-06
-8.89916e-06
-8.9076e-06
-8.92302e-06
-8.94458e-06
-8.97198e-06
-9.00658e-06
-9.04724e-06
-9.09398e-06
-9.14693e-06
-9.20623e-06
-9.27202e-06
-9.34446e-06
-9.42365e-06
-9.50961e-06
-9.60224e-06
-9.70128e-06
-9.80619e-06
-9.91602e-06
-1.00291e-05
-1.01428e-05
-1.02533e-05
-1.03519e-05
-1.04288e-05
-1.04774e-05
-1.04922e-05
-1.04683e-05
-1.04026e-05
-1.02939e-05
-1.01436e-05
-9.95643e-06
-9.74494e-06
-9.52141e-06
-9.29819e-06
-9.09087e-06
-8.9158e-06
-8.78537e-06
-8.70584e-06
-8.67663e-06
-8.69053e-06
-8.73524e-06
-8.79592e-06
-8.85826e-06
-8.91119e-06
-8.94459e-06
-8.86523e-06
-8.86755e-06
-8.87666e-06
-8.8911e-06
-8.91109e-06
-8.93647e-06
-8.96743e-06
-9.00398e-06
-9.04626e-06
-9.09445e-06
-9.14877e-06
-9.20951e-06
-9.27696e-06
-9.35146e-06
-9.4334e-06
-9.52312e-06
-9.62101e-06
-9.72736e-06
-9.84229e-06
-9.9655e-06
-1.0096e-05
-1.02312e-05
-1.03616e-05
-1.0474e-05
-1.05595e-05
-1.06097e-05
-1.06176e-05
-1.05777e-05
-1.04879e-05
-1.03493e-05
-1.01666e-05
-9.95063e-06
-9.71564e-06
-9.47774e-06
-9.25454e-06
-9.06297e-06
-8.91661e-06
-8.82334e-06
-8.78399e-06
-8.79226e-06
-8.83624e-06
-8.90089e-06
-8.97112e-06
-9.03709e-06
-9.09702e-06
-8.81832e-06
-8.82357e-06
-8.8332e-06
-8.84725e-06
-8.86586e-06
-8.88912e-06
-8.91721e-06
-8.95039e-06
-8.98893e-06
-9.03318e-06
-9.08355e-06
-9.1405e-06
-9.20461e-06
-9.27655e-06
-9.35717e-06
-9.4475e-06
-9.54884e-06
-9.66277e-06
-9.79114e-06
-9.93583e-06
-1.00984e-05
-1.02787e-05
-1.0465e-05
-1.06384e-05
-1.07845e-05
-1.08906e-05
-1.09453e-05
-1.0941e-05
-1.08745e-05
-1.0747e-05
-1.05642e-05
-1.03365e-05
-1.00792e-05
-9.81037e-06
-9.55028e-06
-9.31886e-06
-9.13332e-06
-9.00536e-06
-8.93911e-06
-8.93053e-06
-8.96836e-06
-9.03649e-06
-9.11753e-06
-9.2006e-06
-9.28593e-06
-8.76334e-06
-8.77142e-06
-8.78211e-06
-8.79608e-06
-8.81377e-06
-8.83542e-06
-8.86132e-06
-8.89186e-06
-8.9275e-06
-8.96874e-06
-9.01618e-06
-9.07054e-06
-9.13271e-06
-9.20378e-06
-9.28521e-06
-9.3789e-06
-9.48737e-06
-9.6139e-06
-9.76268e-06
-9.93861e-06
-1.01468e-05
-1.03902e-05
-1.06547e-05
-1.09117e-05
-1.11392e-05
-1.13181e-05
-1.1432e-05
-1.14727e-05
-1.14369e-05
-1.13254e-05
-1.1143e-05
-1.0901e-05
-1.06145e-05
-1.03034e-05
-9.99022e-06
-9.69915e-06
-9.4526e-06
-9.26822e-06
-9.15575e-06
-9.1151e-06
-9.13655e-06
-9.20263e-06
-9.29254e-06
-9.39296e-06
-9.50441e-06
-8.70406e-06
-8.71468e-06
-8.72651e-06
-8.74059e-06
-8.7577e-06
-8.77816e-06
-8.8024e-06
-8.83093e-06
-8.86436e-06
-8.90338e-06
-8.94878e-06
-9.00155e-06
-9.06291e-06
-9.13447e-06
-9.21835e-06
-9.31746e-06
-9.43574e-06
-9.57854e-06
-9.75282e-06
-9.96714e-06
-1.02308e-05
-1.0551e-05
-1.09097e-05
-1.1266e-05
-1.15872e-05
-1.18471e-05
-1.20293e-05
-1.21242e-05
-1.21266e-05
-1.2039e-05
-1.18619e-05
-1.16071e-05
-1.12903e-05
-1.09322e-05
-1.05576e-05
-1.01944e-05
-9.87106e-06
-9.61266e-06
-9.43646e-06
-9.34834e-06
-9.34147e-06
-9.39757e-06
-9.49207e-06
-9.60845e-06
-9.74695e-06
-8.64337e-06
-8.65622e-06
-8.66903e-06
-8.68326e-06
-8.69993e-06
-8.71945e-06
-8.74233e-06
-8.76922e-06
-8.80086e-06
-8.8381e-06
-8.88196e-06
-8.93367e-06
-8.99484e-06
-9.06756e-06
-9.15468e-06
-9.26017e-06
-9.38953e-06
-9.55032e-06
-9.75262e-06
-1.0009e-05
-1.03334e-05
-1.07373e-05
-1.11987e-05
-1.16607e-05
-1.20793e-05
-1.24276e-05
-1.26885e-05
-1.28459e-05
-1.28905e-05
-1.28228e-05
-1.2653e-05
-1.23898e-05
-1.20475e-05
-1.1646e-05
-1.12112e-05
-1.07738e-05
-1.03678e-05
-1.00259e-05
-9.77392e-06
-9.62558e-06
-9.57879e-06
-9.61584e-06
-9.70895e-06
-9.83838e-06
-1.00039e-05
-8.58343e-06
-8.5981e-06
-8.61175e-06
-8.6261e-06
-8.64238e-06
-8.66106e-06
-8.68272e-06
-8.70812e-06
-8.73813e-06
-8.77375e-06
-8.8162e-06
-8.86696e-06
-8.92798e-06
-9.00186e-06
-9.09218e-06
-9.20395e-06
-9.34424e-06
-9.52289e-06
-9.75321e-06
-1.0052e-05
-1.0438e-05
-1.09271e-05
-1.14933e-05
-1.20632e-05
-1.25825e-05
-1.30185e-05
-1.33473e-05
-1.35552e-05
-1.36381e-05
-1.35968e-05
-1.34389e-05
-1.31731e-05
-1.28128e-05
-1.23771e-05
-1.18913e-05
-1.13877e-05
-1.09039e-05
-1.0479e-05
-1.01475e-05
-9.93184e-06
-9.83639e-06
-9.84606e-06
-9.93129e-06
-1.00698e-05
-1.02606e-05
-8.52572e-06
-8.5419e-06
-8.55622e-06
-8.57065e-06
-8.58652e-06
-8.60436e-06
-8.62481e-06
-8.6487e-06
-8.67703e-06
-8.71093e-06
-8.75178e-06
-8.80132e-06
-8.86181e-06
-8.93631e-06
-9.0291e-06
-9.1462e-06
-9.29619e-06
-9.49113e-06
-9.74756e-06
-1.00866e-05
-1.05316e-05
-1.11024e-05
-1.17694e-05
-1.24417e-05
-1.30534e-05
-1.35658e-05
-1.3954e-05
-1.42068e-05
-1.43225e-05
-1.4303e-05
-1.4156e-05
-1.38904e-05
-1.3519e-05
-1.30594e-05
-1.25358e-05
-1.198e-05
-1.14312e-05
-1.09328e-05
-1.05267e-05
-1.02434e-05
-1.00953e-05
-1.00717e-05
-1.01432e-05
-1.02862e-05
-1.04995e-05
-8.47129e-06
-8.48875e-06
-8.50362e-06
-8.51805e-06
-8.53346e-06
-8.5504e-06
-8.56953e-06
-8.59176e-06
-8.61817e-06
-8.65002e-06
-8.68885e-06
-8.73659e-06
-8.79581e-06
-8.87001e-06
-8.96408e-06
-9.08499e-06
-9.24275e-06
-9.45151e-06
-9.73088e-06
-1.01064e-05
-1.06058e-05
-1.12512e-05
-1.20114e-05
-1.27767e-05
-1.34691e-05
-1.4046e-05
-1.44829e-05
-1.47705e-05
-1.49094e-05
-1.49044e-05
-1.47642e-05
-1.44985e-05
-1.41199e-05
-1.36449e-05
-1.30958e-05
-1.2503e-05
-1.19051e-05
-1.13474e-05
-1.08772e-05
-1.0532e-05
-1.03319e-05
-1.02723e-05
-1.03259e-05
-1.04691e-05
-1.07011e-05
-8.42084e-06
-8.43947e-06
-8.45483e-06
-8.46919e-06
-8.48407e-06
-8.49998e-06
-8.5176e-06
-8.5379e-06
-8.56203e-06
-8.59134e-06
-8.62751e-06
-8.67267e-06
-8.72966e-06
-8.80235e-06
-8.89622e-06
-9.01912e-06
-9.18236e-06
-9.40202e-06
-9.70056e-06
-1.01078e-05
-1.06551e-05
-1.13688e-05
-1.22119e-05
-1.30593e-05
-1.38204e-05
-1.44498e-05
-1.49235e-05
-1.52347e-05
-1.53869e-05
-1.53881e-05
-1.52488e-05
-1.49802e-05
-1.45951e-05
-1.41093e-05
-1.35434e-05
-1.29256e-05
-1.22926e-05
-1.16895e-05
-1.11683e-05
-1.07698e-05
-1.05217e-05
-1.04261e-05
-1.04593e-05
-1.05993e-05
-1.08462e-05
-8.37491e-06
-8.39471e-06
-8.41053e-06
-8.42479e-06
-8.43905e-06
-8.45376e-06
-8.46962e-06
-8.48762e-06
-8.50897e-06
-8.53512e-06
-8.56787e-06
-8.60952e-06
-8.66316e-06
-8.73301e-06
-8.82509e-06
-8.94804e-06
-9.11438e-06
-9.34198e-06
-9.65579e-06
-1.00893e-05
-1.06778e-05
-1.14544e-05
-1.23706e-05
-1.32885e-05
-1.4107e-05
-1.47778e-05
-1.52776e-05
-1.56025e-05
-1.57591e-05
-1.57586e-05
-1.5614e-05
-1.53381e-05
-1.49445e-05
-1.44487e-05
-1.38699e-05
-1.32341e-05
-1.25754e-05
-1.19369e-05
-1.13765e-05
-1.09335e-05
-1.06422e-05
-1.05122e-05
-1.0524e-05
-1.06581e-05
-1.09167e-05
-8.33394e-06
-8.35501e-06
-8.37132e-06
-8.38546e-06
-8.39898e-06
-8.41229e-06
-8.42607e-06
-8.44134e-06
-8.45935e-06
-8.48163e-06
-8.51009e-06
-8.54722e-06
-8.59631e-06
-8.66194e-06
-8.75062e-06
-8.87173e-06
-9.03892e-06
-9.27175e-06
-9.59737e-06
-1.00516e-05
-1.06768e-05
-1.15091e-05
-1.24896e-05
-1.34681e-05
-1.43342e-05
-1.50371e-05
-1.55545e-05
-1.58852e-05
-1.6039e-05
-1.60303e-05
-1.58743e-05
-1.55861e-05
-1.51801e-05
-1.46719e-05
-1.40798e-05
-1.3428e-05
-1.2748e-05
-1.20791e-05
-1.14845e-05
-1.10046e-05
-1.06744e-05
-1.05118e-05
-1.05021e-05
-1.06286e-05
-1.08965e-05
-8.29833e-06
-8.32086e-06
-8.33775e-06
-8.35174e-06
-8.36442e-06
-8.37611e-06
-8.38745e-06
-8.39947e-06
-8.4135e-06
-8.43112e-06
-8.45439e-06
-8.48592e-06
-8.52927e-06
-8.58932e-06
-8.67306e-06
-8.79059e-06
-8.9566e-06
-9.19224e-06
-9.52687e-06
-9.99865e-06
-1.06557e-05
-1.15353e-05
-1.2573e-05
-1.36044e-05
-1.45104e-05
-1.52383e-05
-1.57669e-05
-1.60975e-05
-1.62431e-05
-1.62208e-05
-1.60483e-05
-1.57425e-05
-1.53189e-05
-1.47935e-05
-1.41838e-05
-1.3513e-05
-1.28111e-05
-1.21153e-05
-1.14839e-05
-1.09691e-05
-1.06034e-05
-1.04099e-05
-1.03786e-05
-1.04961e-05
-1.07716e-05
-8.26855e-06
-8.29279e-06
-8.31036e-06
-8.3242e-06
-8.3359e-06
-8.34569e-06
-8.35418e-06
-8.36241e-06
-8.37174e-06
-8.38389e-06
-8.401e-06
-8.42587e-06
-8.46229e-06
-8.51547e-06
-8.59287e-06
-8.70526e-06
-8.86834e-06
-9.10479e-06
-9.44616e-06
-9.93332e-06
-1.06171e-05
-1.15376e-05
-1.26271e-05
-1.3705e-05
-1.4645e-05
-1.53926e-05
-1.59278e-05
-1.62543e-05
-1.63877e-05
-1.63476e-05
-1.61539e-05
-1.58251e-05
-1.53778e-05
-1.48284e-05
-1.41943e-05
-1.34978e-05
-1.27685e-05
-1.20435e-05
-1.13718e-05
-1.08203e-05
-1.04197e-05
-1.01951e-05
-1.01414e-05
-1.02487e-05
-1.05303e-05
-8.24508e-06
-8.27133e-06
-8.28973e-06
-8.3034e-06
-8.31396e-06
-8.32154e-06
-8.3267e-06
-8.33051e-06
-8.3344e-06
-8.3402e-06
-8.35018e-06
-8.36735e-06
-8.39572e-06
-8.44084e-06
-8.51064e-06
-8.61656e-06
-8.77525e-06
-9.01087e-06
-9.35703e-06
-9.85723e-06
-1.05642e-05
-1.15219e-05
-1.26581e-05
-1.37775e-05
-1.47469e-05
-1.55106e-05
-1.60493e-05
-1.63688e-05
-1.6487e-05
-1.64256e-05
-1.62064e-05
-1.5849e-05
-1.53712e-05
-1.47899e-05
-1.41224e-05
-1.33912e-05
-1.26257e-05
-1.18637e-05
-1.11486e-05
-1.05537e-05
-1.01162e-05
-9.85853e-06
-9.78098e-06
-9.8763e-06
-1.01629e-05
-8.22848e-06
-8.2571e-06
-8.27647e-06
-8.28993e-06
-8.29915e-06
-8.30413e-06
-8.30541e-06
-8.3041e-06
-8.30174e-06
-8.30028e-06
-8.30218e-06
-8.31063e-06
-8.32991e-06
-8.36592e-06
-8.42704e-06
-8.52539e-06
-8.67851e-06
-8.91207e-06
-9.26149e-06
-9.77277e-06
-1.0501e-05
-1.14923e-05
-1.26713e-05
-1.38283e-05
-1.4824e-05
-1.56012e-05
-1.61413e-05
-1.64518e-05
-1.65525e-05
-1.64668e-05
-1.62178e-05
-1.5826e-05
-1.53103e-05
-1.46879e-05
-1.39772e-05
-1.32004e-05
-1.23874e-05
-1.15765e-05
-1.08153e-05
-1.01687e-05
-9.68684e-06
-9.39345e-06
-9.29013e-06
-9.37136e-06
-9.66171e-06
-8.21938e-06
-8.25076e-06
-8.27126e-06
-8.28444e-06
-8.29204e-06
-8.29394e-06
-8.29069e-06
-8.28347e-06
-8.27397e-06
-8.26432e-06
-8.25717e-06
-8.25594e-06
-8.26521e-06
-8.2912e-06
-8.34277e-06
-8.43268e-06
-8.57931e-06
-8.8099e-06
-9.16148e-06
-9.68245e-06
-1.04302e-05
-1.14528e-05
-1.26716e-05
-1.38633e-05
-1.48829e-05
-1.56717e-05
-1.62118e-05
-1.65119e-05
-1.65931e-05
-1.64801e-05
-1.61968e-05
-1.57648e-05
-1.52033e-05
-1.45303e-05
-1.3765e-05
-1.29306e-05
-1.20576e-05
-1.11866e-05
-1.03687e-05
-9.66372e-06
-9.13048e-06
-8.79604e-06
-8.66384e-06
-8.72804e-06
-9.02084e-06
-8.21852e-06
-8.25309e-06
-8.27484e-06
-8.2876e-06
-8.2932e-06
-8.29143e-06
-8.28285e-06
-8.26882e-06
-8.25121e-06
-8.2324e-06
-8.21526e-06
-8.20347e-06
-8.20191e-06
-8.21713e-06
-8.25846e-06
-8.33937e-06
-8.47876e-06
-8.70579e-06
-9.05881e-06
-9.58847e-06
-1.03543e-05
-1.14065e-05
-1.26628e-05
-1.3887e-05
-1.49287e-05
-1.57279e-05
-1.62668e-05
-1.65551e-05
-1.66149e-05
-1.64716e-05
-1.61497e-05
-1.56711e-05
-1.50556e-05
-1.4322e-05
-1.34905e-05
-1.25857e-05
-1.16399e-05
-1.06959e-05
-9.80836e-06
-9.03891e-06
-8.44625e-06
-8.06347e-06
-7.89857e-06
-7.94179e-06
-8.2363e-06
-8.22671e-06
-8.26494e-06
-8.28804e-06
-8.30015e-06
-8.30323e-06
-8.29701e-06
-8.28215e-06
-8.26025e-06
-8.23347e-06
-8.20449e-06
-8.17644e-06
-8.15328e-06
-8.14021e-06
-8.14408e-06
-8.17468e-06
-8.24632e-06
-8.37785e-06
-8.60107e-06
-8.95504e-06
-9.49272e-06
-1.02757e-05
-1.13561e-05
-1.2648e-05
-1.39029e-05
-1.49653e-05
-1.57737e-05
-1.63105e-05
-1.65858e-05
-1.66222e-05
-1.64455e-05
-1.60804e-05
-1.55488e-05
-1.4871e-05
-1.40665e-05
-1.3157e-05
-1.21689e-05
-1.1137e-05
-1.01071e-05
-9.13694e-06
-8.29175e-06
-7.63401e-06
-7.19606e-06
-6.99283e-06
-7.00959e-06
-7.30539e-06
-8.24491e-06
-8.2873e-06
-8.31179e-06
-8.32287e-06
-8.32272e-06
-8.31105e-06
-8.28876e-06
-8.25777e-06
-8.22063e-06
-8.18041e-06
-8.14059e-06
-8.10536e-06
-8.08022e-06
-8.07235e-06
-8.0919e-06
-8.15362e-06
-8.27805e-06
-8.49686e-06
-8.85151e-06
-9.39677e-06
-1.01962e-05
-1.13036e-05
-1.26294e-05
-1.39135e-05
-1.49954e-05
-1.58121e-05
-1.63457e-05
-1.66067e-05
-1.66177e-05
-1.64044e-05
-1.59913e-05
-1.54005e-05
-1.4652e-05
-1.37666e-05
-1.27673e-05
-1.16832e-05
-1.05518e-05
-9.42264e-06
-8.35722e-06
-7.42511e-06
-6.69285e-06
-6.19387e-06
-5.94682e-06
-5.93372e-06
-6.2237e-06
-8.27426e-06
-8.32132e-06
-8.34715e-06
-8.35662e-06
-8.35225e-06
-8.33388e-06
-8.30274e-06
-8.26124e-06
-8.21245e-06
-8.15992e-06
-8.10743e-06
-8.05956e-06
-8.02196e-06
-8.00212e-06
-8.01053e-06
-8.06245e-06
-8.17956e-06
-8.3941e-06
-8.74934e-06
-9.30191e-06
-1.01171e-05
-1.12507e-05
-1.26088e-05
-1.39208e-05
-1.5021e-05
-1.58448e-05
-1.63742e-05
-1.66194e-05
-1.66029e-05
-1.63498e-05
-1.58842e-05
-1.52278e-05
-1.44008e-05
-1.34248e-05
-1.23246e-05
-1.11319e-05
-9.88802e-06
-8.64645e-06
-7.47311e-06
-6.44227e-06
-5.62559e-06
-5.06002e-06
-4.76018e-06
-4.71873e-06
-4.98909e-06
-8.31608e-06
-8.36835e-06
-8.39529e-06
-8.4023e-06
-8.39241e-06
-8.36572e-06
-8.32402e-06
-8.27038e-06
-8.20857e-06
-8.1426e-06
-8.07665e-06
-8.01564e-06
-7.96535e-06
-7.93347e-06
-7.93087e-06
-7.97322e-06
-8.08309e-06
-8.29358e-06
-8.64948e-06
-9.20916e-06
-1.00397e-05
-1.11983e-05
-1.25874e-05
-1.3926e-05
-1.50431e-05
-1.58731e-05
-1.63971e-05
-1.6625e-05
-1.65787e-05
-1.62826e-05
-1.57601e-05
-1.50322e-05
-1.41194e-05
-1.30438e-05
-1.18324e-05
-1.05196e-05
-9.1509e-06
-7.78415e-06
-6.49027e-06
-5.34863e-06
-4.43822e-06
-3.79942e-06
-3.44201e-06
-3.36918e-06
-3.60434e-06
-8.37201e-06
-8.42999e-06
-8.45757e-06
-8.46088e-06
-8.44372e-06
-8.40669e-06
-8.35238e-06
-8.28476e-06
-8.20849e-06
-8.12793e-06
-8.04785e-06
-7.9733e-06
-7.91022e-06
-7.86647e-06
-7.85311e-06
-7.88625e-06
-7.98918e-06
-8.19595e-06
-8.55266e-06
-9.11934e-06
-9.96466e-06
-1.11475e-05
-1.25662e-05
-1.39298e-05
-1.50627e-05
-1.58977e-05
-1.6415e-05
-1.66239e-05
-1.65455e-05
-1.62035e-05
-1.562e-05
-1.48154e-05
-1.38102e-05
-1.26273e-05
-1.12954e-05
-9.85237e-06
-8.34738e-06
-6.84334e-06
-5.4164e-06
-4.15159e-06
-3.13749e-06
-2.41745e-06
-1.99596e-06
-1.8867e-06
-2.07966e-06
-8.44404e-06
-8.50815e-06
-8.53555e-06
-8.53339e-06
-8.50664e-06
-8.45674e-06
-8.38739e-06
-8.3039e-06
-8.21153e-06
-8.11536e-06
-8.02053e-06
-7.93221e-06
-7.85642e-06
-7.80107e-06
-7.77738e-06
-7.80179e-06
-7.89824e-06
-8.10168e-06
-8.45945e-06
-9.03306e-06
-9.89272e-06
-1.10988e-05
-1.25457e-05
-1.39329e-05
-1.50802e-05
-1.59187e-05
-1.6428e-05
-1.66163e-05
-1.65038e-05
-1.61129e-05
-1.54648e-05
-1.45791e-05
-1.3476e-05
-1.21793e-05
-1.07195e-05
-9.13747e-06
-7.48631e-06
-5.83385e-06
-4.26172e-06
-2.86109e-06
-1.73122e-06
-9.20807e-07
-4.22834e-07
-2.64396e-07
-4.17571e-07
-8.53464e-06
-8.60511e-06
-8.63097e-06
-8.62087e-06
-8.58152e-06
-8.51563e-06
-8.42854e-06
-8.32704e-06
-8.21696e-06
-8.10423e-06
-7.99419e-06
-7.89205e-06
-7.80377e-06
-7.73724e-06
-7.70377e-06
-7.72006e-06
-7.81057e-06
-8.01117e-06
-8.37028e-06
-8.9508e-06
-9.82432e-06
-1.10527e-05
-1.25263e-05
-1.39355e-05
-1.50957e-05
-1.59365e-05
-1.64362e-05
-1.66024e-05
-1.64537e-05
-1.60116e-05
-1.52959e-05
-1.43255e-05
-1.31203e-05
-1.1705e-05
-1.01117e-05
-8.38382e-06
-6.57842e-06
-4.76787e-06
-3.03934e-06
-1.49044e-06
-2.29934e-07
6.7922e-07
1.26119e-06
1.48219e-06
1.38186e-06
-8.64688e-06
-8.72363e-06
-8.74579e-06
-8.72433e-06
-8.66849e-06
-8.58289e-06
-8.47517e-06
-8.35322e-06
-8.22398e-06
-8.0939e-06
-7.96836e-06
-7.8525e-06
-7.75212e-06
-7.67497e-06
-7.63236e-06
-7.64122e-06
-7.72642e-06
-7.92469e-06
-8.28547e-06
-8.87287e-06
-9.75977e-06
-1.10094e-05
-1.25081e-05
-1.39378e-05
-1.51094e-05
-1.5951e-05
-1.64398e-05
-1.65822e-05
-1.63957e-05
-1.59002e-05
-1.51146e-05
-1.40569e-05
-1.2747e-05
-1.121e-05
-9.47957e-06
-7.60155e-06
-5.6361e-06
-3.65974e-06
-1.76521e-06
-5.72719e-08
1.3507e-06
2.37534e-06
3.04362e-06
3.33608e-06
3.3007e-06
-8.78464e-06
-8.86699e-06
-8.88217e-06
-8.84465e-06
-8.76738e-06
-8.65789e-06
-8.52616e-06
-8.38143e-06
-8.23177e-06
-8.08371e-06
-7.9426e-06
-7.81332e-06
-7.70137e-06
-7.61426e-06
-7.56325e-06
-7.56541e-06
-7.64595e-06
-7.84242e-06
-8.20522e-06
-8.79947e-06
-9.69926e-06
-1.09691e-05
-1.24914e-05
-1.39399e-05
-1.51214e-05
-1.59623e-05
-1.64388e-05
-1.6556e-05
-1.63302e-05
-1.57798e-05
-1.49227e-05
-1.37764e-05
-1.23604e-05
-1.07005e-05
-8.83176e-06
-6.80171e-06
-4.67302e-06
-2.5255e-06
-4.56896e-07
1.42043e-06
2.98986e-06
4.1539e-06
4.91506e-06
5.29212e-06
5.33185e-06
-8.95292e-06
-9.03916e-06
-9.04236e-06
-8.98246e-06
-8.87774e-06
-8.73956e-06
-8.58016e-06
-8.41061e-06
-8.23944e-06
-8.07309e-06
-7.91659e-06
-7.77437e-06
-7.65149e-06
-7.55518e-06
-7.49654e-06
-7.49275e-06
-7.5693e-06
-7.76451e-06
-8.12966e-06
-8.73073e-06
-9.64288e-06
-1.09319e-05
-1.24763e-05
-1.39419e-05
-1.51317e-05
-1.59705e-05
-1.64334e-05
-1.65242e-05
-1.62577e-05
-1.56515e-05
-1.47222e-05
-1.34867e-05
-1.19649e-05
-1.0183e-05
-8.17701e-06
-5.99585e-06
-3.70372e-06
-1.38252e-06
8.66406e-07
2.92435e-06
4.66729e-06
5.98976e-06
6.86164e-06
7.33696e-06
7.46619e-06
-9.15825e-06
-9.24483e-06
-9.22866e-06
-9.13798e-06
-8.99866e-06
-8.82623e-06
-8.63579e-06
-8.43959e-06
-8.24617e-06
-8.06155e-06
-7.89009e-06
-7.73557e-06
-7.60254e-06
-7.49782e-06
-7.43235e-06
-7.42336e-06
-7.49658e-06
-7.69104e-06
-8.05883e-06
-8.66667e-06
-9.59067e-06
-1.08978e-05
-1.24626e-05
-1.39437e-05
-1.51403e-05
-1.59757e-05
-1.64237e-05
-1.6487e-05
-1.61791e-05
-1.55164e-05
-1.45149e-05
-1.31911e-05
-1.15651e-05
-9.66378e-06
-7.52408e-06
-5.19559e-06
-2.74309e-06
-2.49134e-07
2.1832e-06
4.43065e-06
6.36086e-06
7.85824e-06
8.86574e-06
9.45555e-06
9.69532e-06
-9.40944e-06
-9.48952e-06
-9.44306e-06
-9.31091e-06
-9.12836e-06
-8.91603e-06
-8.69142e-06
-8.46717e-06
-8.25126e-06
-8.04874e-06
-7.86298e-06
-7.69697e-06
-7.55462e-06
-7.44233e-06
-7.37082e-06
-7.35737e-06
-7.42788e-06
-7.62205e-06
-7.99275e-06
-8.60726e-06
-9.54256e-06
-1.08667e-05
-1.24504e-05
-1.39454e-05
-1.51472e-05
-1.59779e-05
-1.641e-05
-1.64449e-05
-1.60952e-05
-1.5376e-05
-1.43029e-05
-1.28925e-05
-1.11653e-05
-9.14904e-06
-6.88132e-06
-4.4121e-06
-1.80577e-06
8.5602e-07
3.47068e-06
5.91278e-06
8.04196e-06
9.73205e-06
1.09074e-05
1.16322e-05
1.20113e-05
-9.71867e-06
-9.77948e-06
-9.68695e-06
-9.4998e-06
-9.2645e-06
-9.00668e-06
-8.74529e-06
-8.49226e-06
-8.25412e-06
-8.03442e-06
-7.83528e-06
-7.6587e-06
-7.50793e-06
-7.38889e-06
-7.31211e-06
-7.29489e-06
-7.36324e-06
-7.55753e-06
-7.93136e-06
-8.55243e-06
-9.49847e-06
-1.08385e-05
-1.24395e-05
-1.39469e-05
-1.51526e-05
-1.59773e-05
-1.63926e-05
-1.63986e-05
-1.60067e-05
-1.52316e-05
-1.40884e-05
-1.2594e-05
-1.07697e-05
-8.64437e-06
-6.25639e-06
-3.65573e-06
-9.05627e-07
1.91472e-06
4.70563e-06
7.3428e-06
9.68075e-06
1.15813e-05
1.29543e-05
1.38477e-05
1.44087e-05
-1.01032e-05
-1.01216e-05
-9.96084e-06
-9.70208e-06
-9.40373e-06
-9.09553e-06
-8.79568e-06
-8.51391e-06
-8.25437e-06
-8.01857e-06
-7.80712e-06
-7.62098e-06
-7.46269e-06
-7.33772e-06
-7.25637e-06
-7.23599e-06
-7.3027e-06
-7.49746e-06
-7.87457e-06
-8.50204e-06
-9.45825e-06
-1.08131e-05
-1.24301e-05
-1.39482e-05
-1.51565e-05
-1.59742e-05
-1.63718e-05
-1.63485e-05
-1.59147e-05
-1.50845e-05
-1.38731e-05
-1.22981e-05
-1.03819e-05
-8.15471e-06
-5.65594e-06
-2.93552e-06
-5.50432e-08
2.90998e-06
5.86519e-06
8.69134e-06
1.12427e-05
1.33726e-05
1.49694e-05
1.60748e-05
1.68836e-05
-1.05875e-05
-1.05223e-05
-1.02622e-05
-9.91394e-06
-9.54214e-06
-9.17983e-06
-8.84102e-06
-8.53142e-06
-8.25183e-06
-8.00129e-06
-7.77876e-06
-7.5841e-06
-7.41916e-06
-7.28901e-06
-7.20375e-06
-7.18076e-06
-7.24626e-06
-7.44177e-06
-7.82226e-06
-8.45594e-06
-9.42174e-06
-1.07903e-05
-1.24218e-05
-1.39493e-05
-1.51589e-05
-1.59687e-05
-1.63481e-05
-1.62953e-05
-1.582e-05
-1.49361e-05
-1.36589e-05
-1.20072e-05
-1.0005e-05
-7.68419e-06
-5.08546e-06
-2.25894e-06
7.35532e-07
3.82685e-06
6.92792e-06
9.92859e-06
1.26889e-05
1.50611e-05
1.69102e-05
1.82776e-05
1.94359e-05
-1.12063e-05
-1.09837e-05
-1.05877e-05
-1.01287e-05
-9.67496e-06
-9.25683e-06
-8.88003e-06
-8.54442e-06
-8.24659e-06
-7.98288e-06
-7.75053e-06
-7.54837e-06
-7.37762e-06
-7.24297e-06
-7.15436e-06
-7.12925e-06
-7.19389e-06
-7.39036e-06
-7.77428e-06
-8.41395e-06
-9.38874e-06
-1.07701e-05
-1.24147e-05
-1.39502e-05
-1.516e-05
-1.59611e-05
-1.63218e-05
-1.62396e-05
-1.57236e-05
-1.47874e-05
-1.34474e-05
-1.17235e-05
-9.64181e-06
-7.23623e-06
-4.54932e-06
-1.63184e-06
1.45777e-06
4.65285e-06
7.87468e-06
1.10255e-05
1.39778e-05
1.65934e-05
1.87189e-05
2.0404e-05
2.20658e-05
-1.20066e-05
-1.15e-05
-1.0925e-05
-1.03381e-05
-9.7969e-06
-9.32394e-06
-8.9118e-06
-8.5528e-06
-8.23891e-06
-7.96369e-06
-7.72279e-06
-7.51409e-06
-7.33827e-06
-7.19973e-06
-7.10828e-06
-7.08144e-06
-7.14552e-06
-7.34312e-06
-7.73047e-06
-8.37586e-06
-9.35907e-06
-1.07522e-05
-1.24085e-05
-1.39508e-05
-1.51598e-05
-1.59515e-05
-1.62933e-05
-1.61819e-05
-1.56261e-05
-1.46398e-05
-1.32401e-05
-1.14489e-05
-9.29458e-06
-6.81369e-06
-4.0511e-06
-1.05887e-06
2.10515e-06
5.37795e-06
8.68894e-06
1.19545e-05
1.50654e-05
1.7906e-05
2.0315e-05
2.23691e-05
2.47573e-05
-1.30331e-05
-1.20596e-05
-1.12565e-05
-1.05313e-05
-9.90259e-06
-9.37909e-06
-8.93591e-06
-8.55682e-06
-8.22923e-06
-7.94418e-06
-7.69591e-06
-7.48154e-06
-7.30132e-06
-7.15939e-06
-7.0655e-06
-7.03726e-06
-7.10103e-06
-7.29986e-06
-7.69061e-06
-8.34146e-06
-9.3325e-06
-1.07364e-05
-1.24033e-05
-1.39512e-05
-1.51584e-05
-1.594e-05
-1.62627e-05
-1.61226e-05
-1.55281e-05
-1.44937e-05
-1.30378e-05
-1.11844e-05
-8.96452e-06
-6.41795e-06
-3.59245e-06
-5.4221e-07
2.6743e-06
5.99609e-06
9.35887e-06
1.26922e-05
1.59083e-05
1.89268e-05
2.15934e-05
2.4047e-05
2.74737e-05
-1.43802e-05
-1.26447e-05
-1.15577e-05
-1.06971e-05
-9.98845e-06
-9.42208e-06
-8.95343e-06
-8.55779e-06
-8.21875e-06
-7.92533e-06
-7.67066e-06
-7.45129e-06
-7.26714e-06
-7.1222e-06
-7.02614e-06
-6.99669e-06
-7.06023e-06
-7.2603e-06
-7.65431e-06
-8.31031e-06
-9.30866e-06
-1.07226e-05
-1.2399e-05
-1.39515e-05
-1.51563e-05
-1.59273e-05
-1.62308e-05
-1.60622e-05
-1.543e-05
-1.43493e-05
-1.28401e-05
-1.09287e-05
-8.64946e-06
-6.04572e-06
-3.16884e-06
-7.61478e-08
3.17175e-06
6.5135e-06
9.88763e-06
1.32323e-05
1.64784e-05
1.95856e-05
2.24271e-05
2.52923e-05
3.02453e-05
-1.61567e-05
-1.32173e-05
-1.17927e-05
-1.08244e-05
-1.00552e-05
-9.45629e-06
-8.96787e-06
-8.55871e-06
-8.20984e-06
-7.90898e-06
-7.64848e-06
-7.42447e-06
-7.23667e-06
-7.08889e-06
-6.99078e-06
-6.96016e-06
-7.02342e-06
-7.2245e-06
-7.6214e-06
-8.28204e-06
-9.2871e-06
-1.07104e-05
-1.2396e-05
-1.3953e-05
-1.51552e-05
-1.59159e-05
-1.62004e-05
-1.60038e-05
-1.53346e-05
-1.42088e-05
-1.26483e-05
-1.06818e-05
-8.34739e-06
-5.69231e-06
-2.77222e-06
3.51401e-07
3.61417e-06
6.95165e-06
1.03005e-05
1.35993e-05
1.67845e-05
1.98348e-05
2.26533e-05
2.58409e-05
3.29379e-05
-1.76456e-05
-1.35624e-05
-1.18973e-05
-1.08921e-05
-1.00971e-05
-9.47913e-06
-8.97712e-06
-8.55758e-06
-8.20052e-06
-7.89328e-06
-7.62773e-06
-7.39972e-06
-7.20882e-06
-7.05873e-06
-6.95907e-06
-6.92772e-06
-6.99104e-06
-7.19328e-06
-7.59297e-06
-8.25775e-06
-9.26851e-06
-1.06997e-05
-1.23931e-05
-1.39538e-05
-1.51536e-05
-1.59049e-05
-1.61724e-05
-1.59507e-05
-1.52487e-05
-1.40831e-05
-1.24775e-05
-1.04637e-05
-8.08282e-06
-5.38643e-06
-2.43455e-06
7.06638e-07
3.96788e-06
7.27937e-06
1.05713e-05
1.37731e-05
1.6805e-05
1.96073e-05
2.20295e-05
2.47771e-05
3.22604e-05
)
;

boundaryField
{
    inlet
    {
        type            uniformJump;
        patchType       cyclic;
        jump            uniform -2.5e-05;
        value           nonuniform List<scalar> 
40
(
1.04414e-06
1.06138e-06
1.07994e-06
1.09927e-06
1.12097e-06
1.14656e-06
1.17804e-06
1.21859e-06
1.27242e-06
1.34402e-06
1.43711e-06
1.5542e-06
1.6929e-06
1.84655e-06
2.00901e-06
2.16607e-06
2.29339e-06
2.36748e-06
2.369e-06
2.28415e-06
2.12809e-06
1.95083e-06
1.81871e-06
1.72978e-06
1.67993e-06
1.66179e-06
1.66503e-06
1.68026e-06
1.70072e-06
1.72215e-06
1.74219e-06
1.7598e-06
1.7747e-06
1.787e-06
1.79696e-06
1.80493e-06
1.81121e-06
1.81617e-06
1.82022e-06
1.82348e-06
)
;
        jumpTable       table;
        jumpTableCoeffs
        {
            values          
4
(
(0 -2.5e-05)
(25 -2.5e-05)
(25.5 -0.0001)
(26 -2.5e-05)
)
;
        }
    }
    outlet
    {
        type            uniformJump;
        patchType       cyclic;
        value           nonuniform List<scalar> 
40
(
-2.39559e-05
-2.39386e-05
-2.39201e-05
-2.39007e-05
-2.3879e-05
-2.38534e-05
-2.3822e-05
-2.37814e-05
-2.37276e-05
-2.3656e-05
-2.35629e-05
-2.34458e-05
-2.33071e-05
-2.31535e-05
-2.2991e-05
-2.28339e-05
-2.27066e-05
-2.26325e-05
-2.2631e-05
-2.27158e-05
-2.28719e-05
-2.30492e-05
-2.31813e-05
-2.32702e-05
-2.33201e-05
-2.33382e-05
-2.3335e-05
-2.33197e-05
-2.32993e-05
-2.32779e-05
-2.32578e-05
-2.32402e-05
-2.32253e-05
-2.3213e-05
-2.3203e-05
-2.31951e-05
-2.31888e-05
-2.31838e-05
-2.31798e-05
-2.31765e-05
)
;
    }
    Walls
    {
        type            zeroGradient;
    }
    back
    {
        type            empty;
    }
    front
    {
        type            empty;
    }
}


// ************************************************************************* //
