/*--------------------------------*- C++ -*----------------------------------*\
| =========                 |                                                 |
| \\      /  F ield         | OpenFOAM: The Open Source CFD Toolbox           |
|  \\    /   O peration     | Version:  2312                                  |
|   \\  /    A nd           | Website:  www.openfoam.com                      |
|    \\/     M anipulation  |                                                 |
\*---------------------------------------------------------------------------*/
FoamFile
{
    version     2.0;
    format      ascii;
    arch        "LSB;label=32;scalar=64";
    class       volScalarField;
    location    "170.25";
    object      p;
}
// * * * * * * * * * * * * * * * * * * * * * * * * * * * * * * * * * * * * * //

dimensions      [0 2 -2 0 0 0 0];

internalField   nonuniform List<scalar> 
4800
(
-2.25051e-11
-1.68388e-06
-3.12756e-06
-4.37855e-06
-5.46974e-06
-6.4265e-06
-7.26614e-06
-8.01259e-06
-8.67909e-06
-9.27405e-06
-9.80937e-06
-1.02899e-05
-1.07093e-05
-1.13039e-05
-1.3071e-05
1.67359e-08
-1.66268e-06
-3.1029e-06
-4.35141e-06
-5.44148e-06
-6.39885e-06
-7.24056e-06
-7.99153e-06
-8.66487e-06
-9.27071e-06
-9.82639e-06
-1.03511e-05
-1.08613e-05
-1.14664e-05
-1.24267e-05
3.50535e-08
-1.63955e-06
-3.07618e-06
-4.32233e-06
-5.4112e-06
-6.36878e-06
-7.21189e-06
-7.96477e-06
-8.6434e-06
-9.25731e-06
-9.82478e-06
-1.0366e-05
-1.08919e-05
-1.14107e-05
-1.18999e-05
5.46359e-08
-1.6144e-06
-3.04678e-06
-4.28992e-06
-5.37692e-06
-6.33371e-06
-7.17813e-06
-7.93005e-06
-8.61032e-06
-9.22608e-06
-9.79139e-06
-1.03177e-05
-1.07986e-05
-1.12016e-05
-1.14531e-05
7.7204e-08
-1.58511e-06
-3.01221e-06
-4.25129e-06
-5.33535e-06
-6.28991e-06
-7.13382e-06
-7.88339e-06
-8.55907e-06
-9.16831e-06
-9.71711e-06
-1.02067e-05
-1.06187e-05
-1.0913e-05
-1.10318e-05
1.04365e-07
-1.54989e-06
-2.9704e-06
-4.20411e-06
-5.28371e-06
-6.23411e-06
-7.07394e-06
-7.81852e-06
-8.48311e-06
-9.07519e-06
-9.59394e-06
-1.00328e-05
-1.03712e-05
-1.05785e-05
-1.06256e-05
1.38276e-07
-1.50646e-06
-2.91881e-06
-4.14535e-06
-5.21834e-06
-6.16178e-06
-6.9934e-06
-7.72709e-06
-8.37402e-06
-8.93851e-06
-9.41653e-06
-9.79888e-06
-1.00699e-05
-1.02142e-05
-1.02255e-05
1.82247e-07
-1.45136e-06
-2.8536e-06
-4.07062e-06
-5.13402e-06
-6.06671e-06
-6.8851e-06
-7.60108e-06
-8.22255e-06
-8.7512e-06
-9.18271e-06
-9.51001e-06
-9.72567e-06
-9.82794e-06
-9.82312e-06
2.40807e-07
-1.37979e-06
-2.76947e-06
-3.97389e-06
-5.02387e-06
-5.941e-06
-6.74022e-06
-7.4315e-06
-8.02063e-06
-8.5084e-06
-8.89278e-06
-9.17167e-06
-9.34569e-06
-9.42195e-06
-9.41238e-06
3.19222e-07
-1.28592e-06
-2.65985e-06
-3.84775e-06
-4.87955e-06
-5.77554e-06
-6.54931e-06
-7.20955e-06
-7.76142e-06
-8.20732e-06
-8.54836e-06
-8.78805e-06
-8.93313e-06
-8.99531e-06
-8.98799e-06
4.22577e-07
-1.16365e-06
-2.51765e-06
-3.68407e-06
-4.69214e-06
-5.56106e-06
-6.30356e-06
-6.92818e-06
-7.44098e-06
-7.84697e-06
-8.15133e-06
-8.3618e-06
-8.48874e-06
-8.54557e-06
-8.54518e-06
5.54513e-07
-1.00766e-06
-2.3363e-06
-3.47526e-06
-4.4535e-06
-5.28964e-06
-5.99636e-06
-6.58312e-06
-7.0579e-06
-7.42861e-06
-7.70407e-06
-7.89472e-06
-8.0123e-06
-8.07019e-06
-8.08003e-06
7.15901e-07
-8.15185e-07
-2.11108e-06
-3.21563e-06
-4.15773e-06
-4.9562e-06
-5.6245e-06
-6.17369e-06
-6.61395e-06
-6.95574e-06
-7.21007e-06
-7.38882e-06
-7.50391e-06
-7.56762e-06
-7.59011e-06
9.03919e-07
-5.85743e-07
-1.83941e-06
-2.90213e-06
-3.80227e-06
-4.55936e-06
-5.1885e-06
-5.70253e-06
-6.11335e-06
-6.43294e-06
-6.67336e-06
-6.84677e-06
-6.96453e-06
-7.03756e-06
-7.07458e-06
1.11413e-06
-3.21854e-07
-1.52343e-06
-2.53581e-06
-3.38849e-06
-4.10177e-06
-4.69228e-06
-5.17459e-06
-5.56158e-06
-5.86547e-06
-6.0982e-06
-6.27147e-06
-6.39578e-06
-6.48072e-06
-6.53371e-06
1.33997e-06
-2.98987e-08
-1.1704e-06
-2.12377e-06
-2.92361e-06
-3.59142e-06
-4.14419e-06
-4.5977e-06
-4.96552e-06
-5.25917e-06
-5.48933e-06
-5.66653e-06
-5.80027e-06
-5.89899e-06
-5.96911e-06
1.56615e-06
2.82578e-07
-7.88671e-07
-1.6783e-06
-2.42167e-06
-3.04292e-06
-3.55887e-06
-3.9851e-06
-4.33616e-06
-4.62288e-06
-4.8539e-06
-5.0378e-06
-5.18283e-06
-5.2965e-06
-5.38449e-06
1.77086e-06
5.95913e-07
-3.88802e-07
-1.21214e-06
-1.89961e-06
-2.47669e-06
-2.95698e-06
-3.35617e-06
-3.6904e-06
-3.9707e-06
-4.2036e-06
-4.3952e-06
-4.55215e-06
-4.68096e-06
-4.78682e-06
1.93924e-06
8.81028e-07
-4.86029e-10
-7.44456e-07
-1.37417e-06
-1.90827e-06
-2.35446e-06
-2.72781e-06
-3.04547e-06
-3.31908e-06
-3.55314e-06
-3.75172e-06
-3.91988e-06
-4.06305e-06
-4.18581e-06
2.05537e-06
1.11887e-06
3.37627e-07
-3.23146e-07
-8.85569e-07
-1.3649e-06
-1.77363e-06
-2.12292e-06
-2.42587e-06
-2.69214e-06
-2.92514e-06
-3.12816e-06
-3.30534e-06
-3.46106e-06
-3.59904e-06
2.10149e-06
1.28899e-06
6.04732e-07
2.32391e-08
-4.72957e-07
-9.02174e-07
-1.27383e-06
-1.5999e-06
-1.88829e-06
-2.14429e-06
-2.37232e-06
-2.57583e-06
-2.75703e-06
-2.91998e-06
-3.06809e-06
2.09504e-06
1.38906e-06
7.86413e-07
2.69112e-07
-1.79271e-07
-5.70858e-07
-9.16471e-07
-1.21993e-06
-1.48614e-06
-1.72705e-06
-1.94915e-06
-2.15218e-06
-2.336e-06
-2.50252e-06
-2.65598e-06
2.08225e-06
1.45747e-06
9.18095e-07
4.4963e-07
3.97145e-08
-3.21724e-07
-6.4258e-07
-9.2907e-07
-1.18708e-06
-1.42144e-06
-1.63727e-06
-1.83564e-06
-2.01834e-06
-2.18754e-06
-2.3454e-06
2.07569e-06
1.51263e-06
1.02132e-06
5.89972e-07
2.0881e-07
-1.30563e-07
-4.35146e-07
-7.10672e-07
-9.61566e-07
-1.19134e-06
-1.40315e-06
-1.59963e-06
-1.78271e-06
-1.95399e-06
-2.11521e-06
2.08136e-06
1.56501e-06
1.10972e-06
7.05765e-07
3.45186e-07
2.09848e-08
-2.72701e-07
-5.40557e-07
-7.86299e-07
-1.01303e-06
-1.2235e-06
-1.41998e-06
-1.60431e-06
-1.77803e-06
-1.94268e-06
2.09979e-06
1.6186e-06
1.18996e-06
8.05834e-07
4.59727e-07
1.45841e-07
-1.40706e-07
-4.03906e-07
-6.47052e-07
-8.729e-07
-1.08382e-06
-1.28181e-06
-1.46859e-06
-1.6456e-06
-1.81425e-06
2.12726e-06
1.67252e-06
1.26347e-06
8.93597e-07
5.57507e-07
2.50344e-07
-3.20485e-08
-2.93134e-07
-5.35806e-07
-7.62489e-07
-9.75277e-07
-1.17595e-06
-1.36609e-06
-1.54706e-06
-1.72018e-06
2.15892e-06
1.72426e-06
1.32977e-06
9.70145e-07
6.40876e-07
3.3782e-07
5.74093e-08
-2.0335e-07
-4.46986e-07
-6.75639e-07
-8.91184e-07
-1.09524e-06
-1.28928e-06
-1.47457e-06
-1.65237e-06
2.19076e-06
1.77168e-06
1.38819e-06
1.03604e-06
7.11372e-07
4.10655e-07
1.30825e-07
-1.30698e-07
-3.76131e-07
-6.0738e-07
-8.26142e-07
-1.0339e-06
-1.23203e-06
-1.42173e-06
-1.6042e-06
2.22017e-06
1.81348e-06
1.43856e-06
1.09198e-06
7.70461e-07
4.70981e-07
1.90922e-07
-7.19506e-08
-3.19585e-07
-5.53689e-07
-7.75804e-07
-9.87299e-07
-1.18946e-06
-1.38341e-06
-1.57033e-06
2.24583e-06
1.84928e-06
1.48122e-06
1.13895e-06
8.19664e-07
5.20782e-07
2.40076e-07
-2.43909e-08
-2.74337e-07
-5.11295e-07
-7.36668e-07
-9.51722e-07
-1.15766e-06
-1.35557e-06
-1.54658e-06
2.26735e-06
1.87928e-06
1.51691e-06
1.1781e-06
8.60479e-07
5.61854e-07
2.80335e-07
1.42443e-08
-2.37936e-07
-4.77582e-07
-7.05975e-07
-9.2429e-07
-1.13367e-06
-1.33514e-06
-1.5298e-06
2.28488e-06
1.90407e-06
1.54652e-06
1.2106e-06
8.94289e-07
5.95761e-07
3.13413e-07
4.5793e-08
-2.0844e-07
-4.50522e-07
-6.81628e-07
-9.02853e-07
-1.11528e-06
-1.31989e-06
-1.51775e-06
2.29888e-06
1.92435e-06
1.57098e-06
1.23753e-06
9.22308e-07
6.23818e-07
3.40703e-07
7.17072e-08
-1.84353e-07
-4.28591e-07
-6.62085e-07
-8.8586e-07
-1.10094e-06
-1.30829e-06
-1.50894e-06
2.30985e-06
1.94085e-06
1.59113e-06
1.25983e-06
9.45564e-07
6.47105e-07
3.63316e-07
9.3115e-08
-1.64541e-07
-4.10657e-07
-6.46227e-07
-8.72212e-07
-1.08959e-06
-1.2993e-06
-1.50233e-06
2.31835e-06
1.9542e-06
1.60771e-06
1.27831e-06
9.64891e-07
6.66474e-07
3.82111e-07
1.10873e-07
-1.4816e-07
-3.95896e-07
-6.33255e-07
-8.61142e-07
-1.0805e-06
-1.29222e-06
-1.4973e-06
2.32483e-06
1.96497e-06
1.62131e-06
1.29359e-06
9.80934e-07
6.82576e-07
3.97733e-07
1.25612e-07
-1.34597e-07
-3.8372e-07
-6.22609e-07
-8.52121e-07
-1.07316e-06
-1.2866e-06
-1.49343e-06
2.32973e-06
1.97367e-06
1.63252e-06
1.3063e-06
9.94328e-07
6.96042e-07
4.10798e-07
1.37926e-07
-1.23291e-07
-3.73602e-07
-6.13796e-07
-8.44694e-07
-1.06717e-06
-1.28208e-06
-1.4904e-06
2.33355e-06
1.98104e-06
1.64224e-06
1.31742e-06
1.00611e-06
7.07917e-07
4.22326e-07
1.48781e-07
-1.13345e-07
-3.6473e-07
-6.06097e-07
-8.38241e-07
-1.06201e-06
-1.27824e-06
-1.4879e-06
2.3366e-06
1.98759e-06
1.65108e-06
1.32764e-06
1.017e-06
7.18908e-07
4.33004e-07
1.58832e-07
-1.04148e-07
-3.56536e-07
-5.99072e-07
-8.32444e-07
-1.05746e-06
-1.27495e-06
-1.48585e-06
-1.46063e-05
-1.2285e-05
-1.08503e-05
-9.88918e-06
-9.11144e-06
-8.49905e-06
-8.00285e-06
-7.58845e-06
-7.23335e-06
-6.92112e-06
-6.63963e-06
-6.38044e-06
-6.13848e-06
-5.91266e-06
-5.70748e-06
-5.53527e-06
-5.41892e-06
-5.40017e-06
-5.53332e-06
-5.90406e-06
-6.61343e-06
-7.73422e-06
-9.18004e-06
-1.06172e-05
-1.18078e-05
-1.26443e-05
-1.3073e-05
-1.30719e-05
-1.26354e-05
-1.17653e-05
-1.04734e-05
-8.78159e-06
-6.72478e-06
-4.35091e-06
-1.71964e-06
1.10047e-06
4.03484e-06
7.00489e-06
9.92717e-06
1.27093e-05
1.52348e-05
1.73567e-05
1.87576e-05
1.91969e-05
1.76903e-05
-1.28906e-05
-1.17088e-05
-1.06303e-05
-9.77793e-06
-9.04817e-06
-8.45171e-06
-7.96062e-06
-7.54752e-06
-7.19267e-06
-6.88039e-06
-6.59896e-06
-6.34009e-06
-6.09884e-06
-5.87429e-06
-5.67114e-06
-5.50186e-06
-5.38944e-06
-5.37555e-06
-5.51364e-06
-5.88847e-06
-6.59963e-06
-7.71682e-06
-9.15415e-06
-1.05821e-05
-1.17649e-05
-1.25959e-05
-1.30212e-05
-1.30186e-05
-1.25814e-05
-1.1713e-05
-1.04259e-05
-8.74381e-06
-6.70349e-06
-4.35521e-06
-1.76148e-06
1.00535e-06
3.86515e-06
6.73071e-06
9.50446e-06
1.20691e-05
1.42616e-05
1.58353e-05
1.63146e-05
1.4997e-05
1.09005e-05
-1.19862e-05
-1.12543e-05
-1.03997e-05
-9.64413e-06
-8.96792e-06
-8.39395e-06
-7.91158e-06
-7.50157e-06
-7.14755e-06
-6.83544e-06
-6.55413e-06
-6.29563e-06
-6.05523e-06
-5.8322e-06
-5.63149e-06
-5.46575e-06
-5.35808e-06
-5.35e-06
-5.49398e-06
-5.87367e-06
-6.58685e-06
-7.69949e-06
-9.12624e-06
-1.05423e-05
-1.1715e-05
-1.25386e-05
-1.29591e-05
-1.29539e-05
-1.25168e-05
-1.16517e-05
-1.03727e-05
-8.70561e-06
-6.68989e-06
-4.37889e-06
-1.83894e-06
8.52517e-07
3.60819e-06
6.33026e-06
8.9052e-06
1.11919e-05
1.29943e-05
1.40256e-05
1.38368e-05
1.18955e-05
8.00132e-06
-1.13923e-05
-1.08718e-05
-1.01874e-05
-9.51012e-06
-8.88618e-06
-8.33645e-06
-7.86365e-06
-7.45667e-06
-7.10296e-06
-6.79034e-06
-6.50852e-06
-6.24992e-06
-6.01008e-06
-5.78848e-06
-5.59037e-06
-5.42849e-06
-5.32607e-06
-5.32446e-06
-5.47498e-06
-5.86002e-06
-6.57545e-06
-7.6829e-06
-9.09739e-06
-1.04994e-05
-1.16594e-05
-1.24728e-05
-1.28859e-05
-1.28758e-05
-1.24369e-05
-1.15743e-05
-1.03043e-05
-8.65565e-06
-6.67121e-06
-4.40844e-06
-1.93853e-06
6.54964e-07
3.27669e-06
5.81808e-06
8.15197e-06
1.01223e-05
1.15262e-05
1.2101e-05
1.15218e-05
9.51272e-06
6.23153e-06
-1.09173e-05
-1.0523e-05
-9.97209e-06
-9.3801e-06
-8.80668e-06
-8.28178e-06
-7.8191e-06
-7.41462e-06
-7.06032e-06
-6.74619e-06
-6.46298e-06
-6.20366e-06
-5.96408e-06
-5.74397e-06
-5.54881e-06
-5.39144e-06
-5.29512e-06
-5.30094e-06
-5.45885e-06
-5.84974e-06
-6.56732e-06
-7.66818e-06
-9.0678e-06
-1.04529e-05
-1.15972e-05
-1.23979e-05
-1.28016e-05
-1.27855e-05
-1.23449e-05
-1.14866e-05
-1.02295e-05
-8.60606e-06
-6.66321e-06
-4.46311e-06
-2.08231e-06
3.89295e-07
2.8489e-06
5.17962e-06
7.24693e-06
8.89375e-06
9.93597e-06
1.01715e-05
9.41222e-06
7.57707e-06
4.86998e-06
-1.05029e-05
-1.01951e-05
-9.74726e-06
-9.24011e-06
-8.72239e-06
-8.22687e-06
-7.77751e-06
-7.37619e-06
-7.02107e-06
-6.70471e-06
-6.41927e-06
-6.15858e-06
-5.91896e-06
-5.70039e-06
-5.50864e-06
-5.35657e-06
-5.2674e-06
-5.28181e-06
-5.44806e-06
-5.84522e-06
-6.56456e-06
-7.65679e-06
-9.03799e-06
-1.04023e-05
-1.15275e-05
-1.23125e-05
-1.27048e-05
-1.26821e-05
-1.22406e-05
-1.13897e-05
-1.01515e-05
-8.56246e-06
-6.67413e-06
-4.55367e-06
-2.28295e-06
4.25691e-08
2.31475e-06
4.41297e-06
6.204e-06
7.5437e-06
8.28379e-06
8.2916e-06
7.48684e-06
5.9001e-06
3.73863e-06
-1.01128e-05
-9.86995e-06
-9.51107e-06
-9.08011e-06
-8.61798e-06
-8.16392e-06
-7.73281e-06
-7.33892e-06
-6.98501e-06
-6.66696e-06
-6.3792e-06
-6.11687e-06
-5.87709e-06
-5.66028e-06
-5.47252e-06
-5.32669e-06
-5.24579e-06
-5.27004e-06
-5.44558e-06
-5.84924e-06
-6.56963e-06
-7.65051e-06
-9.00879e-06
-1.03478e-05
-1.14494e-05
-1.2215e-05
-1.25935e-05
-1.25634e-05
-1.21226e-05
-1.12832e-05
-1.00713e-05
-8.52769e-06
-6.7088e-06
-4.68661e-06
-2.54757e-06
-3.90848e-07
1.67359e-06
3.52737e-06
5.04733e-06
6.11248e-06
6.61645e-06
6.48775e-06
5.71621e-06
4.37965e-06
2.65757e-06
-9.72592e-06
-9.53351e-06
-9.24783e-06
-8.89006e-06
-8.49002e-06
-8.07879e-06
-7.67573e-06
-7.29672e-06
-6.94867e-06
-6.63167e-06
-6.34308e-06
-6.07997e-06
-5.84069e-06
-5.62636e-06
-5.44357e-06
-5.30519e-06
-5.23392e-06
-5.26935e-06
-5.45511e-06
-5.8652e-06
-6.58546e-06
-7.65141e-06
-8.98112e-06
-1.02891e-05
-1.13618e-05
-1.21037e-05
-1.24656e-05
-1.24276e-05
-1.19896e-05
-1.11673e-05
-9.99075e-06
-8.50556e-06
-6.7728e-06
-4.86854e-06
-2.88213e-06
-9.13611e-07
9.29686e-07
2.53774e-06
3.8043e-06
4.63626e-06
4.96633e-06
4.76794e-06
4.0686e-06
2.95641e-06
1.57378e-06
-9.33195e-06
-9.17985e-06
-8.95387e-06
-8.66274e-06
-8.32483e-06
-7.96272e-06
-7.59602e-06
-7.24033e-06
-6.90519e-06
-6.59454e-06
-6.30889e-06
-6.04768e-06
-5.81096e-06
-5.60089e-06
-5.42482e-06
-5.29568e-06
-5.23575e-06
-5.28395e-06
-5.48083e-06
-5.89702e-06
-6.61527e-06
-7.66157e-06
-8.95572e-06
-1.02259e-05
-1.12634e-05
-1.19766e-05
-1.23191e-05
-1.22731e-05
-1.18412e-05
-1.1043e-05
-9.91292e-06
-8.50111e-06
-6.87252e-06
-5.10585e-06
-3.29094e-06
-1.52512e-06
9.15215e-08
1.46229e-06
2.50145e-06
3.14325e-06
3.35154e-06
3.12787e-06
2.51508e-06
1.59447e-06
4.74936e-07
-8.9247e-06
-8.80607e-06
-8.62912e-06
-8.39627e-06
-8.11735e-06
-7.80775e-06
-7.48372e-06
-7.15952e-06
-6.84571e-06
-6.54883e-06
-6.2722e-06
-6.01772e-06
-5.78746e-06
-5.58492e-06
-5.41847e-06
-5.30126e-06
-5.25496e-06
-5.31779e-06
-5.52673e-06
-5.94831e-06
-6.66199e-06
-7.68251e-06
-8.93266e-06
-1.01573e-05
-1.11523e-05
-1.18313e-05
-1.21517e-05
-1.20985e-05
-1.16776e-05
-1.09124e-05
-9.84198e-06
-8.52006e-06
-7.01423e-06
-5.40362e-06
-3.77553e-06
-2.2209e-06
-8.28677e-07
3.2065e-07
1.16211e-06
1.65317e-06
1.77929e-06
1.55695e-06
1.03118e-06
2.70401e-07
-6.43496e-07
-8.49934e-06
-8.4098e-06
-8.27403e-06
-8.09159e-06
-7.867e-06
-7.60985e-06
-7.33222e-06
-7.04611e-06
-6.76174e-06
-6.4869e-06
-6.22694e-06
-5.98588e-06
-5.76782e-06
-5.57773e-06
-5.4252e-06
-5.3236e-06
-5.29397e-06
-5.37363e-06
-5.59552e-06
-6.02155e-06
-6.72725e-06
-7.71426e-06
-8.91079e-06
-1.00816e-05
-1.10261e-05
-1.16651e-05
-1.19615e-05
-1.19033e-05
-1.14999e-05
-1.0779e-05
-9.783e-06
-8.56842e-06
-7.20333e-06
-5.76464e-06
-4.33397e-06
-2.99266e-06
-1.81612e-06
-8.67994e-07
-1.94782e-07
1.78492e-07
2.504e-07
4.28072e-08
-4.02839e-07
-1.03188e-06
-1.78332e-06
-8.05208e-06
-7.98894e-06
-7.88887e-06
-7.75043e-06
-7.57512e-06
-7.36842e-06
-7.13862e-06
-6.89513e-06
-6.64694e-06
-6.40199e-06
-6.16675e-06
-5.94682e-06
-5.74804e-06
-5.57669e-06
-5.44357e-06
-5.36223e-06
-5.353e-06
-5.45188e-06
-5.68746e-06
-6.11688e-06
-6.81012e-06
-7.75421e-06
-8.88712e-06
-9.99643e-06
-1.08814e-05
-1.14753e-05
-1.1747e-05
-1.16877e-05
-1.13107e-05
-1.0647e-05
-9.7416e-06
-8.65165e-06
-7.44335e-06
-6.18857e-06
-4.9605e-06
-3.82875e-06
-2.85446e-06
-2.0858e-06
-1.55442e-06
-1.27356e-06
-1.23792e-06
-1.4258e-06
-1.80153e-06
-2.32303e-06
-2.94508e-06
-7.58053e-06
-7.54219e-06
-7.47413e-06
-7.37475e-06
-7.24408e-06
-7.08499e-06
-6.90284e-06
-6.70455e-06
-6.49754e-06
-6.28915e-06
-6.08618e-06
-5.89517e-06
-5.72317e-06
-5.57753e-06
-5.46998e-06
-5.41405e-06
-5.42936e-06
-5.54972e-06
-5.79938e-06
-6.23146e-06
-6.90462e-06
-7.79807e-06
-8.85736e-06
-9.89429e-06
-1.07149e-05
-1.12597e-05
-1.15078e-05
-1.14538e-05
-1.11141e-05
-1.05219e-05
-9.72328e-06
-8.77364e-06
-7.73474e-06
-6.67095e-06
-5.6451e-06
-4.71431e-06
-3.92624e-06
-3.31608e-06
-2.90466e-06
-2.69802e-06
-2.68834e-06
-2.85632e-06
-3.17412e-06
-3.60926e-06
-4.12817e-06
-7.08389e-06
-7.06941e-06
-7.03086e-06
-6.9669e-06
-6.87697e-06
-6.76245e-06
-6.62669e-06
-6.47462e-06
-6.31202e-06
-6.14533e-06
-5.98104e-06
-5.82602e-06
-5.68793e-06
-5.57481e-06
-5.4989e-06
-5.4733e-06
-5.51726e-06
-5.66043e-06
-5.92446e-06
-6.35844e-06
-6.99967e-06
-7.84303e-06
-8.81992e-06
-9.76529e-06
-1.05185e-05
-1.10163e-05
-1.12452e-05
-1.12053e-05
-1.09153e-05
-1.04094e-05
-9.7323e-06
-8.93541e-06
-8.07378e-06
-7.20255e-06
-6.37344e-06
-5.63153e-06
-5.01279e-06
-4.54233e-06
-4.23367e-06
-4.08908e-06
-4.10077e-06
-4.25306e-06
-4.52476e-06
-4.8917e-06
-5.32896e-06
-6.56246e-06
-6.57135e-06
-6.56069e-06
-6.52951e-06
-6.4772e-06
-6.40441e-06
-6.31324e-06
-6.20718e-06
-6.09064e-06
-5.96901e-06
-5.84821e-06
-5.73487e-06
-5.63679e-06
-5.56211e-06
-5.52298e-06
-5.5319e-06
-5.60707e-06
-5.7742e-06
-6.05192e-06
-6.48151e-06
-7.09207e-06
-7.88013e-06
-8.76209e-06
-9.60354e-06
-1.02887e-05
-1.07448e-05
-1.09624e-05
-1.09476e-05
-1.07205e-05
-1.03144e-05
-9.77038e-06
-9.13396e-06
-8.45186e-06
-7.76929e-06
-7.12717e-06
-6.55996e-06
-6.09411e-06
-5.74739e-06
-5.52878e-06
-5.43897e-06
-5.47147e-06
-5.61434e-06
-5.85193e-06
-6.16686e-06
-6.54101e-06
-6.01787e-06
-6.04997e-06
-6.06613e-06
-6.0658e-06
-6.04862e-06
-6.01496e-06
-5.96628e-06
-5.90511e-06
-5.83479e-06
-5.75981e-06
-5.68535e-06
-5.6175e-06
-5.56365e-06
-5.53177e-06
-5.53306e-06
-5.57931e-06
-5.68644e-06
-5.8769e-06
-6.16672e-06
-6.5856e-06
-7.16532e-06
-7.88266e-06
-8.66907e-06
-9.41291e-06
-1.00281e-05
-1.04487e-05
-1.06651e-05
-1.06871e-05
-1.05352e-05
-1.02393e-05
-9.8355e-06
-9.36167e-06
-8.85567e-06
-8.35304e-06
-7.88509e-06
-7.47745e-06
-7.14932e-06
-6.91336e-06
-6.77587e-06
-6.73722e-06
-6.79272e-06
-6.93387e-06
-7.14962e-06
-7.42767e-06
-7.7551e-06
-5.45369e-06
-5.50891e-06
-5.55109e-06
-5.58007e-06
-5.59581e-06
-5.59876e-06
-5.59004e-06
-5.57163e-06
-5.54636e-06
-5.51782e-06
-5.49041e-06
-5.46949e-06
-5.46164e-06
-5.47433e-06
-5.51749e-06
-5.60197e-06
-5.74091e-06
-5.95199e-06
-6.25e-06
-6.65469e-06
-7.19144e-06
-7.83659e-06
-8.53359e-06
-9.19202e-06
-9.74015e-06
-1.0132e-05
-1.03585e-05
-1.0429e-05
-1.03621e-05
-1.0183e-05
-9.92101e-06
-9.60633e-06
-9.26816e-06
-8.93335e-06
-8.6251e-06
-8.3621e-06
-8.15826e-06
-8.02281e-06
-7.96052e-06
-7.97204e-06
-8.05449e-06
-8.20232e-06
-8.40811e-06
-8.66347e-06
-8.95939e-06
-4.87629e-06
-4.95409e-06
-5.02121e-06
-5.07781e-06
-5.1242e-06
-5.16103e-06
-5.18938e-06
-5.21091e-06
-5.22794e-06
-5.24345e-06
-5.26121e-06
-5.28576e-06
-5.32276e-06
-5.37881e-06
-5.46203e-06
-5.58214e-06
-5.75024e-06
-5.97935e-06
-6.28323e-06
-6.66498e-06
-7.15369e-06
-7.73467e-06
-8.35262e-06
-8.93151e-06
-9.42254e-06
-9.7966e-06
-1.00449e-05
-1.01741e-05
-1.01985e-05
-1.0138e-05
-1.00146e-05
-9.85118e-06
-9.66931e-06
-9.48857e-06
-9.32559e-06
-9.19376e-06
-9.10321e-06
-9.06085e-06
-9.07057e-06
-9.13342e-06
-9.24805e-06
-9.41123e-06
-9.61834e-06
-9.86398e-06
-1.01421e-05
-4.29445e-06
-4.39342e-06
-4.48368e-06
-4.56557e-06
-4.63974e-06
-4.70706e-06
-4.76866e-06
-4.82602e-06
-4.8811e-06
-4.9364e-06
-4.99509e-06
-5.06098e-06
-5.13872e-06
-5.23379e-06
-5.3526e-06
-5.5025e-06
-5.69185e-06
-5.92996e-06
-6.22248e-06
-6.59588e-06
-7.04315e-06
-7.56498e-06
-8.11312e-06
-8.62654e-06
-9.07584e-06
-9.44397e-06
-9.72316e-06
-9.91642e-06
-1.00335e-05
-1.00881e-05
-1.00955e-05
-1.00721e-05
-1.00331e-05
-9.99231e-06
-9.96122e-06
-9.94929e-06
-9.96388e-06
-1.00103e-05
-1.00917e-05
-1.02096e-05
-1.03636e-05
-1.05521e-05
-1.07728e-05
-1.10222e-05
-1.12966e-05
-3.72484e-06
-3.8424e-06
-3.9527e-06
-4.05635e-06
-4.15427e-06
-4.24753e-06
-4.3373e-06
-4.42495e-06
-4.51217e-06
-4.60107e-06
-4.69426e-06
-4.79485e-06
-4.90654e-06
-5.03366e-06
-5.1812e-06
-5.35492e-06
-5.56056e-06
-5.80479e-06
-6.09542e-06
-6.44188e-06
-6.85023e-06
-7.31887e-06
-7.81127e-06
-8.27934e-06
-8.70348e-06
-9.07478e-06
-9.38836e-06
-9.64506e-06
-9.84996e-06
-1.00109e-05
-1.01375e-05
-1.02404e-05
-1.03298e-05
-1.04149e-05
-1.05034e-05
-1.06019e-05
-1.07156e-05
-1.08485e-05
-1.10031e-05
-1.1181e-05
-1.13825e-05
-1.16073e-05
-1.18542e-05
-1.21216e-05
-1.24071e-05
-3.20614e-06
-3.33754e-06
-3.4631e-06
-3.58344e-06
-3.69954e-06
-3.81252e-06
-3.92355e-06
-4.03393e-06
-4.14515e-06
-4.259e-06
-4.37764e-06
-4.50358e-06
-4.63973e-06
-4.78954e-06
-4.95675e-06
-5.14581e-06
-5.36243e-06
-5.61207e-06
-5.8988e-06
-6.22864e-06
-6.60697e-06
-7.03634e-06
-7.49055e-06
-7.93117e-06
-8.34509e-06
-8.72831e-06
-9.07718e-06
-9.39049e-06
-9.66971e-06
-9.91873e-06
-1.01432e-05
-1.03497e-05
-1.05446e-05
-1.07335e-05
-1.09217e-05
-1.11135e-05
-1.13125e-05
-1.15216e-05
-1.17429e-05
-1.19779e-05
-1.22275e-05
-1.24917e-05
-1.27704e-05
-1.30628e-05
-1.33676e-05
-2.80097e-06
-2.94039e-06
-3.07503e-06
-3.20554e-06
-3.3329e-06
-3.45817e-06
-3.58249e-06
-3.70706e-06
-3.83323e-06
-3.96256e-06
-4.09689e-06
-4.23831e-06
-4.3893e-06
-4.5526e-06
-4.73139e-06
-4.92954e-06
-5.14999e-06
-5.39765e-06
-5.68246e-06
-6.00538e-06
-6.3688e-06
-6.77486e-06
-7.20788e-06
-7.63583e-06
-8.04806e-06
-8.44295e-06
-8.81778e-06
-9.17038e-06
-9.50057e-06
-9.8103e-06
-1.01029e-05
-1.03822e-05
-1.0652e-05
-1.09162e-05
-1.1178e-05
-1.14404e-05
-1.17058e-05
-1.19764e-05
-1.22537e-05
-1.25389e-05
-1.2833e-05
-1.31362e-05
-1.34486e-05
-1.37699e-05
-1.40993e-05
-2.49554e-06
-2.64072e-06
-2.78184e-06
-2.91956e-06
-3.05484e-06
-3.18872e-06
-3.32227e-06
-3.45666e-06
-3.59314e-06
-3.73314e-06
-3.87829e-06
-4.03048e-06
-4.19183e-06
-4.36475e-06
-4.55195e-06
-4.75671e-06
-4.98293e-06
-5.23506e-06
-5.51841e-06
-5.83228e-06
-6.18256e-06
-6.57412e-06
-6.99363e-06
-7.41389e-06
-7.82587e-06
-8.22815e-06
-8.61839e-06
-8.99471e-06
-9.35674e-06
-9.70548e-06
-1.00428e-05
-1.03708e-05
-1.06921e-05
-1.10089e-05
-1.13233e-05
-1.16372e-05
-1.19521e-05
-1.22697e-05
-1.25911e-05
-1.29171e-05
-1.32483e-05
-1.35851e-05
-1.39276e-05
-1.42756e-05
-1.46287e-05
-2.26941e-06
-2.41908e-06
-2.56517e-06
-2.70841e-06
-2.84976e-06
-2.99021e-06
-3.13082e-06
-3.27268e-06
-3.41699e-06
-3.56508e-06
-3.71848e-06
-3.87889e-06
-4.04823e-06
-4.22867e-06
-4.42279e-06
-4.63331e-06
-4.86325e-06
-5.11641e-06
-5.39514e-06
-5.70525e-06
-6.04833e-06
-6.43073e-06
-6.84065e-06
-7.25466e-06
-7.66486e-06
-8.06986e-06
-8.46796e-06
-8.85794e-06
-9.23944e-06
-9.61292e-06
-9.97936e-06
-1.034e-05
-1.06963e-05
-1.10495e-05
-1.14008e-05
-1.17516e-05
-1.21028e-05
-1.24555e-05
-1.28104e-05
-1.3168e-05
-1.35287e-05
-1.38927e-05
-1.42601e-05
-1.46308e-05
-1.50045e-05
-2.10089e-06
-2.25492e-06
-2.40571e-06
-2.55406e-06
-2.70092e-06
-2.84726e-06
-2.99409e-06
-3.14247e-06
-3.29354e-06
-3.44859e-06
-3.60904e-06
-3.77646e-06
-3.95263e-06
-4.13951e-06
-4.33932e-06
-4.55438e-06
-4.78745e-06
-5.0417e-06
-5.32005e-06
-5.62636e-06
-5.96439e-06
-6.33918e-06
-6.7402e-06
-7.14724e-06
-7.55334e-06
-7.95739e-06
-8.35825e-06
-8.75512e-06
-9.14769e-06
-9.5361e-06
-9.92081e-06
-1.03025e-05
-1.06817e-05
-1.10594e-05
-1.14362e-05
-1.18129e-05
-1.21902e-05
-1.25684e-05
-1.29481e-05
-1.33295e-05
-1.37129e-05
-1.40984e-05
-1.44858e-05
-1.48751e-05
-1.52659e-05
-1.97688e-06
-2.13555e-06
-2.29122e-06
-2.44472e-06
-2.59699e-06
-2.749e-06
-2.9017e-06
-3.05614e-06
-3.21343e-06
-3.37478e-06
-3.54157e-06
-3.71523e-06
-3.8974e-06
-4.08985e-06
-4.29456e-06
-4.51374e-06
-4.74976e-06
-5.00533e-06
-5.28326e-06
-5.58712e-06
-5.92066e-06
-6.28798e-06
-6.67986e-06
-7.07889e-06
-7.47913e-06
-7.87974e-06
-8.27989e-06
-8.67903e-06
-9.07689e-06
-9.47343e-06
-9.86881e-06
-1.02633e-05
-1.06572e-05
-1.1051e-05
-1.14449e-05
-1.18395e-05
-1.22349e-05
-1.26314e-05
-1.30292e-05
-1.34285e-05
-1.38291e-05
-1.42312e-05
-1.46344e-05
-1.50384e-05
-1.54431e-05
-1.88757e-06
-2.05111e-06
-2.21177e-06
-2.37044e-06
-2.52803e-06
-2.68549e-06
-2.84378e-06
-3.00389e-06
-3.16692e-06
-3.33405e-06
-3.50654e-06
-3.68579e-06
-3.87328e-06
-4.07063e-06
-4.27971e-06
-4.50245e-06
-4.74101e-06
-4.99755e-06
-5.2751e-06
-5.57666e-06
-5.90551e-06
-6.26523e-06
-6.64775e-06
-7.03819e-06
-7.43154e-06
-7.8271e-06
-8.22425e-06
-8.62257e-06
-9.02184e-06
-9.42194e-06
-9.82287e-06
-1.02247e-05
-1.06275e-05
-1.10314e-05
-1.14366e-05
-1.18431e-05
-1.22511e-05
-1.26605e-05
-1.30715e-05
-1.34839e-05
-1.38975e-05
-1.43122e-05
-1.47276e-05
-1.51435e-05
-1.55593e-05
-1.82464e-06
-1.99309e-06
-2.15871e-06
-2.32241e-06
-2.48512e-06
-2.64775e-06
-2.81124e-06
-2.97659e-06
-3.14486e-06
-3.31719e-06
-3.49479e-06
-3.67896e-06
-3.87112e-06
-4.07275e-06
-4.28546e-06
-4.51109e-06
-4.75152e-06
-5.00889e-06
-5.2858e-06
-5.58477e-06
-5.90879e-06
-6.26091e-06
-6.63411e-06
-7.0158e-06
-7.40174e-06
-7.79131e-06
-8.18402e-06
-8.57959e-06
-8.97782e-06
-9.37858e-06
-9.78175e-06
-1.01873e-05
-1.05951e-05
-1.10052e-05
-1.14175e-05
-1.1832e-05
-1.22486e-05
-1.26672e-05
-1.30876e-05
-1.35097e-05
-1.39331e-05
-1.43574e-05
-1.47824e-05
-1.52076e-05
-1.56325e-05
-1.78124e-06
-1.95444e-06
-2.12481e-06
-2.29327e-06
-2.46074e-06
-2.62812e-06
-2.79635e-06
-2.96641e-06
-3.13936e-06
-3.31628e-06
-3.49834e-06
-3.68678e-06
-3.88291e-06
-4.08809e-06
-4.30367e-06
-4.53181e-06
-4.7736e-06
-5.03134e-06
-5.3072e-06
-5.60337e-06
-5.92251e-06
-6.26719e-06
-6.63135e-06
-7.00444e-06
-7.38284e-06
-7.76601e-06
-8.15357e-06
-8.54535e-06
-8.94117e-06
-9.34085e-06
-9.74424e-06
-1.01512e-05
-1.05616e-05
-1.09752e-05
-1.1392e-05
-1.18118e-05
-1.22344e-05
-1.26595e-05
-1.30868e-05
-1.35161e-05
-1.39469e-05
-1.43789e-05
-1.48115e-05
-1.52443e-05
-1.56766e-05
-1.75187e-06
-1.92949e-06
-2.10425e-06
-2.27705e-06
-2.44882e-06
-2.62045e-06
-2.79287e-06
-2.96708e-06
-3.14409e-06
-3.32498e-06
-3.51085e-06
-3.70289e-06
-3.90234e-06
-4.11046e-06
-4.32885e-06
-4.55847e-06
-4.80112e-06
-5.0588e-06
-5.33333e-06
-5.6266e-06
-5.94094e-06
-6.27849e-06
-6.63406e-06
-6.99894e-06
-7.37002e-06
-7.7468e-06
-8.12905e-06
-8.51662e-06
-8.90934e-06
-9.30704e-06
-9.70952e-06
-1.01166e-05
-1.05281e-05
-1.09437e-05
-1.13633e-05
-1.17866e-05
-1.22134e-05
-1.26432e-05
-1.30757e-05
-1.35105e-05
-1.39472e-05
-1.43853e-05
-1.48242e-05
-1.52633e-05
-1.5702e-05
-1.7322e-06
-1.91384e-06
-2.09252e-06
-2.26919e-06
-2.44473e-06
-2.62007e-06
-2.79613e-06
-2.9739e-06
-3.15439e-06
-3.33863e-06
-3.52771e-06
-3.72275e-06
-3.9249e-06
-4.13535e-06
-4.35566e-06
-4.58685e-06
-4.82988e-06
-5.08721e-06
-5.36028e-06
-5.65063e-06
-5.96037e-06
-6.2912e-06
-6.63881e-06
-6.99605e-06
-7.36023e-06
-7.73094e-06
-8.10802e-06
-8.49136e-06
-8.88079e-06
-9.27612e-06
-9.67715e-06
-1.00836e-05
-1.04954e-05
-1.09121e-05
-1.13335e-05
-1.17592e-05
-1.2189e-05
-1.26224e-05
-1.30589e-05
-1.34982e-05
-1.39397e-05
-1.43828e-05
-1.4827e-05
-1.52716e-05
-1.57159e-05
-1.71906e-06
-1.90424e-06
-2.08637e-06
-2.26639e-06
-2.44519e-06
-2.62371e-06
-2.80288e-06
-2.98368e-06
-3.16709e-06
-3.35415e-06
-3.5459e-06
-3.74341e-06
-3.94776e-06
-4.16002e-06
-4.38215e-06
-4.61423e-06
-4.85734e-06
-5.11421e-06
-5.38574e-06
-5.67328e-06
-5.97868e-06
-6.30332e-06
-6.64364e-06
-6.99388e-06
-7.35172e-06
-7.71682e-06
-8.08908e-06
-8.46839e-06
-8.8546e-06
-9.2475e-06
-9.64689e-06
-1.00525e-05
-1.04641e-05
-1.08813e-05
-1.13039e-05
-1.17314e-05
-1.21635e-05
-1.25998e-05
-1.30396e-05
-1.34826e-05
-1.39281e-05
-1.43756e-05
-1.48244e-05
-1.52737e-05
-1.5723e-05
-1.7102e-06
-1.89845e-06
-2.08356e-06
-2.26645e-06
-2.44804e-06
-2.62926e-06
-2.81105e-06
-2.99439e-06
-3.18027e-06
-3.36968e-06
-3.56364e-06
-3.76318e-06
-3.96932e-06
-4.18315e-06
-4.40678e-06
-4.63907e-06
-4.88228e-06
-5.13861e-06
-5.40862e-06
-5.69349e-06
-5.99488e-06
-6.31386e-06
-6.6476e-06
-6.99151e-06
-7.34361e-06
-7.70362e-06
-8.07149e-06
-8.4471e-06
-8.8303e-06
-9.22089e-06
-9.61864e-06
-1.00233e-05
-1.04345e-05
-1.08521e-05
-1.12755e-05
-1.17044e-05
-1.21384e-05
-1.2577e-05
-1.30197e-05
-1.34658e-05
-1.39149e-05
-1.43661e-05
-1.4819e-05
-1.52726e-05
-1.57263e-05
-1.70412e-06
-1.89502e-06
-2.08267e-06
-2.26801e-06
-2.45196e-06
-2.63545e-06
-2.81945e-06
-3.00492e-06
-3.19285e-06
-3.38421e-06
-3.58e-06
-3.78122e-06
-3.98886e-06
-4.20419e-06
-4.42847e-06
-4.66097e-06
-4.90434e-06
-5.16001e-06
-5.42854e-06
-5.71093e-06
-6.00865e-06
-6.32251e-06
-6.65033e-06
-6.98856e-06
-7.33551e-06
-7.69097e-06
-8.0549e-06
-8.42718e-06
-8.80765e-06
-9.19612e-06
-9.59235e-06
-9.99606e-06
-1.04069e-05
-1.08246e-05
-1.12487e-05
-1.16788e-05
-1.21145e-05
-1.25551e-05
-1.30002e-05
-1.34491e-05
-1.39013e-05
-1.4356e-05
-1.48124e-05
-1.52699e-05
-1.57276e-05
-1.69988e-06
-1.89304e-06
-2.08285e-06
-2.27025e-06
-2.45618e-06
-2.64159e-06
-2.82744e-06
-3.01469e-06
-3.20432e-06
-3.39731e-06
-3.59463e-06
-3.79724e-06
-4.00615e-06
-4.22269e-06
-4.44717e-06
-4.68009e-06
-4.9235e-06
-5.17842e-06
-5.44555e-06
-5.72567e-06
-6.02005e-06
-6.32931e-06
-6.65182e-06
-6.98498e-06
-7.32735e-06
-7.67876e-06
-8.03917e-06
-8.40848e-06
-8.78653e-06
-9.1731e-06
-9.56796e-06
-9.97081e-06
-1.03813e-05
-1.07991e-05
-1.12238e-05
-1.1655e-05
-1.2092e-05
-1.25345e-05
-1.29818e-05
-1.34332e-05
-1.38882e-05
-1.43459e-05
-1.48057e-05
-1.52666e-05
-1.5728e-05
-1.69686e-06
-1.89194e-06
-2.08357e-06
-2.27272e-06
-2.46032e-06
-2.64733e-06
-2.83472e-06
-3.02347e-06
-3.21453e-06
-3.40887e-06
-3.60746e-06
-3.81123e-06
-4.02118e-06
-4.23856e-06
-4.46334e-06
-4.69658e-06
-4.9399e-06
-5.19409e-06
-5.4599e-06
-5.73795e-06
-6.02933e-06
-6.33446e-06
-6.65224e-06
-6.98088e-06
-7.31918e-06
-7.667e-06
-8.02431e-06
-8.391e-06
-8.7669e-06
-9.1518e-06
-9.54545e-06
-9.94756e-06
-1.03578e-05
-1.07757e-05
-1.12009e-05
-1.1633e-05
-1.20713e-05
-1.25154e-05
-1.29647e-05
-1.34184e-05
-1.38759e-05
-1.43364e-05
-1.47991e-05
-1.52632e-05
-1.57279e-05
-1.69469e-06
-1.8914e-06
-2.08457e-06
-2.27517e-06
-2.46417e-06
-2.65253e-06
-2.84121e-06
-3.03119e-06
-3.22344e-06
-3.41891e-06
-3.61855e-06
-3.82327e-06
-4.03407e-06
-4.25206e-06
-4.47721e-06
-4.71064e-06
-4.9538e-06
-5.20731e-06
-5.4719e-06
-5.74807e-06
-6.03677e-06
-6.33823e-06
-6.65181e-06
-6.97644e-06
-7.31116e-06
-7.65582e-06
-8.01041e-06
-8.37479e-06
-8.74881e-06
-9.13225e-06
-9.52486e-06
-9.92632e-06
-1.03363e-05
-1.07544e-05
-1.11801e-05
-1.1613e-05
-1.20525e-05
-1.24981e-05
-1.29491e-05
-1.34048e-05
-1.38646e-05
-1.43276e-05
-1.4793e-05
-1.526e-05
-1.57276e-05
-1.69313e-06
-1.89122e-06
-2.0857e-06
-2.27754e-06
-2.46771e-06
-2.65719e-06
-2.84695e-06
-3.03797e-06
-3.23121e-06
-3.42761e-06
-3.62812e-06
-3.83364e-06
-4.04513e-06
-4.2636e-06
-4.48908e-06
-4.7226e-06
-4.96543e-06
-5.21845e-06
-5.48194e-06
-5.75641e-06
-6.0427e-06
-6.34089e-06
-6.65071e-06
-6.97179e-06
-7.30333e-06
-7.64521e-06
-7.99739e-06
-8.35975e-06
-8.73212e-06
-9.1143e-06
-9.506e-06
-9.90692e-06
-1.03167e-05
-1.07349e-05
-1.11611e-05
-1.15948e-05
-1.20354e-05
-1.24823e-05
-1.29349e-05
-1.33925e-05
-1.38543e-05
-1.43196e-05
-1.47874e-05
-1.5257e-05
-1.57274e-05
-1.69196e-06
-1.8913e-06
-2.08696e-06
-2.2799e-06
-2.47111e-06
-2.66159e-06
-2.8523e-06
-3.04422e-06
-3.23832e-06
-3.43555e-06
-3.63683e-06
-3.84304e-06
-4.05513e-06
-4.27403e-06
-4.49975e-06
-4.73334e-06
-4.97595e-06
-5.22831e-06
-5.49072e-06
-5.76362e-06
-6.04764e-06
-6.34274e-06
-6.64901e-06
-6.96676e-06
-7.29534e-06
-7.63462e-06
-7.98456e-06
-8.34504e-06
-8.71588e-06
-9.09688e-06
-9.48776e-06
-9.88819e-06
-1.02978e-05
-1.07162e-05
-1.11428e-05
-1.15773e-05
-1.20189e-05
-1.24671e-05
-1.29213e-05
-1.33806e-05
-1.38444e-05
-1.43119e-05
-1.4782e-05
-1.52541e-05
-1.57271e-05
-1.6911e-06
-1.89154e-06
-2.08823e-06
-2.28217e-06
-2.47435e-06
-2.66575e-06
-2.85737e-06
-3.05018e-06
-3.24513e-06
-3.44314e-06
-3.64513e-06
-3.85198e-06
-4.06462e-06
-4.28391e-06
-4.50982e-06
-4.74342e-06
-4.98579e-06
-5.23754e-06
-5.49887e-06
-5.77016e-06
-6.05195e-06
-6.344e-06
-6.64684e-06
-6.96133e-06
-7.28704e-06
-7.62379e-06
-7.97155e-06
-8.3302e-06
-8.69958e-06
-9.07944e-06
-9.46952e-06
-9.86949e-06
-1.0279e-05
-1.06975e-05
-1.11246e-05
-1.15598e-05
-1.20025e-05
-1.2452e-05
-1.29077e-05
-1.33689e-05
-1.38346e-05
-1.43043e-05
-1.47768e-05
-1.52513e-05
-1.57268e-05
4.46306e-07
-6.04237e-06
-7.70708e-06
-8.70829e-06
-9.75622e-06
-1.0849e-05
-1.19832e-05
-1.31578e-05
-1.43736e-05
-1.56354e-05
-1.69518e-05
-1.83361e-05
-1.98092e-05
-2.14024e-05
-2.31628e-05
1.66727e-06
-3.87667e-06
-6.41348e-06
-8.02421e-06
-9.38474e-06
-1.06353e-05
-1.18547e-05
-1.3079e-05
-1.4325e-05
-1.56055e-05
-1.69331e-05
-1.83236e-05
-1.97994e-05
-2.13925e-05
-2.31504e-05
2.23647e-06
-2.58079e-06
-5.49059e-06
-7.45828e-06
-9.04509e-06
-1.04328e-05
-1.17325e-05
-1.30049e-05
-1.42802e-05
-1.55784e-05
-1.69165e-05
-1.83125e-05
-1.97903e-05
-2.13826e-05
-2.31371e-05
2.13434e-06
-1.89326e-06
-4.83507e-06
-6.99749e-06
-8.74223e-06
-1.0245e-05
-1.16195e-05
-1.2938e-05
-1.42412e-05
-1.55561e-05
-1.69034e-05
-1.83039e-05
-1.97827e-05
-2.13732e-05
-2.31235e-05
1.7338e-06
-1.46579e-06
-4.27991e-06
-6.55036e-06
-8.42496e-06
-1.00388e-05
-1.14934e-05
-1.28639e-05
-1.41993e-05
-1.55331e-05
-1.68907e-05
-1.82957e-05
-1.9775e-05
-2.13631e-05
-2.3108e-05
1.28821e-06
-1.31941e-06
-3.86836e-06
-6.12929e-06
-8.08606e-06
-9.79834e-06
-1.13369e-05
-1.27681e-05
-1.41437e-05
-1.55021e-05
-1.68734e-05
-1.82847e-05
-1.97651e-05
-2.13504e-05
-2.30891e-05
7.21376e-07
-1.41053e-06
-3.645e-06
-5.79194e-06
-7.75864e-06
-9.53373e-06
-1.11461e-05
-1.2641e-05
-1.40639e-05
-1.5454e-05
-1.68444e-05
-1.82656e-05
-1.97491e-05
-2.13323e-05
-2.30646e-05
2.55894e-08
-1.71747e-06
-3.6348e-06
-5.59608e-06
-7.49559e-06
-9.27892e-06
-1.09358e-05
-1.24841e-05
-1.39547e-05
-1.53813e-05
-1.67964e-05
-1.82321e-05
-1.97219e-05
-2.13047e-05
-2.30309e-05
-7.77542e-07
-2.20854e-06
-3.83419e-06
-5.576e-06
-7.34703e-06
-9.07977e-06
-1.07382e-05
-1.23149e-05
-1.38222e-05
-1.5283e-05
-1.67249e-05
-1.81785e-05
-1.96778e-05
-2.12624e-05
-2.29833e-05
-1.66763e-06
-2.84957e-06
-4.22084e-06
-5.73936e-06
-7.34538e-06
-8.97827e-06
-1.05922e-05
-1.21625e-05
-1.36845e-05
-1.5168e-05
-1.66322e-05
-1.81032e-05
-1.96133e-05
-2.1201e-05
-2.29168e-05
-2.62839e-06
-3.61069e-06
-4.76615e-06
-6.07539e-06
-7.50263e-06
-9.00267e-06
-1.05322e-05
-1.20593e-05
-1.35671e-05
-1.50536e-05
-1.65284e-05
-1.80108e-05
-1.95289e-05
-2.11184e-05
-2.28278e-05
-3.64781e-06
-4.46895e-06
-5.44353e-06
-6.56535e-06
-7.81597e-06
-9.16639e-06
-1.05827e-05
-1.20338e-05
-1.34971e-05
-1.49621e-05
-1.64297e-05
-1.79115e-05
-1.94301e-05
-2.10163e-05
-2.27161e-05
-4.71693e-06
-5.4073e-06
-6.23118e-06
-7.1895e-06
-8.27504e-06
-9.47203e-06
-1.07579e-05
-1.21076e-05
-1.34988e-05
-1.49167e-05
-1.63555e-05
-1.78201e-05
-1.93267e-05
-2.09007e-05
-2.25826e-05
-5.82676e-06
-6.41135e-06
-7.11065e-06
-7.92914e-06
-8.86618e-06
-9.91533e-06
-1.10642e-05
-1.2296e-05
-1.35927e-05
-1.49392e-05
-1.63267e-05
-1.77544e-05
-1.92327e-05
-2.07811e-05
-2.24318e-05
-6.96739e-06
-7.46752e-06
-8.06523e-06
-8.76644e-06
-9.57402e-06
-1.04874e-05
-1.15016e-05
-1.2608e-05
-1.37947e-05
-1.50496e-05
-1.6364e-05
-1.77337e-05
-1.91644e-05
-2.06698e-05
-2.22734e-05
-8.12739e-06
-8.56192e-06
-9.0787e-06
-9.68398e-06
-1.03822e-05
-1.11758e-05
-1.20649e-05
-1.30469e-05
-1.4116e-05
-1.5265e-05
-1.64872e-05
-1.77784e-05
-1.91402e-05
-2.05827e-05
-2.21196e-05
-9.29315e-06
-9.67918e-06
-1.0134e-05
-1.06636e-05
-1.12726e-05
-1.1965e-05
-1.27436e-05
-1.36094e-05
-1.45615e-05
-1.55974e-05
-1.67135e-05
-1.79081e-05
-1.91807e-05
-2.05374e-05
-2.19874e-05
-1.04517e-05
-1.08047e-05
-1.12148e-05
-1.1687e-05
-1.22258e-05
-1.28356e-05
-1.35207e-05
-1.42844e-05
-1.51276e-05
-1.60506e-05
-1.7054e-05
-1.81382e-05
-1.93043e-05
-2.05535e-05
-2.1893e-05
-1.15961e-05
-1.1931e-05
-1.23124e-05
-1.27441e-05
-1.323e-05
-1.37735e-05
-1.43795e-05
-1.50568e-05
-1.58026e-05
-1.66188e-05
-1.75094e-05
-1.84765e-05
-1.95226e-05
-2.06478e-05
-2.18539e-05
-1.27116e-05
-1.30439e-05
-1.34129e-05
-1.38219e-05
-1.42743e-05
-1.47734e-05
-1.53221e-05
-1.59197e-05
-1.65751e-05
-1.72927e-05
-1.80748e-05
-1.89237e-05
-1.98416e-05
-2.083e-05
-2.18882e-05
-1.36866e-05
-1.40274e-05
-1.43966e-05
-1.47965e-05
-1.52292e-05
-1.5697e-05
-1.62019e-05
-1.67471e-05
-1.73381e-05
-1.79808e-05
-1.86729e-05
-1.9417e-05
-2.02167e-05
-2.10738e-05
-2.19868e-05
-1.4439e-05
-1.47955e-05
-1.51738e-05
-1.55754e-05
-1.6002e-05
-1.64555e-05
-1.69385e-05
-1.74531e-05
-1.80024e-05
-1.85862e-05
-1.9209e-05
-1.98724e-05
-2.05779e-05
-2.13264e-05
-2.21176e-05
-1.4989e-05
-1.53619e-05
-1.57515e-05
-1.61589e-05
-1.65854e-05
-1.70323e-05
-1.75014e-05
-1.79937e-05
-1.85103e-05
-1.9053e-05
-1.96251e-05
-2.02278e-05
-2.08616e-05
-2.15272e-05
-2.22251e-05
-1.53829e-05
-1.57709e-05
-1.61715e-05
-1.65855e-05
-1.70137e-05
-1.74571e-05
-1.79164e-05
-1.83926e-05
-1.88868e-05
-1.94006e-05
-1.99357e-05
-2.0493e-05
-2.10729e-05
-2.16763e-05
-2.23035e-05
-1.56597e-05
-1.60606e-05
-1.64709e-05
-1.68911e-05
-1.73217e-05
-1.77632e-05
-1.82163e-05
-1.86816e-05
-1.916e-05
-1.96524e-05
-2.01598e-05
-2.06829e-05
-2.12224e-05
-2.17788e-05
-2.23525e-05
-1.58496e-05
-1.62611e-05
-1.66797e-05
-1.71054e-05
-1.75386e-05
-1.79795e-05
-1.84286e-05
-1.88866e-05
-1.93527e-05
-1.9829e-05
-2.03155e-05
-2.08129e-05
-2.13218e-05
-2.18426e-05
-2.23757e-05
-1.59761e-05
-1.63965e-05
-1.68219e-05
-1.72525e-05
-1.76883e-05
-1.81292e-05
-1.85753e-05
-1.90268e-05
-1.94854e-05
-1.99498e-05
-2.04207e-05
-2.08988e-05
-2.13844e-05
-2.1878e-05
-2.238e-05
-1.60578e-05
-1.64856e-05
-1.6917e-05
-1.73519e-05
-1.77901e-05
-1.82317e-05
-1.86765e-05
-1.91246e-05
-1.95765e-05
-2.00318e-05
-2.0491e-05
-2.09543e-05
-2.14222e-05
-2.18949e-05
-2.23728e-05
-1.61091e-05
-1.65433e-05
-1.69799e-05
-1.74187e-05
-1.78596e-05
-1.83023e-05
-1.87464e-05
-1.91922e-05
-1.96395e-05
-2.00882e-05
-2.05385e-05
-2.09907e-05
-2.14448e-05
-2.19013e-05
-2.23602e-05
-1.61407e-05
-1.65804e-05
-1.70218e-05
-1.74643e-05
-1.79079e-05
-1.83522e-05
-1.87962e-05
-1.92405e-05
-1.96846e-05
-2.01285e-05
-2.05722e-05
-2.10156e-05
-2.1459e-05
-2.19025e-05
-2.23463e-05
-1.616e-05
-1.66048e-05
-1.70504e-05
-1.74965e-05
-1.79426e-05
-1.83881e-05
-1.88331e-05
-1.92767e-05
-1.97188e-05
-2.01591e-05
-2.05976e-05
-2.10343e-05
-2.1469e-05
-2.19021e-05
-2.23333e-05
-1.6172e-05
-1.66213e-05
-1.7071e-05
-1.75204e-05
-1.79691e-05
-1.84164e-05
-1.88622e-05
-1.93055e-05
-1.97462e-05
-2.01839e-05
-2.06184e-05
-2.10496e-05
-2.14773e-05
-2.19016e-05
-2.23225e-05
-1.61797e-05
-1.66332e-05
-1.70866e-05
-1.75392e-05
-1.79904e-05
-1.84396e-05
-1.88862e-05
-1.93297e-05
-1.97694e-05
-2.02052e-05
-2.06365e-05
-2.10632e-05
-2.1485e-05
-2.19021e-05
-2.23141e-05
-1.61851e-05
-1.66424e-05
-1.70992e-05
-1.75548e-05
-1.80084e-05
-1.84594e-05
-1.89071e-05
-1.93508e-05
-1.979e-05
-2.02242e-05
-2.06529e-05
-2.10759e-05
-2.14928e-05
-2.19036e-05
-2.2308e-05
-1.61892e-05
-1.66499e-05
-1.71099e-05
-1.75682e-05
-1.80241e-05
-1.84768e-05
-1.89256e-05
-1.93698e-05
-1.98086e-05
-2.02416e-05
-2.06682e-05
-2.1088e-05
-2.15007e-05
-2.19062e-05
-2.23039e-05
-1.61924e-05
-1.66564e-05
-1.71193e-05
-1.75802e-05
-1.80382e-05
-1.84925e-05
-1.89424e-05
-1.9387e-05
-1.98256e-05
-2.02577e-05
-2.06825e-05
-2.10997e-05
-2.15088e-05
-2.19095e-05
-2.23015e-05
-1.61952e-05
-1.66621e-05
-1.71276e-05
-1.75908e-05
-1.80508e-05
-1.85066e-05
-1.89577e-05
-1.94027e-05
-1.98412e-05
-2.02725e-05
-2.06958e-05
-2.11107e-05
-2.15167e-05
-2.19134e-05
-2.23004e-05
-1.61977e-05
-1.66672e-05
-1.71351e-05
-1.76005e-05
-1.80622e-05
-1.85195e-05
-1.89714e-05
-1.94171e-05
-1.98556e-05
-2.02862e-05
-2.07083e-05
-2.11212e-05
-2.15245e-05
-2.19177e-05
-2.23002e-05
-1.62001e-05
-1.66721e-05
-1.71423e-05
-1.76097e-05
-1.80732e-05
-1.85319e-05
-1.89848e-05
-1.94309e-05
-1.98695e-05
-2.02996e-05
-2.07206e-05
-2.11317e-05
-2.15325e-05
-2.19224e-05
-2.23008e-05
-1.62024e-05
-1.6677e-05
-1.71495e-05
-1.76189e-05
-1.80842e-05
-1.85442e-05
-1.89982e-05
-1.94449e-05
-1.98835e-05
-2.03131e-05
-2.0733e-05
-2.11424e-05
-2.15408e-05
-2.19276e-05
-2.23019e-05
-7.10724e-06
-7.10515e-06
-7.11173e-06
-7.12584e-06
-7.14669e-06
-7.17394e-06
-7.20733e-06
-7.24599e-06
-7.29029e-06
-7.34041e-06
-7.39651e-06
-7.45878e-06
-7.52738e-06
-7.60237e-06
-7.68372e-06
-7.77123e-06
-7.86453e-06
-7.96297e-06
-8.06537e-06
-8.16992e-06
-8.27405e-06
-8.37433e-06
-8.46371e-06
-8.53357e-06
-8.57726e-06
-8.58881e-06
-8.56279e-06
-8.49542e-06
-8.38568e-06
-8.2362e-06
-8.04855e-06
-7.82865e-06
-7.59338e-06
-7.35992e-06
-7.14496e-06
-6.96382e-06
-6.83039e-06
-6.7534e-06
-6.73406e-06
-6.76546e-06
-6.83347e-06
-6.91928e-06
-7.00712e-06
-7.0683e-06
-7.09226e-06
-7.09945e-06
-7.09784e-06
-7.1031e-06
-7.11413e-06
-7.13023e-06
-7.15112e-06
-7.17677e-06
-7.20779e-06
-7.24391e-06
-7.28524e-06
-7.33203e-06
-7.38453e-06
-7.44304e-06
-7.50787e-06
-7.57925e-06
-7.65737e-06
-7.74218e-06
-7.83341e-06
-7.93041e-06
-8.03191e-06
-8.13577e-06
-8.23861e-06
-8.33246e-06
-8.40806e-06
-8.45901e-06
-8.47979e-06
-8.46549e-06
-8.41269e-06
-8.32007e-06
-8.18866e-06
-8.02272e-06
-7.83369e-06
-7.63358e-06
-7.43397e-06
-7.24991e-06
-7.09726e-06
-6.98762e-06
-6.92665e-06
-6.91321e-06
-6.93961e-06
-6.9932e-06
-7.05911e-06
-7.12323e-06
-7.17368e-06
-7.20433e-06
-7.07422e-06
-7.07477e-06
-7.08056e-06
-7.09091e-06
-7.10543e-06
-7.12415e-06
-7.14704e-06
-7.17427e-06
-7.20604e-06
-7.24259e-06
-7.28424e-06
-7.33136e-06
-7.38437e-06
-7.44375e-06
-7.51005e-06
-7.58386e-06
-7.66579e-06
-7.75643e-06
-7.85624e-06
-7.96535e-06
-8.0833e-06
-8.20824e-06
-8.33155e-06
-8.44108e-06
-8.52779e-06
-8.58362e-06
-8.60114e-06
-8.57489e-06
-8.50224e-06
-8.38388e-06
-8.22375e-06
-8.03218e-06
-7.82242e-06
-7.60997e-06
-7.41181e-06
-7.24427e-06
-7.12025e-06
-7.04699e-06
-7.02459e-06
-7.04615e-06
-7.09935e-06
-7.16918e-06
-7.24099e-06
-7.30533e-06
-7.36057e-06
-7.03802e-06
-7.04163e-06
-7.04844e-06
-7.05845e-06
-7.07174e-06
-7.08836e-06
-7.10846e-06
-7.13228e-06
-7.16014e-06
-7.19242e-06
-7.22957e-06
-7.27214e-06
-7.32078e-06
-7.37628e-06
-7.43962e-06
-7.51202e-06
-7.59502e-06
-7.69046e-06
-7.80056e-06
-7.9277e-06
-8.07409e-06
-8.24041e-06
-8.4166e-06
-8.5848e-06
-8.73087e-06
-8.84219e-06
-8.90708e-06
-8.91763e-06
-8.87002e-06
-8.76479e-06
-8.60702e-06
-8.40601e-06
-8.17636e-06
-7.93558e-06
-7.70319e-06
-7.49852e-06
-7.33806e-06
-7.23267e-06
-7.18557e-06
-7.19186e-06
-7.2398e-06
-7.3133e-06
-7.39564e-06
-7.47664e-06
-7.55657e-06
-6.99597e-06
-7.00266e-06
-7.01077e-06
-7.02087e-06
-7.03335e-06
-7.04837e-06
-7.0662e-06
-7.08721e-06
-7.11181e-06
-7.14053e-06
-7.17398e-06
-7.21289e-06
-7.2582e-06
-7.31108e-06
-7.37308e-06
-7.44624e-06
-7.53328e-06
-7.63777e-06
-7.76425e-06
-7.91822e-06
-8.10557e-06
-8.33049e-06
-8.58088e-06
-8.83e-06
-9.05607e-06
-9.24003e-06
-9.36502e-06
-9.42218e-06
-9.40765e-06
-9.32116e-06
-9.16649e-06
-8.95407e-06
-8.69828e-06
-8.41824e-06
-8.13618e-06
-7.87543e-06
-7.65761e-06
-7.4993e-06
-7.40902e-06
-7.38556e-06
-7.41849e-06
-7.49043e-06
-7.58145e-06
-7.67927e-06
-7.78458e-06
-6.95164e-06
-6.96113e-06
-6.97055e-06
-6.98089e-06
-6.99284e-06
-7.00667e-06
-7.02272e-06
-7.04144e-06
-7.06339e-06
-7.0892e-06
-7.11965e-06
-7.15569e-06
-7.19855e-06
-7.24983e-06
-7.31172e-06
-7.3872e-06
-7.48038e-06
-7.59686e-06
-7.74404e-06
-7.93112e-06
-8.16843e-06
-8.46452e-06
-8.80469e-06
-9.15004e-06
-9.46851e-06
-9.73367e-06
-9.92832e-06
-1.00419e-05
-1.00685e-05
-1.00086e-05
-9.86217e-06
-9.63994e-06
-9.35704e-06
-9.03351e-06
-8.69373e-06
-8.36498e-06
-8.07474e-06
-7.84671e-06
-7.69659e-06
-7.62873e-06
-7.63535e-06
-7.69822e-06
-7.79388e-06
-7.90715e-06
-8.03858e-06
-6.90774e-06
-6.91969e-06
-6.93029e-06
-6.94089e-06
-6.95246e-06
-6.96531e-06
-6.97984e-06
-6.9966e-06
-7.01625e-06
-7.03952e-06
-7.06737e-06
-7.10093e-06
-7.14174e-06
-7.19185e-06
-7.25409e-06
-7.33244e-06
-7.43252e-06
-7.56213e-06
-7.73179e-06
-7.95487e-06
-8.24656e-06
-8.6202e-06
-9.05797e-06
-9.506e-06
-9.92076e-06
-1.02747e-05
-1.05498e-05
-1.07285e-05
-1.07993e-05
-1.07635e-05
-1.06275e-05
-1.03999e-05
-1.00945e-05
-9.73103e-06
-9.33488e-06
-8.93631e-06
-8.56809e-06
-8.26134e-06
-8.04002e-06
-7.91577e-06
-7.8852e-06
-7.93054e-06
-8.02529e-06
-8.15131e-06
-8.30879e-06
-6.86626e-06
-6.88032e-06
-6.89192e-06
-6.90278e-06
-6.91402e-06
-6.92599e-06
-6.93915e-06
-6.9541e-06
-6.97158e-06
-6.99244e-06
-7.01775e-06
-7.04885e-06
-7.08754e-06
-7.13628e-06
-7.19857e-06
-7.27936e-06
-7.38577e-06
-7.52786e-06
-7.7194e-06
-7.97817e-06
-8.3245e-06
-8.77641e-06
-9.31362e-06
-9.86655e-06
-1.03812e-05
-1.08238e-05
-1.11693e-05
-1.14021e-05
-1.1516e-05
-1.15082e-05
-1.13869e-05
-1.11597e-05
-1.08395e-05
-1.04452e-05
-1.00019e-05
-9.54131e-06
-9.0998e-06
-8.71486e-06
-8.41876e-06
-8.23141e-06
-8.15556e-06
-8.17573e-06
-8.26367e-06
-8.39887e-06
-8.58105e-06
-6.82862e-06
-6.84445e-06
-6.85693e-06
-6.86799e-06
-6.8789e-06
-6.89002e-06
-6.90183e-06
-6.91498e-06
-6.93026e-06
-6.9486e-06
-6.97118e-06
-6.9995e-06
-7.0356e-06
-7.08232e-06
-7.14375e-06
-7.22576e-06
-7.33693e-06
-7.4895e-06
-7.70047e-06
-7.99215e-06
-8.39013e-06
-8.91605e-06
-9.54864e-06
-1.02011e-05
-1.08076e-05
-1.13283e-05
-1.17361e-05
-1.20172e-05
-1.21673e-05
-1.21856e-05
-1.20791e-05
-1.1856e-05
-1.15285e-05
-1.11141e-05
-1.06368e-05
-1.01278e-05
-9.62511e-06
-9.17063e-06
-8.80386e-06
-8.5529e-06
-8.42789e-06
-8.41747e-06
-8.49341e-06
-8.63388e-06
-8.83836e-06
-6.7957e-06
-6.8131e-06
-6.82635e-06
-6.83756e-06
-6.84812e-06
-6.85836e-06
-6.86876e-06
-6.87998e-06
-6.89287e-06
-6.90841e-06
-6.92784e-06
-6.95282e-06
-6.98557e-06
-7.02926e-06
-7.0885e-06
-7.17003e-06
-7.28374e-06
-7.44394e-06
-7.67073e-06
-7.99095e-06
-8.43567e-06
-9.02799e-06
-9.74819e-06
-1.04908e-05
-1.11781e-05
-1.17654e-05
-1.22254e-05
-1.25455e-05
-1.27233e-05
-1.27612e-05
-1.26667e-05
-1.24485e-05
-1.21189e-05
-1.16937e-05
-1.1195e-05
-1.06524e-05
-1.01035e-05
-9.59223e-06
-9.16404e-06
-8.854e-06
-8.68001e-06
-8.63628e-06
-8.6964e-06
-8.8385e-06
-9.06232e-06
-6.7681e-06
-6.78697e-06
-6.80093e-06
-6.81228e-06
-6.82244e-06
-6.83172e-06
-6.84056e-06
-6.84965e-06
-6.85983e-06
-6.87213e-06
-6.88785e-06
-6.90873e-06
-6.93717e-06
-6.97662e-06
-7.03212e-06
-7.11118e-06
-7.22491e-06
-7.38954e-06
-7.628e-06
-7.97136e-06
-8.45568e-06
-9.10855e-06
-9.90554e-06
-1.07276e-05
-1.14839e-05
-1.21262e-05
-1.2627e-05
-1.29757e-05
-1.31726e-05
-1.32231e-05
-1.31362e-05
-1.29219e-05
-1.25923e-05
-1.21623e-05
-1.16515e-05
-1.10872e-05
-1.05053e-05
-9.94983e-06
-9.47148e-06
-9.10935e-06
-8.88912e-06
-8.81162e-06
-8.85354e-06
-8.99425e-06
-9.23446e-06
-6.74622e-06
-6.76657e-06
-6.78126e-06
-6.79272e-06
-6.80243e-06
-6.81063e-06
-6.81772e-06
-6.82438e-06
-6.83145e-06
-6.83997e-06
-6.85129e-06
-6.8672e-06
-6.89026e-06
-6.92412e-06
-6.97425e-06
-7.04881e-06
-7.16003e-06
-7.32586e-06
-7.57186e-06
-7.93274e-06
-8.44864e-06
-9.1569e-06
-1.00207e-05
-1.09107e-05
-1.17248e-05
-1.24113e-05
-1.29428e-05
-1.3311e-05
-1.35194e-05
-1.35759e-05
-1.34919e-05
-1.32788e-05
-1.29489e-05
-1.25161e-05
-1.19981e-05
-1.14195e-05
-1.08135e-05
-1.02226e-05
-9.70463e-06
-9.29755e-06
-9.03444e-06
-8.92381e-06
-8.94627e-06
-9.08325e-06
-9.3372e-06
-6.73036e-06
-6.75232e-06
-6.76777e-06
-6.77936e-06
-6.78856e-06
-6.79553e-06
-6.80063e-06
-6.8045e-06
-6.80797e-06
-6.81209e-06
-6.81824e-06
-6.82826e-06
-6.8448e-06
-6.87175e-06
-6.91489e-06
-6.983e-06
-7.08932e-06
-7.25342e-06
-7.50324e-06
-7.87624e-06
-8.41845e-06
-9.17416e-06
-1.00959e-05
-1.10439e-05
-1.19062e-05
-1.26279e-05
-1.31819e-05
-1.35625e-05
-1.37762e-05
-1.38334e-05
-1.37476e-05
-1.35321e-05
-1.31994e-05
-1.27626e-05
-1.22378e-05
-1.16474e-05
-1.10218e-05
-1.03999e-05
-9.84678e-06
-9.40122e-06
-9.09822e-06
-8.95534e-06
-8.95764e-06
-9.08907e-06
-9.35455e-06
-6.72081e-06
-6.74455e-06
-6.76089e-06
-6.7726e-06
-6.78123e-06
-6.7868e-06
-6.78962e-06
-6.79028e-06
-6.78962e-06
-6.78866e-06
-6.78882e-06
-6.79199e-06
-6.8009e-06
-6.81962e-06
-6.85427e-06
-6.91417e-06
-7.01347e-06
-7.17327e-06
-7.42378e-06
-7.80543e-06
-8.36921e-06
-9.16307e-06
-1.01355e-05
-1.11337e-05
-1.20366e-05
-1.27864e-05
-1.33568e-05
-1.37443e-05
-1.39592e-05
-1.40123e-05
-1.39206e-05
-1.36983e-05
-1.33585e-05
-1.29138e-05
-1.23789e-05
-1.17745e-05
-1.11292e-05
-1.04801e-05
-9.88837e-06
-9.40605e-06
-9.06589e-06
-8.8916e-06
-8.8731e-06
-8.99737e-06
-9.27246e-06
-6.71785e-06
-6.74366e-06
-6.76099e-06
-6.77287e-06
-6.78083e-06
-6.7848e-06
-6.78499e-06
-6.78198e-06
-6.77658e-06
-6.76983e-06
-6.76316e-06
-6.75852e-06
-6.75874e-06
-6.76802e-06
-6.79281e-06
-6.84294e-06
-6.93343e-06
-7.08679e-06
-7.33547e-06
-7.72308e-06
-8.30378e-06
-9.12853e-06
-1.01459e-05
-1.11879e-05
-1.21251e-05
-1.2898e-05
-1.34803e-05
-1.38707e-05
-1.40844e-05
-1.41291e-05
-1.40272e-05
-1.37934e-05
-1.3441e-05
-1.29821e-05
-1.24309e-05
-1.18066e-05
-1.11371e-05
-1.04596e-05
-9.82521e-06
-9.30429e-06
-8.9276e-06
-8.7213e-06
-8.68075e-06
-8.79602e-06
-9.07893e-06
-6.72184e-06
-6.75003e-06
-6.76853e-06
-6.78057e-06
-6.78774e-06
-6.78985e-06
-6.78702e-06
-6.7798e-06
-6.76902e-06
-6.75574e-06
-6.7414e-06
-6.72802e-06
-6.71852e-06
-6.71729e-06
-6.73102e-06
-6.77007e-06
-6.85028e-06
-6.99548e-06
-7.24022e-06
-7.63111e-06
-8.22522e-06
-9.07666e-06
-1.01338e-05
-1.12139e-05
-1.2181e-05
-1.29731e-05
-1.35647e-05
-1.39563e-05
-1.41622e-05
-1.41971e-05
-1.40814e-05
-1.38309e-05
-1.34592e-05
-1.29786e-05
-1.24026e-05
-1.17498e-05
-1.10481e-05
-1.03354e-05
-9.65642e-06
-9.09054e-06
-8.67574e-06
-8.43541e-06
-8.37088e-06
-8.475e-06
-8.76388e-06
-6.7332e-06
-6.76413e-06
-6.78395e-06
-6.79615e-06
-6.80238e-06
-6.80229e-06
-6.79595e-06
-6.78393e-06
-6.76706e-06
-6.74646e-06
-6.72362e-06
-6.70062e-06
-6.68049e-06
-6.66778e-06
-6.66947e-06
-6.69637e-06
-6.76515e-06
-6.90089e-06
-7.14004e-06
-7.53209e-06
-8.13704e-06
-9.01203e-06
-1.01043e-05
-1.12185e-05
-1.22119e-05
-1.30206e-05
-1.36194e-05
-1.40098e-05
-1.42068e-05
-1.42284e-05
-1.40945e-05
-1.38214e-05
-1.3423e-05
-1.29116e-05
-1.23008e-05
-1.16093e-05
-1.08647e-05
-1.01064e-05
-9.38186e-06
-8.76352e-06
-8.30333e-06
-8.02653e-06
-7.93595e-06
-8.0263e-06
-8.31913e-06
-6.75242e-06
-6.7865e-06
-6.8078e-06
-6.82011e-06
-6.82514e-06
-6.82244e-06
-6.81202e-06
-6.79449e-06
-6.77075e-06
-6.74202e-06
-6.70986e-06
-6.6764e-06
-6.64483e-06
-6.61986e-06
-6.6087e-06
-6.62266e-06
-6.67915e-06
-6.80445e-06
-7.03689e-06
-7.42857e-06
-8.0424e-06
-8.93839e-06
-1.00624e-05
-1.12075e-05
-1.22247e-05
-1.3048e-05
-1.36521e-05
-1.40396e-05
-1.42262e-05
-1.42313e-05
-1.40746e-05
-1.37728e-05
-1.33396e-05
-1.27876e-05
-1.21309e-05
-1.13888e-05
-1.05899e-05
-9.77523e-06
-8.99623e-06
-8.32052e-06
-7.80855e-06
-7.49046e-06
-7.37064e-06
-7.44388e-06
-7.73854e-06
-6.7801e-06
-6.81776e-06
-6.84069e-06
-6.85298e-06
-6.85647e-06
-6.8506e-06
-6.83539e-06
-6.81153e-06
-6.78006e-06
-6.74234e-06
-6.70007e-06
-6.65538e-06
-6.61167e-06
-6.57382e-06
-6.54923e-06
-6.54967e-06
-6.59329e-06
-6.70754e-06
-6.93252e-06
-7.32278e-06
-7.94405e-06
-8.85901e-06
-1.00121e-05
-1.11856e-05
-1.22245e-05
-1.30608e-05
-1.36691e-05
-1.40523e-05
-1.42265e-05
-1.42118e-05
-1.40277e-05
-1.36906e-05
-1.32141e-05
-1.26114e-05
-1.18971e-05
-1.1092e-05
-1.02263e-05
-9.3431e-06
-8.49909e-06
-7.76091e-06
-7.18918e-06
-6.82367e-06
-6.67107e-06
-6.72311e-06
-7.01793e-06
-6.81696e-06
-6.85865e-06
-6.8833e-06
-6.89536e-06
-6.89682e-06
-6.88705e-06
-6.86616e-06
-6.83501e-06
-6.79482e-06
-6.74721e-06
-6.69404e-06
-6.63751e-06
-6.58104e-06
-6.52984e-06
-6.49145e-06
-6.47805e-06
-6.50844e-06
-6.61136e-06
-6.82838e-06
-7.21655e-06
-7.84425e-06
-8.77659e-06
-9.95668e-06
-1.11565e-05
-1.22154e-05
-1.30636e-05
-1.36748e-05
-1.40522e-05
-1.42121e-05
-1.41743e-05
-1.39578e-05
-1.35787e-05
-1.30504e-05
-1.23864e-05
-1.16028e-05
-1.07221e-05
-9.77686e-06
-8.81326e-06
-7.89136e-06
-7.0805e-06
-6.44674e-06
-6.02595e-06
-5.83561e-06
-5.86074e-06
-6.1549e-06
-6.86384e-06
-6.91006e-06
-6.93646e-06
-6.9479e-06
-6.94664e-06
-6.93203e-06
-6.90436e-06
-6.86477e-06
-6.81481e-06
-6.75641e-06
-6.69145e-06
-6.62242e-06
-6.5529e-06
-6.48804e-06
-6.43566e-06
-6.40829e-06
-6.42544e-06
-6.51687e-06
-6.72572e-06
-7.11141e-06
-7.74481e-06
-8.69328e-06
-9.89852e-06
-1.11229e-05
-1.22005e-05
-1.30592e-05
-1.36723e-05
-1.40425e-05
-1.41858e-05
-1.41215e-05
-1.38678e-05
-1.344e-05
-1.28514e-05
-1.2116e-05
-1.12514e-05
-1.02824e-05
-9.24482e-06
-8.1883e-06
-7.17662e-06
-6.28321e-06
-5.5783e-06
-5.09828e-06
-4.86441e-06
-4.85761e-06
-5.14592e-06
-6.92179e-06
-6.97303e-06
-7.0011e-06
-7.01133e-06
-7.00639e-06
-6.98571e-06
-6.94991e-06
-6.90056e-06
-6.83968e-06
-6.7694e-06
-6.69187e-06
-6.60988e-06
-6.52702e-06
-6.44839e-06
-6.38204e-06
-6.34081e-06
-6.34483e-06
-6.42488e-06
-6.62556e-06
-7.00856e-06
-7.64716e-06
-8.61071e-06
-9.83952e-06
-1.1087e-05
-1.21819e-05
-1.305e-05
-1.36637e-05
-1.40252e-05
-1.41496e-05
-1.40555e-05
-1.37598e-05
-1.32769e-05
-1.26199e-05
-1.18034e-05
-1.08466e-05
-9.77725e-06
-8.6347e-06
-7.47268e-06
-6.35928e-06
-5.37223e-06
-4.58702e-06
-4.04312e-06
-3.757e-06
-3.7214e-06
-3.98756e-06
-6.99208e-06
-7.04881e-06
-7.07828e-06
-7.08645e-06
-7.07651e-06
-7.04818e-06
-7.0026e-06
-6.94196e-06
-6.86882e-06
-6.78555e-06
-6.69483e-06
-6.59952e-06
-6.50311e-06
-6.41077e-06
-6.33065e-06
-6.27586e-06
-6.26707e-06
-6.33603e-06
-6.5287e-06
-6.90896e-06
-7.55238e-06
-8.53013e-06
-9.78107e-06
-1.10502e-05
-1.2161e-05
-1.30374e-05
-1.36505e-05
-1.40016e-05
-1.41049e-05
-1.39775e-05
-1.36353e-05
-1.30914e-05
-1.23587e-05
-1.14522e-05
-1.03931e-05
-9.21211e-06
-7.95256e-06
-6.67275e-06
-5.44555e-06
-4.35352e-06
-3.47945e-06
-2.86566e-06
-2.52341e-06
-2.45654e-06
-2.68395e-06
-7.07624e-06
-7.13891e-06
-7.16926e-06
-7.17409e-06
-7.15741e-06
-7.11942e-06
-7.06206e-06
-6.98837e-06
-6.90148e-06
-6.80424e-06
-6.69975e-06
-6.59077e-06
-6.4808e-06
-6.37498e-06
-6.28147e-06
-6.21358e-06
-6.19246e-06
-6.25079e-06
-6.43574e-06
-6.81333e-06
-7.46131e-06
-8.45245e-06
-9.72416e-06
-1.10134e-05
-1.2139e-05
-1.30223e-05
-1.36335e-05
-1.39726e-05
-1.40525e-05
-1.38888e-05
-1.34959e-05
-1.28857e-05
-1.20707e-05
-1.10666e-05
-9.89633e-06
-8.59372e-06
-7.20621e-06
-5.79691e-06
-4.44387e-06
-3.23502e-06
-2.26259e-06
-1.5714e-06
-1.16649e-06
-1.06269e-06
-1.24691e-06
-7.17622e-06
-7.24513e-06
-7.27548e-06
-7.27517e-06
-7.2494e-06
-7.19925e-06
-7.12774e-06
-7.03907e-06
-6.93685e-06
-6.82478e-06
-6.70592e-06
-6.5831e-06
-6.45972e-06
-6.34077e-06
-6.23439e-06
-6.15402e-06
-6.12119e-06
-6.16946e-06
-6.34712e-06
-6.7222e-06
-7.37454e-06
-8.37831e-06
-9.66946e-06
-1.09775e-05
-1.21164e-05
-1.30055e-05
-1.36134e-05
-1.39388e-05
-1.39931e-05
-1.37903e-05
-1.3343e-05
-1.26622e-05
-1.17595e-05
-1.06515e-05
-9.36276e-06
-7.93019e-06
-6.40519e-06
-4.85571e-06
-3.36513e-06
-2.02725e-06
-9.44699e-07
-1.67531e-07
3.11898e-07
4.64987e-07
3.21724e-07
-7.29438e-06
-7.36968e-06
-7.39858e-06
-7.39059e-06
-7.35271e-06
-7.28724e-06
-7.19893e-06
-7.09308e-06
-6.97412e-06
-6.84626e-06
-6.71261e-06
-6.57594e-06
-6.43943e-06
-6.30788e-06
-6.18929e-06
-6.09717e-06
-6.05337e-06
-6.09226e-06
-6.26312e-06
-6.63591e-06
-7.29248e-06
-8.30816e-06
-9.61745e-06
-1.09429e-05
-1.20937e-05
-1.29872e-05
-1.35904e-05
-1.39006e-05
-1.39274e-05
-1.3683e-05
-1.31784e-05
-1.24232e-05
-1.14289e-05
-1.02122e-05
-8.79974e-06
-7.23084e-06
-5.56071e-06
-3.86182e-06
-2.22296e-06
-7.44155e-07
4.63337e-07
1.33426e-06
1.89435e-06
2.10935e-06
2.02111e-06
-7.43372e-06
-7.51519e-06
-7.54039e-06
-7.52124e-06
-7.46729e-06
-7.38282e-06
-7.27473e-06
-7.14936e-06
-7.01226e-06
-6.86781e-06
-6.71914e-06
-6.56877e-06
-6.41958e-06
-6.27606e-06
-6.14602e-06
-6.04296e-06
-5.98901e-06
-6.01927e-06
-6.1839e-06
-6.55468e-06
-7.21537e-06
-8.24228e-06
-9.56843e-06
-1.09099e-05
-1.20713e-05
-1.29679e-05
-1.3565e-05
-1.38584e-05
-1.38559e-05
-1.35679e-05
-1.30036e-05
-1.21716e-05
-1.10829e-05
-9.75485e-06
-8.21528e-06
-6.50601e-06
-4.68534e-06
-2.82979e-06
-1.03358e-06
5.962e-07
1.94501e-06
2.92738e-06
3.56906e-06
3.85467e-06
3.83202e-06
-7.59802e-06
-7.68486e-06
-7.70295e-06
-7.66784e-06
-7.59282e-06
-7.48515e-06
-7.35384e-06
-7.20673e-06
-7.05017e-06
-6.88857e-06
-6.72484e-06
-6.56112e-06
-6.39983e-06
-6.2451e-06
-6.10445e-06
-5.99135e-06
-5.92811e-06
-5.95053e-06
-6.10955e-06
-6.47862e-06
-7.14335e-06
-8.18082e-06
-9.52257e-06
-1.08786e-05
-1.20492e-05
-1.29476e-05
-1.35374e-05
-1.38127e-05
-1.37794e-05
-1.34461e-05
-1.28206e-05
-1.19103e-05
-1.0726e-05
-9.2855e-06
-7.61784e-06
-5.76667e-06
-3.79269e-06
-1.77556e-06
1.85672e-07
1.97661e-06
3.47914e-06
4.59606e-06
5.32678e-06
5.69521e-06
5.74777e-06
-7.79219e-06
-7.88254e-06
-7.88841e-06
-7.83089e-06
-7.7287e-06
-7.59294e-06
-7.43481e-06
-7.26387e-06
-7.08679e-06
-6.90774e-06
-6.72916e-06
-6.55261e-06
-6.37995e-06
-6.21483e-06
-6.06448e-06
-5.94226e-06
-5.87063e-06
-5.88602e-06
-6.04004e-06
-6.40774e-06
-7.07645e-06
-8.12384e-06
-9.47995e-06
-1.08492e-05
-1.20277e-05
-1.29266e-05
-1.35078e-05
-1.37637e-05
-1.36984e-05
-1.33188e-05
-1.26312e-05
-1.16423e-05
-1.03625e-05
-8.81042e-06
-7.01596e-06
-5.02405e-06
-2.89691e-06
-7.1616e-07
1.41584e-06
3.37863e-06
5.04689e-06
6.31525e-06
7.15282e-06
7.61722e-06
7.75918e-06
-8.02268e-06
-8.11287e-06
-8.09894e-06
-8.01049e-06
-7.87388e-06
-7.70437e-06
-7.51599e-06
-7.3194e-06
-7.12109e-06
-6.92463e-06
-6.73165e-06
-6.54297e-06
-6.35978e-06
-6.18517e-06
-6.02605e-06
-5.89565e-06
-5.81651e-06
-5.82568e-06
-5.97533e-06
-6.34198e-06
-7.01461e-06
-8.0713e-06
-9.44058e-06
-1.08217e-05
-1.20068e-05
-1.2905e-05
-1.34765e-05
-1.37119e-05
-1.36137e-05
-1.31872e-05
-1.24373e-05
-1.13704e-05
-9.99681e-06
-8.33571e-06
-6.41797e-06
-4.28926e-06
-2.01233e-06
3.30706e-07
2.63597e-06
4.77876e-06
6.62558e-06
8.06117e-06
9.03003e-06
9.6056e-06
9.85737e-06
-8.29826e-06
-8.38129e-06
-8.33646e-06
-8.20621e-06
-8.02639e-06
-7.81737e-06
-7.5956e-06
-7.37195e-06
-7.15215e-06
-6.93866e-06
-6.73202e-06
-6.53208e-06
-6.33926e-06
-6.15611e-06
-5.98916e-06
-5.85149e-06
-5.76571e-06
-5.76943e-06
-5.91531e-06
-6.28122e-06
-6.95773e-06
-8.0231e-06
-9.4044e-06
-1.07961e-05
-1.19866e-05
-1.28829e-05
-1.34437e-05
-1.36578e-05
-1.35261e-05
-1.30525e-05
-1.2241e-05
-1.10974e-05
-9.63288e-06
-7.86705e-06
-5.83169e-06
-3.57283e-06
-1.15283e-06
1.34721e-06
3.82412e-06
6.15127e-06
8.1875e-06
9.80723e-06
1.09377e-05
1.16446e-05
1.20344e-05
-8.63115e-06
-8.69409e-06
-8.60236e-06
-8.41652e-06
-8.18372e-06
-7.92954e-06
-7.67175e-06
-7.42026e-06
-7.17924e-06
-6.94949e-06
-6.73012e-06
-6.51989e-06
-6.31843e-06
-6.12768e-06
-5.95381e-06
-5.80975e-06
-5.71816e-06
-5.71717e-06
-5.85985e-06
-6.22532e-06
-6.90562e-06
-7.97909e-06
-9.37132e-06
-1.07724e-05
-1.19671e-05
-1.28605e-05
-1.34096e-05
-1.36018e-05
-1.34364e-05
-1.29159e-05
-1.20438e-05
-1.08261e-05
-9.27445e-06
-7.4096e-06
-5.26419e-06
-2.88437e-06
-3.31392e-07
2.31613e-06
4.95809e-06
7.46927e-06
9.70372e-06
1.15244e-05
1.28441e-05
1.37149e-05
1.42846e-05
-9.03877e-06
-9.05826e-06
-8.89691e-06
-8.63876e-06
-8.34252e-06
-8.03818e-06
-7.74257e-06
-7.46327e-06
-7.20186e-06
-6.95693e-06
-6.72597e-06
-6.50653e-06
-6.29741e-06
-6.09999e-06
-5.92007e-06
-5.77045e-06
-5.6738e-06
-5.66878e-06
-5.80879e-06
-6.17408e-06
-6.8581e-06
-7.93911e-06
-9.34121e-06
-1.07504e-05
-1.19482e-05
-1.28378e-05
-1.33746e-05
-1.35444e-05
-1.33452e-05
-1.27785e-05
-1.18476e-05
-1.05588e-05
-8.92477e-06
-6.96777e-06
-4.72147e-06
-2.23215e-06
4.40518e-07
3.22156e-06
6.01625e-06
8.70463e-06
1.11408e-05
1.31796e-05
1.47131e-05
1.57893e-05
1.66035e-05
-9.54594e-06
-9.48047e-06
-9.21759e-06
-8.86894e-06
-8.4988e-06
-8.14045e-06
-7.80646e-06
-7.50023e-06
-7.21977e-06
-6.96105e-06
-6.71974e-06
-6.4922e-06
-6.27639e-06
-6.07317e-06
-5.88801e-06
-5.73359e-06
-5.63258e-06
-5.62414e-06
-5.76194e-06
-6.12728e-06
-6.81493e-06
-7.90293e-06
-9.31391e-06
-1.07302e-05
-1.19301e-05
-1.2815e-05
-1.33388e-05
-1.3486e-05
-1.32532e-05
-1.26414e-05
-1.16538e-05
-1.02974e-05
-8.58658e-06
-6.54519e-06
-4.20842e-06
-1.62287e-06
1.15337e-06
4.04964e-06
6.97845e-06
9.82898e-06
1.24613e-05
1.47295e-05
1.65034e-05
1.78321e-05
1.89906e-05
-1.01879e-05
-9.96215e-06
-9.56175e-06
-9.10057e-06
-8.64775e-06
-8.23361e-06
-7.86217e-06
-7.53076e-06
-7.23304e-06
-6.9621e-06
-6.71175e-06
-6.47718e-06
-6.2556e-06
-6.04737e-06
-5.85771e-06
-5.69916e-06
-5.59443e-06
-5.5831e-06
-5.71912e-06
-6.0847e-06
-6.77587e-06
-7.87032e-06
-9.28925e-06
-1.07117e-05
-1.19127e-05
-1.27922e-05
-1.33025e-05
-1.3427e-05
-1.31612e-05
-1.25056e-05
-1.14637e-05
-1.00439e-05
-8.26216e-06
-6.1448e-06
-3.72884e-06
-1.0617e-06
1.79973e-06
4.78902e-06
7.82691e-06
1.08149e-05
1.36253e-05
1.61222e-05
1.81578e-05
1.97921e-05
2.14457e-05
-1.1013e-05
-1.04982e-05
-9.91634e-06
-9.32524e-06
-8.78419e-06
-8.31518e-06
-7.90886e-06
-7.55483e-06
-7.24199e-06
-6.96047e-06
-6.70236e-06
-6.46176e-06
-6.23524e-06
-6.02274e-06
-5.82922e-06
-5.66714e-06
-5.55924e-06
-5.54552e-06
-5.68011e-06
-6.0461e-06
-6.74066e-06
-7.84104e-06
-9.26703e-06
-1.06946e-05
-1.18959e-05
-1.27694e-05
-1.32659e-05
-1.33678e-05
-1.30696e-05
-1.23719e-05
-1.12786e-05
-9.7996e-06
-7.95344e-06
-5.76897e-06
-3.2857e-06
-5.52553e-07
2.37395e-06
5.43077e-06
8.54652e-06
1.16365e-05
1.45911e-05
1.72966e-05
1.95979e-05
2.1585e-05
2.39516e-05
-1.20658e-05
-1.10778e-05
-1.02639e-05
-9.53241e-06
-8.90286e-06
-8.3832e-06
-7.94624e-06
-7.57283e-06
-7.24717e-06
-6.95673e-06
-6.69203e-06
-6.44632e-06
-6.21557e-06
-5.9994e-06
-5.80257e-06
-5.63749e-06
-5.52689e-06
-5.51119e-06
-5.64468e-06
-6.01121e-06
-6.70903e-06
-7.81487e-06
-9.24708e-06
-1.06788e-05
-1.18797e-05
-1.27465e-05
-1.32291e-05
-1.33085e-05
-1.29789e-05
-1.22406e-05
-1.10989e-05
-9.56534e-06
-7.66127e-06
-5.4187e-06
-2.88021e-06
-9.70646e-08
2.87336e-06
5.96977e-06
9.12674e-06
1.22722e-05
1.53176e-05
1.81833e-05
2.07214e-05
2.30854e-05
2.64635e-05
-1.34452e-05
-1.16827e-05
-1.058e-05
-9.71082e-06
-9.00037e-06
-8.43766e-06
-7.97552e-06
-7.58617e-06
-7.24987e-06
-6.95191e-06
-6.6816e-06
-6.43147e-06
-6.19706e-06
-5.9777e-06
-5.778e-06
-5.6103e-06
-5.49735e-06
-5.47997e-06
-5.61254e-06
-5.97966e-06
-6.68061e-06
-7.79151e-06
-9.22934e-06
-1.06647e-05
-1.18646e-05
-1.27243e-05
-1.31926e-05
-1.32498e-05
-1.28893e-05
-1.2112e-05
-1.09243e-05
-9.34009e-06
-7.38377e-06
-5.09103e-06
-2.5082e-06
3.10144e-07
3.30426e-06
6.41223e-06
9.57105e-06
1.27168e-05
1.57784e-05
1.87152e-05
2.14049e-05
2.41495e-05
2.90036e-05
-1.5264e-05
-1.22756e-05
-1.08288e-05
-9.84993e-06
-9.0776e-06
-8.482e-06
-8.00017e-06
-7.59769e-06
-7.25222e-06
-6.94758e-06
-6.67223e-06
-6.41812e-06
-6.18045e-06
-5.95827e-06
-5.75606e-06
-5.58606e-06
-5.47102e-06
-5.45209e-06
-5.58376e-06
-5.95128e-06
-6.65504e-06
-7.77067e-06
-9.21389e-06
-1.06528e-05
-1.18517e-05
-1.27045e-05
-1.31588e-05
-1.31942e-05
-1.28035e-05
-1.19884e-05
-1.07566e-05
-9.12439e-06
-7.1197e-06
-4.78226e-06
-2.16275e-06
6.79921e-07
3.68206e-06
6.77842e-06
9.90379e-06
1.29941e-05
1.59831e-05
1.8847e-05
2.14903e-05
2.45272e-05
3.15199e-05
-1.67885e-05
-1.26385e-05
-1.09461e-05
-9.92884e-06
-9.1292e-06
-8.51386e-06
-8.01826e-06
-7.60548e-06
-7.25227e-06
-6.94184e-06
-6.66209e-06
-6.40458e-06
-6.1642e-06
-5.93979e-06
-5.73567e-06
-5.56403e-06
-5.44754e-06
-5.42761e-06
-5.55874e-06
-5.92667e-06
-6.63274e-06
-7.75208e-06
-9.19953e-06
-1.06412e-05
-1.18391e-05
-1.26857e-05
-1.31276e-05
-1.31436e-05
-1.27265e-05
-1.18782e-05
-1.06081e-05
-8.93508e-06
-6.89032e-06
-4.51767e-06
-1.87236e-06
9.8194e-07
3.97649e-06
7.04051e-06
1.01022e-05
1.30877e-05
1.59141e-05
1.85178e-05
2.07439e-05
2.32973e-05
3.0565e-05
)
;

boundaryField
{
    inlet
    {
        type            uniformJump;
        patchType       cyclic;
        jump            uniform -2.5e-05;
        value           nonuniform List<scalar> 
40
(
9.18589e-07
9.33158e-07
9.48953e-07
9.65587e-07
9.84615e-07
1.00762e-06
1.03682e-06
1.07566e-06
1.12875e-06
1.20123e-06
1.29737e-06
1.4192e-06
1.56666e-06
1.73605e-06
1.92039e-06
2.11018e-06
2.28939e-06
2.43894e-06
2.54265e-06
2.58357e-06
2.55736e-06
2.48873e-06
2.42859e-06
2.38608e-06
2.36442e-06
2.36206e-06
2.37365e-06
2.39306e-06
2.41527e-06
2.43694e-06
2.45624e-06
2.47242e-06
2.48539e-06
2.49543e-06
2.50295e-06
2.50841e-06
2.51223e-06
2.51477e-06
2.51638e-06
2.51733e-06
)
;
        jumpTable       table;
        jumpTableCoeffs
        {
            values          
4
(
(0 -2.5e-05)
(25 -2.5e-05)
(25.5 -0.0001)
(26 -2.5e-05)
)
;
        }
    }
    outlet
    {
        type            uniformJump;
        patchType       cyclic;
        value           nonuniform List<scalar> 
40
(
-2.40814e-05
-2.40668e-05
-2.4051e-05
-2.40344e-05
-2.40154e-05
-2.39924e-05
-2.39632e-05
-2.39243e-05
-2.38712e-05
-2.37988e-05
-2.37026e-05
-2.35808e-05
-2.34333e-05
-2.3264e-05
-2.30796e-05
-2.28898e-05
-2.27106e-05
-2.25611e-05
-2.24573e-05
-2.24164e-05
-2.24426e-05
-2.25113e-05
-2.25714e-05
-2.26139e-05
-2.26356e-05
-2.26379e-05
-2.26263e-05
-2.26069e-05
-2.25847e-05
-2.25631e-05
-2.25438e-05
-2.25276e-05
-2.25146e-05
-2.25046e-05
-2.2497e-05
-2.24916e-05
-2.24878e-05
-2.24852e-05
-2.24836e-05
-2.24827e-05
)
;
    }
    Walls
    {
        type            zeroGradient;
    }
    back
    {
        type            empty;
    }
    front
    {
        type            empty;
    }
}


// ************************************************************************* //
