/*--------------------------------*- C++ -*----------------------------------*\
| =========                 |                                                 |
| \\      /  F ield         | OpenFOAM: The Open Source CFD Toolbox           |
|  \\    /   O peration     | Version:  2312                                  |
|   \\  /    A nd           | Website:  www.openfoam.com                      |
|    \\/     M anipulation  |                                                 |
\*---------------------------------------------------------------------------*/
FoamFile
{
    version     2.0;
    format      ascii;
    arch        "LSB;label=32;scalar=64";
    class       volScalarField;
    location    "160.5";
    object      p;
}
// * * * * * * * * * * * * * * * * * * * * * * * * * * * * * * * * * * * * * //

dimensions      [0 2 -2 0 0 0 0];

internalField   nonuniform List<scalar> 
4800
(
-6.18046e-13
-1.04313e-06
-1.90751e-06
-2.64611e-06
-3.28914e-06
-3.86411e-06
-4.37639e-06
-4.83615e-06
-5.25346e-06
-5.63435e-06
-5.98345e-06
-6.30112e-06
-6.579e-06
-7.05747e-06
-8.69945e-06
1.13621e-08
-1.03106e-06
-1.89479e-06
-2.63324e-06
-3.27694e-06
-3.85308e-06
-4.36744e-06
-4.83049e-06
-5.25312e-06
-5.64333e-06
-6.01049e-06
-6.36842e-06
-6.72938e-06
-7.20029e-06
-8.02375e-06
2.3256e-08
-1.0182e-06
-1.88135e-06
-2.6197e-06
-3.26288e-06
-3.83963e-06
-4.35554e-06
-4.82109e-06
-5.24782e-06
-5.6445e-06
-6.02163e-06
-6.3934e-06
-6.76617e-06
-7.14475e-06
-7.50011e-06
3.53334e-08
-1.0045e-06
-1.86645e-06
-2.60453e-06
-3.2461e-06
-3.82274e-06
-4.3394e-06
-4.80578e-06
-5.23357e-06
-5.63076e-06
-6.00497e-06
-6.36148e-06
-6.69007e-06
-6.95614e-06
-7.08553e-06
4.88805e-08
-9.88532e-07
-1.84846e-06
-2.58541e-06
-3.22533e-06
-3.79989e-06
-4.31595e-06
-4.78086e-06
-5.20543e-06
-5.59551e-06
-5.95361e-06
-6.27508e-06
-6.53866e-06
-6.70324e-06
-6.71149e-06
6.54173e-08
-9.68726e-07
-1.82576e-06
-2.56012e-06
-3.1986e-06
-3.76842e-06
-4.28138e-06
-4.74138e-06
-5.15709e-06
-5.5313e-06
-5.8612e-06
-6.13568e-06
-6.33158e-06
-6.41756e-06
-6.3644e-06
8.74152e-08
-9.42668e-07
-1.7958e-06
-2.52608e-06
-3.16148e-06
-3.72499e-06
-4.23088e-06
-4.6812e-06
-5.08135e-06
-5.43102e-06
-5.7238e-06
-5.94697e-06
-6.08257e-06
-6.11412e-06
-6.03398e-06
1.19077e-07
-9.06375e-07
-1.75452e-06
-2.47917e-06
-3.10865e-06
-3.664e-06
-4.15815e-06
-4.59305e-06
-4.97085e-06
-5.28905e-06
-5.5404e-06
-5.71486e-06
-5.8026e-06
-5.79991e-06
-5.71111e-06
1.66785e-07
-8.53841e-07
-1.69591e-06
-2.41312e-06
-3.0339e-06
-3.57755e-06
-4.05528e-06
-4.46901e-06
-4.8188e-06
-5.10162e-06
-5.31205e-06
-5.44496e-06
-5.49827e-06
-5.47649e-06
-5.38891e-06
2.39065e-07
-7.76918e-07
-1.6119e-06
-2.31964e-06
-2.92869e-06
-3.45673e-06
-3.91354e-06
-4.30129e-06
-4.61961e-06
-4.86668e-06
-5.0405e-06
-5.14111e-06
-5.17202e-06
-5.14191e-06
-5.06114e-06
3.45965e-07
-6.65689e-07
-1.4926e-06
-2.18885e-06
-2.78301e-06
-3.29183e-06
-3.72416e-06
-4.08303e-06
-4.36925e-06
-4.58346e-06
-4.72734e-06
-4.80507e-06
-4.82339e-06
-4.79236e-06
-4.72168e-06
4.98431e-07
-5.09061e-07
-1.32669e-06
-2.00961e-06
-2.58629e-06
-3.07326e-06
-3.47926e-06
-3.80893e-06
-4.06533e-06
-4.25198e-06
-4.37362e-06
-4.43703e-06
-4.45036e-06
-4.42351e-06
-4.36486e-06
7.08569e-07
-2.94724e-07
-1.10177e-06
-1.76938e-06
-2.32771e-06
-2.79203e-06
-3.17221e-06
-3.47518e-06
-3.70657e-06
-3.87242e-06
-3.97959e-06
-4.0361e-06
-4.05032e-06
-4.03124e-06
-3.98592e-06
9.90675e-07
-8.26158e-09
-8.04205e-07
-1.45638e-06
-1.99594e-06
-2.43897e-06
-2.79671e-06
-3.07819e-06
-3.29131e-06
-3.44396e-06
-3.54414e-06
-3.60021e-06
-3.6201e-06
-3.61167e-06
-3.58083e-06
1.36159e-06
3.67373e-07
-4.17855e-07
-1.05614e-06
-1.57905e-06
-2.00467e-06
-2.34584e-06
-2.61317e-06
-2.81609e-06
-2.96356e-06
-3.06401e-06
-3.12558e-06
-3.1555e-06
-3.16061e-06
-3.14583e-06
1.83936e-06
8.50349e-07
7.38611e-08
-5.5394e-07
-1.06501e-06
-1.47952e-06
-1.81194e-06
-2.07393e-06
-2.27562e-06
-2.42626e-06
-2.53424e-06
-2.60724e-06
-2.65181e-06
-2.67387e-06
-2.67769e-06
2.4397e-06
1.45984e-06
6.86075e-07
6.31051e-08
-4.4306e-07
-8.54823e-07
-1.18799e-06
-1.4546e-06
-1.66475e-06
-1.82744e-06
-1.95067e-06
-2.04158e-06
-2.10615e-06
-2.14958e-06
-2.1757e-06
3.16913e-06
2.19951e-06
1.42673e-06
8.023e-07
2.92632e-07
-1.26208e-07
-4.7067e-07
-7.52606e-07
-9.81549e-07
-1.16589e-06
-1.31306e-06
-1.4296e-06
-1.52097e-06
-1.5918e-06
-1.64559e-06
4.02374e-06
3.06736e-06
2.29473e-06
1.66402e-06
1.14211e-06
7.05649e-07
3.39037e-07
3.11435e-08
-2.26894e-07
-4.42749e-07
-6.23155e-07
-7.74014e-07
-9.00283e-07
-1.00615e-06
-1.09491e-06
4.98286e-06
4.04822e-06
3.27813e-06
2.63663e-06
2.09455e-06
1.6314e-06
1.23331e-06
8.90143e-07
5.93735e-07
3.37131e-07
1.14296e-07
-8.00059e-08
-2.50222e-07
-4.00094e-07
-5.32754e-07
5.92303e-06
5.0196e-06
4.2541e-06
3.59876e-06
3.03131e-06
2.53555e-06
2.09964e-06
1.71461e-06
1.37324e-06
1.06949e-06
7.98042e-07
5.54299e-07
3.3432e-07
1.34831e-07
-4.69843e-08
6.71138e-06
5.83754e-06
5.07878e-06
4.41268e-06
3.82321e-06
3.29827e-06
2.82814e-06
2.40502e-06
2.02258e-06
1.67545e-06
1.35896e-06
1.06911e-06
8.02493e-07
5.56317e-07
3.28118e-07
7.29623e-06
6.45344e-06
5.70496e-06
5.03494e-06
4.43182e-06
3.88626e-06
3.39023e-06
2.93708e-06
2.52132e-06
2.13831e-06
1.78405e-06
1.45516e-06
1.14878e-06
8.62578e-07
5.94424e-07
7.72107e-06
6.90795e-06
6.17275e-06
5.50452e-06
4.8946e-06
4.33549e-06
3.82061e-06
3.34445e-06
2.90239e-06
2.49054e-06
2.10557e-06
1.74468e-06
1.40555e-06
1.08621e-06
7.84871e-07
8.01976e-06
7.23525e-06
6.51591e-06
5.85376e-06
5.24213e-06
4.67501e-06
4.14714e-06
3.65405e-06
3.19196e-06
2.75767e-06
2.34848e-06
1.96217e-06
1.59682e-06
1.25084e-06
9.22719e-07
8.22492e-06
7.46794e-06
6.76561e-06
6.11194e-06
5.50194e-06
4.93089e-06
4.39462e-06
3.88952e-06
3.41255e-06
2.96117e-06
2.53328e-06
2.12711e-06
1.74113e-06
1.37405e-06
1.02466e-06
8.36372e-06
7.63236e-06
6.9468e-06
6.30268e-06
5.69638e-06
5.12422e-06
4.58283e-06
4.06937e-06
3.58148e-06
3.11723e-06
2.67499e-06
2.25339e-06
1.85124e-06
1.46754e-06
1.10135e-06
8.45636e-06
7.74818e-06
7.07842e-06
6.44413e-06
5.84267e-06
5.27109e-06
4.72677e-06
4.20754e-06
3.71166e-06
3.23768e-06
2.78437e-06
2.35072e-06
1.93584e-06
1.53901e-06
1.15952e-06
8.51738e-06
7.82984e-06
7.17462e-06
6.5499e-06
5.95363e-06
5.38352e-06
4.83762e-06
4.31438e-06
3.81253e-06
3.33106e-06
2.86907e-06
2.42588e-06
2.00087e-06
1.59356e-06
1.20344e-06
8.55711e-06
7.88776e-06
7.24568e-06
6.62981e-06
6.03859e-06
5.4703e-06
4.92362e-06
4.39749e-06
3.89107e-06
3.40366e-06
2.93473e-06
2.48385e-06
2.05063e-06
1.63481e-06
1.23605e-06
8.5827e-06
7.92927e-06
7.29886e-06
6.69094e-06
6.10435e-06
5.53795e-06
4.99091e-06
4.46259e-06
3.9525e-06
3.46027e-06
2.98563e-06
2.52839e-06
2.08838e-06
1.66552e-06
1.25963e-06
8.59905e-06
7.9595e-06
7.33934e-06
6.73841e-06
6.15593e-06
5.59129e-06
5.04407e-06
4.51397e-06
4.00083e-06
3.50454e-06
3.02508e-06
2.56247e-06
2.11672e-06
1.68792e-06
1.27604e-06
8.60948e-06
7.982e-06
7.37078e-06
6.77591e-06
6.19702e-06
5.63392e-06
5.08654e-06
4.55491e-06
4.03912e-06
3.53932e-06
3.05569e-06
2.58844e-06
2.13776e-06
1.70386e-06
1.28685e-06
8.61621e-06
7.99923e-06
7.39575e-06
6.8061e-06
6.23028e-06
5.66847e-06
5.12091e-06
4.58788e-06
4.06973e-06
3.56681e-06
3.07951e-06
2.60819e-06
2.15319e-06
1.71484e-06
1.29337e-06
8.62069e-06
8.01284e-06
7.41605e-06
6.83086e-06
6.25765e-06
5.69688e-06
5.14907e-06
4.61473e-06
4.09443e-06
3.58871e-06
3.09812e-06
2.62318e-06
2.16434e-06
1.72207e-06
1.29669e-06
8.62381e-06
8.0239e-06
7.43288e-06
6.85152e-06
6.28049e-06
5.72055e-06
5.17241e-06
4.63683e-06
4.11454e-06
3.60628e-06
3.11272e-06
2.63453e-06
2.17228e-06
1.72652e-06
1.29766e-06
8.62615e-06
8.03312e-06
7.44704e-06
6.86894e-06
6.29974e-06
5.74042e-06
5.19191e-06
4.65514e-06
4.13103e-06
3.62045e-06
3.12422e-06
2.64311e-06
2.1778e-06
1.72893e-06
1.29699e-06
8.62804e-06
8.04103e-06
7.45923e-06
6.88391e-06
6.31624e-06
5.75738e-06
5.20846e-06
4.67057e-06
4.14477e-06
3.63206e-06
3.13338e-06
2.64962e-06
2.18153e-06
1.72985e-06
1.29514e-06
8.62972e-06
8.04829e-06
7.47039e-06
6.8976e-06
6.33127e-06
5.77277e-06
5.22338e-06
4.68436e-06
4.1569e-06
3.64213e-06
3.1411e-06
2.65477e-06
2.18402e-06
1.72963e-06
1.29226e-06
8.63122e-06
8.05499e-06
7.48079e-06
6.91036e-06
6.34524e-06
5.78697e-06
5.23702e-06
4.69681e-06
4.16766e-06
3.65085e-06
3.14754e-06
2.6588e-06
2.18558e-06
1.72873e-06
1.28891e-06
-9.95855e-06
-7.56051e-06
-6.10463e-06
-5.13414e-06
-4.3678e-06
-3.7888e-06
-3.34722e-06
-3.00771e-06
-2.74489e-06
-2.53741e-06
-2.3666e-06
-2.21533e-06
-2.06725e-06
-1.90686e-06
-1.71933e-06
-1.49294e-06
-1.2206e-06
-9.06619e-07
-5.71761e-07
-2.64281e-07
-5.80487e-08
-4.35624e-08
-2.68095e-07
-6.00915e-07
-8.82881e-07
-1.02174e-06
-9.61317e-07
-6.7322e-07
-1.4269e-07
6.41301e-07
1.68387e-06
2.97993e-06
4.51016e-06
6.24794e-06
8.15231e-06
1.01721e-05
1.2247e-05
1.43079e-05
1.62739e-05
1.80433e-05
1.94829e-05
2.03945e-05
2.03623e-05
1.9024e-05
1.49515e-05
-8.31279e-06
-7.03785e-06
-5.92278e-06
-5.05284e-06
-4.33155e-06
-3.76722e-06
-3.33059e-06
-2.99289e-06
-2.73102e-06
-2.52442e-06
-2.35459e-06
-2.20436e-06
-2.05729e-06
-1.89785e-06
-1.71125e-06
-1.48586e-06
-1.21478e-06
-9.02254e-07
-5.68669e-07
-2.61396e-07
-5.24973e-08
-3.03224e-08
-2.4211e-07
-5.60782e-07
-8.30312e-07
-9.60087e-07
-8.9421e-07
-6.04147e-07
-7.55456e-08
7.01982e-07
1.73258e-06
3.00935e-06
4.51015e-06
6.20604e-06
8.05269e-06
9.99443e-06
1.19645e-05
1.38838e-05
1.56556e-05
1.7151e-05
1.81809e-05
1.84411e-05
1.73396e-05
1.4132e-05
7.73262e-06
-7.45406e-06
-6.6374e-06
-5.73572e-06
-4.95761e-06
-4.28633e-06
-3.74241e-06
-3.31357e-06
-2.97878e-06
-2.71798e-06
-2.51195e-06
-2.34263e-06
-2.19295e-06
-2.04643e-06
-1.88753e-06
-1.70156e-06
-1.47704e-06
-1.20724e-06
-8.96343e-07
-5.64409e-07
-2.57762e-07
-4.64006e-08
-1.61299e-08
-2.1403e-07
-5.16893e-07
-7.72459e-07
-8.9205e-07
-8.20224e-07
-5.28438e-07
-2.99036e-09
7.6565e-07
1.78034e-06
3.03197e-06
4.49472e-06
6.13676e-06
7.9096e-06
9.75195e-06
1.15893e-05
1.33316e-05
1.48653e-05
1.60403e-05
1.66348e-05
1.63191e-05
1.45751e-05
1.09442e-05
5.24912e-06
-6.91592e-06
-6.31393e-06
-5.5786e-06
-4.87324e-06
-4.24948e-06
-3.72673e-06
-3.30542e-06
-2.97235e-06
-2.71098e-06
-2.50379e-06
-2.33345e-06
-2.18303e-06
-2.03606e-06
-1.87699e-06
-1.69117e-06
-1.46727e-06
-1.19873e-06
-8.89602e-07
-5.59583e-07
-2.53828e-07
-4.00621e-08
-1.24803e-09
-1.84133e-07
-4.69658e-07
-7.09634e-07
-8.17542e-07
-7.38551e-07
-4.44289e-07
7.79897e-08
8.3671e-07
1.83285e-06
3.05483e-06
4.47189e-06
6.04876e-06
7.73193e-06
9.45379e-06
1.11318e-05
1.26657e-05
1.39299e-05
1.47635e-05
1.49492e-05
1.42057e-05
1.21921e-05
8.69635e-06
3.95838e-06
-6.50244e-06
-6.03231e-06
-5.42751e-06
-4.80695e-06
-4.2267e-06
-3.7248e-06
-3.31023e-06
-2.97695e-06
-2.71247e-06
-2.50148e-06
-2.3277e-06
-2.17454e-06
-2.02556e-06
-1.86517e-06
-1.6788e-06
-1.45523e-06
-1.18807e-06
-8.81134e-07
-5.53681e-07
-2.49486e-07
-3.36849e-08
1.40226e-08
-1.52586e-07
-4.19115e-07
-6.41918e-07
-7.36939e-07
-6.50173e-07
-3.53672e-07
1.64075e-07
9.09721e-07
1.88259e-06
3.06797e-06
4.4291e-06
5.92725e-06
7.50363e-06
9.08447e-06
1.05805e-05
1.18844e-05
1.28675e-05
1.33739e-05
1.32186e-05
1.22023e-05
1.01518e-05
7.04458e-06
3.17917e-06
-6.15741e-06
-5.77856e-06
-5.27713e-06
-4.74128e-06
-4.21407e-06
-3.73549e-06
-3.32863e-06
-2.99422e-06
-2.72441e-06
-2.5068e-06
-2.32678e-06
-2.16835e-06
-2.01526e-06
-1.85199e-06
-1.66406e-06
-1.44035e-06
-1.1747e-06
-8.7047e-07
-5.46454e-07
-2.44768e-07
-2.75676e-08
2.92247e-08
-1.19844e-07
-3.65667e-07
-5.69737e-07
-6.50814e-07
-5.55999e-07
-2.58023e-07
2.52946e-07
9.79771e-07
1.92488e-06
3.0644e-06
4.35734e-06
5.76168e-06
7.21361e-06
8.63434e-06
9.93068e-06
1.09939e-05
1.17014e-05
1.19175e-05
1.15044e-05
1.03465e-05
8.39254e-06
5.72577e-06
2.62021e-06
-5.84495e-06
-5.53617e-06
-5.12501e-06
-4.66051e-06
-4.19429e-06
-3.74955e-06
-3.35548e-06
-3.0218e-06
-2.74617e-06
-2.52008e-06
-2.33139e-06
-2.16519e-06
-2.00568e-06
-1.8377e-06
-1.64696e-06
-1.42252e-06
-1.15846e-06
-8.57525e-07
-5.37982e-07
-2.39979e-07
-2.22514e-08
4.36273e-08
-8.6708e-08
-3.1015e-07
-4.93995e-07
-5.60242e-07
-4.57324e-07
-1.58844e-07
3.40991e-07
1.04326e-06
1.95571e-06
3.03791e-06
4.24923e-06
5.54408e-06
6.85463e-06
8.09931e-06
9.18455e-06
1.00079e-05
1.04603e-05
1.04358e-05
9.84617e-06
8.64345e-06
6.84802e-06
4.57735e-06
2.05115e-06
-5.54398e-06
-5.29063e-06
-4.95554e-06
-4.56438e-06
-4.1522e-06
-3.75087e-06
-3.37849e-06
-3.05126e-06
-2.77263e-06
-2.53822e-06
-2.33988e-06
-2.16427e-06
-1.99644e-06
-1.82204e-06
-1.62727e-06
-1.40156e-06
-1.13931e-06
-8.42382e-07
-5.28598e-07
-2.35743e-07
-1.86499e-08
5.60687e-08
-5.44636e-08
-2.53958e-07
-4.16241e-07
-4.67158e-07
-3.56319e-07
-5.96114e-08
4.20594e-07
1.09989e-06
1.96902e-06
2.98035e-06
4.0961e-06
5.26613e-06
6.42043e-06
7.47811e-06
8.34961e-06
8.94404e-06
9.17278e-06
8.96189e-06
8.26547e-06
7.08116e-06
5.46291e-06
3.52605e-06
1.43615e-06
-5.24361e-06
-5.03477e-06
-4.76196e-06
-4.43772e-06
-4.0841e-06
-3.72615e-06
-3.38274e-06
-3.06992e-06
-2.79479e-06
-2.55465e-06
-2.34758e-06
-2.1626e-06
-1.98562e-06
-1.80382e-06
-1.60426e-06
-1.3771e-06
-1.11738e-06
-8.25327e-07
-5.18969e-07
-2.33147e-07
-1.82175e-08
6.4764e-08
-2.50965e-08
-1.99277e-07
-3.38946e-07
-3.74448e-07
-2.56541e-07
3.04755e-08
4.91812e-07
1.14465e-06
1.95368e-06
2.88082e-06
3.88771e-06
4.91912e-06
5.90577e-06
6.77057e-06
7.43466e-06
7.82064e-06
7.86316e-06
7.51733e-06
6.76841e-06
5.63959e-06
4.19464e-06
2.53284e-06
7.75505e-07
-4.93666e-06
-4.7643e-06
-4.5422e-06
-4.27576e-06
-3.97787e-06
-3.66603e-06
-3.35716e-06
-3.06546e-06
-2.79997e-06
-2.56076e-06
-2.34828e-06
-2.15511e-06
-1.96962e-06
-1.78079e-06
-1.57661e-06
-1.34851e-06
-1.0928e-06
-8.07204e-07
-5.10334e-07
-2.33919e-07
-2.31503e-08
6.7066e-08
-1.59107e-09
-1.49411e-07
-2.66136e-07
-2.85783e-07
-1.66389e-07
1.09148e-07
5.53682e-07
1.15903e-06
1.89597e-06
2.72854e-06
3.61359e-06
4.49501e-06
5.3075e-06
5.98184e-06
6.45082e-06
6.65471e-06
6.54944e-06
6.11295e-06
5.35025e-06
4.29553e-06
3.00969e-06
1.57267e-06
7.25726e-08
-4.61692e-06
-4.47532e-06
-4.29493e-06
-4.07755e-06
-3.8301e-06
-3.5641e-06
-3.29247e-06
-3.02706e-06
-2.77566e-06
-2.54679e-06
-2.33373e-06
-2.13392e-06
-1.94384e-06
-1.74983e-06
-1.54268e-06
-1.31543e-06
-1.06364e-06
-7.89746e-07
-5.05966e-07
-2.40733e-07
-3.66068e-08
5.92049e-08
1.1722e-08
-1.09221e-07
-2.03782e-07
-2.09021e-07
-8.99561e-08
1.72392e-07
5.84647e-07
1.13169e-06
1.7863e-06
2.51209e-06
3.26379e-06
3.98735e-06
4.62429e-06
5.11654e-06
5.40951e-06
5.46046e-06
5.24315e-06
4.75131e-06
4.00036e-06
3.02637e-06
1.88194e-06
6.29078e-07
-6.68229e-07
-4.2789e-06
-4.164e-06
-4.01863e-06
-3.84291e-06
-3.64014e-06
-3.41739e-06
-3.18377e-06
-2.94848e-06
-2.71912e-06
-2.50116e-06
-2.29385e-06
-2.09564e-06
-1.9031e-06
-1.70756e-06
-1.50124e-06
-1.27818e-06
-1.03348e-06
-7.74767e-07
-5.07842e-07
-2.5744e-07
-6.29403e-08
3.60456e-08
8.80762e-09
-8.56357e-08
-1.59062e-07
-1.53363e-07
-3.752e-08
2.04224e-07
5.72345e-07
1.05084e-06
1.61197e-06
2.21928e-06
2.82984e-06
3.39154e-06
3.85912e-06
4.18281e-06
4.32226e-06
4.24939e-06
3.95104e-06
3.4304e-06
2.70675e-06
1.81315e-06
7.92455e-07
-3.08276e-07
-1.44241e-06
-3.91806e-06
-3.82703e-06
-3.71186e-06
-3.57194e-06
-3.40853e-06
-3.22564e-06
-3.02925e-06
-2.82603e-06
-2.62197e-06
-2.42149e-06
-2.22612e-06
-2.03519e-06
-1.84611e-06
-1.65399e-06
-1.45313e-06
-1.2388e-06
-1.00806e-06
-7.65735e-07
-5.18972e-07
-2.88816e-07
-1.0791e-07
-9.10477e-09
-1.83523e-08
-8.78812e-08
-1.42417e-07
-1.29988e-07
-2.35109e-08
1.88468e-07
5.02794e-07
9.0245e-07
1.35976e-06
1.83936e-06
2.30228e-06
2.71035e-06
3.01868e-06
3.19156e-06
3.20165e-06
3.03208e-06
2.6782e-06
2.1478e-06
1.46002e-06
6.42814e-07
-2.70245e-07
-1.24395e-06
-2.2442e-06
-3.53085e-06
-3.46196e-06
-3.37372e-06
-3.26535e-06
-3.137e-06
-2.99073e-06
-2.83022e-06
-2.6599e-06
-2.48422e-06
-2.30647e-06
-2.12897e-06
-1.95227e-06
-1.77298e-06
-1.59034e-06
-1.40183e-06
-1.2018e-06
-9.89592e-07
-7.6897e-07
-5.47466e-07
-3.42007e-07
-1.79051e-07
-8.47064e-08
-7.98184e-08
-1.27739e-07
-1.6721e-07
-1.53432e-07
-6.41223e-08
1.08664e-07
3.59975e-07
6.72315e-07
1.0187e-06
1.36928e-06
1.69083e-06
1.94986e-06
2.11401e-06
2.15762e-06
2.06285e-06
1.82072e-06
1.43154e-06
9.04579e-07
2.56674e-07
-4.89806e-07
-1.30931e-06
-2.17581e-06
-3.06435e-06
-3.11435e-06
-3.06712e-06
-3.00418e-06
-2.92483e-06
-2.82871e-06
-2.7167e-06
-2.59094e-06
-2.45419e-06
-2.30958e-06
-2.15979e-06
-2.00567e-06
-1.8463e-06
-1.68617e-06
-1.52455e-06
-1.35401e-06
-1.17416e-06
-9.86347e-07
-7.93465e-07
-6.02383e-07
-4.26303e-07
-2.86042e-07
-2.01343e-07
-1.87808e-07
-2.19365e-07
-2.4936e-07
-2.41172e-07
-1.76835e-07
-5.13448e-08
1.28692e-07
3.48893e-07
5.85522e-07
8.10695e-07
9.98059e-07
1.12275e-06
1.16253e-06
1.09991e-06
9.23823e-07
6.30185e-07
2.21718e-07
-2.92766e-07
-8.99501e-07
-1.58134e-06
-2.31931e-06
-3.09437e-06
-3.88831e-06
-2.66655e-06
-2.64206e-06
-2.6046e-06
-2.55366e-06
-2.48875e-06
-2.41014e-06
-2.31892e-06
-2.21669e-06
-2.1053e-06
-1.98578e-06
-1.86041e-06
-1.73136e-06
-1.59941e-06
-1.46296e-06
-1.31766e-06
-1.16625e-06
-1.00984e-06
-8.50871e-07
-6.95509e-07
-5.53582e-07
-4.40909e-07
-3.71945e-07
-3.56974e-07
-3.79167e-07
-4.07034e-07
-4.11596e-07
-3.78774e-07
-3.05254e-07
-1.97844e-07
-7.01912e-08
5.92832e-08
1.68652e-07
2.37487e-07
2.4815e-07
1.86085e-07
4.04366e-08
-1.95116e-07
-5.22035e-07
-9.37037e-07
-1.4327e-06
-1.99838e-06
-2.62132e-06
-3.28776e-06
-3.98394e-06
-4.69664e-06
-2.18814e-06
-2.18912e-06
-2.1792e-06
-2.15808e-06
-2.12538e-06
-2.08108e-06
-2.02568e-06
-1.96004e-06
-1.88527e-06
-1.80256e-06
-1.71411e-06
-1.62094e-06
-1.52197e-06
-1.41758e-06
-1.30744e-06
-1.19269e-06
-1.0747e-06
-9.55793e-07
-8.41271e-07
-7.38022e-07
-6.57391e-07
-6.10435e-07
-6.0304e-07
-6.25887e-07
-6.59762e-07
-6.82589e-07
-6.81159e-07
-6.6054e-07
-6.26267e-07
-5.86185e-07
-5.53174e-07
-5.43329e-07
-5.72032e-07
-6.51701e-07
-7.91431e-07
-9.97286e-07
-1.27246e-06
-1.6171e-06
-2.02831e-06
-2.50039e-06
-3.02552e-06
-3.5945e-06
-4.1975e-06
-4.82469e-06
-5.46657e-06
-1.68644e-06
-1.71718e-06
-1.73855e-06
-1.75053e-06
-1.75293e-06
-1.74575e-06
-1.72924e-06
-1.70394e-06
-1.67056e-06
-1.62999e-06
-1.58307e-06
-1.53038e-06
-1.47228e-06
-1.40939e-06
-1.34207e-06
-1.27109e-06
-1.198e-06
-1.12483e-06
-1.05554e-06
-9.95071e-07
-9.50587e-07
-9.29844e-07
-9.39631e-07
-9.74709e-07
-1.01874e-06
-1.05872e-06
-1.09337e-06
-1.1254e-06
-1.15588e-06
-1.18992e-06
-1.23626e-06
-1.3056e-06
-1.40852e-06
-1.55355e-06
-1.74645e-06
-1.9906e-06
-2.28738e-06
-2.63634e-06
-3.0351e-06
-3.47959e-06
-3.96433e-06
-4.48292e-06
-5.02851e-06
-5.59418e-06
-6.17314e-06
-1.17118e-06
-1.23825e-06
-1.29698e-06
-1.34756e-06
-1.39011e-06
-1.42474e-06
-1.45166e-06
-1.4712e-06
-1.48379e-06
-1.48994e-06
-1.49017e-06
-1.48501e-06
-1.47499e-06
-1.46062e-06
-1.44248e-06
-1.4213e-06
-1.39831e-06
-1.37522e-06
-1.35438e-06
-1.33951e-06
-1.33509e-06
-1.3456e-06
-1.37865e-06
-1.42668e-06
-1.48393e-06
-1.54638e-06
-1.61623e-06
-1.69117e-06
-1.77158e-06
-1.86143e-06
-1.96616e-06
-2.09202e-06
-2.24549e-06
-2.43212e-06
-2.65572e-06
-2.91831e-06
-3.22048e-06
-3.5617e-06
-3.94027e-06
-4.35339e-06
-4.79733e-06
-5.26773e-06
-5.75996e-06
-6.26928e-06
-6.79091e-06
-6.53397e-07
-7.65783e-07
-8.70602e-07
-9.67986e-07
-1.05822e-06
-1.14159e-06
-1.21832e-06
-1.28867e-06
-1.3529e-06
-1.41133e-06
-1.46433e-06
-1.51229e-06
-1.55563e-06
-1.59474e-06
-1.63013e-06
-1.66232e-06
-1.6922e-06
-1.72071e-06
-1.7494e-06
-1.78041e-06
-1.81642e-06
-1.86377e-06
-1.92536e-06
-1.98853e-06
-2.05625e-06
-2.13896e-06
-2.23334e-06
-2.3363e-06
-2.44888e-06
-2.57375e-06
-2.71382e-06
-2.87232e-06
-3.05294e-06
-3.25924e-06
-3.49387e-06
-3.75817e-06
-4.05225e-06
-4.3756e-06
-4.72717e-06
-5.10536e-06
-5.50781e-06
-5.93163e-06
-6.3737e-06
-6.83084e-06
-7.2998e-06
-2.16333e-07
-3.77297e-07
-5.30773e-07
-6.77054e-07
-8.16543e-07
-9.49573e-07
-1.07637e-06
-1.19712e-06
-1.31199e-06
-1.42117e-06
-1.5249e-06
-1.62342e-06
-1.717e-06
-1.80587e-06
-1.8903e-06
-1.97063e-06
-2.04717e-06
-2.12063e-06
-2.19171e-06
-2.26086e-06
-2.33028e-06
-2.3977e-06
-2.48748e-06
-2.56899e-06
-2.65562e-06
-2.75289e-06
-2.85962e-06
-2.97563e-06
-3.1023e-06
-3.24129e-06
-3.39417e-06
-3.56274e-06
-3.74937e-06
-3.95643e-06
-4.18572e-06
-4.4383e-06
-4.7144e-06
-5.01362e-06
-5.33517e-06
-5.67803e-06
-6.04089e-06
-6.42199e-06
-6.8193e-06
-7.23069e-06
-7.65394e-06
1.12832e-07
-9.38352e-08
-2.92848e-07
-4.84445e-07
-6.68978e-07
-8.46729e-07
-1.01787e-06
-1.18252e-06
-1.34077e-06
-1.49272e-06
-1.63849e-06
-1.77821e-06
-1.91199e-06
-2.03993e-06
-2.16216e-06
-2.27875e-06
-2.38997e-06
-2.4961e-06
-2.5978e-06
-2.69713e-06
-2.7958e-06
-2.90192e-06
-2.98689e-06
-3.08082e-06
-3.17848e-06
-3.28107e-06
-3.39079e-06
-3.50915e-06
-3.6373e-06
-3.77649e-06
-3.92811e-06
-4.09369e-06
-4.27504e-06
-4.47381e-06
-4.69104e-06
-4.92729e-06
-5.18288e-06
-5.45781e-06
-5.75173e-06
-6.06402e-06
-6.39382e-06
-6.74006e-06
-7.10141e-06
-7.47641e-06
-7.86354e-06
3.39629e-07
9.40073e-08
-1.43396e-07
-3.72759e-07
-5.94339e-07
-8.08325e-07
-1.01481e-06
-1.21384e-06
-1.40544e-06
-1.58963e-06
-1.76647e-06
-1.93599e-06
-2.09823e-06
-2.2532e-06
-2.40094e-06
-2.54149e-06
-2.67501e-06
-2.80175e-06
-2.92239e-06
-3.03811e-06
-3.14988e-06
-3.25971e-06
-3.36302e-06
-3.46457e-06
-3.565e-06
-3.66767e-06
-3.77581e-06
-3.89143e-06
-4.01593e-06
-4.15064e-06
-4.29697e-06
-4.45624e-06
-4.62976e-06
-4.81863e-06
-5.02373e-06
-5.24565e-06
-5.48471e-06
-5.74095e-06
-6.01419e-06
-6.30414e-06
-6.61036e-06
-6.93219e-06
-7.26873e-06
-7.61894e-06
-7.9817e-06
4.97294e-07
2.19604e-07
-4.90616e-08
-3.08795e-07
-5.59751e-07
-8.02026e-07
-1.03564e-06
-1.26059e-06
-1.47684e-06
-1.68438e-06
-1.88322e-06
-2.07335e-06
-2.25479e-06
-2.42754e-06
-2.59164e-06
-2.74714e-06
-2.89422e-06
-3.03313e-06
-3.16444e-06
-3.28888e-06
-3.40782e-06
-3.52362e-06
-3.63388e-06
-3.73808e-06
-3.83932e-06
-3.94169e-06
-4.04831e-06
-4.16121e-06
-4.28197e-06
-4.4121e-06
-4.55308e-06
-4.70619e-06
-4.87252e-06
-5.05296e-06
-5.2482e-06
-5.45876e-06
-5.68502e-06
-5.92723e-06
-6.18553e-06
-6.45983e-06
-6.74984e-06
-7.05507e-06
-7.37491e-06
-7.70862e-06
-8.05542e-06
6.08736e-07
3.05432e-07
1.20781e-08
-2.71351e-07
-5.44927e-07
-8.08669e-07
-1.06254e-06
-1.30646e-06
-1.5404e-06
-1.76432e-06
-1.97822e-06
-2.18209e-06
-2.37598e-06
-2.55991e-06
-2.73399e-06
-2.89834e-06
-3.05321e-06
-3.19887e-06
-3.336e-06
-3.46515e-06
-3.58841e-06
-3.7074e-06
-3.82013e-06
-3.92592e-06
-4.0281e-06
-4.13048e-06
-4.23592e-06
-4.3466e-06
-4.4644e-06
-4.59096e-06
-4.72768e-06
-4.87572e-06
-5.03606e-06
-5.20959e-06
-5.39709e-06
-5.5992e-06
-5.81645e-06
-6.04918e-06
-6.29754e-06
-6.56149e-06
-6.84088e-06
-7.13544e-06
-7.44478e-06
-7.7684e-06
-8.10573e-06
6.89739e-07
3.66293e-07
5.37297e-08
-2.47915e-07
-5.38637e-07
-8.18382e-07
-1.08706e-06
-1.34459e-06
-1.59092e-06
-1.82603e-06
-2.04993e-06
-2.26265e-06
-2.46428e-06
-2.65492e-06
-2.83474e-06
-3.00398e-06
-3.16297e-06
-3.31211e-06
-3.45159e-06
-3.58372e-06
-3.70908e-06
-3.82947e-06
-3.94341e-06
-4.05032e-06
-4.15327e-06
-4.25578e-06
-4.36061e-06
-4.47002e-06
-4.58592e-06
-4.70992e-06
-4.8434e-06
-4.98759e-06
-5.1436e-06
-5.31242e-06
-5.49486e-06
-5.6916e-06
-5.90313e-06
-6.1298e-06
-6.37185e-06
-6.62937e-06
-6.90237e-06
-7.19075e-06
-7.49427e-06
-7.81256e-06
-8.14519e-06
7.49941e-07
4.10769e-07
8.33788e-08
-2.32141e-07
-5.35725e-07
-8.27268e-07
-1.10666e-06
-1.37381e-06
-1.62868e-06
-1.87129e-06
-2.10167e-06
-2.31991e-06
-2.52614e-06
-2.72055e-06
-2.90341e-06
-3.07504e-06
-3.23596e-06
-3.3873e-06
-3.52756e-06
-3.66047e-06
-3.78652e-06
-3.90742e-06
-4.02185e-06
-4.12947e-06
-4.23312e-06
-4.33602e-06
-4.44073e-06
-4.54948e-06
-4.66418e-06
-4.78651e-06
-4.91795e-06
-5.05979e-06
-5.21318e-06
-5.37911e-06
-5.5584e-06
-5.75173e-06
-5.95967e-06
-6.18267e-06
-6.42106e-06
-6.67508e-06
-6.94481e-06
-7.23024e-06
-7.53124e-06
-7.84753e-06
-8.1788e-06
7.95095e-07
4.43631e-07
1.04787e-07
-2.21311e-07
-5.34548e-07
-8.34785e-07
-1.1219e-06
-1.39583e-06
-1.65655e-06
-1.90409e-06
-2.13857e-06
-2.3601e-06
-2.56889e-06
-2.7652e-06
-2.94937e-06
-3.12181e-06
-3.28294e-06
-3.43293e-06
-3.57525e-06
-3.70838e-06
-3.83444e-06
-3.9552e-06
-4.06962e-06
-4.17764e-06
-4.28187e-06
-4.38515e-06
-4.48991e-06
-4.59837e-06
-4.71247e-06
-4.83392e-06
-4.9642e-06
-5.10465e-06
-5.25642e-06
-5.42052e-06
-5.59786e-06
-5.78918e-06
-5.99513e-06
-6.21624e-06
-6.45291e-06
-6.70544e-06
-6.974e-06
-7.25865e-06
-7.55933e-06
-7.87586e-06
-8.20798e-06
8.28651e-07
4.6749e-07
1.19714e-07
-2.14523e-07
-5.35062e-07
-8.41744e-07
-1.13445e-06
-1.41314e-06
-1.67782e-06
-1.92857e-06
-2.16551e-06
-2.38886e-06
-2.59888e-06
-2.79589e-06
-2.98033e-06
-3.15267e-06
-3.31355e-06
-3.4637e-06
-3.60493e-06
-3.73742e-06
-3.86293e-06
-3.98306e-06
-4.09705e-06
-4.20514e-06
-4.30968e-06
-4.41319e-06
-4.51803e-06
-4.62639e-06
-4.74019e-06
-4.86113e-06
-4.9907e-06
-5.13026e-06
-5.28102e-06
-5.44405e-06
-5.62029e-06
-5.81058e-06
-6.01561e-06
-6.23597e-06
-6.47213e-06
-6.72445e-06
-6.99317e-06
-7.27841e-06
-7.58017e-06
-7.89835e-06
-8.23272e-06
8.52897e-07
4.83974e-07
1.2913e-07
-2.11448e-07
-5.37572e-07
-8.49074e-07
-1.14586e-06
-1.42789e-06
-1.69522e-06
-1.94797e-06
-2.18631e-06
-2.41049e-06
-2.62085e-06
-2.8178e-06
-3.00183e-06
-3.17352e-06
-3.33365e-06
-3.48303e-06
-3.62303e-06
-3.75448e-06
-3.87902e-06
-3.99813e-06
-4.11133e-06
-4.21915e-06
-4.32366e-06
-4.42719e-06
-4.53202e-06
-4.64027e-06
-4.75384e-06
-4.8744e-06
-5.00347e-06
-5.14245e-06
-5.29257e-06
-5.45496e-06
-5.63063e-06
-5.82044e-06
-6.02516e-06
-6.24545e-06
-6.48181e-06
-6.73468e-06
-7.00436e-06
-7.29101e-06
-7.59469e-06
-7.91534e-06
-8.25278e-06
8.69596e-07
4.94353e-07
1.33827e-07
-2.11769e-07
-5.42226e-07
-8.57382e-07
-1.15716e-06
-1.44155e-06
-1.71063e-06
-1.96455e-06
-2.20355e-06
-2.42792e-06
-2.63807e-06
-2.83445e-06
-3.01764e-06
-3.18831e-06
-3.34728e-06
-3.4954e-06
-3.63408e-06
-3.76422e-06
-3.88748e-06
-4.00525e-06
-4.11736e-06
-4.22459e-06
-4.32877e-06
-4.43208e-06
-4.53672e-06
-4.64476e-06
-4.75804e-06
-4.87823e-06
-5.00688e-06
-5.14539e-06
-5.29504e-06
-5.45701e-06
-5.63235e-06
-5.82198e-06
-6.02673e-06
-6.24729e-06
-6.48425e-06
-6.73809e-06
-7.00915e-06
-7.29765e-06
-7.60368e-06
-7.92722e-06
-8.26812e-06
8.80249e-07
4.99769e-07
1.34591e-07
-2.15049e-07
-5.4893e-07
-8.66902e-07
-1.1689e-06
-1.45496e-06
-1.72516e-06
-1.97972e-06
-2.21889e-06
-2.44303e-06
-2.65259e-06
-2.8481e-06
-3.0302e-06
-3.1996e-06
-3.35718e-06
-3.50386e-06
-3.64104e-06
-3.76968e-06
-3.89146e-06
-4.00768e-06
-4.11848e-06
-4.22484e-06
-4.32842e-06
-4.43127e-06
-4.53554e-06
-4.64322e-06
-4.75612e-06
-4.87589e-06
-5.00408e-06
-5.14213e-06
-5.29136e-06
-5.45298e-06
-5.62809e-06
-5.81766e-06
-6.02257e-06
-6.24357e-06
-6.48131e-06
-6.73629e-06
-7.00891e-06
-7.29943e-06
-7.60798e-06
-7.93456e-06
-8.27904e-06
8.86163e-07
5.01263e-07
1.32203e-07
-2.20759e-07
-5.57402e-07
-8.77588e-07
-1.18128e-06
-1.46851e-06
-1.73942e-06
-1.99424e-06
-2.23327e-06
-2.45692e-06
-2.66568e-06
-2.86014e-06
-3.04098e-06
-3.20899e-06
-3.36508e-06
-3.51024e-06
-3.64581e-06
-3.77283e-06
-3.893e-06
-4.00754e-06
-4.11686e-06
-4.22214e-06
-4.32491e-06
-4.42712e-06
-4.53086e-06
-4.63803e-06
-4.75042e-06
-4.86967e-06
-4.99735e-06
-5.13491e-06
-5.28369e-06
-5.44496e-06
-5.61984e-06
-5.80938e-06
-6.01448e-06
-6.23596e-06
-6.4745e-06
-6.73065e-06
-7.00485e-06
-7.2974e-06
-7.60846e-06
-7.93805e-06
-8.28607e-06
8.88454e-07
4.99762e-07
1.27407e-07
-2.28339e-07
-5.67257e-07
-8.89225e-07
-1.19422e-06
-1.4823e-06
-1.75363e-06
-2.00847e-06
-2.24717e-06
-2.47018e-06
-2.67802e-06
-2.87134e-06
-3.05087e-06
-3.21743e-06
-3.37199e-06
-3.51559e-06
-3.64951e-06
-3.77488e-06
-3.89338e-06
-4.00617e-06
-4.11392e-06
-4.21799e-06
-4.31979e-06
-4.42122e-06
-4.52428e-06
-4.63082e-06
-4.74259e-06
-4.86124e-06
-4.98832e-06
-5.12532e-06
-5.27362e-06
-5.43449e-06
-5.60912e-06
-5.79858e-06
-6.00385e-06
-6.22576e-06
-6.46505e-06
-6.72231e-06
-6.99803e-06
-7.29252e-06
-7.60597e-06
-7.93843e-06
-8.2898e-06
8.88062e-07
4.96069e-07
1.20873e-07
-2.37248e-07
-5.78079e-07
-9.0151e-07
-1.20753e-06
-1.49623e-06
-1.7678e-06
-2.02252e-06
-2.26078e-06
-2.48306e-06
-2.68994e-06
-2.88209e-06
-3.0603e-06
-3.22542e-06
-3.37846e-06
-3.5205e-06
-3.6528e-06
-3.77652e-06
-3.89334e-06
-4.00438e-06
-4.11052e-06
-4.21329e-06
-4.31404e-06
-4.41459e-06
-4.51687e-06
-4.62268e-06
-4.73375e-06
-4.85171e-06
-4.97814e-06
-5.11452e-06
-5.26227e-06
-5.42269e-06
-5.59702e-06
-5.78636e-06
-5.99172e-06
-6.21399e-06
-6.45395e-06
-6.71222e-06
-6.98932e-06
-7.28559e-06
-7.60127e-06
-7.9364e-06
-8.29089e-06
8.85766e-07
4.90875e-07
1.132e-07
-2.46974e-07
-5.8944e-07
-9.14098e-07
-1.22095e-06
-1.51012e-06
-1.7818e-06
-2.03631e-06
-2.27408e-06
-2.49561e-06
-2.70152e-06
-2.89252e-06
-3.06944e-06
-3.23317e-06
-3.38474e-06
-3.52526e-06
-3.656e-06
-3.77811e-06
-3.89331e-06
-4.00262e-06
-4.10716e-06
-4.2086e-06
-4.30825e-06
-4.40787e-06
-4.50931e-06
-4.61433e-06
-4.72464e-06
-4.84186e-06
-4.96758e-06
-5.10331e-06
-5.25047e-06
-5.4104e-06
-5.58437e-06
-5.77352e-06
-5.97891e-06
-6.20146e-06
-6.44197e-06
-6.70112e-06
-6.97945e-06
-7.27734e-06
-7.59503e-06
-7.93259e-06
-8.28995e-06
8.822e-07
4.84753e-07
1.04905e-07
-2.57057e-07
-6.00932e-07
-9.2663e-07
-1.23417e-06
-1.52369e-06
-1.7954e-06
-2.04967e-06
-2.28692e-06
-2.50771e-06
-2.71269e-06
-2.9026e-06
-3.07829e-06
-3.24069e-06
-3.39087e-06
-3.52996e-06
-3.65919e-06
-3.77982e-06
-3.89346e-06
-4.00112e-06
-4.1041e-06
-4.20423e-06
-4.30279e-06
-4.40145e-06
-4.50202e-06
-4.60623e-06
-4.71575e-06
-4.83221e-06
-4.9572e-06
-5.09224e-06
-5.23878e-06
-5.3982e-06
-5.57177e-06
-5.76069e-06
-5.96603e-06
-6.18877e-06
-6.42973e-06
-6.68964e-06
-6.96904e-06
-7.26836e-06
-7.58784e-06
-7.92759e-06
-8.28752e-06
8.77741e-07
4.78011e-07
9.62352e-08
-2.67303e-07
-6.12407e-07
-9.39e-07
-1.24711e-06
-1.53689e-06
-1.8086e-06
-2.06258e-06
-2.29932e-06
-2.5194e-06
-2.72348e-06
-2.91234e-06
-3.08687e-06
-3.24803e-06
-3.39689e-06
-3.53462e-06
-3.66242e-06
-3.7817e-06
-3.89384e-06
-3.99994e-06
-4.10141e-06
-4.20027e-06
-4.29774e-06
-4.39545e-06
-4.49515e-06
-4.59852e-06
-4.70724e-06
-4.82293e-06
-4.94718e-06
-5.08152e-06
-5.22743e-06
-5.38629e-06
-5.55944e-06
-5.74807e-06
-5.95332e-06
-6.17616e-06
-6.41749e-06
-6.67802e-06
-6.95836e-06
-7.25893e-06
-7.58002e-06
-7.92172e-06
-8.28397e-06
8.72385e-07
4.70493e-07
8.69006e-08
-2.78113e-07
-6.2436e-07
-9.5177e-07
-1.26039e-06
-1.55039e-06
-1.82203e-06
-2.07571e-06
-2.31192e-06
-2.53126e-06
-2.73444e-06
-2.92227e-06
-3.09565e-06
-3.25556e-06
-3.40312e-06
-3.5395e-06
-3.66592e-06
-3.78383e-06
-3.89451e-06
-3.99904e-06
-4.09899e-06
-4.19655e-06
-4.29291e-06
-4.38963e-06
-4.48841e-06
-4.59091e-06
-4.69878e-06
-4.81365e-06
-4.93712e-06
-5.07071e-06
-5.21593e-06
-5.37421e-06
-5.54687e-06
-5.73517e-06
-5.94025e-06
-6.16314e-06
-6.40475e-06
-6.66583e-06
-6.94701e-06
-7.24875e-06
-7.57133e-06
-7.91487e-06
-8.27933e-06
8.66703e-07
4.62751e-07
7.74106e-08
-2.89035e-07
-6.36396e-07
-9.64611e-07
-1.27374e-06
-1.56395e-06
-1.83555e-06
-2.08893e-06
-2.32463e-06
-2.54326e-06
-2.74557e-06
-2.93238e-06
-3.10464e-06
-3.26335e-06
-3.40964e-06
-3.54469e-06
-3.66973e-06
-3.7862e-06
-3.89537e-06
-3.9984e-06
-4.09685e-06
-4.19311e-06
-4.28837e-06
-4.38409e-06
-4.48194e-06
-4.58355e-06
-4.69056e-06
-4.80459e-06
-4.92725e-06
-5.06007e-06
-5.20459e-06
-5.36223e-06
-5.53438e-06
-5.72231e-06
-5.92719e-06
-6.15009e-06
-6.39194e-06
-6.65353e-06
-6.9355e-06
-7.23833e-06
-7.56234e-06
-7.90763e-06
-8.27419e-06
-7.14835e-06
-1.24162e-05
-1.27211e-05
-1.29258e-05
-1.34189e-05
-1.40906e-05
-1.48923e-05
-1.57932e-05
-1.67743e-05
-1.78234e-05
-1.89306e-05
-2.00868e-05
-2.12841e-05
-2.25165e-05
-2.37844e-05
-3.95886e-06
-9.22275e-06
-1.10393e-05
-1.20796e-05
-1.29695e-05
-1.38338e-05
-1.47372e-05
-1.56968e-05
-1.67134e-05
-1.77845e-05
-1.89051e-05
-2.00692e-05
-2.12708e-05
-2.25053e-05
-2.37736e-05
-1.96225e-06
-7.03353e-06
-9.70323e-06
-1.13029e-05
-1.25163e-05
-1.35674e-05
-1.45766e-05
-1.55982e-05
-1.66523e-05
-1.77462e-05
-1.88806e-05
-2.00527e-05
-2.12583e-05
-2.24944e-05
-2.37627e-05
-1.09434e-06
-5.61894e-06
-8.61444e-06
-1.05824e-05
-1.20609e-05
-1.32908e-05
-1.44104e-05
-1.54983e-05
-1.65925e-05
-1.77103e-05
-1.88587e-05
-2.00385e-05
-2.12477e-05
-2.24848e-05
-2.37523e-05
-7.40235e-07
-4.52659e-06
-7.5682e-06
-9.81286e-06
-1.15432e-05
-1.29634e-05
-1.4211e-05
-1.53795e-05
-1.65229e-05
-1.76702e-05
-1.88354e-05
-2.00241e-05
-2.12373e-05
-2.24751e-05
-2.37413e-05
-5.57568e-07
-3.732e-06
-6.62159e-06
-9.00981e-06
-1.09504e-05
-1.25612e-05
-1.39543e-05
-1.52224e-05
-1.643e-05
-1.76166e-05
-1.88047e-05
-2.00056e-05
-2.12243e-05
-2.24633e-05
-2.37279e-05
-5.43247e-07
-3.21954e-06
-5.85962e-06
-8.24975e-06
-1.03176e-05
-1.20889e-05
-1.36286e-05
-1.50106e-05
-1.62982e-05
-1.75371e-05
-1.87573e-05
-1.99764e-05
-2.12039e-05
-2.24459e-05
-2.37094e-05
-7.09e-07
-2.97432e-06
-5.32871e-06
-7.61048e-06
-9.70744e-06
-1.15802e-05
-1.32428e-05
-1.47379e-05
-1.61151e-05
-1.74185e-05
-1.86815e-05
-1.99268e-05
-2.11687e-05
-2.24168e-05
-2.36809e-05
-1.02714e-06
-2.95833e-06
-5.03223e-06
-7.1419e-06
-9.18282e-06
-1.10862e-05
-1.28272e-05
-1.44152e-05
-1.58789e-05
-1.72522e-05
-1.85664e-05
-1.98459e-05
-2.11086e-05
-2.23676e-05
-2.36352e-05
-1.46595e-06
-3.1275e-06
-4.94731e-06
-6.86043e-06
-8.78711e-06
-1.06562e-05
-1.24219e-05
-1.40679e-05
-1.56003e-05
-1.70383e-05
-1.84056e-05
-1.97246e-05
-2.10137e-05
-2.22883e-05
-2.35631e-05
-1.99917e-06
-3.4423e-06
-5.04064e-06
-6.75735e-06
-8.53827e-06
-1.03238e-05
-1.20636e-05
-1.37258e-05
-1.52985e-05
-1.67855e-05
-1.81996e-05
-1.95575e-05
-2.08755e-05
-2.21692e-05
-2.34542e-05
-2.60664e-06
-3.87073e-06
-5.27855e-06
-6.81093e-06
-8.43407e-06
-1.01042e-05
-1.17766e-05
-1.34143e-05
-1.4994e-05
-1.65063e-05
-1.79531e-05
-1.93429e-05
-2.06878e-05
-2.20012e-05
-2.32983e-05
-3.27173e-06
-4.38684e-06
-5.63076e-06
-6.99502e-06
-8.46027e-06
-9.99747e-06
-1.15719e-05
-1.31495e-05
-1.47023e-05
-1.62122e-05
-1.76715e-05
-1.90805e-05
-2.04452e-05
-2.17755e-05
-2.30841e-05
-3.9777e-06
-4.96698e-06
-6.06921e-06
-7.2821e-06
-8.59584e-06
-9.99294e-06
-1.14495e-05
-1.29381e-05
-1.44324e-05
-1.59107e-05
-1.73584e-05
-1.87688e-05
-2.01416e-05
-2.14818e-05
-2.27987e-05
-4.70482e-06
-5.58652e-06
-6.56551e-06
-7.64294e-06
-8.81489e-06
-1.0072e-05
-1.13997e-05
-1.27786e-05
-1.41873e-05
-1.56051e-05
-1.70148e-05
-1.84049e-05
-1.97696e-05
-2.11087e-05
-2.24272e-05
-5.42982e-06
-6.21846e-06
-7.08963e-06
-8.04611e-06
-9.08742e-06
-1.02096e-05
-1.14047e-05
-1.2661e-05
-1.39635e-05
-1.52953e-05
-1.66406e-05
-1.79859e-05
-1.93221e-05
-2.06448e-05
-2.19546e-05
-6.12695e-06
-6.83408e-06
-7.61019e-06
-8.45861e-06
-9.38068e-06
-1.03756e-05
-1.14402e-05
-1.25684e-05
-1.37513e-05
-1.49774e-05
-1.62344e-05
-1.75103e-05
-1.87952e-05
-2.00823e-05
-2.13686e-05
-6.76884e-06
-7.4036e-06
-8.09513e-06
-8.84674e-06
-9.66056e-06
-1.05376e-05
-1.14774e-05
-1.24781e-05
-1.35354e-05
-1.46433e-05
-1.57939e-05
-1.69787e-05
-1.81894e-05
-1.94196e-05
-2.06642e-05
-7.32785e-06
-7.8973e-06
-8.51288e-06
-9.17746e-06
-9.89339e-06
-1.06625e-05
-1.1486e-05
-1.23644e-05
-1.32971e-05
-1.42821e-05
-1.5316e-05
-1.63944e-05
-1.7512e-05
-1.86645e-05
-1.98463e-05
-7.78304e-06
-8.29329e-06
-8.84054e-06
-9.42713e-06
-1.00553e-05
-1.07272e-05
-1.14449e-05
-1.22102e-05
-1.30247e-05
-1.38894e-05
-1.48045e-05
-1.57695e-05
-1.67833e-05
-1.78429e-05
-1.8945e-05
-8.09112e-06
-8.55152e-06
-9.04207e-06
-9.5645e-06
-1.01208e-05
-1.07131e-05
-1.13437e-05
-1.20152e-05
-1.27301e-05
-1.34909e-05
-1.43003e-05
-1.51603e-05
-1.60738e-05
-1.70423e-05
-1.80644e-05
-8.26454e-06
-8.6864e-06
-9.13409e-06
-9.60889e-06
-1.01125e-05
-1.0647e-05
-1.12147e-05
-1.18181e-05
-1.24603e-05
-1.31443e-05
-1.38736e-05
-1.46521e-05
-1.54834e-05
-1.6372e-05
-1.73253e-05
-8.35849e-06
-8.75468e-06
-9.17411e-06
-9.61783e-06
-1.00874e-05
-1.05846e-05
-1.11116e-05
-1.16709e-05
-1.22654e-05
-1.28985e-05
-1.35739e-05
-1.42961e-05
-1.50701e-05
-1.59013e-05
-1.67936e-05
-8.41655e-06
-8.79629e-06
-9.19771e-06
-9.62176e-06
-1.00698e-05
-1.05434e-05
-1.10446e-05
-1.15756e-05
-1.21391e-05
-1.27381e-05
-1.33765e-05
-1.40586e-05
-1.47895e-05
-1.55733e-05
-1.6415e-05
-8.4578e-06
-8.82813e-06
-9.21922e-06
-9.63192e-06
-1.00674e-05
-1.05271e-05
-1.10126e-05
-1.1526e-05
-1.20695e-05
-1.26459e-05
-1.32586e-05
-1.39111e-05
-1.46093e-05
-1.53557e-05
-1.61561e-05
-8.49304e-06
-8.85902e-06
-9.24521e-06
-9.65235e-06
-1.00814e-05
-1.05337e-05
-1.10104e-05
-1.15132e-05
-1.20442e-05
-1.26058e-05
-1.32009e-05
-1.38332e-05
-1.45044e-05
-1.52206e-05
-1.59862e-05
-8.52579e-06
-8.89092e-06
-9.27593e-06
-9.68143e-06
-1.01083e-05
-1.05573e-05
-1.10298e-05
-1.15268e-05
-1.20502e-05
-1.26019e-05
-1.31841e-05
-1.37999e-05
-1.44516e-05
-1.51432e-05
-1.5879e-05
-8.55634e-06
-8.92294e-06
-9.3092e-06
-9.71564e-06
-1.01429e-05
-1.05916e-05
-1.10627e-05
-1.15571e-05
-1.20761e-05
-1.26212e-05
-1.31942e-05
-1.37976e-05
-1.44333e-05
-1.51043e-05
-1.58143e-05
-8.58385e-06
-8.95335e-06
-9.3424e-06
-9.75138e-06
-1.01807e-05
-1.06309e-05
-1.11025e-05
-1.15962e-05
-1.2113e-05
-1.26539e-05
-1.32204e-05
-1.3814e-05
-1.44364e-05
-1.50901e-05
-1.57778e-05
-8.60746e-06
-8.98069e-06
-9.3734e-06
-9.78586e-06
-1.02183e-05
-1.0671e-05
-1.11443e-05
-1.16386e-05
-1.21545e-05
-1.26928e-05
-1.32545e-05
-1.38405e-05
-1.44521e-05
-1.5091e-05
-1.57595e-05
-8.62673e-06
-9.0041e-06
-9.40093e-06
-9.81734e-06
-1.02534e-05
-1.07093e-05
-1.11849e-05
-1.16807e-05
-1.21967e-05
-1.27335e-05
-1.32918e-05
-1.38716e-05
-1.44743e-05
-1.51006e-05
-1.57525e-05
-8.6417e-06
-9.02332e-06
-9.4244e-06
-9.84496e-06
-1.02849e-05
-1.07442e-05
-1.12226e-05
-1.17202e-05
-1.22369e-05
-1.2773e-05
-1.33285e-05
-1.39037e-05
-1.44991e-05
-1.51148e-05
-1.57523e-05
-8.65269e-06
-9.03848e-06
-9.44378e-06
-9.86847e-06
-1.03123e-05
-1.07751e-05
-1.12565e-05
-1.17562e-05
-1.2274e-05
-1.28098e-05
-1.33633e-05
-1.39349e-05
-1.45242e-05
-1.51308e-05
-1.57558e-05
-8.6602e-06
-9.04998e-06
-9.45932e-06
-9.88798e-06
-1.03356e-05
-1.08018e-05
-1.12861e-05
-1.17881e-05
-1.23072e-05
-1.28431e-05
-1.33953e-05
-1.3964e-05
-1.45482e-05
-1.51469e-05
-1.5761e-05
-8.6648e-06
-9.05832e-06
-9.47145e-06
-9.90387e-06
-1.03551e-05
-1.08246e-05
-1.13118e-05
-1.1816e-05
-1.23365e-05
-1.28728e-05
-1.34241e-05
-1.39905e-05
-1.45701e-05
-1.51621e-05
-1.5767e-05
-8.66708e-06
-9.06403e-06
-9.48066e-06
-9.91656e-06
-1.03712e-05
-1.08438e-05
-1.13337e-05
-1.184e-05
-1.2362e-05
-1.28988e-05
-1.34495e-05
-1.40141e-05
-1.45897e-05
-1.5176e-05
-1.57731e-05
-8.66757e-06
-9.06764e-06
-9.48745e-06
-9.92654e-06
-1.03842e-05
-1.08597e-05
-1.13521e-05
-1.18605e-05
-1.2384e-05
-1.29213e-05
-1.34717e-05
-1.40346e-05
-1.46069e-05
-1.51885e-05
-1.57787e-05
-8.66668e-06
-9.06958e-06
-9.49232e-06
-9.93432e-06
-1.03948e-05
-1.08729e-05
-1.13677e-05
-1.1878e-05
-1.24028e-05
-1.29408e-05
-1.3491e-05
-1.40525e-05
-1.46221e-05
-1.51995e-05
-1.57839e-05
-8.66457e-06
-9.07021e-06
-9.49576e-06
-9.94058e-06
-1.04038e-05
-1.08845e-05
-1.13815e-05
-1.18937e-05
-1.24198e-05
-1.29586e-05
-1.35087e-05
-1.40689e-05
-1.46361e-05
-1.52098e-05
-1.57887e-05
-8.6618e-06
-9.06996e-06
-9.49809e-06
-9.94556e-06
-1.04114e-05
-1.08947e-05
-1.13941e-05
-1.19083e-05
-1.2436e-05
-1.29754e-05
-1.35255e-05
-1.40847e-05
-1.46496e-05
-1.52196e-05
-1.57932e-05
-5.87031e-07
-5.84406e-07
-5.82338e-07
-5.80513e-07
-5.78629e-07
-5.76366e-07
-5.73476e-07
-5.6983e-07
-5.65496e-07
-5.60693e-07
-5.55747e-07
-5.51032e-07
-5.46948e-07
-5.4389e-07
-5.42196e-07
-5.42078e-07
-5.43577e-07
-5.46469e-07
-5.5014e-07
-5.53415e-07
-5.54456e-07
-5.50672e-07
-5.36721e-07
-5.06044e-07
-4.53205e-07
-3.73025e-07
-2.6074e-07
-1.13004e-07
7.09562e-08
2.88407e-07
5.376e-07
8.12982e-07
1.09739e-06
1.37358e-06
1.62496e-06
1.83684e-06
1.99638e-06
2.096e-06
2.13579e-06
2.12385e-06
2.07496e-06
2.00744e-06
1.93963e-06
1.89246e-06
1.87911e-06
-5.91585e-07
-5.89605e-07
-5.87692e-07
-5.85241e-07
-5.81904e-07
-5.77547e-07
-5.72023e-07
-5.65279e-07
-5.57337e-07
-5.48315e-07
-5.38417e-07
-5.27896e-07
-5.1705e-07
-5.06194e-07
-4.95642e-07
-4.85682e-07
-4.76511e-07
-4.68157e-07
-4.60339e-07
-4.52275e-07
-4.42493e-07
-4.28496e-07
-4.05463e-07
-3.68147e-07
-3.11967e-07
-2.32211e-07
-1.24597e-07
1.38565e-08
1.84203e-07
3.85301e-07
6.12761e-07
8.55025e-07
1.10091e-06
1.33933e-06
1.55605e-06
1.73614e-06
1.86904e-06
1.95055e-06
1.98328e-06
1.97609e-06
1.94206e-06
1.89547e-06
1.84915e-06
1.81339e-06
1.79324e-06
-5.92578e-07
-5.92958e-07
-5.92375e-07
-5.90565e-07
-5.87405e-07
-5.82689e-07
-5.7632e-07
-5.68276e-07
-5.58601e-07
-5.4739e-07
-5.34795e-07
-5.21027e-07
-5.06352e-07
-4.91094e-07
-4.75641e-07
-4.60452e-07
-4.46056e-07
-4.33027e-07
-4.21908e-07
-4.13066e-07
-4.06487e-07
-4.01152e-07
-3.93076e-07
-3.7631e-07
-3.44459e-07
-2.9048e-07
-2.07688e-07
-9.09985e-08
6.21321e-08
2.51061e-07
4.72259e-07
7.15792e-07
9.68987e-07
1.21702e-06
1.4438e-06
1.63423e-06
1.77696e-06
1.86671e-06
1.90526e-06
1.90094e-06
1.8665e-06
1.81612e-06
1.76253e-06
1.71339e-06
1.67007e-06
-5.94228e-07
-5.98057e-07
-5.99401e-07
-5.98706e-07
-5.96037e-07
-5.91271e-07
-5.84337e-07
-5.75233e-07
-5.64015e-07
-5.50786e-07
-5.35699e-07
-5.18973e-07
-5.0091e-07
-4.81929e-07
-4.62615e-07
-4.43782e-07
-4.2656e-07
-4.12465e-07
-4.03439e-07
-4.018e-07
-4.09996e-07
-4.29476e-07
-4.56611e-07
-4.8237e-07
-4.96315e-07
-4.87073e-07
-4.43801e-07
-3.58781e-07
-2.2784e-07
-5.10495e-08
1.67254e-07
4.18456e-07
6.88634e-07
9.61071e-07
1.21732e-06
1.43955e-06
1.61334e-06
1.73032e-06
1.78974e-06
1.79828e-06
1.76818e-06
1.71438e-06
1.65113e-06
1.58623e-06
1.51862e-06
-5.9915e-07
-6.0677e-07
-6.10347e-07
-6.10971e-07
-6.09093e-07
-6.04627e-07
-5.97519e-07
-5.8779e-07
-5.75503e-07
-5.60765e-07
-5.43735e-07
-5.24655e-07
-5.03888e-07
-4.81995e-07
-4.59838e-07
-4.38728e-07
-4.20621e-07
-4.08346e-07
-4.05803e-07
-4.18038e-07
-4.50943e-07
-5.09526e-07
-5.90278e-07
-6.78436e-07
-7.57125e-07
-8.0859e-07
-8.16869e-07
-7.72979e-07
-6.72182e-07
-5.12914e-07
-2.97949e-07
-3.68369e-08
2.56766e-07
5.64561e-07
8.65515e-07
1.13811e-06
1.36326e-06
1.52753e-06
1.62554e-06
1.66077e-06
1.64426e-06
1.59195e-06
1.52069e-06
1.43987e-06
1.34755e-06
-6.09411e-07
-6.2057e-07
-6.26365e-07
-6.2844e-07
-6.27557e-07
-6.23665e-07
-6.16719e-07
-6.06759e-07
-5.93858e-07
-5.78119e-07
-5.59704e-07
-5.38875e-07
-5.16061e-07
-4.9198e-07
-4.67803e-07
-4.4541e-07
-4.27727e-07
-4.19148e-07
-4.25946e-07
-4.56499e-07
-5.20871e-07
-6.28508e-07
-7.75858e-07
-9.39569e-07
-1.09371e-06
-1.21378e-06
-1.28287e-06
-1.28961e-06
-1.22602e-06
-1.09107e-06
-8.83541e-07
-6.13281e-07
-2.94743e-07
5.29265e-08
4.06696e-07
7.41381e-07
1.03254e-06
1.26021e-06
1.41256e-06
1.48811e-06
1.49553e-06
1.45139e-06
1.37562e-06
1.27994e-06
1.16222e-06
-6.26288e-07
-6.40641e-07
-6.48532e-07
-6.52076e-07
-6.52285e-07
-6.49128e-07
-6.42566e-07
-6.32651e-07
-6.1945e-07
-6.03055e-07
-5.83615e-07
-5.61395e-07
-5.36875e-07
-5.10908e-07
-4.84963e-07
-4.61492e-07
-4.4443e-07
-4.39837e-07
-4.56589e-07
-5.06775e-07
-6.05043e-07
-7.65671e-07
-9.85024e-07
-1.22865e-06
-1.46106e-06
-1.65669e-06
-1.7967e-06
-1.86152e-06
-1.83747e-06
-1.72278e-06
-1.52402e-06
-1.24866e-06
-9.0966e-07
-5.25583e-07
-1.20188e-07
2.78688e-07
6.41643e-07
9.41756e-07
1.15943e-06
1.28649e-06
1.32758e-06
1.29892e-06
1.22319e-06
1.11465e-06
9.71242e-07
-6.50577e-07
-6.67745e-07
-6.77559e-07
-6.82527e-07
-6.83861e-07
-6.81528e-07
-6.75487e-07
-6.65783e-07
-6.52466e-07
-6.35597e-07
-6.1529e-07
-5.91783e-07
-5.65567e-07
-5.37583e-07
-5.09543e-07
-4.84408e-07
-4.67067e-07
-4.65219e-07
-4.90384e-07
-5.58595e-07
-6.89277e-07
-9.01441e-07
-1.1926e-06
-1.517e-06
-1.83011e-06
-2.09947e-06
-2.29853e-06
-2.40905e-06
-2.42183e-06
-2.33305e-06
-2.14832e-06
-1.87455e-06
-1.52364e-06
-1.11276e-06
-6.64853e-07
-2.08713e-07
2.22724e-07
5.96196e-07
8.83839e-07
1.06943e-06
1.15185e-06
1.14531e-06
1.07434e-06
9.55477e-07
7.86804e-07
-6.8254e-07
-7.02195e-07
-7.1377e-07
-7.20102e-07
-7.22557e-07
-7.21083e-07
-7.15619e-07
-7.06193e-07
-6.9282e-07
-6.75507e-07
-6.54305e-07
-6.29392e-07
-6.01217e-07
-5.70742e-07
-5.39832e-07
-5.11854e-07
-4.92525e-07
-4.91045e-07
-5.21473e-07
-6.03917e-07
-7.6257e-07
-1.01989e-06
-1.37703e-06
-1.77518e-06
-2.15961e-06
-2.49126e-06
-2.7411e-06
-2.89185e-06
-2.93596e-06
-2.87102e-06
-2.70186e-06
-2.43525e-06
-2.08172e-06
-1.65608e-06
-1.179e-06
-6.78256e-07
-1.88348e-07
2.52605e-07
6.08766e-07
8.55302e-07
9.83729e-07
1.00454e-06
9.42707e-07
8.16338e-07
6.23642e-07
-7.22073e-07
-7.43987e-07
-7.57197e-07
-7.6484e-07
-7.68392e-07
-7.67766e-07
-7.6287e-07
-7.53699e-07
-7.40215e-07
-7.22354e-07
-7.00078e-07
-6.73462e-07
-6.4286e-07
-6.09182e-07
-5.74347e-07
-5.41986e-07
-5.18485e-07
-5.14342e-07
-5.45914e-07
-6.37432e-07
-8.17853e-07
-1.11106e-06
-1.5248e-06
-1.98601e-06
-2.42962e-06
-2.81163e-06
-3.10186e-06
-3.2839e-06
-3.3519e-06
-3.30608e-06
-3.15183e-06
-2.89598e-06
-2.54741e-06
-2.11804e-06
-1.62517e-06
-1.09402e-06
-5.58626e-07
-6.00298e-08
3.58665e-07
6.64578e-07
8.4084e-07
8.92538e-07
8.43585e-07
7.12726e-07
4.98035e-07
-7.68861e-07
-7.92913e-07
-8.07684e-07
-8.16598e-07
-8.21212e-07
-8.21388e-07
-8.16992e-07
-8.07974e-07
-7.94233e-07
-7.75615e-07
-7.51966e-07
-7.23226e-07
-6.89604e-07
-6.51884e-07
-6.11936e-07
-5.73522e-07
-5.43502e-07
-5.33447e-07
-5.61582e-07
-6.55465e-07
-8.49787e-07
-1.17336e-06
-1.63042e-06
-2.14255e-06
-2.63275e-06
-3.05292e-06
-3.37216e-06
-3.57558e-06
-3.65976e-06
-3.62783e-06
-3.48637e-06
-3.24237e-06
-2.90316e-06
-2.47765e-06
-1.97936e-06
-1.43001e-06
-8.61515e-07
-3.15929e-07
1.56397e-07
5.17444e-07
7.41217e-07
8.25875e-07
7.92889e-07
6.60681e-07
4.26752e-07
-8.22485e-07
-8.48661e-07
-8.64972e-07
-8.75132e-07
-8.80765e-07
-8.81668e-07
-8.77655e-07
-8.68625e-07
-8.54405e-07
-8.34739e-07
-8.09339e-07
-7.77981e-07
-7.40684e-07
-6.98046e-07
-6.51801e-07
-6.05707e-07
-5.66928e-07
-5.47901e-07
-5.68481e-07
-6.58274e-07
-8.57501e-07
-1.20569e-06
-1.69458e-06
-2.24497e-06
-2.76971e-06
-3.21669e-06
-3.55462e-06
-3.77056e-06
-3.8639e-06
-3.8405e-06
-3.70841e-06
-3.47485e-06
-3.14576e-06
-2.72731e-06
-2.22942e-06
-1.67006e-06
-1.0779e-06
-4.93925e-07
2.18468e-08
4.32291e-07
7.02054e-07
8.20697e-07
8.06203e-07
6.75872e-07
4.26093e-07
-8.82515e-07
-9.10896e-07
-9.28772e-07
-9.40169e-07
-9.46769e-07
-9.48295e-07
-9.44504e-07
-9.35244e-07
-9.20263e-07
-8.99198e-07
-8.7162e-07
-8.37117e-07
-7.95483e-07
-7.47083e-07
-6.93442e-07
-6.38206e-07
-5.88689e-07
-5.57983e-07
-5.67407e-07
-6.48636e-07
-8.46868e-07
-1.20767e-06
-1.71942e-06
-2.29775e-06
-2.8466e-06
-3.31074e-06
-3.65882e-06
-3.87998e-06
-3.97635e-06
-3.95626e-06
-3.82914e-06
-3.6024e-06
-3.28083e-06
-2.86838e-06
-2.37201e-06
-1.8064e-06
-1.19696e-06
-5.80828e-07
-2.61755e-08
4.26293e-07
7.39343e-07
8.92068e-07
8.98048e-07
7.72843e-07
5.11055e-07
-9.48573e-07
-9.79319e-07
-9.98823e-07
-1.01146e-06
-1.01896e-06
-1.02097e-06
-1.0172e-06
-1.00744e-06
-9.91364e-07
-9.68508e-07
-9.38296e-07
-9.00119e-07
-8.53517e-07
-7.98589e-07
-7.36597e-07
-6.70985e-07
-6.09089e-07
-5.64477e-07
-5.5981e-07
-6.29279e-07
-8.20496e-07
-1.18377e-06
-1.71064e-06
-2.30813e-06
-2.87234e-06
-3.34586e-06
-3.69735e-06
-3.91789e-06
-4.01207e-06
-3.99025e-06
-3.86296e-06
-3.6377e-06
-3.31836e-06
-2.90733e-06
-2.40925e-06
-1.83627e-06
-1.2116e-06
-5.71334e-07
2.38985e-08
5.15321e-07
8.67374e-07
1.05318e-06
1.08117e-06
9.64345e-07
6.94635e-07
-1.02038e-06
-1.05371e-06
-1.07493e-06
-1.0888e-06
-1.09712e-06
-1.09945e-06
-1.09544e-06
-1.08486e-06
-1.06731e-06
-1.04223e-06
-1.00892e-06
-9.6656e-07
-9.14416e-07
-8.52296e-07
-7.81174e-07
-7.04208e-07
-6.28656e-07
-5.68399e-07
-5.4718e-07
-6.01485e-07
-7.81201e-07
-1.1406e-06
-1.67503e-06
-2.28437e-06
-2.85676e-06
-3.33352e-06
-3.68319e-06
-3.89852e-06
-3.98604e-06
-3.95764e-06
-3.82455e-06
-3.59422e-06
-3.2699e-06
-2.85325e-06
-2.34687e-06
-1.76171e-06
-1.11865e-06
-4.55922e-07
1.78121e-07
7.07207e-07
1.09584e-06
1.31441e-06
1.36605e-06
1.26095e-06
9.87438e-07
-1.09777e-06
-1.13395e-06
-1.157e-06
-1.17209e-06
-1.1811e-06
-1.18352e-06
-1.17896e-06
-1.16717e-06
-1.14771e-06
-1.11996e-06
-1.08307e-06
-1.03607e-06
-9.77882e-07
-9.08023e-07
-8.27187e-07
-7.38155e-07
-6.48031e-07
-5.70884e-07
-5.31292e-07
-5.67695e-07
-7.32465e-07
-1.08352e-06
-1.61992e-06
-2.23346e-06
-2.80905e-06
-3.28448e-06
-3.62839e-06
-3.83484e-06
-3.91181e-06
-3.87215e-06
-3.7274e-06
-3.48484e-06
-3.1473e-06
-2.71565e-06
-2.19253e-06
-1.58833e-06
-9.18236e-07
-2.29721e-07
4.38851e-07
1.00778e-06
1.43235e-06
1.68405e-06
1.76095e-06
1.67095e-06
1.3976e-06
-1.18074e-06
-1.22006e-06
-1.24504e-06
-1.26129e-06
-1.27083e-06
-1.27304e-06
-1.26753e-06
-1.25407e-06
-1.23222e-06
-1.20128e-06
-1.16033e-06
-1.1083e-06
-1.04367e-06
-9.65626e-07
-8.74689e-07
-7.73139e-07
-6.67871e-07
-5.73046e-07
-5.13876e-07
-5.30469e-07
-6.77739e-07
-1.01677e-06
-1.55009e-06
-2.16346e-06
-2.73783e-06
-3.2083e-06
-3.54337e-06
-3.73795e-06
-3.8009e-06
-3.74551e-06
-3.58323e-06
-3.32098e-06
-2.96126e-06
-2.50473e-06
-1.95401e-06
-1.31858e-06
-6.19182e-07
1.0482e-07
8.08e-07
1.41883e-06
1.88242e-06
2.16818e-06
2.27167e-06
2.20019e-06
1.93046e-06
-1.26939e-06
-1.31218e-06
-1.33918e-06
-1.3565e-06
-1.36629e-06
-1.36789e-06
-1.36094e-06
-1.34526e-06
-1.32044e-06
-1.28577e-06
-1.24026e-06
-1.18284e-06
-1.11154e-06
-1.02495e-06
-9.23715e-07
-8.09445e-07
-6.88772e-07
-5.75889e-07
-4.96383e-07
-4.92086e-07
-6.19972e-07
-9.44226e-07
-1.47068e-06
-2.08037e-06
-2.65015e-06
-3.11289e-06
-3.43671e-06
-3.61692e-06
-3.66276e-06
-3.58743e-06
-3.40194e-06
-3.11264e-06
-2.72179e-06
-2.23017e-06
-1.64103e-06
-9.64803e-07
-2.23858e-07
5.43926e-07
1.2868e-06
1.94024e-06
2.44618e-06
2.76953e-06
2.90131e-06
2.85242e-06
2.58828e-06
-1.36403e-06
-1.4106e-06
-1.43967e-06
-1.45787e-06
-1.46756e-06
-1.46802e-06
-1.45898e-06
-1.4404e-06
-1.41196e-06
-1.37298e-06
-1.32244e-06
-1.25925e-06
-1.18098e-06
-1.08583e-06
-9.74245e-07
-8.47272e-07
-7.11207e-07
-5.80224e-07
-4.80098e-07
-4.54275e-07
-5.61604e-07
-8.69135e-07
-1.3859e-06
-1.98908e-06
-2.5517e-06
-3.00459e-06
-3.31525e-06
-3.47901e-06
-3.50496e-06
-3.4058e-06
-3.19174e-06
-2.86844e-06
-2.43787e-06
-1.90119e-06
-1.26277e-06
-5.34717e-07
2.58932e-07
1.0792e-06
1.87215e-06
2.5732e-06
3.12204e-06
3.48723e-06
3.65028e-06
3.62951e-06
3.37136e-06
-1.46511e-06
-1.51577e-06
-1.5469e-06
-1.5657e-06
-1.57474e-06
-1.57335e-06
-1.56142e-06
-1.53912e-06
-1.5063e-06
-1.46239e-06
-1.40642e-06
-1.33696e-06
-1.25139e-06
-1.148e-06
-1.02616e-06
-8.86697e-07
-7.35495e-07
-5.86501e-07
-4.66098e-07
-4.18404e-07
-5.04545e-07
-7.9403e-07
-1.29901e-06
-1.89348e-06
-2.44698e-06
-2.88836e-06
-3.18433e-06
-3.32985e-06
-3.33346e-06
-3.20693e-06
-2.95944e-06
-2.59574e-06
-2.11749e-06
-1.52639e-06
-8.28218e-07
-3.7144e-08
8.20502e-07
1.70361e-06
2.55634e-06
3.31234e-06
3.90917e-06
4.31812e-06
4.51778e-06
4.52325e-06
4.28345e-06
-1.57324e-06
-1.62832e-06
-1.66142e-06
-1.68035e-06
-1.68801e-06
-1.68383e-06
-1.66797e-06
-1.64093e-06
-1.60284e-06
-1.55331e-06
-1.49136e-06
-1.41534e-06
-1.32253e-06
-1.21099e-06
-1.07919e-06
-9.27646e-07
-7.61779e-07
-5.95259e-07
-4.5487e-07
-3.85485e-07
-4.50197e-07
-7.20803e-07
-1.21247e-06
-1.79655e-06
-2.3394e-06
-2.76798e-06
-3.04799e-06
-3.17376e-06
-3.15288e-06
-2.99591e-06
-2.71067e-06
-2.3009e-06
-1.76788e-06
-1.11388e-06
-3.46224e-07
5.1855e-07
1.45134e-06
2.40817e-06
3.33068e-06
4.15098e-06
4.80265e-06
5.25602e-06
5.4953e-06
5.52481e-06
5.32207e-06
-1.68927e-06
-1.74906e-06
-1.78389e-06
-1.80229e-06
-1.80756e-06
-1.79936e-06
-1.77828e-06
-1.74527e-06
-1.70086e-06
-1.6449e-06
-1.57644e-06
-1.49367e-06
-1.39379e-06
-1.27424e-06
-1.13293e-06
-9.69891e-07
-7.89972e-07
-6.06673e-07
-4.46816e-07
-3.56173e-07
-3.99522e-07
-6.50794e-07
-1.12804e-06
-1.70047e-06
-2.23149e-06
-2.64622e-06
-2.90927e-06
-3.01401e-06
-2.96683e-06
-2.77678e-06
-2.45014e-06
-1.98946e-06
-1.39559e-06
-6.71302e-07
1.74464e-07
1.12271e-06
2.14124e-06
3.18273e-06
4.18572e-06
5.07978e-06
5.79339e-06
6.29573e-06
6.57868e-06
6.63559e-06
6.47373e-06
-1.81427e-06
-1.87902e-06
-1.91519e-06
-1.93207e-06
-1.9336e-06
-1.91979e-06
-1.89186e-06
-1.85144e-06
-1.79954e-06
-1.7363e-06
-1.66082e-06
-1.57117e-06
-1.46432e-06
-1.33711e-06
-1.18688e-06
-1.01305e-06
-8.19907e-07
-6.20637e-07
-4.4209e-07
-3.30815e-07
-3.53108e-07
-5.84892e-07
-1.04696e-06
-1.60679e-06
-2.12505e-06
-2.52513e-06
-2.77039e-06
-2.85308e-06
-2.77811e-06
-2.55282e-06
-2.1818e-06
-1.6663e-06
-1.00661e-06
-2.05966e-07
7.25202e-07
1.76543e-06
2.87934e-06
4.01598e-06
5.11028e-06
6.08846e-06
6.87214e-06
7.43011e-06
7.76521e-06
7.85847e-06
7.73325e-06
-1.94959e-06
-2.01951e-06
-2.05634e-06
-2.07035e-06
-2.0663e-06
-2.04487e-06
-2.00814e-06
-1.95862e-06
-1.89791e-06
-1.82652e-06
-1.74356e-06
-1.64693e-06
-1.53328e-06
-1.39889e-06
-1.24041e-06
-1.05664e-06
-8.51205e-07
-6.36925e-07
-4.40618e-07
-3.09501e-07
-3.11242e-07
-5.23616e-07
-9.70013e-07
-1.51654e-06
-2.02133e-06
-2.40613e-06
-2.63297e-06
-2.6928e-06
-2.5889e-06
-2.32672e-06
-1.90905e-06
-1.33575e-06
-6.06506e-07
2.75153e-07
1.29745e-06
2.43663e-06
3.65422e-06
4.89556e-06
6.09159e-06
7.16446e-06
8.02865e-06
8.647e-06
9.03857e-06
9.17713e-06
9.09876e-06
-2.09693e-06
-2.17213e-06
-2.20861e-06
-2.21783e-06
-2.2058e-06
-2.17422e-06
-2.12636e-06
-2.06584e-06
-1.99489e-06
-1.91447e-06
-1.82363e-06
-1.72e-06
-1.59986e-06
-1.45883e-06
-1.29288e-06
-1.10009e-06
-8.83387e-07
-6.55176e-07
-4.42154e-07
-2.92119e-07
-2.73969e-07
-4.67198e-07
-8.97645e-07
-1.43037e-06
-1.92117e-06
-2.29023e-06
-2.49818e-06
-2.53456e-06
-2.4009e-06
-2.10068e-06
-1.63481e-06
-1.00172e-06
-2.0042e-07
7.65377e-07
1.88279e-06
3.12608e-06
4.45395e-06
5.80817e-06
7.11527e-06
8.29255e-06
9.25045e-06
9.93756e-06
1.03874e-05
1.05764e-05
1.05507e-05
-2.25846e-06
-2.33888e-06
-2.37345e-06
-2.37527e-06
-2.35214e-06
-2.30725e-06
-2.24563e-06
-2.17194e-06
-2.08937e-06
-1.99907e-06
-1.9e-06
-1.78947e-06
-1.66321e-06
-1.51619e-06
-1.3436e-06
-1.14279e-06
-9.15915e-07
-6.74929e-07
-4.46327e-07
-2.78405e-07
-2.41154e-07
-4.15657e-07
-8.30063e-07
-1.34867e-06
-1.8251e-06
-2.17811e-06
-2.36687e-06
-2.37943e-06
-2.2155e-06
-1.87654e-06
-1.3616e-06
-6.67701e-07
2.06877e-07
1.25836e-06
2.47302e-06
3.82355e-06
5.26629e-06
6.73981e-06
8.16596e-06
9.456e-06
1.05202e-05
1.12935e-05
1.1802e-05
1.20497e-05
1.20818e-05
-2.43695e-06
-2.52226e-06
-2.5526e-06
-2.54341e-06
-2.50517e-06
-2.44321e-06
-2.36479e-06
-2.27572e-06
-2.18013e-06
-2.07919e-06
-1.97171e-06
-1.85447e-06
-1.72259e-06
-1.57029e-06
-1.39195e-06
-1.18413e-06
-9.48233e-07
-6.95671e-07
-4.52688e-07
-2.67993e-07
-2.12532e-07
-3.68858e-07
-7.67289e-07
-1.2716e-06
-1.73345e-06
-2.07021e-06
-2.23962e-06
-2.22819e-06
-2.03378e-06
-1.65586e-06
-1.09166e-06
-3.36831e-07
6.10999e-07
1.74811e-06
3.06022e-06
4.51891e-06
6.07885e-06
7.67604e-06
9.22822e-06
1.06405e-05
1.18193e-05
1.26949e-05
1.32706e-05
1.35851e-05
1.36838e-05
-2.636e-06
-2.72534e-06
-2.74801e-06
-2.72297e-06
-2.66454e-06
-2.58117e-06
-2.48249e-06
-2.37589e-06
-2.26595e-06
-2.15382e-06
-2.0379e-06
-1.91429e-06
-1.77736e-06
-1.62055e-06
-1.43737e-06
-1.2236e-06
-9.79808e-07
-7.16889e-07
-4.60758e-07
-2.60454e-07
-1.87756e-07
-3.26562e-07
-7.0922e-07
-1.19919e-06
-1.64637e-06
-1.96682e-06
-2.11687e-06
-2.08145e-06
-1.85663e-06
-1.43994e-06
-8.26884e-07
-1.19058e-08
1.00796e-06
2.22909e-06
3.63689e-06
5.20236e-06
6.87924e-06
8.602e-06
1.02853e-05
1.18286e-05
1.31322e-05
1.41202e-05
1.47773e-05
1.51682e-05
1.53451e-05
-2.86032e-06
-2.95191e-06
-2.96184e-06
-2.91444e-06
-2.82967e-06
-2.71989e-06
-2.59731e-06
-2.47102e-06
-2.34567e-06
-2.22204e-06
-2.09784e-06
-1.96834e-06
-1.82704e-06
-1.66651e-06
-1.47942e-06
-1.26071e-06
-1.01017e-06
-7.38097e-07
-4.70058e-07
-2.55342e-07
-1.66436e-07
-2.88465e-07
-6.55668e-07
-1.13139e-06
-1.56391e-06
-1.86809e-06
-1.99889e-06
-1.93967e-06
-1.68476e-06
-1.22987e-06
-5.68944e-07
3.04625e-07
1.39421e-06
2.69627e-06
4.19609e-06
5.86456e-06
7.65535e-06
9.50255e-06
1.13191e-05
1.30001e-05
1.44379e-05
1.55493e-05
1.63063e-05
1.67837e-05
1.70545e-05
-3.1163e-06
-3.20665e-06
-3.19638e-06
-3.11802e-06
-2.99955e-06
-2.85766e-06
-2.70773e-06
-2.55984e-06
-2.41831e-06
-2.28315e-06
-2.15106e-06
-2.01627e-06
-1.87133e-06
-1.70791e-06
-1.5178e-06
-1.29515e-06
-1.03893e-06
-7.5887e-07
-4.80144e-07
-2.52216e-07
-1.48167e-07
-2.54227e-07
-6.06396e-07
-1.06804e-06
-1.48603e-06
-1.77411e-06
-1.88588e-06
-1.8032e-06
-1.51875e-06
-1.02656e-06
-3.19233e-07
6.10661e-07
1.76668e-06
3.14524e-06
4.7316e-06
6.49692e-06
8.39564e-06
1.03628e-05
1.23113e-05
1.41334e-05
1.57139e-05
1.69601e-05
1.78359e-05
1.84154e-05
1.88016e-05
-3.41269e-06
-3.49519e-06
-3.45401e-06
-3.33323e-06
-3.17245e-06
-2.99274e-06
-2.81216e-06
-2.64118e-06
-2.48311e-06
-2.3367e-06
-2.19728e-06
-2.05793e-06
-1.91011e-06
-1.74461e-06
-1.55233e-06
-1.32666e-06
-1.06579e-06
-7.78859e-07
-4.90624e-07
-2.50666e-07
-1.32553e-07
-2.235e-07
-5.61136e-07
-1.00899e-06
-1.41265e-06
-1.68486e-06
-1.77794e-06
-1.67227e-06
-1.35904e-06
-8.30747e-07
-7.89048e-08
9.04457e-07
2.12277e-06
3.57224e-06
5.23803e-06
7.09183e-06
9.0895e-06
1.11683e-05
1.32432e-05
1.5206e-05
1.69357e-05
1.83293e-05
1.93397e-05
2.00429e-05
2.05753e-05
-3.7618e-06
-3.82418e-06
-3.73694e-06
-3.55856e-06
-3.34621e-06
-3.12303e-06
-2.90909e-06
-2.71409e-06
-2.5396e-06
-2.38251e-06
-2.23653e-06
-2.09338e-06
-1.94347e-06
-1.77665e-06
-1.583e-06
-1.35515e-06
-1.09056e-06
-7.97796e-07
-5.01171e-07
-2.50329e-07
-1.19224e-07
-1.95941e-07
-5.19606e-07
-9.54011e-07
-1.34364e-06
-1.60031e-06
-1.67511e-06
-1.54705e-06
-1.20595e-06
-6.43002e-07
1.51127e-07
1.18462e-06
2.46043e-06
3.97426e-06
5.71099e-06
7.64287e-06
9.72763e-06
1.19058e-05
1.40966e-05
1.61944e-05
1.80755e-05
1.96279e-05
2.07891e-05
2.16417e-05
2.23648e-05
-4.18114e-06
-4.20061e-06
-4.04303e-06
-3.79457e-06
-3.5183e-06
-3.24633e-06
-2.99717e-06
-2.77796e-06
-2.58764e-06
-2.42072e-06
-2.26904e-06
-2.12292e-06
-1.97164e-06
-1.8042e-06
-1.60988e-06
-1.38061e-06
-1.11315e-06
-8.15496e-07
-5.11527e-07
-2.50892e-07
-1.07844e-07
-1.71224e-07
-4.81527e-07
-9.02898e-07
-1.27884e-06
-1.52037e-06
-1.57738e-06
-1.42762e-06
-1.05971e-06
-4.63745e-07
3.7018e-07
1.4501e-06
2.7781e-06
4.34902e-06
6.14712e-06
8.145e-06
1.03024e-05
1.25639e-05
1.48544e-05
1.70747e-05
1.91022e-05
2.08205e-05
2.21494e-05
2.31819e-05
2.41611e-05
-4.69604e-06
-4.6322e-06
-4.37368e-06
-4.03498e-06
-3.68509e-06
-3.36048e-06
-3.07535e-06
-2.83257e-06
-2.62747e-06
-2.45176e-06
-2.29531e-06
-2.14699e-06
-1.99502e-06
-1.82757e-06
-1.63317e-06
-1.40314e-06
-1.13354e-06
-8.31852e-07
-5.21499e-07
-2.52098e-07
-9.81176e-08
-1.49045e-07
-4.46626e-07
-8.55421e-07
-1.2181e-06
-1.44492e-06
-1.48471e-06
-1.31402e-06
-9.20466e-07
-2.93258e-07
5.77786e-07
1.7002e-06
3.07476e-06
4.69503e-06
6.54418e-06
8.59473e-06
1.0808e-05
1.31329e-05
1.55015e-05
1.78235e-05
1.9983e-05
2.18657e-05
2.33753e-05
2.46225e-05
2.59568e-05
-5.34231e-06
-5.12147e-06
-4.7261e-06
-4.27479e-06
-3.84267e-06
-3.46349e-06
-3.14305e-06
-2.87812e-06
-2.65966e-06
-2.47634e-06
-2.31602e-06
-2.16619e-06
-2.01409e-06
-1.84712e-06
-1.65315e-06
-1.42288e-06
-1.15179e-06
-8.46814e-07
-5.30952e-07
-2.53738e-07
-8.97876e-08
-1.29129e-07
-4.14642e-07
-8.11355e-07
-1.16122e-06
-1.37383e-06
-1.397e-06
-1.20624e-06
-7.88288e-07
-1.31723e-07
7.73638e-07
1.93447e-06
3.34978e-06
5.01144e-06
6.90092e-06
8.98999e-06
1.12409e-05
1.36062e-05
1.60253e-05
1.84191e-05
2.06835e-05
2.27154e-05
2.44075e-05
2.59029e-05
2.7739e-05
-6.1693e-06
-5.66398e-06
-5.08835e-06
-4.50687e-06
-3.98676e-06
-3.55367e-06
-3.20015e-06
-2.91523e-06
-2.68507e-06
-2.49532e-06
-2.33196e-06
-2.18121e-06
-2.02941e-06
-1.8633e-06
-1.67011e-06
-1.44004e-06
-1.16799e-06
-8.60378e-07
-5.39789e-07
-2.55643e-07
-8.26331e-08
-1.1123e-07
-3.8533e-07
-7.70469e-07
-1.108e-06
-1.30692e-06
-1.31414e-06
-1.1042e-06
-6.63186e-07
2.07615e-08
9.57545e-07
2.15262e-06
3.60281e-06
5.29779e-06
7.21675e-06
9.32981e-06
1.15991e-05
1.39794e-05
1.64164e-05
1.88425e-05
2.1169e-05
2.33139e-05
2.51668e-05
2.69276e-05
2.9472e-05
-7.22245e-06
-6.25119e-06
-5.44419e-06
-4.72168e-06
-4.113e-06
-3.62985e-06
-3.24705e-06
-2.94489e-06
-2.70483e-06
-2.50978e-06
-2.34405e-06
-2.19282e-06
-2.04163e-06
-1.87661e-06
-1.68448e-06
-1.45491e-06
-1.18231e-06
-8.72609e-07
-5.47971e-07
-2.57686e-07
-7.64676e-08
-9.5129e-08
-3.58467e-07
-7.32553e-07
-1.05823e-06
-1.244e-06
-1.23593e-06
-1.00773e-06
-5.44986e-07
1.64369e-07
1.1297e-06
2.3549e-06
3.83418e-06
5.55457e-06
7.49227e-06
9.61486e-06
1.18828e-05
1.42513e-05
1.66695e-05
1.9079e-05
2.14066e-05
2.35998e-05
2.55533e-05
2.75614e-05
3.1097e-05
-8.60512e-06
-6.86657e-06
-5.77073e-06
-4.90909e-06
-4.21887e-06
-3.69271e-06
-3.28551e-06
-2.96894e-06
-2.72054e-06
-2.521e-06
-2.35333e-06
-2.20183e-06
-2.05139e-06
-1.8876e-06
-1.69669e-06
-1.46787e-06
-1.19507e-06
-8.83728e-07
-5.55611e-07
-2.59863e-07
-7.11667e-08
-8.06311e-08
-3.33863e-07
-6.97459e-07
-1.01182e-06
-1.18496e-06
-1.16219e-06
-9.16499e-07
-4.33141e-07
2.99974e-07
1.29144e-06
2.54327e-06
4.04664e-06
5.78553e-06
7.73247e-06
9.85142e-06
1.20997e-05
1.44301e-05
1.67912e-05
1.91282e-05
2.13774e-05
2.35145e-05
2.54502e-05
2.7645e-05
3.2608e-05
-1.04378e-05
-7.47721e-06
-6.03495e-06
-5.06007e-06
-4.30644e-06
-3.74655e-06
-3.31951e-06
-2.99043e-06
-2.73425e-06
-2.53022e-06
-2.36044e-06
-2.2085e-06
-2.05872e-06
-1.8962e-06
-1.70668e-06
-1.47892e-06
-1.20635e-06
-8.93908e-07
-5.62891e-07
-2.62281e-07
-6.66963e-08
-6.75678e-08
-3.11345e-07
-6.65145e-07
-9.68867e-07
-1.13003e-06
-1.09319e-06
-8.3073e-07
-3.2768e-07
4.27939e-07
1.4438e-06
2.71981e-06
4.24388e-06
5.99658e-06
7.94616e-06
1.0052e-05
1.22667e-05
1.4538e-05
1.68091e-05
1.90199e-05
2.1099e-05
2.30237e-05
2.47018e-05
2.68706e-05
3.36254e-05
-1.19924e-05
-7.87e-06
-6.17515e-06
-5.15518e-06
-4.37155e-06
-3.79017e-06
-3.34832e-06
-3.00864e-06
-2.74525e-06
-2.53676e-06
-2.36468e-06
-2.21208e-06
-2.0628e-06
-1.90149e-06
-1.71342e-06
-1.48696e-06
-1.21506e-06
-9.02156e-07
-5.69131e-07
-2.64476e-07
-6.28219e-08
-5.569e-08
-2.90438e-07
-6.34903e-07
-9.28697e-07
-1.07895e-06
-1.02958e-06
-7.52438e-07
-2.32487e-07
5.42042e-07
1.57785e-06
2.87272e-06
4.41126e-06
6.17065e-06
8.1147e-06
1.01978e-05
1.23668e-05
1.45621e-05
1.67176e-05
1.87591e-05
2.05814e-05
2.21008e-05
2.31177e-05
2.43537e-05
3.05976e-05
)
;

boundaryField
{
    inlet
    {
        type            uniformJump;
        patchType       cyclic;
        jump            uniform -2.5e-05;
        value           nonuniform List<scalar> 
40
(
6.07794e-07
6.18883e-07
6.30283e-07
6.41503e-07
6.53798e-07
6.68746e-07
6.88991e-07
7.19064e-07
7.65775e-07
8.38002e-07
9.45868e-07
1.10007e-06
1.31225e-06
1.59601e-06
1.96718e-06
2.4424e-06
3.03557e-06
3.75248e-06
4.58872e-06
5.51892e-06
6.4293e-06
7.19304e-06
7.7513e-06
8.15302e-06
8.43185e-06
8.61934e-06
8.74237e-06
8.82103e-06
8.86978e-06
8.8988e-06
8.91509e-06
8.92339e-06
8.92686e-06
8.92759e-06
8.92683e-06
8.92538e-06
8.92371e-06
8.92209e-06
8.92053e-06
8.91902e-06
)
;
        jumpTable       table;
        jumpTableCoeffs
        {
            values          
4
(
(0 -2.5e-05)
(25 -2.5e-05)
(25.5 -0.0001)
(26 -2.5e-05)
)
;
        }
    }
    outlet
    {
        type            uniformJump;
        patchType       cyclic;
        value           nonuniform List<scalar> 
40
(
-2.43922e-05
-2.43811e-05
-2.43697e-05
-2.43585e-05
-2.43462e-05
-2.43313e-05
-2.4311e-05
-2.42809e-05
-2.42342e-05
-2.4162e-05
-2.40541e-05
-2.38999e-05
-2.36878e-05
-2.3404e-05
-2.30328e-05
-2.25576e-05
-2.19644e-05
-2.12475e-05
-2.04113e-05
-1.94811e-05
-1.85707e-05
-1.7807e-05
-1.72487e-05
-1.6847e-05
-1.65682e-05
-1.63807e-05
-1.62576e-05
-1.6179e-05
-1.61302e-05
-1.61012e-05
-1.60849e-05
-1.60766e-05
-1.60731e-05
-1.60724e-05
-1.60732e-05
-1.60746e-05
-1.60763e-05
-1.60779e-05
-1.60795e-05
-1.6081e-05
)
;
    }
    Walls
    {
        type            zeroGradient;
    }
    back
    {
        type            empty;
    }
    front
    {
        type            empty;
    }
}


// ************************************************************************* //
