/*--------------------------------*- C++ -*----------------------------------*\
| =========                 |                                                 |
| \\      /  F ield         | OpenFOAM: The Open Source CFD Toolbox           |
|  \\    /   O peration     | Version:  2312                                  |
|   \\  /    A nd           | Website:  www.openfoam.com                      |
|    \\/     M anipulation  |                                                 |
\*---------------------------------------------------------------------------*/
FoamFile
{
    version     2.0;
    format      ascii;
    arch        "LSB;label=32;scalar=64";
    class       volScalarField;
    location    "3.5";
    object      p;
}
// * * * * * * * * * * * * * * * * * * * * * * * * * * * * * * * * * * * * * //

dimensions      [0 2 -2 0 0 0 0];

internalField   nonuniform List<scalar> 
4800
(
-4.39463e-13
-1.40288e-06
-2.57225e-06
-3.56369e-06
-4.41494e-06
-5.15093e-06
-5.79589e-06
-6.36725e-06
-6.87329e-06
-7.32633e-06
-7.7349e-06
-8.10104e-06
-8.41841e-06
-8.91692e-06
-1.05413e-05
1.53325e-08
-1.38494e-06
-2.55248e-06
-3.54276e-06
-4.39401e-06
-5.13106e-06
-5.77857e-06
-6.35392e-06
-6.86594e-06
-7.32868e-06
-7.75589e-06
-8.16302e-06
-8.56483e-06
-9.06782e-06
-9.91972e-06
3.17111e-08
-1.36567e-06
-2.53132e-06
-3.52063e-06
-4.37175e-06
-5.10967e-06
-5.75805e-06
-6.33642e-06
-6.85319e-06
-7.32299e-06
-7.76099e-06
-8.1835e-06
-8.59985e-06
-9.01963e-06
-9.42326e-06
4.86831e-08
-1.34521e-06
-2.50845e-06
-3.49626e-06
-4.34666e-06
-5.0854e-06
-5.73299e-06
-6.3126e-06
-6.83148e-06
-7.30252e-06
-7.73865e-06
-8.1478e-06
-8.52315e-06
-8.8353e-06
-9.01699e-06
6.77439e-08
-1.32179e-06
-2.48184e-06
-3.4674e-06
-4.31619e-06
-5.05475e-06
-5.70108e-06
-6.27839e-06
-6.79536e-06
-7.26037e-06
-7.68164e-06
-8.05774e-06
-8.3708e-06
-8.58377e-06
-8.64316e-06
9.03603e-08
-1.29385e-06
-2.4498e-06
-3.43213e-06
-4.27814e-06
-5.01412e-06
-5.65843e-06
-6.22967e-06
-6.7386e-06
-7.18906e-06
-7.58352e-06
-7.91441e-06
-8.1616e-06
-8.29648e-06
-8.29163e-06
1.18697e-07
-1.25921e-06
-2.40995e-06
-3.38775e-06
-4.22936e-06
-4.96044e-06
-5.59911e-06
-6.16061e-06
-6.65441e-06
-7.08163e-06
-7.44028e-06
-7.72115e-06
-7.9088e-06
-7.98852e-06
-7.95356e-06
1.56387e-07
-1.21429e-06
-2.35854e-06
-3.33014e-06
-4.16512e-06
-4.88834e-06
-5.51688e-06
-6.06359e-06
-6.53547e-06
-6.93236e-06
-7.25069e-06
-7.48354e-06
-7.62324e-06
-7.66735e-06
-7.62084e-06
2.08909e-07
-1.15369e-06
-2.28994e-06
-3.25326e-06
-4.0788e-06
-4.79047e-06
-5.40409e-06
-5.93044e-06
-6.3748e-06
-6.73723e-06
-7.01543e-06
-7.20697e-06
-7.31166e-06
-7.33516e-06
-7.28748e-06
2.83475e-07
-1.0701e-06
-2.19658e-06
-3.14908e-06
-3.96188e-06
-4.65783e-06
-5.25174e-06
-5.75301e-06
-6.16636e-06
-6.4937e-06
-6.7358e-06
-6.89502e-06
-6.97665e-06
-6.99057e-06
-6.94802e-06
3.88294e-07
-9.54812e-07
-2.0692e-06
-3.00788e-06
-3.80426e-06
-4.48036e-06
-5.05035e-06
-5.5234e-06
-5.90525e-06
-6.20019e-06
-6.41266e-06
-6.54899e-06
-6.61762e-06
-6.62993e-06
-6.59662e-06
5.31673e-07
-7.98466e-07
-1.89765e-06
-2.81897e-06
-3.59522e-06
-4.24788e-06
-4.79121e-06
-5.23523e-06
-5.58774e-06
-5.85545e-06
-6.04595e-06
-6.16814e-06
-6.23187e-06
-6.24836e-06
-6.22715e-06
7.21717e-07
-5.91525e-07
-1.6715e-06
-2.57153e-06
-3.32421e-06
-3.95102e-06
-4.46703e-06
-4.88377e-06
-5.21109e-06
-5.45812e-06
-5.63445e-06
-5.7502e-06
-5.81538e-06
-5.84036e-06
-5.83335e-06
9.66509e-07
-3.24167e-07
-1.38005e-06
-2.25474e-06
-2.98115e-06
-3.58132e-06
-4.07146e-06
-4.46473e-06
-4.77265e-06
-5.00603e-06
-5.17546e-06
-5.2913e-06
-5.36305e-06
-5.39989e-06
-5.40883e-06
1.27392e-06
1.35114e-08
-1.0126e-06
-1.85805e-06
-2.55645e-06
-3.13073e-06
-3.59822e-06
-3.97328e-06
-4.2685e-06
-4.4951e-06
-4.66418e-06
-4.78565e-06
-4.86817e-06
-4.91976e-06
-4.94642e-06
1.65062e-06
4.30452e-07
-5.59488e-07
-1.3721e-06
-2.0417e-06
-2.59206e-06
-3.04114e-06
-3.40364e-06
-3.6924e-06
-3.9192e-06
-4.09391e-06
-4.2258e-06
-4.32277e-06
-4.39182e-06
-4.43816e-06
2.09993e-06
9.32434e-07
-1.4177e-08
-7.9067e-07
-1.43136e-06
-1.96034e-06
-2.39557e-06
-2.7515e-06
-3.04031e-06
-3.2727e-06
-3.45798e-06
-3.6046e-06
-3.71961e-06
-3.80904e-06
-3.87745e-06
2.61921e-06
1.51888e-06
6.23487e-07
-1.13698e-07
-7.25543e-07
-1.23545e-06
-1.66067e-06
-2.01469e-06
-2.30857e-06
-2.55172e-06
-2.75216e-06
-2.91766e-06
-3.05443e-06
-3.16763e-06
-3.26121e-06
3.19765e-06
2.17964e-06
1.34371e-06
6.49182e-07
6.64328e-08
-4.25951e-07
-8.43625e-07
-1.19854e-06
-1.50038e-06
-1.75747e-06
-1.97688e-06
-2.16465e-06
-2.32614e-06
-2.46594e-06
-2.58766e-06
3.81425e-06
2.89179e-06
2.12272e-06
1.47402e-06
9.20869e-07
4.44964e-07
3.29092e-08
-3.25318e-07
-6.37587e-07
-9.10468e-07
-1.14982e-06
-1.36075e-06
-1.54804e-06
-1.71577e-06
-1.86724e-06
4.40659e-06
3.58252e-06
2.8815e-06
2.27845e-06
1.75399e-06
1.29354e-06
8.86241e-07
5.23884e-07
2.00025e-07
-9.05575e-08
-3.52188e-07
-5.88732e-07
-8.04426e-07
-1.00266e-06
-1.18621e-06
4.8922e-06
4.15349e-06
3.5116e-06
2.94815e-06
2.44861e-06
2.00187e-06
1.59945e-06
1.2348e-06
9.02565e-07
5.98115e-07
3.17175e-07
5.63134e-08
-1.86111e-07
-4.12261e-07
-6.2461e-07
5.25539e-06
4.58314e-06
3.98718e-06
3.45419e-06
2.97346e-06
2.53657e-06
2.13683e-06
1.76886e-06
1.42821e-06
1.11114e-06
8.14625e-07
5.36471e-07
2.74287e-07
2.62015e-08
-2.09654e-07
5.52059e-06
4.90021e-06
4.34042e-06
3.83167e-06
3.36609e-06
2.93727e-06
2.53989e-06
2.16957e-06
1.82268e-06
1.49625e-06
1.1878e-06
8.95202e-07
6.16585e-07
3.5034e-07
9.49182e-08
5.71211e-06
5.13231e-06
4.60137e-06
4.11225e-06
3.65914e-06
3.23704e-06
2.84168e-06
2.46948e-06
2.11746e-06
1.78314e-06
1.46442e-06
1.15947e-06
8.66817e-07
5.85163e-07
3.13215e-07
5.84914e-06
5.30131e-06
4.7934e-06
4.32012e-06
3.87706e-06
3.46028e-06
3.06632e-06
2.69224e-06
2.33558e-06
1.99428e-06
1.66661e-06
1.35114e-06
1.04663e-06
7.51997e-07
4.66174e-07
5.94634e-06
5.42391e-06
4.93439e-06
4.47379e-06
4.03872e-06
3.62601e-06
3.23286e-06
2.85687e-06
2.49604e-06
2.14866e-06
1.81328e-06
1.48889e-06
1.17438e-06
8.68829e-07
5.71362e-07
6.01482e-06
5.51274e-06
5.038e-06
4.58758e-06
4.15885e-06
3.74925e-06
3.35648e-06
2.97862e-06
2.61407e-06
2.26148e-06
1.91952e-06
1.5875e-06
1.26446e-06
9.49655e-07
6.42371e-07
6.06281e-06
5.57727e-06
5.11453e-06
4.67239e-06
4.24874e-06
3.84152e-06
3.44885e-06
3.06922e-06
2.70129e-06
2.34395e-06
1.99656e-06
1.65801e-06
1.32766e-06
1.00498e-06
6.89383e-07
6.09638e-06
5.62449e-06
5.17166e-06
4.73632e-06
4.3168e-06
3.9114e-06
3.51866e-06
3.13737e-06
2.76651e-06
2.4052e-06
2.05282e-06
1.70859e-06
1.37198e-06
1.04258e-06
7.19904e-07
6.11998e-06
5.65952e-06
5.21498e-06
4.78533e-06
4.36918e-06
3.96521e-06
3.57228e-06
3.18945e-06
2.81593e-06
2.45114e-06
2.09441e-06
1.74525e-06
1.40325e-06
1.06807e-06
7.39335e-07
6.13679e-06
5.68603e-06
5.24854e-06
4.82367e-06
4.41032e-06
4.00747e-06
3.61428e-06
3.23006e-06
2.8542e-06
2.48625e-06
2.12573e-06
1.77228e-06
1.42559e-06
1.08542e-06
7.51456e-07
6.14904e-06
5.70661e-06
5.27516e-06
4.85436e-06
4.44335e-06
4.04141e-06
3.64793e-06
3.2624e-06
2.88446e-06
2.51372e-06
2.14986e-06
1.79265e-06
1.44187e-06
1.09734e-06
7.58837e-07
6.15825e-06
5.72304e-06
5.29681e-06
4.8795e-06
4.47048e-06
4.06927e-06
3.67547e-06
3.28876e-06
2.90893e-06
2.53571e-06
2.1689e-06
1.80838e-06
1.454e-06
1.10566e-06
7.63182e-07
6.16545e-06
5.73654e-06
5.31484e-06
4.90053e-06
4.4932e-06
4.09259e-06
3.69847e-06
3.31068e-06
2.92915e-06
2.55371e-06
2.18429e-06
1.82083e-06
1.46327e-06
1.11156e-06
7.65598e-07
6.17128e-06
5.74788e-06
5.33013e-06
4.91842e-06
4.51253e-06
4.11241e-06
3.71796e-06
3.32918e-06
2.94613e-06
2.56871e-06
2.19696e-06
1.83089e-06
1.47051e-06
1.11584e-06
7.66798e-07
6.17614e-06
5.75756e-06
5.34324e-06
4.93378e-06
4.52913e-06
4.12942e-06
3.73462e-06
3.34496e-06
2.96054e-06
2.58134e-06
2.20752e-06
1.83915e-06
1.47628e-06
1.11898e-06
7.67229e-07
6.18032e-06
5.76596e-06
5.35464e-06
4.94713e-06
4.54354e-06
4.14414e-06
3.74901e-06
3.35859e-06
2.97291e-06
2.59214e-06
2.21647e-06
1.84605e-06
1.48097e-06
1.12134e-06
7.67161e-07
6.18418e-06
5.77374e-06
5.36519e-06
4.95947e-06
4.55684e-06
4.15766e-06
3.76228e-06
3.37107e-06
2.9842e-06
2.60194e-06
2.22453e-06
1.8522e-06
1.48504e-06
1.12321e-06
7.66731e-07
6.18777e-06
5.78125e-06
5.37537e-06
4.97138e-06
4.56969e-06
4.17079e-06
3.77507e-06
3.38306e-06
2.99503e-06
2.61129e-06
2.23213e-06
1.85782e-06
1.4886e-06
1.12468e-06
7.66119e-07
-1.19097e-05
-9.68277e-06
-8.31256e-06
-7.39259e-06
-6.65419e-06
-6.08399e-06
-5.63712e-06
-5.28279e-06
-5.00067e-06
-4.77488e-06
-4.59277e-06
-4.44394e-06
-4.31977e-06
-4.21366e-06
-4.12143e-06
-4.0431e-06
-3.98423e-06
-3.96057e-06
-3.99965e-06
-4.14661e-06
-4.45754e-06
-4.98643e-06
-5.68178e-06
-6.33577e-06
-6.79442e-06
-6.9825e-06
-6.86378e-06
-6.4271e-06
-5.67336e-06
-4.61051e-06
-3.25271e-06
-1.62166e-06
2.52127e-07
2.32894e-06
4.56065e-06
6.89218e-06
9.26269e-06
1.16058e-05
1.38465e-05
1.58952e-05
1.76271e-05
1.88794e-05
1.92845e-05
1.85268e-05
1.54029e-05
-1.02998e-05
-9.14853e-06
-8.11302e-06
-7.29385e-06
-6.60103e-06
-6.04652e-06
-5.60533e-06
-5.25332e-06
-4.97253e-06
-4.748e-06
-4.56736e-06
-4.42025e-06
-4.29808e-06
-4.19428e-06
-4.10472e-06
-4.02949e-06
-3.97416e-06
-3.95433e-06
-3.99708e-06
-4.14654e-06
-4.45723e-06
-4.9813e-06
-5.66719e-06
-6.31007e-06
-6.75876e-06
-6.9392e-06
-6.81535e-06
-6.37607e-06
-5.62241e-06
-4.56299e-06
-3.21311e-06
-1.59602e-06
2.55805e-07
2.30023e-06
4.48604e-06
6.75392e-06
9.03692e-06
1.12592e-05
1.33308e-05
1.5136e-05
1.64993e-05
1.71534e-05
1.65734e-05
1.40161e-05
8.51818e-06
-9.45552e-06
-8.73107e-06
-7.90568e-06
-7.17757e-06
-6.53536e-06
-6.00252e-06
-5.57034e-06
-5.22221e-06
-4.94337e-06
-4.72028e-06
-4.54109e-06
-4.39565e-06
-4.27545e-06
-4.17399e-06
-4.08722e-06
-4.01531e-06
-3.96386e-06
-3.9483e-06
-3.99517e-06
-4.14746e-06
-4.45782e-06
-4.97624e-06
-5.65101e-06
-6.2808e-06
-6.71773e-06
-6.8892e-06
-6.7596e-06
-6.31784e-06
-5.56539e-06
-4.51175e-06
-3.17368e-06
-1.57647e-06
2.44865e-07
2.24509e-06
4.36902e-06
6.55204e-06
8.71975e-06
1.07855e-05
1.26434e-05
1.41535e-05
1.51148e-05
1.52228e-05
1.40077e-05
1.09558e-05
5.97464e-06
-8.91442e-06
-8.38906e-06
-7.72261e-06
-7.0673e-06
-6.47345e-06
-5.96362e-06
-5.541e-06
-5.19637e-06
-4.91858e-06
-4.69588e-06
-4.51717e-06
-4.37259e-06
-4.25376e-06
-4.15424e-06
-4.07007e-06
-4.00146e-06
-3.95403e-06
-3.94298e-06
-3.99423e-06
-4.1495e-06
-4.45938e-06
-4.97137e-06
-5.63349e-06
-6.24819e-06
-6.67122e-06
-6.83166e-06
-6.69452e-06
-6.24902e-06
-5.49728e-06
-4.45007e-06
-3.12615e-06
-1.55345e-06
2.29774e-07
2.17437e-06
4.22036e-06
6.29702e-06
8.32204e-06
1.01985e-05
1.18082e-05
1.29996e-05
1.3571e-05
1.32568e-05
1.17372e-05
8.77486e-06
4.62115e-06
-8.4921e-06
-8.08624e-06
-7.54269e-06
-6.97041e-06
-6.42138e-06
-5.93454e-06
-5.52152e-06
-5.17937e-06
-4.90112e-06
-4.67718e-06
-4.49741e-06
-4.35241e-06
-4.23398e-06
-4.13577e-06
-4.05387e-06
-3.98852e-06
-3.9453e-06
-3.93909e-06
-3.99508e-06
-4.15348e-06
-4.46257e-06
-4.96701e-06
-5.6145e-06
-6.21183e-06
-6.61889e-06
-6.76665e-06
-6.62101e-06
-6.17174e-06
-5.42189e-06
-4.38392e-06
-3.07899e-06
-1.53816e-06
1.96568e-07
2.07165e-06
4.022e-06
5.97088e-06
7.82908e-06
9.49251e-06
1.0838e-05
1.17171e-05
1.19547e-05
1.13586e-05
9.76083e-06
7.12104e-06
3.71478e-06
-8.13533e-06
-7.81118e-06
-7.36272e-06
-6.87206e-06
-6.37585e-06
-5.91501e-06
-5.51317e-06
-5.17344e-06
-4.89369e-06
-4.66688e-06
-4.48432e-06
-4.3373e-06
-4.21797e-06
-4.12013e-06
-4.03995e-06
-3.97766e-06
-3.93874e-06
-3.93765e-06
-3.9987e-06
-4.16029e-06
-4.4681e-06
-4.96354e-06
-5.59395e-06
-6.17129e-06
-6.56008e-06
-6.69357e-06
-6.53882e-06
-6.08642e-06
-5.34075e-06
-4.31629e-06
-3.03703e-06
-1.53754e-06
1.36087e-07
1.92583e-06
3.76176e-06
5.56217e-06
7.23342e-06
8.66929e-06
9.75033e-06
1.03467e-05
1.03241e-05
9.56835e-06
8.02449e-06
5.75987e-06
3.02739e-06
-7.80945e-06
-7.54796e-06
-7.18353e-06
-6.76064e-06
-6.32231e-06
-5.89769e-06
-5.5115e-06
-5.17732e-06
-4.89695e-06
-4.66673e-06
-4.48007e-06
-4.32953e-06
-4.20791e-06
-4.10932e-06
-4.03011e-06
-3.9705e-06
-3.93582e-06
-3.94e-06
-4.00627e-06
-4.17096e-06
-4.47675e-06
-4.96137e-06
-5.57184e-06
-6.12613e-06
-6.49413e-06
-6.61166e-06
-6.44734e-06
-5.99294e-06
-5.25456e-06
-4.24909e-06
-3.00373e-06
-1.55681e-06
4.14683e-08
1.72891e-06
3.4317e-06
5.06527e-06
6.53533e-06
7.73964e-06
8.57149e-06
8.92722e-06
8.71865e-06
7.89546e-06
6.47163e-06
4.55234e-06
2.34328e-06
-7.49424e-06
-7.28248e-06
-6.98855e-06
-6.63485e-06
-6.25245e-06
-5.86857e-06
-5.50793e-06
-5.18536e-06
-4.90789e-06
-4.67571e-06
-4.48504e-06
-4.33027e-06
-4.20537e-06
-4.1051e-06
-4.02613e-06
-3.96878e-06
-3.93822e-06
-3.9477e-06
-4.01923e-06
-4.18669e-06
-4.48944e-06
-4.96101e-06
-5.54815e-06
-6.07599e-06
-6.42045e-06
-6.52038e-06
-6.34634e-06
-5.89177e-06
-5.16492e-06
-4.18543e-06
-2.98393e-06
-1.60253e-06
-9.5211e-08
1.47257e-06
3.02494e-06
4.47737e-06
5.7394e-06
6.71868e-06
7.3272e-06
7.49078e-06
7.16169e-06
6.33362e-06
5.0543e-06
3.43049e-06
1.61907e-06
-7.17951e-06
-7.00816e-06
-6.77226e-06
-6.48208e-06
-6.15707e-06
-5.81971e-06
-5.49147e-06
-5.18815e-06
-4.9195e-06
-4.68923e-06
-4.49665e-06
-4.33853e-06
-4.21043e-06
-4.10823e-06
-4.02922e-06
-3.97395e-06
-3.94749e-06
-3.96234e-06
-4.03905e-06
-4.20876e-06
-4.50713e-06
-4.96297e-06
-5.52291e-06
-6.02055e-06
-6.33868e-06
-6.41959e-06
-6.23632e-06
-5.78446e-06
-5.07483e-06
-4.13009e-06
-2.98429e-06
-1.68297e-06
-2.83023e-07
1.14841e-06
2.53582e-06
3.79827e-06
4.85345e-06
5.62325e-06
6.04092e-06
6.05974e-06
5.66224e-06
4.86759e-06
3.73454e-06
2.35678e-06
8.50744e-07
-6.85874e-06
-6.72127e-06
-6.53341e-06
-6.29913e-06
-6.02969e-06
-5.74136e-06
-5.45139e-06
-5.17467e-06
-4.92199e-06
-4.6995e-06
-4.5093e-06
-4.35061e-06
-4.22102e-06
-4.11785e-06
-4.03938e-06
-3.98661e-06
-3.96461e-06
-3.98506e-06
-4.06693e-06
-4.23824e-06
-4.5306e-06
-4.96768e-06
-5.49615e-06
-5.95966e-06
-6.24887e-06
-6.30994e-06
-6.11888e-06
-5.674e-06
-4.98906e-06
-4.0898e-06
-3.0133e-06
-1.80775e-06
-5.31483e-07
7.48793e-07
1.96085e-06
3.03073e-06
3.88767e-06
4.46989e-06
4.7311e-06
4.64668e-06
4.21873e-06
3.47803e-06
2.4819e-06
1.30688e-06
3.86095e-08
-6.52606e-06
-6.4181e-06
-6.27081e-06
-6.08514e-06
-5.86706e-06
-5.62735e-06
-5.37904e-06
-5.13478e-06
-4.90502e-06
-4.69709e-06
-4.51508e-06
-4.36044e-06
-4.23278e-06
-4.13112e-06
-4.05497e-06
-4.00604e-06
-3.98948e-06
-4.01616e-06
-4.10333e-06
-4.2756e-06
-4.56021e-06
-4.97532e-06
-5.46795e-06
-5.89358e-06
-6.15189e-06
-6.1933e-06
-5.99726e-06
-5.56539e-06
-4.91458e-06
-4.07339e-06
-3.08117e-06
-1.98733e-06
-8.49784e-07
2.67735e-07
1.29912e-06
2.18017e-06
2.8534e-06
3.27317e-06
3.41043e-06
3.25619e-06
2.82326e-06
2.1451e-06
1.27193e-06
2.63883e-07
-8.16082e-07
-6.17543e-06
-6.09416e-06
-5.98209e-06
-5.83886e-06
-5.6673e-06
-5.47412e-06
-5.26858e-06
-5.06065e-06
-4.85955e-06
-4.67271e-06
-4.50533e-06
-4.36049e-06
-4.23963e-06
-4.14341e-06
-4.0727e-06
-4.03001e-06
-4.02068e-06
-4.05478e-06
-4.1477e-06
-4.32043e-06
-4.59561e-06
-4.98578e-06
-5.43867e-06
-5.82337e-06
-6.04995e-06
-6.0735e-06
-5.87708e-06
-5.46617e-06
-4.86088e-06
-4.09186e-06
-3.19937e-06
-2.23227e-06
-1.24578e-06
-2.98192e-07
5.52814e-07
1.25432e-06
1.76225e-06
2.04506e-06
2.08667e-06
1.88775e-06
1.46543e-06
8.50927e-07
8.56224e-08
-7.84337e-07
-1.71254e-06
-5.80073e-06
-5.74442e-06
-5.66384e-06
-5.55823e-06
-5.4287e-06
-5.27922e-06
-5.11605e-06
-4.94663e-06
-4.77849e-06
-4.61842e-06
-4.47195e-06
-4.34315e-06
-4.23482e-06
-4.14906e-06
-4.088e-06
-4.05495e-06
-4.05548e-06
-4.09877e-06
-4.1983e-06
-4.37133e-06
-4.63576e-06
-4.99871e-06
-5.40926e-06
-5.75149e-06
-5.9475e-06
-5.95709e-06
-5.76688e-06
-5.3868e-06
-4.83994e-06
-4.15777e-06
-3.37968e-06
-2.55187e-06
-1.72462e-06
-9.48842e-07
-2.72421e-07
2.63176e-07
6.25966e-07
7.95671e-07
7.64777e-07
5.38917e-07
1.35584e-07
-4.18502e-07
-1.0906e-06
-1.84585e-06
-2.64998e-06
-5.39579e-06
-5.36346e-06
-5.31192e-06
-5.24042e-06
-5.14924e-06
-5.04061e-06
-4.91863e-06
-4.78862e-06
-4.65643e-06
-4.5278e-06
-4.40798e-06
-4.30141e-06
-4.21174e-06
-4.14212e-06
-4.09572e-06
-4.07651e-06
-4.09018e-06
-4.14502e-06
-4.25248e-06
-4.42616e-06
-4.67915e-06
-5.01382e-06
-5.38158e-06
-5.68255e-06
-5.85209e-06
-5.85398e-06
-5.67828e-06
-5.34034e-06
-4.86548e-06
-4.28405e-06
-3.63255e-06
-2.95247e-06
-2.28739e-06
-1.6796e-06
-1.16704e-06
-7.80755e-07
-5.42952e-07
-4.654e-07
-5.50863e-07
-7.91901e-07
-1.17285e-06
-1.67213e-06
-2.26464e-06
-2.92438e-06
-3.62606e-06
-4.95381e-06
-4.9453e-06
-4.92149e-06
-4.88185e-06
-4.82634e-06
-4.7562e-06
-4.67409e-06
-4.58372e-06
-4.48945e-06
-4.39592e-06
-4.30773e-06
-4.2292e-06
-4.16432e-06
-4.11686e-06
-4.0906e-06
-4.09e-06
-4.12063e-06
-4.1899e-06
-4.30708e-06
-4.4825e-06
-4.72436e-06
-5.03155e-06
-5.35861e-06
-5.62398e-06
-5.7749e-06
-5.77654e-06
-5.62485e-06
-5.34134e-06
-4.9514e-06
-4.48204e-06
-3.96505e-06
-3.43569e-06
-2.92982e-06
-2.48092e-06
-2.1177e-06
-1.86241e-06
-1.72988e-06
-1.72744e-06
-1.85434e-06
-2.10338e-06
-2.46181e-06
-2.91308e-06
-3.43844e-06
-4.01877e-06
-4.63545e-06
-4.46739e-06
-4.48339e-06
-4.48711e-06
-4.47832e-06
-4.45697e-06
-4.42381e-06
-4.38059e-06
-4.3299e-06
-4.27495e-06
-4.21937e-06
-4.16697e-06
-4.12168e-06
-4.08737e-06
-4.06798e-06
-4.06755e-06
-4.09063e-06
-4.14249e-06
-4.22951e-06
-4.35899e-06
-4.5381e-06
-4.77123e-06
-5.05391e-06
-5.34657e-06
-5.58702e-06
-5.7283e-06
-5.73634e-06
-5.62138e-06
-5.40552e-06
-5.11094e-06
-4.76033e-06
-4.37988e-06
-3.99792e-06
-3.64251e-06
-3.33902e-06
-3.1084e-06
-2.96608e-06
-2.92163e-06
-2.97938e-06
-3.13786e-06
-3.39093e-06
-3.7288e-06
-4.13924e-06
-4.60865e-06
-5.12321e-06
-5.66934e-06
-3.93049e-06
-3.97242e-06
-4.00442e-06
-4.02656e-06
-4.03894e-06
-4.04216e-06
-4.03745e-06
-4.02666e-06
-4.01218e-06
-3.99678e-06
-3.98357e-06
-3.97589e-06
-3.97728e-06
-3.99143e-06
-4.02229e-06
-4.07412e-06
-4.1517e-06
-4.26025e-06
-4.40535e-06
-4.59152e-06
-4.82084e-06
-5.08756e-06
-5.35776e-06
-5.57967e-06
-5.71462e-06
-5.74606e-06
-5.68432e-06
-5.54782e-06
-5.35461e-06
-5.12348e-06
-4.87509e-06
-4.6311e-06
-4.41244e-06
-4.23767e-06
-4.12174e-06
-4.07507e-06
-4.1034e-06
-4.20986e-06
-4.3931e-06
-4.64842e-06
-4.96874e-06
-5.34538e-06
-5.7688e-06
-6.22921e-06
-6.71686e-06
-3.34083e-06
-3.41094e-06
-3.47285e-06
-3.52692e-06
-3.57356e-06
-3.61339e-06
-3.64741e-06
-3.67702e-06
-3.70401e-06
-3.73057e-06
-3.75915e-06
-3.79255e-06
-3.83376e-06
-3.88606e-06
-3.95294e-06
-4.0382e-06
-4.14581e-06
-4.27999e-06
-4.44463e-06
-4.64283e-06
-4.87486e-06
-5.13602e-06
-5.39429e-06
-5.60629e-06
-5.75028e-06
-5.82132e-06
-5.82569e-06
-5.77551e-06
-5.68463e-06
-5.56816e-06
-5.44198e-06
-5.32204e-06
-5.2233e-06
-5.15881e-06
-5.13896e-06
-5.17111e-06
-5.25982e-06
-5.40641e-06
-5.60977e-06
-5.86684e-06
-6.17293e-06
-6.52229e-06
-6.90844e-06
-7.32463e-06
-7.76401e-06
-2.697e-06
-2.79834e-06
-2.89287e-06
-2.98111e-06
-3.06373e-06
-3.14152e-06
-3.21539e-06
-3.2865e-06
-3.35628e-06
-3.42642e-06
-3.49892e-06
-3.57601e-06
-3.6602e-06
-3.75418e-06
-3.8609e-06
-3.98344e-06
-4.125e-06
-4.28877e-06
-4.47755e-06
-4.69325e-06
-4.93567e-06
-5.20055e-06
-5.45992e-06
-5.68008e-06
-5.85099e-06
-5.97255e-06
-6.04808e-06
-6.08458e-06
-6.0918e-06
-6.08104e-06
-6.06409e-06
-6.05234e-06
-6.05613e-06
-6.08426e-06
-6.14381e-06
-6.24035e-06
-6.37752e-06
-6.55609e-06
-6.77547e-06
-7.03391e-06
-7.32865e-06
-7.65609e-06
-8.01209e-06
-8.39215e-06
-8.79157e-06
-2.00816e-06
-2.14278e-06
-2.27206e-06
-2.39652e-06
-2.51697e-06
-2.6343e-06
-2.74944e-06
-2.86339e-06
-2.9773e-06
-3.09254e-06
-3.21069e-06
-3.33352e-06
-3.46301e-06
-3.60131e-06
-3.75072e-06
-3.91365e-06
-4.09252e-06
-4.28968e-06
-4.50714e-06
-4.74619e-06
-5.00672e-06
-5.28607e-06
-5.56182e-06
-5.80808e-06
-6.01919e-06
-6.19629e-06
-6.34155e-06
-6.45923e-06
-6.55569e-06
-6.6387e-06
-6.71643e-06
-6.79677e-06
-6.88676e-06
-6.99242e-06
-7.11837e-06
-7.26782e-06
-7.44337e-06
-7.64681e-06
-7.87856e-06
-8.13798e-06
-8.42363e-06
-8.73346e-06
-9.065e-06
-9.41544e-06
-9.78174e-06
-1.36034e-06
-1.52913e-06
-1.69358e-06
-1.85427e-06
-2.01208e-06
-2.16796e-06
-2.32278e-06
-2.47744e-06
-2.63293e-06
-2.79035e-06
-2.95099e-06
-3.11628e-06
-3.28777e-06
-3.46717e-06
-3.65626e-06
-3.85688e-06
-4.0709e-06
-4.30011e-06
-4.54609e-06
-4.81003e-06
-5.09248e-06
-5.39313e-06
-5.69438e-06
-5.97374e-06
-6.2262e-06
-6.45317e-06
-6.65653e-06
-6.83936e-06
-7.00598e-06
-7.16158e-06
-7.31167e-06
-7.46153e-06
-7.61587e-06
-7.77869e-06
-7.95335e-06
-8.14276e-06
-8.3491e-06
-8.57357e-06
-8.81677e-06
-9.07875e-06
-9.35902e-06
-9.65665e-06
-9.97033e-06
-1.02985e-05
-1.06392e-05
-8.28236e-07
-1.02736e-06
-1.22304e-06
-1.41581e-06
-1.60644e-06
-1.79579e-06
-1.98466e-06
-2.17387e-06
-2.36426e-06
-2.55678e-06
-2.75251e-06
-2.9526e-06
-3.15834e-06
-3.3711e-06
-3.59232e-06
-3.82347e-06
-4.06609e-06
-4.32168e-06
-4.59171e-06
-4.87751e-06
-5.18037e-06
-5.50157e-06
-5.82586e-06
-6.13222e-06
-6.41601e-06
-6.67886e-06
-6.92271e-06
-7.15012e-06
-7.36432e-06
-7.56898e-06
-7.76789e-06
-7.96473e-06
-8.16284e-06
-8.36525e-06
-8.5747e-06
-8.79346e-06
-9.02301e-06
-9.26433e-06
-9.51806e-06
-9.78453e-06
-1.00637e-05
-1.03554e-05
-1.06588e-05
-1.09731e-05
-1.12974e-05
-4.376e-07
-6.61544e-07
-8.82605e-07
-1.1013e-06
-1.31832e-06
-1.5344e-06
-1.75023e-06
-1.96652e-06
-2.18401e-06
-2.40351e-06
-2.62592e-06
-2.85224e-06
-3.08354e-06
-3.32097e-06
-3.56572e-06
-3.81907e-06
-4.08235e-06
-4.35693e-06
-4.64426e-06
-4.94585e-06
-5.26335e-06
-5.59859e-06
-5.93768e-06
-6.26101e-06
-6.56444e-06
-6.84985e-06
-7.11922e-06
-7.37483e-06
-7.61925e-06
-7.85524e-06
-8.08557e-06
-8.31294e-06
-8.53985e-06
-8.76859e-06
-9.00114e-06
-9.23914e-06
-9.48396e-06
-9.73659e-06
-9.99772e-06
-1.02678e-05
-1.0547e-05
-1.08353e-05
-1.11326e-05
-1.14383e-05
-1.17519e-05
-1.53393e-07
-3.98098e-07
-6.40235e-07
-8.80272e-07
-1.11882e-06
-1.35648e-06
-1.59386e-06
-1.83154e-06
-2.07018e-06
-2.31047e-06
-2.5532e-06
-2.79921e-06
-3.04943e-06
-3.30484e-06
-3.56648e-06
-3.83548e-06
-4.11305e-06
-4.40046e-06
-4.69914e-06
-5.01062e-06
-5.33664e-06
-5.6791e-06
-6.02526e-06
-6.35721e-06
-6.67145e-06
-6.96997e-06
-7.25472e-06
-7.52772e-06
-7.79109e-06
-8.04699e-06
-8.29755e-06
-8.54484e-06
-8.79077e-06
-9.03707e-06
-9.28528e-06
-9.53674e-06
-9.79266e-06
-1.00539e-05
-1.03213e-05
-1.05951e-05
-1.08758e-05
-1.11635e-05
-1.14581e-05
-1.17594e-05
-1.20673e-05
4.77707e-08
-2.14269e-07
-4.7384e-07
-7.3136e-07
-9.87351e-07
-1.24233e-06
-1.49678e-06
-1.75122e-06
-2.0062e-06
-2.26235e-06
-2.52033e-06
-2.78088e-06
-3.04481e-06
-3.31298e-06
-3.58632e-06
-3.86583e-06
-4.15263e-06
-4.44789e-06
-4.75297e-06
-5.06934e-06
-5.39868e-06
-5.74277e-06
-6.0901e-06
-6.42467e-06
-6.74357e-06
-7.04878e-06
-7.34208e-06
-7.62525e-06
-7.90009e-06
-8.16837e-06
-8.4318e-06
-8.69201e-06
-8.95052e-06
-9.20873e-06
-9.46789e-06
-9.72906e-06
-9.99333e-06
-1.02615e-05
-1.05342e-05
-1.08119e-05
-1.10949e-05
-1.13836e-05
-1.16778e-05
-1.19777e-05
-1.22831e-05
1.86411e-07
-8.99979e-08
-3.63888e-07
-6.35635e-07
-9.05681e-07
-1.17445e-06
-1.44235e-06
-1.70982e-06
-1.97735e-06
-2.24546e-06
-2.51476e-06
-2.7859e-06
-3.05958e-06
-3.33656e-06
-3.61768e-06
-3.90384e-06
-4.19606e-06
-4.49542e-06
-4.8032e-06
-5.12072e-06
-5.44958e-06
-5.7914e-06
-6.13594e-06
-6.46915e-06
-6.78864e-06
-7.09622e-06
-7.39348e-06
-7.68199e-06
-7.96332e-06
-8.23898e-06
-8.51038e-06
-8.77886e-06
-9.04566e-06
-9.31195e-06
-9.57878e-06
-9.84714e-06
-1.01178e-05
-1.03915e-05
-1.06689e-05
-1.09503e-05
-1.12362e-05
-1.15268e-05
-1.18223e-05
-1.21226e-05
-1.24277e-05
2.79636e-07
-8.68609e-09
-2.94344e-07
-5.77673e-07
-8.59042e-07
-1.1388e-06
-1.41728e-06
-1.69486e-06
-1.97197e-06
-2.24908e-06
-2.52673e-06
-2.80547e-06
-3.08595e-06
-3.36883e-06
-3.65488e-06
-3.9449e-06
-4.23982e-06
-4.54064e-06
-4.84851e-06
-5.16466e-06
-5.49056e-06
-5.82766e-06
-6.16695e-06
-6.49632e-06
-6.81378e-06
-7.12091e-06
-7.4191e-06
-7.70978e-06
-7.99434e-06
-8.27408e-06
-8.55021e-06
-8.82386e-06
-9.09608e-06
-9.36784e-06
-9.64007e-06
-9.91377e-06
-1.01894e-05
-1.04676e-05
-1.0749e-05
-1.1034e-05
-1.1323e-05
-1.16162e-05
-1.19138e-05
-1.22159e-05
-1.25225e-05
3.40609e-07
4.23706e-08
-2.52995e-07
-5.45783e-07
-8.36297e-07
-1.12481e-06
-1.41163e-06
-1.69706e-06
-1.9815e-06
-2.26536e-06
-2.54911e-06
-2.83326e-06
-3.11837e-06
-3.40506e-06
-3.69401e-06
-3.98595e-06
-4.28173e-06
-4.58223e-06
-4.88854e-06
-5.20174e-06
-5.52321e-06
-5.85421e-06
-6.1869e-06
-6.51102e-06
-6.82488e-06
-7.12979e-06
-7.427e-06
-7.71783e-06
-8.00352e-06
-8.2852e-06
-8.56394e-06
-8.84071e-06
-9.11644e-06
-9.39196e-06
-9.66806e-06
-9.94564e-06
-1.02251e-05
-1.05071e-05
-1.0792e-05
-1.10804e-05
-1.13726e-05
-1.16687e-05
-1.19691e-05
-1.22738e-05
-1.25829e-05
3.79165e-07
7.26374e-08
-2.30771e-07
-5.31317e-07
-8.29246e-07
-1.12478e-06
-1.41818e-06
-1.70973e-06
-1.99978e-06
-2.2887e-06
-2.57691e-06
-2.86487e-06
-3.15309e-06
-3.44212e-06
-3.73258e-06
-4.02514e-06
-4.32058e-06
-4.61968e-06
-4.92344e-06
-5.23283e-06
-5.54912e-06
-5.87338e-06
-6.19892e-06
-6.51712e-06
-6.82651e-06
-7.12819e-06
-7.42332e-06
-7.71309e-06
-7.99861e-06
-8.28089e-06
-8.56087e-06
-8.8394e-06
-9.11733e-06
-9.39542e-06
-9.6743e-06
-9.9548e-06
-1.02373e-05
-1.05224e-05
-1.08105e-05
-1.1102e-05
-1.13973e-05
-1.16966e-05
-1.20001e-05
-1.23078e-05
-1.262e-05
4.02525e-07
8.903e-08
-2.21082e-07
-5.28032e-07
-8.32012e-07
-1.13321e-06
-1.43186e-06
-1.72822e-06
-2.02259e-06
-2.31533e-06
-2.6068e-06
-2.89743e-06
-3.18768e-06
-3.47806e-06
-3.76913e-06
-4.0615e-06
-4.35587e-06
-4.65296e-06
-4.95368e-06
-5.25886e-06
-5.56973e-06
-5.88714e-06
-6.20545e-06
-6.51754e-06
-6.82212e-06
-7.1201e-06
-7.41257e-06
-7.70061e-06
-7.98521e-06
-8.26727e-06
-8.54762e-06
-8.82705e-06
-9.10628e-06
-9.38598e-06
-9.66703e-06
-9.9498e-06
-1.02348e-05
-1.05225e-05
-1.08133e-05
-1.11077e-05
-1.1406e-05
-1.17084e-05
-1.2015e-05
-1.23261e-05
-1.26417e-05
4.15854e-07
9.64592e-08
-2.19286e-07
-5.31565e-07
-8.40531e-07
-1.14635e-06
-1.44923e-06
-1.74941e-06
-2.04716e-06
-2.34281e-06
-2.6367e-06
-2.92921e-06
-3.22077e-06
-3.51184e-06
-3.80295e-06
-4.09464e-06
-4.38756e-06
-4.68235e-06
-4.97984e-06
-5.28078e-06
-5.58628e-06
-5.89704e-06
-6.20838e-06
-6.5145e-06
-6.81423e-06
-7.10839e-06
-7.39797e-06
-7.68395e-06
-7.96722e-06
-8.24858e-06
-8.5288e-06
-8.80858e-06
-9.08859e-06
-9.36945e-06
-9.65196e-06
-9.93651e-06
-1.02235e-05
-1.05134e-05
-1.08067e-05
-1.11037e-05
-1.14048e-05
-1.17102e-05
-1.202e-05
-1.23344e-05
-1.26534e-05
4.22735e-07
9.8302e-08
-2.2222e-07
-5.3898e-07
-8.52104e-07
-1.16174e-06
-1.46808e-06
-1.77134e-06
-2.07178e-06
-2.36969e-06
-2.66539e-06
-2.95924e-06
-3.25163e-06
-3.54299e-06
-3.83379e-06
-4.12455e-06
-4.41585e-06
-4.70828e-06
-5.00257e-06
-5.29939e-06
-5.59977e-06
-5.90427e-06
-6.20907e-06
-6.50953e-06
-6.8046e-06
-7.09502e-06
-7.3817e-06
-7.66552e-06
-7.94727e-06
-8.22769e-06
-8.50748e-06
-8.78728e-06
-9.06772e-06
-9.34933e-06
-9.63291e-06
-9.9189e-06
-1.02075e-05
-1.04994e-05
-1.07948e-05
-1.10942e-05
-1.13978e-05
-1.1706e-05
-1.20188e-05
-1.23364e-05
-1.26589e-05
4.25581e-07
9.68082e-08
-2.27803e-07
-5.48372e-07
-8.65005e-07
-1.17784e-06
-1.48705e-06
-1.79284e-06
-2.09545e-06
-2.39516e-06
-2.69225e-06
-2.98707e-06
-3.27998e-06
-3.57137e-06
-3.8617e-06
-4.15142e-06
-4.44107e-06
-4.73118e-06
-5.02243e-06
-5.31539e-06
-5.61101e-06
-5.90972e-06
-6.2085e-06
-6.50369e-06
-6.7944e-06
-7.08128e-06
-7.36517e-06
-7.64686e-06
-7.92705e-06
-8.20642e-06
-8.48562e-06
-8.76525e-06
-9.04584e-06
-9.32796e-06
-9.61237e-06
-9.89954e-06
-1.01895e-05
-1.0483e-05
-1.07803e-05
-1.10818e-05
-1.13878e-05
-1.16985e-05
-1.20141e-05
-1.23347e-05
-1.26605e-05
4.25972e-07
9.34306e-08
-2.34713e-07
-5.58554e-07
-8.78185e-07
-1.19374e-06
-1.50537e-06
-1.81327e-06
-2.11767e-06
-2.41883e-06
-2.71702e-06
-3.01256e-06
-3.30579e-06
-3.59708e-06
-3.88684e-06
-4.17551e-06
-4.46356e-06
-4.75149e-06
-5.0399e-06
-5.3293e-06
-5.62055e-06
-5.914e-06
-6.20728e-06
-6.49765e-06
-6.78434e-06
-7.06795e-06
-7.34924e-06
-7.62889e-06
-7.90755e-06
-8.18586e-06
-8.4644e-06
-8.74377e-06
-9.02442e-06
-9.30672e-06
-9.5919e-06
-9.88001e-06
-1.01711e-05
-1.0466e-05
-1.07649e-05
-1.10683e-05
-1.13764e-05
-1.16894e-05
-1.20076e-05
-1.2331e-05
-1.26598e-05
4.2492e-07
8.90827e-08
-2.42136e-07
-5.68814e-07
-8.91035e-07
-1.20892e-06
-1.52262e-06
-1.83231e-06
-2.13822e-06
-2.44057e-06
-2.73965e-06
-3.03573e-06
-3.32916e-06
-3.62027e-06
-3.90945e-06
-4.1971e-06
-4.48365e-06
-4.76956e-06
-5.05537e-06
-5.34153e-06
-5.62882e-06
-5.9175e-06
-6.20582e-06
-6.49182e-06
-6.77485e-06
-7.05547e-06
-7.33435e-06
-7.6121e-06
-7.88933e-06
-8.1666e-06
-8.44447e-06
-8.72352e-06
-9.00402e-06
-9.28654e-06
-9.57241e-06
-9.86119e-06
-1.01533e-05
-1.04493e-05
-1.07497e-05
-1.10547e-05
-1.13646e-05
-1.16797e-05
-1.20002e-05
-1.23262e-05
-1.26577e-05
4.23065e-07
8.43332e-08
-2.49577e-07
-5.78731e-07
-9.03203e-07
-1.22311e-06
-1.53859e-06
-1.84982e-06
-2.157e-06
-2.46036e-06
-2.76017e-06
-3.05669e-06
-3.35023e-06
-3.64113e-06
-3.92974e-06
-4.21642e-06
-4.50159e-06
-4.78565e-06
-5.06911e-06
-5.35235e-06
-5.63608e-06
-5.92047e-06
-6.20434e-06
-6.48639e-06
-6.76614e-06
-7.04405e-06
-7.32074e-06
-7.59675e-06
-7.87264e-06
-8.14893e-06
-8.42614e-06
-8.70483e-06
-8.98506e-06
-9.26797e-06
-9.55425e-06
-9.84356e-06
-1.01364e-05
-1.04335e-05
-1.07351e-05
-1.10416e-05
-1.13532e-05
-1.16701e-05
-1.19927e-05
-1.23209e-05
-1.26549e-05
4.20808e-07
7.95344e-08
-2.56732e-07
-5.88048e-07
-9.14482e-07
-1.23614e-06
-1.55316e-06
-1.86572e-06
-2.17399e-06
-2.47821e-06
-2.77862e-06
-3.07549e-06
-3.3691e-06
-3.65978e-06
-3.94784e-06
-4.23364e-06
-4.51756e-06
-4.79996e-06
-5.0813e-06
-5.36193e-06
-5.64249e-06
-5.92307e-06
-6.20295e-06
-6.48149e-06
-6.7583e-06
-7.03379e-06
-7.3085e-06
-7.58294e-06
-7.85761e-06
-8.133e-06
-8.40959e-06
-8.68788e-06
-8.96796e-06
-9.25111e-06
-9.53763e-06
-9.82741e-06
-1.0121e-05
-1.0419e-05
-1.07216e-05
-1.10293e-05
-1.13424e-05
-1.16609e-05
-1.19853e-05
-1.23155e-05
-1.26517e-05
4.18345e-07
7.48182e-08
-2.63528e-07
-5.96746e-07
-9.24901e-07
-1.2481e-06
-1.56646e-06
-1.88016e-06
-2.18938e-06
-2.49433e-06
-2.79525e-06
-3.0924e-06
-3.38605e-06
-3.6765e-06
-3.96406e-06
-4.24906e-06
-4.53184e-06
-4.81275e-06
-5.09221e-06
-5.37051e-06
-5.64824e-06
-5.92541e-06
-6.2017e-06
-6.47708e-06
-6.75126e-06
-7.02459e-06
-7.29754e-06
-7.57056e-06
-7.84413e-06
-8.11869e-06
-8.39471e-06
-8.67263e-06
-8.95263e-06
-9.23583e-06
-9.52254e-06
-9.81273e-06
-1.01069e-05
-1.04056e-05
-1.07092e-05
-1.1018e-05
-1.13323e-05
-1.16523e-05
-1.19782e-05
-1.23102e-05
-1.26484e-05
4.15653e-07
7.00117e-08
-2.70279e-07
-6.05271e-07
-9.35025e-07
-1.25964e-06
-1.57925e-06
-1.894e-06
-2.20408e-06
-2.50969e-06
-2.81107e-06
-3.10846e-06
-3.40212e-06
-3.69235e-06
-3.97942e-06
-4.26364e-06
-4.54535e-06
-4.82485e-06
-5.10252e-06
-5.37863e-06
-5.6537e-06
-5.92766e-06
-6.20053e-06
-6.47292e-06
-6.74464e-06
-7.01594e-06
-7.28721e-06
-7.55889e-06
-7.83139e-06
-8.10516e-06
-8.38063e-06
-8.65819e-06
-8.93806e-06
-9.22125e-06
-9.50814e-06
-9.79871e-06
-1.00934e-05
-1.03928e-05
-1.06972e-05
-1.1007e-05
-1.13224e-05
-1.16437e-05
-1.19712e-05
-1.23048e-05
-1.26448e-05
4.12935e-07
6.52746e-08
-2.76899e-07
-6.13625e-07
-9.44954e-07
-1.27098e-06
-1.59181e-06
-1.90761e-06
-2.21855e-06
-2.52483e-06
-2.82666e-06
-3.12429e-06
-3.41795e-06
-3.70793e-06
-3.99451e-06
-4.27796e-06
-4.55859e-06
-4.83667e-06
-5.11255e-06
-5.38647e-06
-5.65892e-06
-5.92976e-06
-6.1995e-06
-6.46905e-06
-6.7383e-06
-7.00752e-06
-7.27713e-06
-7.54747e-06
-7.81893e-06
-8.0919e-06
-8.36678e-06
-8.64397e-06
-8.92367e-06
-9.20686e-06
-9.49393e-06
-9.78484e-06
-1.008e-05
-1.03801e-05
-1.06853e-05
-1.09961e-05
-1.13127e-05
-1.16353e-05
-1.19643e-05
-1.22995e-05
-1.26413e-05
-4.58364e-06
-1.0077e-05
-1.07642e-05
-1.11803e-05
-1.18084e-05
-1.25755e-05
-1.34495e-05
-1.44117e-05
-1.54521e-05
-1.65676e-05
-1.77586e-05
-1.90289e-05
-2.03855e-05
-2.18411e-05
-2.34146e-05
-2.0495e-06
-7.2597e-06
-9.23273e-06
-1.03985e-05
-1.13898e-05
-1.23355e-05
-1.33046e-05
-1.43219e-05
-1.53959e-05
-1.65321e-05
-1.77358e-05
-1.90133e-05
-2.03735e-05
-2.18298e-05
-2.34019e-05
-5.4059e-07
-5.38891e-06
-8.04615e-06
-9.69754e-06
-1.09769e-05
-1.20911e-05
-1.31569e-05
-1.42313e-05
-1.534e-05
-1.64975e-05
-1.7714e-05
-1.89986e-05
-2.03619e-05
-2.18186e-05
-2.33888e-05
2.35644e-08
-4.22177e-06
-7.10503e-06
-9.06487e-06
-1.05723e-05
-1.18432e-05
-1.3007e-05
-1.41411e-05
-1.5286e-05
-1.64653e-05
-1.76944e-05
-1.89857e-05
-2.03517e-05
-2.18081e-05
-2.33757e-05
1.58392e-07
-3.33669e-06
-6.21887e-06
-8.40135e-06
-1.01197e-05
-1.1554e-05
-1.28297e-05
-1.40349e-05
-1.52238e-05
-1.64294e-05
-1.76735e-05
-1.89725e-05
-2.03413e-05
-2.17971e-05
-2.33614e-05
1.65131e-07
-2.74012e-06
-5.44219e-06
-7.72125e-06
-9.60828e-06
-1.12027e-05
-1.26035e-05
-1.38957e-05
-1.5141e-05
-1.63815e-05
-1.76459e-05
-1.89555e-05
-2.03284e-05
-2.17838e-05
-2.33444e-05
2.48651e-08
-2.40659e-06
-4.84694e-06
-7.09439e-06
-9.07225e-06
-1.07958e-05
-1.23196e-05
-1.37093e-05
-1.50243e-05
-1.63108e-05
-1.76035e-05
-1.89288e-05
-2.03088e-05
-2.17652e-05
-2.33223e-05
-2.80552e-07
-2.31999e-06
-4.47307e-06
-6.59241e-06
-8.57107e-06
-1.03673e-05
-1.19891e-05
-1.34729e-05
-1.48642e-05
-1.62065e-05
-1.75365e-05
-1.88846e-05
-2.02762e-05
-2.17363e-05
-2.32911e-05
-7.2813e-07
-2.44831e-06
-4.32444e-06
-6.26176e-06
-8.1645e-06
-9.96709e-06
-1.16435e-05
-1.32e-05
-1.46622e-05
-1.60632e-05
-1.74369e-05
-1.88142e-05
-2.02229e-05
-2.16903e-05
-2.32447e-05
-1.29174e-06
-2.75399e-06
-4.38134e-06
-6.11824e-06
-7.89395e-06
-9.64344e-06
-1.13237e-05
-1.29182e-05
-1.44323e-05
-1.5885e-05
-1.73022e-05
-1.87118e-05
-2.01416e-05
-2.16197e-05
-2.31758e-05
-1.95038e-06
-3.20348e-06
-4.61503e-06
-6.15522e-06
-7.77781e-06
-9.43034e-06
-1.10675e-05
-1.266e-05
-1.41974e-05
-1.56846e-05
-1.71371e-05
-1.85766e-05
-2.00278e-05
-2.15179e-05
-2.30768e-05
-2.68918e-06
-3.77094e-06
-4.99768e-06
-6.35546e-06
-7.81701e-06
-9.34545e-06
-1.0902e-05
-1.24545e-05
-1.39828e-05
-1.54803e-05
-1.69522e-05
-1.84124e-05
-1.98805e-05
-2.13806e-05
-2.29408e-05
-3.49769e-06
-4.43742e-06
-5.50625e-06
-6.69955e-06
-8.00315e-06
-9.39406e-06
-1.08438e-05
-1.23237e-05
-1.38106e-05
-1.52909e-05
-1.6761e-05
-1.82268e-05
-1.97017e-05
-2.12053e-05
-2.27622e-05
-4.36704e-06
-5.18792e-06
-6.12168e-06
-7.16886e-06
-8.32365e-06
-9.5736e-06
-1.09004e-05
-1.22826e-05
-1.36992e-05
-1.51338e-05
-1.65773e-05
-1.80288e-05
-1.94954e-05
-2.0991e-05
-2.25357e-05
-5.28748e-06
-6.00835e-06
-6.82652e-06
-7.74514e-06
-8.76333e-06
-9.87581e-06
-1.10727e-05
-1.23401e-05
-1.36623e-05
-1.50242e-05
-1.64147e-05
-1.78283e-05
-1.92667e-05
-2.07381e-05
-2.22572e-05
-6.24704e-06
-6.8836e-06
-7.60294e-06
-8.4093e-06
-9.30442e-06
-1.02874e-05
-1.13542e-05
-1.24978e-05
-1.37081e-05
-1.49742e-05
-1.62858e-05
-1.7636e-05
-1.90225e-05
-2.04488e-05
-2.19239e-05
-7.23236e-06
-7.7977e-06
-8.43256e-06
-9.14134e-06
-9.92689e-06
-1.07907e-05
-1.17325e-05
-1.27498e-05
-1.38381e-05
-1.49909e-05
-1.62011e-05
-1.74625e-05
-1.87714e-05
-2.0128e-05
-2.15365e-05
-8.22754e-06
-8.73272e-06
-9.29536e-06
-9.91949e-06
-1.06082e-05
-1.13641e-05
-1.21887e-05
-1.30828e-05
-1.40454e-05
-1.50742e-05
-1.61658e-05
-1.73164e-05
-1.8523e-05
-1.97841e-05
-2.11007e-05
-9.21158e-06
-9.66587e-06
-1.01668e-05
-1.07177e-05
-1.13214e-05
-1.19805e-05
-1.26977e-05
-1.34751e-05
-1.4314e-05
-1.52151e-05
-1.61781e-05
-1.72019e-05
-1.82854e-05
-1.94275e-05
-2.06277e-05
-1.01652e-05
-1.05761e-05
-1.10238e-05
-1.15109e-05
-1.20398e-05
-1.26129e-05
-1.32329e-05
-1.39023e-05
-1.46237e-05
-1.53993e-05
-1.62308e-05
-1.71196e-05
-1.80664e-05
-1.90718e-05
-2.01353e-05
-1.09941e-05
-1.13712e-05
-1.17768e-05
-1.22129e-05
-1.26813e-05
-1.31841e-05
-1.37235e-05
-1.43021e-05
-1.49226e-05
-1.55877e-05
-1.63001e-05
-1.70626e-05
-1.78774e-05
-1.87464e-05
-1.96709e-05
-1.16331e-05
-1.19863e-05
-1.23615e-05
-1.27603e-05
-1.31841e-05
-1.36347e-05
-1.4114e-05
-1.46243e-05
-1.5168e-05
-1.57479e-05
-1.63669e-05
-1.70282e-05
-1.77348e-05
-1.84898e-05
-1.92957e-05
-1.20749e-05
-1.24121e-05
-1.27671e-05
-1.31409e-05
-1.35346e-05
-1.39499e-05
-1.43883e-05
-1.48517e-05
-1.53423e-05
-1.58626e-05
-1.64155e-05
-1.7004e-05
-1.76315e-05
-1.83016e-05
-1.90176e-05
-1.2383e-05
-1.27105e-05
-1.30525e-05
-1.341e-05
-1.37839e-05
-1.41754e-05
-1.45861e-05
-1.50173e-05
-1.54712e-05
-1.59499e-05
-1.64559e-05
-1.69923e-05
-1.75623e-05
-1.81696e-05
-1.88179e-05
-1.25952e-05
-1.29173e-05
-1.32517e-05
-1.3599e-05
-1.39602e-05
-1.43363e-05
-1.47285e-05
-1.51381e-05
-1.55669e-05
-1.60168e-05
-1.649e-05
-1.69894e-05
-1.75179e-05
-1.80791e-05
-1.86765e-05
-1.27389e-05
-1.30588e-05
-1.33893e-05
-1.3731e-05
-1.40848e-05
-1.44513e-05
-1.48318e-05
-1.52274e-05
-1.56394e-05
-1.60697e-05
-1.65202e-05
-1.69934e-05
-1.7492e-05
-1.80191e-05
-1.85783e-05
-1.28346e-05
-1.31546e-05
-1.3484e-05
-1.38233e-05
-1.41732e-05
-1.45346e-05
-1.49081e-05
-1.5295e-05
-1.56962e-05
-1.61134e-05
-1.65483e-05
-1.7003e-05
-1.74798e-05
-1.79816e-05
-1.85114e-05
-1.28972e-05
-1.32188e-05
-1.35489e-05
-1.38881e-05
-1.42369e-05
-1.45959e-05
-1.49659e-05
-1.53477e-05
-1.57423e-05
-1.61509e-05
-1.65751e-05
-1.70166e-05
-1.74775e-05
-1.79601e-05
-1.8467e-05
-1.29373e-05
-1.32615e-05
-1.35936e-05
-1.39341e-05
-1.42835e-05
-1.46422e-05
-1.50108e-05
-1.53901e-05
-1.57808e-05
-1.6184e-05
-1.66009e-05
-1.7033e-05
-1.74819e-05
-1.79497e-05
-1.84385e-05
-1.29625e-05
-1.32898e-05
-1.36247e-05
-1.39674e-05
-1.43184e-05
-1.46781e-05
-1.50468e-05
-1.54252e-05
-1.58139e-05
-1.62137e-05
-1.66256e-05
-1.70508e-05
-1.74906e-05
-1.79468e-05
-1.8421e-05
-1.29778e-05
-1.33086e-05
-1.36465e-05
-1.3992e-05
-1.43453e-05
-1.47066e-05
-1.50764e-05
-1.54549e-05
-1.58428e-05
-1.62406e-05
-1.66491e-05
-1.70692e-05
-1.75019e-05
-1.79487e-05
-1.84108e-05
-1.29868e-05
-1.3321e-05
-1.36622e-05
-1.40107e-05
-1.43665e-05
-1.47299e-05
-1.51011e-05
-1.54805e-05
-1.58683e-05
-1.6265e-05
-1.6671e-05
-1.70873e-05
-1.75143e-05
-1.79534e-05
-1.84053e-05
-1.29918e-05
-1.33294e-05
-1.36738e-05
-1.40251e-05
-1.43836e-05
-1.47492e-05
-1.51222e-05
-1.55026e-05
-1.58908e-05
-1.62869e-05
-1.66913e-05
-1.71044e-05
-1.75269e-05
-1.79595e-05
-1.84027e-05
-1.29942e-05
-1.33349e-05
-1.36824e-05
-1.40365e-05
-1.43976e-05
-1.47654e-05
-1.51402e-05
-1.55219e-05
-1.59106e-05
-1.63064e-05
-1.67096e-05
-1.71204e-05
-1.7539e-05
-1.79661e-05
-1.84019e-05
-1.2995e-05
-1.33387e-05
-1.36889e-05
-1.40457e-05
-1.44091e-05
-1.47791e-05
-1.51557e-05
-1.55386e-05
-1.5928e-05
-1.63238e-05
-1.67261e-05
-1.71349e-05
-1.75503e-05
-1.79726e-05
-1.8402e-05
-1.29948e-05
-1.33411e-05
-1.36939e-05
-1.40531e-05
-1.44188e-05
-1.47908e-05
-1.5169e-05
-1.55532e-05
-1.59433e-05
-1.63392e-05
-1.67407e-05
-1.71479e-05
-1.75605e-05
-1.79788e-05
-1.84026e-05
-1.2994e-05
-1.33427e-05
-1.36977e-05
-1.40592e-05
-1.44269e-05
-1.48007e-05
-1.51804e-05
-1.55658e-05
-1.59566e-05
-1.63526e-05
-1.67536e-05
-1.71594e-05
-1.75697e-05
-1.79845e-05
-1.84034e-05
-1.29928e-05
-1.33436e-05
-1.37007e-05
-1.40642e-05
-1.44337e-05
-1.48092e-05
-1.51903e-05
-1.55767e-05
-1.59682e-05
-1.63644e-05
-1.67649e-05
-1.71695e-05
-1.75778e-05
-1.79895e-05
-1.84041e-05
-1.29912e-05
-1.3344e-05
-1.37032e-05
-1.40685e-05
-1.44398e-05
-1.48169e-05
-1.51993e-05
-1.55868e-05
-1.59789e-05
-1.63753e-05
-1.67755e-05
-1.7179e-05
-1.75854e-05
-1.79943e-05
-1.84049e-05
-1.29896e-05
-1.33442e-05
-1.37051e-05
-1.40722e-05
-1.44452e-05
-1.48238e-05
-1.52076e-05
-1.55961e-05
-1.59889e-05
-1.63855e-05
-1.67854e-05
-1.71879e-05
-1.75926e-05
-1.79988e-05
-1.84056e-05
-4.19343e-06
-4.19306e-06
-4.19683e-06
-4.20406e-06
-4.21413e-06
-4.22636e-06
-4.24052e-06
-4.25644e-06
-4.27404e-06
-4.29336e-06
-4.31449e-06
-4.33758e-06
-4.36276e-06
-4.3901e-06
-4.41959e-06
-4.45109e-06
-4.48428e-06
-4.51855e-06
-4.55291e-06
-4.58581e-06
-4.61503e-06
-4.63772e-06
-4.64814e-06
-4.63947e-06
-4.60643e-06
-4.54417e-06
-4.44832e-06
-4.31594e-06
-4.14672e-06
-3.94345e-06
-3.70786e-06
-3.4454e-06
-3.17302e-06
-2.90658e-06
-2.66164e-06
-2.45225e-06
-2.29074e-06
-2.18489e-06
-2.13566e-06
-2.13676e-06
-2.17549e-06
-2.23515e-06
-2.29944e-06
-2.34701e-06
-2.36696e-06
-4.1881e-06
-4.18842e-06
-4.1915e-06
-4.19674e-06
-4.20368e-06
-4.21227e-06
-4.22226e-06
-4.23355e-06
-4.24612e-06
-4.26001e-06
-4.27529e-06
-4.29207e-06
-4.31043e-06
-4.33048e-06
-4.35229e-06
-4.37584e-06
-4.40098e-06
-4.42737e-06
-4.45427e-06
-4.48041e-06
-4.50378e-06
-4.52133e-06
-4.52724e-06
-4.51545e-06
-4.48136e-06
-4.42066e-06
-4.32958e-06
-4.20575e-06
-4.04863e-06
-3.85966e-06
-3.64354e-06
-3.41171e-06
-3.17442e-06
-2.94247e-06
-2.72938e-06
-2.54929e-06
-2.41256e-06
-2.32395e-06
-2.28215e-06
-2.2801e-06
-2.30659e-06
-2.34859e-06
-2.39385e-06
-2.43274e-06
-2.459e-06
-4.17451e-06
-4.17717e-06
-4.18119e-06
-4.18651e-06
-4.19297e-06
-4.20045e-06
-4.20886e-06
-4.21818e-06
-4.22843e-06
-4.23967e-06
-4.25202e-06
-4.2656e-06
-4.28056e-06
-4.29709e-06
-4.3154e-06
-4.33572e-06
-4.35828e-06
-4.38328e-06
-4.41075e-06
-4.44043e-06
-4.47147e-06
-4.50189e-06
-4.52592e-06
-4.53623e-06
-4.52652e-06
-4.49048e-06
-4.42232e-06
-4.31797e-06
-4.17574e-06
-3.99679e-06
-3.78508e-06
-3.55041e-06
-3.30503e-06
-3.06294e-06
-2.83929e-06
-2.64841e-06
-2.50141e-06
-2.40411e-06
-2.35611e-06
-2.35098e-06
-2.37787e-06
-2.42383e-06
-2.47642e-06
-2.52797e-06
-2.57754e-06
-4.15671e-06
-4.16239e-06
-4.16796e-06
-4.17385e-06
-4.18024e-06
-4.18709e-06
-4.1944e-06
-4.20224e-06
-4.21068e-06
-4.21987e-06
-4.22997e-06
-4.24119e-06
-4.25379e-06
-4.26813e-06
-4.28469e-06
-4.30411e-06
-4.32724e-06
-4.35519e-06
-4.38927e-06
-4.43091e-06
-4.48131e-06
-4.54036e-06
-4.60171e-06
-4.65451e-06
-4.68875e-06
-4.69438e-06
-4.66198e-06
-4.58532e-06
-4.46156e-06
-4.29154e-06
-4.08018e-06
-3.83621e-06
-3.57302e-06
-3.30643e-06
-3.05377e-06
-2.83189e-06
-2.65472e-06
-2.531e-06
-2.46278e-06
-2.44528e-06
-2.46817e-06
-2.5178e-06
-2.58015e-06
-2.64718e-06
-2.71998e-06
-4.13801e-06
-4.14702e-06
-4.15435e-06
-4.16109e-06
-4.16779e-06
-4.17448e-06
-4.18122e-06
-4.18815e-06
-4.19544e-06
-4.20329e-06
-4.21194e-06
-4.22171e-06
-4.233e-06
-4.24641e-06
-4.26275e-06
-4.28322e-06
-4.30951e-06
-4.34399e-06
-4.38973e-06
-4.45054e-06
-4.53047e-06
-4.63224e-06
-4.7485e-06
-4.86238e-06
-4.95806e-06
-5.02005e-06
-5.03423e-06
-4.99358e-06
-4.89486e-06
-4.73812e-06
-4.52678e-06
-4.27062e-06
-3.98296e-06
-3.6811e-06
-3.38478e-06
-3.11428e-06
-2.88784e-06
-2.71894e-06
-2.61396e-06
-2.57116e-06
-2.5814e-06
-2.63004e-06
-2.70052e-06
-2.78317e-06
-2.87972e-06
-4.12116e-06
-4.13314e-06
-4.14222e-06
-4.14996e-06
-4.15721e-06
-4.16406e-06
-4.17064e-06
-4.17716e-06
-4.18386e-06
-4.191e-06
-4.19893e-06
-4.20804e-06
-4.21893e-06
-4.23243e-06
-4.24977e-06
-4.27277e-06
-4.30411e-06
-4.34765e-06
-4.40863e-06
-4.49372e-06
-4.61051e-06
-4.76524e-06
-4.94926e-06
-5.13701e-06
-5.30462e-06
-5.43013e-06
-5.49923e-06
-5.50307e-06
-5.4356e-06
-5.2989e-06
-5.09124e-06
-4.82327e-06
-4.50911e-06
-4.16694e-06
-3.81848e-06
-3.48753e-06
-3.19739e-06
-2.96766e-06
-2.81076e-06
-2.72962e-06
-2.71731e-06
-2.75853e-06
-2.83372e-06
-2.93094e-06
-3.05205e-06
-4.10771e-06
-4.12231e-06
-4.13302e-06
-4.14179e-06
-4.14969e-06
-4.15689e-06
-4.16356e-06
-4.16997e-06
-4.17642e-06
-4.18326e-06
-4.19089e-06
-4.19982e-06
-4.21081e-06
-4.22493e-06
-4.24383e-06
-4.26999e-06
-4.30715e-06
-4.36076e-06
-4.43842e-06
-4.55005e-06
-4.70709e-06
-4.91973e-06
-5.1777e-06
-5.44445e-06
-5.68701e-06
-5.88292e-06
-6.01696e-06
-6.07308e-06
-6.04172e-06
-5.9198e-06
-5.71709e-06
-5.44078e-06
-5.10348e-06
-4.72305e-06
-4.32215e-06
-3.92733e-06
-3.56677e-06
-3.26666e-06
-3.04669e-06
-2.91604e-06
-2.87149e-06
-2.89799e-06
-2.9733e-06
-3.08302e-06
-3.22895e-06
-4.09876e-06
-4.11563e-06
-4.12779e-06
-4.13753e-06
-4.14613e-06
-4.15375e-06
-4.16062e-06
-4.16707e-06
-4.17345e-06
-4.18015e-06
-4.18764e-06
-4.19653e-06
-4.2077e-06
-4.22247e-06
-4.24286e-06
-4.27198e-06
-4.31459e-06
-4.37776e-06
-4.47153e-06
-4.60923e-06
-4.80633e-06
-5.07698e-06
-5.4099e-06
-5.75718e-06
-6.07771e-06
-6.34381e-06
-6.53342e-06
-6.63162e-06
-6.63174e-06
-6.53258e-06
-6.33991e-06
-6.06089e-06
-5.70738e-06
-5.29619e-06
-4.84972e-06
-4.39592e-06
-3.96667e-06
-3.59423e-06
-3.30597e-06
-3.11848e-06
-3.03382e-06
-3.03871e-06
-3.1091e-06
-3.2285e-06
-3.39851e-06
-4.09491e-06
-4.11373e-06
-4.12718e-06
-4.13783e-06
-4.14708e-06
-4.15514e-06
-4.16223e-06
-4.16873e-06
-4.17503e-06
-4.18156e-06
-4.18883e-06
-4.19753e-06
-4.20863e-06
-4.22365e-06
-4.24493e-06
-4.27615e-06
-4.32301e-06
-4.39409e-06
-4.50184e-06
-4.66305e-06
-4.89719e-06
-5.22163e-06
-5.62535e-06
-6.04792e-06
-6.43913e-06
-6.76571e-06
-7.00367e-06
-7.13938e-06
-7.16778e-06
-7.08843e-06
-6.90649e-06
-6.62891e-06
-6.2664e-06
-5.83408e-06
-5.35296e-06
-4.85076e-06
-4.36132e-06
-3.92157e-06
-3.56608e-06
-3.31919e-06
-3.1896e-06
-3.16736e-06
-3.22806e-06
-3.35378e-06
-3.54604e-06
-4.0964e-06
-4.11695e-06
-4.13156e-06
-4.14304e-06
-4.15289e-06
-4.16131e-06
-4.16855e-06
-4.175e-06
-4.18108e-06
-4.18724e-06
-4.19401e-06
-4.20213e-06
-4.21266e-06
-4.22723e-06
-4.24845e-06
-4.28048e-06
-4.32984e-06
-4.40649e-06
-4.52509e-06
-4.70596e-06
-4.97236e-06
-5.34359e-06
-5.81061e-06
-6.29968e-06
-6.75117e-06
-7.12775e-06
-7.40477e-06
-7.56975e-06
-7.6192e-06
-7.55462e-06
-7.3816e-06
-7.10719e-06
-6.74098e-06
-6.29618e-06
-5.79159e-06
-5.25345e-06
-4.71571e-06
-4.21811e-06
-3.80141e-06
-3.49702e-06
-3.32093e-06
-3.26804e-06
-3.31499e-06
-3.44351e-06
-3.65529e-06
-4.10323e-06
-4.12538e-06
-4.14107e-06
-4.15332e-06
-4.1637e-06
-4.17239e-06
-4.17963e-06
-4.18583e-06
-4.19142e-06
-4.19687e-06
-4.20273e-06
-4.20973e-06
-4.21899e-06
-4.23223e-06
-4.25225e-06
-4.28357e-06
-4.33344e-06
-4.41301e-06
-4.53886e-06
-4.73459e-06
-5.02687e-06
-5.43933e-06
-5.95946e-06
-6.50479e-06
-7.00546e-06
-7.42102e-06
-7.72657e-06
-7.91116e-06
-7.97349e-06
-7.91742e-06
-7.74959e-06
-7.47746e-06
-7.10982e-06
-6.65807e-06
-6.13862e-06
-5.57539e-06
-5.00103e-06
-4.45622e-06
-3.98727e-06
-3.63031e-06
-3.4088e-06
-3.32359e-06
-3.35376e-06
-3.48164e-06
-3.70969e-06
-4.1153e-06
-4.13905e-06
-4.15578e-06
-4.16874e-06
-4.17957e-06
-4.18838e-06
-4.19543e-06
-4.20111e-06
-4.20587e-06
-4.21017e-06
-4.21457e-06
-4.21981e-06
-4.227e-06
-4.23794e-06
-4.25554e-06
-4.28463e-06
-4.33301e-06
-4.41289e-06
-4.5425e-06
-4.74787e-06
-5.05943e-06
-5.50762e-06
-6.07174e-06
-6.66228e-06
-7.20136e-06
-7.6454e-06
-7.96955e-06
-8.1647e-06
-8.23206e-06
-8.17785e-06
-8.01019e-06
-7.73721e-06
-7.36727e-06
-6.91032e-06
-6.38057e-06
-5.79946e-06
-5.19734e-06
-4.61401e-06
-4.10269e-06
-3.69942e-06
-3.43493e-06
-3.31713e-06
-3.3284e-06
-3.45251e-06
-3.69332e-06
-4.13251e-06
-4.15793e-06
-4.1757e-06
-4.18934e-06
-4.20051e-06
-4.20929e-06
-4.21589e-06
-4.22072e-06
-4.22422e-06
-4.22687e-06
-4.2292e-06
-4.23197e-06
-4.23627e-06
-4.24392e-06
-4.25792e-06
-4.28332e-06
-4.32839e-06
-4.40622e-06
-4.53652e-06
-4.74681e-06
-5.07318e-06
-5.54931e-06
-6.14911e-06
-6.77538e-06
-7.34341e-06
-7.80683e-06
-8.14113e-06
-8.33911e-06
-8.40448e-06
-8.34575e-06
-8.17261e-06
-7.89401e-06
-7.51825e-06
-7.05432e-06
-6.5147e-06
-5.91868e-06
-5.29422e-06
-4.67809e-06
-4.13012e-06
-3.68735e-06
-3.38298e-06
-3.23316e-06
-3.22416e-06
-3.34171e-06
-3.59183e-06
-4.15477e-06
-4.18201e-06
-4.20087e-06
-4.21516e-06
-4.22657e-06
-4.23511e-06
-4.24097e-06
-4.24456e-06
-4.24633e-06
-4.24676e-06
-4.24639e-06
-4.24594e-06
-4.24652e-06
-4.24993e-06
-4.25925e-06
-4.27967e-06
-4.31984e-06
-4.39363e-06
-4.52209e-06
-4.73458e-06
-5.07097e-06
-5.56715e-06
-6.19538e-06
-6.84985e-06
-7.43899e-06
-7.91439e-06
-8.2521e-06
-8.44656e-06
-8.50397e-06
-8.43484e-06
-8.25036e-06
-7.96037e-06
-7.57333e-06
-7.09774e-06
-6.54498e-06
-5.9327e-06
-5.28736e-06
-4.64399e-06
-4.05841e-06
-3.57962e-06
-3.2391e-06
-3.05847e-06
-3.02831e-06
-3.13681e-06
-3.39297e-06
-4.18209e-06
-4.21135e-06
-4.23139e-06
-4.2463e-06
-4.25781e-06
-4.26588e-06
-4.27065e-06
-4.27256e-06
-4.27208e-06
-4.26968e-06
-4.26594e-06
-4.26156e-06
-4.25761e-06
-4.25592e-06
-4.2596e-06
-4.27394e-06
-4.30793e-06
-4.37607e-06
-4.5007e-06
-4.71322e-06
-5.05522e-06
-5.56545e-06
-6.21644e-06
-6.89258e-06
-7.49649e-06
-7.97804e-06
-8.31407e-06
-8.49988e-06
-8.54432e-06
-8.4595e-06
-8.25786e-06
-7.95013e-06
-7.54506e-06
-7.05105e-06
-6.47903e-06
-5.84558e-06
-5.1764e-06
-4.50689e-06
-3.88298e-06
-3.3685e-06
-2.99396e-06
-2.78301e-06
-2.73065e-06
-2.82764e-06
-3.08687e-06
-4.21456e-06
-4.2461e-06
-4.2674e-06
-4.28289e-06
-4.29436e-06
-4.30166e-06
-4.30495e-06
-4.30468e-06
-4.30136e-06
-4.2955e-06
-4.28771e-06
-4.27869e-06
-4.26949e-06
-4.26193e-06
-4.25916e-06
-4.26656e-06
-4.29336e-06
-4.35465e-06
-4.47385e-06
-4.68419e-06
-5.02885e-06
-5.54927e-06
-6.21807e-06
-6.91049e-06
-7.52423e-06
-8.00755e-06
-8.33723e-06
-8.51084e-06
-8.53822e-06
-8.43297e-06
-8.20855e-06
-7.87637e-06
-7.44569e-06
-6.92525e-06
-6.32592e-06
-5.66396e-06
-4.9645e-06
-4.26413e-06
-3.60282e-06
-3.04982e-06
-2.64115e-06
-2.39924e-06
-2.32341e-06
-2.40637e-06
-2.66601e-06
-4.25241e-06
-4.28651e-06
-4.30917e-06
-4.32517e-06
-4.33638e-06
-4.34256e-06
-4.34389e-06
-4.34087e-06
-4.33407e-06
-4.32408e-06
-4.31156e-06
-4.29725e-06
-4.28211e-06
-4.26804e-06
-4.2582e-06
-4.258e-06
-4.27691e-06
-4.33051e-06
-4.44313e-06
-4.64963e-06
-4.99494e-06
-5.5227e-06
-6.20507e-06
-6.90959e-06
-7.52935e-06
-8.01105e-06
-8.33154e-06
-8.48976e-06
-8.49653e-06
-8.3665e-06
-8.11389e-06
-7.75062e-06
-7.28648e-06
-6.73072e-06
-6.09467e-06
-5.3949e-06
-4.65716e-06
-3.91841e-06
-3.21709e-06
-2.62297e-06
-2.176e-06
-1.90174e-06
-1.80117e-06
-1.86741e-06
-2.12529e-06
-4.29596e-06
-4.33293e-06
-4.35704e-06
-4.37345e-06
-4.38411e-06
-4.38872e-06
-4.38751e-06
-4.38106e-06
-4.37007e-06
-4.35523e-06
-4.3373e-06
-4.31712e-06
-4.29547e-06
-4.27435e-06
-4.25698e-06
-4.24875e-06
-4.25932e-06
-4.30471e-06
-4.41005e-06
-4.61165e-06
-4.95609e-06
-5.48894e-06
-6.18182e-06
-6.89525e-06
-7.51812e-06
-7.99562e-06
-8.30464e-06
-8.44491e-06
-8.42803e-06
-8.26929e-06
-7.98335e-06
-7.58247e-06
-7.07695e-06
-6.47673e-06
-5.79399e-06
-5.04628e-06
-4.25986e-06
-3.47168e-06
-2.72875e-06
-2.08894e-06
-1.59835e-06
-1.28818e-06
-1.16104e-06
-1.20701e-06
-1.46217e-06
-4.34567e-06
-4.38585e-06
-4.41148e-06
-4.4281e-06
-4.43782e-06
-4.4403e-06
-4.43583e-06
-4.42517e-06
-4.40919e-06
-4.38873e-06
-4.36469e-06
-4.33807e-06
-4.30953e-06
-4.28092e-06
-4.25574e-06
-4.23924e-06
-4.24127e-06
-4.27822e-06
-4.37591e-06
-4.57201e-06
-4.91454e-06
-5.45083e-06
-6.15189e-06
-6.87179e-06
-7.49552e-06
-7.96684e-06
-8.26254e-06
-8.38277e-06
-8.3396e-06
-8.14857e-06
-7.82447e-06
-7.37976e-06
-6.82514e-06
-6.17136e-06
-5.4318e-06
-4.62545e-06
-3.77997e-06
-2.93387e-06
-2.13684e-06
-1.44552e-06
-9.10749e-07
-5.59234e-07
-4.02353e-07
-4.23188e-07
-6.75555e-07
-4.40216e-06
-4.44589e-06
-4.47304e-06
-4.48961e-06
-4.49784e-06
-4.49743e-06
-4.48883e-06
-4.47304e-06
-4.45116e-06
-4.42427e-06
-4.39352e-06
-4.35985e-06
-4.32396e-06
-4.28777e-06
-4.25463e-06
-4.22984e-06
-4.22333e-06
-4.2518e-06
-4.34183e-06
-4.5321e-06
-4.8721e-06
-5.41063e-06
-6.11808e-06
-6.84255e-06
-7.46538e-06
-7.92899e-06
-8.20985e-06
-8.3083e-06
-8.23649e-06
-8.00992e-06
-7.64322e-06
-7.14883e-06
-6.5378e-06
-5.82173e-06
-5.01539e-06
-4.13964e-06
-3.22419e-06
-2.30979e-06
-1.44816e-06
-6.97882e-07
-1.13192e-07
2.83502e-07
4.75242e-07
4.78288e-07
2.3863e-07
-4.46617e-06
-4.5138e-06
-4.54244e-06
-4.55851e-06
-4.56453e-06
-4.56027e-06
-4.54645e-06
-4.52443e-06
-4.49565e-06
-4.46152e-06
-4.42336e-06
-4.38206e-06
-4.33857e-06
-4.29478e-06
-4.25371e-06
-4.22076e-06
-4.2059e-06
-4.22615e-06
-4.3086e-06
-4.493e-06
-4.83012e-06
-5.37007e-06
-6.0825e-06
-6.81003e-06
-7.43057e-06
-7.88521e-06
-8.14998e-06
-8.22515e-06
-8.12264e-06
-7.8576e-06
-7.44427e-06
-6.89488e-06
-6.22072e-06
-5.43421e-06
-4.55168e-06
-3.59611e-06
-2.59978e-06
-1.6062e-06
-6.69729e-07
1.48506e-07
7.91088e-07
1.23542e-06
1.46656e-06
1.493e-06
1.27931e-06
-4.53865e-06
-4.59055e-06
-4.6205e-06
-4.63544e-06
-4.63827e-06
-4.62892e-06
-4.60854e-06
-4.579e-06
-4.54219e-06
-4.49988e-06
-4.45361e-06
-4.40432e-06
-4.35315e-06
-4.30173e-06
-4.25293e-06
-4.21212e-06
-4.18929e-06
-4.20167e-06
-4.27686e-06
-4.45553e-06
-4.78963e-06
-5.33041e-06
-6.04671e-06
-6.77605e-06
-7.39315e-06
-7.83778e-06
-8.08539e-06
-8.13596e-06
-8.00094e-06
-7.69487e-06
-7.23137e-06
-6.6223e-06
-5.87901e-06
-5.01476e-06
-4.04744e-06
-3.00233e-06
-1.9146e-06
-8.31012e-07
1.90806e-07
1.08688e-06
1.7953e-06
2.29071e-06
2.56436e-06
2.61574e-06
2.4403e-06
-4.62076e-06
-4.67728e-06
-4.70822e-06
-4.72112e-06
-4.71942e-06
-4.70341e-06
-4.67486e-06
-4.63627e-06
-4.59018e-06
-4.53871e-06
-4.48371e-06
-4.4262e-06
-4.36726e-06
-4.30834e-06
-4.25214e-06
-4.20394e-06
-4.17363e-06
-4.17866e-06
-4.24701e-06
-4.42025e-06
-4.75132e-06
-5.2925e-06
-6.01175e-06
-6.74186e-06
-7.35454e-06
-7.78825e-06
-8.0178e-06
-8.04266e-06
-7.87358e-06
-7.5243e-06
-7.00762e-06
-6.33488e-06
-5.5174e-06
-4.56913e-06
-3.5095e-06
-2.36615e-06
-1.17727e-06
6.80546e-09
1.12475e-06
2.10901e-06
2.89096e-06
3.44415e-06
3.76747e-06
3.85127e-06
3.7103e-06
-4.71396e-06
-4.7754e-06
-4.80677e-06
-4.81635e-06
-4.80836e-06
-4.78371e-06
-4.74501e-06
-4.6957e-06
-4.63893e-06
-4.57737e-06
-4.51306e-06
-4.4471e-06
-4.38043e-06
-4.31429e-06
-4.25116e-06
-4.19612e-06
-4.15896e-06
-4.15725e-06
-4.21932e-06
-4.38749e-06
-4.71563e-06
-5.25692e-06
-5.97834e-06
-6.70831e-06
-7.31571e-06
-7.73772e-06
-7.94841e-06
-7.94659e-06
-7.74218e-06
-7.34791e-06
-6.77564e-06
-6.03605e-06
-5.14033e-06
-4.103e-06
-2.9449e-06
-1.69592e-06
-3.97291e-07
8.96998e-07
2.12157e-06
3.20461e-06
4.06961e-06
4.68729e-06
5.0685e-06
5.1931e-06
5.08856e-06
-4.82003e-06
-4.88663e-06
-4.91752e-06
-4.92198e-06
-4.9054e-06
-4.86963e-06
-4.81847e-06
-4.75656e-06
-4.68765e-06
-4.6151e-06
-4.54099e-06
-4.46644e-06
-4.3922e-06
-4.31924e-06
-4.24973e-06
-4.18851e-06
-4.14521e-06
-4.13746e-06
-4.19386e-06
-4.35742e-06
-4.6828e-06
-5.22396e-06
-5.94688e-06
-6.6759e-06
-7.27725e-06
-7.68688e-06
-7.87803e-06
-7.84877e-06
-7.60801e-06
-7.1674e-06
-6.53776e-06
-5.72901e-06
-4.75213e-06
-3.62207e-06
-2.3609e-06
-1.00054e-06
4.14949e-07
1.828e-06
3.16892e-06
4.36117e-06
5.32136e-06
6.00896e-06
6.45225e-06
6.62537e-06
6.56906e-06
-4.94123e-06
-5.01307e-06
-5.04205e-06
-5.03892e-06
-5.01077e-06
-4.96083e-06
-4.89459e-06
-4.81799e-06
-4.73554e-06
-4.65112e-06
-4.56682e-06
-4.48368e-06
-4.40216e-06
-4.32287e-06
-4.24761e-06
-4.18093e-06
-4.13226e-06
-4.11923e-06
-4.17062e-06
-4.33006e-06
-4.6529e-06
-5.19378e-06
-5.91759e-06
-6.64493e-06
-7.23954e-06
-7.63619e-06
-7.80726e-06
-7.74996e-06
-7.47213e-06
-6.98426e-06
-6.29611e-06
-5.4168e-06
-4.35704e-06
-3.13209e-06
-1.76499e-06
-2.8938e-07
1.24825e-06
2.78702e-06
4.25267e-06
5.563e-06
6.63208e-06
7.40286e-06
7.90976e-06
8.13911e-06
8.13742e-06
-5.08041e-06
-5.15727e-06
-5.18219e-06
-5.16806e-06
-5.12451e-06
-5.05678e-06
-4.97257e-06
-4.87902e-06
-4.7817e-06
-4.68463e-06
-4.58993e-06
-4.49834e-06
-4.40994e-06
-4.32489e-06
-4.24458e-06
-4.17321e-06
-4.11996e-06
-4.10242e-06
-4.1495e-06
-4.30536e-06
-4.62591e-06
-5.16637e-06
-5.89054e-06
-6.61554e-06
-7.2028e-06
-7.58595e-06
-7.7365e-06
-7.65074e-06
-7.3354e-06
-6.79981e-06
-6.05266e-06
-5.10233e-06
-3.9592e-06
-2.63875e-06
-1.16476e-06
4.27889e-07
2.0908e-06
3.76034e-06
5.35786e-06
6.79471e-06
7.9833e-06
8.85689e-06
9.43142e-06
9.72614e-06
9.78648e-06
-5.2412e-06
-5.32233e-06
-5.33994e-06
-5.31021e-06
-5.24643e-06
-5.1568e-06
-5.05134e-06
-4.93866e-06
-4.8252e-06
-4.71495e-06
-4.60979e-06
-4.51005e-06
-4.41527e-06
-4.3251e-06
-4.24047e-06
-4.1652e-06
-4.10816e-06
-4.0869e-06
-4.13037e-06
-4.28317e-06
-4.6017e-06
-5.14166e-06
-5.86571e-06
-6.58776e-06
-7.16715e-06
-7.53637e-06
-7.66608e-06
-7.55163e-06
-7.19864e-06
-6.61529e-06
-5.80928e-06
-4.78835e-06
-3.56259e-06
-2.14763e-06
-5.67718e-07
1.14147e-06
2.93038e-06
4.73349e-06
6.4687e-06
8.0415e-06
9.35843e-06
1.03488e-05
1.10041e-05
1.13742e-05
1.15079e-05
-5.42831e-06
-5.51205e-06
-5.5175e-06
-5.46599e-06
-5.37611e-06
-5.25983e-06
-5.12964e-06
-4.99582e-06
-4.86519e-06
-4.74145e-06
-4.62601e-06
-4.51855e-06
-4.41798e-06
-4.3234e-06
-4.23518e-06
-4.15678e-06
-4.09675e-06
-4.07251e-06
-4.11305e-06
-4.26332e-06
-4.58011e-06
-5.1195e-06
-5.84299e-06
-6.56158e-06
-7.13261e-06
-7.48759e-06
-7.59626e-06
-7.45306e-06
-7.06254e-06
-6.43181e-06
-5.56772e-06
-4.47746e-06
-3.17098e-06
-1.66403e-06
1.88618e-08
1.84173e-06
3.75466e-06
5.69135e-06
7.5676e-06
9.2841e-06
1.07401e-05
1.18578e-05
1.26119e-05
1.30689e-05
1.32912e-05
-5.64802e-06
-5.73098e-06
-5.71711e-06
-5.63569e-06
-5.51266e-06
-5.36438e-06
-5.2062e-06
-5.04946e-06
-4.90094e-06
-4.7637e-06
-4.63834e-06
-4.52374e-06
-4.41806e-06
-4.31977e-06
-4.22871e-06
-4.14792e-06
-4.08563e-06
-4.05912e-06
-4.09737e-06
-4.24561e-06
-4.56095e-06
-5.09971e-06
-5.82227e-06
-6.53691e-06
-7.09922e-06
-7.4397e-06
-7.52726e-06
-7.35544e-06
-6.92777e-06
-6.25044e-06
-5.32959e-06
-4.17207e-06
-2.78785e-06
-1.19287e-06
5.88183e-07
2.51947e-06
4.55153e-06
6.61858e-06
8.63593e-06
1.0501e-05
1.21055e-05
1.33628e-05
1.42368e-05
1.47955e-05
1.51273e-05
-5.90882e-06
-5.98456e-06
-5.94094e-06
-5.81907e-06
-5.65454e-06
-5.46883e-06
-5.27958e-06
-5.09858e-06
-4.93186e-06
-4.78142e-06
-4.64672e-06
-4.52566e-06
-4.41559e-06
-4.31431e-06
-4.2211e-06
-4.13862e-06
-4.07474e-06
-4.04663e-06
-4.08317e-06
-4.22986e-06
-4.54399e-06
-5.08211e-06
-5.80339e-06
-6.51369e-06
-7.06696e-06
-7.39279e-06
-7.45928e-06
-7.25913e-06
-6.79495e-06
-6.07214e-06
-5.09634e-06
-3.87432e-06
-2.41628e-06
-7.38528e-07
1.13412e-06
3.16623e-06
5.30955e-06
7.5001e-06
9.65464e-06
1.16697e-05
1.34306e-05
1.48405e-05
1.58537e-05
1.65359e-05
1.70069e-05
-6.22252e-06
-6.27901e-06
-6.19061e-06
-6.01485e-06
-5.79983e-06
-5.57122e-06
-5.34837e-06
-5.14233e-06
-4.95758e-06
-4.79455e-06
-4.65127e-06
-4.52452e-06
-4.41079e-06
-4.3072e-06
-4.2125e-06
-4.12894e-06
-4.06408e-06
-4.03494e-06
-4.07031e-06
-4.21586e-06
-4.52904e-06
-5.06648e-06
-5.78621e-06
-6.49182e-06
-7.03581e-06
-7.34692e-06
-7.39251e-06
-7.16448e-06
-6.66463e-06
-5.89775e-06
-4.86926e-06
-3.58608e-06
-2.05894e-06
-3.04752e-07
1.6514e-06
3.77461e-06
6.01835e-06
8.32162e-06
1.06047e-05
1.27661e-05
1.46879e-05
1.62641e-05
1.74342e-05
1.82673e-05
1.89211e-05
-6.60589e-06
-6.62119e-06
-6.46602e-06
-6.22171e-06
-5.94567e-06
-5.66937e-06
-5.41124e-06
-5.18009e-06
-4.97799e-06
-4.80325e-06
-4.65227e-06
-4.52065e-06
-4.40397e-06
-4.29869e-06
-4.20307e-06
-4.11898e-06
-4.05367e-06
-4.024e-06
-4.05867e-06
-4.20346e-06
-4.5159e-06
-5.05265e-06
-5.77056e-06
-6.47121e-06
-7.00575e-06
-7.30217e-06
-7.32712e-06
-7.07178e-06
-6.5373e-06
-5.72805e-06
-4.64944e-06
-3.30889e-06
-1.71799e-06
1.05429e-07
2.13575e-06
4.33851e-06
6.66907e-06
9.07031e-06
1.14679e-05
1.37656e-05
1.58465e-05
1.75991e-05
1.89454e-05
1.99622e-05
2.08633e-05
-7.08299e-06
-7.01824e-06
-6.76598e-06
-6.43531e-06
-6.08864e-06
-5.76106e-06
-5.46707e-06
-5.21156e-06
-4.99324e-06
-4.80789e-06
-4.65019e-06
-4.51448e-06
-4.39549e-06
-4.28908e-06
-4.19303e-06
-4.10887e-06
-4.04355e-06
-4.01377e-06
-4.04814e-06
-4.19248e-06
-4.50437e-06
-5.04041e-06
-5.7563e-06
-6.45176e-06
-6.97676e-06
-7.25859e-06
-7.26325e-06
-6.98132e-06
-6.4134e-06
-5.56366e-06
-4.43778e-06
-3.044e-06
-1.39511e-06
4.89753e-07
2.58403e-06
4.85332e-06
7.25476e-06
9.73539e-06
1.22277e-05
1.46439e-05
1.68729e-05
1.88046e-05
2.03445e-05
2.1583e-05
2.28289e-05
-7.68755e-06
-7.47096e-06
-7.08869e-06
-6.65028e-06
-6.22472e-06
-5.84416e-06
-5.51513e-06
-5.23678e-06
-5.00373e-06
-4.80904e-06
-4.64556e-06
-4.5065e-06
-4.38579e-06
-4.27871e-06
-4.18263e-06
-4.09875e-06
-4.03377e-06
-4.00424e-06
-4.03863e-06
-4.1828e-06
-4.4943e-06
-5.02961e-06
-5.7433e-06
-6.4334e-06
-6.94882e-06
-7.21623e-06
-7.20106e-06
-6.89334e-06
-6.29332e-06
-5.40515e-06
-4.23505e-06
-2.79238e-06
-1.09153e-06
8.46607e-07
2.99405e-06
5.31589e-06
7.77045e-06
1.03086e-05
1.287e-05
1.53777e-05
1.77319e-05
1.98327e-05
2.15742e-05
2.30737e-05
2.48106e-05
-8.46616e-06
-7.97543e-06
-7.42155e-06
-6.85918e-06
-6.34946e-06
-5.91675e-06
-5.55501e-06
-5.25608e-06
-5.01011e-06
-4.80736e-06
-4.63903e-06
-4.49726e-06
-4.37528e-06
-4.2679e-06
-4.17208e-06
-4.08877e-06
-4.02441e-06
-3.99539e-06
-4.03006e-06
-4.17428e-06
-4.48552e-06
-5.02008e-06
-5.7314e-06
-6.41601e-06
-6.92188e-06
-7.17511e-06
-7.14063e-06
-6.80805e-06
-6.17738e-06
-5.25298e-06
-4.04186e-06
-2.55483e-06
-8.08249e-07
1.1748e-06
3.36433e-06
5.72415e-06
8.21281e-06
1.07838e-05
1.33834e-05
1.59461e-05
1.83872e-05
2.06276e-05
2.25578e-05
2.43449e-05
2.67808e-05
-9.45958e-06
-8.52336e-06
-7.74871e-06
-7.05238e-06
-6.45824e-06
-5.97732e-06
-5.58675e-06
-5.27012e-06
-5.01315e-06
-4.80361e-06
-4.63124e-06
-4.4873e-06
-4.36441e-06
-4.25698e-06
-4.16164e-06
-4.07908e-06
-4.01552e-06
-3.98722e-06
-4.02238e-06
-4.16682e-06
-4.4779e-06
-5.01168e-06
-5.72051e-06
-6.39952e-06
-6.89588e-06
-7.13519e-06
-7.08196e-06
-6.72548e-06
-6.06566e-06
-5.10728e-06
-3.85838e-06
-2.33153e-06
-5.45417e-07
1.47421e-06
3.69473e-06
6.07781e-06
8.58092e-06
1.11584e-05
1.37607e-05
1.63321e-05
1.88039e-05
2.11265e-05
2.31972e-05
2.52681e-05
2.86914e-05
-1.07653e-05
-9.09647e-06
-8.04747e-06
-7.21961e-06
-6.54819e-06
-6.02616e-06
-5.61177e-06
-5.28044e-06
-5.01423e-06
-4.79889e-06
-4.62305e-06
-4.47726e-06
-4.35366e-06
-4.24631e-06
-4.15154e-06
-4.06984e-06
-4.00719e-06
-3.97972e-06
-4.01548e-06
-4.16025e-06
-4.47126e-06
-5.00428e-06
-5.71059e-06
-6.38402e-06
-6.87101e-06
-7.09668e-06
-7.02519e-06
-6.64558e-06
-5.95785e-06
-4.96733e-06
-3.68338e-06
-2.12057e-06
-3.00289e-07
1.7486e-06
3.99018e-06
6.383e-06
8.8819e-06
1.14397e-05
1.40072e-05
1.65333e-05
1.89607e-05
2.12694e-05
2.3375e-05
2.56946e-05
3.05461e-05
-1.24919e-05
-9.66104e-06
-8.28507e-06
-7.35146e-06
-6.62083e-06
-6.06716e-06
-5.63383e-06
-5.29007e-06
-5.01554e-06
-4.79471e-06
-4.61543e-06
-4.46772e-06
-4.34335e-06
-4.23605e-06
-4.14188e-06
-4.06109e-06
-3.99944e-06
-3.97289e-06
-4.00932e-06
-4.15445e-06
-4.46539e-06
-4.99773e-06
-5.70172e-06
-6.36995e-06
-6.84803e-06
-7.06059e-06
-6.97143e-06
-6.56943e-06
-5.85474e-06
-4.83343e-06
-3.51626e-06
-1.92007e-06
-6.91734e-08
2.00405e-06
4.25983e-06
6.65264e-06
9.13317e-06
1.16501e-05
1.415e-05
1.65777e-05
1.88731e-05
2.10193e-05
2.29406e-05
2.53341e-05
3.20489e-05
-1.3938e-05
-1.00104e-05
-8.40122e-06
-7.42851e-06
-6.67153e-06
-6.09859e-06
-5.6517e-06
-5.29786e-06
-5.016e-06
-4.79009e-06
-4.60752e-06
-4.45797e-06
-4.33288e-06
-4.22569e-06
-4.13224e-06
-4.05253e-06
-3.9921e-06
-3.96671e-06
-4.00405e-06
-4.14967e-06
-4.4605e-06
-4.99189e-06
-5.69334e-06
-6.35652e-06
-6.82636e-06
-7.02707e-06
-6.92215e-06
-6.50035e-06
-5.76207e-06
-4.71412e-06
-3.36876e-06
-1.74503e-06
1.29805e-07
2.21982e-06
4.48119e-06
6.86385e-06
9.31334e-06
1.1772e-05
1.41781e-05
1.6463e-05
1.85427e-05
2.03395e-05
2.16918e-05
2.33149e-05
2.97982e-05
)
;

boundaryField
{
    inlet
    {
        type            uniformJump;
        patchType       cyclic;
        jump            uniform -2.5e-05;
        value           nonuniform List<scalar> 
40
(
7.92718e-07
8.06692e-07
8.21466e-07
8.36491e-07
8.53163e-07
8.72963e-07
8.98176e-07
9.32653e-07
9.82116e-07
1.05385e-06
1.15577e-06
1.29542e-06
1.47976e-06
1.71539e-06
2.00837e-06
2.36337e-06
2.78171e-06
3.25924e-06
3.78498e-06
4.33948e-06
4.86786e-06
5.29826e-06
5.61888e-06
5.85135e-06
6.01779e-06
6.13544e-06
6.21748e-06
6.27389e-06
6.31214e-06
6.3377e-06
6.35461e-06
6.36575e-06
6.37315e-06
6.37816e-06
6.3817e-06
6.38433e-06
6.38639e-06
6.3881e-06
6.38963e-06
6.39107e-06
)
;
        jumpTable       table;
        jumpTableCoeffs
        {
            values          
4
(
(0 -2.5e-05)
(25 -2.5e-05)
(25.5 -0.0001)
(26 -2.5e-05)
)
;
        }
    }
    outlet
    {
        type            uniformJump;
        patchType       cyclic;
        value           nonuniform List<scalar> 
40
(
-2.42073e-05
-2.41933e-05
-2.41785e-05
-2.41635e-05
-2.41468e-05
-2.4127e-05
-2.41018e-05
-2.40673e-05
-2.40179e-05
-2.39461e-05
-2.38442e-05
-2.37046e-05
-2.35202e-05
-2.32846e-05
-2.29916e-05
-2.26366e-05
-2.22183e-05
-2.17408e-05
-2.1215e-05
-2.06605e-05
-2.01321e-05
-1.97017e-05
-1.93811e-05
-1.91487e-05
-1.89822e-05
-1.88646e-05
-1.87825e-05
-1.87261e-05
-1.86879e-05
-1.86623e-05
-1.86454e-05
-1.86342e-05
-1.86269e-05
-1.86218e-05
-1.86183e-05
-1.86157e-05
-1.86136e-05
-1.86119e-05
-1.86104e-05
-1.86089e-05
)
;
    }
    Walls
    {
        type            zeroGradient;
    }
    back
    {
        type            empty;
    }
    front
    {
        type            empty;
    }
}


// ************************************************************************* //
