/*--------------------------------*- C++ -*----------------------------------*\
| =========                 |                                                 |
| \\      /  F ield         | OpenFOAM: The Open Source CFD Toolbox           |
|  \\    /   O peration     | Version:  2312                                  |
|   \\  /    A nd           | Website:  www.openfoam.com                      |
|    \\/     M anipulation  |                                                 |
\*---------------------------------------------------------------------------*/
FoamFile
{
    version     2.0;
    format      ascii;
    arch        "LSB;label=32;scalar=64";
    class       volScalarField;
    location    "91.25";
    object      p;
}
// * * * * * * * * * * * * * * * * * * * * * * * * * * * * * * * * * * * * * //

dimensions      [0 2 -2 0 0 0 0];

internalField   nonuniform List<scalar> 
4800
(
-8.46075e-13
-9.95837e-07
-1.84059e-06
-2.5737e-06
-3.2317e-06
-3.82439e-06
-4.35797e-06
-4.84167e-06
-5.2833e-06
-5.68803e-06
-6.05999e-06
-6.39944e-06
-6.69735e-06
-7.19631e-06
-8.87299e-06
1.00758e-08
-9.84996e-07
-1.82893e-06
-2.56165e-06
-3.21998e-06
-3.8136e-06
-4.34902e-06
-4.8359e-06
-5.28286e-06
-5.69706e-06
-6.08741e-06
-6.46777e-06
-6.85023e-06
-7.3422e-06
-8.18862e-06
2.07198e-08
-9.73316e-07
-1.81648e-06
-2.54848e-06
-3.20608e-06
-3.80013e-06
-4.33679e-06
-4.82601e-06
-5.27704e-06
-5.69777e-06
-6.09824e-06
-6.49258e-06
-6.88696e-06
-7.2853e-06
-7.65674e-06
3.17132e-08
-9.60574e-07
-1.80226e-06
-2.53342e-06
-3.18894e-06
-3.78285e-06
-4.31986e-06
-4.80966e-06
-5.26161e-06
-5.68272e-06
-6.0801e-06
-6.4587e-06
-6.80778e-06
-7.09143e-06
-7.23338e-06
4.43231e-08
-9.45348e-07
-1.78459e-06
-2.51501e-06
-3.16646e-06
-3.75898e-06
-4.29505e-06
-4.78292e-06
-5.23135e-06
-5.64499e-06
-6.02568e-06
-6.36823e-06
-6.65061e-06
-6.83052e-06
-6.84916e-06
6.01123e-08
-9.26014e-07
-1.7617e-06
-2.4903e-06
-3.13725e-06
-3.72561e-06
-4.25828e-06
-4.74061e-06
-5.17961e-06
-5.57669e-06
-5.92822e-06
-6.22239e-06
-6.43523e-06
-6.53453e-06
-6.49035e-06
8.16055e-08
-9.00085e-07
-1.73107e-06
-2.45546e-06
-3.09799e-06
-3.67923e-06
-4.2044e-06
-4.67626e-06
-5.09882e-06
-5.47033e-06
-5.78342e-06
-6.02464e-06
-6.17534e-06
-6.21854e-06
-6.1464e-06
1.12996e-07
-8.63574e-07
-1.68866e-06
-2.4068e-06
-3.04274e-06
-3.61411e-06
-4.12688e-06
-4.58231e-06
-4.98129e-06
-5.31994e-06
-5.59002e-06
-5.78078e-06
-5.88192e-06
-5.8895e-06
-5.80791e-06
1.60519e-07
-8.10618e-07
-1.62859e-06
-2.33851e-06
-2.96464e-06
-3.52253e-06
-4.01775e-06
-4.45066e-06
-4.82005e-06
-5.12162e-06
-5.34898e-06
-5.49644e-06
-5.56157e-06
-5.54887e-06
-5.4678e-06
2.32328e-07
-7.33454e-07
-1.54315e-06
-2.24261e-06
-2.85552e-06
-3.39577e-06
-3.86844e-06
-4.27363e-06
-4.60963e-06
-4.87347e-06
-5.06228e-06
-5.17565e-06
-5.21691e-06
-5.19476e-06
-5.11983e-06
3.37837e-07
-6.22878e-07
-1.42312e-06
-2.10976e-06
-2.70608e-06
-3.22475e-06
-3.67077e-06
-4.04491e-06
-4.34657e-06
-4.57534e-06
-4.73217e-06
-4.82085e-06
-4.84804e-06
-4.82387e-06
-4.75827e-06
4.87112e-07
-4.68796e-07
-1.25838e-06
-1.92983e-06
-2.50676e-06
-3.00093e-06
-3.41799e-06
-3.76037e-06
-4.02969e-06
-4.22849e-06
-4.36092e-06
-4.43345e-06
-4.45413e-06
-4.43296e-06
-4.37852e-06
6.91145e-07
-2.60148e-07
-1.03798e-06
-1.69282e-06
-2.2484e-06
-2.71691e-06
-3.10525e-06
-3.41807e-06
-3.65961e-06
-3.83506e-06
-3.95075e-06
-4.01446e-06
-4.03447e-06
-4.01981e-06
-3.97768e-06
9.6273e-07
1.57382e-08
-7.50497e-07
-1.3881e-06
-1.92217e-06
-2.36621e-06
-2.72888e-06
-3.01711e-06
-3.23746e-06
-3.39701e-06
-3.50332e-06
-3.56453e-06
-3.5885e-06
-3.58313e-06
-3.55437e-06
1.31711e-06
3.73453e-07
-3.82773e-07
-1.00447e-06
-1.51922e-06
-1.94266e-06
-2.2854e-06
-2.55624e-06
-2.76339e-06
-2.91503e-06
-3.01917e-06
-3.0837e-06
-3.11582e-06
-3.12235e-06
-3.10831e-06
1.77062e-06
8.28235e-07
7.89535e-08
-5.3055e-07
-1.03094e-06
-1.44045e-06
-1.77141e-06
-2.03382e-06
-2.23672e-06
-2.38878e-06
-2.49803e-06
-2.5719e-06
-2.61679e-06
-2.63855e-06
-2.64146e-06
2.33615e-06
1.39379e-06
6.47319e-07
4.35025e-08
-4.50655e-07
-8.55529e-07
-1.18479e-06
-1.44904e-06
-1.65757e-06
-1.81896e-06
-1.94098e-06
-2.03057e-06
-2.0936e-06
-2.13515e-06
-2.15891e-06
3.01775e-06
2.07668e-06
1.32857e-06
7.21944e-07
2.23435e-07
-1.88155e-07
-5.27116e-07
-8.04392e-07
-1.02924e-06
-1.20983e-06
-1.35339e-06
-1.46626e-06
-1.55381e-06
-1.62061e-06
-1.67012e-06
3.81106e-06
2.87443e-06
2.12002e-06
1.50144e-06
9.87394e-07
5.56954e-07
1.95998e-07
-1.06173e-07
-3.58468e-07
-5.68623e-07
-7.43296e-07
-8.88239e-07
-1.00855e-06
-1.10827e-06
-1.19025e-06
4.69734e-06
3.77114e-06
3.00773e-06
2.36955e-06
1.8299e-06
1.36958e-06
9.74992e-07
6.36273e-07
3.45212e-07
9.46279e-08
-1.2154e-07
-3.08526e-07
-4.70897e-07
-6.12659e-07
-7.37045e-07
5.56317e-06
4.6502e-06
3.87701e-06
3.21541e-06
2.64417e-06
2.14701e-06
1.7119e-06
1.32993e-06
9.937e-07
6.96601e-07
4.32863e-07
1.97741e-07
-1.26556e-08
-2.01524e-07
-3.71602e-07
6.27723e-06
5.38099e-06
4.60391e-06
3.92469e-06
3.32674e-06
2.7969e-06
2.32502e-06
1.90326e-06
1.52495e-06
1.18416e-06
8.75784e-07
5.95713e-07
3.40491e-07
1.07092e-07
-1.07293e-07
6.80624e-06
5.93156e-06
5.15773e-06
4.46927e-06
3.85331e-06
3.29923e-06
2.79869e-06
2.34495e-06
1.93207e-06
1.55474e-06
1.20842e-06
8.8947e-07
5.94854e-07
3.22056e-07
6.88528e-08
7.1881e-06
6.33764e-06
5.57312e-06
4.88279e-06
4.25659e-06
3.68614e-06
3.16465e-06
2.68629e-06
2.24579e-06
1.8386e-06
1.46098e-06
1.11e-06
7.83208e-07
4.78553e-07
1.94107e-07
7.45648e-06
6.63221e-06
5.8813e-06
5.19455e-06
4.56435e-06
3.98412e-06
3.44818e-06
2.95152e-06
2.48978e-06
2.05936e-06
1.6573e-06
1.28122e-06
9.29017e-07
5.98872e-07
2.89076e-07
7.64266e-06
6.84506e-06
6.10986e-06
5.43007e-06
4.80013e-06
4.21479e-06
3.66929e-06
3.15955e-06
2.68212e-06
2.23419e-06
1.81336e-06
1.41764e-06
1.04524e-06
6.94683e-07
3.6457e-07
7.77075e-06
6.99865e-06
6.27966e-06
5.60877e-06
4.98189e-06
4.39467e-06
3.84328e-06
3.32448e-06
2.83563e-06
2.3745e-06
1.93917e-06
1.52806e-06
1.13974e-06
7.73065e-07
4.26935e-07
7.85811e-06
7.10971e-06
6.40671e-06
5.7456e-06
5.12321e-06
4.53607e-06
3.98119e-06
3.45612e-06
2.95885e-06
2.48767e-06
2.0411e-06
1.61793e-06
1.21708e-06
8.37676e-07
4.78862e-07
7.91739e-06
7.19055e-06
6.50256e-06
5.8511e-06
5.23372e-06
4.64772e-06
4.09089e-06
3.56144e-06
3.05788e-06
2.57894e-06
2.12356e-06
1.69083e-06
1.27998e-06
8.90379e-07
5.21394e-07
7.95734e-06
7.24966e-06
6.57533e-06
5.93293e-06
5.32055e-06
4.73621e-06
4.17835e-06
3.64574e-06
3.13733e-06
2.65227e-06
2.1898e-06
1.74935e-06
1.33037e-06
9.32481e-07
5.55232e-07
7.98394e-06
7.29313e-06
6.63103e-06
5.99685e-06
5.38915e-06
4.8066e-06
4.24819e-06
3.71318e-06
3.20089e-06
2.71083e-06
2.24254e-06
1.7957e-06
1.37001e-06
9.65268e-07
5.81202e-07
8.00142e-06
7.32539e-06
6.67411e-06
6.04719e-06
5.44368e-06
4.86282e-06
4.3041e-06
3.76714e-06
3.25163e-06
2.75736e-06
2.28416e-06
1.83194e-06
1.40059e-06
9.90085e-07
6.00309e-07
8.01279e-06
7.34964e-06
6.70781e-06
6.08722e-06
5.48737e-06
4.90802e-06
4.34904e-06
3.8104e-06
3.2921e-06
2.79421e-06
2.31678e-06
1.85991e-06
1.42371e-06
1.00828e-06
6.13645e-07
8.02013e-06
7.3682e-06
6.73456e-06
6.11941e-06
5.52271e-06
4.94462e-06
4.38537e-06
3.84521e-06
3.32444e-06
2.82334e-06
2.34218e-06
1.88127e-06
1.44083e-06
1.02113e-06
6.22295e-07
8.02486e-06
7.38268e-06
6.75612e-06
6.14563e-06
5.5516e-06
4.97453e-06
4.41495e-06
3.87339e-06
3.35036e-06
2.84638e-06
2.3619e-06
1.89739e-06
1.45322e-06
1.02977e-06
6.27257e-07
8.02793e-06
7.39423e-06
6.77376e-06
6.16725e-06
5.57546e-06
4.99919e-06
4.43921e-06
3.89631e-06
3.37122e-06
2.86462e-06
2.37717e-06
1.90943e-06
1.46194e-06
1.03516e-06
6.29416e-07
8.02996e-06
7.4036e-06
6.78836e-06
6.18524e-06
5.59531e-06
5.01963e-06
4.45921e-06
3.91505e-06
3.38805e-06
2.87908e-06
2.38893e-06
1.91832e-06
1.46786e-06
1.03813e-06
6.2952e-07
8.03136e-06
7.41143e-06
6.80069e-06
6.20047e-06
5.61209e-06
5.03684e-06
4.47594e-06
3.93057e-06
3.40181e-06
2.89067e-06
2.39806e-06
1.92483e-06
1.47168e-06
1.03927e-06
6.28092e-07
8.03239e-06
7.4184e-06
6.81178e-06
6.21417e-06
5.62714e-06
5.05221e-06
4.49077e-06
3.94419e-06
3.41369e-06
2.90044e-06
2.40546e-06
1.9297e-06
1.47396e-06
1.039e-06
6.25366e-07
8.03315e-06
7.42457e-06
6.82178e-06
6.22661e-06
5.6408e-06
5.06606e-06
4.50402e-06
3.95618e-06
3.42396e-06
2.90865e-06
2.4114e-06
1.93327e-06
1.47516e-06
1.03788e-06
6.21975e-07
-1.01617e-05
-7.7273e-06
-6.25045e-06
-5.26845e-06
-4.49358e-06
-3.90791e-06
-3.45986e-06
-3.11214e-06
-2.83787e-06
-2.61408e-06
-2.42064e-06
-2.23904e-06
-2.05168e-06
-1.84214e-06
-1.59531e-06
-1.29751e-06
-9.45344e-07
-5.46137e-07
-1.27185e-07
2.51587e-07
5.0112e-07
5.09907e-07
2.14392e-07
-2.405e-07
-6.77981e-07
-9.91755e-07
-1.11645e-06
-1.01399e-06
-6.6158e-07
-4.25589e-08
8.53531e-07
2.02661e-06
3.45966e-06
5.12685e-06
6.98698e-06
8.98726e-06
1.1065e-05
1.31485e-05
1.5155e-05
1.69835e-05
1.84965e-05
1.95045e-05
1.96064e-05
1.84211e-05
1.46082e-05
-8.48944e-06
-7.19726e-06
-6.06744e-06
-5.18781e-06
-4.4586e-06
-3.88766e-06
-3.44444e-06
-3.09824e-06
-2.82456e-06
-2.60124e-06
-2.40828e-06
-2.22714e-06
-2.04014e-06
-1.83082e-06
-1.58303e-06
-1.28673e-06
-9.35352e-07
-5.37139e-07
-1.19087e-07
2.59774e-07
5.12277e-07
5.29092e-07
2.46576e-07
-1.93911e-07
-6.1899e-07
-9.23966e-07
-1.04379e-06
-9.40174e-07
-5.9023e-07
2.16822e-08
9.05074e-07
2.05817e-06
3.4611e-06
5.08563e-06
6.88737e-06
8.80917e-06
1.07821e-05
1.27246e-05
1.45386e-05
1.60956e-05
1.72063e-05
1.75753e-05
1.66384e-05
1.35966e-05
7.44113e-06
-7.61729e-06
-6.79083e-06
-5.87863e-06
-5.09273e-06
-4.41417e-06
-3.86366e-06
-3.42802e-06
-3.08446e-06
-2.81144e-06
-2.5882e-06
-2.39521e-06
-2.21395e-06
-2.0268e-06
-1.81731e-06
-1.56971e-06
-1.27336e-06
-9.22733e-07
-5.25807e-07
-1.09155e-07
2.69213e-07
5.24335e-07
5.49475e-07
2.81095e-07
-1.4333e-07
-5.54377e-07
-8.49314e-07
-9.63629e-07
-8.58823e-07
-5.12463e-07
9.00546e-08
9.57e-07
2.08442e-06
3.44878e-06
5.01885e-06
6.74621e-06
8.56826e-06
1.04086e-05
1.21746e-05
1.37522e-05
1.49903e-05
1.56695e-05
1.54656e-05
1.3878e-05
1.03768e-05
4.86953e-06
-7.06887e-06
-6.46199e-06
-5.71885e-06
-5.00754e-06
-4.37713e-06
-3.84784e-06
-3.41965e-06
-3.07746e-06
-2.80342e-06
-2.57854e-06
-2.38397e-06
-2.20133e-06
-2.01304e-06
-1.8027e-06
-1.55475e-06
-1.2583e-06
-9.08453e-07
-5.13073e-07
-9.82058e-08
2.79264e-07
5.36805e-07
5.7058e-07
3.17335e-07
-8.95749e-08
-4.84995e-07
-7.68371e-07
-8.75922e-07
-7.69008e-07
-4.26112e-07
1.66129e-07
1.01432e-06
2.11185e-06
3.43036e-06
4.93495e-06
6.57234e-06
8.27375e-06
9.95489e-06
1.15128e-05
1.28216e-05
1.37194e-05
1.39899e-05
1.33531e-05
1.14745e-05
8.11577e-06
3.5372e-06
-6.64488e-06
-6.17353e-06
-5.56395e-06
-4.93859e-06
-4.35214e-06
-3.84404e-06
-3.42265e-06
-3.07987e-06
-2.80225e-06
-2.57308e-06
-2.37455e-06
-2.18854e-06
-1.99762e-06
-1.78539e-06
-1.53641e-06
-1.23987e-06
-8.91102e-07
-4.97954e-07
-8.57691e-08
2.89872e-07
5.49242e-07
5.91847e-07
3.54914e-07
-3.28072e-08
-4.10934e-07
-6.814e-07
-7.81429e-07
-6.72449e-07
-3.34212e-07
2.45014e-07
1.06969e-06
2.13068e-06
3.3934e-06
4.81915e-06
6.34955e-06
7.90985e-06
9.40938e-06
1.0737e-05
1.17645e-05
1.23344e-05
1.22613e-05
1.13444e-05
9.41135e-06
6.42795e-06
2.68735e-06
-6.28822e-06
-5.91035e-06
-5.40698e-06
-4.86692e-06
-4.3349e-06
-3.85087e-06
-3.43704e-06
-3.09263e-06
-2.80921e-06
-2.57298e-06
-2.36774e-06
-2.17586e-06
-1.98035e-06
-1.76485e-06
-1.51403e-06
-1.21718e-06
-8.69921e-07
-4.79942e-07
-7.16839e-08
3.00796e-07
5.61035e-07
6.12448e-07
3.93003e-07
2.62276e-08
-3.32879e-07
-5.89127e-07
-6.81096e-07
-5.70556e-07
-2.38873e-07
3.22711e-07
1.11821e-06
2.13423e-06
3.32934e-06
4.66137e-06
6.06718e-06
7.46714e-06
8.76814e-06
9.85342e-06
1.06042e-05
1.08817e-05
1.05461e-05
9.47906e-06
7.62649e-06
5.06356e-06
2.05728e-06
-5.96227e-06
-5.65566e-06
-5.24407e-06
-4.77679e-06
-4.30771e-06
-3.85802e-06
-3.45676e-06
-3.11265e-06
-2.82299e-06
-2.5779e-06
-2.36367e-06
-2.16347e-06
-1.96128e-06
-1.74094e-06
-1.48732e-06
-1.18994e-06
-8.4469e-07
-4.59007e-07
-5.62024e-08
3.11415e-07
5.71214e-07
6.31149e-07
4.30267e-07
8.61661e-08
-2.52201e-07
-4.92965e-07
-5.76478e-07
-4.64978e-07
-1.42778e-07
3.94085e-07
1.15682e-06
2.11721e-06
3.2314e-06
4.45429e-06
5.71873e-06
6.94181e-06
8.02742e-06
8.87577e-06
9.37e-06
9.40347e-06
8.88529e-06
7.76408e-06
6.05614e-06
3.87288e-06
1.42861e-06
-5.64561e-06
-5.39508e-06
-5.06075e-06
-4.66837e-06
-4.25351e-06
-3.8478e-06
-3.46841e-06
-3.13107e-06
-2.83764e-06
-2.58427e-06
-2.36028e-06
-2.15e-06
-1.93962e-06
-1.71309e-06
-1.45584e-06
-1.15786e-06
-8.15406e-07
-4.35484e-07
-3.99419e-08
3.2064e-07
5.78272e-07
6.46118e-07
4.6473e-07
1.44939e-07
-1.71067e-07
-3.95214e-07
-4.70172e-07
-3.58895e-07
-5.36165e-08
4.5808e-07
1.18064e-06
2.07204e-06
3.0915e-06
4.19029e-06
5.29884e-06
6.33459e-06
7.207e-06
7.82339e-06
8.09112e-06
7.93371e-06
7.30202e-06
6.18995e-06
4.64733e-06
2.78488e-06
7.64028e-07
-5.32713e-06
-5.12137e-06
-4.84999e-06
-4.52538e-06
-4.16951e-06
-3.80723e-06
-3.45643e-06
-3.13438e-06
-2.84361e-06
-2.58598e-06
-2.35272e-06
-2.13188e-06
-1.9132e-06
-1.67993e-06
-1.41879e-06
-1.1206e-06
-7.82107e-07
-4.10179e-07
-2.42211e-08
3.26722e-07
5.7997e-07
6.54726e-07
4.93575e-07
1.99578e-07
-9.26641e-08
-2.99382e-07
-3.65839e-07
-2.60672e-07
2.65025e-08
5.12094e-07
1.1791e-06
1.98854e-06
2.90029e-06
3.86154e-06
4.80318e-06
5.64638e-06
6.30999e-06
6.71507e-06
6.79287e-06
6.49522e-06
5.80393e-06
4.7385e-06
3.35896e-06
1.76099e-06
6.28437e-08
-4.99962e-06
-4.83027e-06
-4.60978e-06
-4.34329e-06
-4.0434e-06
-3.72728e-06
-3.4112e-06
-3.1088e-06
-2.82956e-06
-2.57342e-06
-2.33327e-06
-2.10387e-06
-1.8787e-06
-1.63921e-06
-1.3751e-06
-1.07816e-06
-7.45374e-07
-3.83371e-07
-1.17232e-08
3.26947e-07
5.73135e-07
6.53324e-07
5.12894e-07
2.45949e-07
-2.1481e-08
-2.10543e-07
-2.70695e-07
-1.74916e-07
9.61266e-08
5.40747e-07
1.13914e-06
1.85589e-06
2.64794e-06
3.46083e-06
4.22872e-06
4.88135e-06
5.34859e-06
5.56861e-06
5.49426e-06
5.10012e-06
4.38783e-06
3.38815e-06
2.15879e-06
7.76831e-07
-6.71887e-07
-4.65729e-06
-4.51837e-06
-4.33941e-06
-4.12192e-06
-3.87249e-06
-3.60225e-06
-3.32369e-06
-3.04818e-06
-2.7839e-06
-2.53336e-06
-2.2941e-06
-2.06226e-06
-1.83109e-06
-1.58816e-06
-1.32376e-06
-1.03079e-06
-7.06878e-07
-3.58064e-07
-4.82853e-09
3.17752e-07
5.53511e-07
6.37063e-07
5.17444e-07
2.78486e-07
3.64162e-08
-1.35257e-07
-1.90922e-07
-1.04533e-07
1.3858e-07
5.31497e-07
1.05151e-06
1.66417e-06
2.32571e-06
2.98281e-06
3.57664e-06
4.04626e-06
4.33555e-06
4.39927e-06
4.20806e-06
3.75244e-06
3.04472e-06
2.11796e-06
1.02205e-06
-1.83262e-07
-1.43571e-06
-4.29567e-06
-4.1829e-06
-4.03851e-06
-3.86233e-06
-3.65732e-06
-3.43013e-06
-3.1894e-06
-2.94379e-06
-2.7001e-06
-2.46195e-06
-2.22945e-06
-1.99999e-06
-1.76817e-06
-1.52582e-06
-1.26504e-06
-9.79911e-07
-6.69164e-07
-3.3907e-07
-6.98406e-09
2.94349e-07
5.15641e-07
5.99812e-07
5.00458e-07
2.89954e-07
7.31097e-08
-8.24846e-08
-1.36284e-07
-6.43389e-08
1.42261e-07
4.73069e-07
9.0481e-07
1.40331e-06
1.92615e-06
2.4257e-06
2.85023e-06
3.15042e-06
3.28395e-06
3.22005e-06
2.94262e-06
2.45192e-06
1.76446e-06
9.10732e-07
-6.86649e-08
-1.1285e-06
-2.22349e-06
-3.91209e-06
-3.82242e-06
-3.70752e-06
-3.5665e-06
-3.40028e-06
-3.21246e-06
-3.00853e-06
-2.79456e-06
-2.57586e-06
-2.35597e-06
-2.13608e-06
-1.91494e-06
-1.68905e-06
-1.45297e-06
-1.2011e-06
-9.29145e-07
-6.36755e-07
-3.30195e-07
-2.47466e-08
2.50296e-07
4.52792e-07
5.34195e-07
4.53586e-07
2.71209e-07
7.87908e-08
-6.29654e-08
-1.19337e-07
-6.83575e-08
9.35939e-08
3.53164e-07
6.87429e-07
1.06499e-06
1.44737e-06
1.79236e-06
2.05799e-06
2.20658e-06
2.20819e-06
2.04342e-06
1.70506e-06
1.19833e-06
5.39915e-07
-2.44384e-07
-1.12284e-06
-2.06175e-06
-3.02811e-06
-3.50567e-06
-3.43719e-06
-3.34829e-06
-3.23794e-06
-3.10597e-06
-2.95406e-06
-2.7854e-06
-2.60393e-06
-2.41345e-06
-2.21685e-06
-2.01563e-06
-1.80951e-06
-1.59663e-06
-1.37366e-06
-1.13716e-06
-8.84585e-07
-6.16446e-07
-3.39174e-07
-6.59997e-08
1.77782e-07
3.56925e-07
4.31643e-07
3.6706e-07
2.11113e-07
4.1265e-08
-8.9135e-08
-1.54218e-07
-1.31759e-07
-2.24343e-08
1.60326e-07
3.92844e-07
6.47322e-07
8.91479e-07
1.09106e-06
1.21361e-06
1.23179e-06
1.12563e-06
8.83966e-07
5.04895e-07
-4.58868e-09
-6.29699e-07
-1.34988e-06
-2.14109e-06
-2.97852e-06
-3.83816e-06
-3.07692e-06
-3.02901e-06
-2.96436e-06
-2.88199e-06
-2.78127e-06
-2.66275e-06
-2.52813e-06
-2.37976e-06
-2.22012e-06
-2.0513e-06
-1.87469e-06
-1.69055e-06
-1.49822e-06
-1.29599e-06
-1.0822e-06
-8.55948e-07
-6.18535e-07
-3.7643e-07
-1.4087e-07
6.70236e-08
2.18424e-07
2.82231e-07
2.29931e-07
9.69248e-08
-5.37836e-08
-1.81449e-07
-2.55163e-07
-2.66995e-07
-2.15422e-07
-1.13538e-07
1.72645e-08
1.52929e-07
2.68062e-07
3.37151e-07
3.36665e-07
2.47597e-07
5.72351e-08
-2.40253e-07
-6.4398e-07
-1.14699e-06
-1.73723e-06
-2.39908e-06
-3.1148e-06
-3.86636e-06
-4.63633e-06
-2.62886e-06
-2.60222e-06
-2.56173e-06
-2.50659e-06
-2.43597e-06
-2.34984e-06
-2.24896e-06
-2.13466e-06
-2.00844e-06
-1.87166e-06
-1.72541e-06
-1.5702e-06
-1.40609e-06
-1.2326e-06
-1.04927e-06
-8.56642e-07
-6.56547e-07
-4.55226e-07
-2.62222e-07
-9.41834e-08
2.58098e-08
7.44753e-08
3.02331e-08
-8.46421e-08
-2.20034e-07
-3.42727e-07
-4.34043e-07
-4.84902e-07
-4.93968e-07
-4.71705e-07
-4.36417e-07
-4.08144e-07
-4.05906e-07
-4.47344e-07
-5.48213e-07
-7.2094e-07
-9.73344e-07
-1.30823e-06
-1.72366e-06
-2.2136e-06
-2.7688e-06
-3.3778e-06
-4.02785e-06
-4.70603e-06
-5.39977e-06
-2.16835e-06
-2.1655e-06
-2.1508e-06
-2.12384e-06
-2.08401e-06
-2.031e-06
-1.96501e-06
-1.88663e-06
-1.79677e-06
-1.69628e-06
-1.58597e-06
-1.46639e-06
-1.33794e-06
-1.20093e-06
-1.05565e-06
-9.03556e-07
-7.4686e-07
-5.91059e-07
-4.44516e-07
-3.19541e-07
-2.33981e-07
-2.04987e-07
-2.43551e-07
-3.48175e-07
-4.70705e-07
-5.93737e-07
-7.0325e-07
-7.91935e-07
-8.58286e-07
-9.08936e-07
-9.57401e-07
-1.01924e-06
-1.10846e-06
-1.23677e-06
-1.41386e-06
-1.64722e-06
-1.94145e-06
-2.29779e-06
-2.71425e-06
-3.18614e-06
-3.70665e-06
-4.2676e-06
-4.86002e-06
-5.47477e-06
-6.1029e-06
-1.70636e-06
-1.7319e-06
-1.74704e-06
-1.75135e-06
-1.74468e-06
-1.72708e-06
-1.69854e-06
-1.65908e-06
-1.6091e-06
-1.54922e-06
-1.4801e-06
-1.40229e-06
-1.31621e-06
-1.22254e-06
-1.122e-06
-1.01629e-06
-9.07802e-07
-8.00805e-07
-7.02239e-07
-6.20989e-07
-5.72076e-07
-5.68379e-07
-6.19553e-07
-7.02773e-07
-8.17191e-07
-9.4279e-07
-1.06808e-06
-1.18853e-06
-1.30255e-06
-1.41295e-06
-1.52794e-06
-1.65859e-06
-1.81507e-06
-2.00499e-06
-2.23386e-06
-2.50582e-06
-2.82342e-06
-3.18721e-06
-3.59559e-06
-4.04512e-06
-4.53102e-06
-5.0476e-06
-5.58865e-06
-6.14782e-06
-6.71876e-06
-1.25914e-06
-1.31858e-06
-1.3691e-06
-1.41008e-06
-1.44137e-06
-1.46337e-06
-1.4762e-06
-1.47965e-06
-1.47373e-06
-1.45892e-06
-1.4358e-06
-1.40487e-06
-1.36652e-06
-1.32145e-06
-1.27051e-06
-1.21524e-06
-1.15775e-06
-1.10133e-06
-1.05083e-06
-1.01142e-06
-9.95475e-07
-1.01252e-06
-1.06622e-06
-1.14921e-06
-1.25936e-06
-1.38583e-06
-1.52161e-06
-1.66405e-06
-1.81151e-06
-1.96383e-06
-2.12453e-06
-2.30055e-06
-2.49922e-06
-2.72593e-06
-2.98379e-06
-3.27445e-06
-3.59897e-06
-3.95767e-06
-4.34966e-06
-4.77264e-06
-5.22329e-06
-5.69768e-06
-6.19162e-06
-6.70077e-06
-7.22073e-06
-8.48689e-07
-9.50684e-07
-1.0435e-06
-1.12745e-06
-1.20303e-06
-1.27046e-06
-1.32959e-06
-1.38022e-06
-1.42243e-06
-1.4566e-06
-1.48315e-06
-1.50243e-06
-1.51478e-06
-1.52071e-06
-1.52106e-06
-1.51688e-06
-1.50995e-06
-1.50236e-06
-1.49759e-06
-1.50011e-06
-1.51261e-06
-1.54222e-06
-1.59854e-06
-1.6815e-06
-1.78618e-06
-1.90854e-06
-2.04544e-06
-2.19521e-06
-2.35704e-06
-2.53017e-06
-2.71507e-06
-2.91438e-06
-3.13212e-06
-3.37256e-06
-3.63869e-06
-3.93133e-06
-4.24983e-06
-4.59366e-06
-4.96254e-06
-5.3555e-06
-5.77043e-06
-6.20456e-06
-6.65499e-06
-7.11882e-06
-7.59311e-06
-5.2791e-07
-6.74588e-07
-8.12774e-07
-9.42695e-07
-1.06433e-06
-1.17759e-06
-1.28256e-06
-1.37936e-06
-1.4681e-06
-1.54893e-06
-1.62204e-06
-1.68761e-06
-1.74591e-06
-1.79721e-06
-1.84209e-06
-1.88123e-06
-1.91547e-06
-1.94667e-06
-1.97683e-06
-2.00637e-06
-2.03914e-06
-2.08368e-06
-2.14792e-06
-2.22936e-06
-2.32676e-06
-2.441e-06
-2.57105e-06
-2.7152e-06
-2.8726e-06
-3.04339e-06
-3.22857e-06
-3.42964e-06
-3.64838e-06
-3.88585e-06
-4.1435e-06
-4.4233e-06
-4.72519e-06
-5.04786e-06
-5.39068e-06
-5.75335e-06
-6.13475e-06
-6.53294e-06
-6.94588e-06
-7.37164e-06
-7.80827e-06
-3.07722e-07
-4.98207e-07
-6.79411e-07
-8.51262e-07
-1.01389e-06
-1.16753e-06
-1.31239e-06
-1.44853e-06
-1.57593e-06
-1.69458e-06
-1.80459e-06
-1.90607e-06
-1.99915e-06
-2.08401e-06
-2.16094e-06
-2.23033e-06
-2.29321e-06
-2.34958e-06
-2.40036e-06
-2.44952e-06
-2.50003e-06
-2.55729e-06
-2.62431e-06
-2.7014e-06
-2.79031e-06
-2.8932e-06
-3.01045e-06
-3.14183e-06
-3.28733e-06
-3.44695e-06
-3.62091e-06
-3.81045e-06
-4.01736e-06
-4.2427e-06
-4.48672e-06
-4.74936e-06
-5.03055e-06
-5.33022e-06
-5.64831e-06
-5.98438e-06
-6.33748e-06
-6.70632e-06
-7.08958e-06
-7.48588e-06
-7.89379e-06
-1.6921e-07
-3.9593e-07
-6.12115e-07
-8.17937e-07
-1.01367e-06
-1.19949e-06
-1.37545e-06
-1.5415e-06
-1.69758e-06
-1.84367e-06
-1.97981e-06
-2.10608e-06
-2.22258e-06
-2.32939e-06
-2.42664e-06
-2.51472e-06
-2.59427e-06
-2.66553e-06
-2.7296e-06
-2.78967e-06
-2.84839e-06
-2.90914e-06
-2.97449e-06
-3.04604e-06
-3.12687e-06
-3.21956e-06
-3.32488e-06
-3.44324e-06
-3.57542e-06
-3.72244e-06
-3.88519e-06
-4.06421e-06
-4.25977e-06
-4.47197e-06
-4.7011e-06
-4.94769e-06
-5.21225e-06
-5.49478e-06
-5.79488e-06
-6.11205e-06
-6.44564e-06
-6.79486e-06
-7.15872e-06
-7.53615e-06
-7.92606e-06
-7.4308e-08
-3.30388e-07
-5.74971e-07
-8.08171e-07
-1.03011e-06
-1.24083e-06
-1.44028e-06
-1.62841e-06
-1.80516e-06
-1.97053e-06
-2.12456e-06
-2.26731e-06
-2.39888e-06
-2.5194e-06
-2.6291e-06
-2.72821e-06
-2.81707e-06
-2.89664e-06
-2.96863e-06
-3.03469e-06
-3.0969e-06
-3.15888e-06
-3.2231e-06
-3.29134e-06
-3.36646e-06
-3.45116e-06
-3.54726e-06
-3.65616e-06
-3.77902e-06
-3.91663e-06
-4.06934e-06
-4.23738e-06
-4.42122e-06
-4.62153e-06
-4.83893e-06
-5.07379e-06
-5.32621e-06
-5.59605e-06
-5.88307e-06
-6.18697e-06
-6.50733e-06
-6.84356e-06
-7.19491e-06
-7.56053e-06
-7.93956e-06
-4.10943e-09
-2.83972e-07
-5.51172e-07
-8.05709e-07
-1.04762e-06
-1.2769e-06
-1.4935e-06
-1.69738e-06
-1.88854e-06
-2.06701e-06
-2.23287e-06
-2.38619e-06
-2.52711e-06
-2.65585e-06
-2.77276e-06
-2.87818e-06
-2.97273e-06
-3.05742e-06
-3.13357e-06
-3.20271e-06
-3.26721e-06
-3.33044e-06
-3.39431e-06
-3.46042e-06
-3.53183e-06
-3.61169e-06
-3.70215e-06
-3.80462e-06
-3.92015e-06
-4.0496e-06
-4.19372e-06
-4.35319e-06
-4.52868e-06
-4.72072e-06
-4.9297e-06
-5.15586e-06
-5.39932e-06
-5.66013e-06
-5.93824e-06
-6.23346e-06
-6.54547e-06
-6.87381e-06
-7.21791e-06
-7.57709e-06
-7.95062e-06
5.16927e-08
-2.46779e-07
-5.31376e-07
-8.02065e-07
-1.05886e-06
-1.30175e-06
-1.53071e-06
-1.74571e-06
-1.94679e-06
-2.13401e-06
-2.30752e-06
-2.46752e-06
-2.6142e-06
-2.74788e-06
-2.86889e-06
-2.97799e-06
-3.07585e-06
-3.16338e-06
-3.24194e-06
-3.31322e-06
-3.37961e-06
-3.44403e-06
-3.508e-06
-3.5733e-06
-3.64315e-06
-3.72049e-06
-3.80738e-06
-3.90535e-06
-4.01575e-06
-4.13972e-06
-4.27819e-06
-4.43191e-06
-4.6015e-06
-4.78751e-06
-4.99036e-06
-5.21041e-06
-5.44789e-06
-5.70295e-06
-5.97558e-06
-6.26569e-06
-6.57306e-06
-6.89732e-06
-7.23802e-06
-7.59459e-06
-7.96643e-06
9.8615e-08
-2.1431e-07
-5.1227e-07
-7.95223e-07
-1.06316e-06
-1.31607e-06
-1.55391e-06
-1.77672e-06
-1.98457e-06
-2.17762e-06
-2.35604e-06
-2.52011e-06
-2.67025e-06
-2.80705e-06
-2.93024e-06
-3.04134e-06
-3.14099e-06
-3.23021e-06
-3.31043e-06
-3.38335e-06
-3.45127e-06
-3.51685e-06
-3.58145e-06
-3.647e-06
-3.71652e-06
-3.7927e-06
-3.87761e-06
-3.97297e-06
-4.08025e-06
-4.20071e-06
-4.33536e-06
-4.48505e-06
-4.65052e-06
-4.83239e-06
-5.03118e-06
-5.24732e-06
-5.48111e-06
-5.73274e-06
-6.00232e-06
-6.28982e-06
-6.59508e-06
-6.91785e-06
-7.25776e-06
-7.61432e-06
-7.987e-06
1.38346e-07
-1.85895e-07
-4.94204e-07
-7.86524e-07
-1.06283e-06
-1.32311e-06
-1.56735e-06
-1.79562e-06
-2.00807e-06
-2.20492e-06
-2.38645e-06
-2.55299e-06
-2.70497e-06
-2.8428e-06
-2.96778e-06
-3.08e-06
-3.18066e-06
-3.27092e-06
-3.35227e-06
-3.42639e-06
-3.49556e-06
-3.56224e-06
-3.62771e-06
-3.69394e-06
-3.76376e-06
-3.83961e-06
-3.92356e-06
-4.01742e-06
-4.12276e-06
-4.24091e-06
-4.373e-06
-4.51998e-06
-4.68269e-06
-4.86184e-06
-5.05802e-06
-5.27174e-06
-5.50337e-06
-5.75318e-06
-6.02135e-06
-6.30791e-06
-6.61279e-06
-6.93579e-06
-7.27662e-06
-7.63484e-06
-8.00998e-06
1.71138e-07
-1.62048e-07
-4.78435e-07
-7.77963e-07
-1.0606e-06
-1.32632e-06
-1.57517e-06
-1.80727e-06
-2.02282e-06
-2.22211e-06
-2.4055e-06
-2.57343e-06
-2.72644e-06
-2.86518e-06
-2.99039e-06
-3.10301e-06
-3.20412e-06
-3.29491e-06
-3.37693e-06
-3.45187e-06
-3.52197e-06
-3.58954e-06
-3.65579e-06
-3.72278e-06
-3.79307e-06
-3.86892e-06
-3.95238e-06
-4.04534e-06
-4.14943e-06
-4.26605e-06
-4.3964e-06
-4.54154e-06
-4.70238e-06
-4.87972e-06
-5.07424e-06
-5.28652e-06
-5.517e-06
-5.76603e-06
-6.03385e-06
-6.32054e-06
-6.62611e-06
-6.95042e-06
-7.29321e-06
-7.6541e-06
-8.03265e-06
1.97105e-07
-1.43236e-07
-4.66005e-07
-7.71138e-07
-1.05859e-06
-1.32837e-06
-1.58055e-06
-1.8153e-06
-2.03289e-06
-2.23367e-06
-2.41807e-06
-2.58662e-06
-2.73997e-06
-2.87905e-06
-3.00393e-06
-3.11651e-06
-3.21764e-06
-3.30856e-06
-3.39086e-06
-3.46623e-06
-3.53691e-06
-3.60503e-06
-3.67181e-06
-3.73938e-06
-3.81004e-06
-3.88591e-06
-3.96907e-06
-4.06143e-06
-4.16464e-06
-4.28014e-06
-4.40923e-06
-4.55302e-06
-4.71253e-06
-4.88863e-06
-5.08207e-06
-5.29351e-06
-5.52346e-06
-5.77233e-06
-6.04042e-06
-6.32789e-06
-6.63478e-06
-6.961e-06
-7.30634e-06
-7.67046e-06
-8.05292e-06
2.16624e-07
-1.29524e-07
-4.57405e-07
-7.66949e-07
-1.05811e-06
-1.33092e-06
-1.5855e-06
-1.82206e-06
-2.04093e-06
-2.24252e-06
-2.42731e-06
-2.59591e-06
-2.74899e-06
-2.88703e-06
-3.01229e-06
-3.12454e-06
-3.22533e-06
-3.31604e-06
-3.39828e-06
-3.47373e-06
-3.54462e-06
-3.6129e-06
-3.67991e-06
-3.74777e-06
-3.81857e-06
-3.89437e-06
-3.97724e-06
-4.06907e-06
-4.17153e-06
-4.28612e-06
-4.41418e-06
-4.55691e-06
-4.71538e-06
-4.89055e-06
-5.08325e-06
-5.29418e-06
-5.52395e-06
-5.77301e-06
-6.04172e-06
-6.3303e-06
-6.63883e-06
-6.96727e-06
-7.31544e-06
-7.68303e-06
-8.06962e-06
2.30359e-07
-1.20576e-07
-4.52613e-07
-7.65673e-07
-1.05972e-06
-1.33481e-06
-1.59111e-06
-1.82888e-06
-2.04849e-06
-2.25039e-06
-2.43516e-06
-2.60345e-06
-2.75602e-06
-2.89372e-06
-3.01807e-06
-3.12963e-06
-3.22982e-06
-3.32004e-06
-3.40192e-06
-3.47714e-06
-3.54789e-06
-3.61601e-06
-3.68291e-06
-3.75076e-06
-3.82147e-06
-3.89704e-06
-3.97951e-06
-4.07078e-06
-4.17251e-06
-4.28626e-06
-4.41339e-06
-4.55518e-06
-4.71277e-06
-4.88718e-06
-5.0793e-06
-5.2899e-06
-5.51965e-06
-5.76906e-06
-6.03856e-06
-6.32839e-06
-6.63869e-06
-6.96945e-06
-7.32053e-06
-7.69163e-06
-8.08234e-06
2.39152e-07
-1.15793e-07
-4.51259e-07
-7.67165e-07
-1.06349e-06
-1.34032e-06
-1.59785e-06
-1.83638e-06
-2.05634e-06
-2.25823e-06
-2.44268e-06
-2.61043e-06
-2.7623e-06
-2.89927e-06
-3.02265e-06
-3.13333e-06
-3.23272e-06
-3.32224e-06
-3.40353e-06
-3.47826e-06
-3.54859e-06
-3.61627e-06
-3.68279e-06
-3.75036e-06
-3.82074e-06
-3.89589e-06
-3.97785e-06
-4.06848e-06
-4.16945e-06
-4.28234e-06
-4.40858e-06
-4.54949e-06
-4.70625e-06
-4.87996e-06
-5.07157e-06
-5.28191e-06
-5.51171e-06
-5.76153e-06
-6.03184e-06
-6.32294e-06
-6.63501e-06
-6.96807e-06
-7.322e-06
-7.69652e-06
-8.09123e-06
2.439e-07
-1.14453e-07
-4.52796e-07
-7.71044e-07
-1.06919e-06
-1.34735e-06
-1.60576e-06
-1.84476e-06
-2.0648e-06
-2.26645e-06
-2.4504e-06
-2.61744e-06
-2.76846e-06
-2.90451e-06
-3.02682e-06
-3.13652e-06
-3.23498e-06
-3.32365e-06
-3.40418e-06
-3.47824e-06
-3.54794e-06
-3.61496e-06
-3.68087e-06
-3.74793e-06
-3.81779e-06
-3.89238e-06
-3.97371e-06
-4.0636e-06
-4.16376e-06
-4.27577e-06
-4.40111e-06
-4.54113e-06
-4.6971e-06
-4.87013e-06
-5.06125e-06
-5.27134e-06
-5.50118e-06
-5.75139e-06
-6.02248e-06
-6.31481e-06
-6.62856e-06
-6.96381e-06
-7.32045e-06
-7.69821e-06
-8.09671e-06
2.4547e-07
-1.15824e-07
-4.56614e-07
-7.76819e-07
-1.07645e-06
-1.35566e-06
-1.61469e-06
-1.85393e-06
-2.07389e-06
-2.27516e-06
-2.45849e-06
-2.62471e-06
-2.7748e-06
-2.90984e-06
-3.03107e-06
-3.1397e-06
-3.23712e-06
-3.32485e-06
-3.40451e-06
-3.47777e-06
-3.54669e-06
-3.61289e-06
-3.67804e-06
-3.74442e-06
-3.81361e-06
-3.88753e-06
-3.96812e-06
-4.05721e-06
-4.15649e-06
-4.2676e-06
-4.39202e-06
-4.53116e-06
-4.68631e-06
-4.85867e-06
-5.04929e-06
-5.25912e-06
-5.48897e-06
-5.73952e-06
-6.01132e-06
-6.30476e-06
-6.62008e-06
-6.95736e-06
-7.31651e-06
-7.6973e-06
-8.09932e-06
2.44651e-07
-1.19202e-07
-4.62099e-07
-7.83965e-07
-1.08483e-06
-1.36486e-06
-1.62434e-06
-1.86369e-06
-2.08344e-06
-2.28425e-06
-2.4669e-06
-2.63227e-06
-2.78138e-06
-2.91537e-06
-3.0355e-06
-3.14305e-06
-3.23939e-06
-3.32614e-06
-3.40486e-06
-3.47723e-06
-3.54529e-06
-3.61059e-06
-3.67486e-06
-3.74044e-06
-3.80888e-06
-3.88203e-06
-3.96182e-06
-4.05006e-06
-4.14845e-06
-4.25862e-06
-4.38211e-06
-4.52037e-06
-4.67472e-06
-4.84639e-06
-5.03649e-06
-5.24602e-06
-5.47584e-06
-5.72667e-06
-5.99909e-06
-6.29353e-06
-6.61026e-06
-6.94938e-06
-7.31084e-06
-7.69439e-06
-8.09965e-06
2.42132e-07
-1.23961e-07
-4.68684e-07
-7.91969e-07
-1.09386e-06
-1.37456e-06
-1.63436e-06
-1.87371e-06
-2.0932e-06
-2.2935e-06
-2.47545e-06
-2.63996e-06
-2.78811e-06
-2.92106e-06
-3.04011e-06
-3.14656e-06
-3.24187e-06
-3.32761e-06
-3.40537e-06
-3.47683e-06
-3.54399e-06
-3.60833e-06
-3.67167e-06
-3.7364e-06
-3.80403e-06
-3.87638e-06
-3.95534e-06
-4.04269e-06
-4.14017e-06
-4.24942e-06
-4.372e-06
-4.50938e-06
-4.66292e-06
-4.83391e-06
-5.02349e-06
-5.2327e-06
-5.46244e-06
-5.71347e-06
-5.98641e-06
-6.28173e-06
-6.59971e-06
-6.94049e-06
-7.30402e-06
-7.69007e-06
-8.09826e-06
2.38361e-07
-1.29717e-07
-4.76042e-07
-8.00558e-07
-1.10333e-06
-1.38455e-06
-1.64458e-06
-1.88388e-06
-2.10305e-06
-2.30283e-06
-2.48407e-06
-2.64773e-06
-2.79492e-06
-2.92686e-06
-3.04484e-06
-3.15022e-06
-3.24456e-06
-3.32929e-06
-3.4061e-06
-3.47664e-06
-3.54287e-06
-3.60624e-06
-3.66861e-06
-3.73246e-06
-3.79925e-06
-3.87077e-06
-3.94887e-06
-4.03535e-06
-4.13192e-06
-4.24025e-06
-4.36192e-06
-4.49843e-06
-4.65119e-06
-4.8215e-06
-5.01055e-06
-5.21941e-06
-5.44903e-06
-5.7002e-06
-5.97358e-06
-6.26965e-06
-6.58874e-06
-6.931e-06
-7.29639e-06
-7.6847e-06
-8.09555e-06
2.33412e-07
-1.36535e-07
-4.84354e-07
-8.10002e-07
-1.11356e-06
-1.39525e-06
-1.65544e-06
-1.89462e-06
-2.11344e-06
-2.31265e-06
-2.49315e-06
-2.65594e-06
-2.80215e-06
-2.93304e-06
-3.04994e-06
-3.15424e-06
-3.24756e-06
-3.33126e-06
-3.40709e-06
-3.47667e-06
-3.54194e-06
-3.60427e-06
-3.66561e-06
-3.72851e-06
-3.79441e-06
-3.86504e-06
-3.94225e-06
-4.02779e-06
-4.12342e-06
-4.23079e-06
-4.35152e-06
-4.48714e-06
-4.63907e-06
-4.80866e-06
-4.99714e-06
-5.20562e-06
-5.43507e-06
-5.68633e-06
-5.96008e-06
-6.25684e-06
-6.57695e-06
-6.9206e-06
-7.28776e-06
-7.67822e-06
-8.09161e-06
2.27933e-07
-1.43788e-07
-4.93036e-07
-8.19774e-07
-1.12409e-06
-1.40623e-06
-1.66657e-06
-1.90564e-06
-2.12411e-06
-2.32277e-06
-2.50254e-06
-2.66447e-06
-2.80972e-06
-2.9396e-06
-3.05545e-06
-3.15865e-06
-3.25087e-06
-3.33348e-06
-3.40823e-06
-3.47685e-06
-3.54119e-06
-3.60251e-06
-3.6628e-06
-3.72474e-06
-3.78974e-06
-3.85947e-06
-3.93575e-06
-4.02035e-06
-4.115e-06
-4.2214e-06
-4.34117e-06
-4.47586e-06
-4.62695e-06
-4.79579e-06
-4.98367e-06
-5.19172e-06
-5.42096e-06
-5.67227e-06
-5.94634e-06
-6.24374e-06
-6.56484e-06
-6.90981e-06
-7.27867e-06
-7.6712e-06
-8.08702e-06
-6.90844e-06
-1.23065e-05
-1.27768e-05
-1.30824e-05
-1.3645e-05
-1.43664e-05
-1.52019e-05
-1.61232e-05
-1.71116e-05
-1.81545e-05
-1.9241e-05
-2.03608e-05
-2.15054e-05
-2.26695e-05
-2.38577e-05
-3.9176e-06
-9.23191e-06
-1.11438e-05
-1.22571e-05
-1.32058e-05
-1.41152e-05
-1.50502e-05
-1.60288e-05
-1.7052e-05
-1.81163e-05
-1.92159e-05
-2.03437e-05
-2.14926e-05
-2.2659e-05
-2.3848e-05
-2.11425e-06
-7.15697e-06
-9.86235e-06
-1.1509e-05
-1.27683e-05
-1.38577e-05
-1.4895e-05
-1.59336e-05
-1.69929e-05
-1.80793e-05
-1.91923e-05
-2.03277e-05
-2.14808e-05
-2.2649e-05
-2.38381e-05
-1.38096e-06
-5.84409e-06
-8.83419e-06
-1.08256e-05
-1.23352e-05
-1.35944e-05
-1.47369e-05
-1.58387e-05
-1.69362e-05
-1.80454e-05
-1.91717e-05
-2.03144e-05
-2.14709e-05
-2.26402e-05
-2.38288e-05
-1.13044e-06
-4.84388e-06
-7.85718e-06
-1.0103e-05
-1.18475e-05
-1.32856e-05
-1.4549e-05
-1.57271e-05
-1.68712e-05
-1.80081e-05
-1.91501e-05
-2.03011e-05
-2.14613e-05
-2.26313e-05
-2.38187e-05
-1.03495e-06
-4.13834e-06
-6.98523e-06
-9.35508e-06
-1.12926e-05
-1.29084e-05
-1.43083e-05
-1.55801e-05
-1.67845e-05
-1.79583e-05
-1.91217e-05
-2.0284e-05
-2.14493e-05
-2.26204e-05
-2.38061e-05
-1.093e-06
-3.70518e-06
-6.29579e-06
-8.6536e-06
-1.07036e-05
-1.24669e-05
-1.40032e-05
-1.53816e-05
-1.6661e-05
-1.78839e-05
-1.90773e-05
-2.02565e-05
-2.14299e-05
-2.26037e-05
-2.37883e-05
-1.31874e-06
-3.52632e-06
-5.82986e-06
-8.07149e-06
-1.01397e-05
-1.19931e-05
-1.36423e-05
-1.51256e-05
-1.64887e-05
-1.77718e-05
-1.90053e-05
-2.0209e-05
-2.13958e-05
-2.25752e-05
-2.37603e-05
-1.68547e-06
-3.56451e-06
-5.58901e-06
-7.65518e-06
-9.66035e-06
-1.15356e-05
-1.32542e-05
-1.48225e-05
-1.62655e-05
-1.76136e-05
-1.88948e-05
-2.01306e-05
-2.1337e-05
-2.25267e-05
-2.3715e-05
-2.16251e-06
-3.77691e-06
-5.55001e-06
-7.41906e-06
-9.3062e-06
-1.1141e-05
-1.28772e-05
-1.44963e-05
-1.60016e-05
-1.74094e-05
-1.87398e-05
-2.00124e-05
-2.12436e-05
-2.24483e-05
-2.36436e-05
-2.72416e-06
-4.12467e-06
-5.6795e-06
-7.35324e-06
-9.09319e-06
-1.08408e-05
-1.25458e-05
-1.41753e-05
-1.57154e-05
-1.71671e-05
-1.85405e-05
-1.98492e-05
-2.11077e-05
-2.23308e-05
-2.35363e-05
-3.35005e-06
-4.57573e-06
-5.9435e-06
-7.43501e-06
-9.01748e-06
-1.06481e-05
-1.22824e-05
-1.38832e-05
-1.54257e-05
-1.68985e-05
-1.83009e-05
-1.96392e-05
-2.09231e-05
-2.21656e-05
-2.33835e-05
-4.02244e-06
-5.10321e-06
-6.31073e-06
-7.63694e-06
-9.0631e-06
-1.05608e-05
-1.20959e-05
-1.36339e-05
-1.51463e-05
-1.66137e-05
-1.8026e-05
-1.93817e-05
-2.06847e-05
-2.19442e-05
-2.31747e-05
-4.72266e-06
-5.68167e-06
-6.75135e-06
-7.92959e-06
-9.20684e-06
-1.0566e-05
-1.19835e-05
-1.34319e-05
-1.48845e-05
-1.63185e-05
-1.7718e-05
-1.90745e-05
-2.0386e-05
-2.1657e-05
-2.28982e-05
-5.42837e-06
-6.28401e-06
-7.2346e-06
-8.2813e-06
-9.42028e-06
-1.06424e-05
-1.1933e-05
-1.3273e-05
-1.46406e-05
-1.60145e-05
-1.73766e-05
-1.8714e-05
-2.00196e-05
-2.12929e-05
-2.25397e-05
-6.11309e-06
-6.88021e-06
-7.72756e-06
-8.65789e-06
-9.67069e-06
-1.0762e-05
-1.19239e-05
-1.31446e-05
-1.44089e-05
-1.56997e-05
-1.70004e-05
-1.82966e-05
-1.95784e-05
-2.08411e-05
-2.20854e-05
-6.74838e-06
-7.43897e-06
-8.19643e-06
-9.02402e-06
-9.92302e-06
-1.08926e-05
-1.19295e-05
-1.30276e-05
-1.41777e-05
-1.53684e-05
-1.65867e-05
-1.78202e-05
-1.90583e-05
-2.02941e-05
-2.15245e-05
-7.30516e-06
-7.92912e-06
-8.60801e-06
-9.34508e-06
-1.01424e-05
-1.1001e-05
-1.19203e-05
-1.28984e-05
-1.3931e-05
-1.50118e-05
-1.61329e-05
-1.72855e-05
-1.84609e-05
-1.96515e-05
-2.0854e-05
-7.75482e-06
-8.32024e-06
-8.93038e-06
-9.58808e-06
-1.02957e-05
-1.1055e-05
-1.18672e-05
-1.27328e-05
-1.36511e-05
-1.462e-05
-1.56361e-05
-1.66956e-05
-1.7793e-05
-1.89222e-05
-2.00814e-05
-8.08074e-06
-8.59468e-06
-9.14482e-06
-9.73344e-06
-1.03628e-05
-1.10353e-05
-1.1753e-05
-1.25176e-05
-1.33309e-05
-1.41933e-05
-1.51052e-05
-1.60655e-05
-1.7074e-05
-1.81311e-05
-1.92322e-05
-8.25814e-06
-8.73085e-06
-9.23342e-06
-9.7676e-06
-1.03355e-05
-1.09394e-05
-1.15818e-05
-1.22654e-05
-1.29928e-05
-1.37669e-05
-1.45904e-05
-1.54639e-05
-1.63887e-05
-1.73701e-05
-1.84086e-05
-8.31534e-06
-8.75788e-06
-9.22659e-06
-9.72275e-06
-1.02482e-05
-1.08051e-05
-1.13958e-05
-1.20231e-05
-1.269e-05
-1.33998e-05
-1.41561e-05
-1.49644e-05
-1.58297e-05
-1.67528e-05
-1.77353e-05
-8.33008e-06
-8.75398e-06
-9.20181e-06
-9.67469e-06
-1.01743e-05
-1.07025e-05
-1.12616e-05
-1.18543e-05
-1.24834e-05
-1.31526e-05
-1.38662e-05
-1.4629e-05
-1.54447e-05
-1.63161e-05
-1.72476e-05
-8.33331e-06
-8.74644e-06
-9.18223e-06
-9.6417e-06
-1.01262e-05
-1.06376e-05
-1.11777e-05
-1.1749e-05
-1.23543e-05
-1.29969e-05
-1.36801e-05
-1.4408e-05
-1.51847e-05
-1.60153e-05
-1.69041e-05
-8.33958e-06
-8.74776e-06
-9.17789e-06
-9.63081e-06
-1.01077e-05
-1.061e-05
-1.11395e-05
-1.16981e-05
-1.22882e-05
-1.29123e-05
-1.35737e-05
-1.42762e-05
-1.50239e-05
-1.58211e-05
-1.66721e-05
-8.3544e-06
-8.76162e-06
-9.19033e-06
-9.64122e-06
-1.01153e-05
-1.06136e-05
-1.11376e-05
-1.16889e-05
-1.22693e-05
-1.2881e-05
-1.35269e-05
-1.42103e-05
-1.49345e-05
-1.57031e-05
-1.65204e-05
-8.37648e-06
-8.78535e-06
-9.2154e-06
-9.66717e-06
-1.01414e-05
-1.06389e-05
-1.11606e-05
-1.17083e-05
-1.22828e-05
-1.28862e-05
-1.35206e-05
-1.41886e-05
-1.48931e-05
-1.56371e-05
-1.64242e-05
-8.40256e-06
-8.81469e-06
-9.24779e-06
-9.70226e-06
-1.01786e-05
-1.06774e-05
-1.11994e-05
-1.17453e-05
-1.23162e-05
-1.29137e-05
-1.35392e-05
-1.41948e-05
-1.48828e-05
-1.56054e-05
-1.63658e-05
-8.42925e-06
-8.84557e-06
-9.28273e-06
-9.74095e-06
-1.02205e-05
-1.07218e-05
-1.12451e-05
-1.17909e-05
-1.23599e-05
-1.29533e-05
-1.35719e-05
-1.42174e-05
-1.48913e-05
-1.55956e-05
-1.63324e-05
-8.45401e-06
-8.875e-06
-9.31674e-06
-9.77928e-06
-1.02627e-05
-1.07671e-05
-1.12927e-05
-1.18393e-05
-1.24076e-05
-1.29981e-05
-1.36114e-05
-1.42487e-05
-1.49107e-05
-1.55991e-05
-1.63153e-05
-8.47536e-06
-8.9012e-06
-9.34774e-06
-9.81487e-06
-1.03025e-05
-1.08104e-05
-1.13386e-05
-1.18868e-05
-1.24552e-05
-1.30439e-05
-1.36531e-05
-1.42836e-05
-1.49357e-05
-1.56105e-05
-1.63087e-05
-8.49271e-06
-8.9234e-06
-9.37474e-06
-9.84652e-06
-1.03384e-05
-1.08501e-05
-1.13812e-05
-1.19313e-05
-1.25003e-05
-1.30881e-05
-1.36941e-05
-1.4319e-05
-1.49627e-05
-1.56259e-05
-1.63085e-05
-8.50607e-06
-8.94145e-06
-9.39748e-06
-9.8738e-06
-1.03699e-05
-1.08853e-05
-1.14195e-05
-1.19717e-05
-1.25418e-05
-1.31291e-05
-1.37328e-05
-1.43532e-05
-1.49899e-05
-1.56431e-05
-1.63122e-05
-8.51578e-06
-8.9556e-06
-9.4161e-06
-9.89678e-06
-1.0397e-05
-1.09161e-05
-1.14533e-05
-1.20078e-05
-1.25791e-05
-1.31664e-05
-1.37682e-05
-1.4385e-05
-1.50158e-05
-1.56605e-05
-1.6318e-05
-8.52234e-06
-8.96632e-06
-9.431e-06
-9.91579e-06
-1.04199e-05
-1.09425e-05
-1.14827e-05
-1.20395e-05
-1.26122e-05
-1.31996e-05
-1.38002e-05
-1.44139e-05
-1.50397e-05
-1.56772e-05
-1.63246e-05
-8.5263e-06
-8.97411e-06
-9.44267e-06
-9.93128e-06
-1.0439e-05
-1.0965e-05
-1.1508e-05
-1.20671e-05
-1.26413e-05
-1.32288e-05
-1.38285e-05
-1.44398e-05
-1.50615e-05
-1.56927e-05
-1.63314e-05
-8.5282e-06
-8.97951e-06
-9.45161e-06
-9.94372e-06
-1.04548e-05
-1.09838e-05
-1.15295e-05
-1.20908e-05
-1.26665e-05
-1.32542e-05
-1.38534e-05
-1.44628e-05
-1.50809e-05
-1.57067e-05
-1.63379e-05
-8.5285e-06
-8.983e-06
-9.45836e-06
-9.95368e-06
-1.04679e-05
-1.09997e-05
-1.15479e-05
-1.21112e-05
-1.26881e-05
-1.32764e-05
-1.38752e-05
-1.4483e-05
-1.50981e-05
-1.57193e-05
-1.6344e-05
-8.52744e-06
-8.98504e-06
-9.46355e-06
-9.96197e-06
-1.04791e-05
-1.10137e-05
-1.15643e-05
-1.21296e-05
-1.27079e-05
-1.32967e-05
-1.38953e-05
-1.45017e-05
-1.51142e-05
-1.57312e-05
-1.63499e-05
-8.52558e-06
-8.98603e-06
-9.46746e-06
-9.9689e-06
-1.04891e-05
-1.10265e-05
-1.15797e-05
-1.2147e-05
-1.27268e-05
-1.33164e-05
-1.39147e-05
-1.45198e-05
-1.51298e-05
-1.57428e-05
-1.63556e-05
-5.09857e-07
-5.06124e-07
-5.03262e-07
-5.00935e-07
-4.98861e-07
-4.96743e-07
-4.94359e-07
-4.91648e-07
-4.88712e-07
-4.85839e-07
-4.83428e-07
-4.81949e-07
-4.81875e-07
-4.83661e-07
-4.87701e-07
-4.94304e-07
-5.03611e-07
-5.15475e-07
-5.29351e-07
-5.44126e-07
-5.58011e-07
-5.68435e-07
-5.69997e-07
-5.55971e-07
-5.20749e-07
-4.58988e-07
-3.65748e-07
-2.37492e-07
-7.32205e-08
1.24605e-07
3.54299e-07
6.10271e-07
8.76079e-07
1.13443e-06
1.36889e-06
1.56486e-06
1.70938e-06
1.79492e-06
1.82172e-06
1.79815e-06
1.73928e-06
1.66353e-06
1.59088e-06
1.5408e-06
1.5281e-06
-5.16381e-07
-5.13231e-07
-5.1055e-07
-5.07576e-07
-5.03942e-07
-4.99513e-07
-4.94227e-07
-4.88039e-07
-4.81047e-07
-4.73421e-07
-4.65424e-07
-4.57413e-07
-4.49777e-07
-4.42953e-07
-4.37394e-07
-4.33504e-07
-4.31598e-07
-4.31847e-07
-4.34117e-07
-4.37774e-07
-4.41491e-07
-4.42905e-07
-4.37028e-07
-4.1815e-07
-3.81394e-07
-3.21833e-07
-2.34938e-07
-1.17464e-07
3.18911e-08
2.122e-07
4.19406e-07
6.42399e-07
8.69812e-07
1.09075e-06
1.29098e-06
1.45544e-06
1.5737e-06
1.64161e-06
1.66194e-06
1.64383e-06
1.60071e-06
1.54717e-06
1.49633e-06
1.45872e-06
1.43935e-06
-5.18178e-07
-5.17286e-07
-5.15913e-07
-5.13557e-07
-5.09928e-07
-5.04984e-07
-4.98613e-07
-4.90823e-07
-4.81706e-07
-4.71433e-07
-4.60233e-07
-4.48402e-07
-4.36309e-07
-4.24401e-07
-4.13208e-07
-4.03348e-07
-3.95526e-07
-3.90514e-07
-3.89083e-07
-3.91853e-07
-3.9909e-07
-4.10061e-07
-4.20592e-07
-4.23999e-07
-4.13423e-07
-3.815e-07
-3.21202e-07
-2.27098e-07
-9.63335e-08
7.06874e-08
2.70829e-07
4.94286e-07
7.2857e-07
9.58893e-07
1.16913e-06
1.34407e-06
1.47231e-06
1.54856e-06
1.57474e-06
1.55948e-06
1.51593e-06
1.45864e-06
1.40057e-06
1.34952e-06
1.30701e-06
-5.20062e-07
-5.22735e-07
-5.23228e-07
-5.21784e-07
-5.18535e-07
-5.13299e-07
-5.06029e-07
-4.96759e-07
-4.85592e-07
-4.727e-07
-4.58322e-07
-4.42771e-07
-4.26465e-07
-4.0996e-07
-3.94004e-07
-3.79607e-07
-3.68125e-07
-3.6135e-07
-3.61549e-07
-3.71424e-07
-3.93871e-07
-4.3082e-07
-4.78448e-07
-5.26683e-07
-5.64384e-07
-5.7972e-07
-5.61371e-07
-5.01161e-07
-3.94486e-07
-2.41091e-07
-4.52538e-08
1.8487e-07
4.35482e-07
6.89856e-07
9.29427e-07
1.13617e-06
1.2955e-06
1.39896e-06
1.4459e-06
1.44333e-06
1.40395e-06
1.34309e-06
1.27527e-06
1.20838e-06
1.14171e-06
-5.24849e-07
-5.3136e-07
-5.34111e-07
-5.33967e-07
-5.31324e-07
-5.26109e-07
-5.18292e-07
-5.07925e-07
-4.95122e-07
-4.8005e-07
-4.62954e-07
-4.44173e-07
-4.24197e-07
-4.03742e-07
-3.83859e-07
-3.66094e-07
-3.52697e-07
-3.46857e-07
-3.52926e-07
-3.76503e-07
-4.24137e-07
-5.01557e-07
-6.05073e-07
-7.18504e-07
-8.23975e-07
-9.03084e-07
-9.39187e-07
-9.22729e-07
-8.48653e-07
-7.14993e-07
-5.24234e-07
-2.85549e-07
-1.24591e-08
2.76691e-07
5.60668e-07
8.17658e-07
1.0283e-06
1.17897e-06
1.26436e-06
1.28829e-06
1.26228e-06
1.20276e-06
1.12687e-06
1.04409e-06
9.52662e-07
-5.34971e-07
-5.45101e-07
-5.50032e-07
-5.51225e-07
-5.4938e-07
-5.44452e-07
-5.36412e-07
-5.25326e-07
-5.11305e-07
-4.94513e-07
-4.75192e-07
-4.53705e-07
-4.30613e-07
-4.06802e-07
-3.83661e-07
-3.63349e-07
-3.49154e-07
-3.45931e-07
-3.60553e-07
-4.02152e-07
-4.81707e-07
-6.09656e-07
-7.82324e-07
-9.74512e-07
-1.1589e-06
-1.31002e-06
-1.41022e-06
-1.44751e-06
-1.4134e-06
-1.30668e-06
-1.12565e-06
-8.79523e-07
-5.82724e-07
-2.54541e-07
8.17007e-08
4.00432e-07
6.76833e-07
8.90696e-07
1.03021e-06
1.09423e-06
1.09195e-06
1.0405e-06
9.60069e-07
8.62499e-07
7.4577e-07
-5.5178e-07
-5.65155e-07
-5.72143e-07
-5.74686e-07
-5.73736e-07
-5.69255e-07
-5.6121e-07
-5.49665e-07
-5.3472e-07
-5.16518e-07
-4.95281e-07
-4.71375e-07
-4.45414e-07
-4.18432e-07
-3.92139e-07
-3.69313e-07
-3.54322e-07
-3.53802e-07
-3.77388e-07
-4.3816e-07
-5.51976e-07
-7.34411e-07
-9.81834e-07
-1.25742e-06
-1.52379e-06
-1.75416e-06
-1.92895e-06
-2.02763e-06
-2.03436e-06
-1.9529e-06
-1.78309e-06
-1.53361e-06
-1.21771e-06
-8.54211e-07
-4.67233e-07
-8.50528e-08
2.62512e-07
5.48275e-07
7.52651e-07
8.6781e-07
8.9897e-07
8.62882e-07
7.82499e-07
6.72169e-07
5.29963e-07
-5.76132e-07
-5.92383e-07
-6.01273e-07
-6.05138e-07
-6.05126e-07
-6.01192e-07
-5.93283e-07
-5.81446e-07
-5.65751e-07
-5.46298e-07
-5.23266e-07
-4.96988e-07
-4.68087e-07
-4.37693e-07
-4.07781e-07
-3.81682e-07
-3.64795e-07
-3.65513e-07
-3.96292e-07
-4.7441e-07
-6.20871e-07
-8.5625e-07
-1.17832e-06
-1.53833e-06
-1.88942e-06
-2.19777e-06
-2.43582e-06
-2.5847e-06
-2.63575e-06
-2.57882e-06
-2.42431e-06
-2.17801e-06
-1.8517e-06
-1.46276e-06
-1.03457e-06
-5.96335e-07
-1.81401e-07
1.76736e-07
4.50257e-07
6.2332e-07
6.95378e-07
6.81203e-07
6.05545e-07
4.84956e-07
3.17677e-07
-6.0842e-07
-6.27231e-07
-6.37875e-07
-6.43015e-07
-6.43955e-07
-6.40616e-07
-6.32914e-07
-6.20861e-07
-6.04477e-07
-5.83796e-07
-5.58918e-07
-5.30104e-07
-4.97929e-07
-4.63549e-07
-4.29113e-07
-3.98393e-07
-3.77697e-07
-3.77045e-07
-4.11611e-07
-5.03019e-07
-6.77551e-07
-9.59293e-07
-1.35024e-06
-1.78778e-06
-2.21437e-06
-2.5893e-06
-2.88225e-06
-3.07494e-06
-3.15894e-06
-3.12987e-06
-2.99351e-06
-2.75644e-06
-2.42936e-06
-2.02743e-06
-1.57175e-06
-1.09053e-06
-6.18595e-07
-1.94279e-07
1.46659e-07
3.79787e-07
4.97229e-07
5.09999e-07
4.4327e-07
3.1511e-07
1.23857e-07
-6.48647e-07
-6.69799e-07
-6.82085e-07
-6.88464e-07
-6.90349e-07
-6.87616e-07
-6.8013e-07
-6.67855e-07
-6.5074e-07
-6.28728e-07
-6.01809e-07
-5.70128e-07
-5.34156e-07
-4.94993e-07
-4.54852e-07
-4.17815e-07
-3.90925e-07
-3.85641e-07
-4.19618e-07
-5.18847e-07
-7.15121e-07
-1.03367e-06
-1.48414e-06
-1.98856e-06
-2.47863e-06
-2.90825e-06
-3.24568e-06
-3.47329e-06
-3.58415e-06
-3.57747e-06
-3.45878e-06
-3.23493e-06
-2.91513e-06
-2.51169e-06
-2.0423e-06
-1.53252e-06
-1.01667e-06
-5.36017e-07
-1.33613e-07
1.58011e-07
3.22564e-07
3.65648e-07
3.11363e-07
1.78386e-07
-3.51009e-08
-6.96577e-07
-7.19959e-07
-7.33829e-07
-7.41425e-07
-7.44243e-07
-7.42093e-07
-7.34781e-07
-7.22206e-07
-7.0423e-07
-6.80684e-07
-6.51423e-07
-6.16433e-07
-5.76024e-07
-5.31162e-07
-4.84022e-07
-4.38845e-07
-4.03229e-07
-3.89836e-07
-4.1842e-07
-5.18499e-07
-7.28117e-07
-1.0781e-06
-1.57465e-06
-2.1338e-06
-2.67481e-06
-3.14702e-06
-3.51772e-06
-3.77061e-06
-3.90119e-06
-3.91188e-06
-3.80921e-06
-3.60032e-06
-3.29287e-06
-2.89607e-06
-2.42371e-06
-1.89771e-06
-1.35021e-06
-8.23556e-07
-3.68201e-07
-2.1999e-08
1.89497e-07
2.64928e-07
2.25978e-07
9.10123e-08
-1.42344e-07
-7.51854e-07
-7.77464e-07
-7.92913e-07
-8.01721e-07
-8.05452e-07
-8.03837e-07
-7.96609e-07
-7.83595e-07
-7.6456e-07
-7.39206e-07
-7.07228e-07
-6.68422e-07
-6.22885e-07
-5.71386e-07
-5.15962e-07
-4.60885e-07
-4.14124e-07
-3.89342e-07
-4.08174e-07
-5.02567e-07
-7.15793e-07
-1.09167e-06
-1.62256e-06
-2.22375e-06
-2.80375e-06
-3.30735e-06
-3.70121e-06
-3.97088e-06
-4.1147e-06
-4.13795e-06
-4.04862e-06
-3.85408e-06
-3.56051e-06
-3.17422e-06
-2.70513e-06
-2.1712e-06
-1.60126e-06
-1.03659e-06
-5.37972e-07
-1.42355e-07
1.15002e-07
2.23974e-07
2.02803e-07
6.88013e-08
-1.81453e-07
-8.14093e-07
-8.42024e-07
-8.59093e-07
-8.69125e-07
-8.73742e-07
-8.72585e-07
-8.65311e-07
-8.51669e-07
-8.31319e-07
-8.03827e-07
-7.68716e-07
-7.25561e-07
-6.7421e-07
-6.15178e-07
-5.50288e-07
-4.83725e-07
-4.23677e-07
-3.84597e-07
-3.89817e-07
-4.73796e-07
-6.84605e-07
-1.07402e-06
-1.63019e-06
-2.26305e-06
-2.8717e-06
-3.3972e-06
-3.80594e-06
-4.08551e-06
-4.23701e-06
-4.26827e-06
-4.18867e-06
-4.00569e-06
-3.72419e-06
-3.34801e-06
-2.88369e-06
-2.34569e-06
-1.75951e-06
-1.16247e-06
-6.24718e-07
-1.86393e-07
1.14769e-07
2.57749e-07
2.56418e-07
1.26455e-07
-1.37203e-07
-8.82943e-07
-9.13366e-07
-9.32138e-07
-9.43413e-07
-9.48877e-07
-9.48072e-07
-9.40579e-07
-9.2607e-07
-9.04103e-07
-8.74107e-07
-8.35422e-07
-7.87393e-07
-7.29579e-07
-6.62206e-07
-5.86824e-07
-5.07433e-07
-4.32311e-07
-3.76525e-07
-3.64953e-07
-4.34914e-07
-6.37527e-07
-1.0298e-06
-1.60341e-06
-2.25904e-06
-2.88775e-06
-3.42751e-06
-3.84468e-06
-4.12872e-06
-4.28324e-06
-4.31815e-06
-4.24387e-06
-4.06783e-06
-3.79378e-06
-3.42363e-06
-2.96119e-06
-2.41809e-06
-1.81777e-06
-1.19619e-06
-6.16621e-07
-1.38202e-07
2.03025e-07
3.7945e-07
3.99699e-07
2.7698e-07
3.79056e-09
-9.58137e-07
-9.91287e-07
-1.01187e-06
-1.02441e-06
-1.03066e-06
-1.03006e-06
-1.02212e-06
-1.00646e-06
-9.82527e-07
-9.49626e-07
-9.06924e-07
-8.53524e-07
-7.8866e-07
-7.12255e-07
-6.25543e-07
-5.32253e-07
-4.40649e-07
-3.66261e-07
-3.35271e-07
-3.87576e-07
-5.77288e-07
-9.65692e-07
-1.54934e-06
-2.22009e-06
-2.86181e-06
-3.40987e-06
-3.83051e-06
-4.11481e-06
-4.26837e-06
-4.30264e-06
-4.22864e-06
-4.05354e-06
-3.78021e-06
-3.40923e-06
-2.94226e-06
-2.3892e-06
-1.7723e-06
-1.12792e-06
-5.07061e-07
1.06498e-08
3.89755e-07
5.99669e-07
6.43399e-07
5.3134e-07
2.52696e-07
-1.03952e-06
-1.07567e-06
-1.09819e-06
-1.11199e-06
-1.11893e-06
-1.11834e-06
-1.10969e-06
-1.09251e-06
-1.06622e-06
-1.02998e-06
-9.82817e-07
-9.23603e-07
-8.51178e-07
-7.65175e-07
-6.66504e-07
-5.58524e-07
-4.49407e-07
-3.55026e-07
-3.02671e-07
-3.34393e-07
-5.07398e-07
-8.87433e-07
-1.47468e-06
-2.15393e-06
-2.80329e-06
-3.35515e-06
-3.77553e-06
-4.05675e-06
-4.20586e-06
-4.23522e-06
-4.15603e-06
-3.97504e-06
-3.69429e-06
-3.3133e-06
-2.83314e-06
-2.26251e-06
-1.62286e-06
-9.51262e-07
-2.93018e-07
2.66629e-07
6.83096e-07
9.27151e-07
9.96277e-07
8.98393e-07
6.18367e-07
-1.12706e-06
-1.16653e-06
-1.19111e-06
-1.20615e-06
-1.21362e-06
-1.21277e-06
-1.20302e-06
-1.18392e-06
-1.1548e-06
-1.11476e-06
-1.06268e-06
-9.97283e-07
-9.16896e-07
-8.20836e-07
-7.09785e-07
-5.86604e-07
-4.59302e-07
-3.44007e-07
-2.68971e-07
-2.7775e-07
-4.31686e-07
-7.9926e-07
-1.38526e-06
-2.06816e-06
-2.72083e-06
-3.27297e-06
-3.6902e-06
-3.96559e-06
-4.10705e-06
-4.12728e-06
-4.03721e-06
-3.84295e-06
-3.54583e-06
-3.14488e-06
-2.64106e-06
-2.04294e-06
-1.37215e-06
-6.66182e-07
2.85962e-08
6.32138e-07
1.08952e-06
1.36866e-06
1.46475e-06
1.38461e-06
1.10703e-06
-1.22087e-06
-1.26399e-06
-1.29073e-06
-1.30693e-06
-1.3147e-06
-1.31322e-06
-1.30191e-06
-1.28035e-06
-1.24788e-06
-1.20351e-06
-1.14603e-06
-1.07412e-06
-9.85572e-07
-8.79092e-07
-7.55436e-07
-6.16805e-07
-4.70981e-07
-3.34257e-07
-2.35491e-07
-2.20518e-07
-3.53026e-07
-7.05232e-07
-1.28619e-06
-1.96894e-06
-2.62159e-06
-3.1713e-06
-3.58308e-06
-3.85032e-06
-3.9812e-06
-3.98818e-06
-3.88153e-06
-3.66654e-06
-3.3439e-06
-2.91252e-06
-2.37387e-06
-1.73726e-06
-1.02487e-06
-2.7475e-07
4.58987e-07
1.10776e-06
1.6102e-06
1.9276e-06
2.05261e-06
1.99423e-06
1.72195e-06
-1.32122e-06
-1.36834e-06
-1.39731e-06
-1.41449e-06
-1.42221e-06
-1.41959e-06
-1.40612e-06
-1.38146e-06
-1.34501e-06
-1.29576e-06
-1.2325e-06
-1.15367e-06
-1.0566e-06
-9.39775e-07
-8.0344e-07
-6.49339e-07
-4.84959e-07
-3.2663e-07
-2.03855e-07
-1.64254e-07
-2.74016e-07
-6.08778e-07
-1.1817e-06
-1.86134e-06
-2.51136e-06
-3.05654e-06
-3.46103e-06
-3.71811e-06
-3.83569e-06
-3.82547e-06
-3.69676e-06
-3.4538e-06
-3.09669e-06
-2.62451e-06
-2.0397e-06
-1.3531e-06
-5.88478e-07
2.14304e-07
9.98679e-07
1.69639e-06
2.24314e-06
2.6043e-06
2.76127e-06
2.72977e-06
2.46391e-06
-1.42854e-06
-1.47999e-06
-1.5112e-06
-1.52909e-06
-1.53624e-06
-1.5318e-06
-1.51537e-06
-1.48682e-06
-1.44566e-06
-1.39098e-06
-1.3215e-06
-1.23526e-06
-1.12953e-06
-1.00259e-06
-8.53657e-07
-6.84283e-07
-5.01573e-07
-3.21773e-07
-1.7503e-07
-1.10426e-07
-1.96681e-07
-5.12555e-07
-1.07516e-06
-1.74937e-06
-2.39475e-06
-2.93372e-06
-3.32939e-06
-3.57452e-06
-3.67631e-06
-3.64521e-06
-3.48932e-06
-3.21163e-06
-2.81166e-06
-2.28882e-06
-1.64689e-06
-8.98796e-07
-7.07061e-08
7.95039e-07
1.63981e-06
2.39355e-06
2.98967e-06
3.39604e-06
3.5895e-06
3.58782e-06
3.33464e-06
-1.54345e-06
-1.59957e-06
-1.63291e-06
-1.65107e-06
-1.65694e-06
-1.64974e-06
-1.62935e-06
-1.59592e-06
-1.5492e-06
-1.48839e-06
-1.41215e-06
-1.31826e-06
-1.20401e-06
-1.06699e-06
-9.05792e-07
-7.21554e-07
-5.20942e-07
-3.20129e-07
-1.49678e-07
-6.01299e-08
-1.2252e-07
-4.18561e-07
-9.6916e-07
-1.63615e-06
-2.27526e-06
-2.80667e-06
-3.19223e-06
-3.42381e-06
-3.50736e-06
-3.45228e-06
-3.26458e-06
-2.94607e-06
-2.49565e-06
-1.91314e-06
-1.20389e-06
-3.83268e-07
5.19586e-07
1.45924e-06
2.37444e-06
3.19331e-06
3.84549e-06
4.29786e-06
4.5326e-06
4.55646e-06
4.33522e-06
-1.66677e-06
-1.72784e-06
-1.76311e-06
-1.78086e-06
-1.78445e-06
-1.77329e-06
-1.74766e-06
-1.70814e-06
-1.65484e-06
-1.58713e-06
-1.50364e-06
-1.40201e-06
-1.27926e-06
-1.13241e-06
-9.59412e-07
-7.60901e-07
-5.43016e-07
-3.21847e-07
-1.28236e-07
-1.40892e-08
-5.25844e-08
-3.2824e-07
-8.65597e-07
-1.52397e-06
-2.15553e-06
-2.67826e-06
-3.05261e-06
-3.26928e-06
-3.33278e-06
-3.25062e-06
-3.02709e-06
-2.66246e-06
-2.15498e-06
-1.50492e-06
-7.19235e-07
1.84058e-07
1.17251e-06
2.19714e-06
3.19343e-06
4.08687e-06
4.80201e-06
5.30449e-06
5.58369e-06
5.63395e-06
5.4572e-06
-1.79955e-06
-1.86584e-06
-1.90262e-06
-1.919e-06
-1.91894e-06
-1.90225e-06
-1.86977e-06
-1.82274e-06
-1.7617e-06
-1.68627e-06
-1.59506e-06
-1.48557e-06
-1.35445e-06
-1.19814e-06
-1.01396e-06
-8.01902e-07
-5.67588e-07
-3.26865e-07
-1.10878e-07
2.72917e-08
1.245e-08
-2.42582e-07
-7.6581e-07
-1.41448e-06
-2.03745e-06
-2.55059e-06
-2.9128e-06
-3.11338e-06
-3.15511e-06
-3.04344e-06
-2.7807e-06
-2.36557e-06
-1.79557e-06
-1.07137e-06
-2.01511e-07
7.93343e-07
1.87732e-06
2.99756e-06
4.08584e-06
5.0642e-06
5.85014e-06
6.40926e-06
6.74107e-06
6.82703e-06
6.68896e-06
-1.94313e-06
-2.01484e-06
-2.05245e-06
-2.06608e-06
-2.06056e-06
-2.03631e-06
-1.99503e-06
-1.93881e-06
-1.86875e-06
-1.78473e-06
-1.68537e-06
-1.56794e-06
-1.42867e-06
-1.26342e-06
-1.06876e-06
-8.44039e-07
-5.94245e-07
-3.34965e-07
-9.75456e-08
6.38729e-08
7.22227e-08
-1.62198e-07
-6.70694e-07
-1.30882e-06
-1.92238e-06
-2.42517e-06
-2.77448e-06
-2.95797e-06
-2.97653e-06
-2.83339e-06
-2.52877e-06
-2.05972e-06
-1.42298e-06
-6.19514e-07
3.40673e-07
1.43442e-06
2.6225e-06
3.84815e-06
5.03899e-06
6.1129e-06
6.97974e-06
7.60047e-06
7.98987e-06
8.12135e-06
8.02962e-06
-2.09921e-06
-2.17643e-06
-2.21382e-06
-2.22276e-06
-2.20937e-06
-2.17505e-06
-2.12264e-06
-2.05531e-06
-1.97484e-06
-1.88137e-06
-1.77346e-06
-1.6481e-06
-1.50101e-06
-1.3274e-06
-1.12309e-06
-8.86683e-07
-6.22481e-07
-3.45773e-07
-8.80039e-08
9.57259e-08
1.26623e-07
-8.74047e-08
-5.80797e-07
-1.20776e-06
-1.81125e-06
-2.30309e-06
-2.63886e-06
-2.80449e-06
-2.79878e-06
-2.62266e-06
-2.27422e-06
-1.74882e-06
-1.0424e-06
-1.56123e-07
8.98772e-07
2.09691e-06
3.39599e-06
4.73547e-06
6.03847e-06
7.21803e-06
8.17891e-06
8.86839e-06
9.3179e-06
9.50006e-06
9.46132e-06
-2.26994e-06
-2.35257e-06
-2.38814e-06
-2.38975e-06
-2.36534e-06
-2.31778e-06
-2.2516e-06
-2.17101e-06
-2.07873e-06
-1.97498e-06
-1.85821e-06
-1.72502e-06
-1.57054e-06
-1.38927e-06
-1.1762e-06
-9.29159e-07
-6.5172e-07
-3.58808e-07
-8.18853e-08
1.23084e-07
1.75731e-07
-1.82958e-08
-4.96409e-07
-1.11176e-06
-1.70468e-06
-2.18509e-06
-2.50685e-06
-2.65402e-06
-2.62324e-06
-2.41314e-06
-2.01962e-06
-1.43642e-06
-6.58699e-07
3.12317e-07
1.46439e-06
2.77035e-06
4.18529e-06
5.64527e-06
7.06859e-06
8.36227e-06
9.43067e-06
1.02056e-05
1.07151e-05
1.09565e-05
1.09766e-05
-2.45808e-06
-2.54573e-06
-2.57711e-06
-2.56775e-06
-2.52824e-06
-2.46366e-06
-2.38068e-06
-2.28463e-06
-2.17909e-06
-2.06433e-06
-1.93853e-06
-1.79774e-06
-1.63641e-06
-1.44824e-06
-1.22737e-06
-9.70803e-07
-6.81355e-07
-3.7353e-07
-7.87367e-08
1.46296e-07
2.19769e-07
4.52024e-08
-4.17626e-07
-1.02107e-06
-1.60306e-06
-2.07169e-06
-2.37908e-06
-2.50739e-06
-2.45105e-06
-2.20638e-06
-1.76722e-06
-1.12575e-06
-2.76369e-07
7.7967e-07
2.02943e-06
3.4444e-06
4.97777e-06
6.56283e-06
8.1136e-06
9.5307e-06
1.07156e-05
1.15936e-05
1.21702e-05
1.24792e-05
1.2566e-05
-2.6672e-06
-2.75895e-06
-2.78262e-06
-2.75737e-06
-2.69764e-06
-2.61166e-06
-2.5084e-06
-2.39473e-06
-2.2746e-06
-2.14828e-06
-2.01343e-06
-1.86542e-06
-1.69787e-06
-1.50364e-06
-1.27596e-06
-1.011e-06
-7.10796e-07
-3.89387e-07
-7.80627e-08
1.65779e-07
2.59051e-07
1.03281e-07
-3.44405e-07
-9.35789e-07
-1.5066e-06
-1.96322e-06
-2.25603e-06
-2.36524e-06
-2.28312e-06
-2.00375e-06
-1.51901e-06
-8.19668e-07
1.00492e-07
1.24024e-06
2.58618e-06
4.109e-06
5.76078e-06
7.47305e-06
9.15658e-06
1.07064e-05
1.20176e-05
1.30098e-05
1.36674e-05
1.40535e-05
1.42186e-05
-2.90202e-06
-2.996e-06
-3.00677e-06
-2.95903e-06
-2.87286e-06
-2.76039e-06
-2.63321e-06
-2.49974e-06
-2.36397e-06
-2.22578e-06
-2.08209e-06
-1.92736e-06
-1.75431e-06
-1.5549e-06
-1.32143e-06
-1.04921e-06
-7.39506e-07
-4.05852e-07
-7.9363e-08
1.81982e-07
2.93951e-07
1.56211e-07
-2.76605e-07
-8.55899e-07
-1.4154e-06
-1.85988e-06
-2.13802e-06
-2.22805e-06
-2.12019e-06
-1.80636e-06
-1.27668e-06
-5.20703e-07
4.68227e-07
1.68887e-06
3.12753e-06
4.75463e-06
6.52196e-06
8.36055e-06
1.01793e-05
1.18687e-05
1.33162e-05
1.44337e-05
1.51909e-05
1.56642e-05
1.5923e-05
-3.16891e-06
-3.26152e-06
-3.25179e-06
-3.17288e-06
-3.05281e-06
-2.90803e-06
-2.75341e-06
-2.59825e-06
-2.44606e-06
-2.296e-06
-2.14388e-06
-1.98308e-06
-1.80534e-06
-1.60164e-06
-1.36339e-06
-1.08502e-06
-7.67031e-07
-4.22451e-07
-8.21626e-08
1.95357e-07
3.24866e-07
2.04309e-07
-2.14016e-07
-7.81297e-07
-1.32947e-06
-1.76177e-06
-2.02524e-06
-2.0962e-06
-1.96284e-06
-1.61516e-06
-1.04168e-06
-2.31024e-07
8.23656e-07
2.12099e-06
3.6471e-06
5.37249e-06
7.24957e-06
9.21015e-06
1.11631e-05
1.29959e-05
1.45882e-05
1.58429e-05
1.672e-05
1.72952e-05
1.76688e-05
-3.47666e-06
-3.56113e-06
-3.51986e-06
-3.39849e-06
-3.23551e-06
-3.05275e-06
-2.8673e-06
-2.68893e-06
-2.52e-06
-2.35835e-06
-2.19841e-06
-2.03233e-06
-1.85072e-06
-1.64365e-06
-1.40157e-06
-1.11811e-06
-7.93013e-07
-4.38782e-07
-8.6033e-08
2.06336e-07
3.522e-07
2.47921e-07
-1.56383e-07
-7.11826e-07
-1.24873e-06
-1.66892e-06
-1.91783e-06
-1.96992e-06
-1.81154e-06
-1.43089e-06
-8.15205e-07
4.75541e-08
1.1641e-06
2.53274e-06
4.13935e-06
5.95481e-06
7.9328e-06
1.00073e-05
1.20891e-05
1.40652e-05
1.58094e-05
1.72138e-05
1.8228e-05
1.8927e-05
1.94454e-05
-3.83768e-06
-3.90144e-06
-3.8128e-06
-3.63437e-06
-3.41885e-06
-3.19225e-06
-2.97324e-06
-2.7707e-06
-2.58516e-06
-2.41254e-06
-2.24558e-06
-2.07505e-06
-1.89044e-06
-1.68085e-06
-1.43587e-06
-1.14831e-06
-8.17196e-07
-4.54524e-07
-9.06053e-08
2.15312e-07
3.76341e-07
2.87396e-07
-1.03426e-07
-6.47282e-07
-1.17305e-06
-1.58126e-06
-1.81582e-06
-1.84938e-06
-1.66662e-06
-1.25416e-06
-5.98211e-07
3.13581e-07
1.48742e-06
2.92099e-06
4.59975e-06
6.49499e-06
8.56216e-06
1.07385e-05
1.29389e-05
1.5053e-05
1.69517e-05
1.8518e-05
1.96858e-05
2.0535e-05
2.12423e-05
-4.26969e-06
-4.2897e-06
-4.13015e-06
-3.87946e-06
-3.59993e-06
-3.32418e-06
-3.06975e-06
-2.84283e-06
-2.6413e-06
-2.4586e-06
-2.28554e-06
-2.11146e-06
-1.92466e-06
-1.71336e-06
-1.4663e-06
-1.17555e-06
-8.39424e-07
-4.6944e-07
-9.55761e-08
2.22634e-07
3.97651e-07
3.23082e-07
-5.48503e-08
-5.87438e-07
-1.10229e-06
-1.49872e-06
-1.71919e-06
-1.73467e-06
-1.52832e-06
-1.08539e-06
-3.91412e-07
5.65959e-07
1.79199e-06
3.28338e-06
5.02484e-06
6.98788e-06
9.12983e-06
1.1392e-05
1.36951e-05
1.59352e-05
1.79843e-05
1.97203e-05
2.10592e-05
2.20898e-05
2.3051e-05
-4.79828e-06
-4.7334e-06
-4.47142e-06
-4.129e-06
-3.77516e-06
-3.44629e-06
-3.15565e-06
-2.90501e-06
-2.68856e-06
-2.49688e-06
-2.31872e-06
-2.14193e-06
-1.95371e-06
-1.74141e-06
-1.49301e-06
-1.19985e-06
-8.5963e-07
-4.83371e-07
-1.00707e-07
2.286e-07
4.16463e-07
3.55311e-07
-1.03575e-08
-5.32047e-07
-1.03624e-06
-1.42115e-06
-1.62789e-06
-1.62581e-06
-1.39677e-06
-9.24896e-07
-1.9531e-07
8.03927e-07
2.0767e-06
3.61832e-06
5.41226e-06
7.42984e-06
9.62999e-06
1.19582e-05
1.43425e-05
1.66881e-05
1.88739e-05
2.07794e-05
2.23036e-05
2.35513e-05
2.48647e-05
-5.45977e-06
-5.23498e-06
-4.83414e-06
-4.37748e-06
-3.94045e-06
-3.5565e-06
-3.23029e-06
-2.95738e-06
-2.72747e-06
-2.52802e-06
-2.34573e-06
-2.167e-06
-1.97801e-06
-1.76532e-06
-1.5162e-06
-1.22133e-06
-8.77815e-07
-4.96222e-07
-1.05816e-07
2.33462e-07
4.33074e-07
3.84397e-07
3.03479e-08
-4.80851e-07
-9.74704e-07
-1.3484e-06
-1.5418e-06
-1.52277e-06
-1.27204e-06
-7.72854e-07
-1.02369e-08
1.02699e-06
2.34087e-06
3.92486e-06
5.76065e-06
7.8187e-06
1.00588e-05
1.24302e-05
1.48684e-05
1.729e-05
1.9586e-05
2.1647e-05
2.33603e-05
2.48602e-05
2.66721e-05
-6.3044e-06
-5.78995e-06
-5.20615e-06
-4.61751e-06
-4.09144e-06
-3.65303e-06
-3.2935e-06
-3.00051e-06
-2.75884e-06
-2.55287e-06
-2.36733e-06
-2.18732e-06
-1.99809e-06
-1.78548e-06
-1.53615e-06
-1.24015e-06
-8.94029e-07
-5.07936e-07
-1.10756e-07
2.37441e-07
4.47751e-07
4.1063e-07
6.75527e-08
-4.33583e-07
-9.1743e-07
-1.28026e-06
-1.46077e-06
-1.42545e-06
-1.15412e-06
-6.29354e-07
1.63616e-07
1.23485e-06
2.5841e-06
4.20251e-06
6.06936e-06
8.15339e-06
1.04142e-05
1.28035e-05
1.52631e-05
1.77216e-05
2.00858e-05
2.22676e-05
2.41509e-05
2.59228e-05
2.84395e-05
-7.37785e-06
-6.38988e-06
-5.57102e-06
-4.83939e-06
-4.22367e-06
-3.73469e-06
-3.34569e-06
-3.03539e-06
-2.78382e-06
-2.57249e-06
-2.38445e-06
-2.20368e-06
-2.01459e-06
-1.80241e-06
-1.55325e-06
-1.25657e-06
-9.0841e-07
-5.18532e-07
-1.15438e-07
2.40715e-07
4.60735e-07
4.34278e-07
1.01521e-07
-3.89993e-07
-8.64187e-07
-1.2165e-06
-1.38458e-06
-1.33363e-06
-1.04281e-06
-4.94219e-07
3.26435e-07
1.42773e-06
2.8067e-06
4.45171e-06
6.33896e-06
8.43455e-06
1.06965e-05
1.30768e-05
1.55212e-05
1.7968e-05
2.03402e-05
2.25795e-05
2.45761e-05
2.66057e-05
3.01106e-05
-8.78558e-06
-7.01765e-06
-5.90549e-06
-5.03285e-06
-4.33459e-06
-3.80218e-06
-3.38863e-06
-3.0639e-06
-2.80401e-06
-2.5882e-06
-2.39815e-06
-2.21691e-06
-2.02819e-06
-1.81668e-06
-1.56797e-06
-1.27099e-06
-9.21297e-07
-5.28254e-07
-1.1998e-07
2.43313e-07
4.72195e-07
4.55593e-07
1.32501e-07
-3.499e-07
-8.14858e-07
-1.15705e-06
-1.3131e-06
-1.24714e-06
-9.37735e-07
-3.66777e-07
4.79317e-07
1.60733e-06
3.01115e-06
4.67595e-06
6.57415e-06
8.66818e-06
1.09128e-05
1.32579e-05
1.56491e-05
1.80284e-05
2.03295e-05
2.25239e-05
2.45184e-05
2.67539e-05
3.1689e-05
-1.06498e-05
-7.63984e-06
-6.17598e-06
-5.18865e-06
-4.42622e-06
-3.85973e-06
-3.42624e-06
-3.08899e-06
-2.82139e-06
-2.60117e-06
-2.40902e-06
-2.22724e-06
-2.03893e-06
-1.82827e-06
-1.58034e-06
-1.28347e-06
-9.32908e-07
-5.37396e-07
-1.24669e-07
2.4506e-07
4.8215e-07
4.74788e-07
1.60738e-07
-3.13185e-07
-7.69521e-07
-1.10214e-06
-1.24674e-06
-1.16646e-06
-8.39253e-07
-2.47125e-07
6.22716e-07
1.77504e-06
3.20035e-06
4.88025e-06
6.78283e-06
8.86592e-06
1.10795e-05
1.33685e-05
1.56734e-05
1.79314e-05
2.00702e-05
2.20655e-05
2.38244e-05
2.60622e-05
3.28075e-05
-1.2231e-05
-8.04008e-06
-6.31991e-06
-5.28707e-06
-4.49431e-06
-3.90609e-06
-3.4577e-06
-3.10986e-06
-2.83512e-06
-2.61053e-06
-2.41613e-06
-2.23366e-06
-2.04568e-06
-1.83591e-06
-1.58909e-06
-1.29252e-06
-9.41798e-07
-5.44669e-07
-1.28526e-07
2.46561e-07
4.90916e-07
4.92187e-07
1.86863e-07
-2.78859e-07
-7.27046e-07
-1.05093e-06
-1.18536e-06
-1.09275e-06
-7.50307e-07
-1.40528e-07
7.48608e-07
1.91983e-06
3.36024e-06
5.04792e-06
6.94648e-06
9.00869e-06
1.11788e-05
1.33945e-05
1.55874e-05
1.76798e-05
1.95732e-05
2.11755e-05
2.22997e-05
2.36479e-05
2.99614e-05
)
;

boundaryField
{
    inlet
    {
        type            uniformJump;
        patchType       cyclic;
        jump            uniform -2.5e-05;
        value           nonuniform List<scalar> 
40
(
5.7114e-07
5.81052e-07
5.91287e-07
6.01466e-07
6.12831e-07
6.26997e-07
6.46663e-07
6.76356e-07
7.22747e-07
7.9437e-07
9.00761e-07
1.05182e-06
1.25821e-06
1.53229e-06
1.88868e-06
2.34263e-06
2.90584e-06
3.58185e-06
4.36485e-06
5.23259e-06
6.0773e-06
6.77098e-06
7.27931e-06
7.64202e-06
7.89218e-06
8.06114e-06
8.17326e-06
8.24616e-06
8.2925e-06
8.32101e-06
8.33763e-06
8.34644e-06
8.35028e-06
8.35108e-06
8.35013e-06
8.34827e-06
8.34603e-06
8.34367e-06
8.34122e-06
8.33877e-06
)
;
        jumpTable       table;
        jumpTableCoeffs
        {
            values          
4
(
(0 -2.5e-05)
(25 -2.5e-05)
(25.5 -0.0001)
(26 -2.5e-05)
)
;
        }
    }
    outlet
    {
        type            uniformJump;
        patchType       cyclic;
        value           nonuniform List<scalar> 
40
(
-2.44289e-05
-2.44189e-05
-2.44087e-05
-2.43985e-05
-2.43872e-05
-2.4373e-05
-2.43533e-05
-2.43236e-05
-2.42773e-05
-2.42056e-05
-2.40992e-05
-2.39482e-05
-2.37418e-05
-2.34677e-05
-2.31113e-05
-2.26574e-05
-2.20942e-05
-2.14181e-05
-2.06352e-05
-1.97674e-05
-1.89227e-05
-1.8229e-05
-1.77207e-05
-1.7358e-05
-1.71078e-05
-1.69389e-05
-1.68267e-05
-1.67538e-05
-1.67075e-05
-1.6679e-05
-1.66624e-05
-1.66536e-05
-1.66497e-05
-1.66489e-05
-1.66499e-05
-1.66517e-05
-1.6654e-05
-1.66563e-05
-1.66588e-05
-1.66612e-05
)
;
    }
    Walls
    {
        type            zeroGradient;
    }
    back
    {
        type            empty;
    }
    front
    {
        type            empty;
    }
}


// ************************************************************************* //
