/*--------------------------------*- C++ -*----------------------------------*\
| =========                 |                                                 |
| \\      /  F ield         | OpenFOAM: The Open Source CFD Toolbox           |
|  \\    /   O peration     | Version:  2312                                  |
|   \\  /    A nd           | Website:  www.openfoam.com                      |
|    \\/     M anipulation  |                                                 |
\*---------------------------------------------------------------------------*/
FoamFile
{
    version     2.0;
    format      ascii;
    arch        "LSB;label=32;scalar=64";
    class       volScalarField;
    location    "157";
    object      p;
}
// * * * * * * * * * * * * * * * * * * * * * * * * * * * * * * * * * * * * * //

dimensions      [0 2 -2 0 0 0 0];

internalField   nonuniform List<scalar> 
4800
(
-2.13615e-11
-1.04113e-06
-1.88829e-06
-2.6008e-06
-3.21229e-06
-3.75423e-06
-4.23365e-06
-4.66146e-06
-5.04876e-06
-5.40183e-06
-5.72531e-06
-6.01945e-06
-6.2762e-06
-6.73492e-06
-8.34794e-06
1.19282e-08
-1.02867e-06
-1.87556e-06
-2.5882e-06
-3.20057e-06
-3.74391e-06
-4.22558e-06
-4.65672e-06
-5.04927e-06
-5.41147e-06
-5.75266e-06
-6.0864e-06
-6.42481e-06
-6.87439e-06
-7.67516e-06
2.43316e-08
-1.01554e-06
-1.86217e-06
-2.57508e-06
-3.18726e-06
-3.73144e-06
-4.21488e-06
-4.64859e-06
-5.04521e-06
-5.41376e-06
-5.76469e-06
-6.11201e-06
-6.46189e-06
-6.81949e-06
-7.15648e-06
3.67463e-08
-1.00179e-06
-1.8476e-06
-2.56062e-06
-3.17159e-06
-3.71588e-06
-4.20033e-06
-4.63503e-06
-5.03276e-06
-5.40183e-06
-5.74992e-06
-6.08222e-06
-6.38862e-06
-6.63519e-06
-6.74899e-06
5.04529e-08
-9.86014e-07
-1.83028e-06
-2.54256e-06
-3.15246e-06
-3.69491e-06
-4.17903e-06
-4.61255e-06
-5.00725e-06
-5.36945e-06
-5.70179e-06
-5.99977e-06
-6.24239e-06
-6.38927e-06
-6.38397e-06
6.69354e-08
-9.66707e-07
-1.80864e-06
-2.5188e-06
-3.12794e-06
-3.66605e-06
-4.14738e-06
-4.57642e-06
-4.96266e-06
-5.30949e-06
-5.61434e-06
-5.8664e-06
-6.04284e-06
-6.11284e-06
-6.04763e-06
8.86433e-08
-9.41484e-07
-1.78019e-06
-2.4869e-06
-3.09361e-06
-3.62609e-06
-4.10083e-06
-4.52076e-06
-4.8921e-06
-5.21519e-06
-5.48396e-06
-5.68602e-06
-5.80371e-06
-5.82082e-06
-5.72981e-06
1.19831e-07
-9.06332e-07
-1.74084e-06
-2.44273e-06
-3.04431e-06
-3.5695e-06
-4.03329e-06
-4.4386e-06
-4.78853e-06
-5.08124e-06
-5.30988e-06
-5.46468e-06
-5.53602e-06
-5.52023e-06
-5.4215e-06
1.67073e-07
-8.55081e-07
-1.68449e-06
-2.37995e-06
-2.97388e-06
-3.48846e-06
-3.93688e-06
-4.32217e-06
-4.64534e-06
-4.90404e-06
-5.09324e-06
-5.20802e-06
-5.24635e-06
-5.21264e-06
-5.11592e-06
2.39309e-07
-7.79202e-07
-1.60273e-06
-2.29001e-06
-2.87357e-06
-3.37391e-06
-3.80282e-06
-4.16364e-06
-4.45691e-06
-4.6815e-06
-4.8357e-06
-4.91971e-06
-4.93698e-06
-4.896e-06
-4.80682e-06
3.47289e-07
-6.68113e-07
-1.48499e-06
-2.16238e-06
-2.73286e-06
-3.21577e-06
-3.62198e-06
-3.95579e-06
-4.21886e-06
-4.41241e-06
-4.53841e-06
-4.60107e-06
-4.60703e-06
-4.56612e-06
-4.48772e-06
5.02981e-07
-5.09735e-07
-1.31908e-06
-1.98494e-06
-2.54018e-06
-3.00354e-06
-3.38568e-06
-3.6925e-06
-3.92791e-06
-4.09592e-06
-4.20149e-06
-4.25139e-06
-4.25362e-06
-4.21785e-06
-4.15218e-06
7.19898e-07
-2.90317e-07
-1.09133e-06
-1.74424e-06
-2.28324e-06
-2.72675e-06
-3.08585e-06
-3.36854e-06
-3.58133e-06
-3.73072e-06
-3.82371e-06
-3.8683e-06
-3.8727e-06
-3.84568e-06
-3.79405e-06
1.0141e-06
6.67933e-09
-7.85756e-07
-1.4256e-06
-1.94895e-06
-2.37438e-06
-2.71411e-06
-2.97817e-06
-3.1753e-06
-3.31381e-06
-3.40182e-06
-3.44762e-06
-3.45901e-06
-3.4437e-06
-3.40734e-06
1.40456e-06
4.00818e-07
-3.83325e-07
-1.01211e-06
-1.52253e-06
-1.93404e-06
-2.26051e-06
-2.51357e-06
-2.70336e-06
-2.83918e-06
-2.92958e-06
-2.98266e-06
-3.00555e-06
-3.00493e-06
-2.98559e-06
1.91208e-06
9.13157e-07
1.36366e-07
-4.85257e-07
-9.87865e-07
-1.39215e-06
-1.71354e-06
-1.9647e-06
-2.15636e-06
-2.29808e-06
-2.3983e-06
-2.46474e-06
-2.50389e-06
-2.52159e-06
-2.52199e-06
2.5559e-06
1.56343e-06
7.90635e-07
1.70659e-07
-3.30946e-07
-7.36173e-07
-1.06189e-06
-1.3212e-06
-1.52465e-06
-1.68137e-06
-1.79942e-06
-1.88595e-06
-1.94696e-06
-1.98763e-06
-2.01173e-06
3.3477e-06
2.36542e-06
1.59135e-06
9.66625e-07
4.58534e-07
4.29842e-08
-2.97561e-07
-5.7584e-07
-8.01656e-07
-9.8336e-07
-1.12833e-06
-1.24315e-06
-1.33329e-06
-1.40343e-06
-1.45703e-06
4.2837e-06
3.3214e-06
2.54296e-06
1.90735e-06
1.38397e-06
9.48315e-07
5.82655e-07
2.74954e-07
1.64428e-08
-2.00267e-07
-3.81801e-07
-5.34078e-07
-6.62098e-07
-7.70071e-07
-8.613e-07
5.33337e-06
4.40245e-06
3.62712e-06
2.98015e-06
2.43618e-06
1.97248e-06
1.573e-06
1.22725e-06
9.27492e-07
6.67101e-07
4.40137e-07
2.41358e-07
6.63071e-08
-8.87634e-08
-2.27011e-07
6.37804e-06
5.47776e-06
4.71136e-06
4.05466e-06
3.48571e-06
2.98732e-06
2.5473e-06
2.15688e-06
1.80915e-06
1.49824e-06
1.219e-06
9.66951e-07
7.38228e-07
5.29562e-07
3.3811e-07
7.2684e-06
6.39463e-06
5.637e-06
4.97211e-06
4.38129e-06
3.85221e-06
3.37597e-06
2.94529e-06
2.55398e-06
2.19682e-06
1.86937e-06
1.56786e-06
1.28897e-06
1.02992e-06
7.88243e-07
7.9239e-06
7.08676e-06
6.34203e-06
5.67375e-06
5.0689e-06
4.51846e-06
4.01537e-06
3.5534e-06
3.12717e-06
2.73221e-06
2.36477e-06
2.02168e-06
1.70016e-06
1.39793e-06
1.11291e-06
8.40079e-06
7.59759e-06
6.8678e-06
6.2013e-06
5.58948e-06
5.02539e-06
4.50308e-06
4.01735e-06
3.56372e-06
3.13851e-06
2.73863e-06
2.36149e-06
2.00485e-06
1.66683e-06
1.34577e-06
8.737e-06
7.96383e-06
7.25043e-06
6.59001e-06
5.97654e-06
5.40452e-06
4.86904e-06
4.36589e-06
3.89148e-06
3.44285e-06
3.01751e-06
2.61338e-06
2.22868e-06
1.86195e-06
1.51183e-06
8.96648e-06
8.22102e-06
7.52493e-06
6.87325e-06
6.26161e-06
5.68574e-06
5.14176e-06
4.6263e-06
4.13656e-06
3.67021e-06
3.22528e-06
2.80016e-06
2.39347e-06
2.0041e-06
1.63097e-06
9.11957e-06
8.39967e-06
7.72055e-06
7.07865e-06
6.47088e-06
5.89395e-06
5.34481e-06
4.82088e-06
4.31998e-06
3.84034e-06
3.38046e-06
2.93913e-06
2.51533e-06
2.10823e-06
1.71704e-06
9.21974e-06
8.52286e-06
7.85959e-06
7.22763e-06
6.6248e-06
6.04855e-06
5.49654e-06
4.96683e-06
4.45782e-06
3.96819e-06
3.49687e-06
3.04298e-06
2.60581e-06
2.1848e-06
1.77941e-06
9.28406e-06
8.60754e-06
7.95874e-06
7.33638e-06
6.73886e-06
6.16421e-06
5.61074e-06
5.07706e-06
4.56206e-06
4.06482e-06
3.5846e-06
3.12085e-06
2.67311e-06
2.24107e-06
1.82441e-06
9.32462e-06
8.66596e-06
8.03017e-06
7.41671e-06
6.82435e-06
6.25168e-06
5.69755e-06
5.16107e-06
4.6415e-06
4.13828e-06
3.65099e-06
3.17932e-06
2.72308e-06
2.28215e-06
1.85639e-06
9.34982e-06
8.70674e-06
8.08249e-06
7.477e-06
6.88938e-06
6.31873e-06
5.76436e-06
5.22578e-06
4.70259e-06
4.19453e-06
3.70144e-06
3.22328e-06
2.76002e-06
2.31176e-06
1.8785e-06
9.36535e-06
8.73578e-06
8.12166e-06
7.52318e-06
6.93977e-06
6.37098e-06
5.81655e-06
5.27627e-06
4.75007e-06
4.23795e-06
3.73999e-06
3.25634e-06
2.78716e-06
2.33272e-06
1.89316e-06
9.37499e-06
8.7571e-06
8.15179e-06
7.55938e-06
6.97963e-06
6.41248e-06
5.85799e-06
5.31625e-06
4.78745e-06
4.27181e-06
3.76963e-06
3.28124e-06
2.80697e-06
2.34722e-06
1.90225e-06
9.3811e-06
8.77335e-06
8.17568e-06
7.58849e-06
7.01186e-06
6.44609e-06
5.89149e-06
5.34842e-06
4.81728e-06
4.29853e-06
3.79262e-06
3.30006e-06
2.82132e-06
2.35691e-06
1.90723e-06
9.38512e-06
8.78625e-06
8.19519e-06
7.61246e-06
7.03849e-06
6.47383e-06
5.91905e-06
5.37472e-06
4.84145e-06
4.31988e-06
3.81063e-06
3.31435e-06
2.83163e-06
2.3631e-06
1.90926e-06
9.38797e-06
8.79688e-06
8.21153e-06
7.63263e-06
7.06089e-06
6.49711e-06
5.94205e-06
5.39652e-06
4.86128e-06
4.33714e-06
3.82487e-06
3.32524e-06
2.83897e-06
2.36676e-06
1.90922e-06
9.39021e-06
8.80591e-06
8.22547e-06
7.64982e-06
7.07994e-06
6.51683e-06
5.96145e-06
5.41476e-06
4.87771e-06
4.35124e-06
3.83623e-06
3.33358e-06
2.84411e-06
2.36862e-06
1.90777e-06
9.39219e-06
8.81383e-06
8.23761e-06
7.66476e-06
7.09644e-06
6.53385e-06
5.9781e-06
5.43031e-06
4.89158e-06
4.36295e-06
3.84545e-06
3.34005e-06
2.84767e-06
2.36918e-06
1.90535e-06
9.39417e-06
8.82128e-06
8.24891e-06
7.67858e-06
7.11165e-06
6.54945e-06
5.99328e-06
5.4444e-06
4.90401e-06
4.37329e-06
3.85337e-06
3.34532e-06
2.85013e-06
2.36877e-06
1.90206e-06
9.39614e-06
8.82838e-06
8.25968e-06
7.69172e-06
7.12602e-06
6.56409e-06
6.00738e-06
5.4573e-06
4.91521e-06
4.38242e-06
3.86014e-06
3.34957e-06
2.85178e-06
2.3678e-06
1.89844e-06
-9.57105e-06
-7.18988e-06
-5.74506e-06
-4.78065e-06
-4.01984e-06
-3.44659e-06
-3.01197e-06
-2.68174e-06
-2.43147e-06
-2.24059e-06
-2.09101e-06
-1.96598e-06
-1.84933e-06
-1.72544e-06
-1.57909e-06
-1.39711e-06
-1.16989e-06
-8.9795e-07
-5.94471e-07
-2.98153e-07
-7.23045e-08
5.90697e-09
-1.06072e-07
-2.98856e-07
-4.29259e-07
-4.13557e-07
-2.02322e-07
2.25463e-07
8.83505e-07
1.7766e-06
2.90857e-06
4.27203e-06
5.84568e-06
7.60472e-06
9.5086e-06
1.1508e-05
1.35445e-05
1.55509e-05
1.74472e-05
1.91332e-05
2.04685e-05
2.12536e-05
2.10556e-05
1.95031e-05
1.50741e-05
-7.94571e-06
-6.67496e-06
-5.56606e-06
-4.70056e-06
-3.98423e-06
-3.42555e-06
-2.99592e-06
-2.66767e-06
-2.41861e-06
-2.22894e-06
-2.08073e-06
-1.95716e-06
-1.84196e-06
-1.71945e-06
-1.57442e-06
-1.3938e-06
-1.16808e-06
-8.97779e-07
-5.9566e-07
-2.99493e-07
-7.09425e-08
1.49704e-08
-8.41765e-08
-2.62558e-07
-3.80224e-07
-3.54988e-07
-1.37775e-07
2.92371e-07
9.488e-07
1.83567e-06
2.95583e-06
4.30006e-06
5.844e-06
7.56067e-06
9.40608e-06
1.13262e-05
1.32559e-05
1.51178e-05
1.68156e-05
1.82206e-05
1.9138e-05
1.92576e-05
1.79667e-05
1.45311e-05
7.8032e-06
-7.09771e-06
-6.28154e-06
-5.3826e-06
-4.60735e-06
-3.94044e-06
-3.40201e-06
-2.98021e-06
-2.65501e-06
-2.40727e-06
-2.21852e-06
-2.07124e-06
-1.94866e-06
-1.83443e-06
-1.71287e-06
-1.56884e-06
-1.38936e-06
-1.16509e-06
-8.96562e-07
-5.96034e-07
-3.00313e-07
-6.91651e-08
2.49032e-08
-6.02307e-08
-2.22656e-07
-3.26169e-07
-2.90421e-07
-6.68761e-08
3.65227e-07
1.01861e-06
1.89668e-06
3.00091e-06
4.31998e-06
5.8254e-06
7.48762e-06
9.25834e-06
1.10777e-05
1.28729e-05
1.45551e-05
1.60116e-05
1.70907e-05
1.75672e-05
1.71045e-05
1.5165e-05
1.13385e-05
5.40604e-06
-6.56906e-06
-5.9647e-06
-5.23035e-06
-4.52621e-06
-3.90627e-06
-3.38884e-06
-2.97443e-06
-2.651e-06
-2.40288e-06
-2.21328e-06
-2.06534e-06
-1.94242e-06
-1.82811e-06
-1.70671e-06
-1.56312e-06
-1.38446e-06
-1.16153e-06
-8.94834e-07
-5.96056e-07
-3.00922e-07
-6.7134e-08
3.56168e-08
-3.43177e-08
-1.79227e-07
-2.66983e-07
-2.19282e-07
1.17053e-08
4.46369e-07
1.09652e-06
1.96423e-06
3.0499e-06
4.33902e-06
5.79795e-06
7.39409e-06
9.07407e-06
1.07715e-05
1.24055e-05
1.38769e-05
1.50611e-05
1.5796e-05
1.58623e-05
1.4976e-05
1.2789e-05
9.11316e-06
4.19114e-06
-6.16575e-06
-5.69121e-06
-5.08543e-06
-4.46509e-06
-3.88827e-06
-3.39128e-06
-2.98324e-06
-2.65953e-06
-2.4084e-06
-2.21523e-06
-2.06415e-06
-1.93878e-06
-1.82269e-06
-1.70016e-06
-1.55617e-06
-1.37786e-06
-1.1562e-06
-8.91603e-07
-5.95033e-07
-3.00972e-07
-6.47906e-08
4.70401e-08
-6.45453e-09
-1.32246e-07
-2.02781e-07
-1.42064e-07
9.67971e-08
5.33679e-07
1.179e-06
2.03187e-06
3.09567e-06
4.34723e-06
5.74915e-06
7.26551e-06
8.83758e-06
1.03927e-05
1.18431e-05
1.3083e-05
1.39843e-05
1.43916e-05
1.41193e-05
1.29688e-05
1.0767e-05
7.50273e-06
3.48723e-06
-5.83207e-06
-5.44777e-06
-4.94373e-06
-4.40798e-06
-3.88267e-06
-3.4083e-06
-3.00761e-06
-2.68265e-06
-2.42624e-06
-2.22662e-06
-2.06948e-06
-1.93895e-06
-1.81879e-06
-1.69335e-06
-1.54771e-06
-1.36905e-06
-1.14848e-06
-8.86284e-07
-5.92513e-07
-3.00218e-07
-6.21177e-08
5.90281e-08
2.31717e-08
-8.19198e-08
-1.33877e-07
-5.93297e-08
1.87409e-07
6.25796e-07
1.26219e-06
2.09553e-06
3.13317e-06
4.33705e-06
5.6696e-06
7.09099e-06
8.53752e-06
9.93143e-06
1.11811e-05
1.21796e-05
1.28052e-05
1.29238e-05
1.23988e-05
1.11172e-05
9.03098e-06
6.23193e-06
3.00374e-06
-5.53268e-06
-5.21811e-06
-4.80362e-06
-4.33849e-06
-3.87249e-06
-3.43168e-06
-3.043e-06
-2.71843e-06
-2.45614e-06
-2.24817e-06
-2.08241e-06
-1.94399e-06
-1.81716e-06
-1.68666e-06
-1.53783e-06
-1.35788e-06
-1.1381e-06
-8.78608e-07
-5.88295e-07
-2.98607e-07
-5.92614e-08
7.12503e-08
5.4122e-08
-2.87798e-08
-6.09498e-08
2.79791e-08
2.82315e-07
7.20339e-07
1.33997e-06
2.15538e-06
3.15756e-06
4.30154e-06
5.55136e-06
6.86204e-06
8.16617e-06
9.38323e-06
1.04215e-05
1.11802e-05
1.15521e-05
1.14337e-05
1.0739e-05
9.4237e-06
7.51256e-06
5.12953e-06
2.50071e-06
-5.24674e-06
-4.98751e-06
-4.64848e-06
-4.25558e-06
-3.84357e-06
-3.44507e-06
-3.07847e-06
-2.75954e-06
-2.49321e-06
-2.27709e-06
-2.10168e-06
-1.95334e-06
-1.81753e-06
-1.67989e-06
-1.52627e-06
-1.34403e-06
-1.12477e-06
-8.68403e-07
-5.82324e-07
-2.96287e-07
-5.66279e-08
8.30454e-08
8.5547e-08
2.61332e-08
1.46809e-08
1.18157e-07
3.79204e-07
8.08474e-07
1.41426e-06
2.20841e-06
3.16001e-06
4.23139e-06
5.38493e-06
6.56965e-06
7.71669e-06
8.74624e-06
9.57122e-06
1.01023e-05
1.02534e-05
9.95353e-06
9.15989e-06
7.87396e-06
6.15398e-06
4.12012e-06
1.94231e-06
-4.96345e-06
-4.74882e-06
-4.4718e-06
-4.14521e-06
-3.79128e-06
-3.43525e-06
-3.09831e-06
-2.79422e-06
-2.52806e-06
-2.30658e-06
-2.12291e-06
-1.96413e-06
-1.81799e-06
-1.67173e-06
-1.51213e-06
-1.32692e-06
-1.10814e-06
-8.55623e-07
-5.74778e-07
-2.93753e-07
-5.50646e-08
9.32055e-08
1.15935e-07
8.09896e-08
9.0681e-08
2.08448e-07
4.71597e-07
8.89833e-07
1.48457e-06
2.24028e-06
3.1287e-06
4.1161e-06
5.15949e-06
6.20439e-06
7.1832e-06
8.02045e-06
8.63876e-06
8.9637e-06
8.93265e-06
8.50383e-06
7.66592e-06
6.44578e-06
4.91092e-06
3.16422e-06
1.33003e-06
-4.67562e-06
-4.49773e-06
-4.27144e-06
-4.00251e-06
-3.70419e-06
-3.39444e-06
-3.09114e-06
-2.80677e-06
-2.54929e-06
-2.3279e-06
-2.13934e-06
-1.97119e-06
-1.81476e-06
-1.65964e-06
-1.49379e-06
-1.30559e-06
-1.0879e-06
-8.40555e-07
-5.66168e-07
-2.92058e-07
-5.61272e-08
9.96735e-08
1.42744e-07
1.32737e-07
1.63246e-07
2.93115e-07
5.54987e-07
9.66657e-07
1.53284e-06
2.23715e-06
3.05306e-06
3.94387e-06
4.86361e-06
5.75737e-06
6.5616e-06
7.20902e-06
7.63437e-06
7.78067e-06
7.60685e-06
7.09408e-06
6.25069e-06
5.11416e-06
3.7485e-06
2.23639e-06
6.67996e-07
-4.37674e-06
-4.22996e-06
-4.04559e-06
-3.82578e-06
-3.57786e-06
-3.31377e-06
-3.04717e-06
-2.78735e-06
-2.54677e-06
-2.33081e-06
-2.14101e-06
-1.96726e-06
-1.8027e-06
-1.64015e-06
-1.46915e-06
-1.27905e-06
-1.06387e-06
-8.2413e-07
-5.57894e-07
-2.93074e-07
-6.23769e-08
9.9163e-08
1.61929e-07
1.76565e-07
2.26132e-07
3.66199e-07
6.25664e-07
1.0202e-06
1.54695e-06
2.1896e-06
2.92067e-06
3.70168e-06
4.48599e-06
5.22114e-06
5.85e-06
6.31651e-06
6.56863e-06
6.56632e-06
6.28627e-06
5.72529e-06
4.90184e-06
3.85484e-06
2.63941e-06
1.31964e-06
-3.90073e-08
-4.0605e-06
-3.94083e-06
-3.79178e-06
-3.61375e-06
-3.41036e-06
-3.18902e-06
-2.95894e-06
-2.7292e-06
-2.50979e-06
-2.30634e-06
-2.11909e-06
-1.94408e-06
-1.77642e-06
-1.60992e-06
-1.43638e-06
-1.24706e-06
-1.03679e-06
-8.05073e-07
-5.53266e-07
-3.01392e-07
-7.78372e-08
8.6759e-08
1.67433e-07
2.05194e-07
2.7161e-07
4.17681e-07
6.69203e-07
1.03665e-06
1.51399e-06
2.08334e-06
2.71677e-06
3.37607e-06
4.0164e-06
4.58996e-06
5.05e-06
5.35004e-06
5.45214e-06
5.33098e-06
4.9762e-06
4.39377e-06
3.60562e-06
2.6472e-06
1.56341e-06
4.02894e-07
-7.86585e-07
-3.72103e-06
-3.62571e-06
-3.50723e-06
-3.36522e-06
-3.20122e-06
-3.01954e-06
-2.82652e-06
-2.62922e-06
-2.43434e-06
-2.24707e-06
-2.0689e-06
-1.89856e-06
-1.73278e-06
-1.56712e-06
-1.39536e-06
-1.21062e-06
-1.00816e-06
-7.88004e-07
-5.56897e-07
-3.21007e-07
-1.08579e-07
5.54847e-08
1.50721e-07
2.08523e-07
2.8804e-07
4.34292e-07
6.69634e-07
1.00002e-06
1.41736e-06
1.90205e-06
2.4265e-06
2.95535e-06
3.44773e-06
3.86483e-06
4.16675e-06
4.31888e-06
4.29588e-06
4.08357e-06
3.67995e-06
3.09522e-06
2.35075e-06
1.47646e-06
5.07571e-07
-5.19436e-07
-1.56961e-06
-3.35285e-06
-3.28023e-06
-3.1892e-06
-3.07914e-06
-2.95046e-06
-2.80553e-06
-2.64833e-06
-2.48371e-06
-2.31651e-06
-2.15046e-06
-1.98771e-06
-1.82849e-06
-1.67093e-06
-1.51213e-06
-1.34793e-06
-1.17345e-06
-9.844e-07
-7.82465e-07
-5.72802e-07
-3.5786e-07
-1.62227e-07
-3.99732e-09
1.00508e-07
1.73301e-07
2.60281e-07
3.99196e-07
6.08983e-07
8.9194e-07
1.23848e-06
1.62912e-06
2.03739e-06
2.43237e-06
2.78152e-06
3.05051e-06
3.2098e-06
3.23583e-06
3.11287e-06
2.83418e-06
2.4023e-06
1.82853e-06
1.13159e-06
3.35469e-07
-5.32949e-07
-1.44661e-06
-2.37987e-06
-2.95039e-06
-2.90017e-06
-2.83509e-06
-2.75463e-06
-2.65865e-06
-2.54828e-06
-2.42592e-06
-2.29465e-06
-2.15774e-06
-2.01789e-06
-1.87678e-06
-1.73546e-06
-1.59362e-06
-1.44932e-06
-1.29986e-06
-1.1422e-06
-9.73833e-07
-7.95378e-07
-6.10032e-07
-4.22872e-07
-2.49768e-07
-1.03901e-07
2.48143e-09
8.30605e-08
1.70137e-07
2.92969e-07
4.66976e-07
6.92899e-07
9.60024e-07
1.25081e-06
1.54359e-06
1.81009e-06
2.02307e-06
2.15815e-06
2.195e-06
2.11846e-06
1.91949e-06
1.5958e-06
1.15183e-06
5.98056e-07
-5.01996e-08
-7.74436e-07
-1.5546e-06
-2.37081e-06
-3.20428e-06
-2.50817e-06
-2.48166e-06
-2.44296e-06
-2.39173e-06
-2.32767e-06
-2.25125e-06
-2.16375e-06
-2.06721e-06
-1.96355e-06
-1.85478e-06
-1.74315e-06
-1.62655e-06
-1.50677e-06
-1.38582e-06
-1.26042e-06
-1.12736e-06
-9.85961e-07
-8.37207e-07
-6.83766e-07
-5.29797e-07
-3.85138e-07
-2.59223e-07
-1.60581e-07
-8.18377e-08
-3.4071e-09
9.41742e-08
2.23134e-07
3.85589e-07
5.70991e-07
7.641e-07
9.43981e-07
1.09015e-06
1.18287e-06
1.20492e-06
1.14283e-06
9.87536e-07
7.3455e-07
3.84024e-07
-5.93351e-08
-5.86802e-07
-1.18653e-06
-1.84471e-06
-2.54668e-06
-3.27797e-06
-4.02486e-06
-2.0228e-06
-2.02303e-06
-2.01311e-06
-1.99287e-06
-1.96208e-06
-1.9209e-06
-1.87009e-06
-1.81054e-06
-1.74391e-06
-1.66926e-06
-1.58928e-06
-1.5097e-06
-1.42525e-06
-1.33626e-06
-1.24249e-06
-1.14189e-06
-1.03552e-06
-9.24346e-07
-8.09796e-07
-6.94938e-07
-5.85255e-07
-4.87144e-07
-4.06976e-07
-3.41796e-07
-2.83264e-07
-2.19766e-07
-1.38008e-07
-3.8273e-08
6.76008e-08
1.65045e-07
2.41647e-07
2.83985e-07
2.77858e-07
2.11063e-07
7.48862e-08
-1.35734e-07
-4.22562e-07
-7.84295e-07
-1.21674e-06
-1.71316e-06
-2.26483e-06
-2.86176e-06
-3.49343e-06
-4.14942e-06
-4.81976e-06
-1.49824e-06
-1.52989e-06
-1.55287e-06
-1.56725e-06
-1.573e-06
-1.57021e-06
-1.55918e-06
-1.54049e-06
-1.51472e-06
-1.48287e-06
-1.44634e-06
-1.40799e-06
-1.36493e-06
-1.31588e-06
-1.26213e-06
-1.20375e-06
-1.14137e-06
-1.07533e-06
-1.00641e-06
-9.36657e-07
-8.68975e-07
-8.07036e-07
-7.54323e-07
-7.14278e-07
-6.87275e-07
-6.59976e-07
-6.23751e-07
-5.85367e-07
-5.5611e-07
-5.41762e-07
-5.49632e-07
-5.89346e-07
-6.70655e-07
-8.01576e-07
-9.87549e-07
-1.23141e-06
-1.53366e-06
-1.89276e-06
-2.30535e-06
-2.76653e-06
-3.27013e-06
-3.80912e-06
-4.37611e-06
-4.96369e-06
-5.56469e-06
-9.40432e-07
-1.01083e-06
-1.07349e-06
-1.12874e-06
-1.17681e-06
-1.21793e-06
-1.25238e-06
-1.28056e-06
-1.30302e-06
-1.3204e-06
-1.3333e-06
-1.34212e-06
-1.34648e-06
-1.34649e-06
-1.34282e-06
-1.33551e-06
-1.32456e-06
-1.31017e-06
-1.29296e-06
-1.27379e-06
-1.25443e-06
-1.2369e-06
-1.22205e-06
-1.21527e-06
-1.21757e-06
-1.22533e-06
-1.23403e-06
-1.25386e-06
-1.28711e-06
-1.33593e-06
-1.40598e-06
-1.50408e-06
-1.63625e-06
-1.80727e-06
-2.02053e-06
-2.27785e-06
-2.57937e-06
-2.92378e-06
-3.3086e-06
-3.73043e-06
-4.18511e-06
-4.66792e-06
-5.17374e-06
-5.6974e-06
-6.23379e-06
-3.53834e-07
-4.73132e-07
-5.85608e-07
-6.91431e-07
-7.90972e-07
-8.84609e-07
-9.72663e-07
-1.05542e-06
-1.13319e-06
-1.20624e-06
-1.27487e-06
-1.33932e-06
-1.39985e-06
-1.45666e-06
-1.50982e-06
-1.55924e-06
-1.60475e-06
-1.64663e-06
-1.68476e-06
-1.71977e-06
-1.75266e-06
-1.78377e-06
-1.81762e-06
-1.84803e-06
-1.88522e-06
-1.91588e-06
-1.96224e-06
-2.02462e-06
-2.09972e-06
-2.1894e-06
-2.29823e-06
-2.43049e-06
-2.58949e-06
-2.77798e-06
-2.99824e-06
-3.25165e-06
-3.53846e-06
-3.85779e-06
-4.20797e-06
-4.58673e-06
-4.99139e-06
-5.41892e-06
-5.86597e-06
-6.32903e-06
-6.8045e-06
1.58488e-07
-1.35397e-08
-1.78907e-07
-3.37947e-07
-4.91143e-07
-6.38905e-07
-7.81514e-07
-9.19163e-07
-1.05202e-06
-1.18024e-06
-1.30402e-06
-1.42352e-06
-1.53885e-06
-1.64999e-06
-1.75685e-06
-1.85924e-06
-1.957e-06
-2.04988e-06
-2.13771e-06
-2.22081e-06
-2.29905e-06
-2.37532e-06
-2.45064e-06
-2.52e-06
-2.57241e-06
-2.63396e-06
-2.70892e-06
-2.79516e-06
-2.892e-06
-3.00158e-06
-3.12685e-06
-3.27037e-06
-3.43439e-06
-3.62102e-06
-3.83204e-06
-4.06853e-06
-4.33077e-06
-4.61834e-06
-4.93031e-06
-5.26532e-06
-5.62173e-06
-5.99759e-06
-6.39075e-06
-6.79889e-06
-7.21958e-06
5.58693e-07
3.36778e-07
1.21503e-07
-8.73849e-08
-2.90292e-07
-4.87546e-07
-6.79344e-07
-8.65791e-07
-1.04696e-06
-1.22292e-06
-1.39373e-06
-1.5594e-06
-1.71991e-06
-1.87513e-06
-2.02487e-06
-2.16888e-06
-2.3068e-06
-2.43831e-06
-2.56322e-06
-2.6812e-06
-2.79331e-06
-2.90087e-06
-2.9998e-06
-3.08952e-06
-3.17167e-06
-3.25618e-06
-3.34533e-06
-3.44099e-06
-3.54531e-06
-3.66025e-06
-3.78772e-06
-3.92965e-06
-4.08794e-06
-4.26432e-06
-4.46016e-06
-4.67639e-06
-4.91333e-06
-5.17088e-06
-5.4486e-06
-5.74578e-06
-6.06145e-06
-6.39443e-06
-6.74335e-06
-7.1067e-06
-7.48287e-06
8.40277e-07
5.75658e-07
3.18065e-07
6.73253e-08
-1.76835e-07
-4.14615e-07
-6.46109e-07
-8.71331e-07
-1.09027e-06
-1.3029e-06
-1.50919e-06
-1.70906e-06
-1.90239e-06
-2.08898e-06
-2.2686e-06
-2.44092e-06
-2.60558e-06
-2.76226e-06
-2.91073e-06
-3.05089e-06
-3.18344e-06
-3.30853e-06
-3.4235e-06
-3.52699e-06
-3.62341e-06
-3.71666e-06
-3.81039e-06
-3.90828e-06
-4.01297e-06
-4.12628e-06
-4.24998e-06
-4.38589e-06
-4.5357e-06
-4.70082e-06
-4.88235e-06
-5.08105e-06
-5.29739e-06
-5.53155e-06
-5.78346e-06
-6.05279e-06
-6.339e-06
-6.64134e-06
-6.95892e-06
-7.29072e-06
-7.63562e-06
1.03733e-06
7.37455e-07
4.45256e-07
1.60661e-07
-1.16471e-07
-3.86209e-07
-6.48538e-07
-9.03387e-07
-1.15067e-06
-1.39031e-06
-1.62219e-06
-1.84618e-06
-2.06213e-06
-2.26981e-06
-2.46897e-06
-2.65932e-06
-2.84058e-06
-3.01248e-06
-3.17487e-06
-3.32782e-06
-3.4718e-06
-3.60761e-06
-3.73164e-06
-3.84357e-06
-3.94585e-06
-4.04284e-06
-4.13896e-06
-4.23772e-06
-4.3416e-06
-4.45251e-06
-4.57229e-06
-4.70263e-06
-4.84504e-06
-5.00077e-06
-5.17083e-06
-5.35604e-06
-5.55699e-06
-5.77403e-06
-6.0073e-06
-6.25674e-06
-6.52211e-06
-6.80301e-06
-7.09887e-06
-7.40898e-06
-7.73259e-06
1.17454e-06
8.46464e-07
5.2686e-07
2.15759e-07
-8.6857e-08
-3.80944e-07
-6.66398e-07
-9.43085e-07
-1.21087e-06
-1.46962e-06
-1.7192e-06
-1.95945e-06
-2.19021e-06
-2.41128e-06
-2.62246e-06
-2.82352e-06
-3.0143e-06
-3.19464e-06
-3.36452e-06
-3.52409e-06
-3.67402e-06
-3.81528e-06
-3.94481e-06
-4.06071e-06
-4.16624e-06
-4.26611e-06
-4.36419e-06
-4.46354e-06
-4.56662e-06
-4.67551e-06
-4.79208e-06
-4.91797e-06
-5.05457e-06
-5.20311e-06
-5.36464e-06
-5.54002e-06
-5.72996e-06
-5.93496e-06
-6.15535e-06
-6.39124e-06
-6.64261e-06
-6.90925e-06
-7.19081e-06
-7.48685e-06
-7.79686e-06
1.27087e-06
9.20669e-07
5.79792e-07
2.4836e-07
-7.35466e-08
-3.85792e-07
-6.88203e-07
-9.80595e-07
-1.2628e-06
-1.53467e-06
-1.79605e-06
-2.0468e-06
-2.28678e-06
-2.51584e-06
-2.73385e-06
-2.94069e-06
-3.13632e-06
-3.32074e-06
-3.49409e-06
-3.65665e-06
-3.80916e-06
-3.95302e-06
-4.0848e-06
-4.20297e-06
-4.31102e-06
-4.41311e-06
-4.51265e-06
-4.61251e-06
-4.71518e-06
-4.82281e-06
-4.93722e-06
-5.06001e-06
-5.1926e-06
-5.33624e-06
-5.49203e-06
-5.66093e-06
-5.84371e-06
-6.04096e-06
-6.25312e-06
-6.48043e-06
-6.72302e-06
-6.98084e-06
-7.25377e-06
-7.54153e-06
-7.84379e-06
1.33906e-06
9.71668e-07
6.14449e-07
2.67589e-07
-6.87467e-08
-3.9435e-07
-7.08995e-07
-1.01247e-06
-1.3046e-06
-1.58522e-06
-1.8542e-06
-2.11143e-06
-2.3568e-06
-2.59022e-06
-2.81168e-06
-3.02115e-06
-3.21871e-06
-3.40453e-06
-3.57893e-06
-3.74244e-06
-3.89558e-06
-4.03989e-06
-4.17239e-06
-4.29198e-06
-4.40179e-06
-4.50551e-06
-4.60624e-06
-4.70677e-06
-4.80953e-06
-4.9166e-06
-5.02982e-06
-5.1508e-06
-5.281e-06
-5.4217e-06
-5.57406e-06
-5.73905e-06
-5.91749e-06
-6.11007e-06
-6.31731e-06
-6.53959e-06
-6.77717e-06
-7.03015e-06
-7.29852e-06
-7.58217e-06
-7.88087e-06
1.38743e-06
1.00668e-06
6.36918e-07
2.78367e-07
-6.87351e-08
-4.04123e-07
-7.27541e-07
-1.03877e-06
-1.33762e-06
-1.62395e-06
-1.89766e-06
-2.15865e-06
-2.40689e-06
-2.64236e-06
-2.86512e-06
-3.07527e-06
-3.27301e-06
-3.45862e-06
-3.63259e-06
-3.79559e-06
-3.94821e-06
-4.0919e-06
-4.22425e-06
-4.3445e-06
-4.45545e-06
-4.56036e-06
-4.66212e-06
-4.76338e-06
-4.86648e-06
-4.9735e-06
-5.08625e-06
-5.20637e-06
-5.33533e-06
-5.47443e-06
-5.62485e-06
-5.78762e-06
-5.96363e-06
-6.15365e-06
-6.35829e-06
-6.57805e-06
-6.81326e-06
-7.06414e-06
-7.33079e-06
-7.61319e-06
-7.91121e-06
1.42134e-06
1.03014e-06
6.50652e-07
2.83166e-07
-7.20268e-08
-4.14621e-07
-7.44346e-07
-1.06098e-06
-1.36434e-06
-1.65431e-06
-1.93081e-06
-2.19379e-06
-2.44327e-06
-2.67931e-06
-2.90206e-06
-3.11171e-06
-3.30857e-06
-3.49301e-06
-3.66564e-06
-3.82702e-06
-3.97861e-06
-4.12105e-06
-4.25261e-06
-4.37294e-06
-4.4845e-06
-4.59019e-06
-4.69272e-06
-4.79462e-06
-4.89817e-06
-5.00538e-06
-5.11806e-06
-5.23784e-06
-5.3662e-06
-5.50449e-06
-5.65392e-06
-5.81558e-06
-5.99044e-06
-6.17931e-06
-6.3829e-06
-6.60177e-06
-6.83634e-06
-7.08691e-06
-7.35367e-06
-7.63666e-06
-7.93585e-06
1.44441e-06
1.04487e-06
6.57733e-07
2.83312e-07
-7.80451e-08
-4.2601e-07
-7.60307e-07
-1.08072e-06
-1.38708e-06
-1.67929e-06
-1.9573e-06
-2.22111e-06
-2.47081e-06
-2.70651e-06
-2.92844e-06
-3.13687e-06
-3.33223e-06
-3.51495e-06
-3.68576e-06
-3.84537e-06
-3.99512e-06
-4.13582e-06
-4.26613e-06
-4.38606e-06
-4.49775e-06
-4.6038e-06
-4.70681e-06
-4.80918e-06
-4.9131e-06
-5.02054e-06
-5.13327e-06
-5.25294e-06
-5.38105e-06
-5.51898e-06
-5.66799e-06
-5.82921e-06
-6.00367e-06
-6.19224e-06
-6.3957e-06
-6.61467e-06
-6.84965e-06
-7.101e-06
-7.36899e-06
-7.65371e-06
-7.95519e-06
1.45922e-06
1.05291e-06
6.59622e-07
2.79717e-07
-8.6425e-08
-4.38463e-07
-7.76121e-07
-1.09919e-06
-1.40753e-06
-1.70105e-06
-1.97975e-06
-2.24366e-06
-2.49293e-06
-2.72774e-06
-2.94838e-06
-3.1552e-06
-3.3487e-06
-3.52941e-06
-3.69812e-06
-3.85552e-06
-4.00328e-06
-4.14195e-06
-4.2707e-06
-4.38982e-06
-4.50123e-06
-4.60729e-06
-4.71048e-06
-4.81309e-06
-4.91722e-06
-5.02478e-06
-5.13755e-06
-5.25717e-06
-5.38516e-06
-5.52294e-06
-5.6718e-06
-5.83292e-06
-6.00738e-06
-6.19611e-06
-6.39994e-06
-6.61956e-06
-6.85553e-06
-7.10828e-06
-7.3781e-06
-7.66517e-06
-7.96954e-06
1.46777e-06
1.05584e-06
6.57502e-07
2.73162e-07
-9.67785e-08
-4.51975e-07
-7.92157e-07
-1.11712e-06
-1.42675e-06
-1.72098e-06
-1.99984e-06
-2.26341e-06
-2.51188e-06
-2.74548e-06
-2.96458e-06
-3.16959e-06
-3.36107e-06
-3.53964e-06
-3.70612e-06
-3.86129e-06
-4.00681e-06
-4.14326e-06
-4.27021e-06
-4.38825e-06
-4.49904e-06
-4.60481e-06
-4.7079e-06
-4.81051e-06
-4.91465e-06
-5.02219e-06
-5.1349e-06
-5.25442e-06
-5.3823e-06
-5.51996e-06
-5.66876e-06
-5.82991e-06
-6.00453e-06
-6.19363e-06
-6.39806e-06
-6.61859e-06
-6.85582e-06
-7.11024e-06
-7.38219e-06
-7.67187e-06
-7.97937e-06
1.47164e-06
1.05495e-06
6.52377e-07
2.64368e-07
-1.08665e-07
-4.66376e-07
-8.08501e-07
-1.13485e-06
-1.44532e-06
-1.73988e-06
-2.01858e-06
-2.28155e-06
-2.52901e-06
-2.76126e-06
-2.97871e-06
-3.18184e-06
-3.37126e-06
-3.54764e-06
-3.71187e-06
-3.86482e-06
-4.00801e-06
-4.14215e-06
-4.26719e-06
-4.38393e-06
-4.49387e-06
-4.5991e-06
-4.70188e-06
-4.80426e-06
-4.90821e-06
-5.01558e-06
-5.12809e-06
-5.24741e-06
-5.3751e-06
-5.51262e-06
-5.66133e-06
-5.82252e-06
-5.99735e-06
-6.18685e-06
-6.39196e-06
-6.61346e-06
-6.85203e-06
-7.10818e-06
-7.38231e-06
-7.67464e-06
-7.9853e-06
1.47209e-06
1.05129e-06
6.45102e-07
2.53989e-07
-1.21623e-07
-4.81392e-07
-8.25059e-07
-1.15245e-06
-1.46347e-06
-1.75812e-06
-2.03647e-06
-2.2987e-06
-2.54507e-06
-2.77593e-06
-2.99172e-06
-3.19297e-06
-3.38036e-06
-3.55461e-06
-3.71664e-06
-3.86738e-06
-4.00828e-06
-4.14012e-06
-4.26319e-06
-4.37851e-06
-4.48743e-06
-4.59195e-06
-4.69421e-06
-4.7962e-06
-4.89979e-06
-5.00682e-06
-5.11901e-06
-5.23802e-06
-5.36542e-06
-5.50271e-06
-5.65129e-06
-5.81247e-06
-5.98744e-06
-6.17732e-06
-6.38305e-06
-6.6055e-06
-6.84535e-06
-7.10318e-06
-7.37941e-06
-7.6743e-06
-7.98799e-06
1.47013e-06
1.04573e-06
6.36394e-07
2.42605e-07
-1.35208e-07
-4.96704e-07
-8.41631e-07
-1.16983e-06
-1.48121e-06
-1.77581e-06
-2.05373e-06
-2.31518e-06
-2.56044e-06
-2.78991e-06
-3.00409e-06
-3.20354e-06
-3.38898e-06
-3.56118e-06
-3.7211e-06
-3.8697e-06
-4.0084e-06
-4.13799e-06
-4.25909e-06
-4.37294e-06
-4.48074e-06
-4.58444e-06
-4.68605e-06
-4.78749e-06
-4.8906e-06
-4.99717e-06
-5.10892e-06
-5.22752e-06
-5.35454e-06
-5.49151e-06
-5.63986e-06
-5.80095e-06
-5.976e-06
-6.16617e-06
-6.37245e-06
-6.59573e-06
-6.83676e-06
-7.09613e-06
-7.37431e-06
-7.67158e-06
-7.98809e-06
1.46655e-06
1.03896e-06
6.26858e-07
2.30729e-07
-1.48993e-07
-5.11968e-07
-8.57951e-07
-1.18679e-06
-1.49843e-06
-1.7929e-06
-2.07036e-06
-2.33101e-06
-2.5752e-06
-2.80335e-06
-3.01599e-06
-3.21375e-06
-3.39735e-06
-3.56762e-06
-3.72555e-06
-3.87213e-06
-4.00876e-06
-4.13618e-06
-4.25537e-06
-4.36775e-06
-4.47439e-06
-4.57719e-06
-4.67807e-06
-4.77887e-06
-4.8814e-06
-4.98742e-06
-5.09864e-06
-5.21674e-06
-5.3433e-06
-5.47988e-06
-5.62793e-06
-5.78884e-06
-5.96389e-06
-6.15425e-06
-6.36096e-06
-6.58496e-06
-6.82702e-06
-7.08778e-06
-7.36772e-06
-7.66715e-06
-7.98624e-06
1.46195e-06
1.03155e-06
6.16995e-07
2.18807e-07
-1.62583e-07
-5.2684e-07
-8.73723e-07
-1.20309e-06
-1.51491e-06
-1.80922e-06
-2.0862e-06
-2.3461e-06
-2.58928e-06
-2.8162e-06
-3.02742e-06
-3.2236e-06
-3.40551e-06
-3.57399e-06
-3.73007e-06
-3.87477e-06
-4.00944e-06
-4.13487e-06
-4.25225e-06
-4.36317e-06
-4.46867e-06
-4.57053e-06
-4.67063e-06
-4.77074e-06
-4.87264e-06
-4.97805e-06
-5.0887e-06
-5.20623e-06
-5.33229e-06
-5.46841e-06
-5.61611e-06
-5.77677e-06
-5.95173e-06
-6.14219e-06
-6.34923e-06
-6.57382e-06
-6.81677e-06
-7.07873e-06
-7.36023e-06
-7.66158e-06
-7.98299e-06
1.45669e-06
1.02375e-06
6.07009e-07
2.06989e-07
-1.75879e-07
-5.41261e-07
-8.88924e-07
-1.21874e-06
-1.53068e-06
-1.82482e-06
-2.10133e-06
-2.36052e-06
-2.60275e-06
-2.82852e-06
-3.03842e-06
-3.23314e-06
-3.41348e-06
-3.58031e-06
-3.73469e-06
-3.87762e-06
-4.01047e-06
-4.13409e-06
-4.24973e-06
-4.35924e-06
-4.46362e-06
-4.56455e-06
-4.66384e-06
-4.76323e-06
-4.86445e-06
-4.96922e-06
-5.07924e-06
-5.19619e-06
-5.32168e-06
-5.45731e-06
-5.60459e-06
-5.76496e-06
-5.93976e-06
-6.13024e-06
-6.33751e-06
-6.56257e-06
-6.80627e-06
-7.06928e-06
-7.35214e-06
-7.65521e-06
-7.9787e-06
1.45069e-06
1.01533e-06
5.9652e-07
1.94767e-07
-1.89491e-07
-5.55924e-07
-9.04307e-07
-1.23452e-06
-1.54655e-06
-1.84049e-06
-2.11654e-06
-2.37502e-06
-2.61632e-06
-2.84097e-06
-3.04958e-06
-3.24288e-06
-3.42169e-06
-3.58692e-06
-3.73962e-06
-3.88084e-06
-4.01194e-06
-4.13377e-06
-4.24768e-06
-4.35577e-06
-4.459e-06
-4.55896e-06
-4.6574e-06
-4.75601e-06
-4.8565e-06
-4.96056e-06
-5.0699e-06
-5.18618e-06
-5.31106e-06
-5.44613e-06
-5.59293e-06
-5.75293e-06
-5.9275e-06
-6.11792e-06
-6.32534e-06
-6.55079e-06
-6.79514e-06
-7.0591e-06
-7.34323e-06
-7.6479e-06
-7.97334e-06
1.4445e-06
1.00683e-06
5.8602e-07
1.82581e-07
-2.03041e-07
-5.70514e-07
-9.19616e-07
-1.25024e-06
-1.56237e-06
-1.85614e-06
-2.13175e-06
-2.38953e-06
-2.62994e-06
-2.8535e-06
-3.06087e-06
-3.25279e-06
-3.43011e-06
-3.59378e-06
-3.74486e-06
-3.88441e-06
-4.01379e-06
-4.1338e-06
-4.24599e-06
-4.35266e-06
-4.45476e-06
-4.55375e-06
-4.65134e-06
-4.74916e-06
-4.8489e-06
-4.95223e-06
-5.06086e-06
-5.17647e-06
-5.3007e-06
-5.43518e-06
-5.58146e-06
-5.74105e-06
-5.91536e-06
-6.10568e-06
-6.3132e-06
-6.53898e-06
-6.78392e-06
-7.04876e-06
-7.33408e-06
-7.64027e-06
-7.96755e-06
-7.68994e-06
-1.28115e-05
-1.29308e-05
-1.30223e-05
-1.34379e-05
-1.40536e-05
-1.48156e-05
-1.569e-05
-1.66563e-05
-1.77014e-05
-1.88149e-05
-1.99871e-05
-2.12085e-05
-2.24704e-05
-2.37674e-05
-4.22641e-06
-9.47235e-06
-1.11917e-05
-1.21517e-05
-1.29767e-05
-1.37904e-05
-1.46567e-05
-1.55912e-05
-1.65938e-05
-1.76614e-05
-1.87887e-05
-1.99689e-05
-2.11947e-05
-2.24585e-05
-2.37559e-05
-2.03654e-06
-7.15707e-06
-9.79375e-06
-1.13427e-05
-1.25059e-05
-1.3514e-05
-1.44901e-05
-1.54889e-05
-1.65304e-05
-1.76217e-05
-1.87632e-05
-1.99516e-05
-2.11816e-05
-2.2447e-05
-2.37444e-05
-1.0269e-06
-5.63058e-06
-8.63704e-06
-1.05812e-05
-1.20262e-05
-1.32231e-05
-1.43153e-05
-1.53837e-05
-1.64672e-05
-1.75837e-05
-1.874e-05
-1.99366e-05
-2.11703e-05
-2.24369e-05
-2.37335e-05
-5.57524e-07
-4.43444e-06
-7.51331e-06
-9.75977e-06
-1.14757e-05
-1.28756e-05
-1.41036e-05
-1.52574e-05
-1.63931e-05
-1.75408e-05
-1.8715e-05
-1.99211e-05
-2.11591e-05
-2.24266e-05
-2.37221e-05
-2.78869e-07
-3.54029e-06
-6.48355e-06
-8.89596e-06
-1.08416e-05
-1.24467e-05
-1.38301e-05
-1.50899e-05
-1.62938e-05
-1.74834e-05
-1.8682e-05
-1.99014e-05
-2.11454e-05
-2.24144e-05
-2.37084e-05
-1.83704e-07
-2.9391e-06
-5.64055e-06
-8.07086e-06
-1.01607e-05
-1.1941e-05
-1.34824e-05
-1.48641e-05
-1.61534e-05
-1.73988e-05
-1.86318e-05
-1.98706e-05
-2.11242e-05
-2.23965e-05
-2.36898e-05
-2.81171e-07
-2.6185e-06
-5.03601e-06
-7.36722e-06
-9.49891e-06
-1.13937e-05
-1.30696e-05
-1.45734e-05
-1.59589e-05
-1.72733e-05
-1.85521e-05
-1.98189e-05
-2.1088e-05
-2.2367e-05
-2.36613e-05
-5.42038e-07
-2.53915e-06
-4.67489e-06
-6.83832e-06
-8.92245e-06
-1.08584e-05
-1.2623e-05
-1.4229e-05
-1.57082e-05
-1.70979e-05
-1.84315e-05
-1.97351e-05
-2.10264e-05
-2.23172e-05
-2.36155e-05
-9.33035e-07
-2.65525e-06
-4.53434e-06
-6.50244e-06
-8.47728e-06
-1.03864e-05
-1.21845e-05
-1.38569e-05
-1.54122e-05
-1.68724e-05
-1.82635e-05
-1.96094e-05
-2.09291e-05
-2.22365e-05
-2.35426e-05
-1.4268e-06
-2.92598e-06
-4.58051e-06
-6.35162e-06
-8.183e-06
-1.00135e-05
-1.17922e-05
-1.3488e-05
-1.50905e-05
-1.66055e-05
-1.8048e-05
-1.94361e-05
-2.07868e-05
-2.21146e-05
-2.34318e-05
-2.00276e-06
-3.31868e-06
-4.77936e-06
-6.36439e-06
-8.03841e-06
-9.75616e-06
-1.14719e-05
-1.31488e-05
-1.4764e-05
-1.63098e-05
-1.77895e-05
-1.9213e-05
-2.05928e-05
-2.19416e-05
-2.32717e-05
-2.64456e-06
-3.80742e-06
-5.10066e-06
-6.51502e-06
-8.03007e-06
-9.61558e-06
-1.12359e-05
-1.28563e-05
-1.44491e-05
-1.5997e-05
-1.74931e-05
-1.89389e-05
-2.03406e-05
-2.17075e-05
-2.30499e-05
-3.33623e-06
-4.36918e-06
-5.51688e-06
-6.77661e-06
-8.13787e-06
-9.5823e-06
-1.10851e-05
-1.26185e-05
-1.41554e-05
-1.56746e-05
-1.71621e-05
-1.86116e-05
-2.00231e-05
-2.14007e-05
-2.27516e-05
-4.05926e-06
-4.9803e-06
-6.00052e-06
-7.12082e-06
-8.33689e-06
-9.63886e-06
-1.10113e-05
-1.24345e-05
-1.38865e-05
-1.53465e-05
-1.67973e-05
-1.82275e-05
-1.96312e-05
-2.10077e-05
-2.236e-05
-4.79167e-06
-5.61492e-06
-6.52253e-06
-7.51717e-06
-8.59813e-06
-9.7611e-06
-1.09978e-05
-1.22958e-05
-1.36398e-05
-1.50126e-05
-1.6398e-05
-1.77825e-05
-1.91567e-05
-2.05153e-05
-2.18572e-05
-5.50848e-06
-6.24493e-06
-7.05202e-06
-7.93303e-06
-8.88919e-06
-9.9195e-06
-1.10205e-05
-1.21857e-05
-1.34058e-05
-1.46691e-05
-1.59629e-05
-1.72746e-05
-1.8594e-05
-1.99135e-05
-2.12288e-05
-6.18263e-06
-6.84056e-06
-7.5567e-06
-8.33429e-06
-9.17537e-06
-1.00808e-05
-1.10501e-05
-1.20809e-05
-1.31688e-05
-1.43074e-05
-1.54885e-05
-1.67031e-05
-1.79426e-05
-1.9199e-05
-2.04672e-05
-6.78587e-06
-7.37128e-06
-8.00391e-06
-8.68661e-06
-9.4216e-06
-1.02106e-05
-1.10548e-05
-1.19545e-05
-1.29088e-05
-1.39154e-05
-1.49708e-05
-1.60704e-05
-1.72084e-05
-1.83793e-05
-1.95783e-05
-7.2947e-06
-7.81251e-06
-8.36804e-06
-8.96355e-06
-9.60121e-06
-1.02831e-05
-1.10111e-05
-1.1787e-05
-1.26122e-05
-1.34875e-05
-1.44128e-05
-1.53877e-05
-1.64105e-05
-1.74799e-05
-1.85912e-05
-7.65474e-06
-8.11357e-06
-8.60299e-06
-9.12459e-06
-9.68027e-06
-1.02721e-05
-1.09023e-05
-1.15734e-05
-1.22876e-05
-1.30475e-05
-1.38555e-05
-1.4714e-05
-1.56244e-05
-1.65895e-05
-1.76099e-05
-7.87342e-06
-8.28506e-06
-8.72261e-06
-9.1873e-06
-9.68079e-06
-1.02051e-05
-1.07624e-05
-1.13553e-05
-1.19866e-05
-1.26594e-05
-1.33774e-05
-1.4144e-05
-1.49637e-05
-1.58398e-05
-1.67779e-05
-7.99492e-06
-8.37374e-06
-8.77575e-06
-9.202e-06
-9.65395e-06
-1.01334e-05
-1.06426e-05
-1.11839e-05
-1.17602e-05
-1.23747e-05
-1.30315e-05
-1.37348e-05
-1.44899e-05
-1.53024e-05
-1.6178e-05
-8.0708e-06
-8.42764e-06
-8.80604e-06
-9.20695e-06
-9.63173e-06
-1.0082e-05
-1.05597e-05
-1.10672e-05
-1.16071e-05
-1.21826e-05
-1.27976e-05
-1.34565e-05
-1.41646e-05
-1.49278e-05
-1.57509e-05
-8.12181e-06
-8.46499e-06
-8.8288e-06
-9.21414e-06
-9.62221e-06
-1.00545e-05
-1.05127e-05
-1.09988e-05
-1.15152e-05
-1.2065e-05
-1.26516e-05
-1.3279e-05
-1.39522e-05
-1.46761e-05
-1.5456e-05
-8.16142e-06
-8.49716e-06
-8.85301e-06
-9.22979e-06
-9.62859e-06
-1.00507e-05
-1.04975e-05
-1.09707e-05
-1.14726e-05
-1.20056e-05
-1.25726e-05
-1.31776e-05
-1.38244e-05
-1.45175e-05
-1.52619e-05
-8.19543e-06
-8.52812e-06
-8.88065e-06
-9.25376e-06
-9.64837e-06
-1.00655e-05
-1.05065e-05
-1.09726e-05
-1.14657e-05
-1.19878e-05
-1.25416e-05
-1.31301e-05
-1.37564e-05
-1.44251e-05
-1.514e-05
-8.22557e-06
-8.5582e-06
-8.91053e-06
-9.28322e-06
-9.67702e-06
-1.00928e-05
-1.05314e-05
-1.09941e-05
-1.14823e-05
-1.19977e-05
-1.25422e-05
-1.31185e-05
-1.37294e-05
-1.43776e-05
-1.50673e-05
-8.25188e-06
-8.58636e-06
-8.94049e-06
-9.31484e-06
-9.70997e-06
-1.01265e-05
-1.05652e-05
-1.10269e-05
-1.15127e-05
-1.20239e-05
-1.2562e-05
-1.3129e-05
-1.37273e-05
-1.43589e-05
-1.50271e-05
-8.27399e-06
-8.61146e-06
-8.9686e-06
-9.34584e-06
-9.74361e-06
-1.01623e-05
-1.06025e-05
-1.10647e-05
-1.15497e-05
-1.20584e-05
-1.2592e-05
-1.3152e-05
-1.374e-05
-1.43579e-05
-1.50075e-05
-8.29171e-06
-8.63277e-06
-8.99355e-06
-9.37436e-06
-9.77547e-06
-1.01971e-05
-1.06396e-05
-1.11032e-05
-1.15885e-05
-1.2096e-05
-1.26264e-05
-1.31809e-05
-1.37606e-05
-1.4367e-05
-1.50006e-05
-8.30513e-06
-8.65004e-06
-9.01472e-06
-9.39939e-06
-9.80417e-06
-1.02291e-05
-1.06744e-05
-1.114e-05
-1.16262e-05
-1.21332e-05
-1.26614e-05
-1.32116e-05
-1.37844e-05
-1.43811e-05
-1.50011e-05
-8.31465e-06
-8.66339e-06
-9.032e-06
-9.42058e-06
-9.8291e-06
-1.02575e-05
-1.07057e-05
-1.11735e-05
-1.1661e-05
-1.21681e-05
-1.26949e-05
-1.32416e-05
-1.38086e-05
-1.43974e-05
-1.50053e-05
-8.32079e-06
-8.67322e-06
-9.04561e-06
-9.43797e-06
-9.85015e-06
-1.02819e-05
-1.07331e-05
-1.12033e-05
-1.16922e-05
-1.21997e-05
-1.27255e-05
-1.32695e-05
-1.38321e-05
-1.44138e-05
-1.50109e-05
-8.32411e-06
-8.68e-06
-9.05596e-06
-9.45189e-06
-9.86754e-06
-1.03026e-05
-1.07566e-05
-1.12291e-05
-1.17196e-05
-1.22277e-05
-1.27529e-05
-1.32947e-05
-1.38538e-05
-1.44289e-05
-1.50169e-05
-8.3252e-06
-8.68427e-06
-9.06352e-06
-9.46276e-06
-9.88164e-06
-1.03197e-05
-1.07764e-05
-1.12512e-05
-1.17433e-05
-1.22521e-05
-1.2777e-05
-1.33171e-05
-1.3873e-05
-1.44424e-05
-1.50227e-05
-8.32461e-06
-8.68656e-06
-9.06878e-06
-9.47105e-06
-9.89289e-06
-1.03338e-05
-1.0793e-05
-1.12699e-05
-1.17635e-05
-1.22731e-05
-1.27978e-05
-1.33366e-05
-1.38897e-05
-1.44543e-05
-1.5028e-05
-8.32272e-06
-8.68728e-06
-9.07223e-06
-9.47726e-06
-9.90182e-06
-1.03453e-05
-1.08068e-05
-1.12856e-05
-1.17807e-05
-1.22911e-05
-1.28157e-05
-1.33534e-05
-1.39041e-05
-1.44646e-05
-1.50326e-05
-8.31965e-06
-8.68671e-06
-9.07428e-06
-9.48197e-06
-9.90916e-06
-1.03551e-05
-1.08189e-05
-1.12996e-05
-1.17961e-05
-1.23072e-05
-1.28319e-05
-1.33687e-05
-1.39172e-05
-1.44741e-05
-1.50369e-05
-8.31599e-06
-8.68536e-06
-9.07532e-06
-9.48546e-06
-9.91512e-06
-1.03635e-05
-1.08296e-05
-1.13123e-05
-1.18103e-05
-1.23225e-05
-1.28472e-05
-1.33832e-05
-1.39297e-05
-1.44831e-05
-1.50408e-05
-2.73057e-07
-2.71107e-07
-2.69031e-07
-2.66585e-07
-2.63491e-07
-2.59575e-07
-2.54385e-07
-2.47799e-07
-2.39858e-07
-2.30743e-07
-2.20737e-07
-2.1019e-07
-1.99478e-07
-1.88955e-07
-1.78914e-07
-1.69536e-07
-1.60835e-07
-1.52565e-07
-1.44095e-07
-1.34238e-07
-1.21159e-07
-1.02281e-07
-7.23696e-08
-2.50533e-08
4.49586e-08
1.42726e-07
2.72892e-07
4.38671e-07
6.40679e-07
8.75982e-07
1.14277e-06
1.43553e-06
1.7365e-06
2.02835e-06
2.29434e-06
2.51959e-06
2.69137e-06
2.80208e-06
2.85183e-06
2.84865e-06
2.80727e-06
2.74599e-06
2.68206e-06
2.63754e-06
2.62437e-06
-2.77145e-07
-2.75864e-07
-2.7401e-07
-2.71134e-07
-2.6695e-07
-2.61135e-07
-2.53684e-07
-2.44466e-07
-2.33466e-07
-2.20752e-07
-2.06467e-07
-1.90798e-07
-1.73973e-07
-1.56245e-07
-1.37859e-07
-1.19026e-07
-9.98675e-08
-8.03334e-08
-6.00695e-08
-3.82207e-08
-1.32509e-08
1.73877e-08
5.82578e-08
1.14105e-07
1.8925e-07
2.88246e-07
4.15211e-07
5.72952e-07
7.62356e-07
9.82131e-07
1.22764e-06
1.48693e-06
1.74897e-06
2.00246e-06
2.23314e-06
2.42613e-06
2.57079e-06
2.6629e-06
2.70511e-06
2.70621e-06
2.67916e-06
2.63806e-06
2.59554e-06
2.56174e-06
2.54167e-06
-2.7917e-07
-2.80345e-07
-2.79756e-07
-2.77645e-07
-2.73759e-07
-2.67869e-07
-2.59865e-07
-2.49697e-07
-2.37354e-07
-2.22875e-07
-2.06355e-07
-1.87933e-07
-1.67793e-07
-1.46171e-07
-1.23358e-07
-9.97044e-08
-7.56206e-08
-5.15505e-08
-2.78971e-08
-4.8815e-09
1.76612e-08
4.08956e-08
6.84424e-08
1.05466e-07
1.57953e-07
2.32733e-07
3.36275e-07
4.73449e-07
6.466e-07
8.54919e-07
1.09467e-06
1.35577e-06
1.62536e-06
1.88854e-06
2.12922e-06
2.33231e-06
2.48655e-06
2.5867e-06
2.6346e-06
2.63851e-06
2.61102e-06
2.56611e-06
2.51633e-06
2.46919e-06
2.42586e-06
-2.82355e-07
-2.86935e-07
-2.88677e-07
-2.87863e-07
-2.847e-07
-2.79062e-07
-2.70855e-07
-2.60043e-07
-2.46629e-07
-2.30655e-07
-2.12203e-07
-1.9141e-07
-1.68479e-07
-1.4372e-07
-1.17589e-07
-9.07559e-08
-6.41818e-08
-3.91944e-08
-1.75217e-08
-1.24432e-09
7.44342e-09
7.34903e-09
1.63723e-09
-1.76722e-09
6.98944e-09
3.8996e-08
1.04805e-07
2.11881e-07
3.64156e-07
5.61354e-07
7.99077e-07
1.06845e-06
1.35541e-06
1.64321e-06
1.91341e-06
2.14827e-06
2.33351e-06
2.46089e-06
2.52971e-06
2.54659e-06
2.52359e-06
2.47537e-06
2.41598e-06
2.35305e-06
2.28542e-06
-2.89987e-07
-2.98355e-07
-3.02271e-07
-3.02911e-07
-3.00764e-07
-2.9573e-07
-2.87721e-07
-2.76719e-07
-2.62738e-07
-2.45817e-07
-2.26036e-07
-2.0354e-07
-1.78581e-07
-1.51584e-07
-1.23249e-07
-9.47e-08
-6.76699e-08
-4.47263e-08
-2.94655e-08
-2.65859e-08
-4.15958e-08
-7.91195e-08
-1.36212e-07
-1.99587e-07
-2.53165e-07
-2.79556e-07
-2.63215e-07
-1.95437e-07
-7.16264e-08
1.09439e-07
3.44908e-07
6.25032e-07
9.36041e-07
1.25961e-06
1.57476e-06
1.86012e-06
2.09683e-06
2.27162e-06
2.37921e-06
2.42299e-06
2.41378e-06
2.3672e-06
2.29986e-06
2.22099e-06
2.12852e-06
-3.03334e-07
-3.15264e-07
-3.21454e-07
-3.23684e-07
-3.22752e-07
-3.18584e-07
-3.11106e-07
-3.00319e-07
-2.86242e-07
-2.68908e-07
-2.48392e-07
-2.24849e-07
-1.98581e-07
-1.70144e-07
-1.40517e-07
-1.11344e-07
-8.52665e-08
-6.63325e-08
-6.04076e-08
-7.53887e-08
-1.20804e-07
-2.05564e-07
-3.26766e-07
-4.62938e-07
-5.89196e-07
-6.81644e-07
-7.23756e-07
-7.04407e-07
-6.15725e-07
-4.57488e-07
-2.28083e-07
6.22922e-08
3.99067e-07
7.63105e-07
1.1315e-06
1.4793e-06
1.78229e-06
2.02076e-06
2.18296e-06
2.26734e-06
2.28227e-06
2.244e-06
2.17218e-06
2.07839e-06
1.96038e-06
-3.2364e-07
-3.38774e-07
-3.47125e-07
-3.50957e-07
-3.51327e-07
-3.4818e-07
-3.41454e-07
-3.31161e-07
-3.17316e-07
-2.99937e-07
-2.79081e-07
-2.549e-07
-2.27725e-07
-1.98229e-07
-1.67652e-07
-1.38162e-07
-1.1334e-07
-9.88088e-08
-1.02916e-07
-1.37114e-07
-2.15328e-07
-3.51144e-07
-5.41611e-07
-7.54638e-07
-9.56192e-07
-1.12145e-06
-1.23184e-06
-1.26812e-06
-1.21737e-06
-1.07685e-06
-8.54566e-07
-5.57886e-07
-1.99737e-07
2.01419e-07
6.22041e-07
1.03457e-06
1.40989e-06
1.72131e-06
1.94929e-06
2.08555e-06
2.13442e-06
2.11175e-06
2.03997e-06
1.93321e-06
1.78928e-06
-3.51527e-07
-3.69477e-07
-3.79814e-07
-3.85202e-07
-3.86898e-07
-3.84857e-07
-3.79014e-07
-3.69383e-07
-3.55962e-07
-3.38739e-07
-3.17733e-07
-2.9306e-07
-2.65052e-07
-2.34444e-07
-2.02685e-07
-1.72402e-07
-1.48054e-07
-1.368e-07
-1.49501e-07
-2.01376e-07
-3.10891e-07
-4.96238e-07
-7.55596e-07
-1.04613e-06
-1.32512e-06
-1.56082e-06
-1.72722e-06
-1.80645e-06
-1.78964e-06
-1.67359e-06
-1.46393e-06
-1.1677e-06
-7.96758e-07
-3.68035e-07
9.58254e-08
5.66388e-07
1.01101e-06
1.39659e-06
1.69529e-06
1.89068e-06
1.98126e-06
1.98088e-06
1.91385e-06
1.79662e-06
1.62716e-06
-3.87114e-07
-4.07549e-07
-4.19702e-07
-4.26578e-07
-4.29589e-07
-4.28678e-07
-4.23769e-07
-4.14864e-07
-4.01931e-07
-3.84908e-07
-3.63751e-07
-3.3851e-07
-3.09462e-07
-2.77346e-07
-2.43728e-07
-2.11584e-07
-1.86125e-07
-1.759e-07
-1.94164e-07
-2.60025e-07
-3.96363e-07
-6.24849e-07
-9.47068e-07
-1.30782e-06
-1.65452e-06
-1.94905e-06
-2.16304e-06
-2.2797e-06
-2.29185e-06
-2.19762e-06
-2.002e-06
-1.71183e-06
-1.33738e-06
-8.93114e-07
-3.99238e-07
1.16858e-07
6.20975e-07
1.07511e-06
1.44333e-06
1.70049e-06
1.83766e-06
1.86494e-06
1.80712e-06
1.68229e-06
1.48857e-06
-4.3018e-07
-4.52863e-07
-4.66698e-07
-4.74999e-07
-4.7929e-07
-4.79487e-07
-4.75493e-07
-4.67285e-07
-4.54787e-07
-4.37871e-07
-4.16405e-07
-3.90335e-07
-3.59836e-07
-3.25573e-07
-2.89133e-07
-2.53705e-07
-2.25079e-07
-2.12984e-07
-2.32818e-07
-3.07647e-07
-4.64553e-07
-7.26969e-07
-1.10248e-06
-1.52252e-06
-1.92457e-06
-2.2658e-06
-2.5168e-06
-2.66175e-06
-2.6953e-06
-2.61816e-06
-2.43591e-06
-2.15528e-06
-1.78481e-06
-1.3359e-06
-8.25314e-07
-2.77819e-07
2.72857e-07
7.85741e-07
1.21756e-06
1.53505e-06
1.7208e-06
1.77945e-06
1.73476e-06
1.6055e-06
1.3897e-06
-4.80309e-07
-5.05111e-07
-5.20543e-07
-5.30216e-07
-5.35739e-07
-5.36985e-07
-5.33826e-07
-5.26205e-07
-5.13993e-07
-4.96981e-07
-4.74926e-07
-4.4764e-07
-4.15146e-07
-3.77968e-07
-3.37611e-07
-2.97336e-07
-2.63327e-07
-2.46248e-07
-2.6318e-07
-3.4036e-07
-5.1025e-07
-8.00844e-07
-1.21629e-06
-1.68332e-06
-2.12792e-06
-2.50345e-06
-2.77989e-06
-2.94306e-06
-2.99011e-06
-2.92464e-06
-2.75335e-06
-2.48307e-06
-2.12068e-06
-1.67449e-06
-1.15743e-06
-5.90745e-07
-6.04036e-09
5.54728e-07
1.04103e-06
1.4145e-06
1.6485e-06
1.74071e-06
1.71242e-06
1.58211e-06
1.34725e-06
-5.36997e-07
-5.63897e-07
-5.80892e-07
-5.919e-07
-5.98597e-07
-6.00801e-07
-5.98346e-07
-5.91137e-07
-5.78985e-07
-5.61588e-07
-5.38582e-07
-5.09614e-07
-4.74517e-07
-4.33612e-07
-3.88239e-07
-3.41601e-07
-3.00095e-07
-2.75119e-07
-2.85161e-07
-3.58196e-07
-5.32551e-07
-8.45321e-07
-1.28917e-06
-1.79034e-06
-2.26528e-06
-2.6636e-06
-2.95498e-06
-3.12728e-06
-3.18052e-06
-3.12099e-06
-2.95682e-06
-2.695e-06
-2.34098e-06
-1.90034e-06
-1.38244e-06
-8.04771e-07
-1.95719e-07
4.03934e-07
9.34128e-07
1.35747e-06
1.63801e-06
1.76478e-06
1.75555e-06
1.62767e-06
1.37749e-06
-5.99747e-07
-6.28817e-07
-6.47387e-07
-6.59706e-07
-6.6751e-07
-6.70552e-07
-6.68624e-07
-6.61596e-07
-6.49214e-07
-6.31084e-07
-6.06709e-07
-5.75558e-07
-5.37238e-07
-4.91823e-07
-4.40417e-07
-3.86057e-07
-3.35198e-07
-2.99759e-07
-2.99471e-07
-3.6402e-07
-5.36978e-07
-8.60012e-07
-1.32324e-06
-1.84804e-06
-2.34278e-06
-2.75408e-06
-3.05166e-06
-3.22551e-06
-3.27846e-06
-3.21919e-06
-3.05719e-06
-2.79962e-06
-2.45084e-06
-2.01428e-06
-1.49637e-06
-9.11456e-07
-2.84762e-07
3.46966e-07
9.16316e-07
1.3816e-06
1.70552e-06
1.86676e-06
1.8786e-06
1.75661e-06
1.49529e-06
-6.6813e-07
-6.99517e-07
-7.19713e-07
-7.33328e-07
-7.42158e-07
-7.45886e-07
-7.44265e-07
-7.37134e-07
-7.2418e-07
-7.04922e-07
-6.78731e-07
-6.4489e-07
-6.02752e-07
-5.52115e-07
-4.93797e-07
-4.30577e-07
-3.68844e-07
-3.20853e-07
-3.07475e-07
-3.60606e-07
-5.25824e-07
-8.49276e-07
-1.32423e-06
-1.86372e-06
-2.36937e-06
-2.78574e-06
-3.08253e-06
-3.25181e-06
-3.29885e-06
-3.23434e-06
-3.06883e-06
-2.8096e-06
-2.46024e-06
-2.02271e-06
-1.50129e-06
-9.07891e-07
-2.65845e-07
3.89447e-07
9.99152e-07
1.50294e-06
1.86542e-06
2.05983e-06
2.09422e-06
1.98151e-06
1.71342e-06
-7.41823e-07
-7.75738e-07
-7.97636e-07
-8.12529e-07
-8.22283e-07
-8.26506e-07
-8.24922e-07
-8.1735e-07
-8.03436e-07
-7.82618e-07
-7.54148e-07
-7.17128e-07
-6.70633e-07
-6.14158e-07
-5.48219e-07
-4.7525e-07
-4.01475e-07
-3.39321e-07
-3.1053e-07
-3.48961e-07
-5.01964e-07
-8.19727e-07
-1.29883e-06
-1.84562e-06
-2.35495e-06
-2.77006e-06
-3.06063e-06
-3.22045e-06
-3.25674e-06
-3.18171e-06
-3.0066e-06
-2.73871e-06
-2.38115e-06
-1.93506e-06
-1.40334e-06
-7.96423e-07
-1.36511e-07
5.40977e-07
1.18839e-06
1.72919e-06
2.1273e-06
2.35429e-06
2.41268e-06
2.31266e-06
2.0421e-06
-8.2064e-07
-8.57335e-07
-8.81025e-07
-8.97165e-07
-9.07704e-07
-9.12179e-07
-9.10302e-07
-9.01891e-07
-8.86573e-07
-8.63729e-07
-8.32511e-07
-7.91865e-07
-7.40541e-07
-6.77725e-07
-6.03641e-07
-5.20292e-07
-4.33657e-07
-3.56211e-07
-3.10324e-07
-3.31423e-07
-4.68919e-07
-7.76519e-07
-1.25419e-06
-1.80085e-06
-2.30875e-06
-2.71785e-06
-2.99804e-06
-3.1445e-06
-3.16585e-06
-3.07527e-06
-2.88435e-06
-2.6003e-06
-2.22591e-06
-1.76192e-06
-1.21097e-06
-5.82792e-07
1.01328e-07
8.05878e-07
1.48565e-06
2.06529e-06
2.49881e-06
2.75826e-06
2.84195e-06
2.75795e-06
2.48891e-06
-9.04545e-07
-9.443e-07
-9.69872e-07
-9.87194e-07
-9.98325e-07
-1.00274e-06
-1.00015e-06
-9.90432e-07
-9.73207e-07
-9.4783e-07
-9.13378e-07
-8.68718e-07
-8.12201e-07
-7.42634e-07
-6.60073e-07
-5.65965e-07
-4.65985e-07
-3.72559e-07
-3.08521e-07
-3.10508e-07
-4.30086e-07
-7.23882e-07
-1.19501e-06
-1.73743e-06
-2.23938e-06
-2.63869e-06
-2.90527e-06
-3.03516e-06
-3.03789e-06
-2.92706e-06
-2.71425e-06
-2.40641e-06
-2.00616e-06
-1.51432e-06
-9.33811e-07
-2.74472e-07
4.42316e-07
1.18076e-06
1.89262e-06
2.5131e-06
2.98419e-06
3.27714e-06
3.38726e-06
3.32267e-06
3.05839e-06
-9.93655e-07
-1.03677e-06
-1.06429e-06
-1.08268e-06
-1.09413e-06
-1.09806e-06
-1.09426e-06
-1.08266e-06
-1.06295e-06
-1.03448e-06
-9.96276e-07
-9.47266e-07
-8.85351e-07
-8.08704e-07
-7.17515e-07
-6.12512e-07
-4.99004e-07
-3.89302e-07
-3.06526e-07
-2.88375e-07
-3.88332e-07
-6.65643e-07
-1.12647e-06
-1.66123e-06
-2.15382e-06
-2.5405e-06
-2.79096e-06
-2.90167e-06
-2.88254e-06
-2.74712e-06
-2.50664e-06
-2.16765e-06
-1.73267e-06
-1.20286e-06
-5.81981e-07
1.1918e-07
8.78479e-07
1.65947e-06
2.41104e-06
3.0712e-06
3.58221e-06
3.91296e-06
4.0508e-06
4.01053e-06
3.7518e-06
-1.08825e-06
-1.13502e-06
-1.16454e-06
-1.1838e-06
-1.19517e-06
-1.19808e-06
-1.19241e-06
-1.17823e-06
-1.15538e-06
-1.12324e-06
-1.08078e-06
-1.02708e-06
-9.59502e-07
-8.75715e-07
-7.75917e-07
-6.60098e-07
-5.3315e-07
-4.07205e-07
-3.05491e-07
-2.66731e-07
-3.46001e-07
-6.04987e-07
-1.05284e-06
-1.577e-06
-2.05774e-06
-2.42965e-06
-2.66202e-06
-2.7514e-06
-2.70756e-06
-2.54365e-06
-2.27019e-06
-1.89319e-06
-1.41506e-06
-8.37526e-07
-1.65536e-07
5.8851e-07
1.40086e-06
2.23358e-06
3.0342e-06
3.74003e-06
4.29264e-06
4.66311e-06
4.83091e-06
4.82391e-06
4.569e-06
-1.18878e-06
-1.23951e-06
-1.27099e-06
-1.29081e-06
-1.30158e-06
-1.30274e-06
-1.29436e-06
-1.27677e-06
-1.25e-06
-1.21357e-06
-1.1665e-06
-1.1076e-06
-1.03396e-06
-9.43457e-07
-8.35151e-07
-7.08772e-07
-5.68712e-07
-4.26785e-07
-3.0635e-07
-2.46835e-07
-3.0491e-07
-5.4437e-07
-9.77289e-07
-1.48863e-06
-1.95561e-06
-2.31112e-06
-2.52385e-06
-2.59009e-06
-2.51912e-06
-2.32325e-06
-2.01209e-06
-1.5909e-06
-1.06195e-06
-4.27609e-07
3.05714e-07
1.12359e-06
2e-06
2.8949e-06
3.75414e-06
4.51336e-06
5.11265e-06
5.52541e-06
5.73111e-06
5.74444e-06
5.51557e-06
-1.29587e-06
-1.35085e-06
-1.3842e-06
-1.40411e-06
-1.41351e-06
-1.41197e-06
-1.39985e-06
-1.37782e-06
-1.34622e-06
-1.30478e-06
-1.25258e-06
-1.18815e-06
-1.1085e-06
-1.01144e-06
-8.94928e-07
-7.58437e-07
-6.05794e-07
-4.48403e-07
-3.09655e-07
-2.29619e-07
-2.66378e-07
-4.85595e-07
-9.02154e-07
-1.39906e-06
-1.85081e-06
-2.18867e-06
-2.38054e-06
-2.42218e-06
-2.32201e-06
-2.09123e-06
-1.73828e-06
-1.26752e-06
-6.81005e-07
1.82494e-08
8.22271e-07
1.71433e-06
2.66572e-06
3.63357e-06
4.56139e-06
5.38372e-06
6.03642e-06
6.49199e-06
6.73635e-06
6.77197e-06
6.58508e-06
-1.41036e-06
-1.46987e-06
-1.50484e-06
-1.52416e-06
-1.53118e-06
-1.52569e-06
-1.50851e-06
-1.48082e-06
-1.44333e-06
-1.39608e-06
-1.3382e-06
-1.26804e-06
-1.18259e-06
-1.07907e-06
-9.54839e-07
-8.08843e-07
-6.44271e-07
-4.72193e-07
-3.1573e-07
-2.15673e-07
-2.31283e-07
-4.29918e-07
-8.29125e-07
-1.31043e-06
-1.74584e-06
-2.06509e-06
-2.23514e-06
-2.251e-06
-2.11995e-06
-1.85184e-06
-1.4537e-06
-9.28896e-07
-2.79127e-07
4.91995e-07
1.37495e-06
2.3506e-06
3.38728e-06
4.43891e-06
5.44605e-06
6.34089e-06
7.05415e-06
7.55759e-06
7.84549e-06
7.90967e-06
7.76168e-06
-1.53332e-06
-1.59759e-06
-1.63377e-06
-1.65153e-06
-1.6548e-06
-1.64377e-06
-1.61991e-06
-1.58509e-06
-1.54054e-06
-1.48661e-06
-1.42254e-06
-1.3465e-06
-1.25537e-06
-1.14573e-06
-1.01436e-06
-8.59596e-07
-6.83938e-07
-4.97999e-07
-3.24673e-07
-2.05274e-07
-2.00129e-07
-3.78133e-07
-7.59342e-07
-1.22419e-06
-1.64245e-06
-1.94236e-06
-2.08989e-06
-2.07908e-06
-1.91584e-06
-1.60848e-06
-1.16251e-06
-5.80107e-07
1.37447e-07
9.86076e-07
1.95481e-06
3.02219e-06
4.15351e-06
5.29921e-06
6.39642e-06
7.3741e-06
8.15625e-06
8.71396e-06
9.05333e-06
9.15461e-06
9.04327e-06
-1.66608e-06
-1.73532e-06
-1.77206e-06
-1.78689e-06
-1.78457e-06
-1.76599e-06
-1.73348e-06
-1.68983e-06
-1.63689e-06
-1.57542e-06
-1.50467e-06
-1.42268e-06
-1.32602e-06
-1.21073e-06
-1.0729e-06
-9.10189e-07
-7.24396e-07
-5.2556e-07
-3.36354e-07
-1.98444e-07
-1.7312e-07
-3.30672e-07
-6.93503e-07
-1.14131e-06
-1.54183e-06
-1.82191e-06
-1.9464e-06
-1.90828e-06
-1.7119e-06
-1.36392e-06
-8.6819e-07
-2.25622e-07
5.63031e-07
1.49337e-06
2.55319e-06
3.71886e-06
4.95278e-06
6.20187e-06
7.39936e-06
8.4703e-06
9.33226e-06
9.94861e-06
1.03429e-05
1.0489e-05
1.04252e-05
-1.81036e-06
-1.88468e-06
-1.92096e-06
-1.93095e-06
-1.92064e-06
-1.89197e-06
-1.8485e-06
-1.79411e-06
-1.73136e-06
-1.66145e-06
-1.58361e-06
-1.49563e-06
-1.39373e-06
-1.27332e-06
-1.12978e-06
-9.60047e-07
-7.65132e-07
-5.5449e-07
-3.50471e-07
-1.95004e-07
-1.50221e-07
-2.8768e-07
-6.31977e-07
-1.06238e-06
-1.44476e-06
-1.70469e-06
-1.80584e-06
-1.74001e-06
-1.50991e-06
-1.12043e-06
-5.7373e-07
1.30602e-07
9.92417e-07
2.00717e-06
3.16163e-06
4.43037e-06
5.77314e-06
7.13348e-06
8.44027e-06
9.61373e-06
1.05689e-05
1.12538e-05
1.17041e-05
1.19008e-05
1.18896e-05
-1.96832e-06
-2.04767e-06
-2.08196e-06
-2.08451e-06
-2.06311e-06
-2.02118e-06
-1.96409e-06
-1.89684e-06
-1.82286e-06
-1.74366e-06
-1.65839e-06
-1.5645e-06
-1.45772e-06
-1.3328e-06
-1.18437e-06
-1.00856e-06
-8.05598e-07
-5.84299e-07
-3.66604e-07
-1.94628e-07
-1.31224e-07
-2.49095e-07
-5.74886e-07
-9.87697e-07
-1.35173e-06
-1.59134e-06
-1.669e-06
-1.57532e-06
-1.31122e-06
-8.79877e-07
-2.81692e-07
4.85051e-07
1.42084e-06
2.52113e-06
3.77197e-06
5.14652e-06
6.6024e-06
8.08011e-06
9.50398e-06
1.07882e-05
1.18479e-05
1.26197e-05
1.3127e-05
1.33821e-05
1.34289e-05
-2.14271e-06
-2.22679e-06
-2.2568e-06
-2.24835e-06
-2.21186e-06
-2.15293e-06
-2.07918e-06
-1.99682e-06
-1.91026e-06
-1.821e-06
-1.72809e-06
-1.62847e-06
-1.51728e-06
-1.38853e-06
-1.23604e-06
-1.05516e-06
-8.45235e-07
-6.14454e-07
-3.84267e-07
-1.96896e-07
-1.158e-07
-2.1471e-07
-5.22178e-07
-9.17371e-07
-1.26299e-06
-1.48227e-06
-1.53648e-06
-1.41498e-06
-1.11694e-06
-6.43801e-07
5.72107e-09
8.34609e-07
1.84396e-06
3.02935e-06
4.37639e-06
5.85734e-06
7.4283e-06
9.02746e-06
1.05752e-05
1.19798e-05
1.31516e-05
1.40248e-05
1.45992e-05
1.49206e-05
1.50341e-05
-2.33713e-06
-2.42513e-06
-2.44747e-06
-2.42321e-06
-2.36659e-06
-2.28634e-06
-2.1925e-06
-2.09287e-06
-1.99237e-06
-1.8925e-06
-1.7919e-06
-1.68687e-06
-1.57182e-06
-1.43997e-06
-1.28429e-06
-1.09931e-06
-8.83517e-07
-6.44426e-07
-4.0295e-07
-2.01339e-07
-1.03546e-07
-1.84223e-07
-4.7369e-07
-8.51374e-07
-1.17864e-06
-1.37772e-06
-1.40866e-06
-1.2596e-06
-9.27948e-07
-4.13497e-07
2.86614e-07
1.17653e-06
2.25788e-06
3.52641e-06
4.96756e-06
6.55317e-06
8.23865e-06
9.9608e-06
1.16372e-05
1.31706e-05
1.44649e-05
1.54483e-05
1.61043e-05
1.65012e-05
1.66935e-05
-2.55632e-06
-2.64651e-06
-2.65618e-06
-2.60967e-06
-2.5268e-06
-2.42025e-06
-2.3027e-06
-2.18363e-06
-2.06816e-06
-1.95735e-06
-1.84921e-06
-1.73921e-06
-1.62092e-06
-1.48672e-06
-1.32871e-06
-1.14059e-06
-9.19983e-07
-6.7373e-07
-4.22157e-07
-2.07478e-07
-9.4031e-08
-1.57279e-07
-4.29182e-07
-7.8959e-07
-1.09871e-06
-1.27781e-06
-1.2858e-06
-1.10962e-06
-7.44927e-07
-1.90032e-07
5.59379e-07
1.50844e-06
2.65915e-06
4.00743e-06
5.53872e-06
7.22491e-06
9.02155e-06
1.08653e-05
1.2672e-05
1.43403e-05
1.57661e-05
1.68703e-05
1.76264e-05
1.81091e-05
1.8396e-05
-2.80663e-06
-2.89561e-06
-2.88523e-06
-2.808e-06
-2.69152e-06
-2.55305e-06
-2.40835e-06
-2.26795e-06
-2.13669e-06
-2.01491e-06
-1.89959e-06
-1.7852e-06
-1.66435e-06
-1.52855e-06
-1.36904e-06
-1.17868e-06
-9.54267e-07
-7.01947e-07
-4.41439e-07
-2.14853e-07
-8.68199e-08
-1.33505e-07
-3.88378e-07
-7.31847e-07
-1.02311e-06
-1.18259e-06
-1.16807e-06
-9.65357e-07
-5.68425e-07
2.57224e-08
8.22671e-07
1.82832e-06
3.04481e-06
4.46813e-06
6.08382e-06
7.8642e-06
9.76573e-06
1.17261e-05
1.36615e-05
1.54678e-05
1.70333e-05
1.82693e-05
1.91427e-05
1.97274e-05
2.01309e-05
-3.09682e-06
-3.1781e-06
-3.13698e-06
-3.01785e-06
-2.85918e-06
-2.68307e-06
-2.50797e-06
-2.34476e-06
-2.19735e-06
-2.06482e-06
-1.94286e-06
-1.82475e-06
-1.70206e-06
-1.5654e-06
-1.40516e-06
-1.2134e-06
-9.86104e-07
-7.28744e-07
-4.60407e-07
-2.23049e-07
-8.15018e-08
-1.12529e-07
-3.50984e-07
-6.77941e-07
-9.51744e-07
-1.09204e-06
-1.05555e-06
-8.2703e-07
-3.98857e-07
2.33072e-07
1.0754e-06
2.13452e-06
3.41239e-06
4.90494e-06
6.59769e-06
8.46365e-06
1.04608e-05
1.25293e-05
1.45873e-05
1.65306e-05
1.82418e-05
1.9622e-05
2.0627e-05
2.1335e-05
2.18863e-05
-3.43915e-06
-3.50061e-06
-3.41344e-06
-3.23805e-06
-3.02775e-06
-2.80836e-06
-2.60014e-06
-2.4132e-06
-2.24973e-06
-2.10702e-06
-1.97913e-06
-1.85801e-06
-1.73419e-06
-1.59737e-06
-1.43709e-06
-1.24469e-06
-1.01534e-06
-7.53878e-07
-4.78749e-07
-2.31706e-07
-7.77032e-08
-9.39975e-08
-3.16707e-07
-6.27655e-07
-8.84467e-07
-1.00611e-06
-9.48286e-07
-6.94779e-07
-2.36524e-07
4.31486e-07
1.31671e-06
2.42573e-06
3.75997e-06
5.315e-06
7.07614e-06
9.0171e-06
1.10978e-05
1.32619e-05
1.54316e-05
1.75055e-05
1.93636e-05
2.08986e-05
2.2051e-05
2.29071e-05
2.36512e-05
-3.85107e-06
-3.87031e-06
-3.71391e-06
-3.46807e-06
-3.19466e-06
-2.92682e-06
-2.68363e-06
-2.47277e-06
-2.29381e-06
-2.14172e-06
-2.00871e-06
-1.88535e-06
-1.76105e-06
-1.62468e-06
-1.46498e-06
-1.27258e-06
-1.04191e-06
-7.77196e-07
-4.9623e-07
-2.40529e-07
-7.50972e-08
-7.75886e-08
-2.85267e-07
-5.80765e-07
-8.21121e-07
-9.24684e-07
-8.46245e-07
-5.68663e-07
-8.16273e-08
6.20587e-07
1.546e-06
2.70101e-06
4.08612e-06
5.6962e-06
7.51602e-06
9.51974e-06
1.16694e-05
1.39125e-05
1.61775e-05
1.83688e-05
2.03682e-05
2.20637e-05
2.33792e-05
2.44131e-05
2.54159e-05
-4.35775e-06
-4.29473e-06
-4.03864e-06
-3.70295e-06
-3.35653e-06
-3.03641e-06
-2.7575e-06
-2.52333e-06
-2.3299e-06
-2.16942e-06
-2.03216e-06
-1.90726e-06
-1.78309e-06
-1.64768e-06
-1.48906e-06
-1.2972e-06
-1.06584e-06
-7.98622e-07
-5.12687e-07
-2.49284e-07
-7.34065e-08
-6.30131e-08
-2.56399e-07
-5.37051e-07
-7.61537e-07
-8.47663e-07
-7.49372e-07
-4.48699e-07
6.57179e-08
8.00135e-07
1.76286e-06
2.95975e-06
4.38994e-06
6.04722e-06
7.9153e-06
9.96833e-06
1.217e-05
1.44722e-05
1.68102e-05
1.90975e-05
2.12227e-05
2.30759e-05
2.45658e-05
2.5811e-05
2.71717e-05
-4.99469e-06
-4.77672e-06
-4.385e-06
-3.9376e-06
-3.50956e-06
-3.13524e-06
-2.82127e-06
-2.56518e-06
-2.35864e-06
-2.1909e-06
-2.05022e-06
-1.92441e-06
-1.80084e-06
-1.6668e-06
-1.50965e-06
-1.31876e-06
-1.08723e-06
-8.18147e-07
-5.28018e-07
-2.57794e-07
-7.24021e-08
-5.00185e-08
-2.29863e-07
-4.96302e-07
-7.05541e-07
-7.74908e-07
-6.57584e-07
-3.34869e-07
2.05461e-07
9.69993e-07
1.96705e-06
3.20159e-06
4.67094e-06
6.36735e-06
8.2729e-06
1.0361e-05
1.25964e-05
1.49344e-05
1.73176e-05
1.96705e-05
2.18931e-05
2.38871e-05
2.55508e-05
2.70384e-05
2.8904e-05
-5.81077e-06
-5.31187e-06
-4.74153e-06
-4.16499e-06
-3.6496e-06
-3.22172e-06
-2.87488e-06
-2.59899e-06
-2.38097e-06
-2.20708e-06
-2.06374e-06
-1.93752e-06
-1.81491e-06
-1.68251e-06
-1.5271e-06
-1.33751e-06
-1.10622e-06
-8.3581e-07
-5.42169e-07
-2.65927e-07
-7.18967e-08
-3.83872e-08
-2.05436e-07
-4.58311e-07
-6.52949e-07
-7.06266e-07
-5.70765e-07
-2.27114e-07
3.37599e-07
1.13008e-06
2.15843e-06
3.42631e-06
4.92884e-06
6.65627e-06
8.58839e-06
1.06971e-05
1.29468e-05
1.52952e-05
1.76907e-05
2.00691e-05
2.23451e-05
2.44419e-05
2.62547e-05
2.79983e-05
3.0575e-05
-6.85143e-06
-5.89161e-06
-5.09219e-06
-4.3757e-06
-3.77236e-06
-3.29473e-06
-2.91878e-06
-2.62578e-06
-2.39801e-06
-2.21904e-06
-2.07367e-06
-1.94741e-06
-1.82598e-06
-1.69538e-06
-1.54187e-06
-1.35377e-06
-1.12303e-06
-8.51721e-07
-5.55149e-07
-2.73603e-07
-7.17449e-08
-2.79365e-08
-1.82927e-07
-4.22886e-07
-6.03573e-07
-6.41552e-07
-4.88731e-07
-1.25248e-07
4.62318e-07
1.2806e-06
2.33722e-06
3.63423e-06
5.16406e-06
6.91456e-06
8.86252e-06
1.09773e-05
1.32217e-05
1.55535e-05
1.79244e-05
2.02789e-05
2.25467e-05
2.46792e-05
2.65772e-05
2.8553e-05
3.21223e-05
-8.21892e-06
-6.49999e-06
-5.41438e-06
-4.55975e-06
-3.87539e-06
-3.35499e-06
-2.95475e-06
-2.64742e-06
-2.4114e-06
-2.22809e-06
-2.08104e-06
-1.95487e-06
-1.83467e-06
-1.70592e-06
-1.55438e-06
-1.36791e-06
-1.13795e-06
-8.66114e-07
-5.67099e-07
-2.80853e-07
-7.18683e-08
-1.85154e-08
-1.62173e-07
-3.89889e-07
-5.57278e-07
-5.8059e-07
-4.11205e-07
-2.88203e-08
5.80321e-07
1.42262e-06
2.50498e-06
3.82752e-06
5.37959e-06
7.14622e-06
9.10049e-06
1.12082e-05
1.34289e-05
1.57178e-05
1.80259e-05
2.03001e-05
2.24793e-05
2.45411e-05
2.63993e-05
2.8539e-05
3.35273e-05
-1.00333e-05
-7.10465e-06
-5.67557e-06
-4.70833e-06
-3.9609e-06
-3.4069e-06
-2.98686e-06
-2.66701e-06
-2.42322e-06
-2.23551e-06
-2.08649e-06
-1.96014e-06
-1.84097e-06
-1.71399e-06
-1.56448e-06
-1.37984e-06
-1.15101e-06
-8.79077e-07
-5.78143e-07
-2.87762e-07
-7.22437e-08
-9.99404e-09
-1.43044e-07
-3.59289e-07
-5.14147e-07
-5.23521e-07
-3.3829e-07
6.22134e-08
6.91944e-07
1.55694e-06
2.6633e-06
4.0089e-06
5.5798e-06
7.35786e-06
9.31188e-06
1.14031e-05
1.35863e-05
1.58113e-05
1.80235e-05
2.01632e-05
2.21617e-05
2.39944e-05
2.55688e-05
2.76446e-05
3.43954e-05
-1.1574e-05
-7.49487e-06
-5.8148e-06
-4.80229e-06
-4.02483e-06
-3.44936e-06
-3.01448e-06
-2.68399e-06
-2.43295e-06
-2.24077e-06
-2.08954e-06
-1.96272e-06
-1.84433e-06
-1.71893e-06
-1.57141e-06
-1.3887e-06
-1.16128e-06
-8.89761e-07
-5.87602e-07
-2.93895e-07
-7.26512e-08
-2.17734e-09
-1.252e-07
-3.30636e-07
-4.73894e-07
-4.70567e-07
-2.7118e-07
1.45233e-07
7.92692e-07
1.6768e-06
2.80277e-06
4.16623e-06
5.74993e-06
7.53255e-06
9.4784e-06
1.15438e-05
1.36776e-05
1.58223e-05
1.79133e-05
1.98754e-05
2.16063e-05
2.3016e-05
2.38972e-05
2.49821e-05
3.11129e-05
)
;

boundaryField
{
    inlet
    {
        type            uniformJump;
        patchType       cyclic;
        jump            uniform -2.5e-05;
        value           nonuniform List<scalar> 
40
(
6.16284e-07
6.28004e-07
6.39978e-07
6.51624e-07
6.642e-07
6.7925e-07
6.99403e-07
7.29247e-07
7.75794e-07
8.48348e-07
9.57729e-07
1.11563e-06
1.33502e-06
1.63123e-06
2.02228e-06
2.52742e-06
3.16355e-06
3.94023e-06
4.85269e-06
5.87108e-06
6.88407e-06
7.74523e-06
8.37296e-06
8.82497e-06
9.14052e-06
9.35228e-06
9.48978e-06
9.5762e-06
9.62848e-06
9.65854e-06
9.6746e-06
9.68213e-06
9.68486e-06
9.6851e-06
9.68412e-06
9.68264e-06
9.68111e-06
9.67977e-06
9.67866e-06
9.67768e-06
)
;
        jumpTable       table;
        jumpTableCoeffs
        {
            values          
4
(
(0 -2.5e-05)
(25 -2.5e-05)
(25.5 -0.0001)
(26 -2.5e-05)
)
;
        }
    }
    outlet
    {
        type            uniformJump;
        patchType       cyclic;
        value           nonuniform List<scalar> 
40
(
-2.43837e-05
-2.4372e-05
-2.436e-05
-2.43484e-05
-2.43358e-05
-2.43207e-05
-2.43006e-05
-2.42708e-05
-2.42242e-05
-2.41517e-05
-2.40423e-05
-2.38844e-05
-2.3665e-05
-2.33688e-05
-2.29777e-05
-2.24726e-05
-2.18364e-05
-2.10598e-05
-2.01473e-05
-1.91289e-05
-1.81159e-05
-1.72548e-05
-1.6627e-05
-1.6175e-05
-1.58595e-05
-1.56477e-05
-1.55102e-05
-1.54238e-05
-1.53715e-05
-1.53415e-05
-1.53254e-05
-1.53179e-05
-1.53151e-05
-1.53149e-05
-1.53159e-05
-1.53174e-05
-1.53189e-05
-1.53202e-05
-1.53213e-05
-1.53223e-05
)
;
    }
    Walls
    {
        type            zeroGradient;
    }
    back
    {
        type            empty;
    }
    front
    {
        type            empty;
    }
}


// ************************************************************************* //
