/*--------------------------------*- C++ -*----------------------------------*\
| =========                 |                                                 |
| \\      /  F ield         | OpenFOAM: The Open Source CFD Toolbox           |
|  \\    /   O peration     | Version:  2312                                  |
|   \\  /    A nd           | Website:  www.openfoam.com                      |
|    \\/     M anipulation  |                                                 |
\*---------------------------------------------------------------------------*/
FoamFile
{
    version     2.0;
    format      ascii;
    arch        "LSB;label=32;scalar=64";
    class       volScalarField;
    location    "10.5";
    object      p;
}
// * * * * * * * * * * * * * * * * * * * * * * * * * * * * * * * * * * * * * //

dimensions      [0 2 -2 0 0 0 0];

internalField   nonuniform List<scalar> 
4800
(
-7.95447e-13
-1.40788e-06
-2.58095e-06
-3.57519e-06
-4.4286e-06
-5.16634e-06
-5.81265e-06
-6.38511e-06
-6.89216e-06
-7.34604e-06
-7.7554e-06
-8.12232e-06
-8.44048e-06
-8.94042e-06
-1.05688e-05
1.54108e-08
-1.38985e-06
-2.56108e-06
-3.55416e-06
-4.40758e-06
-5.14638e-06
-5.79524e-06
-6.3717e-06
-6.88473e-06
-7.34834e-06
-7.77634e-06
-8.18428e-06
-8.58692e-06
-9.0909e-06
-9.94402e-06
3.18684e-08
-1.37049e-06
-2.53983e-06
-3.53194e-06
-4.38523e-06
-5.1249e-06
-5.77463e-06
-6.3541e-06
-6.87189e-06
-7.34255e-06
-7.78133e-06
-8.2046e-06
-8.62166e-06
-9.04192e-06
-9.44533e-06
4.89146e-08
-1.34994e-06
-2.51686e-06
-3.50747e-06
-4.36003e-06
-5.10057e-06
-5.74949e-06
-6.33016e-06
-6.85007e-06
-7.32194e-06
-7.7588e-06
-8.16858e-06
-8.54439e-06
-8.85659e-06
-9.0375e-06
6.80508e-08
-1.32643e-06
-2.49015e-06
-3.4785e-06
-4.32946e-06
-5.06974e-06
-5.71748e-06
-6.29583e-06
-6.81377e-06
-7.27959e-06
-7.70148e-06
-8.07804e-06
-8.39127e-06
-8.60395e-06
-8.66234e-06
9.07492e-08
-1.29839e-06
-2.45799e-06
-3.4431e-06
-4.29128e-06
-5.02899e-06
-5.67469e-06
-6.24697e-06
-6.75678e-06
-7.20798e-06
-7.60295e-06
-7.93409e-06
-8.18119e-06
-8.31553e-06
-8.30962e-06
1.19183e-07
-1.26363e-06
-2.41801e-06
-3.39859e-06
-4.24235e-06
-4.97514e-06
-5.61515e-06
-6.17771e-06
-6.67232e-06
-7.10015e-06
-7.45916e-06
-7.74009e-06
-7.92745e-06
-8.00649e-06
-7.97049e-06
1.56999e-07
-1.21855e-06
-2.36642e-06
-3.34079e-06
-4.17791e-06
-4.90283e-06
-5.53268e-06
-6.08039e-06
-6.55301e-06
-6.95038e-06
-7.26893e-06
-7.50167e-06
-7.64094e-06
-7.68432e-06
-7.63682e-06
2.09697e-07
-1.15774e-06
-2.2976e-06
-3.26367e-06
-4.09133e-06
-4.80466e-06
-5.41956e-06
-5.94686e-06
-6.39185e-06
-6.75466e-06
-7.03294e-06
-7.22427e-06
-7.32845e-06
-7.35122e-06
-7.30262e-06
2.8451e-07
-1.07388e-06
-2.20394e-06
-3.15917e-06
-3.97406e-06
-4.67164e-06
-5.26677e-06
-5.76893e-06
-6.18283e-06
-6.51044e-06
-6.75252e-06
-6.91146e-06
-6.99258e-06
-7.0058e-06
-6.96242e-06
3.89666e-07
-9.58209e-07
-2.07615e-06
-3.01753e-06
-3.81598e-06
-4.49365e-06
-5.06481e-06
-5.53864e-06
-5.92102e-06
-6.21616e-06
-6.42856e-06
-6.56458e-06
-6.63273e-06
-6.64441e-06
-6.61037e-06
5.33487e-07
-8.01363e-07
-1.90406e-06
-2.82804e-06
-3.60632e-06
-4.2605e-06
-4.80495e-06
-5.24974e-06
-5.60269e-06
-5.87055e-06
-6.06097e-06
-6.18288e-06
-6.24617e-06
-6.26212e-06
-6.24029e-06
7.24109e-07
-5.93761e-07
-1.67718e-06
-2.57983e-06
-3.33449e-06
-3.96278e-06
-4.47986e-06
-4.89734e-06
-5.22508e-06
-5.47226e-06
-5.64853e-06
-5.76405e-06
-5.82887e-06
-5.8534e-06
-5.84588e-06
9.69656e-07
-3.25528e-07
-1.38477e-06
-2.26201e-06
-2.99035e-06
-3.59195e-06
-4.08311e-06
-4.47707e-06
-4.78544e-06
-5.01905e-06
-5.18851e-06
-5.30419e-06
-5.37566e-06
-5.41214e-06
-5.42068e-06
1.27805e-06
1.3306e-08
-1.01605e-06
-1.86395e-06
-2.56421e-06
-3.13989e-06
-3.60838e-06
-3.98407e-06
-4.27965e-06
-4.50667e-06
-4.67589e-06
-4.7973e-06
-4.87964e-06
-4.93098e-06
-4.95735e-06
1.65597e-06
4.31735e-07
-5.61259e-07
-1.37619e-06
-2.04757e-06
-2.5993e-06
-3.0494e-06
-3.41269e-06
-3.70202e-06
-3.929e-06
-4.1038e-06
-4.23571e-06
-4.33263e-06
-4.40157e-06
-4.44776e-06
2.10676e-06
9.3556e-07
-1.3846e-08
-7.92481e-07
-1.43483e-06
-1.96509e-06
-2.40134e-06
-2.75803e-06
-3.04738e-06
-3.28009e-06
-3.46554e-06
-3.61226e-06
-3.72733e-06
-3.81678e-06
-3.88517e-06
2.62774e-06
1.5242e-06
6.26346e-07
-1.12738e-07
-7.26065e-07
-1.23714e-06
-1.66329e-06
-2.01805e-06
-2.31251e-06
-2.55612e-06
-2.75682e-06
-2.9225e-06
-3.05942e-06
-3.17274e-06
-3.2664e-06
3.20811e-06
2.18745e-06
1.34947e-06
6.53345e-07
6.93272e-08
-4.24076e-07
-8.42572e-07
-1.19815e-06
-1.50049e-06
-1.75799e-06
-1.97786e-06
-2.16599e-06
-2.32772e-06
-2.46768e-06
-2.58955e-06
3.82678e-06
2.90232e-06
2.13167e-06
1.48172e-06
9.27541e-07
4.50789e-07
3.80078e-08
-3.20866e-07
-6.33723e-07
-9.07127e-07
-1.14688e-06
-1.35812e-06
-1.54565e-06
-1.71357e-06
-1.86522e-06
4.42114e-06
3.59569e-06
2.89356e-06
2.28959e-06
1.76437e-06
1.30326e-06
8.95384e-07
5.32496e-07
2.0814e-07
-8.29182e-08
-3.44992e-07
-5.81853e-07
-7.97814e-07
-9.96294e-07
-1.18008e-06
4.90837e-06
4.16881e-06
3.52619e-06
2.96212e-06
2.46205e-06
2.01482e-06
1.61197e-06
1.24693e-06
9.14375e-07
6.09691e-07
3.28538e-07
6.71851e-08
-1.75706e-07
-4.02226e-07
-6.14877e-07
5.27274e-06
4.60003e-06
4.00366e-06
3.47029e-06
2.98921e-06
2.55198e-06
2.15192e-06
1.78364e-06
1.44266e-06
1.12524e-06
8.28354e-07
5.4996e-07
2.87492e-07
3.90845e-08
-1.97096e-07
5.53881e-06
4.91825e-06
4.35827e-06
3.84931e-06
3.38351e-06
2.95445e-06
2.55682e-06
2.18623e-06
1.83906e-06
1.51233e-06
1.20358e-06
9.10728e-07
6.31835e-07
3.65281e-07
1.09529e-07
5.73096e-06
5.15117e-06
4.62017e-06
4.13096e-06
3.67771e-06
3.25544e-06
2.85989e-06
2.48747e-06
2.13521e-06
1.80066e-06
1.48169e-06
1.17643e-06
8.83471e-07
6.01495e-07
3.29206e-07
5.86841e-06
5.32071e-06
4.81284e-06
4.33954e-06
3.8964e-06
3.4795e-06
3.08539e-06
2.71113e-06
2.35425e-06
2.01273e-06
1.68479e-06
1.36903e-06
1.0642e-06
7.69228e-07
4.83042e-07
5.96588e-06
5.44364e-06
4.95422e-06
4.49365e-06
4.05854e-06
3.64575e-06
3.25247e-06
2.87631e-06
2.51527e-06
2.16766e-06
1.83204e-06
1.50736e-06
1.19252e-06
8.86607e-07
5.88761e-07
6.03451e-06
5.53266e-06
5.05806e-06
4.6077e-06
4.17897e-06
3.7693e-06
3.37642e-06
2.9984e-06
2.63364e-06
2.28079e-06
1.9386e-06
1.60629e-06
1.28292e-06
9.67748e-07
6.6007e-07
6.08257e-06
5.59729e-06
5.13471e-06
4.69264e-06
4.26901e-06
3.86173e-06
3.46897e-06
3.08919e-06
2.72108e-06
2.36354e-06
2.01583e-06
1.67698e-06
1.3463e-06
1.02325e-06
7.07243e-07
6.11618e-06
5.64455e-06
5.19188e-06
4.75664e-06
4.33714e-06
3.9317e-06
3.53887e-06
3.15744e-06
2.7864e-06
2.42486e-06
2.0722e-06
1.72766e-06
1.39071e-06
1.06093e-06
7.37845e-07
6.13978e-06
5.67958e-06
5.23522e-06
4.80567e-06
4.38955e-06
3.98555e-06
3.59253e-06
3.20957e-06
2.83588e-06
2.47085e-06
2.11384e-06
1.76438e-06
1.42202e-06
1.08647e-06
7.57313e-07
6.15658e-06
5.70609e-06
5.26878e-06
4.84401e-06
4.4307e-06
4.02783e-06
3.63456e-06
3.2502e-06
2.87416e-06
2.50599e-06
2.14519e-06
1.79144e-06
1.4444e-06
1.10384e-06
7.69448e-07
6.16882e-06
5.72666e-06
5.29539e-06
4.8747e-06
4.46374e-06
4.06178e-06
3.66821e-06
3.28257e-06
2.90444e-06
2.53347e-06
2.16934e-06
1.81182e-06
1.46068e-06
1.11577e-06
7.76831e-07
6.17803e-06
5.74308e-06
5.31704e-06
4.89983e-06
4.49086e-06
4.08963e-06
3.69576e-06
3.30893e-06
2.92892e-06
2.55547e-06
2.1884e-06
1.82756e-06
1.47282e-06
1.12409e-06
7.81175e-07
6.18523e-06
5.75658e-06
5.33506e-06
4.92086e-06
4.51358e-06
4.11295e-06
3.71876e-06
3.33085e-06
2.94914e-06
2.57349e-06
2.20379e-06
1.84002e-06
1.4821e-06
1.12999e-06
7.8359e-07
6.19106e-06
5.76792e-06
5.35035e-06
4.93875e-06
4.53292e-06
4.13278e-06
3.73827e-06
3.34936e-06
2.96614e-06
2.5885e-06
2.21647e-06
1.85009e-06
1.48935e-06
1.13427e-06
7.84789e-07
6.19592e-06
5.7776e-06
5.36346e-06
4.95411e-06
4.54952e-06
4.14979e-06
3.75494e-06
3.36515e-06
2.98055e-06
2.60114e-06
2.22705e-06
1.85836e-06
1.49512e-06
1.13742e-06
7.85223e-07
6.20011e-06
5.78601e-06
5.37487e-06
4.96747e-06
4.56394e-06
4.16453e-06
3.76934e-06
3.37879e-06
2.99294e-06
2.61195e-06
2.23601e-06
1.86527e-06
1.49983e-06
1.13979e-06
7.85159e-07
6.20398e-06
5.7938e-06
5.38543e-06
4.97982e-06
4.57725e-06
4.17806e-06
3.78262e-06
3.39129e-06
3.00425e-06
2.62176e-06
2.24408e-06
1.87143e-06
1.50391e-06
1.14166e-06
7.84735e-07
6.20759e-06
5.80133e-06
5.39562e-06
4.99175e-06
4.59011e-06
4.1912e-06
3.79542e-06
3.40329e-06
3.01509e-06
2.63113e-06
2.2517e-06
1.87706e-06
1.50748e-06
1.14314e-06
7.8413e-07
-1.19364e-05
-9.70017e-06
-8.32467e-06
-7.40136e-06
-6.6604e-06
-6.08832e-06
-5.6401e-06
-5.28483e-06
-5.00215e-06
-4.77617e-06
-4.59428e-06
-4.44611e-06
-4.32312e-06
-4.21879e-06
-4.12894e-06
-4.05354e-06
-3.99796e-06
-3.97743e-06
-4.01887e-06
-4.16654e-06
-4.47605e-06
-5.00178e-06
-5.69379e-06
-6.34626e-06
-6.80425e-06
-6.99159e-06
-6.87117e-06
-6.43154e-06
-5.6734e-06
-4.60469e-06
-3.23949e-06
-1.59938e-06
2.85169e-07
2.37448e-06
4.62035e-06
6.96753e-06
9.35494e-06
1.17158e-05
1.39749e-05
1.6042e-05
1.7792e-05
1.90616e-05
1.94808e-05
1.8731e-05
1.56036e-05
-1.03221e-05
-9.16496e-06
-8.12487e-06
-7.30243e-06
-6.60706e-06
-6.05066e-06
-5.60811e-06
-5.25516e-06
-4.97382e-06
-4.74913e-06
-4.56874e-06
-4.42234e-06
-4.3014e-06
-4.19941e-06
-4.11227e-06
-4.04e-06
-3.98796e-06
-3.97128e-06
-4.01638e-06
-4.16658e-06
-4.47589e-06
-4.99682e-06
-5.67934e-06
-6.3206e-06
-6.76849e-06
-6.94807e-06
-6.82243e-06
-6.38011e-06
-5.62201e-06
-4.55667e-06
-3.19931e-06
-1.57309e-06
2.89568e-07
2.34653e-06
4.5465e-06
6.82996e-06
9.12967e-06
1.13695e-05
1.34588e-05
1.52814e-05
1.66618e-05
1.73308e-05
1.67613e-05
1.42048e-05
8.69362e-06
-9.47546e-06
-8.74678e-06
-7.91732e-06
-7.18599e-06
-6.54127e-06
-6.00653e-06
-5.57295e-06
-5.22388e-06
-4.9445e-06
-4.72128e-06
-4.54237e-06
-4.39768e-06
-4.27875e-06
-4.17915e-06
-4.09484e-06
-4.02591e-06
-3.97777e-06
-3.96535e-06
-4.01456e-06
-4.1676e-06
-4.47662e-06
-4.99193e-06
-5.6633e-06
-6.29136e-06
-6.72735e-06
-6.89781e-06
-6.76632e-06
-6.32145e-06
-5.56449e-06
-4.50485e-06
-3.15922e-06
-1.55282e-06
2.79404e-07
2.29218e-06
4.43021e-06
6.62865e-06
8.81278e-06
1.08955e-05
1.27705e-05
1.42974e-05
1.52733e-05
1.53936e-05
1.41856e-05
1.11315e-05
6.13813e-06
-8.93286e-06
-8.40416e-06
-7.7342e-06
-7.07571e-06
-6.47938e-06
-5.96762e-06
-5.54356e-06
-5.19796e-06
-4.91962e-06
-4.6968e-06
-4.51839e-06
-4.3746e-06
-4.25708e-06
-4.15945e-06
-4.07777e-06
-4.01217e-06
-3.96804e-06
-3.96013e-06
-4.01373e-06
-4.16975e-06
-4.47832e-06
-4.98723e-06
-5.64592e-06
-6.25876e-06
-6.6807e-06
-6.83997e-06
-6.70082e-06
-6.25211e-06
-5.49576e-06
-4.44247e-06
-3.11091e-06
-1.52894e-06
2.6522e-07
2.22236e-06
4.28234e-06
6.37418e-06
8.41518e-06
1.0308e-05
1.19336e-05
1.31401e-05
1.37244e-05
1.34199e-05
1.19049e-05
8.93971e-06
4.7763e-06
-8.50939e-06
-8.10075e-06
-7.55419e-06
-6.97895e-06
-6.42755e-06
-5.93872e-06
-5.52419e-06
-5.18102e-06
-4.9022e-06
-4.67812e-06
-4.49867e-06
-4.35448e-06
-4.23739e-06
-4.14109e-06
-4.06171e-06
-3.99937e-06
-3.95944e-06
-3.95634e-06
-4.01466e-06
-4.17383e-06
-4.48164e-06
-4.98305e-06
-5.62707e-06
-6.22242e-06
-6.6282e-06
-6.77462e-06
-6.62683e-06
-6.17422e-06
-5.41967e-06
-4.37552e-06
-3.06286e-06
-1.51269e-06
2.32987e-07
2.12055e-06
4.0847e-06
6.0484e-06
7.92199e-06
9.60085e-06
1.09611e-05
1.18536e-05
1.21021e-05
1.15135e-05
9.9186e-06
7.27609e-06
3.86183e-06
-8.15167e-06
-7.82522e-06
-7.37412e-06
-6.88088e-06
-6.38234e-06
-5.91945e-06
-5.51612e-06
-5.17531e-06
-4.89495e-06
-4.668e-06
-4.48574e-06
-4.33953e-06
-4.22156e-06
-4.12565e-06
-4.04799e-06
-3.98869e-06
-3.95303e-06
-3.95501e-06
-4.01835e-06
-4.1807e-06
-4.48728e-06
-4.97973e-06
-5.60665e-06
-6.18185e-06
-6.56918e-06
-6.70114e-06
-6.54407e-06
-6.0882e-06
-5.33772e-06
-4.30697e-06
-3.0199e-06
-1.51104e-06
1.7351e-07
1.97559e-06
3.82502e-06
5.63976e-06
7.32568e-06
8.77594e-06
9.87047e-06
1.04784e-05
1.04649e-05
9.71485e-06
8.17272e-06
5.90554e-06
3.16675e-06
-7.82494e-06
-7.56155e-06
-7.19491e-06
-6.76976e-06
-6.32912e-06
-5.90257e-06
-5.51488e-06
-5.1796e-06
-4.89859e-06
-4.66819e-06
-4.48182e-06
-4.33208e-06
-4.2118e-06
-4.11514e-06
-4.03842e-06
-3.98176e-06
-3.95029e-06
-3.95746e-06
-4.02597e-06
-4.19141e-06
-4.49601e-06
-4.97769e-06
-5.58464e-06
-6.13665e-06
-6.50297e-06
-6.61875e-06
-6.45193e-06
-5.99391e-06
-5.25059e-06
-4.23874e-06
-2.98551e-06
-1.52921e-06
7.99016e-08
1.77944e-06
3.49534e-06
5.14261e-06
6.62643e-06
7.84397e-06
8.68781e-06
9.05356e-06
8.85246e-06
8.03363e-06
6.61079e-06
4.68924e-06
2.47523e-06
-7.50895e-06
-7.2956e-06
-6.99981e-06
-6.64411e-06
-6.2597e-06
-5.87406e-06
-5.51188e-06
-5.18823e-06
-4.9101e-06
-4.67771e-06
-4.48729e-06
-4.3333e-06
-4.20971e-06
-4.11133e-06
-4.0348e-06
-3.98033e-06
-3.95287e-06
-3.96526e-06
-4.03894e-06
-4.20712e-06
-4.50873e-06
-4.97743e-06
-5.56103e-06
-6.08642e-06
-6.42897e-06
-6.5269e-06
-6.35016e-06
-5.89181e-06
-5.15987e-06
-4.17392e-06
-2.9645e-06
-1.57378e-06
-5.57987e-08
1.52376e-06
3.08869e-06
4.55404e-06
5.82881e-06
6.82006e-06
7.43914e-06
7.61131e-06
7.28833e-06
6.46363e-06
5.1849e-06
3.55917e-06
1.74383e-06
-7.19354e-06
-7.02084e-06
-6.78337e-06
-6.49149e-06
-6.16474e-06
-5.82577e-06
-5.49613e-06
-5.19176e-06
-4.92245e-06
-4.69195e-06
-4.4996e-06
-4.34221e-06
-4.21538e-06
-4.115e-06
-4.03834e-06
-3.98584e-06
-3.96234e-06
-3.97996e-06
-4.05872e-06
-4.22911e-06
-4.52637e-06
-4.97943e-06
-5.53582e-06
-6.03083e-06
-6.3468e-06
-6.42546e-06
-6.23926e-06
-5.78343e-06
-5.06858e-06
-4.1173e-06
-2.96359e-06
-1.65306e-06
-2.4272e-07
1.20003e-06
2.59934e-06
3.87381e-06
4.94062e-06
5.72111e-06
6.14799e-06
6.17409e-06
5.78163e-06
4.98965e-06
3.85699e-06
2.47765e-06
9.68506e-07
-6.87218e-06
-6.73356e-06
-6.54439e-06
-6.30867e-06
-6.03776e-06
-5.74801e-06
-5.4568e-06
-5.17911e-06
-4.92581e-06
-4.70309e-06
-4.51309e-06
-4.35509e-06
-4.2267e-06
-4.12526e-06
-4.04901e-06
-3.99887e-06
-3.97965e-06
-4.00269e-06
-4.08646e-06
-4.2584e-06
-4.54969e-06
-4.98408e-06
-5.50899e-06
-5.96971e-06
-6.2565e-06
-6.31503e-06
-6.12081e-06
-5.67177e-06
-4.98148e-06
-4.07563e-06
-2.99129e-06
-1.77673e-06
-4.90451e-07
8.00564e-07
2.02372e-06
3.10462e-06
3.97203e-06
4.56368e-06
4.83285e-06
4.75459e-06
4.33083e-06
3.59232e-06
2.59651e-06
1.42023e-06
1.49491e-07
-6.53898e-06
-6.43005e-06
-6.28168e-06
-6.09481e-06
-5.8755e-06
-5.6346e-06
-5.38521e-06
-5.14009e-06
-4.90977e-06
-4.70163e-06
-4.51982e-06
-4.36582e-06
-4.23928e-06
-4.13924e-06
-4.06516e-06
-4.01865e-06
-4.00465e-06
-4.03372e-06
-4.12261e-06
-4.29541e-06
-4.57899e-06
-4.99154e-06
-5.48062e-06
-5.90328e-06
-6.15888e-06
-6.1975e-06
-5.99806e-06
-5.56183e-06
-4.90557e-06
-4.0578e-06
-3.05788e-06
-1.95534e-06
-8.08276e-07
3.19281e-07
1.36087e-06
2.25186e-06
2.93437e-06
3.36236e-06
3.50646e-06
3.35745e-06
2.92804e-06
2.25172e-06
1.37887e-06
3.69861e-07
-7.12047e-07
-6.18788e-06
-6.10581e-06
-5.99284e-06
-5.84864e-06
-5.67608e-06
-5.48192e-06
-5.27548e-06
-5.06684e-06
-4.86525e-06
-4.67824e-06
-4.51105e-06
-4.36681e-06
-4.24698e-06
-4.15224e-06
-4.08341e-06
-4.04291e-06
-4.03589e-06
-4.07211e-06
-4.16653e-06
-4.33969e-06
-4.61389e-06
-5.00162e-06
-5.45101e-06
-5.83258e-06
-6.05618e-06
-6.07666e-06
-5.87663e-06
-5.4612e-06
-4.85039e-06
-4.07487e-06
-3.17492e-06
-2.19954e-06
-1.20415e-06
-2.47336e-07
6.12886e-07
1.32323e-06
1.83927e-06
2.12918e-06
2.17663e-06
1.98215e-06
1.56282e-06
9.49919e-07
1.84963e-07
-6.85697e-07
-1.61542e-06
-5.8127e-06
-5.75573e-06
-5.67443e-06
-5.56806e-06
-5.43774e-06
-5.28748e-06
-5.1236e-06
-4.95359e-06
-4.78507e-06
-4.62489e-06
-4.47861e-06
-4.35036e-06
-4.24295e-06
-4.15852e-06
-4.09912e-06
-4.06802e-06
-4.07054e-06
-4.11571e-06
-4.21646e-06
-4.38979e-06
-4.65328e-06
-5.01394e-06
-5.42107e-06
-5.76008e-06
-5.95279e-06
-5.9591e-06
-5.76511e-06
-5.38038e-06
-4.82801e-06
-4.1395e-06
-3.35431e-06
-2.51876e-06
-1.68334e-06
-8.99227e-07
-2.14614e-07
3.28735e-07
6.98542e-07
8.74283e-07
8.48335e-07
6.26247e-07
2.25482e-07
-3.27187e-07
-9.98895e-07
-1.75462e-06
-2.5599e-06
-5.40719e-06
-5.37435e-06
-5.32226e-06
-5.25017e-06
-5.15838e-06
-5.04916e-06
-4.92664e-06
-4.7962e-06
-4.66373e-06
-4.53505e-06
-4.41542e-06
-4.30936e-06
-4.2205e-06
-4.15206e-06
-4.10706e-06
-4.08955e-06
-4.10486e-06
-4.16137e-06
-4.26971e-06
-4.44354e-06
-4.6956e-06
-5.02816e-06
-5.39259e-06
-5.69032e-06
-5.85629e-06
-5.85478e-06
-5.6752e-06
-5.33253e-06
-4.85224e-06
-4.26476e-06
-3.60664e-06
-2.91946e-06
-2.24702e-06
-1.63186e-06
-1.11215e-06
-7.19164e-07
-4.75308e-07
-3.92684e-07
-4.73976e-07
-7.11817e-07
-1.09056e-06
-1.58858e-06
-2.18067e-06
-2.8407e-06
-3.54324e-06
-4.96441e-06
-4.95553e-06
-4.93131e-06
-4.89125e-06
-4.8353e-06
-4.76475e-06
-4.68227e-06
-4.59161e-06
-4.49718e-06
-4.40366e-06
-4.31568e-06
-4.23762e-06
-4.17344e-06
-4.12697e-06
-4.10188e-06
-4.10269e-06
-4.13463e-06
-4.20528e-06
-4.3231e-06
-4.49857e-06
-4.73948e-06
-5.04466e-06
-5.36868e-06
-5.63051e-06
-5.77794e-06
-5.77627e-06
-5.6206e-06
-5.33234e-06
-4.93715e-06
-4.46215e-06
-3.93912e-06
-3.40341e-06
-2.89104e-06
-2.43573e-06
-2.0664e-06
-1.80549e-06
-1.66797e-06
-1.66109e-06
-1.78441e-06
-2.03073e-06
-2.38728e-06
-2.83743e-06
-3.36235e-06
-3.94282e-06
-4.56013e-06
-4.47679e-06
-4.49255e-06
-4.49601e-06
-4.48696e-06
-4.46534e-06
-4.43193e-06
-4.38849e-06
-4.33765e-06
-4.28265e-06
-4.22714e-06
-4.17498e-06
-4.13011e-06
-4.09642e-06
-4.07783e-06
-4.07838e-06
-4.1025e-06
-4.15545e-06
-4.24328e-06
-4.37342e-06
-4.55264e-06
-4.78479e-06
-5.06545e-06
-5.35544e-06
-5.59189e-06
-5.73041e-06
-5.7352e-06
-5.61609e-06
-5.39557e-06
-5.0961e-06
-4.74039e-06
-4.35459e-06
-3.96709e-06
-3.60607e-06
-3.29711e-06
-3.06132e-06
-2.91427e-06
-2.86562e-06
-2.91975e-06
-3.07525e-06
-3.32603e-06
-3.66228e-06
-4.07171e-06
-4.54067e-06
-5.05525e-06
-5.60181e-06
-3.93814e-06
-3.97996e-06
-4.01184e-06
-4.03385e-06
-4.04611e-06
-4.04922e-06
-4.04444e-06
-4.03363e-06
-4.0192e-06
-4.00395e-06
-3.99101e-06
-3.98372e-06
-3.98565e-06
-4.00044e-06
-4.0321e-06
-4.08467e-06
-4.16307e-06
-4.27201e-06
-4.41771e-06
-4.60407e-06
-4.83254e-06
-5.09725e-06
-5.36491e-06
-5.58391e-06
-5.716e-06
-5.74391e-06
-5.67814e-06
-5.53742e-06
-5.33989e-06
-5.10429e-06
-4.85129e-06
-4.60258e-06
-4.37921e-06
-4.19987e-06
-4.07962e-06
-4.02898e-06
-4.05389e-06
-4.1574e-06
-4.33819e-06
-4.59158e-06
-4.91049e-06
-5.28622e-06
-5.70917e-06
-6.16951e-06
-6.65742e-06
-3.34606e-06
-3.41619e-06
-3.4781e-06
-3.53217e-06
-3.57882e-06
-3.61867e-06
-3.65274e-06
-3.68244e-06
-3.70958e-06
-3.73635e-06
-3.76523e-06
-3.799e-06
-3.84069e-06
-3.89354e-06
-3.96103e-06
-4.04689e-06
-4.15508e-06
-4.28971e-06
-4.45474e-06
-4.653e-06
-4.88432e-06
-5.14391e-06
-5.40004e-06
-5.60951e-06
-5.75057e-06
-5.81834e-06
-5.81923e-06
-5.76549e-06
-5.67096e-06
-5.55069e-06
-5.42062e-06
-5.29677e-06
-5.19417e-06
-5.12598e-06
-5.10268e-06
-5.13169e-06
-5.21746e-06
-5.36154e-06
-5.56287e-06
-5.81832e-06
-6.12321e-06
-6.47173e-06
-6.85739e-06
-7.27342e-06
-7.71291e-06
-2.69902e-06
-2.80048e-06
-2.89512e-06
-2.98347e-06
-3.06622e-06
-3.14414e-06
-3.21817e-06
-3.28947e-06
-3.35948e-06
-3.42991e-06
-3.50274e-06
-3.58022e-06
-3.66485e-06
-3.75934e-06
-3.86658e-06
-3.98965e-06
-4.13172e-06
-4.29593e-06
-4.48499e-06
-4.70069e-06
-4.94263e-06
-5.2064e-06
-5.46405e-06
-5.68205e-06
-5.85046e-06
-5.96936e-06
-6.04216e-06
-6.07583e-06
-6.08008e-06
-6.06624e-06
-6.04614e-06
-6.03125e-06
-6.03197e-06
-6.05714e-06
-6.11388e-06
-6.20781e-06
-6.3427e-06
-6.51927e-06
-6.73695e-06
-6.99401e-06
-7.28766e-06
-7.61432e-06
-7.9698e-06
-8.34959e-06
-8.74897e-06
-2.00634e-06
-2.14115e-06
-2.27064e-06
-2.39529e-06
-2.51594e-06
-2.63349e-06
-2.74886e-06
-2.86308e-06
-2.97729e-06
-3.09287e-06
-3.21139e-06
-3.33463e-06
-3.46457e-06
-3.60336e-06
-3.75329e-06
-3.91674e-06
-4.09611e-06
-4.29371e-06
-4.51148e-06
-4.75064e-06
-5.01096e-06
-5.28967e-06
-5.56428e-06
-5.80903e-06
-6.01838e-06
-6.1936e-06
-6.33688e-06
-6.45245e-06
-6.54668e-06
-6.62736e-06
-6.70271e-06
-6.78066e-06
-6.8683e-06
-6.97168e-06
-7.09547e-06
-7.24292e-06
-7.41663e-06
-7.61839e-06
-7.84869e-06
-8.10689e-06
-8.39153e-06
-8.70057e-06
-9.03152e-06
-9.38157e-06
-9.74765e-06
-1.35445e-06
-1.52349e-06
-1.68819e-06
-1.84914e-06
-2.00723e-06
-2.16339e-06
-2.31852e-06
-2.47352e-06
-2.62938e-06
-2.7872e-06
-2.94828e-06
-3.11403e-06
-3.28603e-06
-3.46596e-06
-3.65561e-06
-3.8568e-06
-4.07139e-06
-4.30112e-06
-4.54755e-06
-4.8118e-06
-5.09438e-06
-5.39488e-06
-5.69563e-06
-5.9742e-06
-6.22566e-06
-6.45145e-06
-6.65351e-06
-6.83491e-06
-6.99997e-06
-7.15393e-06
-7.3023e-06
-7.4504e-06
-7.60299e-06
-7.76408e-06
-7.93706e-06
-8.12486e-06
-8.3297e-06
-8.55279e-06
-8.79475e-06
-9.05562e-06
-9.33493e-06
-9.63176e-06
-9.94478e-06
-1.02724e-05
-1.06128e-05
-8.1878e-07
-1.01818e-06
-1.21416e-06
-1.40723e-06
-1.5982e-06
-1.7879e-06
-1.97715e-06
-2.16676e-06
-2.35758e-06
-2.55057e-06
-2.7468e-06
-2.94743e-06
-3.15375e-06
-3.36711e-06
-3.58896e-06
-3.82077e-06
-4.06406e-06
-4.3203e-06
-4.59094e-06
-4.87729e-06
-5.18059e-06
-5.50204e-06
-5.82635e-06
-6.13249e-06
-6.41585e-06
-6.67809e-06
-6.92118e-06
-7.1477e-06
-7.36089e-06
-7.56442e-06
-7.76212e-06
-7.95767e-06
-8.15446e-06
-8.35554e-06
-8.56367e-06
-8.78112e-06
-9.00943e-06
-9.24959e-06
-9.50223e-06
-9.7677e-06
-1.0046e-05
-1.03368e-05
-1.06395e-05
-1.09532e-05
-1.1277e-05
-4.25364e-07
-6.49635e-07
-8.71032e-07
-1.09008e-06
-1.30748e-06
-1.52397e-06
-1.74024e-06
-1.95699e-06
-2.17498e-06
-2.39501e-06
-2.61799e-06
-2.84492e-06
-3.07687e-06
-3.31498e-06
-3.56045e-06
-3.81455e-06
-4.07859e-06
-4.35395e-06
-4.64204e-06
-4.94435e-06
-5.26251e-06
-5.59829e-06
-5.93775e-06
-6.26124e-06
-6.56464e-06
-6.84984e-06
-7.11884e-06
-7.37393e-06
-7.6177e-06
-7.85292e-06
-8.08239e-06
-8.30881e-06
-8.53471e-06
-8.76239e-06
-8.99388e-06
-9.23081e-06
-9.47458e-06
-9.72618e-06
-9.9863e-06
-1.02554e-05
-1.05337e-05
-1.08212e-05
-1.11177e-05
-1.14227e-05
-1.17357e-05
-1.39128e-07
-3.84195e-07
-6.26711e-07
-8.67147e-07
-1.10612e-06
-1.34424e-06
-1.58211e-06
-1.82032e-06
-2.05951e-06
-2.3004e-06
-2.54377e-06
-2.79045e-06
-3.04139e-06
-3.29755e-06
-3.55998e-06
-3.8298e-06
-4.10821e-06
-4.39648e-06
-4.69602e-06
-5.00833e-06
-5.33515e-06
-5.67831e-06
-6.02505e-06
-6.35739e-06
-6.67184e-06
-6.97041e-06
-7.25505e-06
-7.52778e-06
-7.79076e-06
-8.04614e-06
-8.29609e-06
-8.54267e-06
-8.78782e-06
-9.03328e-06
-9.2806e-06
-9.53116e-06
-9.78616e-06
-1.00465e-05
-1.03129e-05
-1.05859e-05
-1.08657e-05
-1.11525e-05
-1.14463e-05
-1.17469e-05
-1.2054e-05
6.33955e-08
-1.99035e-07
-4.5902e-07
-7.1698e-07
-9.73441e-07
-1.22892e-06
-1.48391e-06
-1.73893e-06
-1.99452e-06
-2.25131e-06
-2.50998e-06
-2.77126e-06
-3.03596e-06
-3.30492e-06
-3.5791e-06
-3.85947e-06
-4.14714e-06
-4.4433e-06
-4.74929e-06
-5.06655e-06
-5.39674e-06
-5.74163e-06
-6.08965e-06
-6.42474e-06
-6.74401e-06
-7.04942e-06
-7.34278e-06
-7.62586e-06
-7.90049e-06
-8.16844e-06
-8.43143e-06
-8.69111e-06
-8.94901e-06
-9.20655e-06
-9.46495e-06
-9.72533e-06
-9.98878e-06
-1.02561e-05
-1.05279e-05
-1.08048e-05
-1.1087e-05
-1.13747e-05
-1.16682e-05
-1.19673e-05
-1.22718e-05
2.02892e-07
-7.3932e-08
-3.48267e-07
-6.20489e-07
-8.91042e-07
-1.16035e-06
-1.42883e-06
-1.69691e-06
-1.96509e-06
-2.23388e-06
-2.50391e-06
-2.7758e-06
-3.05027e-06
-3.32807e-06
-3.61004e-06
-3.89708e-06
-4.19019e-06
-4.49047e-06
-4.79915e-06
-5.11758e-06
-5.44732e-06
-5.78998e-06
-6.13526e-06
-6.46906e-06
-6.789e-06
-7.09689e-06
-7.39432e-06
-7.68288e-06
-7.96413e-06
-8.23958e-06
-8.51068e-06
-8.77876e-06
-9.04507e-06
-9.31082e-06
-9.57705e-06
-9.84465e-06
-1.01146e-05
-1.03875e-05
-1.0664e-05
-1.09446e-05
-1.12297e-05
-1.15194e-05
-1.1814e-05
-1.21135e-05
-1.24179e-05
2.96627e-07
7.86743e-09
-2.78261e-07
-5.62092e-07
-8.43997e-07
-1.12432e-06
-1.4034e-06
-1.68162e-06
-1.95941e-06
-2.23723e-06
-2.51561e-06
-2.79512e-06
-3.0764e-06
-3.36011e-06
-3.64701e-06
-3.93791e-06
-4.23373e-06
-4.53545e-06
-4.84424e-06
-5.16128e-06
-5.48807e-06
-5.82601e-06
-6.16606e-06
-6.49607e-06
-6.81404e-06
-7.12153e-06
-7.41997e-06
-7.71078e-06
-7.99534e-06
-8.27497e-06
-8.55089e-06
-8.82423e-06
-9.09604e-06
-9.36731e-06
-9.63896e-06
-9.91206e-06
-1.0187e-05
-1.04645e-05
-1.07451e-05
-1.10293e-05
-1.13174e-05
-1.16098e-05
-1.19066e-05
-1.22078e-05
-1.25135e-05
3.57884e-07
5.91903e-08
-2.36664e-07
-5.29974e-07
-8.21043e-07
-1.11015e-06
-1.39758e-06
-1.68367e-06
-1.96879e-06
-2.25337e-06
-2.53787e-06
-2.8228e-06
-3.10872e-06
-3.39624e-06
-3.68604e-06
-3.97885e-06
-4.27552e-06
-4.57692e-06
-4.88413e-06
-5.19822e-06
-5.52056e-06
-5.85239e-06
-6.18585e-06
-6.51062e-06
-6.82501e-06
-7.13033e-06
-7.42784e-06
-7.71885e-06
-8.00461e-06
-8.28625e-06
-8.56483e-06
-8.84135e-06
-9.11673e-06
-9.39181e-06
-9.66741e-06
-9.94443e-06
-1.02233e-05
-1.05045e-05
-1.07887e-05
-1.10763e-05
-1.13676e-05
-1.1663e-05
-1.19625e-05
-1.22663e-05
-1.25744e-05
3.96589e-07
8.95924e-08
-2.14318e-07
-5.15401e-07
-8.13898e-07
-1.11004e-06
-1.40407e-06
-1.69629e-06
-1.98703e-06
-2.27668e-06
-2.56564e-06
-2.85438e-06
-3.14341e-06
-3.43327e-06
-3.72458e-06
-4.01801e-06
-4.31432e-06
-4.61431e-06
-4.91896e-06
-5.22921e-06
-5.54636e-06
-5.87145e-06
-6.19774e-06
-6.51659e-06
-6.82653e-06
-7.12865e-06
-7.4241e-06
-7.71408e-06
-7.99971e-06
-8.28199e-06
-8.56186e-06
-8.84018e-06
-9.1178e-06
-9.39549e-06
-9.67392e-06
-9.95388e-06
-1.02358e-05
-1.05202e-05
-1.08075e-05
-1.10983e-05
-1.13927e-05
-1.16912e-05
-1.19937e-05
-1.23006e-05
-1.26119e-05
4.2002e-07
1.06046e-07
-2.0458e-07
-5.12076e-07
-8.16636e-07
-1.11845e-06
-1.41774e-06
-1.71477e-06
-2.00986e-06
-2.30332e-06
-2.59556e-06
-2.88697e-06
-3.17803e-06
-3.46924e-06
-3.76115e-06
-4.05438e-06
-4.34962e-06
-4.64758e-06
-4.94917e-06
-5.25521e-06
-5.56691e-06
-5.88513e-06
-6.20418e-06
-6.51692e-06
-6.82205e-06
-7.12047e-06
-7.41328e-06
-7.70155e-06
-7.98628e-06
-8.26837e-06
-8.54864e-06
-8.8279e-06
-9.10686e-06
-9.38621e-06
-9.66679e-06
-9.94904e-06
-1.02334e-05
-1.05205e-05
-1.08106e-05
-1.11042e-05
-1.14017e-05
-1.17032e-05
-1.2009e-05
-1.23191e-05
-1.26338e-05
4.33378e-07
1.13496e-07
-2.02772e-07
-5.15608e-07
-8.25165e-07
-1.13161e-06
-1.43514e-06
-1.736e-06
-2.03447e-06
-2.33086e-06
-2.62551e-06
-2.91881e-06
-3.21117e-06
-3.50307e-06
-3.79502e-06
-4.08757e-06
-4.38134e-06
-4.677e-06
-4.97534e-06
-5.27712e-06
-5.58343e-06
-5.89498e-06
-6.20704e-06
-6.5138e-06
-6.81408e-06
-7.10868e-06
-7.39861e-06
-7.68484e-06
-7.96825e-06
-8.24966e-06
-8.52982e-06
-8.80946e-06
-9.08922e-06
-9.36972e-06
-9.65179e-06
-9.93585e-06
-1.02223e-05
-1.05115e-05
-1.08041e-05
-1.11004e-05
-1.14006e-05
-1.17051e-05
-1.2014e-05
-1.23275e-05
-1.26456e-05
4.40266e-07
1.15338e-07
-2.05715e-07
-5.23041e-07
-8.36763e-07
-1.14703e-06
-1.45403e-06
-1.75798e-06
-2.05914e-06
-2.3578e-06
-2.65427e-06
-2.9489e-06
-3.2421e-06
-3.53429e-06
-3.82594e-06
-4.11754e-06
-4.40969e-06
-4.70296e-06
-4.9981e-06
-5.29575e-06
-5.59693e-06
-5.90219e-06
-6.20769e-06
-6.50877e-06
-6.80439e-06
-7.09525e-06
-7.38229e-06
-7.66636e-06
-7.94827e-06
-8.22874e-06
-8.50849e-06
-8.78816e-06
-9.06839e-06
-9.34963e-06
-9.63279e-06
-9.91829e-06
-1.02064e-05
-1.04975e-05
-1.07923e-05
-1.10909e-05
-1.13937e-05
-1.1701e-05
-1.20129e-05
-1.23296e-05
-1.26511e-05
4.43109e-07
1.13833e-07
-2.11316e-07
-5.32458e-07
-8.49698e-07
-1.16317e-06
-1.47305e-06
-1.77954e-06
-2.08288e-06
-2.38333e-06
-2.6812e-06
-2.97681e-06
-3.27053e-06
-3.56275e-06
-3.85392e-06
-4.14448e-06
-4.43497e-06
-4.72592e-06
-5.018e-06
-5.31177e-06
-5.60817e-06
-5.90763e-06
-6.20709e-06
-6.5029e-06
-6.79414e-06
-7.08146e-06
-7.36571e-06
-7.64766e-06
-7.92801e-06
-8.20745e-06
-8.48661e-06
-8.76612e-06
-9.04646e-06
-9.32829e-06
-9.61228e-06
-9.89896e-06
-1.01884e-05
-1.04812e-05
-1.07778e-05
-1.10785e-05
-1.13837e-05
-1.16935e-05
-1.20082e-05
-1.23279e-05
-1.26527e-05
4.43494e-07
1.10443e-07
-2.18245e-07
-5.42667e-07
-8.62912e-07
-1.17911e-06
-1.49141e-06
-1.80002e-06
-2.10516e-06
-2.40707e-06
-2.70604e-06
-3.00237e-06
-3.29642e-06
-3.58854e-06
-3.87913e-06
-4.16864e-06
-4.45753e-06
-4.74628e-06
-5.03551e-06
-5.32571e-06
-5.61773e-06
-5.9119e-06
-6.20586e-06
-6.49684e-06
-6.78405e-06
-7.0681e-06
-7.34974e-06
-7.62965e-06
-7.90848e-06
-8.18687e-06
-8.46538e-06
-8.74463e-06
-9.02507e-06
-9.30707e-06
-9.59183e-06
-9.87946e-06
-1.017e-05
-1.04642e-05
-1.07625e-05
-1.10651e-05
-1.13723e-05
-1.16845e-05
-1.20017e-05
-1.23242e-05
-1.2652e-05
4.42435e-07
1.06083e-07
-2.25687e-07
-5.52952e-07
-8.75793e-07
-1.19433e-06
-1.50871e-06
-1.81912e-06
-2.12576e-06
-2.42887e-06
-2.72873e-06
-3.02562e-06
-3.31986e-06
-3.6118e-06
-3.90181e-06
-4.19029e-06
-4.47768e-06
-4.7644e-06
-5.05102e-06
-5.33797e-06
-5.62602e-06
-5.91541e-06
-6.20439e-06
-6.49098e-06
-6.77454e-06
-7.0556e-06
-7.33483e-06
-7.61285e-06
-7.89024e-06
-8.16759e-06
-8.44544e-06
-8.72439e-06
-9.00469e-06
-9.28689e-06
-9.57235e-06
-9.86067e-06
-1.01522e-05
-1.04476e-05
-1.07472e-05
-1.10515e-05
-1.13606e-05
-1.16748e-05
-1.19944e-05
-1.23194e-05
-1.26499e-05
4.40576e-07
1.01324e-07
-2.33144e-07
-5.6289e-07
-8.87989e-07
-1.20855e-06
-1.52472e-06
-1.83667e-06
-2.14459e-06
-2.44872e-06
-2.74931e-06
-3.04664e-06
-3.341e-06
-3.63272e-06
-3.92216e-06
-4.20968e-06
-4.49567e-06
-4.78055e-06
-5.06481e-06
-5.34882e-06
-5.6333e-06
-5.9184e-06
-6.20291e-06
-6.48556e-06
-6.76582e-06
-7.04416e-06
-7.3212e-06
-7.59748e-06
-7.87355e-06
-8.14992e-06
-8.42712e-06
-8.70572e-06
-8.98574e-06
-9.26832e-06
-9.55422e-06
-9.84306e-06
-1.01354e-05
-1.04318e-05
-1.07327e-05
-1.10384e-05
-1.13491e-05
-1.16652e-05
-1.19868e-05
-1.23141e-05
-1.26471e-05
4.38316e-07
9.65178e-08
-2.40311e-07
-5.72225e-07
-8.99292e-07
-1.22162e-06
-1.53933e-06
-1.85261e-06
-2.16163e-06
-2.46662e-06
-2.76782e-06
-3.06549e-06
-3.35993e-06
-3.65143e-06
-3.94032e-06
-4.22695e-06
-4.5117e-06
-4.79491e-06
-5.07705e-06
-5.35844e-06
-5.63974e-06
-5.92101e-06
-6.20153e-06
-6.48065e-06
-6.75797e-06
-7.03389e-06
-7.30896e-06
-7.58367e-06
-7.85852e-06
-8.13399e-06
-8.41057e-06
-8.68877e-06
-8.96865e-06
-9.25149e-06
-9.53763e-06
-9.82694e-06
-1.012e-05
-1.04173e-05
-1.07192e-05
-1.10262e-05
-1.13383e-05
-1.1656e-05
-1.19795e-05
-1.23087e-05
-1.26439e-05
4.35853e-07
9.17972e-08
-2.47116e-07
-5.80937e-07
-9.09729e-07
-1.23359e-06
-1.55266e-06
-1.86708e-06
-2.17705e-06
-2.48278e-06
-2.78449e-06
-3.08245e-06
-3.37692e-06
-3.6682e-06
-3.9566e-06
-4.24242e-06
-4.52603e-06
-4.80775e-06
-5.08799e-06
-5.36705e-06
-5.64551e-06
-5.92337e-06
-6.20029e-06
-6.47624e-06
-6.75094e-06
-7.0247e-06
-7.298e-06
-7.57129e-06
-7.84504e-06
-8.11969e-06
-8.39571e-06
-8.67354e-06
-8.95334e-06
-9.23623e-06
-9.52256e-06
-9.81229e-06
-1.01059e-05
-1.0404e-05
-1.07069e-05
-1.10149e-05
-1.13283e-05
-1.16474e-05
-1.19724e-05
-1.23035e-05
-1.26406e-05
4.33163e-07
8.69887e-08
-2.53874e-07
-5.89473e-07
-9.1987e-07
-1.24516e-06
-1.56547e-06
-1.88095e-06
-2.19179e-06
-2.49818e-06
-2.80036e-06
-3.09856e-06
-3.39305e-06
-3.6841e-06
-3.972e-06
-4.25705e-06
-4.53958e-06
-4.81989e-06
-5.09835e-06
-5.37521e-06
-5.651e-06
-5.92563e-06
-6.19913e-06
-6.47209e-06
-6.74432e-06
-7.01605e-06
-7.28768e-06
-7.55962e-06
-7.83231e-06
-8.10618e-06
-8.38164e-06
-8.65912e-06
-8.93879e-06
-9.22168e-06
-9.5082e-06
-9.7983e-06
-1.00925e-05
-1.03912e-05
-1.06949e-05
-1.10039e-05
-1.13184e-05
-1.16389e-05
-1.19654e-05
-1.22981e-05
-1.26371e-05
4.30449e-07
8.22507e-08
-2.60499e-07
-5.97837e-07
-9.29813e-07
-1.25652e-06
-1.57806e-06
-1.8946e-06
-2.2063e-06
-2.51336e-06
-2.81599e-06
-3.11443e-06
-3.40893e-06
-3.69974e-06
-3.98715e-06
-4.27143e-06
-4.55287e-06
-4.83175e-06
-5.10841e-06
-5.38308e-06
-5.65625e-06
-5.92776e-06
-6.19812e-06
-6.46823e-06
-6.73799e-06
-7.00763e-06
-7.27761e-06
-7.54822e-06
-7.81986e-06
-8.09293e-06
-8.36781e-06
-8.64492e-06
-8.92443e-06
-9.20732e-06
-9.49401e-06
-9.78446e-06
-1.00791e-05
-1.03785e-05
-1.0683e-05
-1.0993e-05
-1.13087e-05
-1.16305e-05
-1.19585e-05
-1.22928e-05
-1.26335e-05
-4.43831e-06
-9.96304e-06
-1.06648e-05
-1.10901e-05
-1.17262e-05
-1.25011e-05
-1.33827e-05
-1.43525e-05
-1.54005e-05
-1.65235e-05
-1.77222e-05
-1.90001e-05
-2.03643e-05
-2.18273e-05
-2.34081e-05
-1.90556e-06
-7.14217e-06
-9.13046e-06
-1.03065e-05
-1.13067e-05
-1.22606e-05
-1.32376e-05
-1.42626e-05
-1.53442e-05
-1.64881e-05
-1.76994e-05
-1.89845e-05
-2.03522e-05
-2.1816e-05
-2.33954e-05
-3.9823e-07
-5.26961e-06
-7.94202e-06
-9.60434e-06
-1.08931e-05
-1.20159e-05
-1.30896e-05
-1.41719e-05
-1.52883e-05
-1.64534e-05
-1.76775e-05
-1.89697e-05
-2.03406e-05
-2.18047e-05
-2.33822e-05
1.62281e-07
-4.10155e-06
-6.99933e-06
-8.97066e-06
-1.04879e-05
-1.17676e-05
-1.29397e-05
-1.40816e-05
-1.52343e-05
-1.64213e-05
-1.7658e-05
-1.8957e-05
-2.03304e-05
-2.17942e-05
-2.33691e-05
2.92547e-07
-3.21631e-06
-6.11193e-06
-8.30608e-06
-1.00346e-05
-1.1478e-05
-1.27622e-05
-1.39755e-05
-1.51721e-05
-1.63854e-05
-1.76372e-05
-1.89438e-05
-2.03201e-05
-2.17832e-05
-2.33547e-05
2.95208e-07
-2.62119e-06
-5.33498e-06
-7.62517e-06
-9.52242e-06
-1.11262e-05
-1.25357e-05
-1.38361e-05
-1.50894e-05
-1.63376e-05
-1.76096e-05
-1.89268e-05
-2.03072e-05
-2.17699e-05
-2.33377e-05
1.49846e-07
-2.29034e-06
-4.74057e-06
-6.99817e-06
-8.98589e-06
-1.07188e-05
-1.22514e-05
-1.36496e-05
-1.49726e-05
-1.62669e-05
-1.75673e-05
-1.89002e-05
-2.02876e-05
-2.17513e-05
-2.33156e-05
-1.61175e-07
-2.20746e-06
-4.36871e-06
-6.49698e-06
-8.4848e-06
-1.029e-05
-1.19207e-05
-1.34129e-05
-1.48123e-05
-1.61625e-05
-1.75003e-05
-1.88559e-05
-2.0255e-05
-2.17224e-05
-2.32842e-05
-6.14608e-07
-2.34023e-06
-4.22307e-06
-6.16807e-06
-8.07908e-06
-9.89016e-06
-1.15751e-05
-1.31399e-05
-1.46101e-05
-1.60192e-05
-1.74006e-05
-1.87854e-05
-2.02016e-05
-2.16763e-05
-2.32377e-05
-1.18423e-06
-2.65086e-06
-4.28374e-06
-6.02716e-06
-7.81017e-06
-9.56744e-06
-1.12557e-05
-1.28583e-05
-1.43803e-05
-1.58408e-05
-1.72658e-05
-1.8683e-05
-2.01201e-05
-2.16055e-05
-2.31685e-05
-1.84904e-06
-3.10569e-06
-4.52178e-06
-6.06747e-06
-7.69641e-06
-9.35592e-06
-1.10004e-05
-1.26006e-05
-1.41457e-05
-1.56406e-05
-1.71007e-05
-1.85476e-05
-2.00062e-05
-2.15035e-05
-2.30693e-05
-2.5942e-06
-3.67882e-06
-4.9093e-06
-6.27168e-06
-7.73868e-06
-9.27328e-06
-1.08366e-05
-1.23961e-05
-1.39317e-05
-1.54366e-05
-1.69159e-05
-1.83835e-05
-1.98587e-05
-2.13659e-05
-2.2933e-05
-3.40931e-06
-4.35135e-06
-5.42323e-06
-6.62036e-06
-7.92857e-06
-9.32482e-06
-1.07805e-05
-1.22668e-05
-1.37606e-05
-1.52478e-05
-1.6725e-05
-1.81979e-05
-1.96798e-05
-2.11903e-05
-2.27539e-05
-4.28555e-06
-5.10827e-06
-6.04451e-06
-7.09484e-06
-8.25349e-06
-9.50799e-06
-1.084e-05
-1.22279e-05
-1.36507e-05
-1.50917e-05
-1.65418e-05
-1.80001e-05
-1.94734e-05
-2.09756e-05
-2.25268e-05
-5.21319e-06
-5.93552e-06
-6.75568e-06
-7.67687e-06
-8.69825e-06
-9.81454e-06
-1.10158e-05
-1.22882e-05
-1.36158e-05
-1.49836e-05
-1.63801e-05
-1.78e-05
-1.92447e-05
-2.07223e-05
-2.22476e-05
-6.18029e-06
-6.81798e-06
-7.5389e-06
-8.34733e-06
-9.24503e-06
-1.02311e-05
-1.13017e-05
-1.24494e-05
-1.36644e-05
-1.49355e-05
-1.62526e-05
-1.76083e-05
-1.90006e-05
-2.04326e-05
-2.19134e-05
-7.17347e-06
-7.73967e-06
-8.37575e-06
-9.08615e-06
-9.87375e-06
-1.074e-05
-1.16848e-05
-1.27056e-05
-1.37977e-05
-1.49548e-05
-1.61696e-05
-1.74358e-05
-1.87498e-05
-2.01115e-05
-2.15251e-05
-8.1768e-06
-8.68257e-06
-9.24611e-06
-9.87145e-06
-1.05617e-05
-1.13195e-05
-1.21464e-05
-1.30432e-05
-1.40089e-05
-1.50411e-05
-1.61365e-05
-1.7291e-05
-1.85018e-05
-1.97672e-05
-2.10882e-05
-9.16914e-06
-9.62378e-06
-1.01253e-05
-1.0677e-05
-1.12818e-05
-1.19423e-05
-1.26612e-05
-1.34405e-05
-1.42817e-05
-1.51854e-05
-1.61512e-05
-1.71781e-05
-1.82648e-05
-1.94103e-05
-2.0614e-05
-1.0131e-05
-1.05421e-05
-1.099e-05
-1.14776e-05
-1.20071e-05
-1.25811e-05
-1.32021e-05
-1.38728e-05
-1.45957e-05
-1.5373e-05
-1.62064e-05
-1.70973e-05
-1.80465e-05
-1.90543e-05
-2.01203e-05
-1.09674e-05
-1.13443e-05
-1.17499e-05
-1.21861e-05
-1.26548e-05
-1.31579e-05
-1.36978e-05
-1.42771e-05
-1.48984e-05
-1.55644e-05
-1.6278e-05
-1.70417e-05
-1.7858e-05
-1.87286e-05
-1.96547e-05
-1.16122e-05
-1.1965e-05
-1.234e-05
-1.27386e-05
-1.31623e-05
-1.36129e-05
-1.40923e-05
-1.46028e-05
-1.51468e-05
-1.57271e-05
-1.63466e-05
-1.70085e-05
-1.77158e-05
-1.84717e-05
-1.92785e-05
-1.20581e-05
-1.23948e-05
-1.27493e-05
-1.31227e-05
-1.35161e-05
-1.39311e-05
-1.43693e-05
-1.48326e-05
-1.53231e-05
-1.58434e-05
-1.63964e-05
-1.6985e-05
-1.76129e-05
-1.82833e-05
-1.89998e-05
-1.2369e-05
-1.26959e-05
-1.30374e-05
-1.33943e-05
-1.37676e-05
-1.41587e-05
-1.45689e-05
-1.49998e-05
-1.54534e-05
-1.59318e-05
-1.64376e-05
-1.69739e-05
-1.75439e-05
-1.81512e-05
-1.87995e-05
-1.25832e-05
-1.29046e-05
-1.32383e-05
-1.35849e-05
-1.39455e-05
-1.4321e-05
-1.47126e-05
-1.51217e-05
-1.555e-05
-1.59994e-05
-1.64723e-05
-1.69713e-05
-1.74995e-05
-1.80605e-05
-1.86578e-05
-1.27282e-05
-1.30474e-05
-1.33771e-05
-1.37181e-05
-1.4071e-05
-1.44369e-05
-1.48167e-05
-1.52116e-05
-1.56231e-05
-1.60528e-05
-1.65028e-05
-1.69755e-05
-1.74736e-05
-1.80004e-05
-1.85592e-05
-1.28248e-05
-1.31439e-05
-1.34725e-05
-1.3811e-05
-1.41601e-05
-1.45207e-05
-1.48935e-05
-1.52796e-05
-1.56802e-05
-1.60967e-05
-1.6531e-05
-1.69851e-05
-1.74614e-05
-1.79627e-05
-1.84921e-05
-1.28879e-05
-1.32086e-05
-1.35379e-05
-1.38762e-05
-1.42241e-05
-1.45823e-05
-1.49515e-05
-1.53325e-05
-1.57264e-05
-1.61343e-05
-1.65578e-05
-1.69987e-05
-1.7459e-05
-1.79411e-05
-1.84477e-05
-1.29283e-05
-1.32516e-05
-1.35828e-05
-1.39224e-05
-1.42709e-05
-1.46288e-05
-1.49966e-05
-1.5375e-05
-1.5765e-05
-1.61674e-05
-1.65837e-05
-1.70151e-05
-1.74634e-05
-1.79307e-05
-1.84191e-05
-1.29536e-05
-1.32801e-05
-1.3614e-05
-1.39558e-05
-1.43059e-05
-1.46647e-05
-1.50326e-05
-1.54102e-05
-1.57981e-05
-1.61972e-05
-1.66084e-05
-1.70329e-05
-1.74722e-05
-1.79278e-05
-1.84015e-05
-1.2969e-05
-1.32989e-05
-1.36359e-05
-1.39805e-05
-1.43328e-05
-1.46933e-05
-1.50621e-05
-1.54399e-05
-1.5827e-05
-1.6224e-05
-1.66318e-05
-1.70513e-05
-1.74834e-05
-1.79297e-05
-1.83913e-05
-1.29781e-05
-1.33114e-05
-1.36516e-05
-1.39991e-05
-1.4354e-05
-1.47165e-05
-1.50869e-05
-1.54654e-05
-1.58524e-05
-1.62484e-05
-1.66538e-05
-1.70693e-05
-1.74958e-05
-1.79344e-05
-1.83858e-05
-1.29831e-05
-1.33197e-05
-1.36631e-05
-1.40135e-05
-1.43711e-05
-1.47358e-05
-1.51079e-05
-1.54875e-05
-1.58749e-05
-1.62702e-05
-1.66739e-05
-1.70865e-05
-1.75084e-05
-1.79405e-05
-1.83833e-05
-1.29855e-05
-1.33253e-05
-1.36717e-05
-1.40249e-05
-1.4385e-05
-1.4752e-05
-1.51259e-05
-1.55067e-05
-1.58947e-05
-1.62898e-05
-1.66923e-05
-1.71024e-05
-1.75205e-05
-1.79471e-05
-1.83825e-05
-1.29863e-05
-1.3329e-05
-1.36782e-05
-1.40341e-05
-1.43966e-05
-1.47657e-05
-1.51413e-05
-1.55234e-05
-1.59121e-05
-1.63071e-05
-1.67087e-05
-1.71169e-05
-1.75317e-05
-1.79536e-05
-1.83826e-05
-1.29861e-05
-1.33314e-05
-1.36832e-05
-1.40415e-05
-1.44062e-05
-1.47773e-05
-1.51546e-05
-1.5538e-05
-1.59273e-05
-1.63224e-05
-1.67233e-05
-1.71298e-05
-1.7542e-05
-1.79598e-05
-1.83832e-05
-1.29853e-05
-1.33329e-05
-1.3687e-05
-1.40475e-05
-1.44142e-05
-1.47871e-05
-1.51659e-05
-1.55505e-05
-1.59405e-05
-1.63358e-05
-1.67361e-05
-1.71413e-05
-1.75511e-05
-1.79654e-05
-1.83839e-05
-1.2984e-05
-1.33338e-05
-1.369e-05
-1.40524e-05
-1.4421e-05
-1.47956e-05
-1.51758e-05
-1.55614e-05
-1.59521e-05
-1.63476e-05
-1.67475e-05
-1.71515e-05
-1.75592e-05
-1.79705e-05
-1.83847e-05
-1.29825e-05
-1.33343e-05
-1.36924e-05
-1.40567e-05
-1.44271e-05
-1.48032e-05
-1.51848e-05
-1.55714e-05
-1.59628e-05
-1.63585e-05
-1.6758e-05
-1.71609e-05
-1.75668e-05
-1.79752e-05
-1.83854e-05
-1.29808e-05
-1.33344e-05
-1.36943e-05
-1.40604e-05
-1.44325e-05
-1.48101e-05
-1.5193e-05
-1.55807e-05
-1.59727e-05
-1.63686e-05
-1.67678e-05
-1.71698e-05
-1.75739e-05
-1.79797e-05
-1.83861e-05
-4.19714e-06
-4.19681e-06
-4.20067e-06
-4.20801e-06
-4.2182e-06
-4.23056e-06
-4.24486e-06
-4.2609e-06
-4.27863e-06
-4.29807e-06
-4.31935e-06
-4.34258e-06
-4.36791e-06
-4.39541e-06
-4.42506e-06
-4.45672e-06
-4.49004e-06
-4.52444e-06
-4.55889e-06
-4.59183e-06
-4.62109e-06
-4.64377e-06
-4.65414e-06
-4.64531e-06
-4.61194e-06
-4.54911e-06
-4.45235e-06
-4.31868e-06
-4.14772e-06
-3.9423e-06
-3.70416e-06
-3.4388e-06
-3.16333e-06
-2.89388e-06
-2.64623e-06
-2.43464e-06
-2.27156e-06
-2.16489e-06
-2.11552e-06
-2.117e-06
-2.15645e-06
-2.21689e-06
-2.28192e-06
-2.32987e-06
-2.34979e-06
-4.19165e-06
-4.19203e-06
-4.19519e-06
-4.20052e-06
-4.20757e-06
-4.21627e-06
-4.22638e-06
-4.23781e-06
-4.25052e-06
-4.26457e-06
-4.28003e-06
-4.29699e-06
-4.31555e-06
-4.3358e-06
-4.35779e-06
-4.38149e-06
-4.40674e-06
-4.43316e-06
-4.46002e-06
-4.48603e-06
-4.50919e-06
-4.52647e-06
-4.53204e-06
-4.51984e-06
-4.48526e-06
-4.42391e-06
-4.33198e-06
-4.207e-06
-4.04838e-06
-3.85754e-06
-3.63918e-06
-3.40482e-06
-3.16493e-06
-2.9304e-06
-2.71496e-06
-2.53294e-06
-2.39485e-06
-2.3055e-06
-2.26351e-06
-2.26171e-06
-2.28867e-06
-2.33121e-06
-2.37691e-06
-2.41603e-06
-2.44233e-06
-4.17783e-06
-4.18061e-06
-4.18473e-06
-4.19014e-06
-4.19671e-06
-4.2043e-06
-4.21283e-06
-4.22228e-06
-4.23267e-06
-4.24409e-06
-4.25663e-06
-4.27043e-06
-4.28562e-06
-4.3024e-06
-4.32094e-06
-4.34146e-06
-4.36416e-06
-4.38919e-06
-4.41659e-06
-4.44606e-06
-4.47681e-06
-4.5069e-06
-4.53063e-06
-4.54072e-06
-4.53084e-06
-4.49459e-06
-4.42607e-06
-4.32105e-06
-4.17774e-06
-3.99723e-06
-3.78347e-06
-3.54635e-06
-3.29826e-06
-3.05341e-06
-2.82718e-06
-2.63411e-06
-2.48545e-06
-2.38712e-06
-2.33869e-06
-2.33361e-06
-2.36085e-06
-2.4073e-06
-2.46038e-06
-2.5123e-06
-2.56209e-06
-4.15981e-06
-4.16564e-06
-4.17134e-06
-4.17733e-06
-4.18382e-06
-4.19078e-06
-4.19821e-06
-4.20617e-06
-4.21476e-06
-4.22413e-06
-4.23443e-06
-4.24588e-06
-4.25875e-06
-4.27339e-06
-4.29023e-06
-4.30991e-06
-4.33322e-06
-4.36124e-06
-4.39526e-06
-4.4367e-06
-4.48682e-06
-4.54565e-06
-4.60701e-06
-4.66011e-06
-4.69489e-06
-4.70112e-06
-4.66916e-06
-4.59255e-06
-4.46827e-06
-4.2971e-06
-4.08388e-06
-3.83748e-06
-3.57141e-06
-3.30173e-06
-3.046e-06
-2.82132e-06
-2.64184e-06
-2.51646e-06
-2.44727e-06
-2.4294e-06
-2.4524e-06
-2.50244e-06
-2.56531e-06
-2.63286e-06
-2.70614e-06
-4.14091e-06
-4.15013e-06
-4.1576e-06
-4.16445e-06
-4.17126e-06
-4.17804e-06
-4.18489e-06
-4.19194e-06
-4.19937e-06
-4.20739e-06
-4.21625e-06
-4.22627e-06
-4.23786e-06
-4.25158e-06
-4.26825e-06
-4.28903e-06
-4.31556e-06
-4.35015e-06
-4.39586e-06
-4.4565e-06
-4.53626e-06
-4.63807e-06
-4.75489e-06
-4.86989e-06
-4.96713e-06
-5.03079e-06
-5.04645e-06
-5.00671e-06
-4.90817e-06
-4.75072e-06
-4.53782e-06
-4.27929e-06
-3.98857e-06
-3.68318e-06
-3.38314e-06
-3.10902e-06
-2.87935e-06
-2.70786e-06
-2.60108e-06
-2.55729e-06
-2.56725e-06
-2.61614e-06
-2.68715e-06
-2.77047e-06
-2.86776e-06
-4.12399e-06
-4.13619e-06
-4.14541e-06
-4.15327e-06
-4.16062e-06
-4.16756e-06
-4.17424e-06
-4.18086e-06
-4.18769e-06
-4.195e-06
-4.20313e-06
-4.2125e-06
-4.22369e-06
-4.23752e-06
-4.25521e-06
-4.27855e-06
-4.31016e-06
-4.35384e-06
-4.41481e-06
-4.49979e-06
-4.61655e-06
-4.77167e-06
-4.95693e-06
-5.14683e-06
-5.31718e-06
-5.44561e-06
-5.51733e-06
-5.52303e-06
-5.45663e-06
-5.31962e-06
-5.1107e-06
-4.84045e-06
-4.52307e-06
-4.17698e-06
-3.82416e-06
-3.48871e-06
-3.19432e-06
-2.96093e-06
-2.80124e-06
-2.7183e-06
-2.70518e-06
-2.74637e-06
-2.82205e-06
-2.92005e-06
-3.04215e-06
-4.11057e-06
-4.12539e-06
-4.13624e-06
-4.14511e-06
-4.15311e-06
-4.16039e-06
-4.16714e-06
-4.17365e-06
-4.18023e-06
-4.18723e-06
-4.19505e-06
-4.20423e-06
-4.21551e-06
-4.22998e-06
-4.24924e-06
-4.27575e-06
-4.31318e-06
-4.36693e-06
-4.44458e-06
-4.55613e-06
-4.71327e-06
-4.92662e-06
-5.18655e-06
-5.45648e-06
-5.70298e-06
-5.90299e-06
-6.04071e-06
-6.09965e-06
-6.06965e-06
-5.94827e-06
-5.74464e-06
-5.46618e-06
-5.12566e-06
-4.74108e-06
-4.33535e-06
-3.93534e-06
-3.56963e-06
-3.26484e-06
-3.04106e-06
-2.90775e-06
-2.86175e-06
-2.88785e-06
-2.96352e-06
-3.07408e-06
-3.2212e-06
-4.10176e-06
-4.11884e-06
-4.13113e-06
-4.14096e-06
-4.14963e-06
-4.15733e-06
-4.16429e-06
-4.17083e-06
-4.17732e-06
-4.18417e-06
-4.19185e-06
-4.20098e-06
-4.21244e-06
-4.22755e-06
-4.24829e-06
-4.27775e-06
-4.32063e-06
-4.38391e-06
-4.47764e-06
-4.61525e-06
-4.81254e-06
-5.0841e-06
-5.41962e-06
-5.77104e-06
-6.09663e-06
-6.36787e-06
-6.56199e-06
-6.66364e-06
-6.66591e-06
-6.56739e-06
-6.37401e-06
-6.09303e-06
-5.73638e-06
-5.32104e-06
-4.86958e-06
-4.41022e-06
-3.97523e-06
-3.59735e-06
-3.30443e-06
-3.11346e-06
-3.02669e-06
-3.03075e-06
-3.1013e-06
-3.22152e-06
-3.39286e-06
-4.09816e-06
-4.11715e-06
-4.13071e-06
-4.14144e-06
-4.15076e-06
-4.15888e-06
-4.16605e-06
-4.17264e-06
-4.17905e-06
-4.18572e-06
-4.19318e-06
-4.20211e-06
-4.2135e-06
-4.22885e-06
-4.25048e-06
-4.28203e-06
-4.32913e-06
-4.40029e-06
-4.50791e-06
-4.66898e-06
-4.9034e-06
-5.22873e-06
-5.63555e-06
-6.06303e-06
-6.46013e-06
-6.79262e-06
-7.03568e-06
-7.17521e-06
-7.20598e-06
-7.12743e-06
-6.94491e-06
-6.66551e-06
-6.30004e-06
-5.86375e-06
-5.37776e-06
-4.87001e-06
-4.37465e-06
-3.92906e-06
-3.56835e-06
-3.31736e-06
-3.18507e-06
-3.16157e-06
-3.22216e-06
-3.34862e-06
-3.54227e-06
-4.09995e-06
-4.12064e-06
-4.13534e-06
-4.14688e-06
-4.1568e-06
-4.16528e-06
-4.17259e-06
-4.17912e-06
-4.18531e-06
-4.19161e-06
-4.19857e-06
-4.20693e-06
-4.21775e-06
-4.23265e-06
-4.25423e-06
-4.28658e-06
-4.33616e-06
-4.41285e-06
-4.53122e-06
-4.71181e-06
-4.97862e-06
-5.35047e-06
-5.82092e-06
-6.31543e-06
-6.77339e-06
-7.15635e-06
-7.43876e-06
-7.60768e-06
-7.65945e-06
-7.59563e-06
-7.42202e-06
-7.14585e-06
-6.77686e-06
-6.32836e-06
-5.81924e-06
-5.27584e-06
-4.73236e-06
-4.22891e-06
-3.80678e-06
-3.49792e-06
-3.3187e-06
-3.26415e-06
-3.31073e-06
-3.43985e-06
-3.65304e-06
-4.10714e-06
-4.1294e-06
-4.14514e-06
-4.15744e-06
-4.16788e-06
-4.17662e-06
-4.18393e-06
-4.19021e-06
-4.19592e-06
-4.20151e-06
-4.20756e-06
-4.21481e-06
-4.22437e-06
-4.23796e-06
-4.25834e-06
-4.29001e-06
-4.34009e-06
-4.41965e-06
-4.54519e-06
-4.74037e-06
-5.03302e-06
-5.44614e-06
-5.96962e-06
-6.52067e-06
-7.02811e-06
-7.45026e-06
-7.76123e-06
-7.94964e-06
-8.01407e-06
-7.95855e-06
-7.78998e-06
-7.51607e-06
-7.14579e-06
-6.69063e-06
-6.16706e-06
-5.59905e-06
-5.01938e-06
-4.46897e-06
-3.99475e-06
-3.63321e-06
-3.40831e-06
-3.32115e-06
-3.3507e-06
-3.47902e-06
-3.70842e-06
-4.11959e-06
-4.14341e-06
-4.16016e-06
-4.17316e-06
-4.18403e-06
-4.1929e-06
-4.20001e-06
-4.20577e-06
-4.21065e-06
-4.2151e-06
-4.2197e-06
-4.2252e-06
-4.23272e-06
-4.24403e-06
-4.26203e-06
-4.29149e-06
-4.3401e-06
-4.41996e-06
-4.54919e-06
-4.75381e-06
-5.06523e-06
-5.51446e-06
-6.08163e-06
-6.67791e-06
-7.22381e-06
-7.67442e-06
-8.00383e-06
-8.20252e-06
-8.27164e-06
-8.21767e-06
-8.04904e-06
-7.77418e-06
-7.40167e-06
-6.94158e-06
-6.40812e-06
-5.82275e-06
-5.21584e-06
-4.62734e-06
-4.11113e-06
-3.7034e-06
-3.43544e-06
-3.3155e-06
-3.32594e-06
-3.45034e-06
-3.69242e-06
-4.13717e-06
-4.16261e-06
-4.18039e-06
-4.19406e-06
-4.20526e-06
-4.21408e-06
-4.22075e-06
-4.22567e-06
-4.22929e-06
-4.2321e-06
-4.23465e-06
-4.2377e-06
-4.24235e-06
-4.25041e-06
-4.26486e-06
-4.29067e-06
-4.33601e-06
-4.41383e-06
-4.54372e-06
-4.75323e-06
-5.07888e-06
-5.55606e-06
-6.15859e-06
-6.79048e-06
-7.3652e-06
-7.83502e-06
-8.17427e-06
-8.37541e-06
-8.44215e-06
-8.38329e-06
-8.20891e-06
-7.92831e-06
-7.55e-06
-7.0831e-06
-6.54013e-06
-5.94034e-06
-5.31168e-06
-4.69086e-06
-4.13827e-06
-3.69139e-06
-3.38361e-06
-3.23158e-06
-3.22162e-06
-3.33932e-06
-3.5906e-06
-4.15977e-06
-4.187e-06
-4.20585e-06
-4.22015e-06
-4.23159e-06
-4.24017e-06
-4.24609e-06
-4.24977e-06
-4.25167e-06
-4.25228e-06
-4.25214e-06
-4.25201e-06
-4.25297e-06
-4.25684e-06
-4.26666e-06
-4.28756e-06
-4.32806e-06
-4.40188e-06
-4.52992e-06
-4.74159e-06
-5.07688e-06
-5.57377e-06
-6.20442e-06
-6.86426e-06
-7.45983e-06
-7.94136e-06
-8.28359e-06
-8.48082e-06
-8.53917e-06
-8.46956e-06
-8.28357e-06
-7.9914e-06
-7.60179e-06
-7.12336e-06
-6.5675e-06
-5.95183e-06
-5.30278e-06
-4.65538e-06
-4.06537e-06
-3.58268e-06
-3.23895e-06
-3.05614e-06
-3.02493e-06
-3.13346e-06
-3.3907e-06
-4.18738e-06
-4.21661e-06
-4.23661e-06
-4.25152e-06
-4.26306e-06
-4.27116e-06
-4.276e-06
-4.27801e-06
-4.27766e-06
-4.27545e-06
-4.27196e-06
-4.26792e-06
-4.2644e-06
-4.26323e-06
-4.26748e-06
-4.28239e-06
-4.3168e-06
-4.38503e-06
-4.50924e-06
-4.72085e-06
-5.06159e-06
-5.57204e-06
-6.22508e-06
-6.90624e-06
-7.51621e-06
-8.00363e-06
-8.34359e-06
-8.53181e-06
-8.57681e-06
-8.49116e-06
-8.28776e-06
-7.97763e-06
-7.57e-06
-7.07317e-06
-6.49821e-06
-5.86164e-06
-5.18908e-06
-4.51591e-06
-3.88799e-06
-3.36983e-06
-2.99223e-06
-2.77914e-06
-2.72569e-06
-2.82262e-06
-3.08286e-06
-4.22008e-06
-4.25157e-06
-4.27283e-06
-4.28831e-06
-4.29979e-06
-4.30713e-06
-4.31048e-06
-4.31031e-06
-4.30713e-06
-4.30147e-06
-4.29395e-06
-4.28531e-06
-4.27657e-06
-4.2696e-06
-4.26749e-06
-4.27555e-06
-4.30288e-06
-4.36436e-06
-4.48316e-06
-4.69251e-06
-5.03576e-06
-5.55595e-06
-6.22638e-06
-6.92342e-06
-7.54282e-06
-8.03145e-06
-8.36482e-06
-8.54038e-06
-8.56794e-06
-8.46154e-06
-8.23513e-06
-7.90043e-06
-7.46705e-06
-6.94379e-06
-6.34159e-06
-5.67669e-06
-4.97397e-06
-4.27008e-06
-3.60532e-06
-3.04874e-06
-2.63708e-06
-2.39307e-06
-2.31612e-06
-2.39894e-06
-2.65955e-06
-4.25809e-06
-4.29213e-06
-4.31474e-06
-4.33073e-06
-4.34195e-06
-4.34817e-06
-4.34956e-06
-4.34663e-06
-4.33997e-06
-4.33019e-06
-4.31796e-06
-4.30406e-06
-4.28945e-06
-4.27603e-06
-4.26694e-06
-4.26751e-06
-4.28707e-06
-4.34096e-06
-4.45325e-06
-4.65872e-06
-5.00245e-06
-5.52957e-06
-6.21315e-06
-6.92183e-06
-7.54682e-06
-8.03336e-06
-8.35718e-06
-8.51694e-06
-8.52356e-06
-8.39212e-06
-8.13729e-06
-7.77136e-06
-7.3044e-06
-6.74577e-06
-6.10683e-06
-5.40411e-06
-4.66314e-06
-3.92067e-06
-3.21687e-06
-2.61887e-06
-2.16893e-06
-1.89255e-06
-1.79083e-06
-1.85687e-06
-2.1157e-06
-4.30174e-06
-4.33865e-06
-4.36271e-06
-4.3791e-06
-4.38977e-06
-4.39441e-06
-4.39326e-06
-4.3869e-06
-4.37605e-06
-4.36143e-06
-4.3438e-06
-4.32406e-06
-4.30299e-06
-4.28259e-06
-4.26608e-06
-4.25874e-06
-4.2701e-06
-4.31591e-06
-4.421e-06
-4.62155e-06
-4.96427e-06
-5.49611e-06
-6.18976e-06
-6.90688e-06
-7.53452e-06
-8.01644e-06
-8.3284e-06
-8.46986e-06
-8.45253e-06
-8.29216e-06
-8.0038e-06
-7.60012e-06
-7.09165e-06
-6.48845e-06
-5.80273e-06
-5.05196e-06
-4.2623e-06
-3.47069e-06
-2.72449e-06
-2.08111e-06
-1.58777e-06
-1.27531e-06
-1.14697e-06
-1.19266e-06
-1.44882e-06
-4.35149e-06
-4.39161e-06
-4.41718e-06
-4.43379e-06
-4.44352e-06
-4.44602e-06
-4.4416e-06
-4.43103e-06
-4.41518e-06
-4.39494e-06
-4.37122e-06
-4.34507e-06
-4.31717e-06
-4.28936e-06
-4.26514e-06
-4.24967e-06
-4.25262e-06
-4.29014e-06
-4.38766e-06
-4.58273e-06
-4.92342e-06
-5.45836e-06
-6.15977e-06
-6.88291e-06
-7.51096e-06
-7.9863e-06
-8.28456e-06
-8.40567e-06
-8.36179e-06
-8.16891e-06
-7.84224e-06
-7.39458e-06
-6.83686e-06
-6.17995e-06
-5.43724e-06
-4.62765e-06
-3.77876e-06
-2.92911e-06
-2.12849e-06
-1.43361e-06
-8.95877e-07
-5.42035e-07
-3.83893e-07
-4.04315e-07
-6.57782e-07
-4.40795e-06
-4.45163e-06
-4.47874e-06
-4.49529e-06
-4.50353e-06
-4.50314e-06
-4.49458e-06
-4.47886e-06
-4.45712e-06
-4.43044e-06
-4.40003e-06
-4.36685e-06
-4.33164e-06
-4.29634e-06
-4.26426e-06
-4.24063e-06
-4.2352e-06
-4.26439e-06
-4.35437e-06
-4.54363e-06
-4.88169e-06
-5.41858e-06
-6.12598e-06
-6.85324e-06
-7.47998e-06
-7.94721e-06
-8.23029e-06
-8.32933e-06
-8.2566e-06
-8.02799e-06
-7.65856e-06
-7.16107e-06
-6.54678e-06
-5.82738e-06
-5.01766e-06
-4.13839e-06
-3.21926e-06
-2.30102e-06
-1.43548e-06
-6.81361e-07
-9.34643e-08
3.05612e-07
4.98796e-07
5.02192e-07
2.61561e-07
-4.47188e-06
-4.51948e-06
-4.54809e-06
-4.56415e-06
-4.57018e-06
-4.56593e-06
-4.55214e-06
-4.53017e-06
-4.50152e-06
-4.46759e-06
-4.42977e-06
-4.389e-06
-4.34624e-06
-4.30341e-06
-4.26351e-06
-4.23186e-06
-4.21824e-06
-4.23935e-06
-4.32189e-06
-4.50533e-06
-4.84044e-06
-5.37849e-06
-6.09049e-06
-6.82039e-06
-7.44444e-06
-7.90233e-06
-8.16902e-06
-8.24451e-06
-8.14087e-06
-7.87364e-06
-7.45742e-06
-6.90478e-06
-6.22717e-06
-5.43709e-06
-4.55088e-06
-3.59144e-06
-2.59103e-06
-1.5932e-06
-6.52426e-07
1.70108e-07
8.16267e-07
1.26301e-06
1.4958e-06
1.52267e-06
1.30806e-06
-4.54425e-06
-4.59614e-06
-4.62608e-06
-4.64101e-06
-4.64384e-06
-4.63449e-06
-4.61413e-06
-4.58462e-06
-4.54791e-06
-4.5058e-06
-4.45988e-06
-4.41114e-06
-4.36075e-06
-4.31036e-06
-4.26284e-06
-4.22347e-06
-4.20203e-06
-4.21544e-06
-4.29085e-06
-4.46863e-06
-4.80066e-06
-5.33931e-06
-6.05484e-06
-6.78616e-06
-7.4064e-06
-7.85393e-06
-8.10318e-06
-8.15385e-06
-8.01752e-06
-7.7091e-06
-7.24257e-06
-6.63006e-06
-5.88311e-06
-5.01501e-06
-4.04363e-06
-2.99422e-06
-1.90192e-06
-8.13556e-07
2.13107e-07
1.11384e-06
1.82625e-06
2.32444e-06
2.59991e-06
2.65181e-06
2.47548e-06
-4.62623e-06
-4.68276e-06
-4.71371e-06
-4.72661e-06
-4.72491e-06
-4.70888e-06
-4.68031e-06
-4.64175e-06
-4.59574e-06
-4.54446e-06
-4.4898e-06
-4.43285e-06
-4.37473e-06
-4.31692e-06
-4.26211e-06
-4.21547e-06
-4.18672e-06
-4.19294e-06
-4.26166e-06
-4.43407e-06
-4.76305e-06
-5.3019e-06
-6.02008e-06
-6.75181e-06
-7.36727e-06
-7.80357e-06
-8.03449e-06
-8.05923e-06
-7.88867e-06
-7.53689e-06
-7.01703e-06
-6.34067e-06
-5.51927e-06
-4.56682e-06
-3.50272e-06
-2.35456e-06
-1.16054e-06
2.89362e-08
1.15235e-06
2.14182e-06
2.92818e-06
3.48459e-06
3.80994e-06
3.89433e-06
3.75251e-06
-4.71928e-06
-4.78078e-06
-4.81217e-06
-4.82176e-06
-4.81375e-06
-4.78906e-06
-4.75032e-06
-4.701e-06
-4.64429e-06
-4.5829e-06
-4.51894e-06
-4.45355e-06
-4.38774e-06
-4.32278e-06
-4.26113e-06
-4.20778e-06
-4.17233e-06
-4.17198e-06
-4.23456e-06
-4.40199e-06
-4.72803e-06
-5.26682e-06
-5.98688e-06
-6.71815e-06
-7.328e-06
-7.75231e-06
-7.96412e-06
-7.962e-06
-7.75594e-06
-7.35902e-06
-6.78341e-06
-6.03999e-06
-5.14007e-06
-4.09819e-06
-2.93514e-06
-1.68078e-06
-3.76359e-07
9.24035e-07
2.15479e-06
3.2437e-06
4.11363e-06
4.73505e-06
5.11864e-06
5.24394e-06
5.13847e-06
-4.82521e-06
-4.89191e-06
-4.92284e-06
-4.92731e-06
-4.9107e-06
-4.87486e-06
-4.82363e-06
-4.76167e-06
-4.6928e-06
-4.6204e-06
-4.54662e-06
-4.47266e-06
-4.39932e-06
-4.32759e-06
-4.25965e-06
-4.20025e-06
-4.15881e-06
-4.15258e-06
-4.20964e-06
-4.37255e-06
-4.69583e-06
-5.23436e-06
-5.95567e-06
-6.68569e-06
-7.28918e-06
-7.70084e-06
-7.89289e-06
-7.86313e-06
-7.62058e-06
-7.17717e-06
-6.54401e-06
-5.73121e-06
-4.74981e-06
-3.61478e-06
-2.34813e-06
-9.81765e-07
4.40245e-07
1.86018e-06
3.20809e-06
4.40697e-06
5.37276e-06
6.06456e-06
6.51064e-06
6.6847e-06
6.62757e-06
-4.9463e-06
-5.01828e-06
-5.04733e-06
-5.04419e-06
-5.01599e-06
-4.96595e-06
-4.89959e-06
-4.82291e-06
-4.74047e-06
-4.65616e-06
-4.57219e-06
-4.48965e-06
-4.40905e-06
-4.33105e-06
-4.25745e-06
-4.19271e-06
-4.14604e-06
-4.13468e-06
-4.18689e-06
-4.34579e-06
-4.66654e-06
-5.20466e-06
-5.92664e-06
-6.6547e-06
-7.25118e-06
-7.6496e-06
-7.82135e-06
-7.76338e-06
-7.4836e-06
-6.99278e-06
-6.30092e-06
-5.41731e-06
-4.35269e-06
-3.12231e-06
-1.74917e-06
-2.66854e-07
1.27808e-06
2.82458e-06
4.29808e-06
5.61589e-06
6.69139e-06
7.46691e-06
7.97696e-06
8.2075e-06
8.20515e-06
-5.08539e-06
-5.16245e-06
-5.18745e-06
-5.17331e-06
-5.12967e-06
-5.0618e-06
-4.97743e-06
-4.88375e-06
-4.78639e-06
-4.68942e-06
-4.59503e-06
-4.50404e-06
-4.41659e-06
-4.33288e-06
-4.25431e-06
-4.18499e-06
-4.13387e-06
-4.11816e-06
-4.16621e-06
-4.32162e-06
-4.64011e-06
-5.17772e-06
-5.89986e-06
-6.62532e-06
-7.2142e-06
-7.59889e-06
-7.74991e-06
-7.66331e-06
-7.34587e-06
-6.80717e-06
-6.05611e-06
-5.10119e-06
-3.95283e-06
-2.62647e-06
-1.14581e-06
4.54268e-07
2.12531e-06
3.80349e-06
5.4098e-06
6.85505e-06
8.05094e-06
8.92998e-06
9.50803e-06
9.80427e-06
9.86411e-06
-5.24616e-06
-5.32755e-06
-5.34524e-06
-5.31548e-06
-5.25156e-06
-5.16174e-06
-5.05605e-06
-4.94319e-06
-4.82965e-06
-4.71947e-06
-4.61461e-06
-4.51547e-06
-4.42166e-06
-4.33289e-06
-4.25006e-06
-4.17694e-06
-4.12218e-06
-4.10288e-06
-4.14746e-06
-4.29992e-06
-4.61643e-06
-5.15345e-06
-5.87529e-06
-6.59758e-06
-7.17834e-06
-7.54888e-06
-7.67887e-06
-7.56341e-06
-7.20816e-06
-6.62154e-06
-5.81141e-06
-4.78559e-06
-3.55421e-06
-2.13281e-06
-5.45589e-07
1.1718e-06
2.96971e-06
4.7824e-06
6.5274e-06
8.10961e-06
9.4348e-06
1.04314e-05
1.10907e-05
1.14627e-05
1.15961e-05
-5.43333e-06
-5.51738e-06
-5.52291e-06
-5.47133e-06
-5.38124e-06
-5.2647e-06
-5.13423e-06
-5.00016e-06
-4.86941e-06
-4.74571e-06
-4.63055e-06
-4.52369e-06
-4.42411e-06
-4.33096e-06
-4.24462e-06
-4.16847e-06
-4.11082e-06
-4.08869e-06
-4.13047e-06
-4.28051e-06
-4.59532e-06
-5.13171e-06
-5.85283e-06
-6.57145e-06
-7.14364e-06
-7.49972e-06
-7.60849e-06
-7.46412e-06
-7.07118e-06
-6.437e-06
-5.56855e-06
-4.4731e-06
-3.16057e-06
-1.64665e-06
4.42245e-08
1.87608e-06
3.7989e-06
5.74616e-06
7.63325e-06
9.36023e-06
1.08255e-05
1.19504e-05
1.2709e-05
1.31684e-05
1.33907e-05
-5.6532e-06
-5.73653e-06
-5.72272e-06
-5.64116e-06
-5.51783e-06
-5.36921e-06
-5.21066e-06
-5.05362e-06
-4.90492e-06
-4.76769e-06
-4.64259e-06
-4.52859e-06
-4.42392e-06
-4.3271e-06
-4.23798e-06
-4.15953e-06
-4.09974e-06
-4.07546e-06
-4.11509e-06
-4.2632e-06
-4.5766e-06
-5.11232e-06
-5.83237e-06
-6.54685e-06
-7.1101e-06
-7.45149e-06
-7.53897e-06
-7.36582e-06
-6.93558e-06
-6.2546e-06
-5.32914e-06
-4.16611e-06
-2.7754e-06
-1.17289e-06
6.16814e-07
2.55787e-06
4.60073e-06
6.67936e-06
8.70862e-06
1.05853e-05
1.22002e-05
1.34657e-05
1.43451e-05
1.49064e-05
1.52386e-05
-5.9143e-06
-5.99046e-06
-5.94684e-06
-5.82474e-06
-5.6598e-06
-5.47362e-06
-5.28393e-06
-5.10256e-06
-4.9356e-06
-4.78513e-06
-4.65069e-06
-4.53023e-06
-4.42119e-06
-4.32141e-06
-4.23021e-06
-4.15014e-06
-4.08886e-06
-4.0631e-06
-4.10115e-06
-4.2478e-06
-4.56005e-06
-5.09508e-06
-5.81373e-06
-6.5237e-06
-7.07771e-06
-7.40426e-06
-7.47051e-06
-7.26886e-06
-6.80195e-06
-6.07529e-06
-5.09463e-06
-3.86676e-06
-2.40179e-06
-7.15943e-07
1.16603e-06
3.20871e-06
5.36371e-06
7.56683e-06
9.73437e-06
1.17622e-05
1.35347e-05
1.4954e-05
1.59735e-05
1.66589e-05
1.71307e-05
-6.22848e-06
-6.28541e-06
-6.19688e-06
-6.02079e-06
-5.8052e-06
-5.576e-06
-5.3526e-06
-5.14611e-06
-4.96109e-06
-4.79799e-06
-4.65495e-06
-4.52881e-06
-4.41612e-06
-4.31406e-06
-4.22142e-06
-4.14035e-06
-4.07819e-06
-4.05151e-06
-4.08851e-06
-4.23413e-06
-4.54547e-06
-5.0798e-06
-5.79678e-06
-6.5019e-06
-7.04645e-06
-7.3581e-06
-7.40328e-06
-7.17359e-06
-6.67084e-06
-5.89992e-06
-4.86631e-06
-3.57692e-06
-2.0424e-06
-2.79566e-07
1.68657e-06
3.82112e-06
6.07741e-06
8.39422e-06
1.06914e-05
1.28668e-05
1.48015e-05
1.63883e-05
1.75657e-05
1.84029e-05
1.9058e-05
-6.61258e-06
-6.62829e-06
-6.47281e-06
-6.22795e-06
-5.95118e-06
-5.67414e-06
-5.41535e-06
-5.18368e-06
-4.98125e-06
-4.80643e-06
-4.65568e-06
-4.52466e-06
-4.40903e-06
-4.30532e-06
-4.21181e-06
-4.13027e-06
-4.06775e-06
-4.04065e-06
-4.07705e-06
-4.222e-06
-4.53266e-06
-5.06628e-06
-5.78135e-06
-6.48135e-06
-7.01629e-06
-7.31308e-06
-7.33745e-06
-7.08031e-06
-6.54275e-06
-5.72925e-06
-4.64525e-06
-3.29815e-06
-1.69942e-06
1.33197e-07
2.17416e-06
4.38898e-06
6.73293e-06
9.14862e-06
1.15613e-05
1.38742e-05
1.59693e-05
1.77339e-05
1.90889e-05
2.01106e-05
2.10139e-05
-7.09073e-06
-7.02633e-06
-6.77333e-06
-6.44191e-06
-6.09431e-06
-5.76582e-06
-5.47106e-06
-5.21496e-06
-4.99625e-06
-4.8108e-06
-4.65331e-06
-4.51821e-06
-4.4003e-06
-4.29549e-06
-4.20159e-06
-4.12004e-06
-4.05759e-06
-4.03048e-06
-4.06668e-06
-4.21128e-06
-4.52144e-06
-5.05433e-06
-5.76729e-06
-6.46196e-06
-6.9872e-06
-7.26924e-06
-7.27317e-06
-6.98927e-06
-6.41811e-06
-5.56392e-06
-4.43238e-06
-3.03168e-06
-1.37452e-06
5.20066e-07
2.62559e-06
4.90763e-06
7.32323e-06
9.81917e-06
1.23275e-05
1.476e-05
1.70046e-05
1.89498e-05
2.04997e-05
2.17444e-05
2.29937e-05
-7.69674e-06
-7.48014e-06
-7.09687e-06
-6.6573e-06
-6.23054e-06
-5.84891e-06
-5.51899e-06
-5.23997e-06
-5.00651e-06
-4.81168e-06
-4.64842e-06
-4.50997e-06
-4.39035e-06
-4.2849e-06
-4.191e-06
-4.1098e-06
-4.04777e-06
-4.02099e-06
-4.05731e-06
-4.20181e-06
-4.51163e-06
-5.04379e-06
-5.75447e-06
-6.44366e-06
-6.95917e-06
-7.22663e-06
-7.21058e-06
-6.90075e-06
-6.29731e-06
-5.40447e-06
-4.22843e-06
-2.7785e-06
-1.06896e-06
8.79409e-07
3.03868e-06
5.3739e-06
7.84331e-06
1.03975e-05
1.29758e-05
1.55009e-05
1.78719e-05
1.99877e-05
2.17409e-05
2.3248e-05
2.49899e-05
-8.47735e-06
-7.98608e-06
-7.43061e-06
-6.86663e-06
-6.35542e-06
-5.92147e-06
-5.55873e-06
-5.25907e-06
-5.01264e-06
-4.80974e-06
-4.64162e-06
-4.50047e-06
-4.3796e-06
-4.27387e-06
-4.18028e-06
-4.0997e-06
-4.03835e-06
-4.01217e-06
-4.04886e-06
-4.19349e-06
-4.5031e-06
-5.03449e-06
-5.74274e-06
-6.42632e-06
-6.93215e-06
-7.18528e-06
-7.14977e-06
-6.81492e-06
-6.18067e-06
-5.25138e-06
-4.03406e-06
-2.53943e-06
-7.8374e-07
1.21002e-06
3.4119e-06
5.78568e-06
8.28978e-06
1.08775e-05
1.34947e-05
1.60756e-05
1.85347e-05
2.07916e-05
2.27352e-05
2.45316e-05
2.69749e-05
-9.47388e-06
-8.53553e-06
-7.75866e-06
-7.06025e-06
-6.46433e-06
-5.98199e-06
-5.59033e-06
-5.27291e-06
-5.01545e-06
-4.80575e-06
-4.63358e-06
-4.49027e-06
-4.36851e-06
-4.26275e-06
-4.16968e-06
-4.08989e-06
-4.02941e-06
-4.00402e-06
-4.04127e-06
-4.1862e-06
-4.4957e-06
-5.02632e-06
-5.732e-06
-6.40988e-06
-6.90606e-06
-7.14513e-06
-7.09073e-06
-6.73183e-06
-6.06825e-06
-5.10477e-06
-3.84941e-06
-2.31463e-06
-5.1902e-07
1.51176e-06
3.74511e-06
6.14265e-06
8.6617e-06
1.12564e-05
1.38769e-05
1.64671e-05
1.89577e-05
2.12982e-05
2.33842e-05
2.54664e-05
2.89003e-05
-1.07839e-05
-9.11047e-06
-8.05831e-06
-7.22787e-06
-6.55438e-06
-6.03077e-06
-5.61519e-06
-5.28303e-06
-5.01631e-06
-4.8008e-06
-4.62516e-06
-4.48e-06
-4.35754e-06
-4.25188e-06
-4.15942e-06
-4.08053e-06
-4.02102e-06
-3.99653e-06
-4.03447e-06
-4.17979e-06
-4.48926e-06
-5.01912e-06
-5.72222e-06
-6.39442e-06
-6.8811e-06
-7.1064e-06
-7.03359e-06
-6.65143e-06
-5.95976e-06
-4.96394e-06
-3.67326e-06
-2.1022e-06
-2.72047e-07
1.78841e-06
4.04325e-06
6.45095e-06
8.9662e-06
1.15416e-05
1.41277e-05
1.6673e-05
1.91198e-05
2.14473e-05
2.35697e-05
2.59025e-05
3.07696e-05
-1.25164e-05
-9.67707e-06
-8.29672e-06
-7.36006e-06
-6.62709e-06
-6.07171e-06
-5.63712e-06
-5.29248e-06
-5.01742e-06
-4.7964e-06
-4.61732e-06
-4.47025e-06
-4.34703e-06
-4.24144e-06
-4.1496e-06
-4.07166e-06
-4.0132e-06
-3.98969e-06
-4.02837e-06
-4.17412e-06
-4.48357e-06
-5.01275e-06
-5.71349e-06
-6.38039e-06
-6.85804e-06
-7.07009e-06
-6.97949e-06
-6.57478e-06
-5.85599e-06
-4.82916e-06
-3.505e-06
-1.90025e-06
-3.91288e-08
2.04605e-06
4.31548e-06
6.72354e-06
9.22073e-06
1.17555e-05
1.42741e-05
1.67211e-05
1.90362e-05
2.12015e-05
2.31404e-05
2.55493e-05
3.22869e-05
-1.39683e-05
-1.0028e-05
-8.41345e-06
-7.43735e-06
-6.67786e-06
-6.10309e-06
-5.65488e-06
-5.30012e-06
-5.01771e-06
-4.7916e-06
-4.60923e-06
-4.46032e-06
-4.33638e-06
-4.23093e-06
-4.13982e-06
-4.06299e-06
-4.00579e-06
-3.9835e-06
-4.02315e-06
-4.16945e-06
-4.47885e-06
-5.00707e-06
-5.70523e-06
-6.36698e-06
-6.83628e-06
-7.03636e-06
-6.92987e-06
-6.50523e-06
-5.76268e-06
-4.70903e-06
-3.35644e-06
-1.72388e-06
1.61496e-07
2.26379e-06
4.53913e-06
6.93732e-06
9.40367e-06
1.18803e-05
1.43051e-05
1.66091e-05
1.87083e-05
2.05236e-05
2.18929e-05
2.35309e-05
3.00392e-05
)
;

boundaryField
{
    inlet
    {
        type            uniformJump;
        patchType       cyclic;
        jump            uniform -2.5e-05;
        value           nonuniform List<scalar> 
40
(
7.9595e-07
8.09994e-07
8.24838e-07
8.39925e-07
8.56657e-07
8.76522e-07
9.01814e-07
9.36398e-07
9.86018e-07
1.05798e-06
1.16021e-06
1.30026e-06
1.48512e-06
1.72142e-06
2.01524e-06
2.37129e-06
2.79085e-06
3.26977e-06
3.79706e-06
4.35322e-06
4.88322e-06
5.31491e-06
5.63648e-06
5.86964e-06
6.03659e-06
6.1546e-06
6.23687e-06
6.29341e-06
6.33172e-06
6.35732e-06
6.37423e-06
6.38537e-06
6.39275e-06
6.39777e-06
6.40131e-06
6.40394e-06
6.40601e-06
6.40773e-06
6.40928e-06
6.41073e-06
)
;
        jumpTable       table;
        jumpTableCoeffs
        {
            values          
4
(
(0 -2.5e-05)
(25 -2.5e-05)
(25.5 -0.0001)
(26 -2.5e-05)
)
;
        }
    }
    outlet
    {
        type            uniformJump;
        patchType       cyclic;
        value           nonuniform List<scalar> 
40
(
-2.42041e-05
-2.419e-05
-2.41752e-05
-2.41601e-05
-2.41433e-05
-2.41235e-05
-2.40982e-05
-2.40636e-05
-2.4014e-05
-2.3942e-05
-2.38398e-05
-2.36997e-05
-2.35149e-05
-2.32786e-05
-2.29848e-05
-2.26287e-05
-2.22092e-05
-2.17302e-05
-2.12029e-05
-2.06468e-05
-2.01168e-05
-1.96851e-05
-1.93635e-05
-1.91304e-05
-1.89634e-05
-1.88454e-05
-1.87631e-05
-1.87066e-05
-1.86683e-05
-1.86427e-05
-1.86258e-05
-1.86146e-05
-1.86072e-05
-1.86022e-05
-1.85987e-05
-1.85961e-05
-1.8594e-05
-1.85923e-05
-1.85907e-05
-1.85893e-05
)
;
    }
    Walls
    {
        type            zeroGradient;
    }
    back
    {
        type            empty;
    }
    front
    {
        type            empty;
    }
}


// ************************************************************************* //
