/*--------------------------------*- C++ -*----------------------------------*\
| =========                 |                                                 |
| \\      /  F ield         | OpenFOAM: The Open Source CFD Toolbox           |
|  \\    /   O peration     | Version:  2312                                  |
|   \\  /    A nd           | Website:  www.openfoam.com                      |
|    \\/     M anipulation  |                                                 |
\*---------------------------------------------------------------------------*/
FoamFile
{
    version     2.0;
    format      ascii;
    arch        "LSB;label=32;scalar=64";
    class       volScalarField;
    location    "168";
    object      p;
}
// * * * * * * * * * * * * * * * * * * * * * * * * * * * * * * * * * * * * * //

dimensions      [0 2 -2 0 0 0 0];

internalField   nonuniform List<scalar> 
4800
(
-6.94553e-12
-1.06372e-06
-1.92219e-06
-2.63884e-06
-3.24643e-06
-3.78234e-06
-4.25462e-06
-4.67368e-06
-5.05144e-06
-5.39511e-06
-5.70951e-06
-5.99499e-06
-6.24382e-06
-6.6944e-06
-8.2935e-06
1.2521e-08
-1.05071e-06
-1.90897e-06
-2.62591e-06
-3.23437e-06
-3.77181e-06
-4.24644e-06
-4.66888e-06
-5.0519e-06
-5.40463e-06
-5.73658e-06
-6.0613e-06
-6.39103e-06
-6.83211e-06
-7.62348e-06
2.55029e-08
-1.03701e-06
-1.89508e-06
-2.61247e-06
-3.22095e-06
-3.75923e-06
-4.23575e-06
-4.66087e-06
-5.04796e-06
-5.40701e-06
-5.74864e-06
-6.08687e-06
-6.42798e-06
-6.7775e-06
-7.10781e-06
3.84331e-08
-1.02277e-06
-1.88012e-06
-2.5975e-06
-3.20568e-06
-3.74372e-06
-4.22136e-06
-4.64767e-06
-5.03591e-06
-5.39553e-06
-5.73437e-06
-6.05777e-06
-6.35583e-06
-6.59517e-06
-6.70373e-06
5.26015e-08
-1.0066e-06
-1.86258e-06
-2.57905e-06
-3.18721e-06
-3.72307e-06
-4.20039e-06
-4.62581e-06
-5.01118e-06
-5.36407e-06
-5.68739e-06
-5.97685e-06
-6.21182e-06
-6.35237e-06
-6.34272e-06
6.94743e-08
-9.87001e-07
-1.84087e-06
-2.55538e-06
-3.16317e-06
-3.69498e-06
-4.16937e-06
-4.59066e-06
-4.96788e-06
-5.30568e-06
-5.6019e-06
-5.84601e-06
-6.01555e-06
-6.08005e-06
-6.01107e-06
9.14738e-08
-9.61623e-07
-1.81253e-06
-2.52385e-06
-3.12936e-06
-3.65626e-06
-4.12409e-06
-4.53651e-06
-4.89928e-06
-5.21378e-06
-5.47445e-06
-5.66925e-06
-5.7808e-06
-5.79311e-06
-5.69875e-06
1.22849e-07
-9.2646e-07
-1.7735e-06
-2.48031e-06
-3.08083e-06
-3.60126e-06
-4.0585e-06
-4.45656e-06
-4.79847e-06
-5.0832e-06
-5.30441e-06
-5.45267e-06
-5.51858e-06
-5.49859e-06
-5.39687e-06
1.7022e-07
-8.75292e-07
-1.71763e-06
-2.41846e-06
-3.01152e-06
-3.52221e-06
-3.96463e-06
-4.34312e-06
-4.65895e-06
-4.9104e-06
-5.09293e-06
-5.20193e-06
-5.23551e-06
-5.19812e-06
-5.09874e-06
2.42655e-07
-7.99449e-07
-1.63635e-06
-2.32964e-06
-2.91387e-06
-3.41008e-06
-3.83362e-06
-4.1883e-06
-4.47505e-06
-4.69324e-06
-4.84161e-06
-4.9206e-06
-4.93378e-06
-4.88962e-06
-4.7981e-06
3.51137e-07
-6.88092e-07
-1.51886e-06
-2.20287e-06
-2.77437e-06
-3.25438e-06
-3.65613e-06
-3.98465e-06
-4.24213e-06
-4.43025e-06
-4.55131e-06
-4.60975e-06
-4.61228e-06
-4.5687e-06
-4.48833e-06
5.07984e-07
-5.28726e-07
-1.35256e-06
-2.02583e-06
-2.58236e-06
-3.0441e-06
-3.42293e-06
-3.72555e-06
-3.95644e-06
-4.12004e-06
-4.22162e-06
-4.26812e-06
-4.26761e-06
-4.22973e-06
-4.16251e-06
7.27163e-07
-3.07042e-07
-1.12299e-06
-1.78476e-06
-2.32498e-06
-2.76803e-06
-3.12517e-06
-3.40492e-06
-3.61437e-06
-3.76045e-06
-3.85046e-06
-3.89252e-06
-3.8949e-06
-3.86637e-06
-3.81367e-06
1.02533e-06
-6.02868e-09
-8.1313e-07
-1.45972e-06
-1.98765e-06
-2.41426e-06
-2.75347e-06
-3.01594e-06
-3.21097e-06
-3.34732e-06
-3.43338e-06
-3.47757e-06
-3.48772e-06
-3.47154e-06
-3.43465e-06
1.42228e-06
3.94762e-07
-4.0423e-07
-1.03979e-06
-1.55477e-06
-1.96902e-06
-2.29648e-06
-2.54927e-06
-2.73819e-06
-2.87302e-06
-2.96255e-06
-3.01496e-06
-3.03743e-06
-3.03666e-06
-3.01739e-06
1.93934e-06
9.18196e-07
1.26123e-07
-5.01498e-07
-1.0089e-06
-1.41701e-06
-1.74065e-06
-1.99275e-06
-2.18475e-06
-2.32665e-06
-2.4271e-06
-2.49384e-06
-2.53344e-06
-2.55175e-06
-2.55292e-06
2.59556e-06
1.58452e-06
8.00373e-07
1.74141e-07
-3.33293e-07
-7.43604e-07
-1.07264e-06
-1.33394e-06
-1.53883e-06
-1.69687e-06
-1.8162e-06
-1.904e-06
-1.96629e-06
-2.00833e-06
-2.03391e-06
3.40304e-06
2.4062e-06
1.62839e-06
9.9818e-07
4.82747e-07
6.1605e-08
-2.82444e-07
-5.63263e-07
-7.91444e-07
-9.75522e-07
-1.12282e-06
-1.23987e-06
-1.3322e-06
-1.40455e-06
-1.46043e-06
4.36293e-06
3.38035e-06
2.61259e-06
1.97334e-06
1.44364e-06
1.00374e-06
6.35292e-07
3.24985e-07
6.35301e-08
-1.56367e-07
-3.41108e-07
-4.9653e-07
-6.27675e-07
-7.3883e-07
-8.33328e-07
5.45341e-06
4.53172e-06
3.74545e-06
3.09152e-06
2.54258e-06
2.0761e-06
1.67492e-06
1.32715e-06
1.02466e-06
7.6109e-07
5.30794e-07
3.28598e-07
1.49997e-07
-8.8218e-09
-1.5105e-07
6.5334e-06
5.63968e-06
4.87273e-06
4.21367e-06
3.6439e-06
3.14561e-06
2.70515e-06
2.3132e-06
1.96303e-06
1.64905e-06
1.36627e-06
1.11029e-06
8.77258e-07
6.63926e-07
4.67449e-07
7.45699e-06
6.5926e-06
5.83655e-06
5.17456e-06
4.58749e-06
4.06077e-06
3.58502e-06
3.15344e-06
2.76025e-06
2.40038e-06
2.06945e-06
1.76375e-06
1.48007e-06
1.21568e-06
9.68124e-07
8.13197e-06
7.30761e-06
6.57113e-06
5.91017e-06
5.31129e-06
4.76451e-06
4.26291e-06
3.80092e-06
3.37353e-06
2.97634e-06
2.60564e-06
2.25836e-06
1.93183e-06
1.62381e-06
1.33224e-06
8.62464e-06
7.83727e-06
7.11968e-06
6.4625e-06
5.85762e-06
5.29816e-06
4.77845e-06
4.29366e-06
3.83957e-06
3.41258e-06
3.00969e-06
2.6284e-06
2.26655e-06
1.92235e-06
1.59414e-06
8.97339e-06
8.21761e-06
7.5178e-06
6.86767e-06
6.2619e-06
5.69533e-06
5.16329e-06
4.66177e-06
4.18737e-06
3.73727e-06
3.30908e-06
2.90081e-06
2.51076e-06
2.13749e-06
1.77972e-06
9.21135e-06
8.48363e-06
7.80158e-06
7.16082e-06
6.55752e-06
5.9877e-06
5.44769e-06
4.9343e-06
4.44492e-06
3.97734e-06
3.52969e-06
3.10044e-06
2.68826e-06
2.29207e-06
1.91088e-06
9.36937e-06
8.66707e-06
8.00217e-06
7.37157e-06
6.77252e-06
6.202e-06
5.65718e-06
5.13562e-06
4.63534e-06
4.15465e-06
3.69215e-06
3.24668e-06
2.81726e-06
2.40312e-06
2.00352e-06
9.47188e-06
8.79238e-06
8.14334e-06
7.52282e-06
6.9289e-06
6.35927e-06
5.8118e-06
5.28469e-06
4.77648e-06
4.28595e-06
3.81206e-06
3.35402e-06
2.91113e-06
2.4829e-06
2.06884e-06
9.53701e-06
8.87759e-06
8.24287e-06
7.63192e-06
7.04338e-06
6.47549e-06
5.92672e-06
5.39582e-06
4.88175e-06
4.3837e-06
3.90096e-06
3.43304e-06
2.97951e-06
2.54012e-06
2.11457e-06
9.57755e-06
8.93566e-06
8.31372e-06
7.71156e-06
7.12821e-06
6.56238e-06
6.01308e-06
5.47949e-06
4.96097e-06
4.45702e-06
3.96724e-06
3.4914e-06
3.0293e-06
2.5809e-06
2.14608e-06
9.60233e-06
8.97569e-06
8.36504e-06
7.77075e-06
7.19214e-06
6.62838e-06
6.07892e-06
5.54332e-06
5.02126e-06
4.51253e-06
4.017e-06
3.53464e-06
3.06548e-06
2.60964e-06
2.16719e-06
9.61727e-06
9.00392e-06
8.40316e-06
7.81577e-06
7.24134e-06
6.67949e-06
6.13001e-06
5.5928e-06
5.0678e-06
4.55505e-06
4.05466e-06
3.5668e-06
3.09168e-06
2.62958e-06
2.1807e-06
9.62629e-06
9.02452e-06
8.43236e-06
7.85094e-06
7.28013e-06
6.71994e-06
6.17046e-06
5.63185e-06
5.10429e-06
4.58807e-06
4.08347e-06
3.59087e-06
3.1106e-06
2.64311e-06
2.18871e-06
9.63196e-06
9.04025e-06
8.4555e-06
7.87921e-06
7.31151e-06
6.75271e-06
6.20317e-06
5.66326e-06
5.13343e-06
4.61411e-06
4.1058e-06
3.60901e-06
3.12423e-06
2.65201e-06
2.19279e-06
9.63587e-06
9.05282e-06
8.47448e-06
7.90258e-06
7.33751e-06
6.77984e-06
6.23015e-06
5.68903e-06
5.15709e-06
4.63499e-06
4.12334e-06
3.62281e-06
3.13401e-06
2.6576e-06
2.19411e-06
9.63885e-06
9.06326e-06
8.49047e-06
7.92234e-06
7.35949e-06
6.8027e-06
6.25278e-06
5.71049e-06
5.17663e-06
4.65198e-06
4.13731e-06
3.63342e-06
3.14101e-06
2.66085e-06
2.19357e-06
9.64133e-06
9.07222e-06
8.50422e-06
7.9393e-06
7.37829e-06
6.8222e-06
6.27198e-06
5.72857e-06
5.19292e-06
4.66595e-06
4.14856e-06
3.64163e-06
3.14599e-06
2.66248e-06
2.1918e-06
9.64359e-06
9.08014e-06
8.5163e-06
7.95412e-06
7.39468e-06
6.83912e-06
6.28856e-06
5.74409e-06
5.20678e-06
4.67768e-06
4.1578e-06
3.6481e-06
3.14952e-06
2.66295e-06
2.1892e-06
9.64591e-06
9.08769e-06
8.52762e-06
7.96794e-06
7.40987e-06
6.85473e-06
6.30379e-06
5.75825e-06
5.21933e-06
4.68816e-06
4.16586e-06
3.6535e-06
3.15207e-06
2.66256e-06
2.18586e-06
9.64829e-06
9.09508e-06
8.53858e-06
7.98122e-06
7.42436e-06
6.8695e-06
6.31803e-06
5.77134e-06
5.23074e-06
4.6975e-06
4.17285e-06
3.65795e-06
3.15388e-06
2.6617e-06
2.18225e-06
-9.50284e-06
-7.13682e-06
-5.70025e-06
-4.7405e-06
-3.98321e-06
-3.4129e-06
-2.98107e-06
-2.65458e-06
-2.40956e-06
-2.22603e-06
-2.08653e-06
-1.97486e-06
-1.87538e-06
-1.77293e-06
-1.65258e-06
-1.50129e-06
-1.30861e-06
-1.07376e-06
-8.08183e-07
-5.44638e-07
-3.39537e-07
-2.6189e-07
-3.45737e-07
-4.87046e-07
-5.52329e-07
-4.60494e-07
-1.69141e-07
3.40148e-07
1.07684e-06
2.04468e-06
3.24358e-06
4.66335e-06
6.28371e-06
8.07831e-06
1.00069e-05
1.20207e-05
1.40621e-05
1.60649e-05
1.79497e-05
1.96169e-05
2.09246e-05
2.16725e-05
2.14215e-05
1.97959e-05
1.52416e-05
-7.88866e-06
-6.62467e-06
-5.52158e-06
-4.65997e-06
-3.94692e-06
-3.39131e-06
-2.96439e-06
-2.64002e-06
-2.39637e-06
-2.21425e-06
-2.07636e-06
-1.96642e-06
-1.86867e-06
-1.7679e-06
-1.64919e-06
-1.49955e-06
-1.30862e-06
-1.0756e-06
-8.11587e-07
-5.48338e-07
-3.40616e-07
-2.55358e-07
-3.2644e-07
-4.53335e-07
-5.05932e-07
-4.04367e-07
-1.06833e-07
4.05074e-07
1.1404e-06
2.10238e-06
3.2899e-06
4.69063e-06
6.28161e-06
8.03419e-06
9.90456e-06
1.18392e-05
1.37738e-05
1.56317e-05
1.73171e-05
1.87015e-05
1.95888e-05
1.96662e-05
1.83138e-05
1.47976e-05
7.95293e-06
-7.04599e-06
-6.23356e-06
-5.33869e-06
-4.56655e-06
-3.9026e-06
-3.36676e-06
-2.94825e-06
-2.62711e-06
-2.38499e-06
-2.20402e-06
-2.06731e-06
-1.95865e-06
-1.86219e-06
-1.7627e-06
-1.6453e-06
-1.4971e-06
-1.30783e-06
-1.07672e-06
-8.14478e-07
-5.51749e-07
-3.41428e-07
-2.48045e-07
-3.05149e-07
-4.16077e-07
-4.54622e-07
-3.42392e-07
-3.83835e-08
4.75649e-07
1.20811e-06
2.16157e-06
3.33355e-06
4.70916e-06
6.2619e-06
7.9603e-06
9.7562e-06
1.15902e-05
1.33902e-05
1.5068e-05
1.65114e-05
1.75685e-05
1.80132e-05
1.75063e-05
1.5504e-05
1.16064e-05
5.58871e-06
-6.52143e-06
-5.91882e-06
-5.18746e-06
-4.48561e-06
-3.86837e-06
-3.35367e-06
-2.94248e-06
-2.62325e-06
-2.38096e-06
-2.19937e-06
-2.06227e-06
-1.95354e-06
-1.85731e-06
-1.75828e-06
-1.64163e-06
-1.49452e-06
-1.30676e-06
-1.07756e-06
-8.17216e-07
-5.55091e-07
-3.42049e-07
-2.39941e-07
-2.81818e-07
-3.75167e-07
-3.98062e-07
-2.73708e-07
3.78625e-08
5.54555e-07
1.2839e-06
2.22717e-06
3.38092e-06
4.72642e-06
6.23281e-06
7.86527e-06
9.5705e-06
1.12826e-05
1.29212e-05
1.43878e-05
1.55583e-05
1.62706e-05
1.63045e-05
1.53753e-05
1.31322e-05
9.39271e-06
4.40446e-06
-6.12232e-06
-5.64802e-06
-5.04403e-06
-4.42553e-06
-3.85119e-06
-3.35686e-06
-2.95201e-06
-2.63265e-06
-2.38755e-06
-2.20264e-06
-2.06266e-06
-1.95173e-06
-1.85398e-06
-1.7541e-06
-1.63729e-06
-1.49075e-06
-1.30432e-06
-1.07718e-06
-8.19101e-07
-5.57956e-07
-3.4232e-07
-2.31e-07
-2.56364e-07
-3.3051e-07
-3.36351e-07
-1.98841e-07
1.20654e-07
6.39593e-07
1.364e-06
2.29288e-06
3.42453e-06
4.73228e-06
6.18172e-06
7.73445e-06
9.33176e-06
1.09014e-05
1.23563e-05
1.35912e-05
1.44785e-05
1.4863e-05
1.45592e-05
1.33684e-05
1.11179e-05
7.79954e-06
3.73029e-06
-5.79333e-06
-5.4084e-06
-4.90499e-06
-4.37091e-06
-3.84747e-06
-3.37548e-06
-2.9781e-06
-2.65765e-06
-2.40747e-06
-2.21635e-06
-2.07054e-06
-1.95468e-06
-1.85307e-06
-1.75048e-06
-1.63218e-06
-1.48538e-06
-1.29997e-06
-1.07499e-06
-8.1965e-07
-5.60012e-07
-3.42086e-07
-2.21198e-07
-2.28805e-07
-2.82157e-07
-2.6969e-07
-1.1828e-07
2.0905e-07
7.29342e-07
1.44434e-06
2.35475e-06
3.45907e-06
4.71899e-06
6.09904e-06
7.55675e-06
9.02841e-06
1.04367e-05
1.16907e-05
1.26841e-05
1.32958e-05
1.33922e-05
1.28373e-05
1.15189e-05
9.39049e-06
6.54659e-06
3.2749e-06
-5.49947e-06
-5.18384e-06
-4.76938e-06
-4.30532e-06
-3.84055e-06
-3.40181e-06
-3.01653e-06
-2.69661e-06
-2.44075e-06
-2.24152e-06
-2.08732e-06
-1.96368e-06
-1.85553e-06
-1.74798e-06
-1.62651e-06
-1.47836e-06
-1.29347e-06
-1.07069e-06
-8.18589e-07
-5.61082e-07
-3.41306e-07
-2.1064e-07
-1.9934e-07
-2.30404e-07
-1.98609e-07
-3.27749e-08
3.0205e-07
8.21023e-07
1.51967e-06
2.41219e-06
3.47961e-06
4.67942e-06
5.97652e-06
7.32336e-06
8.65246e-06
9.88374e-06
1.09262e-05
1.168e-05
1.20385e-05
1.18989e-05
1.11765e-05
9.82828e-06
7.88068e-06
5.46017e-06
2.79562e-06
-5.22004e-06
-4.95954e-06
-4.62012e-06
-4.22771e-06
-3.81691e-06
-3.4201e-06
-3.05675e-06
-2.74245e-06
-2.48282e-06
-2.2757e-06
-2.11197e-06
-1.97841e-06
-1.86128e-06
-1.74654e-06
-1.62012e-06
-1.46944e-06
-1.28451e-06
-1.06401e-06
-8.1573e-07
-5.61125e-07
-3.40132e-07
-1.99691e-07
-1.68512e-07
-1.75953e-07
-1.24356e-07
5.6221e-08
3.9731e-07
9.06165e-07
1.59205e-06
2.46155e-06
3.47734e-06
4.6041e-06
5.80442e-06
7.02494e-06
8.19668e-06
9.24038e-06
1.00695e-05
1.05959e-05
1.07345e-05
1.04151e-05
9.59628e-06
8.28119e-06
6.52978e-06
4.46424e-06
2.25649e-06
-4.94433e-06
-4.72839e-06
-4.45076e-06
-4.12435e-06
-3.77143e-06
-3.41725e-06
-3.08321e-06
-2.78352e-06
-2.52457e-06
-2.31247e-06
-2.14035e-06
-1.99611e-06
-1.86848e-06
-1.74492e-06
-1.61215e-06
-1.45798e-06
-1.27266e-06
-1.0547e-06
-8.11059e-07
-5.60342e-07
-3.3907e-07
-1.8919e-07
-1.37468e-07
-1.20186e-07
-4.86583e-08
1.4579e-07
4.87073e-07
9.85872e-07
1.66042e-06
2.48878e-06
3.44012e-06
4.48232e-06
5.5716e-06
6.65171e-06
7.65485e-06
8.50579e-06
9.12867e-06
9.44962e-06
9.40709e-06
8.96065e-06
8.10041e-06
6.85475e-06
5.2928e-06
3.5191e-06
1.65941e-06
-4.66518e-06
-4.48608e-06
-4.25917e-06
-3.99032e-06
-3.69295e-06
-3.38493e-06
-3.08466e-06
-2.80489e-06
-2.55372e-06
-2.34278e-06
-2.16556e-06
-2.01151e-06
-1.87336e-06
-1.7405e-06
-1.60086e-06
-1.4429e-06
-1.25736e-06
-1.04266e-06
-8.04953e-07
-5.59407e-07
-3.3922e-07
-1.80764e-07
-1.08359e-07
-6.60712e-08
2.75707e-08
2.28761e-07
5.67722e-07
1.06162e-06
1.70575e-06
2.47987e-06
3.3573e-06
4.30174e-06
5.26604e-06
6.19414e-06
7.02277e-06
7.68341e-06
8.11355e-06
8.25669e-06
8.07288e-06
7.54468e-06
6.68184e-06
5.52325e-06
4.13436e-06
2.5991e-06
1.00874e-06
-4.37589e-06
-4.22811e-06
-4.04328e-06
-3.82364e-06
-3.5768e-06
-3.31455e-06
-3.05168e-06
-2.7955e-06
-2.56011e-06
-2.35656e-06
-2.17775e-06
-2.01702e-06
-1.87053e-06
-1.72961e-06
-1.58388e-06
-1.42291e-06
-1.23816e-06
-1.02811e-06
-7.98269e-07
-5.59948e-07
-3.42677e-07
-1.77229e-07
-8.48613e-08
-1.90115e-08
9.47182e-08
3.0208e-07
6.38414e-07
1.11247e-06
1.71452e-06
2.42507e-06
3.21608e-06
4.04874e-06
4.8758e-06
5.64386e-06
6.29569e-06
6.7766e-06
7.0341e-06
7.02974e-06
6.74151e-06
6.16752e-06
5.32754e-06
4.26177e-06
3.02653e-06
1.68694e-06
3.0929e-07
-4.0697e-06
-3.94934e-06
-3.80011e-06
-3.62249e-06
-3.42036e-06
-3.20109e-06
-2.97466e-06
-2.74898e-06
-2.53583e-06
-2.34283e-06
-2.16686e-06
-2.00499e-06
-1.85427e-06
-1.70838e-06
-1.55894e-06
-1.39711e-06
-1.21538e-06
-1.01235e-06
-7.92836e-07
-5.64354e-07
-3.53133e-07
-1.83129e-07
-7.28115e-08
1.50179e-08
1.43848e-07
3.56979e-07
6.827e-07
1.1254e-06
1.67475e-06
2.30989e-06
3.00107e-06
3.70949e-06
4.39041e-06
4.99586e-06
5.47806e-06
5.79203e-06
5.90029e-06
5.77855e-06
5.41763e-06
4.82471e-06
4.02293e-06
3.04887e-06
1.94841e-06
7.7104e-07
-4.34839e-07
-3.73994e-06
-3.64431e-06
-3.526e-06
-3.38474e-06
-3.2222e-06
-3.04287e-06
-2.85332e-06
-2.66089e-06
-2.47277e-06
-2.29462e-06
-2.12733e-06
-1.97002e-06
-1.82049e-06
-1.6742e-06
-1.52501e-06
-1.36598e-06
-1.19074e-06
-9.97913e-07
-7.91385e-07
-5.78014e-07
-3.75947e-07
-2.0515e-07
-8.05723e-08
2.56906e-08
1.65273e-07
3.77322e-07
6.83092e-07
1.08427e-06
1.56929e-06
2.11664e-06
2.6964e-06
3.27166e-06
3.80262e-06
4.24915e-06
4.57241e-06
4.73849e-06
4.72261e-06
4.51135e-06
4.10371e-06
3.51104e-06
2.75578e-06
1.86882e-06
8.86185e-07
-1.54963e-07
-1.21915e-06
-3.37992e-06
-3.30746e-06
-3.21704e-06
-3.10814e-06
-2.98131e-06
-2.83908e-06
-2.6857e-06
-2.52625e-06
-2.36565e-06
-2.20817e-06
-2.05594e-06
-1.90936e-06
-1.76721e-06
-1.62654e-06
-1.48311e-06
-1.33192e-06
-1.16809e-06
-9.90253e-07
-8.00657e-07
-6.0716e-07
-4.18867e-07
-2.52646e-07
-1.19611e-07
-5.97553e-10
1.43529e-07
3.4526e-07
6.20841e-07
9.69766e-07
1.37906e-06
1.82771e-06
2.28826e-06
2.7266e-06
3.11145e-06
3.40875e-06
3.58869e-06
3.62856e-06
3.51344e-06
3.23731e-06
2.80353e-06
2.22433e-06
1.51934e-06
7.1334e-07
-1.66095e-07
-1.09136e-06
-2.03638e-06
-2.98251e-06
-2.93297e-06
-2.86903e-06
-2.79024e-06
-2.69657e-06
-2.58933e-06
-2.47107e-06
-2.34507e-06
-2.21476e-06
-2.08327e-06
-1.95273e-06
-1.82369e-06
-1.69555e-06
-1.5675e-06
-1.43729e-06
-1.30082e-06
-1.15445e-06
-9.97226e-07
-8.31029e-07
-6.60306e-07
-4.92524e-07
-3.38044e-07
-2.04756e-07
-8.11856e-08
5.91592e-08
2.40614e-07
4.75206e-07
7.60944e-07
1.08526e-06
1.42861e-06
1.76643e-06
2.07445e-06
2.32212e-06
2.48439e-06
2.5412e-06
2.47841e-06
2.28792e-06
1.96819e-06
1.52434e-06
9.67548e-07
3.13847e-07
-4.17616e-07
-1.20622e-06
-2.03162e-06
-2.87468e-06
-2.54006e-06
-2.51485e-06
-2.47791e-06
-2.42893e-06
-2.36773e-06
-2.2949e-06
-2.21194e-06
-2.12081e-06
-2.02392e-06
-1.92326e-06
-1.82046e-06
-1.71741e-06
-1.61201e-06
-1.50408e-06
-1.39522e-06
-1.28162e-06
-1.16e-06
-1.02996e-06
-8.93095e-07
-7.52125e-07
-6.11509e-07
-4.76844e-07
-3.53756e-07
-2.36691e-07
-1.10416e-07
4.07429e-08
2.2431e-07
4.3823e-07
6.73656e-07
9.13834e-07
1.13677e-06
1.32019e-06
1.44408e-06
1.49129e-06
1.44852e-06
1.30716e-06
1.06343e-06
7.18223e-07
2.76857e-07
-2.51378e-07
-8.54095e-07
-1.51699e-06
-2.22492e-06
-2.96306e-06
-3.71737e-06
-2.04666e-06
-2.0489e-06
-2.04142e-06
-2.02412e-06
-1.99683e-06
-1.95987e-06
-1.91398e-06
-1.86062e-06
-1.80072e-06
-1.73646e-06
-1.66833e-06
-1.59295e-06
-1.51948e-06
-1.44845e-06
-1.37143e-06
-1.28786e-06
-1.19845e-06
-1.10337e-06
-1.00324e-06
-8.99279e-07
-7.93293e-07
-6.87579e-07
-5.86189e-07
-4.88429e-07
-3.8797e-07
-2.78044e-07
-1.535e-07
-1.11712e-08
1.4093e-07
2.83081e-07
3.97578e-07
4.71685e-07
4.92727e-07
4.48827e-07
3.31086e-07
1.34497e-07
-1.42271e-07
-4.97348e-07
-9.26014e-07
-1.42107e-06
-1.97339e-06
-2.57259e-06
-3.20779e-06
-3.86827e-06
-4.54379e-06
-1.50408e-06
-1.53852e-06
-1.56468e-06
-1.58276e-06
-1.59277e-06
-1.59495e-06
-1.5897e-06
-1.57776e-06
-1.55979e-06
-1.53669e-06
-1.50923e-06
-1.47802e-06
-1.44773e-06
-1.41646e-06
-1.37817e-06
-1.3343e-06
-1.28684e-06
-1.23565e-06
-1.18015e-06
-1.12062e-06
-1.05732e-06
-9.90917e-07
-9.23458e-07
-8.55787e-07
-7.9223e-07
-7.3287e-07
-6.65507e-07
-5.87648e-07
-5.15579e-07
-4.64659e-07
-4.41708e-07
-4.54325e-07
-5.11698e-07
-6.21983e-07
-7.90775e-07
-1.02085e-06
-1.31247e-06
-1.66373e-06
-2.0709e-06
-2.52869e-06
-3.03062e-06
-3.56942e-06
-4.13743e-06
-4.72702e-06
-5.33078e-06
-9.15897e-07
-9.90017e-07
-1.05677e-06
-1.11658e-06
-1.1698e-06
-1.21671e-06
-1.25765e-06
-1.2931e-06
-1.32361e-06
-1.34991e-06
-1.37283e-06
-1.39292e-06
-1.41062e-06
-1.42519e-06
-1.43565e-06
-1.4427e-06
-1.44688e-06
-1.44753e-06
-1.44394e-06
-1.43598e-06
-1.42316e-06
-1.4059e-06
-1.38432e-06
-1.35942e-06
-1.3391e-06
-1.3213e-06
-1.3033e-06
-1.28855e-06
-1.29006e-06
-1.31174e-06
-1.3569e-06
-1.43179e-06
-1.54307e-06
-1.69585e-06
-1.89338e-06
-2.13731e-06
-2.42774e-06
-2.76326e-06
-3.14117e-06
-3.55775e-06
-4.00857e-06
-4.48871e-06
-4.99294e-06
-5.51593e-06
-6.05239e-06
-2.8222e-07
-4.06338e-07
-5.24131e-07
-6.35804e-07
-7.41796e-07
-8.42562e-07
-9.38496e-07
-1.02997e-06
-1.11736e-06
-1.20106e-06
-1.28139e-06
-1.35852e-06
-1.43261e-06
-1.50393e-06
-1.57242e-06
-1.63792e-06
-1.69998e-06
-1.75808e-06
-1.81183e-06
-1.86032e-06
-1.90381e-06
-1.94182e-06
-1.97347e-06
-2.00421e-06
-2.02965e-06
-2.0484e-06
-2.06708e-06
-2.10402e-06
-2.15885e-06
-2.22919e-06
-2.31813e-06
-2.43108e-06
-2.57245e-06
-2.74515e-06
-2.95113e-06
-3.19163e-06
-3.46694e-06
-3.77626e-06
-4.11787e-06
-4.48936e-06
-4.88786e-06
-5.31017e-06
-5.75283e-06
-6.21226e-06
-6.68475e-06
2.82341e-07
1.04273e-07
-6.77241e-08
-2.3403e-07
-3.95199e-07
-5.5171e-07
-7.03915e-07
-8.52061e-07
-9.96356e-07
-1.13699e-06
-1.27416e-06
-1.40802e-06
-1.53873e-06
-1.66636e-06
-1.79068e-06
-1.91128e-06
-2.02768e-06
-2.13943e-06
-2.24577e-06
-2.34614e-06
-2.44048e-06
-2.528e-06
-2.60832e-06
-2.68022e-06
-2.74017e-06
-2.79232e-06
-2.85203e-06
-2.92534e-06
-3.0103e-06
-3.10667e-06
-3.21752e-06
-3.34648e-06
-3.49639e-06
-3.66944e-06
-3.86735e-06
-4.0913e-06
-4.34174e-06
-4.61834e-06
-4.92014e-06
-5.24575e-06
-5.59344e-06
-5.96123e-06
-6.3469e-06
-6.74809e-06
-7.16233e-06
7.32063e-07
5.02899e-07
2.79618e-07
6.19413e-08
-1.50587e-07
-3.58354e-07
-5.6161e-07
-7.60497e-07
-9.55118e-07
-1.14556e-06
-1.33192e-06
-1.51423e-06
-1.69248e-06
-1.86652e-06
-2.03606e-06
-2.20068e-06
-2.35995e-06
-2.51319e-06
-2.65983e-06
-2.79931e-06
-2.93106e-06
-3.05622e-06
-3.17092e-06
-3.26956e-06
-3.35648e-06
-3.43943e-06
-3.5258e-06
-3.61691e-06
-3.71447e-06
-3.82092e-06
-3.93871e-06
-4.07016e-06
-4.2174e-06
-4.38235e-06
-4.56649e-06
-4.77089e-06
-4.99607e-06
-5.24207e-06
-5.50852e-06
-5.79471e-06
-6.09967e-06
-6.4222e-06
-6.76093e-06
-7.11435e-06
-7.48084e-06
1.05225e-06
7.79354e-07
5.12555e-07
2.5166e-07
-3.6399e-09
-2.53581e-07
-4.98283e-07
-7.37784e-07
-9.72091e-07
-1.2012e-06
-1.42508e-06
-1.64366e-06
-1.85682e-06
-2.06434e-06
-2.2659e-06
-2.46108e-06
-2.6494e-06
-2.83024e-06
-3.00315e-06
-3.16754e-06
-3.32328e-06
-3.47123e-06
-3.6048e-06
-3.72145e-06
-3.82576e-06
-3.92506e-06
-4.02209e-06
-4.11961e-06
-4.22115e-06
-4.32948e-06
-4.44662e-06
-4.57452e-06
-4.71509e-06
-4.87004e-06
-5.04069e-06
-5.22798e-06
-5.43252e-06
-5.6546e-06
-5.89421e-06
-6.15111e-06
-6.42483e-06
-6.71467e-06
-7.01978e-06
-7.33914e-06
-7.67167e-06
1.27756e-06
9.68487e-07
6.65994e-07
3.70006e-07
8.03689e-08
-2.03001e-07
-4.80099e-07
-7.50861e-07
-1.01521e-06
-1.27304e-06
-1.52427e-06
-1.76875e-06
-2.00629e-06
-2.23664e-06
-2.45948e-06
-2.67442e-06
-2.88102e-06
-3.07881e-06
-3.2674e-06
-3.44642e-06
-3.61592e-06
-3.77624e-06
-3.92198e-06
-4.04917e-06
-4.16409e-06
-4.27064e-06
-4.37249e-06
-4.47351e-06
-4.577e-06
-4.68539e-06
-4.80069e-06
-4.92479e-06
-5.05944e-06
-5.20614e-06
-5.3661e-06
-5.54028e-06
-5.72941e-06
-5.93398e-06
-6.15427e-06
-6.3903e-06
-6.64192e-06
-6.90877e-06
-7.19036e-06
-7.48605e-06
-7.79511e-06
1.43364e-06
1.09557e-06
7.6474e-07
4.41194e-07
1.24916e-07
-1.84041e-07
-4.85563e-07
-7.79501e-07
-1.06571e-06
-1.34403e-06
-1.61433e-06
-1.87641e-06
-2.13008e-06
-2.37508e-06
-2.61113e-06
-2.83789e-06
-3.05506e-06
-3.26225e-06
-3.45924e-06
-3.64586e-06
-3.82217e-06
-3.98881e-06
-4.14055e-06
-4.27486e-06
-4.39513e-06
-4.50592e-06
-4.61143e-06
-4.71515e-06
-4.8199e-06
-4.92806e-06
-5.0417e-06
-5.1627e-06
-5.2927e-06
-5.43311e-06
-5.58516e-06
-5.74986e-06
-5.92804e-06
-6.12035e-06
-6.32722e-06
-6.54891e-06
-6.78548e-06
-7.03684e-06
-7.30273e-06
-7.58278e-06
-7.87653e-06
1.54144e-06
1.18059e-06
8.27725e-07
4.82999e-07
1.46513e-07
-1.81571e-07
-5.01052e-07
-8.11719e-07
-1.11338e-06
-1.40585e-06
-1.68895e-06
-1.96249e-06
-2.22627e-06
-2.48007e-06
-2.72367e-06
-2.95682e-06
-3.17933e-06
-3.39097e-06
-3.59169e-06
-3.78142e-06
-3.96041e-06
-4.12927e-06
-4.28439e-06
-4.422e-06
-4.54557e-06
-4.65965e-06
-4.76797e-06
-4.87361e-06
-4.97929e-06
-5.0874e-06
-5.20001e-06
-5.31895e-06
-5.4458e-06
-5.582e-06
-5.72879e-06
-5.88725e-06
-6.05829e-06
-6.24266e-06
-6.44092e-06
-6.65347e-06
-6.88054e-06
-7.12221e-06
-7.37844e-06
-7.64903e-06
-7.93373e-06
1.61577e-06
1.2372e-06
8.67402e-07
5.06596e-07
1.54983e-07
-1.8719e-07
-5.19658e-07
-8.42169e-07
-1.1545e-06
-1.45645e-06
-1.74784e-06
-2.02848e-06
-2.2982e-06
-2.55683e-06
-2.80422e-06
-3.04021e-06
-3.26475e-06
-3.47775e-06
-3.67932e-06
-3.86957e-06
-4.04899e-06
-4.21828e-06
-4.37387e-06
-4.513e-06
-4.63879e-06
-4.75519e-06
-4.86549e-06
-4.97264e-06
-5.07927e-06
-5.18772e-06
-5.29998e-06
-5.41787e-06
-5.54297e-06
-5.67673e-06
-5.82043e-06
-5.97519e-06
-6.14199e-06
-6.32163e-06
-6.51479e-06
-6.72198e-06
-6.94355e-06
-7.17975e-06
-7.43067e-06
-7.69627e-06
-7.97644e-06
1.66673e-06
1.27441e-06
8.91614e-07
5.18623e-07
1.5572e-07
-1.96781e-07
-5.38574e-07
-8.69383e-07
-1.18897e-06
-1.49713e-06
-1.79369e-06
-2.07848e-06
-2.35136e-06
-2.61223e-06
-2.86101e-06
-3.09765e-06
-3.32219e-06
-3.5347e-06
-3.73545e-06
-3.9247e-06
-4.10305e-06
-4.27123e-06
-4.42611e-06
-4.56575e-06
-4.69282e-06
-4.8107e-06
-4.92245e-06
-5.03087e-06
-5.13847e-06
-5.24749e-06
-5.35989e-06
-5.47746e-06
-5.6018e-06
-5.73437e-06
-5.87646e-06
-6.02925e-06
-6.19375e-06
-6.37086e-06
-6.56132e-06
-6.76575e-06
-6.98462e-06
-7.21827e-06
-7.46691e-06
-7.73062e-06
-8.0094e-06
1.70112e-06
1.29802e-06
9.05154e-07
5.22853e-07
1.51465e-07
-2.08649e-07
-5.57156e-07
-8.93768e-07
-1.21825e-06
-1.53038e-06
-1.83001e-06
-2.117e-06
-2.39126e-06
-2.65273e-06
-2.90143e-06
-3.13739e-06
-3.36075e-06
-3.5717e-06
-3.77064e-06
-3.95795e-06
-4.13433e-06
-4.30058e-06
-4.45402e-06
-4.5934e-06
-4.72098e-06
-4.83973e-06
-4.95247e-06
-5.06188e-06
-5.17034e-06
-5.27999e-06
-5.39276e-06
-5.51042e-06
-5.63458e-06
-5.76669e-06
-5.90809e-06
-6.05998e-06
-6.22345e-06
-6.39945e-06
-6.5888e-06
-6.7922e-06
-7.0102e-06
-7.24324e-06
-7.4916e-06
-7.75546e-06
-8.03489e-06
1.72351e-06
1.31183e-06
9.11032e-07
5.21502e-07
1.43639e-07
-2.22163e-07
-5.75556e-07
-9.16248e-07
-1.244e-06
-1.55861e-06
-1.85993e-06
-2.14787e-06
-2.42238e-06
-2.68346e-06
-2.9312e-06
-3.1657e-06
-3.38721e-06
-3.596e-06
-3.79258e-06
-3.9774e-06
-4.15137e-06
-4.31518e-06
-4.46668e-06
-4.60523e-06
-4.73275e-06
-4.85184e-06
-4.96516e-06
-5.07525e-06
-5.18436e-06
-5.29456e-06
-5.40774e-06
-5.52563e-06
-5.64986e-06
-5.7819e-06
-5.92311e-06
-6.07475e-06
-6.23794e-06
-6.4137e-06
-6.60291e-06
-6.80633e-06
-7.02459e-06
-7.25819e-06
-7.5075e-06
-7.77275e-06
-8.05408e-06
1.73713e-06
1.31847e-06
9.11299e-07
5.16035e-07
1.33129e-07
-2.37008e-07
-5.9402e-07
-9.37613e-07
-1.26755e-06
-1.58365e-06
-1.88578e-06
-2.17389e-06
-2.44796e-06
-2.70807e-06
-2.95434e-06
-3.18697e-06
-3.40628e-06
-3.61261e-06
-3.80656e-06
-3.98868e-06
-4.15994e-06
-4.32101e-06
-4.47025e-06
-4.6076e-06
-4.73463e-06
-4.85362e-06
-4.96716e-06
-5.07762e-06
-5.18713e-06
-5.29771e-06
-5.41119e-06
-5.5293e-06
-5.65367e-06
-5.78579e-06
-5.92706e-06
-6.07875e-06
-6.24206e-06
-6.41803e-06
-6.60762e-06
-6.81164e-06
-7.03078e-06
-7.26561e-06
-7.51655e-06
-7.78388e-06
-8.0678e-06
1.74437e-06
1.31991e-06
9.07479e-07
5.07561e-07
1.20628e-07
-2.52897e-07
-6.12655e-07
-9.58352e-07
-1.28976e-06
-1.60671e-06
-1.9091e-06
-2.1969e-06
-2.47016e-06
-2.72897e-06
-2.97353e-06
-3.2041e-06
-3.42105e-06
-3.62483e-06
-3.81607e-06
-3.99539e-06
-4.16384e-06
-4.32205e-06
-4.46883e-06
-4.60475e-06
-4.73096e-06
-4.84953e-06
-4.96297e-06
-5.0735e-06
-5.18317e-06
-5.2939e-06
-5.40753e-06
-5.52577e-06
-5.65023e-06
-5.78244e-06
-5.92381e-06
-6.07567e-06
-6.23923e-06
-6.41562e-06
-6.60582e-06
-6.81071e-06
-7.03103e-06
-7.2674e-06
-7.52028e-06
-7.79001e-06
-8.07682e-06
1.74701e-06
1.31762e-06
9.00767e-07
4.96978e-07
1.06743e-07
-2.69506e-07
-6.31409e-07
-9.78676e-07
-1.31108e-06
-1.62849e-06
-1.93081e-06
-2.21805e-06
-2.49028e-06
-2.74765e-06
-2.99042e-06
-3.21888e-06
-3.43348e-06
-3.63471e-06
-3.82327e-06
-3.99982e-06
-4.16548e-06
-4.32085e-06
-4.46505e-06
-4.59937e-06
-4.72456e-06
-4.84246e-06
-4.95554e-06
-5.0659e-06
-5.17549e-06
-5.28619e-06
-5.3998e-06
-5.51801e-06
-5.64246e-06
-5.77467e-06
-5.9161e-06
-6.06811e-06
-6.23195e-06
-6.40879e-06
-6.59966e-06
-6.80549e-06
-7.02707e-06
-7.26505e-06
-7.51996e-06
-7.79216e-06
-8.08192e-06
1.74642e-06
1.31275e-06
8.92107e-07
4.85025e-07
9.20139e-08
-2.86489e-07
-6.50123e-07
-9.98601e-07
-1.33171e-06
-1.64933e-06
-1.9514e-06
-2.23794e-06
-2.50907e-06
-2.76498e-06
-3.00596e-06
-3.23236e-06
-3.44468e-06
-3.64345e-06
-3.82943e-06
-4.0033e-06
-4.16628e-06
-4.31883e-06
-4.46052e-06
-4.59314e-06
-4.71719e-06
-4.83423e-06
-4.94677e-06
-5.05675e-06
-5.16607e-06
-5.27656e-06
-5.38997e-06
-5.50802e-06
-5.63233e-06
-5.76444e-06
-5.90585e-06
-6.05793e-06
-6.22199e-06
-6.39922e-06
-6.59072e-06
-6.79744e-06
-7.02023e-06
-7.25978e-06
-7.51665e-06
-7.79124e-06
-8.08383e-06
1.74363e-06
1.30621e-06
8.82246e-07
4.72307e-07
7.691e-08
-3.03505e-07
-6.68578e-07
-1.01803e-06
-1.35165e-06
-1.66934e-06
-1.97106e-06
-2.25686e-06
-2.52689e-06
-2.78138e-06
-3.02064e-06
-3.24508e-06
-3.45524e-06
-3.6517e-06
-3.83523e-06
-4.00658e-06
-4.167e-06
-4.31679e-06
-4.45615e-06
-4.58704e-06
-4.70987e-06
-4.82593e-06
-4.93778e-06
-5.04724e-06
-5.15614e-06
-5.26627e-06
-5.37936e-06
-5.49712e-06
-5.62116e-06
-5.75307e-06
-5.89434e-06
-6.0464e-06
-6.21058e-06
-6.38812e-06
-6.58014e-06
-6.78766e-06
-7.01154e-06
-7.25253e-06
-7.51121e-06
-7.78802e-06
-8.08325e-06
1.73942e-06
1.29867e-06
8.71783e-07
4.59334e-07
6.18538e-08
-3.20216e-07
-6.86516e-07
-1.03677e-06
-1.37079e-06
-1.68847e-06
-1.98981e-06
-2.27488e-06
-2.54385e-06
-2.79699e-06
-3.03464e-06
-3.25726e-06
-3.46541e-06
-3.65971e-06
-3.84098e-06
-4.00996e-06
-4.16796e-06
-4.31509e-06
-4.45241e-06
-4.58159e-06
-4.70309e-06
-4.81814e-06
-4.92922e-06
-5.03807e-06
-5.14644e-06
-5.2561e-06
-5.36877e-06
-5.48613e-06
-5.60982e-06
-5.74142e-06
-5.88246e-06
-6.0344e-06
-6.1986e-06
-6.37634e-06
-6.56878e-06
-6.77696e-06
-7.0018e-06
-7.24406e-06
-7.50437e-06
-7.78319e-06
-8.08083e-06
1.73439e-06
1.29068e-06
8.61197e-07
4.46532e-07
4.72186e-08
-3.36298e-07
-7.03659e-07
-1.0546e-06
-1.38893e-06
-1.70657e-06
-2.00752e-06
-2.2919e-06
-2.55988e-06
-2.81177e-06
-3.04795e-06
-3.26889e-06
-3.4752e-06
-3.66753e-06
-3.84672e-06
-4.01353e-06
-4.16928e-06
-4.31404e-06
-4.44942e-06
-4.57692e-06
-4.69708e-06
-4.81116e-06
-4.92143e-06
-5.0296e-06
-5.13739e-06
-5.24652e-06
-5.35869e-06
-5.47558e-06
-5.59884e-06
-5.73007e-06
-5.87081e-06
-6.02255e-06
-6.18668e-06
-6.36451e-06
-6.55725e-06
-6.76597e-06
-6.99161e-06
-7.23498e-06
-7.49672e-06
-7.77733e-06
-8.07712e-06
1.72884e-06
1.28247e-06
8.5066e-07
4.34013e-07
3.30674e-08
-3.5173e-07
-7.20024e-07
-1.07155e-06
-1.40613e-06
-1.72371e-06
-2.0243e-06
-2.30802e-06
-2.57509e-06
-2.82583e-06
-3.06065e-06
-3.28006e-06
-3.48468e-06
-3.6752e-06
-3.85249e-06
-4.01732e-06
-4.171e-06
-4.31363e-06
-4.44711e-06
-4.57301e-06
-4.69189e-06
-4.80501e-06
-4.91445e-06
-5.02192e-06
-5.12908e-06
-5.23763e-06
-5.34925e-06
-5.46563e-06
-5.5884e-06
-5.71919e-06
-5.85957e-06
-6.01104e-06
-6.17502e-06
-6.35287e-06
-6.5458e-06
-6.75493e-06
-6.98124e-06
-7.22556e-06
-7.48855e-06
-7.77073e-06
-8.07245e-06
1.72267e-06
1.27376e-06
8.39743e-07
4.21216e-07
1.87263e-08
-3.67278e-07
-7.36443e-07
-1.08851e-06
-1.42332e-06
-1.74082e-06
-2.04103e-06
-2.32411e-06
-2.5903e-06
-2.83992e-06
-3.07343e-06
-3.29136e-06
-3.49436e-06
-3.68314e-06
-3.85858e-06
-4.0215e-06
-4.1732e-06
-4.31378e-06
-4.44534e-06
-4.56966e-06
-4.68728e-06
-4.79938e-06
-4.90796e-06
-5.01467e-06
-5.12114e-06
-5.22904e-06
-5.34005e-06
-5.45584e-06
-5.57806e-06
-5.70834e-06
-5.84828e-06
-5.9994e-06
-6.16316e-06
-6.34093e-06
-6.53398e-06
-6.74343e-06
-6.97032e-06
-7.21548e-06
-7.47962e-06
-7.76327e-06
-8.06679e-06
1.71641e-06
1.26508e-06
8.28924e-07
4.0857e-07
4.56945e-09
-3.82624e-07
-7.52657e-07
-1.10527e-06
-1.44032e-06
-1.75775e-06
-2.05762e-06
-2.34009e-06
-2.60543e-06
-2.85398e-06
-3.08622e-06
-3.30272e-06
-3.50414e-06
-3.69124e-06
-3.8649e-06
-4.02597e-06
-4.17575e-06
-4.3143e-06
-4.44397e-06
-4.5667e-06
-4.68306e-06
-4.79417e-06
-4.90191e-06
-5.00786e-06
-5.11363e-06
-5.22087e-06
-5.33125e-06
-5.44642e-06
-5.56806e-06
-5.69781e-06
-5.83728e-06
-5.98802e-06
-6.15152e-06
-6.32917e-06
-6.52227e-06
-6.732e-06
-6.95939e-06
-7.20532e-06
-7.47053e-06
-7.75554e-06
-8.06075e-06
-7.75222e-06
-1.28299e-05
-1.2885e-05
-1.29359e-05
-1.33237e-05
-1.39199e-05
-1.46688e-05
-1.55359e-05
-1.65006e-05
-1.75499e-05
-1.86739e-05
-1.98633e-05
-2.11087e-05
-2.24013e-05
-2.37339e-05
-4.19589e-06
-9.44039e-06
-1.11258e-05
-1.20565e-05
-1.28582e-05
-1.36543e-05
-1.45085e-05
-1.54362e-05
-1.64376e-05
-1.75096e-05
-1.86475e-05
-1.98449e-05
-2.10947e-05
-2.23891e-05
-2.3722e-05
-1.936e-06
-7.07784e-06
-9.70396e-06
-1.12348e-05
-1.23805e-05
-1.33739e-05
-1.43395e-05
-1.53325e-05
-1.63732e-05
-1.74693e-05
-1.86217e-05
-1.98274e-05
-2.10813e-05
-2.23773e-05
-2.37099e-05
-8.73546e-07
-5.50872e-06
-8.52065e-06
-1.04571e-05
-1.1891e-05
-1.30772e-05
-1.41612e-05
-1.52252e-05
-1.63088e-05
-1.74305e-05
-1.8598e-05
-1.9812e-05
-2.10698e-05
-2.23668e-05
-2.36986e-05
-3.61113e-07
-4.27232e-06
-7.36644e-06
-9.61511e-06
-1.13273e-05
-1.27215e-05
-1.39445e-05
-1.50957e-05
-1.62327e-05
-1.73864e-05
-1.85722e-05
-1.97961e-05
-2.10583e-05
-2.23562e-05
-2.36867e-05
-4.63014e-08
-3.33999e-06
-6.30431e-06
-8.72727e-06
-1.06766e-05
-1.22816e-05
-1.36639e-05
-1.49238e-05
-1.61307e-05
-1.73274e-05
-1.85383e-05
-1.97757e-05
-2.10441e-05
-2.23436e-05
-2.36728e-05
7.87966e-08
-2.70567e-06
-5.43048e-06
-7.87693e-06
-9.97671e-06
-1.17625e-05
-1.33072e-05
-1.46922e-05
-1.59866e-05
-1.72406e-05
-1.84868e-05
-1.97442e-05
-2.10226e-05
-2.23255e-05
-2.36539e-05
5.45213e-09
-2.35785e-06
-4.79875e-06
-7.14904e-06
-9.29504e-06
-1.12001e-05
-1.28836e-05
-1.43942e-05
-1.57875e-05
-1.71123e-05
-1.84055e-05
-1.96917e-05
-2.09859e-05
-2.22957e-05
-2.36251e-05
-2.3646e-07
-2.25676e-06
-4.41484e-06
-6.59837e-06
-8.69949e-06
-1.06492e-05
-1.24253e-05
-1.40414e-05
-1.55312e-05
-1.69334e-05
-1.8283e-05
-1.96069e-05
-2.09239e-05
-2.22456e-05
-2.35791e-05
-6.13082e-07
-2.35604e-06
-4.25595e-06
-6.24403e-06
-8.23715e-06
-1.01624e-05
-1.19749e-05
-1.36604e-05
-1.5229e-05
-1.67039e-05
-1.81126e-05
-1.948e-05
-2.0826e-05
-2.21647e-05
-2.3506e-05
-1.09676e-06
-2.61448e-06
-4.28817e-06
-6.07848e-06
-7.92844e-06
-9.77642e-06
-1.15715e-05
-1.32828e-05
-1.49009e-05
-1.64327e-05
-1.78945e-05
-1.93053e-05
-2.0683e-05
-2.20423e-05
-2.33947e-05
-1.66703e-06
-2.99946e-06
-4.47757e-06
-6.08062e-06
-7.7728e-06
-9.50848e-06
-1.12417e-05
-1.29358e-05
-1.45686e-05
-1.61329e-05
-1.76333e-05
-1.90806e-05
-2.0488e-05
-2.18686e-05
-2.32337e-05
-2.30803e-06
-3.48548e-06
-4.79437e-06
-6.22528e-06
-7.75757e-06
-9.36072e-06
-1.09989e-05
-1.26374e-05
-1.42489e-05
-1.58167e-05
-1.73346e-05
-1.88049e-05
-2.02347e-05
-2.16331e-05
-2.301e-05
-3.00467e-06
-4.05031e-06
-5.21181e-06
-6.48643e-06
-7.86358e-06
-9.32476e-06
-1.08451e-05
-1.23966e-05
-1.39527e-05
-1.54923e-05
-1.7002e-05
-1.84763e-05
-1.99156e-05
-2.13242e-05
-2.27087e-05
-3.7396e-06
-4.6714e-06
-5.7035e-06
-6.83683e-06
-8.06709e-06
-9.38434e-06
-1.07732e-05
-1.22138e-05
-1.36844e-05
-1.51644e-05
-1.66371e-05
-1.80914e-05
-1.95221e-05
-2.09282e-05
-2.23123e-05
-4.49211e-06
-5.32411e-06
-6.24155e-06
-7.24714e-06
-8.34023e-06
-9.51652e-06
-1.07677e-05
-1.20815e-05
-1.34426e-05
-1.48341e-05
-1.62398e-05
-1.76468e-05
-1.90457e-05
-2.04316e-05
-2.18026e-05
-5.2383e-06
-5.98133e-06
-6.79599e-06
-7.6856e-06
-8.65145e-06
-9.69259e-06
-1.08056e-05
-1.1984e-05
-1.32187e-05
-1.4498e-05
-1.58093e-05
-1.71403e-05
-1.8481e-05
-1.98239e-05
-2.11642e-05
-5.9521e-06
-6.61413e-06
-7.33522e-06
-8.11865e-06
-8.9665e-06
-9.87967e-06
-1.08577e-05
-1.18982e-05
-1.2997e-05
-1.41477e-05
-1.53422e-05
-1.65716e-05
-1.78274e-05
-1.91018e-05
-2.03894e-05
-6.60512e-06
-7.19174e-06
-7.82625e-06
-8.51151e-06
-9.24974e-06
-1.00427e-05
-1.08916e-05
-1.17966e-05
-1.2757e-05
-1.37705e-05
-1.48338e-05
-1.59419e-05
-1.70899e-05
-1.82717e-05
-1.9483e-05
-7.17246e-06
-7.68813e-06
-8.2419e-06
-8.83607e-06
-9.47276e-06
-1.0154e-05
-1.08818e-05
-1.16578e-05
-1.24834e-05
-1.33593e-05
-1.42857e-05
-1.5262e-05
-1.62866e-05
-1.73575e-05
-1.84714e-05
-7.59139e-06
-8.04433e-06
-8.52801e-06
-9.04399e-06
-9.59412e-06
-1.01804e-05
-1.08051e-05
-1.14705e-05
-1.2179e-05
-1.29332e-05
-1.37352e-05
-1.45874e-05
-1.54918e-05
-1.64496e-05
-1.7463e-05
-7.86188e-06
-8.26395e-06
-8.69182e-06
-9.1467e-06
-9.63019e-06
-1.01442e-05
-1.0691e-05
-1.1273e-05
-1.18931e-05
-1.25543e-05
-1.32602e-05
-1.40145e-05
-1.48209e-05
-1.56843e-05
-1.66066e-05
-8.0186e-06
-8.38486e-06
-8.77398e-06
-9.18699e-06
-9.62533e-06
-1.00908e-05
-1.05855e-05
-1.11118e-05
-1.16727e-05
-1.22713e-05
-1.29116e-05
-1.35978e-05
-1.4335e-05
-1.51291e-05
-1.59859e-05
-8.11861e-06
-8.46042e-06
-8.82333e-06
-9.20831e-06
-9.61668e-06
-1.00501e-05
-1.05104e-05
-1.09999e-05
-1.15213e-05
-1.20778e-05
-1.26732e-05
-1.3312e-05
-1.39994e-05
-1.47415e-05
-1.55448e-05
-8.18494e-06
-8.51114e-06
-8.85746e-06
-9.22478e-06
-9.61432e-06
-1.00275e-05
-1.04662e-05
-1.09322e-05
-1.14281e-05
-1.19569e-05
-1.25219e-05
-1.31275e-05
-1.37784e-05
-1.44804e-05
-1.52394e-05
-8.23341e-06
-8.55069e-06
-8.88753e-06
-9.24476e-06
-9.62348e-06
-1.0025e-05
-1.04507e-05
-1.09026e-05
-1.13825e-05
-1.18933e-05
-1.24379e-05
-1.302e-05
-1.36438e-05
-1.43143e-05
-1.50376e-05
-8.27199e-06
-8.58514e-06
-8.91754e-06
-9.26999e-06
-9.64344e-06
-1.0039e-05
-1.04579e-05
-1.09017e-05
-1.13722e-05
-1.18715e-05
-1.24023e-05
-1.29677e-05
-1.35711e-05
-1.42158e-05
-1.49106e-05
-8.30399e-06
-8.61628e-06
-8.94769e-06
-9.29894e-06
-9.67085e-06
-1.00643e-05
-1.04804e-05
-1.09203e-05
-1.13854e-05
-1.18777e-05
-1.23992e-05
-1.29526e-05
-1.3541e-05
-1.41688e-05
-1.48355e-05
-8.33058e-06
-8.64414e-06
-8.97679e-06
-9.32916e-06
-9.70192e-06
-1.00958e-05
-1.05115e-05
-1.09502e-05
-1.14128e-05
-1.19009e-05
-1.2416e-05
-1.29604e-05
-1.35365e-05
-1.41472e-05
-1.47939e-05
-8.35213e-06
-8.66826e-06
-9.0035e-06
-9.35839e-06
-9.73345e-06
-1.01292e-05
-1.05462e-05
-1.09852e-05
-1.14471e-05
-1.19328e-05
-1.24437e-05
-1.29813e-05
-1.35474e-05
-1.41445e-05
-1.47737e-05
-8.36889e-06
-8.68829e-06
-9.02686e-06
-9.38505e-06
-9.76321e-06
-1.01617e-05
-1.05809e-05
-1.10213e-05
-1.14835e-05
-1.19681e-05
-1.2476e-05
-1.30084e-05
-1.35666e-05
-1.41524e-05
-1.47666e-05
-8.38124e-06
-8.70421e-06
-9.04644e-06
-9.40827e-06
-9.78993e-06
-1.01916e-05
-1.06135e-05
-1.10559e-05
-1.1519e-05
-1.20033e-05
-1.25093e-05
-1.30377e-05
-1.35893e-05
-1.41657e-05
-1.47669e-05
-8.38969e-06
-8.71627e-06
-9.06222e-06
-9.42776e-06
-9.81301e-06
-1.0218e-05
-1.06428e-05
-1.10874e-05
-1.15519e-05
-1.20364e-05
-1.25411e-05
-1.30663e-05
-1.36125e-05
-1.41809e-05
-1.47711e-05
-8.39484e-06
-8.7249e-06
-9.07445e-06
-9.44362e-06
-9.83238e-06
-1.02407e-05
-1.06684e-05
-1.11153e-05
-1.15814e-05
-1.20664e-05
-1.25703e-05
-1.30931e-05
-1.36347e-05
-1.41964e-05
-1.47769e-05
-8.3973e-06
-8.73063e-06
-9.08356e-06
-9.45614e-06
-9.84825e-06
-1.02597e-05
-1.06902e-05
-1.11395e-05
-1.16071e-05
-1.20928e-05
-1.25963e-05
-1.31171e-05
-1.3655e-05
-1.42112e-05
-1.47828e-05
-8.39765e-06
-8.73397e-06
-9.09003e-06
-9.46577e-06
-9.86099e-06
-1.02754e-05
-1.07086e-05
-1.116e-05
-1.16293e-05
-1.21158e-05
-1.2619e-05
-1.31383e-05
-1.36731e-05
-1.42245e-05
-1.47884e-05
-8.39642e-06
-8.73546e-06
-9.09434e-06
-9.47296e-06
-9.87102e-06
-1.02881e-05
-1.07238e-05
-1.11773e-05
-1.16481e-05
-1.21354e-05
-1.26385e-05
-1.31566e-05
-1.36889e-05
-1.4236e-05
-1.47932e-05
-8.39399e-06
-8.73549e-06
-9.09694e-06
-9.47819e-06
-9.87886e-06
-1.02984e-05
-1.07363e-05
-1.11918e-05
-1.16641e-05
-1.21522e-05
-1.26553e-05
-1.31724e-05
-1.37025e-05
-1.42458e-05
-1.47974e-05
-8.39045e-06
-8.73428e-06
-9.0982e-06
-9.48199e-06
-9.88516e-06
-1.03072e-05
-1.07472e-05
-1.12046e-05
-1.16783e-05
-1.21672e-05
-1.26704e-05
-1.31866e-05
-1.37147e-05
-1.42547e-05
-1.48011e-05
-8.38639e-06
-8.73238e-06
-9.09855e-06
-9.48463e-06
-9.89016e-06
-1.03145e-05
-1.07567e-05
-1.1216e-05
-1.16911e-05
-1.2181e-05
-1.26844e-05
-1.32e-05
-1.37263e-05
-1.4263e-05
-1.48045e-05
-3.26639e-07
-3.25194e-07
-3.23515e-07
-3.2137e-07
-3.18465e-07
-3.14453e-07
-3.09044e-07
-3.02077e-07
-2.93564e-07
-2.83655e-07
-2.72607e-07
-2.60734e-07
-2.4837e-07
-2.35834e-07
-2.23382e-07
-2.11158e-07
-1.9914e-07
-1.87049e-07
-1.74218e-07
-1.59431e-07
-1.40826e-07
-1.15812e-07
-7.91823e-08
-2.4634e-08
5.30589e-08
1.58894e-07
2.97448e-07
4.71858e-07
6.82628e-07
9.26724e-07
1.20229e-06
1.50365e-06
1.81284e-06
2.11269e-06
2.38635e-06
2.61879e-06
2.79726e-06
2.91415e-06
2.9695e-06
2.97129e-06
2.93415e-06
2.87643e-06
2.81429e-06
2.77118e-06
2.7577e-06
-3.29772e-07
-3.29009e-07
-3.2755e-07
-3.24948e-07
-3.2089e-07
-3.1522e-07
-3.07748e-07
-2.98359e-07
-2.87024e-07
-2.73793e-07
-2.58766e-07
-2.42098e-07
-2.23976e-07
-2.04605e-07
-1.8418e-07
-1.62857e-07
-1.407e-07
-1.17601e-07
-9.31414e-08
-6.64041e-08
-3.57907e-08
1.30491e-09
4.93852e-08
1.13016e-07
1.96409e-07
3.04047e-07
4.39962e-07
6.06865e-07
8.05542e-07
1.03462e-06
1.28933e-06
1.55764e-06
1.82847e-06
2.09028e-06
2.32873e-06
2.529e-06
2.68039e-06
2.77865e-06
2.82633e-06
2.83214e-06
2.80892e-06
2.77068e-06
2.72996e-06
2.69686e-06
2.67645e-06
-3.3142e-07
-3.3303e-07
-3.32928e-07
-3.31163e-07
-3.27506e-07
-3.21775e-07
-3.13842e-07
-3.03634e-07
-2.91118e-07
-2.76308e-07
-2.59266e-07
-2.40092e-07
-2.18928e-07
-1.95956e-07
-1.7141e-07
-1.45574e-07
-1.18784e-07
-9.13986e-08
-6.37291e-08
-3.58921e-08
-7.60883e-09
2.24076e-08
5.77094e-08
1.03175e-07
1.64621e-07
2.48768e-07
3.61967e-07
5.08966e-07
6.91986e-07
9.1012e-07
1.15948e-06
1.42991e-06
1.70839e-06
1.97994e-06
2.22843e-06
2.43877e-06
2.5997e-06
2.70597e-06
2.75934e-06
2.76798e-06
2.74435e-06
2.70232e-06
2.65436e-06
2.60796e-06
2.56444e-06
-3.34958e-07
-3.40016e-07
-3.41949e-07
-3.41373e-07
-3.38464e-07
-3.33063e-07
-3.25051e-07
-3.14368e-07
-3.00996e-07
-2.84943e-07
-2.6626e-07
-2.4504e-07
-2.21439e-07
-1.95707e-07
-1.68234e-07
-1.39607e-07
-1.10694e-07
-8.27108e-08
-5.72545e-08
-3.62517e-08
-2.17194e-08
-1.46527e-08
-1.19518e-08
-6.09196e-09
1.25259e-08
5.48393e-08
1.31235e-07
2.49012e-07
4.1194e-07
6.19604e-07
8.67555e-07
1.1467e-06
1.44287e-06
1.73927e-06
2.01744e-06
2.25967e-06
2.45171e-06
2.58532e-06
2.65976e-06
2.68151e-06
2.66249e-06
2.6172e-06
2.55964e-06
2.49742e-06
2.42976e-06
-3.4251e-07
-3.51253e-07
-3.55493e-07
-3.56444e-07
-3.5463e-07
-3.49941e-07
-3.42274e-07
-3.31595e-07
-3.17893e-07
-3.01179e-07
-2.81498e-07
-2.58952e-07
-2.33738e-07
-2.06217e-07
-1.77013e-07
-1.47149e-07
-1.18242e-07
-9.27155e-08
-7.39869e-08
-6.65387e-08
-7.56222e-08
-1.05574e-07
-1.53497e-07
-2.06637e-07
-2.49271e-07
-2.64223e-07
-2.36191e-07
-1.56673e-07
-2.11936e-08
1.71251e-07
4.17675e-07
7.08161e-07
1.02885e-06
1.36137e-06
1.68477e-06
1.97774e-06
2.22147e-06
2.40271e-06
2.51613e-06
2.56499e-06
2.55991e-06
2.51636e-06
2.45087e-06
2.37266e-06
2.28026e-06
-3.55808e-07
-3.68074e-07
-3.74636e-07
-3.77249e-07
-3.76743e-07
-3.73043e-07
-3.66069e-07
-3.55813e-07
-3.42271e-07
-3.25452e-07
-3.05397e-07
-2.82217e-07
-2.56158e-07
-2.27706e-07
-1.97752e-07
-1.67825e-07
-1.40424e-07
-1.19413e-07
-1.10426e-07
-1.21069e-07
-1.60515e-07
-2.37284e-07
-3.48478e-07
-4.73303e-07
-5.87365e-07
-6.67098e-07
-6.96248e-07
-6.63889e-07
-5.62271e-07
-3.91709e-07
-1.50476e-07
1.50985e-07
4.9802e-07
8.71488e-07
1.24854e-06
1.6043e-06
1.91465e-06
2.1599e-06
2.32825e-06
2.41796e-06
2.43721e-06
2.40207e-06
2.33211e-06
2.23893e-06
2.12107e-06
-3.76071e-07
-3.91502e-07
-4.0025e-07
-4.04523e-07
-4.05407e-07
-4.02855e-07
-3.96802e-07
-3.87255e-07
-3.74213e-07
-3.57675e-07
-3.37665e-07
-3.14291e-07
-2.87832e-07
-2.58882e-07
-2.28587e-07
-1.98982e-07
-1.73477e-07
-1.5747e-07
-1.59016e-07
-1.89188e-07
-2.61441e-07
-3.88854e-07
-5.68407e-07
-7.68856e-07
-9.56855e-07
-1.10801e-06
-1.20397e-06
-1.22581e-06
-1.16115e-06
-1.00684e-06
-7.71745e-07
-4.63202e-07
-9.41494e-08
3.16995e-07
7.46786e-07
1.16778e-06
1.55095e-06
1.86962e-06
2.10419e-06
2.24614e-06
2.29957e-06
2.28015e-06
2.21024e-06
2.10401e-06
1.96031e-06
-4.03852e-07
-4.22059e-07
-4.32807e-07
-4.38684e-07
-4.40977e-07
-4.39653e-07
-4.3465e-07
-4.25982e-07
-4.13638e-07
-3.97591e-07
-3.77833e-07
-3.5444e-07
-3.27689e-07
-2.98239e-07
-2.67433e-07
-2.37748e-07
-2.13446e-07
-2.01415e-07
-2.12157e-07
-2.6041e-07
-3.64028e-07
-5.40596e-07
-7.88091e-07
-1.06474e-06
-1.32866e-06
-1.54862e-06
-1.69897e-06
-1.76222e-06
-1.72984e-06
-1.59915e-06
-1.37577e-06
-1.0669e-06
-6.84374e-07
-2.45032e-07
2.28623e-07
7.08288e-07
1.1614e-06
1.55488e-06
1.86073e-06
2.06228e-06
2.15776e-06
2.16082e-06
2.09571e-06
1.97895e-06
1.80979e-06
-4.39214e-07
-4.59863e-07
-4.72433e-07
-4.79839e-07
-4.83524e-07
-4.83444e-07
-4.79537e-07
-4.71809e-07
-4.60227e-07
-4.44721e-07
-4.25225e-07
-4.01755e-07
-3.74537e-07
-3.44232e-07
-3.12294e-07
-2.81536e-07
-2.56938e-07
-2.4673e-07
-2.63741e-07
-3.26493e-07
-4.57038e-07
-6.7644e-07
-9.85805e-07
-1.33126e-06
-1.66127e-06
-1.93833e-06
-2.13459e-06
-2.23371e-06
-2.22891e-06
-2.1188e-06
-1.90847e-06
-1.6048e-06
-1.21801e-06
-7.62397e-07
-2.58005e-07
2.67921e-07
7.81262e-07
1.24399e-06
1.62001e-06
1.88391e-06
2.02641e-06
2.05741e-06
2.00166e-06
1.87731e-06
1.68402e-06
-4.81894e-07
-5.04744e-07
-5.18996e-07
-5.2786e-07
-5.32891e-07
-5.34027e-07
-5.31187e-07
-5.24362e-07
-5.13486e-07
-4.98427e-07
-4.79041e-07
-4.55249e-07
-4.27177e-07
-3.95416e-07
-3.61435e-07
-3.28245e-07
-3.01378e-07
-2.9019e-07
-3.0958e-07
-3.81935e-07
-5.33181e-07
-7.86303e-07
-1.14793e-06
-1.55119e-06
-1.93483e-06
-2.25678e-06
-2.48826e-06
-2.61402e-06
-2.62916e-06
-2.53483e-06
-2.33672e-06
-2.04158e-06
-1.65783e-06
-1.1967e-06
-6.74778e-07
-1.16687e-07
4.43913e-07
9.66031e-07
1.40626e-06
1.73103e-06
1.92258e-06
1.98531e-06
1.94293e-06
1.8143e-06
1.59918e-06
-5.31441e-07
-5.56359e-07
-5.72202e-07
-5.82463e-07
-5.88784e-07
-5.91064e-07
-5.892e-07
-5.83161e-07
-5.72833e-07
-5.58014e-07
-5.38461e-07
-5.13968e-07
-4.84517e-07
-4.50562e-07
-4.13488e-07
-3.76367e-07
-3.45093e-07
-3.29902e-07
-3.47285e-07
-4.2273e-07
-5.87296e-07
-8.68282e-07
-1.26887e-06
-1.71757e-06
-2.14198e-06
-2.49632e-06
-2.75136e-06
-2.89355e-06
-2.92057e-06
-2.8364e-06
-2.64787e-06
-2.3618e-06
-1.98492e-06
-1.52541e-06
-9.96058e-07
-4.17995e-07
1.77235e-07
7.47689e-07
1.24279e-06
1.62391e-06
1.86411e-06
1.96079e-06
1.93516e-06
1.80576e-06
1.57199e-06
-5.87326e-07
-6.14287e-07
-6.31679e-07
-6.43291e-07
-6.50833e-07
-6.54155e-07
-6.53126e-07
-6.47685e-07
-6.37668e-07
-6.22795e-07
-6.02709e-07
-5.77054e-07
-5.45631e-07
-5.08698e-07
-4.67472e-07
-4.24957e-07
-3.87235e-07
-3.65219e-07
-3.76701e-07
-4.48756e-07
-6.18437e-07
-9.2113e-07
-1.34925e-06
-1.8305e-06
-2.28341e-06
-2.65854e-06
-2.92651e-06
-3.07589e-06
-3.10726e-06
-3.02726e-06
-2.84414e-06
-2.56487e-06
-2.19482e-06
-1.73949e-06
-1.20818e-06
-6.18324e-07
1.73339e-09
6.1127e-07
1.1504e-06
1.58151e-06
1.86842e-06
1.99998e-06
1.99379e-06
1.86722e-06
1.61871e-06
-6.49035e-07
-6.78105e-07
-6.9705e-07
-7.09981e-07
-7.18667e-07
-7.22898e-07
-7.22514e-07
-7.17426e-07
-7.0742e-07
-6.92134e-07
-6.71093e-07
-6.43776e-07
-6.09771e-07
-5.69095e-07
-5.22736e-07
-4.7352e-07
-4.27558e-07
-3.96236e-07
-3.98482e-07
-4.62873e-07
-6.31837e-07
-9.44522e-07
-1.39116e-06
-1.89439e-06
-2.3652e-06
-2.75122e-06
-3.02325e-06
-3.17208e-06
-3.20107e-06
-3.11927e-06
-2.93626e-06
-2.65923e-06
-2.29253e-06
-1.83963e-06
-1.30701e-06
-7.09035e-07
-7.09518e-08
5.70587e-07
1.14889e-06
1.62171e-06
1.95188e-06
2.11806e-06
2.13329e-06
2.0131e-06
1.75417e-06
-7.16125e-07
-7.47447e-07
-7.67989e-07
-7.82214e-07
-7.91952e-07
-7.96929e-07
-7.96956e-07
-7.91923e-07
-7.81573e-07
-7.65468e-07
-7.43017e-07
-7.13529e-07
-6.76353e-07
-6.31239e-07
-5.78895e-07
-5.21884e-07
-4.66223e-07
-4.23577e-07
-4.1393e-07
-4.67881e-07
-6.29681e-07
-9.42747e-07
-1.40027e-06
-1.91644e-06
-2.39632e-06
-2.7852e-06
-3.05418e-06
-3.19616e-06
-3.21692e-06
-3.12752e-06
-2.93863e-06
-2.65761e-06
-2.28816e-06
-1.83239e-06
-1.29479e-06
-6.87377e-07
-3.35486e-08
6.3137e-07
1.24976e-06
1.76063e-06
2.12891e-06
2.32824e-06
2.36629e-06
2.25589e-06
1.99099e-06
-7.88272e-07
-8.22048e-07
-8.44255e-07
-8.59748e-07
-8.70425e-07
-8.75945e-07
-8.76099e-07
-8.7077e-07
-8.59672e-07
-8.42303e-07
-8.1797e-07
-7.85817e-07
-7.44934e-07
-6.94777e-07
-6.35763e-07
-5.70106e-07
-5.03631e-07
-4.48119e-07
-4.24336e-07
-4.64683e-07
-6.14888e-07
-9.22321e-07
-1.38328e-06
-1.90478e-06
-2.38662e-06
-2.77196e-06
-3.03234e-06
-3.16241e-06
-3.16992e-06
-3.0674e-06
-2.86629e-06
-2.57405e-06
-2.19401e-06
-1.7276e-06
-1.17812e-06
-5.56164e-07
1.15935e-07
8.03014e-07
1.4584e-06
2.00586e-06
2.40906e-06
2.64077e-06
2.70298e-06
2.60574e-06
2.3392e-06
-8.65288e-07
-9.01762e-07
-9.25718e-07
-9.42439e-07
-9.53905e-07
-9.59713e-07
-9.59649e-07
-9.53612e-07
-9.41308e-07
-9.22197e-07
-8.955e-07
-8.60225e-07
-8.15167e-07
-7.5947e-07
-6.93279e-07
-6.18376e-07
-5.40317e-07
-4.70871e-07
-4.31329e-07
-4.55523e-07
-5.90961e-07
-8.88365e-07
-1.34685e-06
-1.8671e-06
-2.34522e-06
-2.72226e-06
-2.96983e-06
-3.08395e-06
-3.07384e-06
-2.95301e-06
-2.73331e-06
-2.4222e-06
-2.02282e-06
-1.5364e-06
-9.66013e-07
-3.21714e-07
3.7501e-07
1.08939e-06
1.77581e-06
2.36168e-06
2.8e-06
3.06373e-06
3.15115e-06
3.07027e-06
2.80604e-06
-9.47139e-07
-9.86584e-07
-1.01237e-06
-1.03025e-06
-1.0423e-06
-1.04807e-06
-1.04736e-06
-1.04013e-06
-1.0261e-06
-1.00473e-06
-9.75171e-07
-9.3637e-07
-8.86775e-07
-8.25133e-07
-7.51442e-07
-6.66942e-07
-5.76855e-07
-4.9284e-07
-4.36538e-07
-4.42877e-07
-5.61242e-07
-8.45071e-07
-1.29617e-06
-1.8107e-06
-2.28076e-06
-2.64572e-06
-2.87716e-06
-2.97205e-06
-2.94052e-06
-2.79657e-06
-2.55211e-06
-2.21445e-06
-1.78672e-06
-1.2703e-06
-6.68711e-07
7.80718e-09
7.37815e-07
1.48589e-06
2.20342e-06
2.83031e-06
3.30515e-06
3.60217e-06
3.71575e-06
3.65442e-06
3.39559e-06
-1.03395e-06
-1.07665e-06
-1.10434e-06
-1.12324e-06
-1.1356e-06
-1.1409e-06
-1.13903e-06
-1.13001e-06
-1.11367e-06
-1.08947e-06
-1.05652e-06
-1.01384e-06
-9.59479e-07
-8.91601e-07
-8.10251e-07
-7.16035e-07
-6.13768e-07
-5.14932e-07
-4.41354e-07
-4.28852e-07
-5.28547e-07
-7.96192e-07
-1.23625e-06
-1.74156e-06
-2.20023e-06
-2.55024e-06
-2.76299e-06
-2.83597e-06
-2.77973e-06
-2.60828e-06
-2.33327e-06
-1.96174e-06
-1.49682e-06
-9.40387e-07
-2.96855e-07
4.22517e-07
1.19552e-06
1.98607e-06
2.74382e-06
3.4084e-06
3.92223e-06
4.25822e-06
4.39886e-06
4.36162e-06
4.10869e-06
-1.12601e-06
-1.17227e-06
-1.20187e-06
-1.22161e-06
-1.23387e-06
-1.23815e-06
-1.23444e-06
-1.22294e-06
-1.20361e-06
-1.17598e-06
-1.13913e-06
-1.09222e-06
-1.03284e-06
-9.58641e-07
-8.6966e-07
-7.65818e-07
-6.51481e-07
-5.37888e-07
-4.46868e-07
-4.15161e-07
-4.95164e-07
-7.44846e-07
-1.17123e-06
-1.66449e-06
-2.10927e-06
-2.44219e-06
-2.63426e-06
-2.68314e-06
-2.59933e-06
-2.39648e-06
-2.08566e-06
-1.67348e-06
-1.16309e-06
-5.5701e-07
1.39075e-07
9.12292e-07
1.73882e-06
2.58118e-06
3.38786e-06
4.09745e-06
4.65288e-06
5.02703e-06
5.19853e-06
5.19259e-06
4.94542e-06
-1.22377e-06
-1.27387e-06
-1.30538e-06
-1.32563e-06
-1.33724e-06
-1.33977e-06
-1.33338e-06
-1.31855e-06
-1.29544e-06
-1.26375e-06
-1.2226e-06
-1.171e-06
-1.10618e-06
-1.02602e-06
-9.29551e-07
-8.16341e-07
-6.90269e-07
-5.62219e-07
-4.54017e-07
-4.03007e-07
-4.62866e-07
-6.93441e-07
-1.10425e-06
-1.58329e-06
-2.01232e-06
-2.32651e-06
-2.49636e-06
-2.51935e-06
-2.40554e-06
-2.16788e-06
-1.81661e-06
-1.35773e-06
-7.94359e-07
-1.29737e-07
6.2897e-07
1.46686e-06
2.35791e-06
3.26255e-06
4.12767e-06
4.89024e-06
5.49187e-06
5.90716e-06
6.11568e-06
6.13126e-06
5.91083e-06
-1.32788e-06
-1.38211e-06
-1.4154e-06
-1.43569e-06
-1.4459e-06
-1.44571e-06
-1.4356e-06
-1.4164e-06
-1.38859e-06
-1.3521e-06
-1.30615e-06
-1.24949e-06
-1.17924e-06
-1.09331e-06
-9.89642e-07
-8.67513e-07
-7.30235e-07
-5.8826e-07
-4.63352e-07
-3.9329e-07
-4.3293e-07
-6.43734e-07
-1.03761e-06
-1.50088e-06
-1.91272e-06
-2.20696e-06
-2.35337e-06
-2.34903e-06
-2.20322e-06
-1.92788e-06
-1.53219e-06
-1.02139e-06
-3.98472e-07
3.32617e-07
1.16314e-06
2.07594e-06
3.04233e-06
4.02001e-06
4.95356e-06
5.779e-06
6.43358e-06
6.89101e-06
7.13793e-06
7.17602e-06
6.99769e-06
-1.43917e-06
-1.4978e-06
-1.53264e-06
-1.55228e-06
-1.56007e-06
-1.55591e-06
-1.54075e-06
-1.51594e-06
-1.48237e-06
-1.44027e-06
-1.38896e-06
-1.327e-06
-1.25155e-06
-1.15995e-06
-1.04954e-06
-9.19095e-07
-7.71281e-07
-6.16138e-07
-4.75163e-07
-3.8657e-07
-4.06195e-07
-5.96934e-07
-9.72949e-07
-1.41931e-06
-1.81293e-06
-2.08629e-06
-2.20835e-06
-2.17555e-06
-1.99612e-06
-1.68076e-06
-1.2374e-06
-6.70373e-07
1.75879e-08
8.21904e-07
1.7323e-06
2.72926e-06
3.78123e-06
4.84274e-06
5.8555e-06
6.75324e-06
7.46806e-06
7.97313e-06
8.26388e-06
8.3315e-06
8.19022e-06
-1.55871e-06
-1.62199e-06
-1.65797e-06
-1.67599e-06
-1.67998e-06
-1.67026e-06
-1.64843e-06
-1.61652e-06
-1.576e-06
-1.52743e-06
-1.47023e-06
-1.40283e-06
-1.32228e-06
-1.22532e-06
-1.10875e-06
-9.7071e-07
-8.13187e-07
-6.45728e-07
-4.89525e-07
-3.831e-07
-3.83132e-07
-5.53794e-07
-9.11352e-07
-1.34002e-06
-1.71464e-06
-1.96645e-06
-2.0635e-06
-2.0014e-06
-1.78713e-06
-1.42997e-06
-9.36434e-07
-3.09805e-07
4.47538e-07
1.33053e-06
2.32748e-06
3.4166e-06
4.56338e-06
5.71897e-06
6.82167e-06
7.80204e-06
8.58553e-06
9.1445e-06
9.4864e-06
9.59147e-06
9.48672e-06
-1.68785e-06
-1.75599e-06
-1.79246e-06
-1.8075e-06
-1.80585e-06
-1.78855e-06
-1.75807e-06
-1.71738e-06
-1.66858e-06
-1.61265e-06
-1.54907e-06
-1.47613e-06
-1.39063e-06
-1.28877e-06
-1.16669e-06
-1.02187e-06
-8.55573e-07
-6.76761e-07
-5.06296e-07
-3.82878e-07
-3.63911e-07
-5.14702e-07
-8.53476e-07
-1.26391e-06
-1.61902e-06
-1.84882e-06
-1.92041e-06
-1.82845e-06
-1.57849e-06
-1.17828e-06
-6.32794e-07
5.58293e-08
8.85684e-07
1.85138e-06
2.94001e-06
4.12772e-06
5.37717e-06
6.63606e-06
7.83887e-06
8.91226e-06
9.77553e-06
1.03927e-05
1.07891e-05
1.09385e-05
1.08809e-05
-1.82831e-06
-1.90142e-06
-1.93738e-06
-1.94754e-06
-1.93787e-06
-1.91044e-06
-1.869e-06
-1.81762e-06
-1.7591e-06
-1.69492e-06
-1.62454e-06
-1.54602e-06
-1.45583e-06
-1.34959e-06
-1.22273e-06
-1.07203e-06
-8.97947e-07
-7.08845e-07
-5.25171e-07
-3.85708e-07
-3.48467e-07
-4.79764e-07
-7.9964e-07
-1.19153e-06
-1.52679e-06
-1.73432e-06
-1.78021e-06
-1.65809e-06
-1.37196e-06
-9.27951e-07
-3.29463e-07
4.22582e-07
1.32684e-06
2.37776e-06
3.56149e-06
4.85242e-06
6.21068e-06
7.58065e-06
8.8925e-06
1.0068e-05
1.10245e-05
1.17104e-05
1.2162e-05
1.23622e-05
1.23567e-05
-1.98225e-06
-2.0603e-06
-2.09424e-06
-2.09693e-06
-2.07613e-06
-2.03543e-06
-1.98037e-06
-1.91618e-06
-1.84652e-06
-1.77322e-06
-1.69569e-06
-1.61166e-06
-1.51714e-06
-1.40711e-06
-1.27626e-06
-1.1206e-06
-9.39778e-07
-7.41498e-07
-5.45729e-07
-3.9125e-07
-3.36567e-07
-4.48884e-07
-7.49926e-07
-1.12312e-06
-1.4384e-06
-1.62356e-06
-1.64369e-06
-1.49133e-06
-1.1689e-06
-6.80842e-07
-2.89903e-08
7.86958e-07
1.76626e-06
2.90339e-06
4.18381e-06
5.5806e-06
7.0518e-06
8.53888e-06
9.96749e-06
1.12534e-05
1.2314e-05
1.30872e-05
1.35955e-05
1.38538e-05
1.39061e-05
-2.15244e-06
-2.23515e-06
-2.2648e-06
-2.25648e-06
-2.22059e-06
-2.16287e-06
-2.09115e-06
-2.01189e-06
-1.92975e-06
-1.84657e-06
-1.76167e-06
-1.6723e-06
-1.5739e-06
-1.46073e-06
-1.32671e-06
-1.16704e-06
-9.80527e-07
-7.74201e-07
-5.67484e-07
-3.99075e-07
-3.2786e-07
-4.21825e-07
-7.04248e-07
-1.05877e-06
-1.35406e-06
-1.5169e-06
-1.51139e-06
-1.32896e-06
-9.70374e-07
-4.38485e-07
2.66438e-07
1.14586e-06
2.19966e-06
3.42242e-06
4.79923e-06
6.30233e-06
7.88837e-06
9.49655e-06
1.10487e-05
1.24546e-05
1.36268e-05
1.4501e-05
1.50766e-05
1.54009e-05
1.55198e-05
-2.34247e-06
-2.42906e-06
-2.45107e-06
-2.42697e-06
-2.37096e-06
-2.29192e-06
-2.20012e-06
-2.10362e-06
-2.00766e-06
-1.91404e-06
-1.82172e-06
-1.72731e-06
-1.62556e-06
-1.50995e-06
-1.37358e-06
-1.21085e-06
-1.01969e-06
-8.0644e-07
-5.89932e-07
-4.08707e-07
-3.21929e-07
-3.98259e-07
-6.62411e-07
-9.98404e-07
-1.27385e-06
-1.41456e-06
-1.38369e-06
-1.17154e-06
-7.77254e-07
-2.02155e-07
5.54948e-07
1.49659e-06
2.62316e-06
3.92946e-06
5.40046e-06
7.00806e-06
8.70827e-06
1.0439e-05
1.21192e-05
1.36536e-05
1.49477e-05
1.59316e-05
1.65889e-05
1.69887e-05
1.71862e-05
-2.55707e-06
-2.64587e-06
-2.65528e-06
-2.609e-06
-2.52677e-06
-2.42146e-06
-2.30599e-06
-2.19009e-06
-2.07926e-06
-1.97487e-06
-1.87526e-06
-1.77626e-06
-1.67175e-06
-1.55442e-06
-1.41653e-06
-1.25165e-06
-1.05684e-06
-8.37747e-07
-6.12587e-07
-4.19667e-07
-3.18332e-07
-3.77818e-07
-6.24153e-07
-9.41893e-07
-1.19776e-06
-1.31666e-06
-1.26083e-06
-1.01946e-06
-5.90218e-07
2.7095e-08
8.34948e-07
1.83677e-06
3.03335e-06
4.41969e-06
5.9808e-06
7.68873e-06
9.49968e-06
1.13514e-05
1.31615e-05
1.48301e-05
1.6255e-05
1.73591e-05
1.81166e-05
1.8602e-05
1.88944e-05
-2.80262e-06
-2.89028e-06
-2.87976e-06
-2.80287e-06
-2.68711e-06
-2.54996e-06
-2.40739e-06
-2.27021e-06
-2.14369e-06
-2.02848e-06
-1.92194e-06
-1.81888e-06
-1.71228e-06
-1.59396e-06
-1.45532e-06
-1.28914e-06
-1.09163e-06
-8.67725e-07
-6.35011e-07
-4.31501e-07
-3.16633e-07
-3.60115e-07
-5.89182e-07
-8.89046e-07
-1.1257e-06
-1.22321e-06
-1.14296e-06
-8.73091e-07
-4.09802e-07
2.48404e-07
1.10511e-06
2.16442e-06
3.4273e-06
4.88887e-06
6.53426e-06
8.33604e-06
1.02514e-05
1.22192e-05
1.41571e-05
1.5963e-05
1.7527e-05
1.8762e-05
1.96366e-05
2.0224e-05
2.06333e-05
-3.08783e-06
-3.16796e-06
-3.12687e-06
-3.00833e-06
-2.85047e-06
-2.67578e-06
-2.50288e-06
-2.34295e-06
-2.20038e-06
-2.07458e-06
-1.96162e-06
-1.85516e-06
-1.74715e-06
-1.62853e-06
-1.48987e-06
-1.32318e-06
-1.12382e-06
-8.96061e-07
-6.5683e-07
-4.43801e-07
-3.1642e-07
-3.44775e-07
-5.57198e-07
-8.3965e-07
-1.05756e-06
-1.13419e-06
-1.03018e-06
-7.32624e-07
-2.36415e-07
4.61088e-07
1.36436e-06
2.4779e-06
3.80259e-06
5.33347e-06
7.05573e-06
8.94267e-06
1.09531e-05
1.30283e-05
1.50881e-05
1.703e-05
1.87388e-05
2.01173e-05
2.11225e-05
2.18332e-05
2.2391e-05
-3.42493e-06
-3.48553e-06
-3.39855e-06
-3.22431e-06
-3.0149e-06
-2.79704e-06
-2.5911e-06
-2.40753e-06
-2.24899e-06
-2.11314e-06
-1.99445e-06
-1.88529e-06
-1.77654e-06
-1.65828e-06
-1.52025e-06
-1.35374e-06
-1.15329e-06
-9.22535e-07
-6.77751e-07
-4.5622e-07
-3.17329e-07
-3.3145e-07
-5.27908e-07
-7.93485e-07
-9.93188e-07
-1.04954e-06
-9.22495e-07
-5.98199e-07
-7.03595e-08
6.6462e-07
1.61186e-06
2.77594e-06
4.1573e-06
5.75065e-06
7.54104e-06
9.5025e-06
1.15958e-05
1.37658e-05
1.59364e-05
1.80079e-05
1.98624e-05
2.13946e-05
2.25462e-05
2.34049e-05
2.41561e-05
-3.83132e-06
-3.85018e-06
-3.69459e-06
-3.44997e-06
-3.17784e-06
-2.9117e-06
-2.67088e-06
-2.46347e-06
-2.28952e-06
-2.14441e-06
-2.0208e-06
-1.90965e-06
-1.8008e-06
-1.68346e-06
-1.54662e-06
-1.38087e-06
-1.18001e-06
-9.47017e-07
-6.97557e-07
-4.68478e-07
-3.19043e-07
-3.19824e-07
-5.01035e-07
-7.50334e-07
-9.32429e-07
-9.69164e-07
-8.19904e-07
-4.69892e-07
8.81641e-08
8.58629e-07
1.84699e-06
3.05759e-06
4.49004e-06
6.13835e-06
7.98708e-06
1.00108e-05
1.21723e-05
1.44205e-05
1.66853e-05
1.8873e-05
2.08674e-05
2.25586e-05
2.3872e-05
2.49081e-05
2.5919e-05
-4.332e-06
-4.2694e-06
-4.01486e-06
-3.68077e-06
-3.336e-06
-3.01777e-06
-2.74134e-06
-2.51069e-06
-2.32234e-06
-2.16896e-06
-2.04124e-06
-1.92879e-06
-1.8204e-06
-1.70445e-06
-1.56925e-06
-1.40474e-06
-1.20401e-06
-9.69452e-07
-7.16104e-07
-4.80359e-07
-3.21302e-07
-3.09623e-07
-4.76328e-07
-7.09988e-07
-8.75126e-07
-8.92962e-07
-7.22316e-07
-3.47725e-07
2.39042e-07
1.04288e-06
2.06939e-06
3.32227e-06
4.79993e-06
6.49527e-06
8.39186e-06
1.04643e-05
1.26771e-05
1.49834e-05
1.73201e-05
1.96024e-05
2.17208e-05
2.35678e-05
2.50539e-05
2.63004e-05
2.76703e-05
-4.96225e-06
-4.74621e-06
-4.35675e-06
-3.9116e-06
-3.48563e-06
-3.11341e-06
-2.80202e-06
-2.54952e-06
-2.34812e-06
-2.18754e-06
-2.05655e-06
-1.94339e-06
-1.83588e-06
-1.72169e-06
-1.58846e-06
-1.42556e-06
-1.22542e-06
-9.89853e-07
-7.3331e-07
-4.91704e-07
-3.23894e-07
-3.0061e-07
-4.53562e-07
-6.72251e-07
-8.21117e-07
-8.20812e-07
-6.29729e-07
-2.31682e-07
3.82219e-07
1.21723e-06
2.2788e-06
3.56963e-06
5.0865e-06
6.82074e-06
8.75434e-06
1.08612e-05
1.31069e-05
1.54481e-05
1.78287e-05
2.01749e-05
2.23887e-05
2.43741e-05
2.60313e-05
2.75188e-05
2.93948e-05
-5.77041e-06
-5.27632e-06
-4.70907e-06
-4.13549e-06
-3.62261e-06
-3.19705e-06
-2.85289e-06
-2.58064e-06
-2.36779e-06
-2.20113e-06
-2.06758e-06
-1.95418e-06
-1.84788e-06
-1.73568e-06
-1.60465e-06
-1.44361e-06
-1.2444e-06
-1.00828e-06
-7.49145e-07
-5.02405e-07
-3.26652e-07
-2.92589e-07
-4.32534e-07
-6.36934e-07
-7.70236e-07
-7.52579e-07
-5.42007e-07
-1.21715e-07
5.1768e-07
1.3816e-06
2.47508e-06
3.79946e-06
5.34949e-06
7.11446e-06
9.07412e-06
1.12009e-05
1.34601e-05
1.58105e-05
1.82021e-05
2.0572e-05
2.28369e-05
2.49219e-05
2.67246e-05
2.84654e-05
3.10537e-05
-6.80223e-06
-5.85082e-06
-5.05583e-06
-4.34308e-06
-3.74269e-06
-3.26758e-06
-2.8944e-06
-2.60507e-06
-2.3825e-06
-2.2108e-06
-2.0753e-06
-1.96199e-06
-1.85708e-06
-1.74699e-06
-1.61825e-06
-1.45922e-06
-1.26117e-06
-1.02486e-06
-7.63635e-07
-5.12402e-07
-3.29455e-07
-2.854e-07
-4.13073e-07
-6.03865e-07
-7.22311e-07
-6.88086e-07
-4.58976e-07
-1.76495e-08
6.45604e-07
1.53618e-06
2.65846e-06
4.01207e-06
5.58931e-06
7.37699e-06
9.35194e-06
1.1484e-05
1.3737e-05
1.60698e-05
1.84353e-05
2.07795e-05
2.30333e-05
2.51502e-05
2.70331e-05
2.90015e-05
3.25833e-05
-8.15939e-06
-6.45403e-06
-5.37458e-06
-4.52444e-06
-3.84344e-06
-3.32573e-06
-2.92831e-06
-2.62468e-06
-2.39386e-06
-2.21784e-06
-2.0807e-06
-1.9676e-06
-1.86409e-06
-1.7561e-06
-1.62968e-06
-1.47276e-06
-1.27604e-06
-1.03982e-06
-7.76928e-07
-5.21742e-07
-3.32247e-07
-2.78917e-07
-3.95039e-07
-5.72919e-07
-6.77211e-07
-6.27154e-07
-3.80329e-07
8.10186e-08
7.66771e-07
1.68213e-06
2.8306e-06
4.20976e-06
5.80909e-06
7.61249e-06
9.59315e-06
1.17174e-05
1.39457e-05
1.62344e-05
1.85355e-05
2.07973e-05
2.29595e-05
2.50011e-05
2.68373e-05
2.89621e-05
3.39619e-05
-9.96109e-06
-7.05386e-06
-5.63302e-06
-4.67086e-06
-3.92709e-06
-3.37593e-06
-2.95875e-06
-2.64261e-06
-2.40401e-06
-2.22356e-06
-2.08447e-06
-1.97125e-06
-1.8689e-06
-1.76287e-06
-1.63877e-06
-1.48407e-06
-1.28895e-06
-1.0532e-06
-7.89098e-07
-5.30476e-07
-3.34997e-07
-2.73032e-07
-3.78339e-07
-5.44107e-07
-6.35036e-07
-5.69915e-07
-3.0613e-07
1.74414e-07
8.81649e-07
1.82046e-06
2.99333e-06
4.39554e-06
6.01354e-06
7.82795e-06
9.80771e-06
1.19147e-05
1.41044e-05
1.6328e-05
1.85316e-05
2.06565e-05
2.26347e-05
2.44416e-05
2.59852e-05
2.80331e-05
3.47854e-05
-1.14877e-05
-7.44051e-06
-5.77059e-06
-4.76332e-06
-3.98963e-06
-3.41712e-06
-2.98512e-06
-2.65834e-06
-2.41247e-06
-2.22754e-06
-2.08623e-06
-1.97256e-06
-1.87107e-06
-1.76679e-06
-1.6449e-06
-1.49246e-06
-1.29916e-06
-1.06429e-06
-7.99568e-07
-5.38236e-07
-3.37521e-07
-2.67582e-07
-3.62699e-07
-5.17096e-07
-5.95678e-07
-5.16853e-07
-2.37902e-07
2.5953e-07
9.85318e-07
1.94394e-06
3.13682e-06
4.5569e-06
6.18758e-06
8.00618e-06
9.97723e-06
1.20576e-05
1.41971e-05
1.63392e-05
1.84201e-05
2.03649e-05
2.2072e-05
2.34499e-05
2.4289e-05
2.53247e-05
3.14163e-05
)
;

boundaryField
{
    inlet
    {
        type            uniformJump;
        patchType       cyclic;
        jump            uniform -2.5e-05;
        value           nonuniform List<scalar> 
40
(
6.33046e-07
6.45285e-07
6.57785e-07
6.6991e-07
6.82926e-07
6.98358e-07
7.18809e-07
7.48858e-07
7.95557e-07
8.68326e-07
9.78196e-07
1.13716e-06
1.35859e-06
1.65831e-06
2.055e-06
2.56839e-06
3.21566e-06
4.0068e-06
4.93996e-06
5.99101e-06
7.03519e-06
7.92517e-06
8.57303e-06
9.03994e-06
9.367e-06
9.58686e-06
9.72938e-06
9.81819e-06
9.87156e-06
9.9019e-06
9.91786e-06
9.92518e-06
9.92759e-06
9.92754e-06
9.92651e-06
9.92525e-06
9.92406e-06
9.92309e-06
9.92239e-06
9.9219e-06
)
;
        jumpTable       table;
        jumpTableCoeffs
        {
            values          
4
(
(0 -2.5e-05)
(25 -2.5e-05)
(25.5 -0.0001)
(26 -2.5e-05)
)
;
        }
    }
    outlet
    {
        type            uniformJump;
        patchType       cyclic;
        value           nonuniform List<scalar> 
40
(
-2.4367e-05
-2.43547e-05
-2.43422e-05
-2.43301e-05
-2.43171e-05
-2.43016e-05
-2.42812e-05
-2.42511e-05
-2.42044e-05
-2.41317e-05
-2.40218e-05
-2.38628e-05
-2.36414e-05
-2.33417e-05
-2.2945e-05
-2.24316e-05
-2.17843e-05
-2.09932e-05
-2.006e-05
-1.9009e-05
-1.79648e-05
-1.70748e-05
-1.6427e-05
-1.59601e-05
-1.5633e-05
-1.54131e-05
-1.52706e-05
-1.51818e-05
-1.51284e-05
-1.50981e-05
-1.50821e-05
-1.50748e-05
-1.50724e-05
-1.50725e-05
-1.50735e-05
-1.50748e-05
-1.50759e-05
-1.50769e-05
-1.50776e-05
-1.50781e-05
)
;
    }
    Walls
    {
        type            zeroGradient;
    }
    back
    {
        type            empty;
    }
    front
    {
        type            empty;
    }
}


// ************************************************************************* //
