/*--------------------------------*- C++ -*----------------------------------*\
| =========                 |                                                 |
| \\      /  F ield         | OpenFOAM: The Open Source CFD Toolbox           |
|  \\    /   O peration     | Version:  2312                                  |
|   \\  /    A nd           | Website:  www.openfoam.com                      |
|    \\/     M anipulation  |                                                 |
\*---------------------------------------------------------------------------*/
FoamFile
{
    version     2.0;
    format      ascii;
    arch        "LSB;label=32;scalar=64";
    class       volScalarField;
    location    "38";
    object      p;
}
// * * * * * * * * * * * * * * * * * * * * * * * * * * * * * * * * * * * * * //

dimensions      [0 2 -2 0 0 0 0];

internalField   nonuniform List<scalar> 
4800
(
-3.82132e-13
-1.47781e-06
-2.63815e-06
-3.56508e-06
-4.31743e-06
-4.93815e-06
-5.4545e-06
-5.89936e-06
-6.28504e-06
-6.62292e-06
-6.92362e-06
-7.19032e-06
-7.41908e-06
-7.84112e-06
-9.366e-06
1.93153e-08
-1.45651e-06
-2.61622e-06
-3.5435e-06
-4.29692e-06
-4.91967e-06
-5.43892e-06
-5.88806e-06
-6.27961e-06
-6.62649e-06
-6.9443e-06
-7.24913e-06
-7.55568e-06
-7.97011e-06
-8.72731e-06
3.94029e-08
-1.43431e-06
-2.59341e-06
-3.52112e-06
-4.27583e-06
-4.90064e-06
-5.42241e-06
-5.87409e-06
-6.2704e-06
-6.62396e-06
-6.95137e-06
-7.26984e-06
-7.58793e-06
-7.91553e-06
-8.23202e-06
5.93493e-08
-1.41185e-06
-2.57002e-06
-3.49786e-06
-4.25351e-06
-4.87979e-06
-5.40391e-06
-5.85614e-06
-6.25451e-06
-6.60966e-06
-6.93498e-06
-7.24006e-06
-7.51812e-06
-7.74089e-06
-7.84359e-06
8.06838e-08
-1.38744e-06
-2.54425e-06
-3.4718e-06
-4.2279e-06
-4.85481e-06
-5.38067e-06
-5.83147e-06
-6.22771e-06
-6.57789e-06
-6.88945e-06
-7.16319e-06
-7.38222e-06
-7.51122e-06
-7.49941e-06
1.04744e-07
-1.35972e-06
-2.51466e-06
-3.44136e-06
-4.19721e-06
-4.82361e-06
-5.34897e-06
-5.79658e-06
-6.18567e-06
-6.52284e-06
-6.81006e-06
-7.04193e-06
-7.19987e-06
-7.25698e-06
-7.18771e-06
1.33608e-07
-1.32668e-06
-2.47918e-06
-3.40427e-06
-4.15878e-06
-4.78309e-06
-5.30496e-06
-5.74623e-06
-6.12286e-06
-6.43936e-06
-6.69454e-06
-6.88111e-06
-6.98526e-06
-6.99356e-06
-6.90011e-06
1.71165e-07
-1.28459e-06
-2.43402e-06
-3.35654e-06
-4.10821e-06
-4.72833e-06
-5.24357e-06
-5.67408e-06
-6.03288e-06
-6.3232e-06
-6.54312e-06
-6.68749e-06
-6.74999e-06
-6.72893e-06
-6.6293e-06
2.23804e-07
-1.2273e-06
-2.37301e-06
-3.29179e-06
-4.03881e-06
-4.65218e-06
-5.15743e-06
-5.57286e-06
-5.90966e-06
-6.17128e-06
-6.35738e-06
-6.46711e-06
-6.50122e-06
-6.46566e-06
-6.36994e-06
3.00643e-07
-1.14573e-06
-2.28698e-06
-3.20071e-06
-3.94102e-06
-4.54497e-06
-5.03708e-06
-5.43428e-06
-5.7472e-06
-5.98097e-06
-6.1384e-06
-6.22314e-06
-6.24106e-06
-6.20197e-06
-6.11635e-06
4.1308e-07
-1.02803e-06
-2.16372e-06
-3.07082e-06
-3.80235e-06
-4.39448e-06
-4.87115e-06
-5.24885e-06
-5.53889e-06
-5.74888e-06
-5.88507e-06
-5.9548e-06
-5.96683e-06
-5.9322e-06
-5.8608e-06
5.74135e-07
-8.60031e-07
-1.9883e-06
-2.88686e-06
-3.60765e-06
-4.1863e-06
-4.64673e-06
-5.00602e-06
-5.27689e-06
-5.46946e-06
-5.59288e-06
-5.65683e-06
-5.67125e-06
-5.64698e-06
-5.59273e-06
7.98677e-07
-6.25159e-07
-1.74319e-06
-2.63092e-06
-3.33941e-06
-3.90405e-06
-4.34935e-06
-4.69353e-06
-4.95097e-06
-5.13378e-06
-5.25296e-06
-5.31924e-06
-5.34265e-06
-5.33317e-06
-5.29831e-06
1.10432e-06
-3.03459e-07
-1.40732e-06
-2.28171e-06
-2.97693e-06
-3.52845e-06
-3.96164e-06
-4.29585e-06
-4.54684e-06
-4.72801e-06
-4.85107e-06
-4.92675e-06
-4.96456e-06
-4.97349e-06
-4.96002e-06
1.51128e-06
1.28617e-07
-9.55542e-07
-1.81375e-06
-2.49546e-06
-3.03604e-06
-3.46154e-06
-3.79205e-06
-4.04399e-06
-4.23112e-06
-4.3655e-06
-4.45701e-06
-4.51416e-06
-4.54495e-06
-4.55519e-06
2.04041e-06
6.96289e-07
-3.60155e-07
-1.19834e-06
-1.86643e-06
-2.39918e-06
-2.82232e-06
-3.15587e-06
-3.41636e-06
-3.61555e-06
-3.76753e-06
-3.88067e-06
-3.9619e-06
-4.01822e-06
-4.05505e-06
2.70972e-06
1.42257e-06
4.04868e-07
-4.07718e-07
-1.06098e-06
-1.58827e-06
-2.01419e-06
-2.35717e-06
-2.63112e-06
-2.85118e-06
-3.02678e-06
-3.16689e-06
-3.27704e-06
-3.36296e-06
-3.42983e-06
3.53002e-06
2.32298e-06
1.35799e-06
5.78465e-07
-5.72642e-08
-5.79564e-07
-1.01138e-06
-1.36972e-06
-1.66686e-06
-1.91268e-06
-2.11728e-06
-2.28931e-06
-2.43369e-06
-2.55483e-06
-2.65712e-06
4.49958e-06
3.39846e-06
2.50266e-06
1.76522e-06
1.15096e-06
6.34381e-07
1.97216e-07
-1.75018e-07
-4.95194e-07
-7.73044e-07
-1.01294e-06
-1.22172e-06
-1.40472e-06
-1.56653e-06
-1.71104e-06
5.59588e-06
4.6241e-06
3.81333e-06
3.12775e-06
2.53969e-06
2.02925e-06
1.58424e-06
1.19566e-06
8.54293e-07
5.5167e-07
2.79662e-07
3.53462e-08
-1.85727e-07
-3.88438e-07
-5.76512e-07
6.7177e-06
5.88229e-06
5.16276e-06
4.53395e-06
3.97683e-06
3.47782e-06
3.02525e-06
2.61178e-06
2.23742e-06
1.90792e-06
1.60454e-06
1.32051e-06
1.05342e-06
8.01013e-07
5.6127e-07
7.68718e-06
6.96977e-06
6.33152e-06
5.7563e-06
5.23114e-06
4.74739e-06
4.30158e-06
3.88918e-06
3.50044e-06
3.12347e-06
2.77444e-06
2.4509e-06
2.14307e-06
1.84607e-06
1.55912e-06
8.43243e-06
7.80166e-06
7.22269e-06
6.68561e-06
6.18292e-06
5.70945e-06
5.26069e-06
4.83318e-06
4.42488e-06
4.03674e-06
3.66771e-06
3.31428e-06
2.9718e-06
2.63802e-06
2.31235e-06
8.97779e-06
8.41049e-06
7.87547e-06
7.36771e-06
6.88283e-06
6.41792e-06
5.97127e-06
5.54152e-06
5.12762e-06
4.72674e-06
4.33807e-06
3.95907e-06
3.58791e-06
3.22358e-06
2.86525e-06
9.36523e-06
8.84456e-06
8.34323e-06
7.85909e-06
7.39005e-06
6.93489e-06
6.49235e-06
6.06091e-06
5.6389e-06
5.22554e-06
4.8196e-06
4.41999e-06
4.02583e-06
3.63632e-06
3.25065e-06
9.63114e-06
9.14519e-06
8.66996e-06
8.20482e-06
7.74881e-06
7.30107e-06
6.86024e-06
6.42561e-06
5.99713e-06
5.57361e-06
5.1543e-06
4.73868e-06
4.32613e-06
3.9161e-06
3.5081e-06
9.80668e-06
9.34689e-06
8.89173e-06
8.44123e-06
7.99494e-06
7.5524e-06
7.11294e-06
6.67637e-06
6.24286e-06
5.81138e-06
5.38154e-06
4.95308e-06
4.52564e-06
4.099e-06
3.67293e-06
9.91787e-06
9.47799e-06
9.03822e-06
8.59891e-06
8.1602e-06
7.72219e-06
7.28455e-06
6.84634e-06
6.4086e-06
5.97066e-06
5.53229e-06
5.09344e-06
4.65399e-06
4.21394e-06
3.77324e-06
9.98527e-06
9.56085e-06
9.13314e-06
8.70276e-06
8.27021e-06
7.83584e-06
7.40054e-06
6.96036e-06
6.5191e-06
6.07586e-06
5.63059e-06
5.18333e-06
4.73414e-06
4.28321e-06
3.83062e-06
1.00244e-05
9.61232e-06
9.1943e-06
8.77121e-06
8.34364e-06
7.91178e-06
7.47514e-06
7.03641e-06
6.59272e-06
6.14526e-06
5.69435e-06
5.2402e-06
4.78301e-06
4.32311e-06
3.86074e-06
1.00463e-05
9.6443e-06
9.23423e-06
8.81718e-06
8.39378e-06
7.96432e-06
7.5288e-06
7.08861e-06
6.64276e-06
6.19182e-06
5.73618e-06
5.27624e-06
4.81234e-06
4.34492e-06
3.87436e-06
1.00585e-05
9.66483e-06
9.26138e-06
8.84941e-06
8.4295e-06
8.00199e-06
7.56735e-06
7.12596e-06
6.67817e-06
6.2242e-06
5.7645e-06
5.2996e-06
4.82995e-06
4.35611e-06
3.87853e-06
1.00657e-05
9.67905e-06
9.28121e-06
8.87353e-06
8.45654e-06
8.03057e-06
7.59558e-06
7.15417e-06
6.70467e-06
6.24802e-06
5.78475e-06
5.31551e-06
4.84085e-06
4.3614e-06
3.87773e-06
1.00706e-05
9.69006e-06
9.29703e-06
8.89301e-06
8.47848e-06
8.05386e-06
7.61944e-06
7.17694e-06
6.7258e-06
6.26676e-06
5.80029e-06
5.3272e-06
4.84809e-06
4.36369e-06
3.87463e-06
1.00749e-05
9.69961e-06
9.31074e-06
8.90985e-06
8.49739e-06
8.0739e-06
7.63979e-06
7.19639e-06
6.74367e-06
6.28248e-06
5.81312e-06
5.33656e-06
4.85348e-06
4.36465e-06
3.87077e-06
1.00793e-05
9.70857e-06
9.3233e-06
8.92511e-06
8.51441e-06
8.09183e-06
7.65785e-06
7.21362e-06
6.75952e-06
6.29634e-06
5.82434e-06
5.34464e-06
4.85797e-06
4.36516e-06
3.86697e-06
1.0084e-05
9.71726e-06
9.33513e-06
8.93924e-06
8.53002e-06
8.10818e-06
7.67422e-06
7.22925e-06
6.77392e-06
6.30884e-06
5.83446e-06
5.35193e-06
4.86204e-06
4.36566e-06
3.8636e-06
1.00892e-05
9.72591e-06
9.34649e-06
8.95257e-06
8.54459e-06
8.12333e-06
7.6893e-06
7.24344e-06
6.78719e-06
6.32035e-06
5.84383e-06
5.35876e-06
4.86596e-06
4.36634e-06
3.86076e-06
1.0095e-05
9.73499e-06
9.35808e-06
8.96593e-06
8.55905e-06
8.13829e-06
7.70415e-06
7.25766e-06
6.80021e-06
6.33169e-06
5.8531e-06
5.36563e-06
4.87004e-06
4.36732e-06
3.85836e-06
1.0101e-05
9.74424e-06
9.36982e-06
8.97954e-06
8.57389e-06
8.15359e-06
7.71931e-06
7.27218e-06
6.81349e-06
6.3433e-06
5.86264e-06
5.37256e-06
4.87416e-06
4.36847e-06
3.8564e-06
-1.05565e-05
-8.32971e-06
-6.96802e-06
-6.05017e-06
-5.32019e-06
-4.76746e-06
-4.35096e-06
-4.04452e-06
-3.83149e-06
-3.69884e-06
-3.63603e-06
-3.63388e-06
-3.68413e-06
-3.77913e-06
-3.91178e-06
-4.07506e-06
-4.26273e-06
-4.46927e-06
-4.6927e-06
-4.93517e-06
-5.19802e-06
-5.47168e-06
-5.67007e-06
-5.65857e-06
-5.35552e-06
-4.73972e-06
-3.81757e-06
-2.60246e-06
-1.11665e-06
6.11424e-07
2.55224e-06
4.67417e-06
6.94198e-06
9.31607e-06
1.17521e-05
1.42009e-05
1.66082e-05
1.89126e-05
2.10403e-05
2.28906e-05
2.43432e-05
2.5172e-05
2.49227e-05
2.31627e-05
1.8302e-05
-9.00331e-06
-7.82134e-06
-6.77644e-06
-5.9528e-06
-5.26649e-06
-4.72886e-06
-4.31854e-06
-4.01569e-06
-3.8058e-06
-3.6766e-06
-3.61773e-06
-3.62006e-06
-3.67516e-06
-3.77532e-06
-3.91329e-06
-4.08193e-06
-4.27489e-06
-4.48638e-06
-4.71394e-06
-4.95877e-06
-5.22057e-06
-5.48796e-06
-5.67461e-06
-5.64906e-06
-5.33257e-06
-4.70577e-06
-3.776e-06
-2.55628e-06
-1.06873e-06
6.57391e-07
2.59133e-06
4.69971e-06
6.945e-06
9.28468e-06
1.16706e-05
1.40484e-05
1.63563e-05
1.85218e-05
2.04538e-05
2.20246e-05
2.30435e-05
2.31797e-05
2.17839e-05
1.80426e-05
1.0816e-05
-8.18652e-06
-7.42886e-06
-6.58138e-06
-5.8431e-06
-5.20476e-06
-4.68795e-06
-4.28687e-06
-3.98908e-06
-3.78292e-06
-3.65736e-06
-3.6025e-06
-3.60929e-06
-3.66925e-06
-3.77456e-06
-3.91786e-06
-4.09188e-06
-4.29011e-06
-4.50649e-06
-4.73801e-06
-4.98483e-06
-5.2448e-06
-5.50454e-06
-5.67756e-06
-5.63594e-06
-5.30443e-06
-4.66579e-06
-3.72848e-06
-2.50517e-06
-1.01795e-06
7.02876e-07
2.62497e-06
4.71276e-06
6.92584e-06
9.21803e-06
1.15365e-05
1.38206e-05
1.59998e-05
1.79893e-05
1.96806e-05
2.09221e-05
2.14862e-05
2.10211e-05
1.89637e-05
1.48202e-05
8.46929e-06
-7.67511e-06
-7.1106e-06
-6.41922e-06
-5.7477e-06
-5.15433e-06
-4.65905e-06
-4.267e-06
-3.97334e-06
-3.76958e-06
-3.64622e-06
-3.59403e-06
-3.60414e-06
-3.66806e-06
-3.77782e-06
-3.92594e-06
-4.10497e-06
-4.30822e-06
-4.52925e-06
-4.76443e-06
-5.01275e-06
-5.27002e-06
-5.52058e-06
-5.67768e-06
-5.61755e-06
-5.26861e-06
-4.61615e-06
-3.67003e-06
-2.44263e-06
-9.56261e-07
7.57338e-07
2.66377e-06
4.72473e-06
6.89622e-06
9.12764e-06
1.13606e-05
1.35276e-05
1.55491e-05
1.73289e-05
1.87451e-05
1.96362e-05
1.97786e-05
1.88774e-05
1.65697e-05
1.26369e-05
7.38019e-06
-7.28973e-06
-6.84002e-06
-6.26898e-06
-5.67731e-06
-5.1246e-06
-4.65051e-06
-4.26676e-06
-3.97562e-06
-3.77211e-06
-3.64858e-06
-3.59682e-06
-3.60829e-06
-3.67449e-06
-3.78734e-06
-3.93918e-06
-4.12235e-06
-4.3299e-06
-4.55496e-06
-4.79315e-06
-5.04217e-06
-5.29554e-06
-5.5351e-06
-5.67396e-06
-5.59299e-06
-5.22471e-06
-4.5573e-06
-3.60232e-06
-2.37193e-06
-8.88803e-07
8.13419e-07
2.69791e-06
4.72318e-06
6.84118e-06
8.99645e-06
1.11249e-05
1.31522e-05
1.49913e-05
1.65385e-05
1.76675e-05
1.82234e-05
1.80185e-05
1.68488e-05
1.45384e-05
1.10762e-05
6.80605e-06
-6.97818e-06
-6.61046e-06
-6.13043e-06
-5.61938e-06
-5.11508e-06
-4.66431e-06
-4.29026e-06
-4.00126e-06
-3.79616e-06
-3.66992e-06
-3.61587e-06
-3.62608e-06
-3.69215e-06
-3.806e-06
-3.95979e-06
-4.14559e-06
-4.35614e-06
-4.58405e-06
-4.82412e-06
-5.07257e-06
-5.3204e-06
-5.54674e-06
-5.66471e-06
-5.56053e-06
-5.17122e-06
-4.4883e-06
-3.52531e-06
-2.29421e-06
-8.1826e-07
8.66533e-07
2.72055e-06
4.69885e-06
6.74903e-06
8.81071e-06
1.08145e-05
1.26807e-05
1.43176e-05
1.56201e-05
1.64677e-05
1.6728e-05
1.62649e-05
1.49663e-05
1.27891e-05
9.83553e-06
6.41378e-06
-6.7072e-06
-6.404e-06
-6.00697e-06
-5.56269e-06
-5.1147e-06
-4.69564e-06
-4.3366e-06
-4.05197e-06
-3.84511e-06
-3.71441e-06
-3.65557e-06
-3.66167e-06
-3.72471e-06
-3.83682e-06
-3.9901e-06
-4.17632e-06
-4.38791e-06
-4.61689e-06
-4.85709e-06
-5.10314e-06
-5.34326e-06
-5.55367e-06
-5.6478e-06
-5.51793e-06
-5.10605e-06
-4.40755e-06
-3.43825e-06
-2.20982e-06
-7.46373e-07
9.13121e-07
2.72599e-06
4.64378e-06
6.60975e-06
8.55905e-06
1.04182e-05
1.21045e-05
1.35262e-05
1.45833e-05
1.51711e-05
1.51887e-05
1.45539e-05
1.3228e-05
1.12449e-05
8.7423e-06
5.96622e-06
-6.45804e-06
-6.20723e-06
-5.88149e-06
-5.50578e-06
-5.11344e-06
-4.73497e-06
-4.3991e-06
-4.12416e-06
-3.91788e-06
-3.78289e-06
-3.71804e-06
-3.7177e-06
-3.77481e-06
-3.88215e-06
-4.03197e-06
-4.21583e-06
-4.42585e-06
-4.65345e-06
-4.8914e-06
-5.1326e-06
-5.36228e-06
-5.55359e-06
-5.62068e-06
-5.46267e-06
-5.02706e-06
-4.31375e-06
-3.34111e-06
-2.1202e-06
-6.76311e-07
9.47853e-07
2.70647e-06
4.54792e-06
6.41159e-06
8.22925e-06
9.92539e-06
1.14178e-05
1.26194e-05
1.34419e-05
1.38032e-05
1.36359e-05
1.29037e-05
1.16165e-05
9.84376e-06
7.71955e-06
5.42973e-06
-6.22142e-06
-6.01433e-06
-5.74884e-06
-5.43779e-06
-5.10349e-06
-4.77144e-06
-4.46683e-06
-4.2089e-06
-4.00778e-06
-3.87122e-06
-3.80148e-06
-3.79376e-06
-3.84274e-06
-3.94257e-06
-4.08591e-06
-4.26431e-06
-4.46971e-06
-4.69297e-06
-4.92571e-06
-5.15907e-06
-5.37508e-06
-5.54375e-06
-5.5806e-06
-5.39233e-06
-4.93251e-06
-4.20659e-06
-3.23537e-06
-2.02883e-06
-6.13522e-07
9.62769e-07
2.6514e-06
4.39857e-06
6.14082e-06
7.80826e-06
9.32622e-06
1.06168e-05
1.16026e-05
1.22116e-05
1.23855e-05
1.20883e-05
1.13164e-05
1.01066e-05
8.53794e-06
6.72592e-06
4.8077e-06
-5.99071e-06
-5.82127e-06
-5.607e-06
-5.35419e-06
-5.07698e-06
-4.79417e-06
-4.52718e-06
-4.29391e-06
-4.10295e-06
-3.97036e-06
-3.89973e-06
-3.88537e-06
-3.92526e-06
-4.01573e-06
-4.1501e-06
-4.3201e-06
-4.51774e-06
-4.73345e-06
-4.95769e-06
-5.17989e-06
-5.37873e-06
-5.52117e-06
-5.52498e-06
-5.30516e-06
-4.82181e-06
-4.0876e-06
-3.12552e-06
-1.94193e-06
-5.66092e-07
9.46885e-07
2.54717e-06
4.18059e-06
5.78231e-06
7.28314e-06
8.61241e-06
9.70042e-06
1.04826e-05
1.09055e-05
1.0933e-05
1.05531e-05
9.78296e-06
8.66994e-06
7.28898e-06
5.73373e-06
4.10477e-06
-5.75815e-06
-5.62229e-06
-5.4523e-06
-5.25122e-06
-5.02755e-06
-4.79444e-06
-4.56864e-06
-4.36361e-06
-4.18962e-06
-4.07032e-06
-4.0037e-06
-3.98409e-06
-4.01533e-06
-4.09592e-06
-4.2198e-06
-4.37912e-06
-4.56624e-06
-4.77138e-06
-4.9839e-06
-5.19166e-06
-5.37e-06
-5.48313e-06
-5.45204e-06
-5.20079e-06
-4.69666e-06
-3.9622e-06
-3.02154e-06
-1.86789e-06
-5.45074e-07
8.85572e-07
2.37708e-06
3.87675e-06
5.32031e-06
6.64184e-06
7.77777e-06
8.66934e-06
9.26672e-06
9.53388e-06
9.45306e-06
9.0284e-06
8.28712e-06
7.27766e-06
6.06489e-06
4.72223e-06
3.32363e-06
-5.51331e-06
-5.40837e-06
-5.27758e-06
-5.12246e-06
-4.94789e-06
-4.76334e-06
-4.57952e-06
-4.40356e-06
-4.25771e-06
-4.15777e-06
-4.09768e-06
-4.07657e-06
-4.10202e-06
-4.17401e-06
-4.28732e-06
-4.43488e-06
-4.60964e-06
-4.80189e-06
-5e-06
-5.19069e-06
-5.34594e-06
-5.42807e-06
-5.36212e-06
-5.08142e-06
-4.56137e-06
-3.84641e-06
-2.93345e-06
-1.81722e-06
-5.66965e-07
7.59385e-07
2.12138e-06
3.46852e-06
4.73947e-06
5.87424e-06
6.81859e-06
7.52615e-06
7.96145e-06
8.10327e-06
7.94689e-06
7.50556e-06
6.80953e-06
5.90291e-06
4.839e-06
3.67432e-06
2.46356e-06
-5.24255e-06
-5.16689e-06
-5.0717e-06
-4.95763e-06
-4.82752e-06
-4.68708e-06
-4.54503e-06
-4.4102e-06
-4.29661e-06
-4.21372e-06
-4.1629e-06
-4.14725e-06
-4.17225e-06
-4.23858e-06
-4.34277e-06
-4.47902e-06
-4.64095e-06
-4.81927e-06
-5.0015e-06
-5.17373e-06
-5.30505e-06
-5.35651e-06
-5.25961e-06
-4.95175e-06
-4.43523e-06
-3.75061e-06
-2.86768e-06
-1.81198e-06
-6.58013e-07
5.43953e-07
1.75843e-06
2.93762e-06
4.0264e-06
4.97317e-06
5.7341e-06
6.27496e-06
6.57264e-06
6.61705e-06
6.41155e-06
5.97321e-06
5.33097e-06
4.52228e-06
3.58949e-06
2.57561e-06
1.52131e-06
-4.92864e-06
-4.88154e-06
-4.8197e-06
-4.74357e-06
-4.65484e-06
-4.55752e-06
-4.45791e-06
-4.3633e-06
-4.28187e-06
-4.22119e-06
-4.18667e-06
-4.18243e-06
-4.21205e-06
-4.27669e-06
-4.37479e-06
-4.50195e-06
-4.65242e-06
-4.81757e-06
-4.98452e-06
-5.13874e-06
-5.24845e-06
-5.27251e-06
-5.15204e-06
-4.82959e-06
-4.33402e-06
-3.67296e-06
-2.84888e-06
-1.88803e-06
-8.49854e-07
2.13441e-07
1.26663e-06
2.26799e-06
3.17165e-06
3.93577e-06
4.52684e-06
4.92104e-06
5.1057e-06
5.07704e-06
4.84266e-06
4.42016e-06
3.83487e-06
3.11709e-06
2.29961e-06
1.41487e-06
4.93257e-07
-4.54963e-06
-4.53149e-06
-4.50224e-06
-4.46241e-06
-4.41315e-06
-4.35716e-06
-4.29871e-06
-4.24305e-06
-4.19606e-06
-4.16397e-06
-4.15228e-06
-4.16492e-06
-4.20483e-06
-4.27356e-06
-4.37077e-06
-4.49336e-06
-4.63619e-06
-4.79142e-06
-4.9464e-06
-5.08605e-06
-5.1801e-06
-5.18543e-06
-5.05187e-06
-4.73885e-06
-4.25945e-06
-3.65255e-06
-2.91712e-06
-2.07144e-06
-1.16792e-06
-2.56574e-07
6.26623e-07
1.44732e-06
2.17033e-06
2.76363e-06
3.20364e-06
3.47271e-06
3.56646e-06
3.48467e-06
3.23628e-06
2.83741e-06
2.30886e-06
1.67415e-06
9.58074e-07
1.84971e-07
-6.22407e-07
-4.07772e-06
-4.09026e-06
-4.0944e-06
-4.09077e-06
-4.08028e-06
-4.06483e-06
-4.04736e-06
-4.03171e-06
-4.02229e-06
-4.0238e-06
-4.04062e-06
-4.07626e-06
-4.13349e-06
-4.21393e-06
-4.31781e-06
-4.443e-06
-4.58504e-06
-4.73705e-06
-4.88684e-06
-5.01943e-06
-5.10753e-06
-5.10891e-06
-4.98017e-06
-4.69459e-06
-4.25881e-06
-3.72972e-06
-3.0987e-06
-2.38563e-06
-1.63247e-06
-8.84251e-07
-1.74977e-07
4.68522e-07
1.02101e-06
1.45925e-06
1.76602e-06
1.93497e-06
1.95856e-06
1.83996e-06
1.58864e-06
1.21816e-06
7.44546e-07
1.85351e-07
-4.41036e-07
-1.1165e-06
-1.82399e-06
-3.48383e-06
-3.52974e-06
-3.56935e-06
-3.60336e-06
-3.63266e-06
-3.65875e-06
-3.68379e-06
-3.71053e-06
-3.74215e-06
-3.78206e-06
-3.83357e-06
-3.89966e-06
-3.98276e-06
-4.08433e-06
-4.20474e-06
-4.34251e-06
-4.49386e-06
-4.65302e-06
-4.80924e-06
-4.94792e-06
-5.04426e-06
-5.06105e-06
-4.96003e-06
-4.72486e-06
-4.37149e-06
-3.9337e-06
-3.42034e-06
-2.85419e-06
-2.26411e-06
-1.68453e-06
-1.14501e-06
-6.68004e-07
-2.71122e-07
3.29992e-08
2.28623e-07
3.14107e-07
2.84115e-07
1.41696e-07
-1.04486e-07
-4.4382e-07
-8.64802e-07
-1.35492e-06
-1.90082e-06
-2.48915e-06
-3.10723e-06
-2.74726e-06
-2.8305e-06
-2.90878e-06
-2.9831e-06
-3.05461e-06
-3.12466e-06
-3.19492e-06
-3.26735e-06
-3.34422e-06
-3.42801e-06
-3.52121e-06
-3.62619e-06
-3.74486e-06
-3.8784e-06
-4.02725e-06
-4.19015e-06
-4.36415e-06
-4.54445e-06
-4.72091e-06
-4.88445e-06
-5.01081e-06
-5.0676e-06
-5.01994e-06
-4.86621e-06
-4.61809e-06
-4.29244e-06
-3.9157e-06
-3.50545e-06
-3.08105e-06
-2.66657e-06
-2.28488e-06
-1.95627e-06
-1.6967e-06
-1.5141e-06
-1.40594e-06
-1.38483e-06
-1.45347e-06
-1.60849e-06
-1.84302e-06
-2.14956e-06
-2.52033e-06
-2.94667e-06
-3.41905e-06
-3.9278e-06
-4.46367e-06
-1.84465e-06
-1.97224e-06
-2.09558e-06
-2.21605e-06
-2.33517e-06
-2.45437e-06
-2.57506e-06
-2.69869e-06
-2.82696e-06
-2.96173e-06
-3.10489e-06
-3.25824e-06
-3.42327e-06
-3.60093e-06
-3.79155e-06
-3.99434e-06
-4.20659e-06
-4.42478e-06
-4.64178e-06
-4.84314e-06
-5.02123e-06
-5.15386e-06
-5.19537e-06
-5.14595e-06
-5.02099e-06
-4.83408e-06
-4.60559e-06
-4.35167e-06
-4.08723e-06
-3.82944e-06
-3.59385e-06
-3.39291e-06
-3.23943e-06
-3.15025e-06
-3.11745e-06
-3.14684e-06
-3.24149e-06
-3.39905e-06
-3.61557e-06
-3.88705e-06
-4.2087e-06
-4.57449e-06
-4.97764e-06
-5.41139e-06
-5.86923e-06
-7.56576e-07
-9.33529e-07
-1.1085e-06
-1.28244e-06
-1.45683e-06
-1.63308e-06
-1.81243e-06
-1.99611e-06
-2.18539e-06
-2.38168e-06
-2.58639e-06
-2.80088e-06
-3.02623e-06
-3.26324e-06
-3.51213e-06
-3.77231e-06
-4.04207e-06
-4.31843e-06
-4.59639e-06
-4.86419e-06
-5.11878e-06
-5.34276e-06
-5.50084e-06
-5.57942e-06
-5.5945e-06
-5.5563e-06
-5.47877e-06
-5.3762e-06
-5.26129e-06
-5.14549e-06
-5.04283e-06
-4.96455e-06
-4.9106e-06
-4.87761e-06
-4.88959e-06
-4.952e-06
-5.06049e-06
-5.2113e-06
-5.40354e-06
-5.63654e-06
-5.90779e-06
-6.21319e-06
-6.5482e-06
-6.90846e-06
-7.28972e-06
3.28533e-07
9.79287e-08
-1.32089e-07
-3.62749e-07
-5.95503e-07
-8.31622e-07
-1.0722e-06
-1.31829e-06
-1.57096e-06
-1.8313e-06
-2.10043e-06
-2.37937e-06
-2.66903e-06
-2.97007e-06
-3.28273e-06
-3.60671e-06
-3.94085e-06
-4.28285e-06
-4.62912e-06
-4.97413e-06
-5.31179e-06
-5.63089e-06
-5.90265e-06
-6.10925e-06
-6.25567e-06
-6.35061e-06
-6.40464e-06
-6.42932e-06
-6.43529e-06
-6.43124e-06
-6.42586e-06
-6.42736e-06
-6.44107e-06
-6.47425e-06
-6.53248e-06
-6.6178e-06
-6.72973e-06
-6.86873e-06
-7.03608e-06
-7.23199e-06
-7.45503e-06
-7.70293e-06
-7.97327e-06
-8.26366e-06
-8.5716e-06
1.27773e-06
9.96732e-07
7.14331e-07
4.29532e-07
1.41251e-07
-1.51525e-07
-4.49763e-07
-7.54391e-07
-1.06631e-06
-1.3864e-06
-1.71552e-06
-2.05449e-06
-2.40405e-06
-2.76471e-06
-3.13672e-06
-3.51989e-06
-3.91344e-06
-4.31588e-06
-4.72488e-06
-5.1363e-06
-5.54496e-06
-5.94448e-06
-6.30797e-06
-6.61199e-06
-6.85726e-06
-7.05126e-06
-7.20249e-06
-7.32005e-06
-7.41275e-06
-7.48907e-06
-7.55574e-06
-7.61882e-06
-7.68681e-06
-7.76347e-06
-7.85187e-06
-7.95232e-06
-8.0664e-06
-8.19671e-06
-8.34494e-06
-8.5114e-06
-8.69561e-06
-8.89691e-06
-9.11447e-06
-9.34726e-06
-9.59398e-06
1.9904e-06
1.66701e-06
1.3405e-06
1.01017e-06
6.75238e-07
3.34919e-07
-1.15734e-08
-3.64977e-07
-7.25981e-07
-1.09524e-06
-1.47342e-06
-1.86113e-06
-2.25893e-06
-2.6672e-06
-3.0861e-06
-3.51548e-06
-3.95476e-06
-4.40278e-06
-4.8576e-06
-5.31627e-06
-5.77502e-06
-6.2289e-06
-6.65196e-06
-7.01915e-06
-7.32939e-06
-7.58908e-06
-7.80541e-06
-7.98611e-06
-8.13866e-06
-8.27013e-06
-8.38615e-06
-8.49165e-06
-8.59221e-06
-8.69285e-06
-8.79534e-06
-8.90121e-06
-9.01327e-06
-9.13405e-06
-9.26499e-06
-9.40686e-06
-9.56015e-06
-9.72513e-06
-9.90177e-06
-1.00898e-05
-1.02886e-05
2.50867e-06
2.14912e-06
1.78529e-06
1.41673e-06
1.04288e-06
6.63133e-07
2.76932e-07
-1.16223e-07
-5.16802e-07
-9.2526e-07
-1.34205e-06
-1.7676e-06
-2.20224e-06
-2.64619e-06
-3.09949e-06
-3.56191e-06
-4.0329e-06
-4.51143e-06
-4.99595e-06
-5.48416e-06
-5.97291e-06
-6.4581e-06
-6.91535e-06
-7.31997e-06
-7.67013e-06
-7.97153e-06
-8.23039e-06
-8.45316e-06
-8.64597e-06
-8.81422e-06
-8.96271e-06
-9.09637e-06
-9.21985e-06
-9.33634e-06
-9.44842e-06
-9.55889e-06
-9.6703e-06
-9.78465e-06
-9.90348e-06
-1.00281e-05
-1.01595e-05
-1.02985e-05
-1.04456e-05
-1.06008e-05
-1.07645e-05
2.86517e-06
2.47581e-06
2.08146e-06
1.68185e-06
1.27657e-06
8.65256e-07
4.47596e-07
2.33181e-08
-4.07843e-07
-8.46143e-07
-1.29183e-06
-1.74512e-06
-2.20614e-06
-2.67493e-06
-3.15138e-06
-3.63514e-06
-4.12564e-06
-4.62191e-06
-5.12261e-06
-5.62571e-06
-6.12861e-06
-6.62787e-06
-7.10104e-06
-7.5249e-06
-7.89752e-06
-8.22396e-06
-8.50943e-06
-8.75923e-06
-8.97854e-06
-9.17204e-06
-9.34364e-06
-9.49635e-06
-9.63562e-06
-9.76405e-06
-9.8844e-06
-9.99931e-06
-1.0111e-05
-1.02214e-05
-1.03323e-05
-1.04454e-05
-1.05618e-05
-1.06826e-05
-1.08086e-05
-1.09406e-05
-1.10791e-05
3.09913e-06
2.68567e-06
2.26681e-06
1.84241e-06
1.41229e-06
9.76296e-07
5.34353e-07
8.63852e-08
-3.67679e-07
-8.27904e-07
-1.29435e-06
-1.76701e-06
-2.24584e-06
-2.7307e-06
-3.22132e-06
-3.71725e-06
-4.21787e-06
-4.7222e-06
-5.229e-06
-5.73651e-06
-6.24252e-06
-6.74406e-06
-7.22087e-06
-7.6519e-06
-8.03533e-06
-8.37551e-06
-8.67677e-06
-8.94346e-06
-9.17989e-06
-9.39033e-06
-9.58015e-06
-9.745e-06
-9.89573e-06
-1.00335e-05
-1.01607e-05
-1.02796e-05
-1.03923e-05
-1.0501e-05
-1.06074e-05
-1.07133e-05
-1.082e-05
-1.09289e-05
-1.1041e-05
-1.11574e-05
-1.12789e-05
3.24495e-06
2.8121e-06
2.37369e-06
1.92973e-06
1.48023e-06
1.02525e-06
5.64902e-07
9.92809e-08
-3.71512e-07
-8.47366e-07
-1.32816e-06
-1.81371e-06
-2.30381e-06
-2.79815e-06
-3.29634e-06
-3.79782e-06
-4.3019e-06
-4.80761e-06
-5.31379e-06
-5.81885e-06
-6.3209e-06
-6.81731e-06
-7.29014e-06
-7.72084e-06
-8.10771e-06
-8.45435e-06
-8.76429e-06
-9.04111e-06
-9.28816e-06
-9.50829e-06
-9.70372e-06
-9.8847e-06
-1.00456e-05
-1.0191e-05
-1.0324e-05
-1.04468e-05
-1.05616e-05
-1.06703e-05
-1.07749e-05
-1.0877e-05
-1.09782e-05
-1.108e-05
-1.11837e-05
-1.12904e-05
-1.14012e-05
3.32991e-06
2.88152e-06
2.42759e-06
1.96829e-06
1.5038e-06
1.03434e-06
5.60181e-07
8.15682e-08
-4.01245e-07
-8.87995e-07
-1.3784e-06
-1.87214e-06
-2.36885e-06
-2.86808e-06
-3.36935e-06
-3.87199e-06
-4.37527e-06
-4.87821e-06
-5.37971e-06
-5.8783e-06
-6.37233e-06
-6.8595e-06
-7.32413e-06
-7.75021e-06
-8.13608e-06
-8.4846e-06
-8.79865e-06
-9.08125e-06
-9.33527e-06
-9.56323e-06
-9.76791e-06
-9.95425e-06
-1.0122e-05
-1.02736e-05
-1.04116e-05
-1.05382e-05
-1.06555e-05
-1.07655e-05
-1.08701e-05
-1.09708e-05
-1.10696e-05
-1.11677e-05
-1.12668e-05
-1.13681e-05
-1.1473e-05
3.37484e-06
2.91395e-06
2.44767e-06
1.9763e-06
1.50015e-06
1.0196e-06
5.35035e-07
4.68408e-08
-4.44604e-07
-9.38903e-07
-1.43564e-06
-1.93437e-06
-2.43461e-06
-2.9358e-06
-3.43734e-06
-3.93852e-06
-4.43854e-06
-4.93643e-06
-5.43113e-06
-5.92124e-06
-6.40536e-06
-6.88137e-06
-7.33583e-06
-7.75503e-06
-8.13733e-06
-8.48495e-06
-8.80029e-06
-9.08586e-06
-9.34414e-06
-9.57741e-06
-9.78802e-06
-9.97907e-06
-1.01519e-05
-1.03084e-05
-1.04507e-05
-1.05809e-05
-1.0701e-05
-1.08129e-05
-1.09185e-05
-1.10195e-05
-1.11176e-05
-1.12144e-05
-1.13115e-05
-1.14104e-05
-1.15123e-05
3.39475e-06
2.92367e-06
2.44741e-06
1.96638e-06
1.48101e-06
9.91812e-07
4.99271e-07
3.87723e-09
-4.93875e-07
-9.93476e-07
-1.4944e-06
-1.99609e-06
-2.49795e-06
-2.99935e-06
-3.49961e-06
-3.99793e-06
-4.4935e-06
-4.98532e-06
-5.47236e-06
-5.95332e-06
-6.42694e-06
-6.8913e-06
-7.33495e-06
-7.74629e-06
-8.12368e-06
-8.46883e-06
-8.78375e-06
-9.07051e-06
-9.33121e-06
-9.56791e-06
-9.78255e-06
-9.97735e-06
-1.01541e-05
-1.03145e-05
-1.04605e-05
-1.05939e-05
-1.07167e-05
-1.08308e-05
-1.09379e-05
-1.10399e-05
-1.11385e-05
-1.12354e-05
-1.13321e-05
-1.14303e-05
-1.15315e-05
3.39982e-06
2.92028e-06
2.43579e-06
1.94684e-06
1.45401e-06
9.57883e-07
4.59036e-07
-4.19426e-08
-5.44462e-07
-1.04791e-06
-1.55168e-06
-2.05511e-06
-2.55753e-06
-3.05821e-06
-3.55641e-06
-4.0513e-06
-4.542e-06
-5.02752e-06
-5.50686e-06
-5.97875e-06
-6.44209e-06
-6.89509e-06
-7.3281e-06
-7.73137e-06
-8.1033e-06
-8.44519e-06
-8.75871e-06
-9.04557e-06
-9.30753e-06
-9.54633e-06
-9.76369e-06
-9.96135e-06
-1.01412e-05
-1.03048e-05
-1.04537e-05
-1.05898e-05
-1.07151e-05
-1.08313e-05
-1.09402e-05
-1.10436e-05
-1.11432e-05
-1.12409e-05
-1.13382e-05
-1.14368e-05
-1.15383e-05
3.39672e-06
2.90999e-06
2.41853e-06
1.92295e-06
1.4239e-06
9.22034e-07
4.18028e-07
-8.74546e-08
-5.93739e-07
-1.10013e-06
-1.60594e-06
-2.11042e-06
-2.61284e-06
-3.1124e-06
-3.60829e-06
-4.09963e-06
-4.58553e-06
-5.06498e-06
-5.53699e-06
-6.00035e-06
-6.45405e-06
-6.89642e-06
-7.31938e-06
-7.71486e-06
-8.08126e-06
-8.4196e-06
-8.73123e-06
-9.01753e-06
-9.27998e-06
-9.51999e-06
-9.73882e-06
-9.93902e-06
-1.01212e-05
-1.02873e-05
-1.04386e-05
-1.05771e-05
-1.07045e-05
-1.08225e-05
-1.09331e-05
-1.10379e-05
-1.11388e-05
-1.12375e-05
-1.13358e-05
-1.14354e-05
-1.15378e-05
3.38959e-06
2.89662e-06
2.39916e-06
1.89787e-06
1.39348e-06
8.86741e-07
3.78371e-07
-1.30887e-07
-6.40284e-07
-1.14906e-06
-1.65643e-06
-2.16162e-06
-2.66379e-06
-3.16212e-06
-3.65573e-06
-4.1437e-06
-4.62511e-06
-5.09896e-06
-5.56425e-06
-6.01981e-06
-6.46471e-06
-6.89738e-06
-7.31113e-06
-7.69931e-06
-8.06043e-06
-8.39521e-06
-8.70474e-06
-8.99014e-06
-9.2526e-06
-9.49335e-06
-9.7136e-06
-9.91522e-06
-1.0099e-05
-1.02672e-05
-1.04204e-05
-1.05607e-05
-1.06898e-05
-1.08095e-05
-1.09215e-05
-1.10277e-05
-1.11297e-05
-1.12296e-05
-1.13289e-05
-1.14295e-05
-1.15331e-05
3.38091e-06
2.88246e-06
2.37971e-06
1.87341e-06
1.36437e-06
8.53362e-07
3.41195e-07
-1.71333e-07
-6.83408e-07
-1.19421e-06
-1.70289e-06
-2.20861e-06
-2.71048e-06
-3.20763e-06
-3.69913e-06
-4.18403e-06
-4.6614e-06
-5.13019e-06
-5.58945e-06
-6.03803e-06
-6.47503e-06
-6.89899e-06
-7.30442e-06
-7.68595e-06
-8.04215e-06
-8.37355e-06
-8.68098e-06
-8.9653e-06
-9.22751e-06
-9.46866e-06
-9.68988e-06
-9.89246e-06
-1.00775e-05
-1.02473e-05
-1.0402e-05
-1.05437e-05
-1.06742e-05
-1.07952e-05
-1.09084e-05
-1.10156e-05
-1.11188e-05
-1.12196e-05
-1.13199e-05
-1.14216e-05
-1.15262e-05
3.37208e-06
2.86873e-06
2.36128e-06
1.85054e-06
1.33735e-06
8.22558e-07
3.07021e-07
-2.08406e-07
-7.22853e-07
-1.23544e-06
-1.74528e-06
-2.25147e-06
-2.75308e-06
-3.24917e-06
-3.7388e-06
-4.22099e-06
-4.69476e-06
-5.15909e-06
-5.61301e-06
-6.0554e-06
-6.4854e-06
-6.90162e-06
-7.29961e-06
-7.67515e-06
-8.0269e-06
-8.35517e-06
-8.66058e-06
-8.94379e-06
-9.2056e-06
-9.44693e-06
-9.66876e-06
-9.87193e-06
-1.00582e-05
-1.02291e-05
-1.0385e-05
-1.05278e-05
-1.06593e-05
-1.07813e-05
-1.08954e-05
-1.10035e-05
-1.11074e-05
-1.12091e-05
-1.13102e-05
-1.14127e-05
-1.15184e-05
3.36382e-06
2.85608e-06
2.34442e-06
1.82969e-06
1.31279e-06
7.94608e-07
2.76046e-07
-2.41986e-07
-7.58572e-07
-1.27278e-06
-1.78368e-06
-2.29032e-06
-2.79172e-06
-3.28692e-06
-3.77494e-06
-4.25476e-06
-4.72539e-06
-5.18581e-06
-5.63504e-06
-6.072e-06
-6.49584e-06
-6.90523e-06
-7.29664e-06
-7.66685e-06
-8.01461e-06
-8.34006e-06
-8.6436e-06
-8.92573e-06
-9.18708e-06
-9.42844e-06
-9.65061e-06
-9.85417e-06
-1.00416e-05
-1.02132e-05
-1.037e-05
-1.05136e-05
-1.06459e-05
-1.07686e-05
-1.08834e-05
-1.09921e-05
-1.10967e-05
-1.11989e-05
-1.13007e-05
-1.14039e-05
-1.15104e-05
3.35645e-06
2.84479e-06
2.32936e-06
1.81106e-06
1.29083e-06
7.69597e-07
2.48315e-07
-2.72067e-07
-7.9059e-07
-1.30628e-06
-1.81817e-06
-2.32525e-06
-2.82653e-06
-3.32099e-06
-3.80763e-06
-4.28542e-06
-4.75334e-06
-5.21037e-06
-5.65552e-06
-6.08774e-06
-6.5062e-06
-6.90962e-06
-7.29522e-06
-7.66073e-06
-8.00497e-06
-8.3279e-06
-8.62976e-06
-8.91089e-06
-9.17177e-06
-9.41307e-06
-9.63544e-06
-9.83938e-06
-1.00276e-05
-1.01997e-05
-1.03572e-05
-1.05014e-05
-1.06343e-05
-1.07575e-05
-1.08728e-05
-1.09819e-05
-1.10869e-05
-1.11895e-05
-1.12917e-05
-1.13954e-05
-1.15026e-05
3.34999e-06
2.83478e-06
2.31594e-06
1.79441e-06
1.27117e-06
7.47191e-07
2.23445e-07
-2.99072e-07
-8.19363e-07
-1.33642e-06
-1.84923e-06
-2.35676e-06
-2.85798e-06
-3.35185e-06
-3.83734e-06
-4.31338e-06
-4.77897e-06
-5.23305e-06
-5.67465e-06
-6.10273e-06
-6.51648e-06
-6.91462e-06
-7.29509e-06
-7.65641e-06
-7.99752e-06
-8.31821e-06
-8.61856e-06
-8.89877e-06
-9.1592e-06
-9.40042e-06
-9.62295e-06
-9.82726e-06
-1.00159e-05
-1.01885e-05
-1.03464e-05
-1.04911e-05
-1.06244e-05
-1.0748e-05
-1.08635e-05
-1.09729e-05
-1.10781e-05
-1.11809e-05
-1.12834e-05
-1.13875e-05
-1.14951e-05
3.3441e-06
2.82549e-06
2.30339e-06
1.77878e-06
1.25266e-06
7.26041e-07
1.99931e-07
-3.24642e-07
-8.46644e-07
-1.36503e-06
-1.87876e-06
-2.38677e-06
-2.888e-06
-3.38137e-06
-3.86583e-06
-4.3403e-06
-4.80376e-06
-5.25514e-06
-5.69348e-06
-6.11774e-06
-6.52713e-06
-6.92038e-06
-7.29604e-06
-7.65344e-06
-7.99161e-06
-8.3102e-06
-8.60914e-06
-8.88848e-06
-9.14848e-06
-9.38959e-06
-9.61224e-06
-9.81689e-06
-1.00058e-05
-1.01789e-05
-1.03371e-05
-1.04821e-05
-1.06157e-05
-1.07394e-05
-1.08551e-05
-1.09646e-05
-1.10699e-05
-1.11728e-05
-1.12754e-05
-1.13797e-05
-1.14876e-05
3.33886e-06
2.81698e-06
2.29171e-06
1.76407e-06
1.23511e-06
7.05864e-07
1.77397e-07
-3.49232e-07
-8.72953e-07
-1.39269e-06
-1.90735e-06
-2.41586e-06
-2.91711e-06
-3.41001e-06
-3.89348e-06
-4.36644e-06
-4.82783e-06
-5.27661e-06
-5.71181e-06
-6.13242e-06
-6.53769e-06
-6.92636e-06
-7.29762e-06
-7.65153e-06
-7.98706e-06
-8.3037e-06
-8.60128e-06
-8.87976e-06
-9.13927e-06
-9.38018e-06
-9.60282e-06
-9.80755e-06
-9.99674e-06
-1.01701e-05
-1.03287e-05
-1.0474e-05
-1.06079e-05
-1.07318e-05
-1.08476e-05
-1.09572e-05
-1.10624e-05
-1.11654e-05
-1.1268e-05
-1.13724e-05
-1.14805e-05
-5.72876e-06
-1.08434e-05
-1.07714e-05
-1.0732e-05
-1.10693e-05
-1.16471e-05
-1.24076e-05
-1.33174e-05
-1.43596e-05
-1.55275e-05
-1.68192e-05
-1.82355e-05
-1.9778e-05
-2.14485e-05
-2.32433e-05
-1.8722e-06
-7.25615e-06
-8.91809e-06
-9.80643e-06
-1.05797e-05
-1.13678e-05
-1.22391e-05
-1.32129e-05
-1.4294e-05
-1.54859e-05
-1.67922e-05
-1.82166e-05
-1.97629e-05
-2.14338e-05
-2.32268e-05
6.55235e-07
-4.70905e-06
-7.39762e-06
-8.92912e-06
-1.00698e-05
-1.10685e-05
-1.20587e-05
-1.31022e-05
-1.42256e-05
-1.54433e-05
-1.6765e-05
-1.8198e-05
-1.9748e-05
-2.14191e-05
-2.32099e-05
1.87469e-06
-2.97913e-06
-6.10084e-06
-8.07993e-06
-9.53597e-06
-1.07447e-05
-1.18637e-05
-1.29846e-05
-1.41548e-05
-1.54008e-05
-1.6739e-05
-1.81808e-05
-1.97344e-05
-2.14054e-05
-2.31935e-05
2.50777e-06
-1.58748e-06
-4.81644e-06
-7.14659e-06
-8.91176e-06
-1.03501e-05
-1.16225e-05
-1.28398e-05
-1.40693e-05
-1.53508e-05
-1.67097e-05
-1.81624e-05
-1.97203e-05
-2.13914e-05
-2.31764e-05
2.92993e-06
-5.22526e-07
-3.6267e-06
-6.15658e-06
-8.18654e-06
-9.85909e-06
-1.13083e-05
-1.26464e-05
-1.39539e-05
-1.52836e-05
-1.66708e-05
-1.81387e-05
-1.97033e-05
-2.13752e-05
-2.31571e-05
3.12509e-06
2.08854e-07
-2.64648e-06
-5.20909e-06
-7.40781e-06
-9.28084e-06
-1.091e-05
-1.2387e-05
-1.37921e-05
-1.51861e-05
-1.66129e-05
-1.81035e-05
-1.96789e-05
-2.13536e-05
-2.31332e-05
3.08409e-06
6.14881e-07
-1.93992e-06
-4.403e-06
-6.65513e-06
-8.66008e-06
-1.04421e-05
-1.20578e-05
-1.35724e-05
-1.50453e-05
-1.65246e-05
-1.80473e-05
-1.964e-05
-2.13213e-05
-2.31002e-05
2.84105e-06
7.37633e-07
-1.51565e-06
-3.80132e-06
-6.00675e-06
-8.06116e-06
-9.94436e-06
-1.16755e-05
-1.3296e-05
-1.48542e-05
-1.63958e-05
-1.796e-05
-1.95772e-05
-2.12701e-05
-2.30512e-05
2.4321e-06
6.25884e-07
-1.35085e-06
-3.42707e-06
-5.51672e-06
-7.54499e-06
-9.46745e-06
-1.12736e-05
-1.29795e-05
-1.46168e-05
-1.62227e-05
-1.78338e-05
-1.94814e-05
-2.11905e-05
-2.29768e-05
1.88417e-06
3.2085e-07
-1.41224e-06
-3.27539e-06
-5.21054e-06
-7.15492e-06
-9.0578e-06
-1.08908e-05
-1.26492e-05
-1.4347e-05
-1.60094e-05
-1.76659e-05
-1.93455e-05
-2.10732e-05
-2.28662e-05
1.21374e-06
-1.48209e-07
-1.66929e-06
-3.32956e-06
-5.0935e-06
-6.91548e-06
-8.75007e-06
-1.05625e-05
-1.23345e-05
-1.40649e-05
-1.57661e-05
-1.74585e-05
-1.91656e-05
-2.09098e-05
-2.27084e-05
4.29304e-07
-7.62798e-07
-2.09918e-06
-3.57182e-06
-5.16128e-06
-6.83805e-06
-8.56745e-06
-1.03168e-05
-1.2062e-05
-1.37915e-05
-1.55062e-05
-1.72168e-05
-1.89397e-05
-2.06929e-05
-2.24914e-05
-4.64713e-07
-1.51117e-06
-2.68561e-06
-3.98687e-06
-5.40607e-06
-6.92639e-06
-8.52472e-06
-1.01753e-05
-1.18549e-05
-1.35467e-05
-1.52437e-05
-1.69476e-05
-1.86672e-05
-2.04146e-05
-2.22017e-05
-1.46456e-06
-2.38424e-06
-3.41551e-06
-4.56087e-06
-5.81784e-06
-7.17848e-06
-8.62953e-06
-1.01537e-05
-1.17324e-05
-1.33491e-05
-1.49925e-05
-1.66581e-05
-1.83477e-05
-2.00674e-05
-2.18246e-05
-2.56436e-06
-3.37197e-06
-4.27541e-06
-5.27874e-06
-6.38298e-06
-7.58578e-06
-8.88108e-06
-1.02592e-05
-1.17078e-05
-1.32139e-05
-1.4766e-05
-1.63564e-05
-1.79823e-05
-1.96444e-05
-2.13457e-05
-3.75595e-06
-4.46235e-06
-5.24971e-06
-6.12241e-06
-7.08301e-06
-8.13225e-06
-9.26865e-06
-1.04882e-05
-1.17845e-05
-1.31492e-05
-1.45737e-05
-1.60502e-05
-1.75737e-05
-1.91419e-05
-2.07539e-05
-5.02742e-06
-5.63977e-06
-6.31906e-06
-7.06934e-06
-7.89355e-06
-8.79373e-06
-9.77093e-06
-1.08248e-05
-1.19532e-05
-1.31525e-05
-1.44176e-05
-1.57434e-05
-1.71251e-05
-1.85593e-05
-2.00438e-05
-6.3518e-06
-6.87434e-06
-7.45069e-06
-8.08414e-06
-8.77732e-06
-9.53259e-06
-1.0352e-05
-1.12371e-05
-1.21886e-05
-1.3206e-05
-1.42882e-05
-1.54328e-05
-1.66375e-05
-1.79002e-05
-1.9219e-05
-7.6923e-06
-8.12659e-06
-8.60236e-06
-9.12209e-06
-9.68785e-06
-1.03017e-05
-1.0966e-05
-1.16828e-05
-1.24542e-05
-1.3282e-05
-1.41673e-05
-1.51111e-05
-1.61138e-05
-1.71759e-05
-1.82974e-05
-8.89762e-06
-9.24874e-06
-9.63118e-06
-1.00464e-05
-1.04958e-05
-1.09811e-05
-1.15042e-05
-1.20675e-05
-1.26733e-05
-1.33243e-05
-1.40231e-05
-1.47727e-05
-1.5576e-05
-1.64363e-05
-1.73566e-05
-9.85512e-06
-1.0135e-05
-1.04377e-05
-1.07645e-05
-1.11166e-05
-1.14956e-05
-1.19033e-05
-1.23417e-05
-1.28133e-05
-1.33212e-05
-1.38685e-05
-1.44592e-05
-1.50979e-05
-1.579e-05
-1.65411e-05
-1.0499e-05
-1.07242e-05
-1.0967e-05
-1.12282e-05
-1.1509e-05
-1.18108e-05
-1.21354e-05
-1.24846e-05
-1.2861e-05
-1.32675e-05
-1.37078e-05
-1.41861e-05
-1.47078e-05
-1.52796e-05
-1.59084e-05
-1.09375e-05
-1.11222e-05
-1.13208e-05
-1.1534e-05
-1.17632e-05
-1.20097e-05
-1.22751e-05
-1.25616e-05
-1.28714e-05
-1.32076e-05
-1.35738e-05
-1.39745e-05
-1.44151e-05
-1.49027e-05
-1.54445e-05
-1.12251e-05
-1.13809e-05
-1.15479e-05
-1.17273e-05
-1.19203e-05
-1.21285e-05
-1.23535e-05
-1.25974e-05
-1.28624e-05
-1.31515e-05
-1.34683e-05
-1.38171e-05
-1.42032e-05
-1.46335e-05
-1.5115e-05
-1.14067e-05
-1.15428e-05
-1.16886e-05
-1.18454e-05
-1.20146e-05
-1.21977e-05
-1.23964e-05
-1.26127e-05
-1.28489e-05
-1.31078e-05
-1.33929e-05
-1.37081e-05
-1.40586e-05
-1.44505e-05
-1.48905e-05
-1.15176e-05
-1.16413e-05
-1.17739e-05
-1.19166e-05
-1.2071e-05
-1.22387e-05
-1.24213e-05
-1.26208e-05
-1.28395e-05
-1.308e-05
-1.33455e-05
-1.36398e-05
-1.39673e-05
-1.43337e-05
-1.47449e-05
-1.15828e-05
-1.16995e-05
-1.18244e-05
-1.19592e-05
-1.21052e-05
-1.22642e-05
-1.24378e-05
-1.2628e-05
-1.28369e-05
-1.30669e-05
-1.33209e-05
-1.36025e-05
-1.39155e-05
-1.42649e-05
-1.46558e-05
-1.1619e-05
-1.17322e-05
-1.18535e-05
-1.19844e-05
-1.21265e-05
-1.22814e-05
-1.24507e-05
-1.26364e-05
-1.28404e-05
-1.3065e-05
-1.33129e-05
-1.35869e-05
-1.38909e-05
-1.42288e-05
-1.46051e-05
-1.16372e-05
-1.17493e-05
-1.18695e-05
-1.19991e-05
-1.214e-05
-1.22936e-05
-1.24617e-05
-1.26459e-05
-1.28481e-05
-1.30705e-05
-1.33154e-05
-1.35854e-05
-1.38836e-05
-1.42136e-05
-1.4579e-05
-1.16443e-05
-1.17568e-05
-1.18772e-05
-1.20073e-05
-1.21486e-05
-1.23027e-05
-1.24712e-05
-1.26557e-05
-1.2858e-05
-1.30801e-05
-1.33239e-05
-1.35917e-05
-1.38863e-05
-1.42105e-05
-1.45676e-05
-1.16448e-05
-1.17583e-05
-1.18799e-05
-1.20112e-05
-1.21538e-05
-1.23092e-05
-1.24791e-05
-1.26649e-05
-1.28683e-05
-1.3091e-05
-1.33348e-05
-1.36016e-05
-1.38938e-05
-1.42138e-05
-1.45641e-05
-1.16414e-05
-1.17562e-05
-1.18792e-05
-1.20121e-05
-1.21564e-05
-1.23137e-05
-1.24853e-05
-1.26728e-05
-1.28778e-05
-1.31016e-05
-1.33459e-05
-1.36124e-05
-1.39029e-05
-1.42195e-05
-1.45643e-05
-1.16358e-05
-1.1752e-05
-1.18765e-05
-1.20111e-05
-1.21572e-05
-1.23162e-05
-1.24898e-05
-1.26791e-05
-1.28857e-05
-1.31108e-05
-1.33559e-05
-1.36224e-05
-1.39117e-05
-1.42255e-05
-1.45656e-05
-1.16291e-05
-1.17466e-05
-1.18725e-05
-1.20086e-05
-1.21564e-05
-1.23173e-05
-1.24926e-05
-1.26837e-05
-1.28919e-05
-1.31184e-05
-1.33643e-05
-1.36308e-05
-1.39192e-05
-1.42307e-05
-1.45668e-05
-1.1622e-05
-1.17406e-05
-1.18678e-05
-1.20053e-05
-1.21545e-05
-1.2317e-05
-1.2494e-05
-1.26867e-05
-1.28964e-05
-1.31241e-05
-1.33708e-05
-1.36374e-05
-1.39251e-05
-1.42346e-05
-1.45671e-05
-1.1615e-05
-1.17344e-05
-1.18627e-05
-1.20013e-05
-1.21519e-05
-1.23157e-05
-1.24941e-05
-1.26883e-05
-1.28993e-05
-1.31281e-05
-1.33755e-05
-1.36424e-05
-1.39294e-05
-1.42372e-05
-1.45666e-05
-1.16081e-05
-1.17282e-05
-1.18573e-05
-1.19969e-05
-1.21486e-05
-1.23137e-05
-1.24934e-05
-1.26888e-05
-1.2901e-05
-1.31307e-05
-1.33788e-05
-1.36458e-05
-1.39322e-05
-1.42385e-05
-1.45652e-05
-1.1601e-05
-1.17218e-05
-1.18516e-05
-1.19921e-05
-1.21447e-05
-1.23109e-05
-1.24917e-05
-1.26883e-05
-1.29016e-05
-1.31323e-05
-1.33809e-05
-1.3648e-05
-1.39339e-05
-1.42388e-05
-1.45628e-05
-1.15943e-05
-1.17156e-05
-1.18459e-05
-1.19872e-05
-1.21407e-05
-1.23078e-05
-1.24896e-05
-1.26873e-05
-1.29015e-05
-1.31329e-05
-1.33821e-05
-1.36493e-05
-1.39348e-05
-1.42384e-05
-1.456e-05
-3.09813e-06
-3.10133e-06
-3.10557e-06
-3.11056e-06
-3.11566e-06
-3.12034e-06
-3.12419e-06
-3.12687e-06
-3.12815e-06
-3.12789e-06
-3.126e-06
-3.12242e-06
-3.11708e-06
-3.10988e-06
-3.10064e-06
-3.08907e-06
-3.07468e-06
-3.05674e-06
-3.03412e-06
-3.00512e-06
-2.96741e-06
-2.91791e-06
-2.85084e-06
-2.75957e-06
-2.63879e-06
-2.48349e-06
-2.28922e-06
-2.05325e-06
-1.77609e-06
-1.46135e-06
-1.11108e-06
-7.31671e-07
-3.44952e-07
3.0864e-08
3.77295e-07
6.77285e-07
9.17758e-07
1.09028e-06
1.19408e-06
1.23639e-06
1.23112e-06
1.19614e-06
1.14975e-06
1.11011e-06
1.09129e-06
-3.08903e-06
-3.09321e-06
-3.0971e-06
-3.10089e-06
-3.10435e-06
-3.10712e-06
-3.10889e-06
-3.10937e-06
-3.10833e-06
-3.10555e-06
-3.10082e-06
-3.09393e-06
-3.08465e-06
-3.07274e-06
-3.05786e-06
-3.03962e-06
-3.01747e-06
-2.99063e-06
-2.95798e-06
-2.91782e-06
-2.86773e-06
-2.80419e-06
-2.72219e-06
-2.61753e-06
-2.48637e-06
-2.32448e-06
-2.12827e-06
-1.89569e-06
-1.62667e-06
-1.32326e-06
-9.92071e-07
-6.47799e-07
-3.01457e-07
3.37116e-08
3.42004e-07
6.08072e-07
8.1962e-07
9.71411e-07
1.06524e-06
1.10907e-06
1.11513e-06
1.09718e-06
1.06799e-06
1.03694e-06
1.00983e-06
-3.07951e-06
-3.08608e-06
-3.09122e-06
-3.09561e-06
-3.09933e-06
-3.10209e-06
-3.10366e-06
-3.10381e-06
-3.10235e-06
-3.09907e-06
-3.09374e-06
-3.08614e-06
-3.07601e-06
-3.06307e-06
-3.04702e-06
-3.02751e-06
-3.00417e-06
-2.97656e-06
-2.94406e-06
-2.90575e-06
-2.86017e-06
-2.80471e-06
-2.73512e-06
-2.64728e-06
-2.53606e-06
-2.39514e-06
-2.21874e-06
-2.00287e-06
-1.7463e-06
-1.45098e-06
-1.12179e-06
-7.70897e-07
-4.13272e-07
-6.51769e-08
2.56055e-07
5.34369e-07
7.57519e-07
9.19352e-07
1.02068e-06
1.06869e-06
1.07496e-06
1.05305e-06
1.01585e-06
9.71089e-07
9.19078e-07
-3.06985e-06
-3.07963e-06
-3.08671e-06
-3.09238e-06
-3.09707e-06
-3.10058e-06
-3.10275e-06
-3.10343e-06
-3.10247e-06
-3.09969e-06
-3.0949e-06
-3.08788e-06
-3.0784e-06
-3.06626e-06
-3.05127e-06
-3.03334e-06
-3.01252e-06
-2.98905e-06
-2.96339e-06
-2.93611e-06
-2.90768e-06
-2.87728e-06
-2.84074e-06
-2.79157e-06
-2.72111e-06
-2.61894e-06
-2.47533e-06
-2.28391e-06
-2.04214e-06
-1.75194e-06
-1.41907e-06
-1.05465e-06
-6.7451e-07
-2.96864e-07
5.87302e-08
3.73598e-07
6.32561e-07
8.26311e-07
9.528e-07
1.01712e-06
1.02998e-06
1.00547e-06
9.58245e-07
8.96662e-07
8.19049e-07
-3.06248e-06
-3.07564e-06
-3.08492e-06
-3.09223e-06
-3.09833e-06
-3.10312e-06
-3.10652e-06
-3.10846e-06
-3.10885e-06
-3.10756e-06
-3.10443e-06
-3.0993e-06
-3.09201e-06
-3.08247e-06
-3.07071e-06
-3.05702e-06
-3.04209e-06
-3.02718e-06
-3.0143e-06
-3.00623e-06
-3.00619e-06
-3.01617e-06
-3.03163e-06
-3.04095e-06
-3.02964e-06
-2.98114e-06
-2.88094e-06
-2.72194e-06
-2.50089e-06
-2.21906e-06
-1.88103e-06
-1.49881e-06
-1.08786e-06
-6.67787e-07
-2.60488e-07
1.11852e-07
4.29403e-07
6.77519e-07
8.49041e-07
9.45244e-07
9.75118e-07
9.5361e-07
8.98265e-07
8.19576e-07
7.15319e-07
-3.05909e-06
-3.07544e-06
-3.08694e-06
-3.09603e-06
-3.10378e-06
-3.11021e-06
-3.1153e-06
-3.11906e-06
-3.12149e-06
-3.12249e-06
-3.12198e-06
-3.11985e-06
-3.11604e-06
-3.11061e-06
-3.10388e-06
-3.09657e-06
-3.09015e-06
-3.08714e-06
-3.09145e-06
-3.10857e-06
-3.14507e-06
-3.20646e-06
-3.28733e-06
-3.36802e-06
-3.42572e-06
-3.43744e-06
-3.38832e-06
-3.26928e-06
-3.07472e-06
-2.80613e-06
-2.46541e-06
-2.06486e-06
-1.62041e-06
-1.15211e-06
-6.83444e-07
-2.40027e-07
1.52858e-07
4.73629e-07
7.0794e-07
8.51276e-07
9.0962e-07
8.98424e-07
8.38677e-07
7.43845e-07
6.11738e-07
-3.0607e-06
-3.07986e-06
-3.09341e-06
-3.10428e-06
-3.11379e-06
-3.12204e-06
-3.12909e-06
-3.13504e-06
-3.13994e-06
-3.14379e-06
-3.14654e-06
-3.14816e-06
-3.1487e-06
-3.14837e-06
-3.14775e-06
-3.14807e-06
-3.15157e-06
-3.16212e-06
-3.18572e-06
-3.2308e-06
-3.30752e-06
-3.42515e-06
-3.57694e-06
-3.73266e-06
-3.86079e-06
-3.93848e-06
-3.94896e-06
-3.87479e-06
-3.70722e-06
-3.44639e-06
-3.10399e-06
-2.68902e-06
-2.21543e-06
-1.70202e-06
-1.17243e-06
-6.5465e-07
-1.79045e-07
2.25277e-07
5.35285e-07
7.38699e-07
8.3668e-07
8.4404e-07
7.84945e-07
6.76064e-07
5.15577e-07
-3.06772e-06
-3.08925e-06
-3.10465e-06
-3.1172e-06
-3.12847e-06
-3.1386e-06
-3.14773e-06
-3.15604e-06
-3.16366e-06
-3.17064e-06
-3.177e-06
-3.18278e-06
-3.18809e-06
-3.1933e-06
-3.19923e-06
-3.20752e-06
-3.22119e-06
-3.24536e-06
-3.28813e-06
-3.36099e-06
-3.47754e-06
-3.65077e-06
-3.87316e-06
-4.10389e-06
-4.30339e-06
-4.44243e-06
-4.49748e-06
-4.45438e-06
-4.30883e-06
-4.06261e-06
-3.72374e-06
-3.30108e-06
-2.80701e-06
-2.2581e-06
-1.67658e-06
-1.09103e-06
-5.35401e-07
-4.56515e-08
3.46018e-07
6.18131e-07
7.65012e-07
7.99026e-07
7.46416e-07
6.26699e-07
4.38565e-07
-3.08008e-06
-3.1036e-06
-3.12062e-06
-3.13475e-06
-3.1477e-06
-3.15968e-06
-3.17088e-06
-3.18157e-06
-3.19195e-06
-3.20213e-06
-3.21217e-06
-3.22218e-06
-3.23232e-06
-3.24307e-06
-3.25542e-06
-3.27136e-06
-3.29454e-06
-3.33118e-06
-3.39133e-06
-3.4896e-06
-3.64238e-06
-3.86563e-06
-4.15229e-06
-4.44971e-06
-4.70922e-06
-4.89607e-06
-4.98586e-06
-4.96696e-06
-4.83768e-06
-4.60158e-06
-4.26658e-06
-3.84095e-06
-3.33496e-06
-2.76219e-06
-2.14208e-06
-1.50192e-06
-8.77088e-07
-3.08538e-07
1.63079e-07
5.06761e-07
7.08403e-07
7.7587e-07
7.35722e-07
6.09401e-07
3.96002e-07
-3.09743e-06
-3.12266e-06
-3.14109e-06
-3.15666e-06
-3.17119e-06
-3.1849e-06
-3.19806e-06
-3.21102e-06
-3.22403e-06
-3.23726e-06
-3.25084e-06
-3.26489e-06
-3.27964e-06
-3.29559e-06
-3.31386e-06
-3.33667e-06
-3.36815e-06
-3.41538e-06
-3.49005e-06
-3.61005e-06
-3.79348e-06
-4.05836e-06
-4.39918e-06
-4.75125e-06
-5.05675e-06
-5.27752e-06
-5.38967e-06
-5.38397e-06
-5.2616e-06
-5.02904e-06
-4.69502e-06
-4.26758e-06
-3.75499e-06
-3.16779e-06
-2.52202e-06
-1.84227e-06
-1.16321e-06
-5.28323e-07
1.48419e-08
4.27051e-07
6.85087e-07
7.90505e-07
7.68184e-07
6.4015e-07
4.05477e-07
-3.11923e-06
-3.14599e-06
-3.16569e-06
-3.18257e-06
-3.19853e-06
-3.2138e-06
-3.22873e-06
-3.24372e-06
-3.25911e-06
-3.27511e-06
-3.29189e-06
-3.30961e-06
-3.32851e-06
-3.34913e-06
-3.3726e-06
-3.40128e-06
-3.43958e-06
-3.49521e-06
-3.58089e-06
-3.71726e-06
-3.92515e-06
-4.22574e-06
-4.60714e-06
-5.0007e-06
-5.33786e-06
-5.57847e-06
-5.69961e-06
-5.69501e-06
-5.56929e-06
-5.33199e-06
-4.99317e-06
-4.56101e-06
-4.04248e-06
-3.44558e-06
-2.7831e-06
-2.07642e-06
-1.35783e-06
-6.71002e-07
-6.92675e-08
4.03846e-07
7.16012e-07
8.61174e-07
8.60804e-07
7.36079e-07
4.85308e-07
-3.14494e-06
-3.17316e-06
-3.19401e-06
-3.21208e-06
-3.22931e-06
-3.24595e-06
-3.26238e-06
-3.27908e-06
-3.29647e-06
-3.31482e-06
-3.33435e-06
-3.35524e-06
-3.37773e-06
-3.40234e-06
-3.4302e-06
-3.46369e-06
-3.50737e-06
-3.56938e-06
-3.66303e-06
-3.80977e-06
-4.03588e-06
-4.36539e-06
-4.7766e-06
-5.19772e-06
-5.55306e-06
-5.80046e-06
-5.9184e-06
-5.90374e-06
-5.76464e-06
-5.51349e-06
-5.16202e-06
-4.71898e-06
-4.19072e-06
-3.58364e-06
-2.90805e-06
-2.18225e-06
-1.43536e-06
-7.0891e-07
-6.28154e-08
4.61094e-07
8.22429e-07
1.00671e-06
1.03087e-06
9.14086e-07
6.52937e-07
-3.17405e-06
-3.20376e-06
-3.2257e-06
-3.24485e-06
-3.26318e-06
-3.28092e-06
-3.29853e-06
-3.31656e-06
-3.3355e-06
-3.35569e-06
-3.37742e-06
-3.40088e-06
-3.42633e-06
-3.45424e-06
-3.4857e-06
-3.52302e-06
-3.57079e-06
-3.63739e-06
-3.73662e-06
-3.88933e-06
-4.12986e-06
-4.47718e-06
-4.90907e-06
-5.34658e-06
-5.70853e-06
-5.95163e-06
-6.05608e-06
-6.0218e-06
-5.86012e-06
-5.58612e-06
-5.21322e-06
-4.75105e-06
-4.20607e-06
-3.58403e-06
-2.89381e-06
-2.15152e-06
-1.38355e-06
-6.26796e-07
5.72101e-08
6.20141e-07
1.0237e-06
1.24459e-06
1.29437e-06
1.18946e-06
9.23521e-07
-3.20617e-06
-3.23747e-06
-3.26049e-06
-3.28062e-06
-3.29985e-06
-3.31843e-06
-3.33684e-06
-3.35574e-06
-3.3757e-06
-3.39718e-06
-3.42049e-06
-3.4459e-06
-3.47365e-06
-3.50417e-06
-3.53849e-06
-3.57881e-06
-3.62963e-06
-3.69939e-06
-3.80233e-06
-3.95975e-06
-4.20773e-06
-4.56482e-06
-5.00973e-06
-5.45431e-06
-5.81341e-06
-6.0433e-06
-6.12599e-06
-6.06415e-06
-5.87194e-06
-5.56671e-06
-5.16351e-06
-4.67308e-06
-4.10251e-06
-3.45778e-06
-2.7473e-06
-1.98559e-06
-1.19783e-06
-4.19238e-07
3.00535e-07
8.96907e-07
1.33514e-06
1.58909e-06
1.66458e-06
1.57476e-06
1.30895e-06
-3.24107e-06
-3.27414e-06
-3.29823e-06
-3.31924e-06
-3.33917e-06
-3.35825e-06
-3.37704e-06
-3.3963e-06
-3.41672e-06
-3.43884e-06
-3.4631e-06
-3.48981e-06
-3.51922e-06
-3.55172e-06
-3.58826e-06
-3.63092e-06
-3.68401e-06
-3.75591e-06
-3.86111e-06
-4.0216e-06
-4.2719e-06
-4.63421e-06
-5.08501e-06
-5.52901e-06
-5.87776e-06
-6.08753e-06
-6.14201e-06
-6.0462e-06
-5.81672e-06
-5.47283e-06
-5.03098e-06
-4.5031e-06
-3.89735e-06
-3.22057e-06
-2.48163e-06
-1.69348e-06
-8.82218e-07
-8.12677e-08
6.68775e-07
1.29725e-06
1.76576e-06
2.05029e-06
2.15132e-06
2.07924e-06
1.81749e-06
-3.27869e-06
-3.31374e-06
-3.33893e-06
-3.3607e-06
-3.38109e-06
-3.4003e-06
-3.41898e-06
-3.43803e-06
-3.45826e-06
-3.48037e-06
-3.50491e-06
-3.53227e-06
-3.56275e-06
-3.59667e-06
-3.63493e-06
-3.67945e-06
-3.73432e-06
-3.80769e-06
-3.91408e-06
-4.07582e-06
-4.32625e-06
-4.69007e-06
-5.14109e-06
-5.57856e-06
-5.91119e-06
-6.09554e-06
-6.11679e-06
-5.98209e-06
-5.70981e-06
-5.32079e-06
-4.83272e-06
-4.25872e-06
-3.6082e-06
-2.8892e-06
-2.11133e-06
-1.28904e-06
-4.46344e-07
3.82991e-07
1.1607e-06
1.82096e-06
2.32104e-06
2.63498e-06
2.76094e-06
2.70892e-06
2.45365e-06
-3.31914e-06
-3.35641e-06
-3.38271e-06
-3.40511e-06
-3.42567e-06
-3.44457e-06
-3.46259e-06
-3.48077e-06
-3.50013e-06
-3.52152e-06
-3.54565e-06
-3.57306e-06
-3.60409e-06
-3.63893e-06
-3.67854e-06
-3.72464e-06
-3.78101e-06
-3.85557e-06
-3.96259e-06
-4.12446e-06
-4.37376e-06
-4.73637e-06
-5.18355e-06
-5.60954e-06
-5.92199e-06
-6.07718e-06
-6.06152e-06
-5.88401e-06
-5.56437e-06
-5.12473e-06
-4.58378e-06
-3.95575e-06
-3.25138e-06
-2.48015e-06
-1.65308e-06
-7.85828e-07
9.80183e-08
9.65283e-07
1.77253e-06
2.466e-06
2.99919e-06
3.34486e-06
3.49572e-06
3.46788e-06
3.21829e-06
-3.36272e-06
-3.40244e-06
-3.42989e-06
-3.45273e-06
-3.47308e-06
-3.49115e-06
-3.50784e-06
-3.52442e-06
-3.54213e-06
-3.56205e-06
-3.58509e-06
-3.61195e-06
-3.6431e-06
-3.6785e-06
-3.71919e-06
-3.76676e-06
-3.82462e-06
-3.90034e-06
-4.00789e-06
-4.16941e-06
-4.41684e-06
-4.77624e-06
-5.21669e-06
-5.62814e-06
-5.91725e-06
-6.04048e-06
-5.98514e-06
-5.76158e-06
-5.39119e-06
-4.89637e-06
-4.2968e-06
-3.60771e-06
-2.84114e-06
-2.00812e-06
-1.12137e-06
-1.9806e-07
7.37398e-07
1.65125e-06
2.49944e-06
3.23074e-06
3.79785e-06
4.17686e-06
4.3537e-06
4.3582e-06
4.11147e-06
-3.40988e-06
-3.4523e-06
-3.4809e-06
-3.50393e-06
-3.52361e-06
-3.54018e-06
-3.55475e-06
-3.56887e-06
-3.58408e-06
-3.60175e-06
-3.62299e-06
-3.64874e-06
-3.67962e-06
-3.7154e-06
-3.75704e-06
-3.80611e-06
-3.8656e-06
-3.94271e-06
-4.05098e-06
-4.21212e-06
-4.45737e-06
-4.81242e-06
-5.24419e-06
-5.63891e-06
-5.9025e-06
-5.99171e-06
-5.89473e-06
-5.62312e-06
-5.19885e-06
-4.64507e-06
-3.98202e-06
-3.22575e-06
-2.38949e-06
-1.48581e-06
-5.29246e-07
4.61214e-07
1.45959e-06
2.43089e-06
3.33062e-06
4.10746e-06
4.71299e-06
5.12914e-06
5.33968e-06
5.3606e-06
5.13846e-06
-3.46124e-06
-3.50661e-06
-3.53632e-06
-3.55919e-06
-3.57759e-06
-3.59184e-06
-3.60334e-06
-3.614e-06
-3.62576e-06
-3.64033e-06
-3.65907e-06
-3.68326e-06
-3.71347e-06
-3.7495e-06
-3.79219e-06
-3.84293e-06
-3.90436e-06
-3.98325e-06
-4.09262e-06
-4.25371e-06
-4.49678e-06
-4.84695e-06
-5.26877e-06
-5.64526e-06
-5.88183e-06
-5.93558e-06
-5.79558e-06
-5.47422e-06
-4.99387e-06
-4.37813e-06
-3.64758e-06
-2.81893e-06
-1.9064e-06
-9.24042e-07
1.1181e-07
1.18011e-06
2.25285e-06
3.29313e-06
4.2552e-06
5.08721e-06
5.73898e-06
6.19338e-06
6.43747e-06
6.47679e-06
6.29261e-06
-3.51759e-06
-3.56617e-06
-3.5969e-06
-3.61912e-06
-3.63542e-06
-3.64632e-06
-3.65358e-06
-3.65963e-06
-3.66688e-06
-3.67747e-06
-3.69309e-06
-3.71525e-06
-3.74439e-06
-3.78066e-06
-3.82466e-06
-3.87736e-06
-3.94118e-06
-4.02238e-06
-4.1334e-06
-4.29489e-06
-4.5361e-06
-4.88121e-06
-5.29229e-06
-5.64957e-06
-5.8581e-06
-5.87547e-06
-5.6915e-06
-5.31918e-06
-4.78113e-06
-4.1011e-06
-3.29985e-06
-2.3945e-06
-1.40012e-06
-3.32029e-07
7.91673e-07
1.94782e-06
3.10601e-06
4.22695e-06
5.26279e-06
6.16026e-06
6.86659e-06
7.36318e-06
7.64442e-06
7.70711e-06
7.55748e-06
-3.57991e-06
-3.63198e-06
-3.66353e-06
-3.68441e-06
-3.69758e-06
-3.7038e-06
-3.70543e-06
-3.70551e-06
-3.70706e-06
-3.71273e-06
-3.72459e-06
-3.74425e-06
-3.77218e-06
-3.80884e-06
-3.85437e-06
-3.90946e-06
-3.9762e-06
-4.06032e-06
-4.17366e-06
-4.33611e-06
-4.5759e-06
-4.91602e-06
-5.31592e-06
-5.65337e-06
-5.83324e-06
-5.81364e-06
-5.58512e-06
-5.16107e-06
-4.5642e-06
-3.8182e-06
-2.94379e-06
-1.95835e-06
-8.77531e-07
2.82238e-07
1.50126e-06
2.75425e-06
4.00827e-06
5.22122e-06
6.34253e-06
7.31664e-06
8.08568e-06
8.63168e-06
8.95837e-06
9.05257e-06
8.93303e-06
-3.6494e-06
-3.70524e-06
-3.73729e-06
-3.75589e-06
-3.76453e-06
-3.76445e-06
-3.75875e-06
-3.75129e-06
-3.74583e-06
-3.7456e-06
-3.75303e-06
-3.76984e-06
-3.79666e-06
-3.8338e-06
-3.88119e-06
-3.93917e-06
-4.00945e-06
-4.09717e-06
-4.21352e-06
-4.37758e-06
-4.61645e-06
-4.95177e-06
-5.34026e-06
-5.65752e-06
-5.80835e-06
-5.75149e-06
-5.47814e-06
-5.00197e-06
-4.34562e-06
-3.53255e-06
-2.5833e-06
-1.51526e-06
-3.44518e-07
9.11668e-07
2.23219e-06
3.58978e-06
4.94894e-06
6.26449e-06
7.48264e-06
8.54457e-06
9.38609e-06
9.9873e-06
1.03641e-05
1.04971e-05
1.04162e-05
-3.72754e-06
-3.78743e-06
-3.81943e-06
-3.83446e-06
-3.83677e-06
-3.82833e-06
-3.81328e-06
-3.79653e-06
-3.78268e-06
-3.77554e-06
-3.77795e-06
-3.79167e-06
-3.81742e-06
-3.85529e-06
-3.90496e-06
-3.9664e-06
-4.04086e-06
-4.13289e-06
-4.25295e-06
-4.41927e-06
-4.65775e-06
-4.98852e-06
-5.36553e-06
-5.6624e-06
-5.78402e-06
-5.68979e-06
-5.3716e-06
-4.84325e-06
-4.12719e-06
-3.24652e-06
-2.22146e-06
-1.06928e-06
1.93764e-07
1.54978e-06
2.97653e-06
4.44498e-06
5.91718e-06
7.34483e-06
8.67037e-06
9.83104e-06
1.07573e-05
1.14198e-05
1.18505e-05
1.20264e-05
1.19891e-05
-3.81615e-06
-3.88035e-06
-3.91145e-06
-3.92111e-06
-3.91475e-06
-3.89544e-06
-3.86867e-06
-3.84069e-06
-3.81699e-06
-3.80199e-06
-3.79884e-06
-3.80934e-06
-3.83413e-06
-3.87305e-06
-3.92549e-06
-3.99098e-06
-4.0703e-06
-4.16731e-06
-4.29178e-06
-4.461e-06
-4.69959e-06
-5.02608e-06
-5.3916e-06
-5.66801e-06
-5.7604e-06
-5.62891e-06
-5.2661e-06
-4.68581e-06
-3.91021e-06
-2.96195e-06
-1.86083e-06
-6.23867e-07
7.32671e-07
2.19052e-06
3.7266e-06
5.31042e-06
6.90187e-06
8.44963e-06
9.89185e-06
1.11608e-05
1.21854e-05
1.29219e-05
1.34085e-05
1.36348e-05
1.3646e-05
-3.91752e-06
-3.9862e-06
-4.01507e-06
-4.01692e-06
-3.99889e-06
-3.96565e-06
-3.92447e-06
-3.88314e-06
-3.84811e-06
-3.82438e-06
-3.81527e-06
-3.8225e-06
-3.84653e-06
-3.88691e-06
-3.94262e-06
-4.01277e-06
-4.09757e-06
-4.20025e-06
-4.32977e-06
-4.50248e-06
-4.74163e-06
-5.06412e-06
-5.41817e-06
-5.67414e-06
-5.73741e-06
-5.56893e-06
-5.16192e-06
-4.53021e-06
-3.69561e-06
-2.68028e-06
-1.50355e-06
-1.82099e-07
1.26793e-06
2.82811e-06
4.47485e-06
6.17662e-06
7.89159e-06
9.56571e-06
1.11328e-05
1.25189e-05
1.36527e-05
1.44812e-05
1.50272e-05
1.53115e-05
1.53784e-05
-4.03456e-06
-4.10767e-06
-4.13228e-06
-4.12299e-06
-4.08948e-06
-4.03867e-06
-3.98013e-06
-3.92318e-06
-3.87539e-06
-3.8422e-06
-3.82684e-06
-3.8309e-06
-3.85448e-06
-3.89675e-06
-3.95626e-06
-4.03162e-06
-4.12253e-06
-4.23147e-06
-4.36662e-06
-4.54334e-06
-4.78347e-06
-5.10219e-06
-5.44485e-06
-5.68047e-06
-5.71483e-06
-5.50976e-06
-5.05917e-06
-4.37682e-06
-3.48411e-06
-2.40272e-06
-1.15149e-06
2.53246e-07
1.79556e-06
3.45705e-06
5.21391e-06
7.03406e-06
8.87457e-06
1.06793e-05
1.23782e-05
1.38918e-05
1.5143e-05
1.60766e-05
1.66936e-05
1.70444e-05
1.71765e-05
-4.17098e-06
-4.24804e-06
-4.26531e-06
-4.24037e-06
-4.18661e-06
-4.11405e-06
-4.03487e-06
-3.96013e-06
-3.89827e-06
-3.85503e-06
-3.83334e-06
-3.83442e-06
-3.85793e-06
-3.90255e-06
-3.96638e-06
-4.04749e-06
-4.14503e-06
-4.26076e-06
-4.40205e-06
-4.58323e-06
-4.82469e-06
-5.13984e-06
-5.4712e-06
-5.68662e-06
-5.69238e-06
-5.45127e-06
-4.9579e-06
-4.22592e-06
-3.27632e-06
-2.13032e-06
-8.06333e-07
6.79632e-07
2.31186e-06
4.0721e-06
5.93662e-06
7.87331e-06
9.83881e-06
1.17758e-05
1.36116e-05
1.52611e-05
1.66404e-05
1.76883e-05
1.83917e-05
1.88188e-05
1.90293e-05
-4.33164e-06
-4.41131e-06
-4.41664e-06
-4.37008e-06
-4.29003e-06
-4.19106e-06
-4.08784e-06
-3.99325e-06
-3.9163e-06
-3.86262e-06
-3.83469e-06
-3.83313e-06
-3.857e-06
-3.90446e-06
-3.97306e-06
-4.06039e-06
-4.165e-06
-4.28795e-06
-4.43578e-06
-4.62179e-06
-4.86486e-06
-5.17661e-06
-5.49677e-06
-5.69221e-06
-5.66979e-06
-5.39331e-06
-4.85812e-06
-4.07773e-06
-3.07274e-06
-1.86399e-06
-4.6957e-07
1.09476e-06
2.81344e-06
4.6684e-06
6.63621e-06
8.68517e-06
1.07724e-05
1.28404e-05
1.48149e-05
1.66066e-05
1.81235e-05
1.92967e-05
2.01048e-05
2.06199e-05
2.0926e-05
-4.52296e-06
-4.6023e-06
-4.58886e-06
-4.51298e-06
-4.39905e-06
-4.26871e-06
-4.13814e-06
-4.02191e-06
-3.92914e-06
-3.86492e-06
-3.83102e-06
-3.82724e-06
-3.85195e-06
-3.90269e-06
-3.97649e-06
-4.07041e-06
-4.18244e-06
-4.31295e-06
-4.46761e-06
-4.65872e-06
-4.90362e-06
-5.21211e-06
-5.52119e-06
-5.69691e-06
-5.64682e-06
-5.33575e-06
-4.75984e-06
-3.93246e-06
-2.87386e-06
-1.60459e-06
-1.42551e-07
1.49656e-06
3.29723e-06
5.24152e-06
7.3064e-06
9.46099e-06
1.16635e-05
1.38578e-05
1.59696e-05
1.79067e-05
1.95699e-05
2.088e-05
2.18093e-05
2.24302e-05
2.28555e-05
-4.75362e-06
-4.82678e-06
-4.78442e-06
-4.6681e-06
-4.51372e-06
-4.34585e-06
-4.18483e-06
-4.04557e-06
-3.93664e-06
-3.86208e-06
-3.82265e-06
-3.81715e-06
-3.84318e-06
-3.89761e-06
-3.97696e-06
-4.07774e-06
-4.19743e-06
-4.33569e-06
-4.49739e-06
-4.69377e-06
-4.94065e-06
-5.24598e-06
-5.54413e-06
-5.70047e-06
-5.62328e-06
-5.27852e-06
-4.66313e-06
-3.79034e-06
-2.68011e-06
-1.35285e-06
1.73535e-07
1.88324e-06
3.76058e-06
5.7876e-06
7.94165e-06
1.01929e-05
1.25014e-05
1.48134e-05
1.70566e-05
1.91385e-05
2.0954e-05
2.24141e-05
2.34789e-05
2.42275e-05
2.48057e-05
-5.03558e-06
-5.09131e-06
-5.00536e-06
-4.8359e-06
-4.63153e-06
-4.42099e-06
-4.227e-06
-4.0639e-06
-3.93889e-06
-3.85448e-06
-3.81008e-06
-3.80342e-06
-3.83121e-06
-3.88969e-06
-3.97482e-06
-4.08264e-06
-4.2101e-06
-4.35622e-06
-4.52503e-06
-4.72677e-06
-4.97571e-06
-5.27797e-06
-5.56534e-06
-5.70268e-06
-5.59907e-06
-5.2216e-06
-4.56807e-06
-3.65159e-06
-2.4919e-06
-1.10945e-06
4.77673e-07
2.25329e-06
4.20128e-06
6.30342e-06
8.53728e-06
1.08741e-05
1.32762e-05
1.56932e-05
1.8057e-05
2.02773e-05
2.22466e-05
2.38673e-05
2.50843e-05
2.59864e-05
2.67648e-05
-5.38573e-06
-5.40301e-06
-5.2523e-06
-5.01521e-06
-4.75032e-06
-4.49248e-06
-4.26385e-06
-4.07679e-06
-3.93624e-06
-3.84269e-06
-3.794e-06
-3.78671e-06
-3.81666e-06
-3.87943e-06
-3.9705e-06
-4.08541e-06
-4.22065e-06
-4.3746e-06
-4.55051e-06
-4.75762e-06
-5.00864e-06
-5.30788e-06
-5.58466e-06
-5.70343e-06
-5.57411e-06
-5.165e-06
-4.47477e-06
-3.51643e-06
-2.30961e-06
-8.74948e-07
7.69035e-07
2.60551e-06
4.61762e-06
6.78652e-06
9.08966e-06
1.14992e-05
1.39796e-05
1.6485e-05
1.89527e-05
2.12984e-05
2.34155e-05
2.52026e-05
2.6588e-05
2.7674e-05
2.87221e-05
-5.82816e-06
-5.7695e-06
-5.52451e-06
-5.2022e-06
-4.86736e-06
-4.55867e-06
-4.2948e-06
-4.08442e-06
-3.92929e-06
-3.8275e-06
-3.77522e-06
-3.76778e-06
-3.80018e-06
-3.86741e-06
-3.96443e-06
-4.08639e-06
-4.22931e-06
-4.39097e-06
-4.57387e-06
-4.78626e-06
-5.03934e-06
-5.3356e-06
-5.60199e-06
-5.70265e-06
-5.54843e-06
-5.10881e-06
-4.38338e-06
-3.38509e-06
-2.13355e-06
-6.49796e-07
1.04699e-06
2.93905e-06
5.00841e-06
7.23519e-06
9.59628e-06
1.20642e-05
1.46055e-05
1.71786e-05
1.97276e-05
2.2177e-05
2.44263e-05
2.63766e-05
2.79414e-05
2.92453e-05
3.06669e-05
-6.39628e-06
-6.19292e-06
-5.82062e-06
-5.39215e-06
-4.97919e-06
-4.61795e-06
-4.31957e-06
-4.08726e-06
-3.91887e-06
-3.80983e-06
-3.75462e-06
-3.74742e-06
-3.78248e-06
-3.85418e-06
-3.95708e-06
-4.08593e-06
-4.23632e-06
-4.40549e-06
-4.59519e-06
-4.81271e-06
-5.06778e-06
-5.36107e-06
-5.61729e-06
-5.70037e-06
-5.52207e-06
-5.05312e-06
-4.29406e-06
-3.25781e-06
-1.96404e-06
-4.344e-07
1.31104e-06
3.25328e-06
5.37285e-06
7.64839e-06
1.00556e-05
1.25668e-05
1.51497e-05
1.77664e-05
2.03682e-05
2.28902e-05
2.52426e-05
2.73384e-05
2.90808e-05
3.06336e-05
3.25813e-05
-7.13583e-06
-6.67021e-06
-6.12933e-06
-5.5783e-06
-5.0819e-06
-4.66886e-06
-4.33818e-06
-4.08604e-06
-3.90594e-06
-3.79067e-06
-3.73311e-06
-3.72645e-06
-3.76421e-06
-3.84031e-06
-3.94891e-06
-4.08439e-06
-4.24198e-06
-4.41835e-06
-4.61458e-06
-4.83704e-06
-5.09398e-06
-5.3843e-06
-5.63058e-06
-5.69661e-06
-5.49511e-06
-4.99809e-06
-4.20701e-06
-3.13482e-06
-1.80141e-06
-2.29178e-07
1.56067e-06
3.5476e-06
5.71027e-06
8.02536e-06
1.04667e-05
1.30055e-05
1.56096e-05
1.82434e-05
2.08639e-05
2.34175e-05
2.58278e-05
2.80292e-05
2.99223e-05
3.17353e-05
3.4422e-05
-8.09174e-06
-7.19136e-06
-6.43523e-06
-5.75158e-06
-5.17128e-06
-4.71021e-06
-4.35095e-06
-4.08164e-06
-3.89152e-06
-3.77098e-06
-3.71156e-06
-3.70559e-06
-3.74602e-06
-3.82633e-06
-3.94036e-06
-4.08214e-06
-4.24655e-06
-4.42979e-06
-4.63223e-06
-4.85936e-06
-5.11801e-06
-5.40535e-06
-5.6419e-06
-5.69143e-06
-5.46762e-06
-4.94375e-06
-4.12227e-06
-3.01619e-06
-1.6457e-06
-3.41535e-08
1.79589e-06
3.82207e-06
6.02083e-06
8.36633e-06
1.083e-05
1.33806e-05
1.5985e-05
1.86075e-05
2.12084e-05
2.37424e-05
2.61466e-05
2.8384e-05
3.03599e-05
3.24041e-05
3.61191e-05
-9.35703e-06
-7.74268e-06
-6.71689e-06
-5.90229e-06
-5.24486e-06
-4.74261e-06
-4.35952e-06
-4.07579e-06
-3.8771e-06
-3.75195e-06
-3.69084e-06
-3.68547e-06
-3.72833e-06
-3.81253e-06
-3.9316e-06
-4.07928e-06
-4.25012e-06
-4.43983e-06
-4.64815e-06
-4.8797e-06
-5.13994e-06
-5.42432e-06
-5.65142e-06
-5.68502e-06
-5.4397e-06
-4.89007e-06
-4.03954e-06
-2.90122e-06
-1.49574e-06
1.52413e-07
2.01912e-06
4.07993e-06
6.30869e-06
8.67657e-06
1.11518e-05
1.36999e-05
1.62845e-05
1.88677e-05
2.14086e-05
2.38643e-05
2.61788e-05
2.83413e-05
3.02677e-05
3.24653e-05
3.76431e-05
-1.10446e-05
-8.29247e-06
-6.9432e-06
-6.02214e-06
-5.305e-06
-4.7707e-06
-4.36836e-06
-4.0721e-06
-3.86531e-06
-3.73534e-06
-3.67201e-06
-3.6666e-06
-3.71123e-06
-3.7987e-06
-3.92225e-06
-4.07533e-06
-4.25216e-06
-4.44799e-06
-4.66192e-06
-4.89775e-06
-5.15959e-06
-5.44126e-06
-5.65949e-06
-5.67795e-06
-5.41205e-06
-4.83764e-06
-3.9591e-06
-2.78967e-06
-1.35053e-06
3.32552e-07
2.23373e-06
4.32626e-06
6.58109e-06
8.96599e-06
1.14453e-05
1.39804e-05
1.65301e-05
1.90513e-05
2.1497e-05
2.38187e-05
2.59448e-05
2.78659e-05
2.94864e-05
3.15885e-05
3.85635e-05
-1.24742e-05
-8.64051e-06
-7.05594e-06
-6.09281e-06
-5.34776e-06
-4.79344e-06
-4.37699e-06
-4.07029e-06
-3.8561e-06
-3.72131e-06
-3.65549e-06
-3.64961e-06
-3.69552e-06
-3.78575e-06
-3.91326e-06
-4.07122e-06
-4.25355e-06
-4.45505e-06
-4.67421e-06
-4.91402e-06
-5.17729e-06
-5.45634e-06
-5.66624e-06
-5.67073e-06
-5.38603e-06
-4.78918e-06
-3.88552e-06
-2.68842e-06
-1.21961e-06
4.93836e-07
2.42433e-06
4.54281e-06
6.8173e-06
9.21207e-06
1.16874e-05
1.41998e-05
1.67023e-05
1.91442e-05
2.14682e-05
2.36132e-05
2.54569e-05
2.69337e-05
2.78186e-05
2.88464e-05
3.50939e-05
)
;

boundaryField
{
    inlet
    {
        type            uniformJump;
        patchType       cyclic;
        jump            uniform -2.5e-05;
        value           nonuniform List<scalar> 
40
(
8.78331e-07
8.96244e-07
9.14766e-07
9.32912e-07
9.52137e-07
9.73826e-07
1.00022e-06
1.03548e-06
1.08631e-06
1.16195e-06
1.27343e-06
1.43285e-06
1.65363e-06
1.95129e-06
2.34332e-06
2.84733e-06
3.47792e-06
4.24309e-06
5.1403e-06
6.14922e-06
7.18056e-06
8.07304e-06
8.76202e-06
9.26664e-06
9.62512e-06
9.87034e-06
1.00309e-05
1.0131e-05
1.01901e-05
1.02227e-05
1.02394e-05
1.02472e-05
1.02507e-05
1.02525e-05
1.02541e-05
1.02561e-05
1.02587e-05
1.0262e-05
1.02661e-05
1.02705e-05
)
;
        jumpTable       table;
        jumpTableCoeffs
        {
            values          
4
(
(0 -2.5e-05)
(25 -2.5e-05)
(25.5 -0.0001)
(26 -2.5e-05)
)
;
        }
    }
    outlet
    {
        type            uniformJump;
        patchType       cyclic;
        value           nonuniform List<scalar> 
40
(
-2.41217e-05
-2.41038e-05
-2.40852e-05
-2.40671e-05
-2.40479e-05
-2.40262e-05
-2.39998e-05
-2.39645e-05
-2.39137e-05
-2.38381e-05
-2.37266e-05
-2.35672e-05
-2.33464e-05
-2.30487e-05
-2.26567e-05
-2.21527e-05
-2.15221e-05
-2.07569e-05
-1.98597e-05
-1.88508e-05
-1.78194e-05
-1.6927e-05
-1.6238e-05
-1.57334e-05
-1.53749e-05
-1.51297e-05
-1.49691e-05
-1.4869e-05
-1.48099e-05
-1.47773e-05
-1.47606e-05
-1.47528e-05
-1.47493e-05
-1.47475e-05
-1.47459e-05
-1.47439e-05
-1.47413e-05
-1.4738e-05
-1.47339e-05
-1.47295e-05
)
;
    }
    Walls
    {
        type            zeroGradient;
    }
    back
    {
        type            empty;
    }
    front
    {
        type            empty;
    }
}


// ************************************************************************* //
