/*--------------------------------*- C++ -*----------------------------------*\
| =========                 |                                                 |
| \\      /  F ield         | OpenFOAM: The Open Source CFD Toolbox           |
|  \\    /   O peration     | Version:  2312                                  |
|   \\  /    A nd           | Website:  www.openfoam.com                      |
|    \\/     M anipulation  |                                                 |
\*---------------------------------------------------------------------------*/
FoamFile
{
    version     2.0;
    format      ascii;
    arch        "LSB;label=32;scalar=64";
    class       volScalarField;
    location    "129.75";
    object      p;
}
// * * * * * * * * * * * * * * * * * * * * * * * * * * * * * * * * * * * * * //

dimensions      [0 2 -2 0 0 0 0];

internalField   nonuniform List<scalar> 
4800
(
1.68431e-11
-1.84656e-06
-3.39692e-06
-4.71401e-06
-5.84224e-06
-6.81548e-06
-7.66041e-06
-8.39826e-06
-9.05268e-06
-9.63496e-06
-1.01545e-05
-1.06175e-05
-1.10195e-05
-1.1592e-05
-1.331e-05
2.01142e-08
-1.82179e-06
-3.36879e-06
-4.68378e-06
-5.81109e-06
-6.78501e-06
-7.63231e-06
-8.37476e-06
-9.03619e-06
-9.62933e-06
-1.01688e-05
-1.06753e-05
-1.11665e-05
-1.17519e-05
-1.26892e-05
4.17828e-08
-1.79505e-06
-3.33855e-06
-4.65147e-06
-5.77804e-06
-6.75243e-06
-7.60212e-06
-8.34667e-06
-9.01273e-06
-9.61407e-06
-1.01655e-05
-1.06886e-05
-1.11959e-05
-1.16983e-05
-1.21776e-05
6.44517e-08
-1.76659e-06
-3.30598e-06
-4.61625e-06
-5.74147e-06
-6.71552e-06
-7.5662e-06
-8.31234e-06
-8.97879e-06
-9.58178e-06
-1.01318e-05
-1.0641e-05
-1.11054e-05
-1.14953e-05
-1.17419e-05
8.99162e-08
-1.73419e-06
-3.26849e-06
-4.57521e-06
-5.69809e-06
-6.67066e-06
-7.5202e-06
-8.26646e-06
-8.92882e-06
-9.52442e-06
-1.00591e-05
-1.05333e-05
-1.09313e-05
-1.12158e-05
-1.13317e-05
1.19692e-07
-1.69614e-06
-3.22416e-06
-4.52613e-06
-5.64532e-06
-6.61466e-06
-7.4605e-06
-8.20233e-06
-8.85582e-06
-9.43448e-06
-9.94024e-06
-1.03659e-05
-1.0693e-05
-1.08929e-05
-1.09379e-05
1.55761e-07
-1.65033e-06
-3.1706e-06
-4.46623e-06
-5.5798e-06
-6.54335e-06
-7.38193e-06
-8.11361e-06
-8.75149e-06
-9.30419e-06
-9.77064e-06
-1.0142e-05
-1.04041e-05
-1.0543e-05
-1.05526e-05
2.01312e-07
-1.59341e-06
-3.10411e-06
-4.39126e-06
-5.49657e-06
-6.45086e-06
-7.27755e-06
-7.99293e-06
-8.60765e-06
-9.12675e-06
-9.54864e-06
-9.86727e-06
-1.00763e-05
-1.01745e-05
-1.01685e-05
2.60925e-07
-1.52049e-06
-3.0193e-06
-4.29522e-06
-5.38879e-06
-6.32948e-06
-7.1389e-06
-7.83161e-06
-8.41635e-06
-8.89758e-06
-9.27485e-06
-9.54748e-06
-9.71688e-06
-9.79056e-06
-9.78043e-06
3.40182e-07
-1.42531e-06
-2.90916e-06
-4.17025e-06
-5.24783e-06
-6.16988e-06
-6.95646e-06
-7.62094e-06
-8.17164e-06
-8.61376e-06
-8.9507e-06
-9.1868e-06
-9.32946e-06
-9.39068e-06
-9.38383e-06
4.4457e-07
-1.30093e-06
-2.76554e-06
-4.00725e-06
-5.06378e-06
-5.96187e-06
-6.72052e-06
-7.35289e-06
-7.86819e-06
-8.27392e-06
-8.57732e-06
-8.78718e-06
-8.91418e-06
-8.97206e-06
-8.9737e-06
5.78207e-07
-1.1409e-06
-2.58029e-06
-3.79687e-06
-4.8267e-06
-5.69567e-06
-6.42252e-06
-7.02114e-06
-7.50263e-06
-7.87723e-06
-8.15535e-06
-8.34852e-06
-8.46905e-06
-8.53047e-06
-8.54447e-06
7.43447e-07
-9.4018e-07
-2.34614e-06
-3.53063e-06
-4.52783e-06
-5.36324e-06
-6.05611e-06
-6.62169e-06
-7.07321e-06
-7.42331e-06
-7.68445e-06
-7.86947e-06
-7.9908e-06
-8.06101e-06
-8.0903e-06
9.41675e-07
-6.95525e-07
-2.05747e-06
-3.20167e-06
-4.1602e-06
-4.95865e-06
-5.61714e-06
-6.15228e-06
-6.57899e-06
-6.91147e-06
-7.16316e-06
-7.347e-06
-7.47479e-06
-7.55776e-06
-7.60477e-06
1.16758e-06
-4.07419e-07
-1.71215e-06
-2.80639e-06
-3.71992e-06
-4.47863e-06
-5.10337e-06
-5.61148e-06
-6.01869e-06
-6.33975e-06
-6.58813e-06
-6.77617e-06
-6.91463e-06
-7.01331e-06
-7.07988e-06
1.40933e-06
-8.0302e-08
-1.31444e-06
-2.34577e-06
-3.20695e-06
-3.92319e-06
-4.51483e-06
-4.99892e-06
-5.39099e-06
-5.70543e-06
-5.95501e-06
-6.15098e-06
-6.30291e-06
-6.41926e-06
-6.50665e-06
1.65993e-06
2.73651e-07
-8.71711e-07
-1.82685e-06
-2.62672e-06
-3.2965e-06
-3.85433e-06
-4.31559e-06
-4.69483e-06
-5.00544e-06
-5.25887e-06
-5.46496e-06
-5.63195e-06
-5.76708e-06
-5.87607e-06
1.90351e-06
6.439e-07
-3.97036e-07
-1.26508e-06
-1.99368e-06
-2.6106e-06
-3.13105e-06
-3.5676e-06
-3.93322e-06
-4.23982e-06
-4.49713e-06
-4.71327e-06
-4.89507e-06
-5.04865e-06
-5.179e-06
2.11968e-06
1.00866e-06
9.33842e-08
-6.74807e-07
-1.32714e-06
-1.88519e-06
-2.36211e-06
-2.76909e-06
-3.1174e-06
-3.41693e-06
-3.6754e-06
-3.899e-06
-4.09312e-06
-4.26276e-06
-4.41228e-06
2.28669e-06
1.34588e-06
5.6614e-07
-8.96194e-08
-6.54682e-07
-1.14588e-06
-1.57304e-06
-1.94508e-06
-2.27109e-06
-2.55877e-06
-2.81384e-06
-3.04074e-06
-3.2435e-06
-3.42602e-06
-3.59185e-06
2.38759e-06
1.6255e-06
9.82205e-07
4.33208e-07
-4.42526e-08
-4.64775e-07
-8.37524e-07
-1.16977e-06
-1.46793e-06
-1.73724e-06
-1.9818e-06
-2.20495e-06
-2.40976e-06
-2.59911e-06
-2.77574e-06
2.43878e-06
1.82388e-06
1.29463e-06
8.36094e-07
4.33294e-07
7.37095e-08
-2.51151e-07
-5.46776e-07
-8.17276e-07
-1.06619e-06
-1.29664e-06
-1.51133e-06
-1.71263e-06
-1.90269e-06
-2.08361e-06
2.48024e-06
1.97358e-06
1.53147e-06
1.1422e-06
7.94662e-07
4.79421e-07
1.90038e-07
-7.75417e-08
-3.26362e-07
-5.59146e-07
-7.78403e-07
-9.86277e-07
-1.18465e-06
-1.37513e-06
-1.55931e-06
2.51829e-06
2.09004e-06
1.71075e-06
1.37096e-06
1.06259e-06
7.79075e-07
5.15677e-07
2.69044e-07
3.65371e-08
-1.84122e-07
-3.94972e-07
-5.97733e-07
-7.93923e-07
-9.8483e-07
-1.17173e-06
2.55741e-06
2.18429e-06
1.84893e-06
1.54404e-06
1.26367e-06
1.00303e-06
7.58304e-07
5.2657e-07
3.05478e-07
9.30761e-08
-1.12334e-07
-3.12183e-07
-5.07747e-07
-7.00101e-07
-8.90321e-07
2.59809e-06
2.26308e-06
1.95817e-06
1.67765e-06
1.41681e-06
1.17184e-06
9.39547e-07
7.17382e-07
5.03262e-07
2.95485e-07
9.25846e-08
-1.06673e-07
-3.03398e-07
-4.98528e-07
-6.93009e-07
2.63811e-06
2.32939e-06
2.04537e-06
1.78139e-06
1.53353e-06
1.29861e-06
1.07393e-06
8.57232e-07
6.46672e-07
4.40731e-07
2.38104e-07
3.76882e-08
-1.6152e-07
-3.60368e-07
-5.59722e-07
2.67523e-06
2.3847e-06
2.11488e-06
1.86184e-06
1.62226e-06
1.39345e-06
1.17302e-06
9.58981e-07
7.49661e-07
5.43687e-07
3.39863e-07
1.37173e-07
-6.53202e-08
-2.68402e-07
-4.72888e-07
2.70801e-06
2.43027e-06
2.17013e-06
1.92426e-06
1.68986e-06
1.46455e-06
1.2462e-06
1.03302e-06
8.23483e-07
6.16329e-07
4.10439e-07
2.04854e-07
-1.3112e-09
-2.088e-07
-4.18391e-07
2.73599e-06
2.46751e-06
2.21409e-06
1.97299e-06
1.7418e-06
1.51838e-06
1.30078e-06
1.08738e-06
8.76798e-07
6.67844e-07
4.59464e-07
2.50746e-07
4.08411e-08
-1.70961e-07
-3.85412e-07
2.75939e-06
2.49789e-06
2.24933e-06
2.01152e-06
1.78236e-06
1.55985e-06
1.34225e-06
1.12807e-06
9.16045e-07
7.05044e-07
4.94067e-07
2.82242e-07
6.87509e-08
-1.47093e-07
-3.66022e-07
2.77879e-06
2.52278e-06
2.27793e-06
2.04254e-06
1.81471e-06
1.59259e-06
1.37462e-06
1.15943e-06
9.45836e-07
7.32777e-07
5.19297e-07
3.04553e-07
8.77536e-08
-1.3177e-07
-3.54733e-07
2.79486e-06
2.54337e-06
2.30152e-06
2.06803e-06
1.84113e-06
1.61916e-06
1.40067e-06
1.18444e-06
9.69326e-07
7.54336e-07
5.38551e-07
3.21157e-07
1.01383e-07
-1.21426e-07
-3.47972e-07
2.80821e-06
2.56058e-06
2.32128e-06
2.08939e-06
1.86322e-06
1.64129e-06
1.4223e-06
1.20508e-06
9.88581e-07
7.7185e-07
5.54005e-07
3.34257e-07
1.1185e-07
-1.13858e-07
-3.43556e-07
2.81935e-06
2.57513e-06
2.33808e-06
2.10758e-06
1.88205e-06
1.66015e-06
1.4407e-06
1.22261e-06
1.0049e-06
7.86638e-07
5.66985e-07
3.45173e-07
1.20461e-07
-1.07785e-07
-3.40244e-07
2.8287e-06
2.58751e-06
2.35249e-06
2.12325e-06
1.8983e-06
1.67646e-06
1.45663e-06
1.23781e-06
1.01905e-06
7.99466e-07
5.78248e-07
3.54644e-07
1.27927e-07
-1.0253e-07
-3.37397e-07
2.83655e-06
2.59808e-06
2.3649e-06
2.1368e-06
1.9124e-06
1.69066e-06
1.47054e-06
1.25111e-06
1.03146e-06
8.10755e-07
5.88195e-07
3.63047e-07
1.34599e-07
-9.77708e-08
-3.34729e-07
2.84323e-06
2.60724e-06
2.37574e-06
2.14869e-06
1.92482e-06
1.7032e-06
1.48288e-06
1.26294e-06
1.04255e-06
8.20879e-07
5.97164e-07
3.70684e-07
1.40733e-07
-9.33034e-08
-3.32091e-07
2.84923e-06
2.61563e-06
2.38576e-06
2.15972e-06
1.93641e-06
1.71495e-06
1.49447e-06
1.27411e-06
1.05306e-06
8.30531e-07
6.05772e-07
3.78077e-07
1.46752e-07
-8.88166e-08
-3.29294e-07
2.85453e-06
2.62324e-06
2.39495e-06
2.16995e-06
1.94721e-06
1.72596e-06
1.50537e-06
1.28465e-06
1.06301e-06
8.39698e-07
6.13976e-07
3.85153e-07
1.52545e-07
-8.445e-08
-3.26497e-07
-1.48381e-05
-1.26029e-05
-1.1214e-05
-1.02771e-05
-9.51366e-06
-8.91001e-06
-8.42134e-06
-8.01837e-06
-7.68361e-06
-7.40516e-06
-7.1755e-06
-6.99061e-06
-6.8495e-06
-6.75528e-06
-6.71577e-06
-6.74475e-06
-6.86706e-06
-7.11797e-06
-7.53956e-06
-8.19641e-06
-9.15569e-06
-1.04624e-05
-1.1954e-05
-1.32705e-05
-1.42149e-05
-1.47128e-05
-1.47356e-05
-1.42878e-05
-1.33847e-05
-1.20507e-05
-1.03149e-05
-8.21387e-06
-5.79239e-06
-3.10413e-06
-2.10345e-07
2.82202e-06
5.92227e-06
9.0168e-06
1.20273e-05
1.48656e-05
1.74171e-05
1.95316e-05
2.08849e-05
2.12037e-05
1.94538e-05
-1.31603e-05
-1.20286e-05
-1.09867e-05
-1.0156e-05
-9.43971e-06
-8.85232e-06
-8.36935e-06
-7.96858e-06
-7.63496e-06
-7.3576e-06
-7.1294e-06
-6.9465e-06
-6.80807e-06
-6.71735e-06
-6.68229e-06
-6.71664e-06
-6.84542e-06
-7.10353e-06
-7.53199e-06
-8.19439e-06
-9.15641e-06
-1.0461e-05
-1.19453e-05
-1.32525e-05
-1.41884e-05
-1.46796e-05
-1.46977e-05
-1.42456e-05
-1.33399e-05
-1.2005e-05
-1.02714e-05
-8.17691e-06
-5.7684e-06
-3.10187e-06
-2.41585e-07
2.7414e-06
5.77041e-06
8.76268e-06
1.1625e-05
1.4243e-05
1.64539e-05
1.80052e-05
1.84055e-05
1.69172e-05
1.25422e-05
-1.2273e-05
-1.1574e-05
-1.07496e-05
-1.00124e-05
-9.34857e-06
-8.78422e-06
-8.31068e-06
-7.91395e-06
-7.58239e-06
-7.30663e-06
-7.08022e-06
-6.89966e-06
-6.76428e-06
-6.67757e-06
-6.64758e-06
-6.68806e-06
-6.82419e-06
-7.09048e-06
-7.52657e-06
-8.19496e-06
-9.15954e-06
-1.04606e-05
-1.19353e-05
-1.32303e-05
-1.41552e-05
-1.46378e-05
-1.46497e-05
-1.41933e-05
-1.32856e-05
-1.19518e-05
-1.02239e-05
-8.1418e-06
-5.75485e-06
-3.12223e-06
-3.12252e-07
2.59865e-06
5.52617e-06
8.37632e-06
1.10392e-05
1.33759e-05
1.51894e-05
1.61869e-05
1.59057e-05
1.37949e-05
9.66906e-06
-1.16885e-05
-1.11903e-05
-1.0531e-05
-9.86972e-06
-9.25648e-06
-8.71725e-06
-8.25407e-06
-7.86154e-06
-7.53172e-06
-7.25703e-06
-7.03189e-06
-6.85324e-06
-6.72069e-06
-6.63795e-06
-6.61318e-06
-6.66012e-06
-6.80411e-06
-7.07916e-06
-7.52336e-06
-8.198e-06
-9.16498e-06
-1.04616e-05
-1.19245e-05
-1.32045e-05
-1.41152e-05
-1.45861e-05
-1.45889e-05
-1.41257e-05
-1.32144e-05
-1.18814e-05
-1.01607e-05
-8.09506e-06
-5.73719e-06
-3.15035e-06
-4.07882e-07
2.40733e-06
5.20248e-06
7.8723e-06
1.02927e-05
1.23092e-05
1.37182e-05
1.42533e-05
1.35829e-05
1.14273e-05
7.9589e-06
-1.12225e-05
-1.08422e-05
-1.031e-05
-9.7338e-06
-9.16934e-06
-8.65578e-06
-8.2033e-06
-7.81486e-06
-7.48621e-06
-7.21179e-06
-6.98717e-06
-6.80988e-06
-6.67984e-06
-6.601e-06
-6.58168e-06
-6.63545e-06
-6.78785e-06
-7.07227e-06
-7.52488e-06
-8.20567e-06
-9.17431e-06
-1.04645e-05
-1.19126e-05
-1.31742e-05
-1.40675e-05
-1.45239e-05
-1.45156e-05
-1.40448e-05
-1.31303e-05
-1.18003e-05
-1.00915e-05
-8.0498e-06
-5.73214e-06
-3.20639e-06
-5.51443e-07
2.14321e-06
4.77687e-06
7.23551e-06
9.38728e-06
1.10769e-05
1.21205e-05
1.23152e-05
1.14726e-05
9.51581e-06
6.66406e-06
-1.08187e-05
-1.052e-05
-1.00848e-05
-9.59033e-06
-9.08329e-06
-8.5977e-06
-8.15934e-06
-7.77637e-06
-7.44904e-06
-7.17442e-06
-6.94962e-06
-6.77306e-06
-6.6451e-06
-6.57005e-06
-6.5563e-06
-6.6172e-06
-6.77849e-06
-7.07275e-06
-7.53382e-06
-8.22021e-06
-9.18915e-06
-1.04701e-05
-1.18991e-05
-1.31379e-05
-1.40099e-05
-1.4449e-05
-1.44278e-05
-1.39492e-05
-1.30331e-05
-1.17101e-05
-1.00199e-05
-8.01248e-06
-5.74903e-06
-3.30249e-06
-7.57178e-07
1.79157e-06
4.2374e-06
6.46227e-06
8.33558e-06
9.71544e-06
1.04554e-05
1.0425e-05
9.54746e-06
7.86092e-06
5.5857e-06
-1.0442e-05
-1.0205e-05
-9.85489e-06
-9.43411e-06
-8.98263e-06
-8.53672e-06
-8.11924e-06
-7.74591e-06
-7.42196e-06
-7.14784e-06
-6.92284e-06
-6.7467e-06
-6.62053e-06
-6.54909e-06
-6.54096e-06
-6.60918e-06
-6.77963e-06
-7.08394e-06
-7.55306e-06
-8.24399e-06
-9.21115e-06
-1.04789e-05
-1.18835e-05
-1.30942e-05
-1.39402e-05
-1.43583e-05
-1.43225e-05
-1.38361e-05
-1.29208e-05
-1.16102e-05
-9.94737e-06
-7.98663e-06
-5.79382e-06
-3.44663e-06
-1.03402e-06
1.34477e-06
3.58138e-06
5.55992e-06
7.16011e-06
8.26402e-06
8.76861e-06
8.60664e-06
7.77375e-06
6.35591e-06
4.54319e-06
-1.00726e-05
-9.88415e-06
-9.60485e-06
-9.25523e-06
-8.86462e-06
-8.46361e-06
-8.07589e-06
-7.71929e-06
-7.40347e-06
-7.13273e-06
-6.90907e-06
-6.73409e-06
-6.61002e-06
-6.54238e-06
-6.54009e-06
-6.61575e-06
-6.79547e-06
-7.10974e-06
-7.58594e-06
-8.27962e-06
-9.24205e-06
-1.04915e-05
-1.18649e-05
-1.30408e-05
-1.38552e-05
-1.42484e-05
-1.4196e-05
-1.37024e-05
-1.27918e-05
-1.15006e-05
-9.87616e-06
-7.97704e-06
-5.8735e-06
-3.64719e-06
-1.38996e-06
7.98012e-07
2.81098e-06
4.54156e-06
5.8868e-06
6.75746e-06
7.09078e-06
6.86578e-06
6.11645e-06
4.93861e-06
3.48306e-06
-9.70127e-06
-9.55239e-06
-9.3317e-06
-9.0479e-06
-8.71944e-06
-8.3695e-06
-8.01994e-06
-7.68873e-06
-7.38834e-06
-7.12643e-06
-6.90789e-06
-6.73657e-06
-6.61618e-06
-6.5534e-06
-6.55767e-06
-6.64117e-06
-6.83027e-06
-7.15413e-06
-7.63571e-06
-8.32958e-06
-9.28328e-06
-1.05077e-05
-1.18416e-05
-1.29747e-05
-1.37511e-05
-1.41152e-05
-1.40448e-05
-1.35457e-05
-1.2645e-05
-1.13827e-05
-9.81021e-06
-7.99011e-06
-5.99626e-06
-3.91267e-06
-1.83158e-06
1.49641e-07
1.93263e-06
3.42361e-06
4.54063e-06
5.22246e-06
5.43815e-06
5.19555e-06
4.54374e-06
3.5709e-06
2.39257e-06
-9.32239e-06
-9.20726e-06
-9.03577e-06
-8.81063e-06
-8.54217e-06
-8.24665e-06
-7.94203e-06
-7.64485e-06
-7.36853e-06
-7.12301e-06
-6.91564e-06
-6.75256e-06
-6.63919e-06
-6.58362e-06
-6.59611e-06
-6.68837e-06
-6.88724e-06
-7.22015e-06
-7.70467e-06
-8.39535e-06
-9.33526e-06
-1.05265e-05
-1.18108e-05
-1.28923e-05
-1.36236e-05
-1.39544e-05
-1.38651e-05
-1.33638e-05
-1.24807e-05
-1.12594e-05
-9.75504e-06
-8.03346e-06
-6.17062e-06
-4.25061e-06
-2.3629e-06
-5.98235e-07
9.56389e-07
2.22376e-06
3.14312e-06
3.67687e-06
3.81602e-06
3.5826e-06
3.02822e-06
2.22705e-06
1.26623e-06
-8.93095e-06
-8.84606e-06
-8.71693e-06
-8.54359e-06
-8.33127e-06
-8.09055e-06
-7.83509e-06
-7.57896e-06
-7.33509e-06
-7.11432e-06
-6.92567e-06
-6.77719e-06
-6.67595e-06
-6.63148e-06
-6.65496e-06
-6.75765e-06
-6.96715e-06
-7.30836e-06
-7.79244e-06
-8.47647e-06
-9.39661e-06
-1.05447e-05
-1.17679e-05
-1.27878e-05
-1.34672e-05
-1.37614e-05
-1.3654e-05
-1.31561e-05
-1.23008e-05
-1.11355e-05
-9.7178e-06
-8.11564e-06
-6.4048e-06
-4.66669e-06
-2.98478e-06
-1.43996e-06
-1.05362e-07
9.58906e-07
1.71077e-06
2.13023e-06
2.2213e-06
2.01106e-06
1.54685e-06
8.88097e-07
1.00111e-07
-8.52153e-06
-8.46495e-06
-8.37356e-06
-8.24648e-06
-8.08598e-06
-7.89862e-06
-7.69419e-06
-7.48397e-06
-7.27945e-06
-7.09128e-06
-6.92927e-06
-6.80268e-06
-6.71988e-06
-6.69169e-06
-6.72994e-06
-6.84569e-06
-7.06713e-06
-7.41495e-06
-7.8942e-06
-8.56893e-06
-9.46293e-06
-1.05567e-05
-1.17065e-05
-1.26549e-05
-1.32765e-05
-1.35324e-05
-1.34102e-05
-1.29238e-05
-1.21097e-05
-1.10177e-05
-9.70713e-06
-8.24552e-06
-6.70588e-06
-5.16401e-06
-3.69471e-06
-2.36691e-06
-1.23919e-06
-3.56011e-07
2.55332e-07
5.86385e-07
6.47484e-07
4.65608e-07
8.08586e-08
-4.60516e-07
-1.10972e-06
-8.08826e-06
-8.05906e-06
-8.00244e-06
-7.91738e-06
-7.80472e-06
-7.66838e-06
-7.51514e-06
-7.35363e-06
-7.19351e-06
-7.04452e-06
-6.91644e-06
-6.81894e-06
-6.76129e-06
-6.7552e-06
-6.81227e-06
-6.94503e-06
-7.18109e-06
-7.52875e-06
-8.00237e-06
-8.66584e-06
-9.52527e-06
-1.0554e-05
-1.16184e-05
-1.24868e-05
-1.30466e-05
-1.32655e-05
-1.31348e-05
-1.26714e-05
-1.19146e-05
-1.09153e-05
-9.7326e-06
-8.43132e-06
-7.07869e-06
-5.74232e-06
-4.48661e-06
-3.36801e-06
-2.43141e-06
-1.70823e-06
-1.21516e-06
-9.53881e-07
-9.12061e-07
-1.06616e-06
-1.38445e-06
-1.8304e-06
-2.36753e-06
-7.62473e-06
-7.62256e-06
-7.59873e-06
-7.55256e-06
-7.48429e-06
-7.39631e-06
-7.29324e-06
-7.18153e-06
-7.06898e-06
-6.96404e-06
-6.87586e-06
-6.81392e-06
-6.78765e-06
-6.8092e-06
-6.88959e-06
-7.04228e-06
-7.29482e-06
-7.64133e-06
-8.10976e-06
-8.75491e-06
-9.56859e-06
-1.05235e-05
-1.14942e-05
-1.22769e-05
-1.27745e-05
-1.29614e-05
-1.28325e-05
-1.2407e-05
-1.17258e-05
-1.0839e-05
-9.80359e-06
-8.67931e-06
-7.52474e-06
-6.39742e-06
-5.351e-06
-4.43024e-06
-3.66828e-06
-3.08646e-06
-2.69453e-06
-2.49104e-06
-2.46444e-06
-2.59533e-06
-2.85896e-06
-3.22821e-06
-3.67557e-06
-7.1228e-06
-7.14763e-06
-7.15544e-06
-7.14591e-06
-7.11921e-06
-7.0769e-06
-7.02226e-06
-6.9601e-06
-6.89655e-06
-6.8387e-06
-6.7946e-06
-6.77304e-06
-6.78345e-06
-6.83709e-06
-6.94508e-06
-7.11995e-06
-7.3826e-06
-7.73845e-06
-8.20138e-06
-8.81568e-06
-9.57634e-06
-1.04508e-05
-1.13244e-05
-1.20206e-05
-1.24603e-05
-1.26246e-05
-1.25115e-05
-1.21418e-05
-1.15553e-05
-1.07995e-05
-9.92783e-06
-8.99255e-06
-8.04142e-06
-7.12117e-06
-6.2755e-06
-5.5392e-06
-4.93605e-06
-4.48014e-06
-4.17715e-06
-4.02475e-06
-4.01335e-06
-4.12782e-06
-4.34962e-06
-4.65887e-06
-5.03536e-06
-6.57324e-06
-6.62507e-06
-6.66362e-06
-6.68894e-06
-6.70138e-06
-6.70216e-06
-6.69371e-06
-6.67973e-06
-6.66509e-06
-6.65563e-06
-6.65811e-06
-6.67955e-06
-6.72979e-06
-6.81879e-06
-6.9568e-06
-7.15511e-06
-7.43041e-06
-7.79203e-06
-8.24856e-06
-8.82796e-06
-9.53067e-06
-1.03234e-05
-1.11009e-05
-1.17159e-05
-1.21076e-05
-1.22628e-05
-1.21827e-05
-1.18883e-05
-1.1415e-05
-1.08057e-05
-1.01095e-05
-9.36956e-06
-8.62155e-06
-7.90197e-06
-7.24595e-06
-6.68018e-06
-6.22143e-06
-5.87912e-06
-5.65688e-06
-5.55279e-06
-5.55965e-06
-5.66636e-06
-5.85946e-06
-6.12455e-06
-6.44689e-06
-5.96679e-06
-6.04542e-06
-6.11372e-06
-6.17214e-06
-6.2213e-06
-6.26238e-06
-6.29738e-06
-6.32924e-06
-6.36172e-06
-6.39953e-06
-6.44827e-06
-6.51509e-06
-6.6063e-06
-6.73142e-06
-6.90081e-06
-7.12372e-06
-7.4128e-06
-7.77675e-06
-8.22379e-06
-8.77013e-06
-9.41355e-06
-1.01268e-05
-1.0816e-05
-1.13631e-05
-1.17231e-05
-1.18867e-05
-1.18588e-05
-1.16587e-05
-1.13142e-05
-1.08628e-05
-1.03483e-05
-9.80323e-06
-9.2527e-06
-8.72486e-06
-8.24699e-06
-7.83884e-06
-7.51234e-06
-7.27439e-06
-7.12804e-06
-7.07227e-06
-7.10222e-06
-7.21024e-06
-7.38703e-06
-7.62258e-06
-7.90643e-06
-5.29359e-06
-5.39844e-06
-5.49533e-06
-5.58498e-06
-5.66832e-06
-5.74662e-06
-5.82166e-06
-5.8959e-06
-5.97257e-06
-6.05558e-06
-6.14975e-06
-6.26026e-06
-6.39185e-06
-6.55254e-06
-6.75245e-06
-6.99977e-06
-7.30231e-06
-7.66801e-06
-8.104e-06
-8.61781e-06
-9.20658e-06
-9.84935e-06
-1.04663e-05
-1.09649e-05
-1.13135e-05
-1.15074e-05
-1.15513e-05
-1.14606e-05
-1.12577e-05
-1.09725e-05
-1.06392e-05
-1.02816e-05
-9.91882e-06
-9.5727e-06
-9.26221e-06
-9.00073e-06
-8.7973e-06
-8.65801e-06
-8.58593e-06
-8.58086e-06
-8.63985e-06
-8.75806e-06
-8.92958e-06
-9.14791e-06
-9.40618e-06
-4.5488e-06
-4.67792e-06
-4.8012e-06
-4.91945e-06
-5.03384e-06
-5.14577e-06
-5.2569e-06
-5.3693e-06
-5.48552e-06
-5.6087e-06
-5.74293e-06
-5.89279e-06
-6.06287e-06
-6.25954e-06
-6.48886e-06
-6.75846e-06
-7.07399e-06
-7.44186e-06
-7.86716e-06
-8.35347e-06
-8.89788e-06
-9.48567e-06
-1.00527e-05
-1.05265e-05
-1.08864e-05
-1.11312e-05
-1.1263e-05
-1.1292e-05
-1.12384e-05
-1.11233e-05
-1.09653e-05
-1.07845e-05
-1.05998e-05
-1.04253e-05
-1.02717e-05
-1.0148e-05
-1.00621e-05
-1.00199e-05
-1.00243e-05
-1.00755e-05
-1.0172e-05
-1.03114e-05
-1.04902e-05
-1.07043e-05
-1.09492e-05
-3.74731e-06
-3.89722e-06
-4.04299e-06
-4.18563e-06
-4.32656e-06
-4.46734e-06
-4.60962e-06
-4.75525e-06
-4.90623e-06
-5.06494e-06
-5.23382e-06
-5.4161e-06
-5.61774e-06
-5.84249e-06
-6.09789e-06
-6.38611e-06
-6.71231e-06
-7.08236e-06
-7.50003e-06
-7.96715e-06
-8.48223e-06
-9.03733e-06
-9.58117e-06
-1.0056e-05
-1.04494e-05
-1.07603e-05
-1.09898e-05
-1.11469e-05
-1.12428e-05
-1.12883e-05
-1.1298e-05
-1.12888e-05
-1.1273e-05
-1.12579e-05
-1.12499e-05
-1.12568e-05
-1.12856e-05
-1.13409e-05
-1.14252e-05
-1.15391e-05
-1.16826e-05
-1.18548e-05
-1.20543e-05
-1.2279e-05
-1.25261e-05
-2.94496e-06
-3.11079e-06
-3.27436e-06
-3.43662e-06
-3.59899e-06
-3.76299e-06
-3.93018e-06
-4.10232e-06
-4.28124e-06
-4.46935e-06
-4.66982e-06
-4.8836e-06
-5.11308e-06
-5.3627e-06
-5.64021e-06
-5.94675e-06
-6.2859e-06
-6.66244e-06
-7.07949e-06
-7.53888e-06
-8.04093e-06
-8.58204e-06
-9.12405e-06
-9.62121e-06
-1.00611e-05
-1.04431e-05
-1.07685e-05
-1.10406e-05
-1.12646e-05
-1.14494e-05
-1.16059e-05
-1.17432e-05
-1.18672e-05
-1.19833e-05
-1.2098e-05
-1.22175e-05
-1.23468e-05
-1.2489e-05
-1.2646e-05
-1.28194e-05
-1.30099e-05
-1.32179e-05
-1.34426e-05
-1.36831e-05
-1.39376e-05
-2.25975e-06
-2.43469e-06
-2.60937e-06
-2.78457e-06
-2.96153e-06
-3.14168e-06
-3.32654e-06
-3.51751e-06
-3.71624e-06
-3.92435e-06
-4.14332e-06
-4.37818e-06
-4.63364e-06
-4.91357e-06
-5.21208e-06
-5.53459e-06
-5.8873e-06
-6.27352e-06
-6.69577e-06
-7.15666e-06
-7.65802e-06
-8.20003e-06
-8.75242e-06
-9.27461e-06
-9.75549e-06
-1.01946e-05
-1.05915e-05
-1.09474e-05
-1.12667e-05
-1.15554e-05
-1.18186e-05
-1.2061e-05
-1.22873e-05
-1.25032e-05
-1.27136e-05
-1.29224e-05
-1.31324e-05
-1.33462e-05
-1.35658e-05
-1.37928e-05
-1.40284e-05
-1.4273e-05
-1.45268e-05
-1.47895e-05
-1.50608e-05
-1.74072e-06
-1.92246e-06
-2.10554e-06
-2.29077e-06
-2.47931e-06
-2.67244e-06
-2.87152e-06
-3.07792e-06
-3.29336e-06
-3.51984e-06
-3.75941e-06
-4.01496e-06
-4.28775e-06
-4.57929e-06
-4.89034e-06
-5.22553e-06
-5.58902e-06
-5.98336e-06
-6.41127e-06
-6.87575e-06
-7.37951e-06
-7.92456e-06
-8.48546e-06
-9.02573e-06
-9.53468e-06
-1.00113e-05
-1.04553e-05
-1.08679e-05
-1.12517e-05
-1.16093e-05
-1.19438e-05
-1.22589e-05
-1.25591e-05
-1.28479e-05
-1.31284e-05
-1.34029e-05
-1.36736e-05
-1.39427e-05
-1.42119e-05
-1.44827e-05
-1.47559e-05
-1.50322e-05
-1.53121e-05
-1.55956e-05
-1.58829e-05
-1.35753e-06
-1.54498e-06
-1.73515e-06
-1.92886e-06
-2.12722e-06
-2.33139e-06
-2.54264e-06
-2.76234e-06
-2.99192e-06
-3.23282e-06
-3.48689e-06
-3.75499e-06
-4.04012e-06
-4.34277e-06
-4.66586e-06
-5.01249e-06
-5.38534e-06
-5.78695e-06
-6.22017e-06
-6.68798e-06
-7.19337e-06
-7.73898e-06
-8.30284e-06
-8.8519e-06
-9.37612e-06
-9.87492e-06
-1.03482e-05
-1.07965e-05
-1.12209e-05
-1.16231e-05
-1.20059e-05
-1.23722e-05
-1.27244e-05
-1.30647e-05
-1.33949e-05
-1.37169e-05
-1.40324e-05
-1.4343e-05
-1.46501e-05
-1.49547e-05
-1.52575e-05
-1.55594e-05
-1.58605e-05
-1.61611e-05
-1.64613e-05
-1.08089e-06
-1.27425e-06
-1.47146e-06
-1.67335e-06
-1.88093e-06
-2.09525e-06
-2.31741e-06
-2.54851e-06
-2.7897e-06
-3.04232e-06
-3.30774e-06
-3.58797e-06
-3.88377e-06
-4.19726e-06
-4.53076e-06
-4.88636e-06
-5.26636e-06
-5.67323e-06
-6.10964e-06
-6.57835e-06
-7.08223e-06
-7.62401e-06
-8.1844e-06
-8.7339e-06
-9.26361e-06
-9.77308e-06
-1.0262e-05
-1.07306e-05
-1.11797e-05
-1.1611e-05
-1.20261e-05
-1.24265e-05
-1.28137e-05
-1.3189e-05
-1.35539e-05
-1.39096e-05
-1.42575e-05
-1.45986e-05
-1.49338e-05
-1.5264e-05
-1.55897e-05
-1.59114e-05
-1.62295e-05
-1.65441e-05
-1.68553e-05
-8.88995e-07
-1.08866e-06
-1.29301e-06
-1.50287e-06
-1.71916e-06
-1.94279e-06
-2.17471e-06
-2.41591e-06
-2.66747e-06
-2.93055e-06
-3.20631e-06
-3.49614e-06
-3.80146e-06
-4.12395e-06
-4.46533e-06
-4.82741e-06
-5.21225e-06
-5.62205e-06
-6.05916e-06
-6.52602e-06
-7.02525e-06
-7.55935e-06
-8.11138e-06
-8.65543e-06
-9.18367e-06
-9.69561e-06
-1.0191e-05
-1.06701e-05
-1.11337e-05
-1.15826e-05
-1.20176e-05
-1.24396e-05
-1.28495e-05
-1.32483e-05
-1.36369e-05
-1.40162e-05
-1.4387e-05
-1.47501e-05
-1.51059e-05
-1.54551e-05
-1.57982e-05
-1.61353e-05
-1.64669e-05
-1.6793e-05
-1.71137e-05
-7.61472e-07
-9.6755e-07
-1.17893e-06
-1.3964e-06
-1.62078e-06
-1.85292e-06
-2.09368e-06
-2.34391e-06
-2.60449e-06
-2.87652e-06
-3.16092e-06
-3.45907e-06
-3.7722e-06
-4.10162e-06
-4.44882e-06
-4.81539e-06
-5.20311e-06
-5.61382e-06
-6.04956e-06
-6.51242e-06
-7.00468e-06
-7.52854e-06
-8.06914e-06
-8.60402e-06
-9.12634e-06
-9.63569e-06
-1.01319e-05
-1.0615e-05
-1.10855e-05
-1.15437e-05
-1.199e-05
-1.24251e-05
-1.28494e-05
-1.32636e-05
-1.36682e-05
-1.40637e-05
-1.44506e-05
-1.48293e-05
-1.52001e-05
-1.55635e-05
-1.59196e-05
-1.62687e-05
-1.66108e-05
-1.69462e-05
-1.72745e-05
-6.80453e-07
-8.9282e-07
-1.11093e-06
-1.33552e-06
-1.56736e-06
-1.8072e-06
-2.05581e-06
-2.31386e-06
-2.58237e-06
-2.86181e-06
-3.15355e-06
-3.45857e-06
-3.77786e-06
-4.11259e-06
-4.46402e-06
-4.8335e-06
-5.22251e-06
-5.63259e-06
-6.06547e-06
-6.52289e-06
-7.00683e-06
-7.51906e-06
-8.04669e-06
-8.57044e-06
-9.08442e-06
-9.58817e-06
-1.00814e-05
-1.05642e-05
-1.10367e-05
-1.1499e-05
-1.19513e-05
-1.23939e-05
-1.28271e-05
-1.32511e-05
-1.36663e-05
-1.40728e-05
-1.44708e-05
-1.48607e-05
-1.52424e-05
-1.56163e-05
-1.59823e-05
-1.63405e-05
-1.66911e-05
-1.70339e-05
-1.7369e-05
-6.31585e-07
-8.49917e-07
-1.07428e-06
-1.3054e-06
-1.54396e-06
-1.79061e-06
-2.04607e-06
-2.31101e-06
-2.58591e-06
-2.87185e-06
-3.16971e-06
-3.48026e-06
-3.80442e-06
-4.14316e-06
-4.49755e-06
-4.86871e-06
-5.25786e-06
-5.66628e-06
-6.0954e-06
-6.54664e-06
-7.02168e-06
-7.5219e-06
-8.03616e-06
-8.54813e-06
-9.05266e-06
-9.54921e-06
-1.00375e-05
-1.05175e-05
-1.09891e-05
-1.14523e-05
-1.19072e-05
-1.23539e-05
-1.27923e-05
-1.32225e-05
-1.36446e-05
-1.40586e-05
-1.44644e-05
-1.48623e-05
-1.52521e-05
-1.56338e-05
-1.60074e-05
-1.6373e-05
-1.67303e-05
-1.70794e-05
-1.74206e-05
-6.03864e-07
-8.27685e-07
-1.05773e-06
-1.29469e-06
-1.53918e-06
-1.79177e-06
-2.05306e-06
-2.32381e-06
-2.60439e-06
-2.89576e-06
-3.19862e-06
-3.51365e-06
-3.84164e-06
-4.18339e-06
-4.53981e-06
-4.91179e-06
-5.30036e-06
-5.70653e-06
-6.1315e-06
-6.57637e-06
-7.04254e-06
-7.53104e-06
-8.03233e-06
-8.53267e-06
-9.02755e-06
-9.51635e-06
-9.9988e-06
-1.04747e-05
-1.0944e-05
-1.14065e-05
-1.18621e-05
-1.23106e-05
-1.27519e-05
-1.3186e-05
-1.36126e-05
-1.40318e-05
-1.44432e-05
-1.4847e-05
-1.52428e-05
-1.56306e-05
-1.60103e-05
-1.63816e-05
-1.67446e-05
-1.7099e-05
-1.74449e-05
-5.89255e-07
-8.18017e-07
-1.05313e-06
-1.29523e-06
-1.5449e-06
-1.80266e-06
-2.06902e-06
-2.34472e-06
-2.6301e-06
-2.92599e-06
-3.23299e-06
-3.55167e-06
-3.88268e-06
-4.22673e-06
-4.58452e-06
-4.9568e-06
-5.34439e-06
-5.74809e-06
-6.16886e-06
-6.60753e-06
-7.06528e-06
-7.54278e-06
-8.03195e-06
-8.52133e-06
-9.00692e-06
-9.48811e-06
-9.96457e-06
-1.04361e-05
-1.09024e-05
-1.13632e-05
-1.18183e-05
-1.22675e-05
-1.27104e-05
-1.31469e-05
-1.35767e-05
-1.39995e-05
-1.44151e-05
-1.48233e-05
-1.52238e-05
-1.56165e-05
-1.6001e-05
-1.63772e-05
-1.67449e-05
-1.71038e-05
-1.74539e-05
-5.82238e-07
-8.15385e-07
-1.05496e-06
-1.30156e-06
-1.55572e-06
-1.81794e-06
-2.08878e-06
-2.36873e-06
-2.65809e-06
-2.95779e-06
-3.26825e-06
-3.58993e-06
-3.92341e-06
-4.26923e-06
-4.62798e-06
-5.00026e-06
-5.38671e-06
-5.78793e-06
-6.20469e-06
-6.63758e-06
-7.08755e-06
-7.55499e-06
-8.0331e-06
-8.51243e-06
-8.98944e-06
-9.46349e-06
-9.93424e-06
-1.04014e-05
-1.08645e-05
-1.13234e-05
-1.17776e-05
-1.22267e-05
-1.26705e-05
-1.31086e-05
-1.35406e-05
-1.39661e-05
-1.43849e-05
-1.47967e-05
-1.5201e-05
-1.55975e-05
-1.59861e-05
-1.63664e-05
-1.67381e-05
-1.71011e-05
-1.74551e-05
-5.79253e-07
-8.1626e-07
-1.05974e-06
-1.31026e-06
-1.56832e-06
-1.83439e-06
-2.109e-06
-2.39278e-06
-2.68549e-06
-2.98842e-06
-3.30182e-06
-3.62603e-06
-3.96154e-06
-4.30879e-06
-4.66825e-06
-5.04037e-06
-5.42565e-06
-5.82454e-06
-6.23759e-06
-6.66521e-06
-7.10814e-06
-7.56652e-06
-8.03472e-06
-8.505e-06
-8.97425e-06
-9.44182e-06
-9.90733e-06
-1.03704e-05
-1.08305e-05
-1.12874e-05
-1.17405e-05
-1.21893e-05
-1.26336e-05
-1.30728e-05
-1.35064e-05
-1.39342e-05
-1.43555e-05
-1.47701e-05
-1.51776e-05
-1.55775e-05
-1.59695e-05
-1.63532e-05
-1.67285e-05
-1.7095e-05
-1.74525e-05
-5.78155e-07
-8.18546e-07
-1.06544e-06
-1.31938e-06
-1.58083e-06
-1.85023e-06
-2.12826e-06
-2.41515e-06
-2.71078e-06
-3.01652e-06
-3.33245e-06
-3.65882e-06
-3.99605e-06
-4.34449e-06
-4.70449e-06
-5.0764e-06
-5.46058e-06
-5.85732e-06
-6.26703e-06
-6.68993e-06
-7.12656e-06
-7.57687e-06
-8.03625e-06
-8.49848e-06
-8.96081e-06
-9.42259e-06
-9.8834e-06
-1.03428e-05
-1.08002e-05
-1.12551e-05
-1.17071e-05
-1.21557e-05
-1.26002e-05
-1.30402e-05
-1.34753e-05
-1.39048e-05
-1.43283e-05
-1.47454e-05
-1.51555e-05
-1.55582e-05
-1.59532e-05
-1.63401e-05
-1.67184e-05
-1.7088e-05
-1.74484e-05
-5.7775e-07
-8.211e-07
-1.07098e-06
-1.3279e-06
-1.59231e-06
-1.86464e-06
-2.14574e-06
-2.43507e-06
-2.73339e-06
-3.04156e-06
-3.35969e-06
-3.68794e-06
-4.02665e-06
-4.3761e-06
-4.73655e-06
-5.10824e-06
-5.49141e-06
-5.88623e-06
-6.29295e-06
-6.71165e-06
-7.1427e-06
-7.58586e-06
-8.03743e-06
-8.49253e-06
-8.94876e-06
-9.40544e-06
-9.8621e-06
-1.03182e-05
-1.07731e-05
-1.12264e-05
-1.16775e-05
-1.21256e-05
-1.25704e-05
-1.30112e-05
-1.34474e-05
-1.38784e-05
-1.43038e-05
-1.4723e-05
-1.51355e-05
-1.55407e-05
-1.59384e-05
-1.63279e-05
-1.6709e-05
-1.70814e-05
-1.74445e-05
-5.7744e-07
-8.23375e-07
-1.07585e-06
-1.33539e-06
-1.60238e-06
-1.87732e-06
-2.16101e-06
-2.45249e-06
-2.75319e-06
-3.06348e-06
-3.38353e-06
-3.71342e-06
-4.05342e-06
-4.40375e-06
-4.76458e-06
-5.13607e-06
-5.51833e-06
-5.91145e-06
-6.31553e-06
-6.73052e-06
-7.15665e-06
-7.5935e-06
-8.03819e-06
-8.48702e-06
-8.93788e-06
-9.39009e-06
-9.8431e-06
-1.02963e-05
-1.07492e-05
-1.1201e-05
-1.16512e-05
-1.20991e-05
-1.25441e-05
-1.29855e-05
-1.34227e-05
-1.38552e-05
-1.42822e-05
-1.47033e-05
-1.51179e-05
-1.55254e-05
-1.59253e-05
-1.63173e-05
-1.67008e-05
-1.70756e-05
-1.7441e-05
-5.76981e-07
-8.25166e-07
-1.07991e-06
-1.34171e-06
-1.61096e-06
-1.88818e-06
-2.17403e-06
-2.46753e-06
-2.77028e-06
-3.08243e-06
-3.40415e-06
-3.73547e-06
-4.0766e-06
-4.42769e-06
-4.78886e-06
-5.16016e-06
-5.54164e-06
-5.93326e-06
-6.33503e-06
-6.74677e-06
-7.16858e-06
-7.59989e-06
-8.03854e-06
-8.48188e-06
-8.92806e-06
-9.37636e-06
-9.82622e-06
-1.0277e-05
-1.0728e-05
-1.11785e-05
-1.1628e-05
-1.20757e-05
-1.25209e-05
-1.2963e-05
-1.34012e-05
-1.38349e-05
-1.42634e-05
-1.46862e-05
-1.51026e-05
-1.55121e-05
-1.59141e-05
-1.63082e-05
-1.66939e-05
-1.70709e-05
-1.74384e-05
-5.76283e-07
-8.26451e-07
-1.08319e-06
-1.34698e-06
-1.6182e-06
-1.89739e-06
-2.1851e-06
-2.48042e-06
-2.78497e-06
-3.09878e-06
-3.42195e-06
-3.75453e-06
-4.09667e-06
-4.44844e-06
-4.80991e-06
-5.18106e-06
-5.56185e-06
-5.95215e-06
-6.3519e-06
-6.7608e-06
-7.17882e-06
-7.60525e-06
-8.03853e-06
-8.477e-06
-8.91906e-06
-9.36396e-06
-9.81106e-06
-1.02597e-05
-1.07091e-05
-1.11586e-05
-1.16075e-05
-1.20551e-05
-1.25005e-05
-1.29431e-05
-1.33822e-05
-1.38171e-05
-1.4247e-05
-1.46713e-05
-1.50894e-05
-1.55007e-05
-1.59046e-05
-1.63006e-05
-1.66883e-05
-1.70672e-05
-1.74367e-05
-5.75289e-07
-8.27304e-07
-1.08589e-06
-1.35153e-06
-1.62457e-06
-1.90558e-06
-2.19503e-06
-2.49207e-06
-2.79826e-06
-3.11361e-06
-3.43816e-06
-3.77191e-06
-4.11498e-06
-4.4674e-06
-4.82915e-06
-5.20016e-06
-5.58031e-06
-5.9694e-06
-6.36727e-06
-6.77356e-06
-7.18807e-06
-7.60994e-06
-8.03818e-06
-8.47211e-06
-8.91036e-06
-9.35211e-06
-9.79668e-06
-1.02433e-05
-1.06913e-05
-1.11399e-05
-1.15883e-05
-1.20358e-05
-1.24815e-05
-1.29247e-05
-1.33647e-05
-1.38006e-05
-1.42319e-05
-1.46577e-05
-1.50774e-05
-1.54904e-05
-1.58961e-05
-1.62939e-05
-1.66835e-05
-1.70642e-05
-1.74356e-05
-5.74146e-07
-8.27814e-07
-1.0881e-06
-1.35549e-06
-1.63037e-06
-1.91321e-06
-2.20437e-06
-2.5031e-06
-2.81088e-06
-3.12773e-06
-3.4536e-06
-3.78849e-06
-4.13247e-06
-4.48551e-06
-4.84754e-06
-5.21841e-06
-5.59794e-06
-5.98584e-06
-6.38185e-06
-6.78544e-06
-7.19647e-06
-7.61398e-06
-8.03766e-06
-8.46743e-06
-8.9021e-06
-9.34084e-06
-9.78297e-06
-1.02277e-05
-1.06744e-05
-1.1122e-05
-1.157e-05
-1.20174e-05
-1.24634e-05
-1.29073e-05
-1.33481e-05
-1.37852e-05
-1.42177e-05
-1.4645e-05
-1.50663e-05
-1.5481e-05
-1.58884e-05
-1.6288e-05
-1.66793e-05
-1.70619e-05
-1.74349e-05
1.50405e-06
-4.97323e-06
-6.5339e-06
-7.469e-06
-8.48125e-06
-9.56248e-06
-1.07072e-05
-1.19149e-05
-1.3188e-05
-1.45342e-05
-1.59647e-05
-1.7496e-05
-1.91489e-05
-2.09515e-05
-2.29448e-05
2.94655e-06
-2.66837e-06
-5.17709e-06
-6.75463e-06
-8.09406e-06
-9.33993e-06
-1.05735e-05
-1.1833e-05
-1.31376e-05
-1.45032e-05
-1.59452e-05
-1.74827e-05
-1.91379e-05
-2.09399e-05
-2.29298e-05
3.68833e-06
-1.24915e-06
-4.18814e-06
-6.15163e-06
-7.73305e-06
-9.12483e-06
-1.04437e-05
-1.17542e-05
-1.30899e-05
-1.44745e-05
-1.59275e-05
-1.74707e-05
-1.91276e-05
-2.09282e-05
-2.29139e-05
3.70008e-06
-4.54386e-07
-3.45908e-06
-5.6444e-06
-7.40144e-06
-8.91951e-06
-1.03199e-05
-1.16806e-05
-1.30469e-05
-1.44497e-05
-1.5913e-05
-1.74609e-05
-1.91187e-05
-2.09171e-05
-2.28978e-05
3.38957e-06
7.31551e-08
-2.82125e-06
-5.1393e-06
-7.0459e-06
-8.68885e-06
-1.01785e-05
-1.15971e-05
-1.29993e-05
-1.44234e-05
-1.58983e-05
-1.74515e-05
-1.91099e-05
-2.09053e-05
-2.28801e-05
3.02255e-06
3.10234e-07
-2.32629e-06
-4.65306e-06
-6.6603e-06
-8.41671e-06
-1.00015e-05
-1.14885e-05
-1.29359e-05
-1.43879e-05
-1.58786e-05
-1.74391e-05
-1.9099e-05
-2.08913e-05
-2.28593e-05
2.5154e-06
2.92101e-07
-2.02892e-06
-4.25125e-06
-6.28222e-06
-8.11516e-06
-9.78539e-06
-1.13451e-05
-1.28463e-05
-1.43343e-05
-1.58469e-05
-1.74189e-05
-1.90824e-05
-2.08724e-05
-2.28333e-05
1.8597e-06
3.80041e-08
-1.95997e-06
-3.99886e-06
-5.97059e-06
-7.82215e-06
-9.54733e-06
-1.11696e-05
-1.27255e-05
-1.42553e-05
-1.5796e-05
-1.73845e-05
-1.90551e-05
-2.08445e-05
-2.27987e-05
1.07812e-06
-4.2002e-07
-2.11835e-06
-3.93522e-06
-5.78122e-06
-7.58848e-06
-9.32304e-06
-1.09816e-05
-1.25812e-05
-1.41506e-05
-1.57219e-05
-1.73305e-05
-1.90116e-05
-2.08026e-05
-2.27509e-05
1.91187e-07
-1.04763e-06
-2.48304e-06
-4.07138e-06
-5.75115e-06
-7.46093e-06
-9.15568e-06
-1.08136e-05
-1.24336e-05
-1.40306e-05
-1.56277e-05
-1.7256e-05
-1.89484e-05
-2.07423e-05
-2.26849e-05
-7.86182e-07
-1.81605e-06
-3.02706e-06
-4.39939e-06
-5.89643e-06
-7.47239e-06
-9.08432e-06
-1.07021e-05
-1.23115e-05
-1.3915e-05
-1.55253e-05
-1.71664e-05
-1.88666e-05
-2.06612e-05
-2.25967e-05
-1.84492e-06
-2.70498e-06
-3.72666e-06
-4.904e-06
-6.21857e-06
-7.64127e-06
-9.13847e-06
-1.06804e-05
-1.22464e-05
-1.38297e-05
-1.54334e-05
-1.70736e-05
-1.87739e-05
-2.05598e-05
-2.24847e-05
-2.98041e-06
-3.70154e-06
-4.56426e-06
-5.57014e-06
-6.71249e-06
-7.97596e-06
-9.33848e-06
-1.07762e-05
-1.22682e-05
-1.38028e-05
-1.53755e-05
-1.69959e-05
-1.86804e-05
-2.04461e-05
-2.235e-05
-4.18975e-06
-4.79729e-06
-5.52734e-06
-6.38515e-06
-7.37098e-06
-8.4791e-06
-9.69796e-06
-1.10118e-05
-1.24041e-05
-1.38619e-05
-1.53778e-05
-1.69544e-05
-1.86e-05
-2.03356e-05
-2.21988e-05
-5.47059e-06
-5.98591e-06
-6.60621e-06
-7.33825e-06
-8.18586e-06
-9.14924e-06
-1.02247e-05
-1.14042e-05
-1.26775e-05
-1.40344e-05
-1.54666e-05
-1.6974e-05
-1.85572e-05
-2.02382e-05
-2.20398e-05
-6.82036e-06
-7.26209e-06
-7.79295e-06
-8.41998e-06
-9.14839e-06
-9.98165e-06
-1.09207e-05
-1.19641e-05
-1.31069e-05
-1.4344e-05
-1.56688e-05
-1.70795e-05
-1.85787e-05
-2.01692e-05
-2.18822e-05
-8.23429e-06
-8.61987e-06
-9.08016e-06
-9.6216e-06
-1.02496e-05
-1.09689e-05
-1.17833e-05
-1.2695e-05
-1.37041e-05
-1.48086e-05
-1.60075e-05
-1.72961e-05
-1.86809e-05
-2.0156e-05
-2.17424e-05
-9.70202e-06
-1.00469e-05
-1.04545e-05
-1.09294e-05
-1.14756e-05
-1.20979e-05
-1.28017e-05
-1.35912e-05
-1.44692e-05
-1.54367e-05
-1.64956e-05
-1.7644e-05
-1.88855e-05
-2.02207e-05
-2.16485e-05
-1.12241e-05
-1.15386e-05
-1.19052e-05
-1.23277e-05
-1.28075e-05
-1.33484e-05
-1.39559e-05
-1.46346e-05
-1.53885e-05
-1.622e-05
-1.71328e-05
-1.81277e-05
-1.92063e-05
-2.03731e-05
-2.16198e-05
-1.27952e-05
-1.30936e-05
-1.34285e-05
-1.38035e-05
-1.42247e-05
-1.46958e-05
-1.52191e-05
-1.57976e-05
-1.64351e-05
-1.71353e-05
-1.79012e-05
-1.87359e-05
-1.96401e-05
-2.06176e-05
-2.16652e-05
-1.42069e-05
-1.44977e-05
-1.4817e-05
-1.51711e-05
-1.55569e-05
-1.59771e-05
-1.64347e-05
-1.69325e-05
-1.74734e-05
-1.80603e-05
-1.86957e-05
-1.93824e-05
-2.01215e-05
-2.09156e-05
-2.17635e-05
-1.53427e-05
-1.56404e-05
-1.59589e-05
-1.62959e-05
-1.66568e-05
-1.70422e-05
-1.74529e-05
-1.78909e-05
-1.83582e-05
-1.88568e-05
-1.93887e-05
-1.99557e-05
-2.05594e-05
-2.12011e-05
-2.18813e-05
-1.61753e-05
-1.64771e-05
-1.67915e-05
-1.71194e-05
-1.74626e-05
-1.78218e-05
-1.81976e-05
-1.85912e-05
-1.9004e-05
-1.94374e-05
-1.98929e-05
-2.03718e-05
-2.08756e-05
-2.14056e-05
-2.19631e-05
-1.67625e-05
-1.70687e-05
-1.73826e-05
-1.77048e-05
-1.8036e-05
-1.83767e-05
-1.87274e-05
-1.90891e-05
-1.94627e-05
-1.98491e-05
-2.02494e-05
-2.06647e-05
-2.10965e-05
-2.1546e-05
-2.20147e-05
-1.71647e-05
-1.74756e-05
-1.77905e-05
-1.81093e-05
-1.84323e-05
-1.87601e-05
-1.90931e-05
-1.9432e-05
-1.97773e-05
-2.013e-05
-2.04907e-05
-2.08607e-05
-2.12412e-05
-2.16335e-05
-2.20393e-05
-1.74302e-05
-1.77456e-05
-1.80618e-05
-1.83787e-05
-1.86964e-05
-1.90154e-05
-1.9336e-05
-1.96587e-05
-1.99841e-05
-2.03128e-05
-2.06458e-05
-2.0984e-05
-2.13285e-05
-2.1681e-05
-2.20428e-05
-1.75974e-05
-1.79174e-05
-1.82354e-05
-1.85514e-05
-1.88658e-05
-1.91791e-05
-1.94914e-05
-1.98031e-05
-2.01148e-05
-2.04272e-05
-2.0741e-05
-2.10572e-05
-2.1377e-05
-2.17019e-05
-2.20333e-05
-1.76975e-05
-1.80215e-05
-1.83416e-05
-1.86579e-05
-1.89709e-05
-1.92808e-05
-1.95879e-05
-1.98925e-05
-2.01952e-05
-2.04965e-05
-2.07973e-05
-2.10985e-05
-2.14013e-05
-2.17072e-05
-2.20175e-05
-1.77538e-05
-1.80815e-05
-1.84039e-05
-1.87214e-05
-1.90342e-05
-1.93425e-05
-1.96466e-05
-1.99468e-05
-2.02437e-05
-2.05377e-05
-2.08298e-05
-2.11208e-05
-2.14119e-05
-2.17045e-05
-2.19998e-05
-1.77829e-05
-1.8114e-05
-1.84391e-05
-1.87583e-05
-1.90718e-05
-1.93796e-05
-1.96822e-05
-1.99799e-05
-2.0273e-05
-2.05624e-05
-2.08486e-05
-2.11325e-05
-2.14154e-05
-2.16985e-05
-2.19829e-05
-1.7796e-05
-1.81307e-05
-1.84584e-05
-1.87795e-05
-1.9094e-05
-1.94022e-05
-1.97042e-05
-2.00005e-05
-2.02914e-05
-2.05776e-05
-2.08598e-05
-2.11388e-05
-2.14157e-05
-2.16917e-05
-2.19679e-05
-1.78007e-05
-1.81385e-05
-1.84689e-05
-1.87919e-05
-1.91078e-05
-1.94166e-05
-1.97186e-05
-2.00142e-05
-2.03038e-05
-2.05879e-05
-2.08672e-05
-2.11426e-05
-2.1415e-05
-2.16855e-05
-2.19553e-05
-1.78012e-05
-1.8142e-05
-1.84748e-05
-1.87997e-05
-1.9117e-05
-1.94267e-05
-1.9729e-05
-2.00243e-05
-2.0313e-05
-2.05957e-05
-2.08729e-05
-2.11454e-05
-2.14143e-05
-2.16803e-05
-2.19448e-05
-1.78001e-05
-1.81436e-05
-1.84787e-05
-1.88054e-05
-1.9124e-05
-1.94345e-05
-1.97373e-05
-2.00325e-05
-2.03207e-05
-2.06022e-05
-2.08778e-05
-2.1148e-05
-2.14139e-05
-2.16763e-05
-2.19362e-05
-1.77989e-05
-1.81447e-05
-1.84818e-05
-1.88101e-05
-1.91299e-05
-1.94414e-05
-1.97446e-05
-2.00399e-05
-2.03276e-05
-2.06083e-05
-2.08824e-05
-2.11508e-05
-2.14141e-05
-2.16732e-05
-2.19293e-05
-1.7798e-05
-1.81459e-05
-1.84847e-05
-1.88145e-05
-1.91355e-05
-1.94477e-05
-1.97513e-05
-2.00467e-05
-2.03341e-05
-2.0614e-05
-2.0887e-05
-2.11536e-05
-2.14148e-05
-2.16711e-05
-2.19237e-05
-1.77976e-05
-1.81473e-05
-1.84877e-05
-1.88188e-05
-1.91408e-05
-1.94537e-05
-1.97578e-05
-2.00532e-05
-2.03403e-05
-2.06195e-05
-2.08915e-05
-2.11567e-05
-2.14159e-05
-2.16697e-05
-2.19191e-05
-1.77977e-05
-1.81491e-05
-1.84909e-05
-1.88232e-05
-1.91461e-05
-1.94596e-05
-1.9764e-05
-2.00594e-05
-2.03463e-05
-2.06249e-05
-2.08959e-05
-2.11598e-05
-2.14172e-05
-2.16688e-05
-2.19155e-05
-1.77983e-05
-1.81513e-05
-1.84944e-05
-1.88278e-05
-1.91515e-05
-1.94656e-05
-1.97703e-05
-2.00658e-05
-2.03524e-05
-2.06305e-05
-2.09006e-05
-2.11632e-05
-2.14189e-05
-2.16684e-05
-2.19124e-05
-1.77994e-05
-1.81539e-05
-1.84983e-05
-1.88327e-05
-1.91572e-05
-1.94718e-05
-1.97767e-05
-2.00722e-05
-2.03584e-05
-2.0636e-05
-2.09052e-05
-2.11665e-05
-2.14207e-05
-2.16682e-05
-2.19098e-05
-8.37565e-06
-8.3763e-06
-8.38616e-06
-8.40413e-06
-8.42929e-06
-8.46114e-06
-8.49878e-06
-8.54214e-06
-8.59112e-06
-8.64565e-06
-8.70567e-06
-8.77113e-06
-8.84193e-06
-8.91793e-06
-8.99888e-06
-9.08436e-06
-9.17372e-06
-9.26598e-06
-9.35969e-06
-9.45277e-06
-9.54235e-06
-9.62474e-06
-9.69265e-06
-9.73736e-06
-9.75232e-06
-9.73167e-06
-9.67018e-06
-9.56445e-06
-9.41409e-06
-9.22218e-06
-8.99041e-06
-8.72513e-06
-8.44515e-06
-8.16797e-06
-7.91107e-06
-7.69052e-06
-7.52031e-06
-7.40963e-06
-7.36019e-06
-7.36569e-06
-7.41275e-06
-7.48332e-06
-7.55838e-06
-7.61607e-06
-7.64321e-06
-8.3614e-06
-8.36264e-06
-8.37091e-06
-8.38527e-06
-8.40517e-06
-8.4303e-06
-8.46096e-06
-8.49685e-06
-8.53791e-06
-8.58415e-06
-8.63561e-06
-8.69233e-06
-8.75438e-06
-8.82172e-06
-8.89427e-06
-8.97186e-06
-9.05414e-06
-9.14047e-06
-9.22979e-06
-9.32035e-06
-9.4095e-06
-9.49334e-06
-9.56367e-06
-9.61158e-06
-9.63101e-06
-9.61667e-06
-9.56403e-06
-9.47019e-06
-9.33438e-06
-9.1581e-06
-8.94654e-06
-8.71254e-06
-8.46809e-06
-8.22561e-06
-8.00058e-06
-7.8091e-06
-7.66348e-06
-7.56988e-06
-7.52767e-06
-7.52979e-06
-7.56421e-06
-7.61646e-06
-7.67248e-06
-7.72138e-06
-7.75502e-06
-8.33002e-06
-8.33354e-06
-8.34229e-06
-8.35596e-06
-8.37437e-06
-8.39742e-06
-8.42516e-06
-8.45761e-06
-8.49487e-06
-8.53703e-06
-8.58424e-06
-8.63666e-06
-8.69449e-06
-8.75793e-06
-8.82719e-06
-8.90249e-06
-8.98401e-06
-9.07189e-06
-9.16602e-06
-9.26591e-06
-9.37032e-06
-9.47658e-06
-9.57567e-06
-9.65606e-06
-9.70925e-06
-9.72757e-06
-9.70413e-06
-9.63412e-06
-9.51561e-06
-9.35005e-06
-9.14219e-06
-8.90322e-06
-8.64727e-06
-8.39038e-06
-8.14997e-06
-7.9427e-06
-7.78185e-06
-7.67511e-06
-7.62317e-06
-7.61988e-06
-7.65366e-06
-7.70991e-06
-7.77397e-06
-7.83639e-06
-7.89579e-06
-8.28694e-06
-8.29352e-06
-8.3029e-06
-8.31631e-06
-8.33369e-06
-8.35505e-06
-8.38052e-06
-8.41027e-06
-8.44454e-06
-8.48357e-06
-8.52766e-06
-8.57716e-06
-8.6325e-06
-8.69418e-06
-8.76285e-06
-8.83932e-06
-8.92464e-06
-9.02009e-06
-9.12717e-06
-9.2474e-06
-9.38197e-06
-9.53028e-06
-9.6816e-06
-9.81891e-06
-9.92888e-06
-9.99945e-06
-1.00197e-05
-9.98249e-06
-9.88502e-06
-9.72905e-06
-9.52024e-06
-9.26898e-06
-8.99057e-06
-8.70304e-06
-8.42627e-06
-8.17985e-06
-7.98057e-06
-7.83975e-06
-7.76134e-06
-7.74137e-06
-7.76897e-06
-7.82857e-06
-7.90333e-06
-7.9828e-06
-8.06746e-06
-8.23642e-06
-8.24527e-06
-8.25662e-06
-8.27041e-06
-8.28732e-06
-8.30758e-06
-8.33145e-06
-8.35927e-06
-8.3914e-06
-8.42827e-06
-8.47034e-06
-8.5182e-06
-8.57253e-06
-8.63426e-06
-8.70456e-06
-8.78505e-06
-8.87787e-06
-8.98592e-06
-9.11284e-06
-9.26299e-06
-9.44084e-06
-9.64885e-06
-9.8738e-06
-1.009e-05
-1.02768e-05
-1.04159e-05
-1.04916e-05
-1.0496e-05
-1.0426e-05
-1.02845e-05
-1.00749e-05
-9.80861e-06
-9.50067e-06
-9.17074e-06
-8.84133e-06
-8.53592e-06
-8.2764e-06
-8.07988e-06
-7.95576e-06
-7.904e-06
-7.91525e-06
-7.97271e-06
-8.05622e-06
-8.15295e-06
-8.26364e-06
-8.18321e-06
-8.19495e-06
-8.20725e-06
-8.22131e-06
-8.23797e-06
-8.25751e-06
-8.2803e-06
-8.30679e-06
-8.33751e-06
-8.37302e-06
-8.414e-06
-8.46126e-06
-8.51582e-06
-8.57902e-06
-8.65269e-06
-8.73933e-06
-8.84244e-06
-8.96678e-06
-9.11863e-06
-9.30575e-06
-9.53657e-06
-9.81733e-06
-1.01316e-05
-1.04417e-05
-1.07171e-05
-1.09326e-05
-1.10724e-05
-1.11268e-05
-1.10891e-05
-1.09724e-05
-1.07665e-05
-1.04859e-05
-1.01467e-05
-9.76951e-06
-9.3787e-06
-9.00163e-06
-8.666e-06
-8.39616e-06
-8.20892e-06
-8.11011e-06
-8.09327e-06
-8.14081e-06
-8.22889e-06
-8.34154e-06
-8.47928e-06
-8.12925e-06
-8.14326e-06
-8.15664e-06
-8.17106e-06
-8.18761e-06
-8.20665e-06
-8.22864e-06
-8.25418e-06
-8.2839e-06
-8.31854e-06
-8.35897e-06
-8.40623e-06
-8.46169e-06
-8.52714e-06
-8.60506e-06
-8.69895e-06
-8.81371e-06
-8.95616e-06
-9.1355e-06
-9.3632e-06
-9.65205e-06
-1.00124e-05
-1.04238e-05
-1.08339e-05
-1.12013e-05
-1.15003e-05
-1.17148e-05
-1.18297e-05
-1.18391e-05
-1.17314e-05
-1.15285e-05
-1.12372e-05
-1.08712e-05
-1.045e-05
-9.99876e-06
-9.54762e-06
-9.12961e-06
-8.77665e-06
-8.51412e-06
-8.3555e-06
-8.29905e-06
-8.32776e-06
-8.41458e-06
-8.54038e-06
-8.70517e-06
-8.07642e-06
-8.09226e-06
-8.10659e-06
-8.12135e-06
-8.13783e-06
-8.15647e-06
-8.1778e-06
-8.20253e-06
-8.23143e-06
-8.26539e-06
-8.30543e-06
-8.35286e-06
-8.40935e-06
-8.47716e-06
-8.55942e-06
-8.66058e-06
-8.78699e-06
-8.94757e-06
-9.1545e-06
-9.42321e-06
-9.7709e-06
-1.02121e-05
-1.07226e-05
-1.12345e-05
-1.16967e-05
-1.20781e-05
-1.23558e-05
-1.25166e-05
-1.25568e-05
-1.24758e-05
-1.22834e-05
-1.19881e-05
-1.16031e-05
-1.11468e-05
-1.06441e-05
-1.01263e-05
-9.63015e-06
-9.19409e-06
-8.85205e-06
-8.62617e-06
-8.52125e-06
-8.52279e-06
-8.60195e-06
-8.73697e-06
-8.92733e-06
-8.02596e-06
-8.04331e-06
-8.05841e-06
-8.07345e-06
-8.08984e-06
-8.10807e-06
-8.12875e-06
-8.15267e-06
-8.1807e-06
-8.21388e-06
-8.25341e-06
-8.3008e-06
-8.35802e-06
-8.42775e-06
-8.51376e-06
-8.62141e-06
-8.75841e-06
-8.93573e-06
-9.1685e-06
-9.47615e-06
-9.88014e-06
-1.03986e-05
-1.1004e-05
-1.16119e-05
-1.21604e-05
-1.26126e-05
-1.29447e-05
-1.3146e-05
-1.32147e-05
-1.31533e-05
-1.29701e-05
-1.26737e-05
-1.22765e-05
-1.17956e-05
-1.12541e-05
-1.06833e-05
-1.01212e-05
-9.61087e-06
-9.19345e-06
-8.89959e-06
-8.74184e-06
-8.71011e-06
-8.7757e-06
-8.91543e-06
-9.12841e-06
-7.97871e-06
-7.99734e-06
-8.01308e-06
-8.02832e-06
-8.04455e-06
-8.0623e-06
-8.08221e-06
-8.10515e-06
-8.1321e-06
-8.1642e-06
-8.20281e-06
-8.24965e-06
-8.30696e-06
-8.37781e-06
-8.46651e-06
-8.57929e-06
-8.72515e-06
-8.91691e-06
-9.17256e-06
-9.51555e-06
-9.97119e-06
-1.056e-05
-1.12525e-05
-1.19468e-05
-1.25698e-05
-1.30809e-05
-1.34565e-05
-1.36881e-05
-1.37765e-05
-1.37271e-05
-1.35488e-05
-1.32509e-05
-1.28455e-05
-1.2348e-05
-1.178e-05
-1.11709e-05
-1.05585e-05
-9.98756e-06
-9.50501e-06
-9.14836e-06
-8.93812e-06
-8.87012e-06
-8.91769e-06
-9.05767e-06
-9.28941e-06
-7.93521e-06
-7.95499e-06
-7.97129e-06
-7.98665e-06
-8.00263e-06
-8.01976e-06
-8.0387e-06
-8.06038e-06
-8.08588e-06
-8.11644e-06
-8.15355e-06
-8.19912e-06
-8.25563e-06
-8.3265e-06
-8.41657e-06
-8.53283e-06
-8.68544e-06
-8.88895e-06
-9.16391e-06
-9.53776e-06
-1.00386e-05
-1.06915e-05
-1.14608e-05
-1.22305e-05
-1.29158e-05
-1.34734e-05
-1.38806e-05
-1.41313e-05
-1.42294e-05
-1.41835e-05
-1.4004e-05
-1.37015e-05
-1.32881e-05
-1.27785e-05
-1.21924e-05
-1.15569e-05
-1.09082e-05
-1.02907e-05
-9.75597e-06
-9.34507e-06
-9.08606e-06
-8.98157e-06
-9.00841e-06
-9.14484e-06
-9.39129e-06
-7.89584e-06
-7.91677e-06
-7.93359e-06
-7.949e-06
-7.96463e-06
-7.98095e-06
-7.99865e-06
-8.01871e-06
-8.04228e-06
-8.07069e-06
-8.10557e-06
-8.14899e-06
-8.20367e-06
-8.27335e-06
-8.36332e-06
-8.4813e-06
-8.63847e-06
-8.85098e-06
-9.14152e-06
-9.54101e-06
-1.00808e-05
-1.0792e-05
-1.16284e-05
-1.2462e-05
-1.3198e-05
-1.37909e-05
-1.42187e-05
-1.44784e-05
-1.45771e-05
-1.45263e-05
-1.43387e-05
-1.40266e-05
-1.36027e-05
-1.30813e-05
-1.24807e-05
-1.1826e-05
-1.11505e-05
-1.04967e-05
-9.92223e-06
-9.46616e-06
-9.16333e-06
-9.02385e-06
-9.02875e-06
-9.15872e-06
-9.4162e-06
-7.86091e-06
-7.88307e-06
-7.90043e-06
-7.91586e-06
-7.931e-06
-7.9463e-06
-7.96244e-06
-7.98043e-06
-8.00149e-06
-8.02707e-06
-8.0589e-06
-8.09921e-06
-8.15094e-06
-8.21814e-06
-8.30656e-06
-8.42452e-06
-8.5842e-06
-8.8032e-06
-9.10611e-06
-9.52565e-06
-1.01006e-05
-1.08626e-05
-1.17576e-05
-1.26448e-05
-1.34217e-05
-1.40404e-05
-1.44801e-05
-1.47405e-05
-1.48319e-05
-1.4769e-05
-1.45666e-05
-1.42391e-05
-1.38001e-05
-1.3264e-05
-1.26483e-05
-1.19763e-05
-1.12789e-05
-1.05946e-05
-9.98564e-06
-9.49278e-06
-9.15099e-06
-8.97863e-06
-8.96137e-06
-9.0828e-06
-9.34836e-06
-7.83076e-06
-7.85431e-06
-7.87226e-06
-7.88767e-06
-7.9022e-06
-7.91622e-06
-7.93041e-06
-7.94584e-06
-7.96376e-06
-7.98573e-06
-8.01362e-06
-8.04981e-06
-8.09747e-06
-8.16094e-06
-8.24639e-06
-8.36275e-06
-8.52309e-06
-8.74637e-06
-9.05905e-06
-9.49569e-06
-1.0101e-05
-1.09058e-05
-1.18522e-05
-1.27853e-05
-1.35952e-05
-1.42323e-05
-1.46771e-05
-1.49319e-05
-1.50101e-05
-1.49289e-05
-1.47058e-05
-1.43568e-05
-1.38967e-05
-1.33405e-05
-1.27052e-05
-1.2013e-05
-1.12933e-05
-1.05829e-05
-9.93783e-06
-9.41076e-06
-9.03417e-06
-8.83101e-06
-8.79164e-06
-8.903e-06
-9.17441e-06
-7.80573e-06
-7.83091e-06
-7.84955e-06
-7.86491e-06
-7.87867e-06
-7.89113e-06
-7.90295e-06
-7.91523e-06
-7.92932e-06
-7.94687e-06
-7.96989e-06
-8.00095e-06
-8.04343e-06
-8.10197e-06
-8.18316e-06
-8.29651e-06
-8.45595e-06
-8.68167e-06
-9.00208e-06
-9.45404e-06
-1.00843e-05
-1.09259e-05
-1.19184e-05
-1.28909e-05
-1.37278e-05
-1.43778e-05
-1.48227e-05
-1.50674e-05
-1.51277e-05
-1.50234e-05
-1.47741e-05
-1.43974e-05
-1.39096e-05
-1.3326e-05
-1.26641e-05
-1.19451e-05
-1.1198e-05
-1.04593e-05
-9.77622e-06
-9.21391e-06
-8.80358e-06
-8.56995e-06
-8.508e-06
-8.6078e-06
-8.88342e-06
-7.78628e-06
-7.81337e-06
-7.8328e-06
-7.84807e-06
-7.86089e-06
-7.87145e-06
-7.88041e-06
-7.88892e-06
-7.89843e-06
-7.9107e-06
-7.92792e-06
-7.95283e-06
-7.98907e-06
-8.04159e-06
-8.11736e-06
-8.2265e-06
-8.38375e-06
-8.61047e-06
-8.93681e-06
-9.40194e-06
-1.0054e-05
-1.09284e-05
-1.19625e-05
-1.29692e-05
-1.38283e-05
-1.44873e-05
-1.49289e-05
-1.51601e-05
-1.5199e-05
-1.50675e-05
-1.4787e-05
-1.43766e-05
-1.38537e-05
-1.32347e-05
-1.25372e-05
-1.17822e-05
-1.09992e-05
-1.02248e-05
-9.50149e-06
-8.89823e-06
-8.45266e-06
-8.18723e-06
-8.10152e-06
-8.18811e-06
-8.46663e-06
-7.7729e-06
-7.80224e-06
-7.8226e-06
-7.83773e-06
-7.84936e-06
-7.85762e-06
-7.86315e-06
-7.86719e-06
-7.87129e-06
-7.87741e-06
-7.88789e-06
-7.90569e-06
-7.93472e-06
-7.98022e-06
-8.0496e-06
-8.15355e-06
-8.30759e-06
-8.5342e-06
-8.8651e-06
-9.34159e-06
-1.00134e-05
-1.09188e-05
-1.19889e-05
-1.30264e-05
-1.39046e-05
-1.45698e-05
-1.50057e-05
-1.5221e-05
-1.52357e-05
-1.50735e-05
-1.47571e-05
-1.43069e-05
-1.37413e-05
-1.30777e-05
-1.23344e-05
-1.15331e-05
-1.07033e-05
-9.88198e-06
-9.11502e-06
-8.46381e-06
-7.97642e-06
-7.67679e-06
-7.56576e-06
-7.63707e-06
-7.91739e-06
-7.76622e-06
-7.79817e-06
-7.81958e-06
-7.83446e-06
-7.84462e-06
-7.85008e-06
-7.85152e-06
-7.85028e-06
-7.8481e-06
-7.84713e-06
-7.84994e-06
-7.85972e-06
-7.88065e-06
-7.9183e-06
-7.9805e-06
-8.07848e-06
-8.22857e-06
-8.45429e-06
-8.7888e-06
-9.27542e-06
-9.96543e-06
-1.08992e-05
-1.2003e-05
-1.30684e-05
-1.39631e-05
-1.46325e-05
-1.50611e-05
-1.52587e-05
-1.5247e-05
-1.50507e-05
-1.46938e-05
-1.41977e-05
-1.35817e-05
-1.2864e-05
-1.20639e-05
-1.12044e-05
-1.03154e-05
-9.43611e-06
-8.61592e-06
-7.9105e-06
-7.37455e-06
-7.03548e-06
-6.8965e-06
-6.94973e-06
-7.23116e-06
-7.76694e-06
-7.80189e-06
-7.82447e-06
-7.83894e-06
-7.84722e-06
-7.84926e-06
-7.84581e-06
-7.83838e-06
-7.82896e-06
-7.81995e-06
-7.81418e-06
-7.81507e-06
-7.82714e-06
-7.85626e-06
-7.91065e-06
-8.00212e-06
-8.14775e-06
-8.37204e-06
-8.70962e-06
-9.20552e-06
-9.91264e-06
-1.0873e-05
-1.20086e-05
-1.30997e-05
-1.4009e-05
-1.46812e-05
-1.51011e-05
-1.52796e-05
-1.52392e-05
-1.50059e-05
-1.4604e-05
-1.40559e-05
-1.33813e-05
-1.25998e-05
-1.17317e-05
-1.08017e-05
-9.84114e-06
-8.89146e-06
-8.00446e-06
-7.23834e-06
-6.64821e-06
-6.26166e-06
-6.09175e-06
-6.12175e-06
-6.40525e-06
-7.77588e-06
-7.81426e-06
-7.83808e-06
-7.85189e-06
-7.85775e-06
-7.85558e-06
-7.84627e-06
-7.8316e-06
-7.81386e-06
-7.79581e-06
-7.78056e-06
-7.77181e-06
-7.77436e-06
-7.79444e-06
-7.84061e-06
-7.92522e-06
-8.06608e-06
-8.2887e-06
-8.62896e-06
-9.13364e-06
-9.85708e-06
-1.08428e-05
-1.20083e-05
-1.31234e-05
-1.40461e-05
-1.472e-05
-1.51301e-05
-1.52881e-05
-1.52171e-05
-1.49436e-05
-1.44924e-05
-1.3886e-05
-1.31452e-05
-1.229e-05
-1.13426e-05
-1.03295e-05
-9.28453e-06
-8.25164e-06
-7.28552e-06
-6.44748e-06
-5.79562e-06
-5.35809e-06
-5.15294e-06
-5.1503e-06
-5.43693e-06
-7.79397e-06
-7.83626e-06
-7.86133e-06
-7.87409e-06
-7.8768e-06
-7.86941e-06
-7.85307e-06
-7.82993e-06
-7.8027e-06
-7.77455e-06
-7.74898e-06
-7.72991e-06
-7.72244e-06
-7.73311e-06
-7.77083e-06
-7.84843e-06
-7.98443e-06
-8.20529e-06
-8.54808e-06
-9.06121e-06
-9.80042e-06
-1.08105e-05
-1.20045e-05
-1.31422e-05
-1.4077e-05
-1.47516e-05
-1.5151e-05
-1.52871e-05
-1.51837e-05
-1.48669e-05
-1.4362e-05
-1.36915e-05
-1.28766e-05
-1.19384e-05
-1.09006e-05
-9.79217e-06
-8.64973e-06
-7.52057e-06
-6.46282e-06
-5.54176e-06
-4.81899e-06
-4.32376e-06
-4.0726e-06
-4.05008e-06
-4.32011e-06
-7.82236e-06
-7.86904e-06
-7.89528e-06
-7.90638e-06
-7.90496e-06
-7.89108e-06
-7.86629e-06
-7.83326e-06
-7.79526e-06
-7.75596e-06
-7.71915e-06
-7.6892e-06
-7.67137e-06
-7.67244e-06
-7.70165e-06
-7.7723e-06
-7.90353e-06
-8.1227e-06
-8.468e-06
-8.98941e-06
-9.74395e-06
-1.07775e-05
-1.19988e-05
-1.31577e-05
-1.41036e-05
-1.47779e-05
-1.51656e-05
-1.52786e-05
-1.51407e-05
-1.47778e-05
-1.4215e-05
-1.34748e-05
-1.25785e-05
-1.15483e-05
-1.04097e-05
-9.19411e-06
-7.94163e-06
-6.70334e-06
-5.54146e-06
-4.52541e-06
-3.72202e-06
-3.16365e-06
-2.86158e-06
-2.81163e-06
-3.05804e-06
-7.86235e-06
-7.91393e-06
-7.94111e-06
-7.9497e-06
-7.94281e-06
-7.92082e-06
-7.88587e-06
-7.84133e-06
-7.79118e-06
-7.73961e-06
-7.6908e-06
-7.6495e-06
-7.62108e-06
-7.61252e-06
-7.63335e-06
-7.69725e-06
-7.82396e-06
-8.04165e-06
-8.38956e-06
-8.91915e-06
-9.68866e-06
-1.07449e-05
-1.19922e-05
-1.31712e-05
-1.4127e-05
-1.48002e-05
-1.51751e-05
-1.52637e-05
-1.50892e-05
-1.46775e-05
-1.4053e-05
-1.32378e-05
-1.22535e-05
-1.11232e-05
-9.87418e-06
-8.54061e-06
-7.1662e-06
-5.80632e-06
-4.52782e-06
-3.40488e-06
-2.51166e-06
-1.88336e-06
-1.52674e-06
-1.44689e-06
-1.65339e-06
-7.91558e-06
-7.97253e-06
-8.00018e-06
-8.00501e-06
-7.99091e-06
-7.95878e-06
-7.91162e-06
-7.85373e-06
-7.79e-06
-7.72502e-06
-7.66356e-06
-7.61052e-06
-7.57143e-06
-7.55339e-06
-7.56612e-06
-7.62362e-06
-7.74618e-06
-7.96272e-06
-8.31342e-06
-8.85115e-06
-9.63526e-06
-1.07135e-05
-1.19855e-05
-1.31833e-05
-1.4148e-05
-1.48189e-05
-1.51799e-05
-1.52427e-05
-1.503e-05
-1.45669e-05
-1.3877e-05
-1.29823e-05
-1.19044e-05
-1.0667e-05
-9.29918e-06
-7.83801e-06
-6.33087e-06
-4.83765e-06
-3.4302e-06
-2.18811e-06
-1.19494e-06
-4.88315e-07
-6.90119e-08
4.84013e-08
-1.1988e-07
-7.98402e-06
-8.04674e-06
-8.07405e-06
-8.07337e-06
-8.04974e-06
-8.00495e-06
-7.94316e-06
-7.86999e-06
-7.7911e-06
-7.71169e-06
-7.63697e-06
-7.57197e-06
-7.52228e-06
-7.49503e-06
-7.50008e-06
-7.55166e-06
-7.67054e-06
-7.88635e-06
-8.24007e-06
-8.78592e-06
-9.58429e-06
-1.06836e-05
-1.19792e-05
-1.31945e-05
-1.41669e-05
-1.48344e-05
-1.51805e-05
-1.52161e-05
-1.49634e-05
-1.44466e-05
-1.36885e-05
-1.27106e-05
-1.15342e-05
-1.0184e-05
-8.6907e-06
-7.0939e-06
-5.44469e-06
-3.80743e-06
-2.25919e-06
-8.85464e-07
2.19885e-07
1.01375e-06
1.50766e-06
1.67475e-06
1.54524e-06
-8.07011e-06
-8.13886e-06
-8.16448e-06
-8.15584e-06
-8.11968e-06
-8.05913e-06
-7.98001e-06
-7.88945e-06
-7.79378e-06
-7.69902e-06
-7.61058e-06
-7.53356e-06
-7.47348e-06
-7.43745e-06
-7.43533e-06
-7.48157e-06
-7.59733e-06
-7.81287e-06
-8.16987e-06
-8.72385e-06
-9.5361e-06
-1.06557e-05
-1.19735e-05
-1.3205e-05
-1.41838e-05
-1.48469e-05
-1.51769e-05
-1.51841e-05
-1.48898e-05
-1.43174e-05
-1.34888e-05
-1.24247e-05
-1.11465e-05
-9.67943e-06
-8.05565e-06
-6.31715e-06
-4.51835e-06
-2.72789e-06
-1.02809e-06
4.89353e-07
1.72216e-06
2.61122e-06
3.18584e-06
3.41412e-06
3.33877e-06
-8.17692e-06
-8.25164e-06
-8.27345e-06
-8.25346e-06
-8.20093e-06
-8.12091e-06
-8.02156e-06
-7.91123e-06
-7.79732e-06
-7.68641e-06
-7.58399e-06
-7.49504e-06
-7.42495e-06
-7.38066e-06
-7.37199e-06
-7.41351e-06
-7.52675e-06
-7.74251e-06
-8.10309e-06
-8.66517e-06
-9.49091e-06
-1.06298e-05
-1.19686e-05
-1.32148e-05
-1.41988e-05
-1.48563e-05
-1.5169e-05
-1.51467e-05
-1.48096e-05
-1.41801e-05
-1.32792e-05
-1.21271e-05
-1.07451e-05
-9.15882e-06
-7.40168e-06
-5.51768e-06
-3.56403e-06
-1.61315e-06
2.47306e-07
1.9185e-06
3.2952e-06
4.29803e-06
4.95482e-06
5.25379e-06
5.24262e-06
-8.3083e-06
-8.38837e-06
-8.40315e-06
-8.36717e-06
-8.2934e-06
-8.18971e-06
-8.0668e-06
-7.9344e-06
-7.80099e-06
-7.67333e-06
-7.55683e-06
-7.45624e-06
-7.37663e-06
-7.3247e-06
-7.31017e-06
-7.34764e-06
-7.45897e-06
-7.67546e-06
-8.03989e-06
-8.61004e-06
-9.44884e-06
-1.06062e-05
-1.19645e-05
-1.3224e-05
-1.42119e-05
-1.48626e-05
-1.51571e-05
-1.51042e-05
-1.47232e-05
-1.40356e-05
-1.30616e-05
-1.18207e-05
-1.03342e-05
-8.62816e-06
-6.73698e-06
-4.70617e-06
-2.59502e-06
-4.78853e-07
1.54997e-06
3.38529e-06
4.9178e-06
6.05774e-06
6.80529e-06
7.18721e-06
7.25058e-06
-8.46924e-06
-8.55302e-06
-8.55588e-06
-8.49769e-06
-8.39681e-06
-8.26445e-06
-8.11452e-06
-7.95799e-06
-7.80402e-06
-7.65928e-06
-7.52888e-06
-7.41709e-06
-7.32856e-06
-7.26969e-06
-7.25e-06
-7.2841e-06
-7.39413e-06
-7.61182e-06
-7.98036e-06
-8.55853e-06
-9.40994e-06
-1.05848e-05
-1.19612e-05
-1.32326e-05
-1.4223e-05
-1.48659e-05
-1.51412e-05
-1.50568e-05
-1.46313e-05
-1.38851e-05
-1.28377e-05
-1.15083e-05
-9.91805e-06
-8.09359e-06
-6.07e-06
-3.89377e-06
-1.62536e-06
6.58111e-07
2.86103e-06
4.87118e-06
6.57183e-06
7.86525e-06
8.72219e-06
9.20056e-06
9.35357e-06
-8.66624e-06
-8.75032e-06
-8.73399e-06
-8.64533e-06
-8.5105e-06
-8.3435e-06
-8.16341e-06
-7.98099e-06
-7.80572e-06
-7.6439e-06
-7.49998e-06
-7.3776e-06
-7.28087e-06
-7.21579e-06
-7.19165e-06
-7.22304e-06
-7.33234e-06
-7.55169e-06
-7.92456e-06
-8.51064e-06
-9.37418e-06
-1.05655e-05
-1.19586e-05
-1.32405e-05
-1.42322e-05
-1.48662e-05
-1.51214e-05
-1.5005e-05
-1.45345e-05
-1.37298e-05
-1.26095e-05
-1.11928e-05
-9.50097e-06
-7.56118e-06
-5.40908e-06
-3.09157e-06
-6.69398e-07
1.77999e-06
4.15951e-06
6.35263e-06
8.23427e-06
9.6968e-06
1.06883e-05
1.12789e-05
1.15427e-05
-8.90807e-06
-8.98581e-06
-8.93958e-06
-8.80981e-06
-8.63175e-06
-8.42615e-06
-8.2121e-06
-8.00234e-06
-7.80551e-06
-7.62695e-06
-7.47014e-06
-7.33792e-06
-7.23375e-06
-7.16321e-06
-7.13533e-06
-7.16463e-06
-7.27372e-06
-7.49512e-06
-7.87248e-06
-8.46634e-06
-9.34149e-06
-1.05483e-05
-1.19568e-05
-1.32477e-05
-1.42395e-05
-1.48636e-05
-1.50981e-05
-1.49492e-05
-1.44337e-05
-1.35708e-05
-1.23789e-05
-1.0877e-05
-9.08707e-06
-7.0367e-06
-4.76212e-06
-2.31025e-06
2.58811e-07
2.86878e-06
5.42325e-06
7.80374e-06
9.87746e-06
1.1526e-05
1.26814e-05
1.34059e-05
1.38101e-05
-9.20685e-06
-9.26576e-06
-9.17407e-06
-8.98986e-06
-8.75959e-06
-8.50926e-06
-8.25893e-06
-8.02111e-06
-7.80296e-06
-7.60833e-06
-7.43947e-06
-7.29826e-06
-7.18747e-06
-7.11219e-06
-7.08123e-06
-7.109e-06
-7.21834e-06
-7.44211e-06
-7.82408e-06
-8.42553e-06
-9.31177e-06
-1.0533e-05
-1.19555e-05
-1.32541e-05
-1.42449e-05
-1.48583e-05
-1.50715e-05
-1.48898e-05
-1.43296e-05
-1.34095e-05
-1.21478e-05
-1.05638e-05
-8.68016e-06
-6.52543e-06
-4.13633e-06
-1.5596e-06
1.14604e-06
3.90694e-06
6.62971e-06
9.19719e-06
1.14718e-05
1.33237e-05
1.46696e-05
1.55614e-05
1.61495e-05
-9.57969e-06
-9.59711e-06
-9.4381e-06
-9.18329e-06
-8.89059e-06
-8.59054e-06
-8.30236e-06
-8.03651e-06
-7.79781e-06
-7.58813e-06
-7.40823e-06
-7.25895e-06
-7.14232e-06
-7.06301e-06
-7.02957e-06
-7.0563e-06
-7.16627e-06
-7.39267e-06
-7.7793e-06
-8.38813e-06
-9.28489e-06
-1.05196e-05
-1.19548e-05
-1.32598e-05
-1.42486e-05
-1.48505e-05
-1.50418e-05
-1.48275e-05
-1.42231e-05
-1.32471e-05
-1.19179e-05
-1.02555e-05
-8.28362e-06
-6.03192e-06
-3.53794e-06
-8.48163e-07
1.98049e-06
4.87815e-06
7.75676e-06
1.05043e-05
1.2983e-05
1.50554e-05
1.66168e-05
1.77172e-05
1.85559e-05
-1.00509e-05
-9.98644e-06
-9.72939e-06
-9.38625e-06
-9.02099e-06
-8.66754e-06
-8.341e-06
-8.04801e-06
-7.79005e-06
-7.5666e-06
-7.37678e-06
-7.22035e-06
-7.09866e-06
-7.01595e-06
-6.98054e-06
-7.00666e-06
-7.11757e-06
-7.34677e-06
-7.73806e-06
-8.35399e-06
-9.26069e-06
-1.0508e-05
-1.19545e-05
-1.32647e-05
-1.42505e-05
-1.48402e-05
-1.50096e-05
-1.47628e-05
-1.41151e-05
-1.30848e-05
-1.16909e-05
-9.95437e-06
-7.9003e-06
-5.55997e-06
-2.97199e-06
-1.82867e-07
2.75233e-06
5.76813e-06
8.7837e-06
1.16959e-05
1.43729e-05
1.66765e-05
1.84802e-05
1.98364e-05
2.1028e-05
-1.06547e-05
-1.04357e-05
-1.0045e-05
-9.59246e-06
-9.14623e-06
-8.73769e-06
-8.37377e-06
-8.05535e-06
-7.77987e-06
-7.54411e-06
-7.34553e-06
-7.18287e-06
-7.05682e-06
-6.97126e-06
-6.93433e-06
-6.96016e-06
-7.07223e-06
-7.30436e-06
-7.70023e-06
-8.32296e-06
-9.23902e-06
-1.04978e-05
-1.19545e-05
-1.32689e-05
-1.42508e-05
-1.48279e-05
-1.49752e-05
-1.46963e-05
-1.40063e-05
-1.29237e-05
-1.14683e-05
-9.66227e-06
-7.53264e-06
-5.11264e-06
-2.44246e-06
4.30894e-07
3.45379e-06
6.5651e-06
9.69216e-06
1.27439e-05
1.56007e-05
1.8134e-05
2.02007e-05
2.18658e-05
2.35644e-05
-1.14378e-05
-1.09396e-05
-1.03727e-05
-9.7938e-06
-9.26127e-06
-8.79861e-06
-8.39988e-06
-8.05859e-06
-7.76765e-06
-7.52114e-06
-7.31494e-06
-7.14687e-06
-7.01708e-06
-6.92915e-06
-6.89107e-06
-6.91686e-06
-7.03026e-06
-7.26536e-06
-7.66572e-06
-8.29492e-06
-9.21973e-06
-1.04891e-05
-1.19549e-05
-1.32723e-05
-1.42495e-05
-1.48137e-05
-1.4939e-05
-1.46285e-05
-1.38975e-05
-1.27649e-05
-1.12514e-05
-9.38096e-06
-7.18277e-06
-4.69252e-06
-1.95256e-06
9.8893e-07
4.07888e-06
7.25968e-06
1.04664e-05
1.36217e-05
1.66233e-05
1.93653e-05
2.16976e-05
2.37178e-05
2.61445e-05
-1.24441e-05
-1.14868e-05
-1.06952e-05
-9.97988e-06
-9.36088e-06
-8.84833e-06
-8.419e-06
-8.05803e-06
-7.7539e-06
-7.49819e-06
-7.28543e-06
-7.1127e-06
-6.9797e-06
-6.88977e-06
-6.8508e-06
-6.87675e-06
-6.99158e-06
-7.22964e-06
-7.63435e-06
-8.26967e-06
-9.20265e-06
-1.04817e-05
-1.19554e-05
-1.32749e-05
-1.42468e-05
-1.47976e-05
-1.4901e-05
-1.45597e-05
-1.37892e-05
-1.2609e-05
-1.1041e-05
-9.11128e-06
-6.85169e-06
-4.30078e-06
-1.50367e-06
1.48937e-06
4.62464e-06
7.84631e-06
1.10953e-05
1.43067e-05
1.73986e-05
2.0299e-05
2.28652e-05
2.526e-05
2.87145e-05
-1.37674e-05
-1.206e-05
-1.09887e-05
-1.01396e-05
-9.44165e-06
-8.88675e-06
-8.43227e-06
-8.05505e-06
-7.73985e-06
-7.47626e-06
-7.25778e-06
-7.08092e-06
-6.94504e-06
-6.85335e-06
-6.81363e-06
-6.8398e-06
-6.95602e-06
-7.19695e-06
-7.60578e-06
-8.24685e-06
-9.18747e-06
-1.04755e-05
-1.19562e-05
-1.3277e-05
-1.42431e-05
-1.47804e-05
-1.4862e-05
-1.44905e-05
-1.36816e-05
-1.24556e-05
-1.08362e-05
-8.85165e-06
-6.53683e-06
-3.93374e-06
-1.09092e-06
1.93827e-06
5.09793e-06
8.33162e-06
1.15826e-05
1.47935e-05
1.78994e-05
2.08666e-05
2.35773e-05
2.63418e-05
3.12884e-05
-1.55154e-05
-1.26222e-05
-1.1218e-05
-1.02626e-05
-9.5045e-06
-8.91743e-06
-8.44336e-06
-8.05276e-06
-7.72795e-06
-7.45724e-06
-7.23341e-06
-7.05261e-06
-6.91394e-06
-6.82049e-06
-6.78e-06
-6.80627e-06
-6.9237e-06
-7.1672e-06
-7.57976e-06
-8.22605e-06
-9.17374e-06
-1.04702e-05
-1.19576e-05
-1.32798e-05
-1.42402e-05
-1.47642e-05
-1.48244e-05
-1.44231e-05
-1.35767e-05
-1.23064e-05
-1.06376e-05
-8.60114e-06
-6.23525e-06
-3.58575e-06
-7.05314e-07
2.34864e-06
5.51635e-06
8.73803e-06
1.19545e-05
1.51076e-05
1.81363e-05
2.10228e-05
2.36735e-05
2.6726e-05
3.38583e-05
-1.69798e-05
-1.29611e-05
-1.13202e-05
-1.03283e-05
-9.54408e-06
-8.938e-06
-8.45039e-06
-8.04938e-06
-7.71653e-06
-7.43963e-06
-7.21108e-06
-7.02679e-06
-6.88572e-06
-6.79085e-06
-6.74987e-06
-6.77651e-06
-6.89529e-06
-7.14136e-06
-7.55742e-06
-8.20837e-06
-9.16216e-06
-1.04657e-05
-1.19588e-05
-1.32817e-05
-1.42369e-05
-1.47488e-05
-1.479e-05
-1.4362e-05
-1.34823e-05
-1.21728e-05
-1.04608e-05
-8.37979e-06
-5.97125e-06
-3.28492e-06
-3.77768e-07
2.68816e-06
5.84815e-06
9.03677e-06
1.21878e-05
1.52328e-05
1.80921e-05
2.07066e-05
2.29119e-05
2.54298e-05
3.27604e-05
)
;

boundaryField
{
    inlet
    {
        type            uniformJump;
        patchType       cyclic;
        jump            uniform -2.5e-05;
        value           nonuniform List<scalar> 
40
(
1.02759e-06
1.04513e-06
1.06393e-06
1.08331e-06
1.10491e-06
1.1302e-06
1.16123e-06
1.20129e-06
1.25499e-06
1.32765e-06
1.42393e-06
1.54676e-06
1.69673e-06
1.87142e-06
2.06391e-06
2.26357e-06
2.45877e-06
2.62749e-06
2.74994e-06
2.81073e-06
2.81203e-06
2.77875e-06
2.75858e-06
2.75177e-06
2.75908e-06
2.77766e-06
2.8024e-06
2.82887e-06
2.8541e-06
2.87655e-06
2.89573e-06
2.91177e-06
2.92504e-06
2.93599e-06
2.94504e-06
2.95252e-06
2.9587e-06
2.96387e-06
2.96843e-06
2.97237e-06
)
;
        jumpTable       table;
        jumpTableCoeffs
        {
            values          
4
(
(0 -2.5e-05)
(25 -2.5e-05)
(25.5 -0.0001)
(26 -2.5e-05)
)
;
        }
    }
    outlet
    {
        type            uniformJump;
        patchType       cyclic;
        value           nonuniform List<scalar> 
40
(
-2.39724e-05
-2.39549e-05
-2.39361e-05
-2.39167e-05
-2.38951e-05
-2.38698e-05
-2.38388e-05
-2.37987e-05
-2.3745e-05
-2.36723e-05
-2.35761e-05
-2.34532e-05
-2.33033e-05
-2.31286e-05
-2.29361e-05
-2.27364e-05
-2.25412e-05
-2.23725e-05
-2.22501e-05
-2.21893e-05
-2.2188e-05
-2.22213e-05
-2.22414e-05
-2.22482e-05
-2.22409e-05
-2.22223e-05
-2.21976e-05
-2.21711e-05
-2.21459e-05
-2.21235e-05
-2.21043e-05
-2.20882e-05
-2.2075e-05
-2.2064e-05
-2.2055e-05
-2.20475e-05
-2.20413e-05
-2.20361e-05
-2.20316e-05
-2.20276e-05
)
;
    }
    Walls
    {
        type            zeroGradient;
    }
    back
    {
        type            empty;
    }
    front
    {
        type            empty;
    }
}


// ************************************************************************* //
