/*--------------------------------*- C++ -*----------------------------------*\
| =========                 |                                                 |
| \\      /  F ield         | OpenFOAM: The Open Source CFD Toolbox           |
|  \\    /   O peration     | Version:  2312                                  |
|   \\  /    A nd           | Website:  www.openfoam.com                      |
|    \\/     M anipulation  |                                                 |
\*---------------------------------------------------------------------------*/
FoamFile
{
    version     2.0;
    format      ascii;
    arch        "LSB;label=32;scalar=64";
    class       volScalarField;
    location    "40";
    object      p;
}
// * * * * * * * * * * * * * * * * * * * * * * * * * * * * * * * * * * * * * //

dimensions      [0 2 -2 0 0 0 0];

internalField   nonuniform List<scalar> 
4800
(
1.441e-13
-1.30196e-06
-2.45476e-06
-3.48703e-06
-4.41408e-06
-5.24778e-06
-6.00155e-06
-6.68067e-06
-7.29335e-06
-7.84948e-06
-8.35589e-06
-8.81496e-06
-9.21836e-06
-9.81066e-06
-1.16062e-05
1.14158e-08
-1.28751e-06
-2.43725e-06
-3.46748e-06
-4.39342e-06
-5.22761e-06
-5.98328e-06
-6.66599e-06
-7.28478e-06
-7.85142e-06
-8.37793e-06
-8.88088e-06
-9.37479e-06
-9.96938e-06
-1.09216e-05
2.40742e-08
-1.27144e-06
-2.41825e-06
-3.44609e-06
-4.3707e-06
-5.2039e-06
-5.96044e-06
-6.64576e-06
-7.26907e-06
-7.84312e-06
-8.38095e-06
-8.89942e-06
-9.40717e-06
-9.9087e-06
-1.03736e-05
3.79988e-08
-1.25328e-06
-2.39638e-06
-3.42114e-06
-4.34426e-06
-5.17515e-06
-5.93097e-06
-6.61731e-06
-7.24178e-06
-7.81641e-06
-8.35127e-06
-8.85346e-06
-9.31369e-06
-9.69533e-06
-9.91941e-06
5.46908e-08
-1.2312e-06
-2.36947e-06
-3.39006e-06
-4.31039e-06
-5.13891e-06
-5.89089e-06
-6.57518e-06
-7.19626e-06
-7.76286e-06
-8.27987e-06
-8.74359e-06
-9.13254e-06
-9.40339e-06
-9.49509e-06
7.58373e-08
-1.20336e-06
-2.33547e-06
-3.35053e-06
-4.26583e-06
-5.09086e-06
-5.83659e-06
-6.51347e-06
-7.1245e-06
-7.67315e-06
-8.15852e-06
-8.56989e-06
-8.88349e-06
-9.0665e-06
-9.08809e-06
1.03872e-07
-1.16727e-06
-2.29164e-06
-3.29935e-06
-4.20732e-06
-5.02517e-06
-5.76203e-06
-6.4254e-06
-7.0179e-06
-7.53845e-06
-7.98165e-06
-8.33502e-06
-8.58023e-06
-8.70046e-06
-8.68832e-06
1.42482e-07
-1.11925e-06
-2.234e-06
-3.23199e-06
-4.12964e-06
-4.93619e-06
-5.65892e-06
-6.30217e-06
-6.86763e-06
-7.35155e-06
-7.74698e-06
-8.04421e-06
-8.23371e-06
-8.31246e-06
-8.28624e-06
1.96663e-07
-1.05432e-06
-2.15722e-06
-3.1425e-06
-4.02595e-06
-4.81619e-06
-5.51894e-06
-6.13461e-06
-6.66567e-06
-7.10757e-06
-7.45481e-06
-7.70286e-06
-7.85061e-06
-7.90405e-06
-7.87456e-06
2.7221e-07
-9.66529e-07
-2.05493e-06
-3.0238e-06
-3.88831e-06
-4.65642e-06
-5.33381e-06
-5.9146e-06
-6.40615e-06
-6.80438e-06
-7.10712e-06
-7.31532e-06
-7.43397e-06
-7.47372e-06
-7.44728e-06
3.74724e-07
-8.49822e-07
-1.92046e-06
-2.86855e-06
-3.7087e-06
-4.44817e-06
-5.0895e-06
-5.63553e-06
-6.08617e-06
-6.4427e-06
-6.70726e-06
-6.88521e-06
-6.98512e-06
-7.01926e-06
-6.99973e-06
5.08648e-07
-6.98933e-07
-1.74786e-06
-2.67028e-06
-3.48045e-06
-4.18613e-06
-4.79277e-06
-5.2962e-06
-5.70683e-06
-6.02638e-06
-6.26016e-06
-6.41654e-06
-6.50573e-06
-6.5398e-06
-6.5295e-06
6.76977e-07
-5.09969e-07
-1.53256e-06
-2.42441e-06
-3.19937e-06
-3.86587e-06
-4.42597e-06
-4.89726e-06
-5.27276e-06
-5.56159e-06
-5.77228e-06
-5.91469e-06
-5.99925e-06
-6.03711e-06
-6.03746e-06
8.81515e-07
-2.8055e-07
-1.2717e-06
-2.12828e-06
-2.86448e-06
-3.49026e-06
-4.01626e-06
-4.44891e-06
-4.79285e-06
-5.05714e-06
-5.25162e-06
-5.38637e-06
-5.47111e-06
-5.51562e-06
-5.52769e-06
1.12347e-06
-9.30781e-09
-9.64588e-07
-1.78057e-06
-2.47877e-06
-3.06872e-06
-3.55948e-06
-3.9597e-06
-4.27775e-06
-4.52367e-06
-4.70781e-06
-4.83988e-06
-4.92858e-06
-4.9822e-06
-5.00694e-06
1.40362e-06
3.03311e-07
-6.15726e-07
-1.39296e-06
-2.0524e-06
-2.60662e-06
-3.06572e-06
-3.4405e-06
-3.74002e-06
-3.9746e-06
-4.15416e-06
-4.28761e-06
-4.38283e-06
-4.44844e-06
-4.486e-06
1.71343e-06
6.49706e-07
-2.32565e-07
-9.72238e-07
-1.59527e-06
-2.11675e-06
-2.54934e-06
-2.90595e-06
-3.19303e-06
-3.42399e-06
-3.60662e-06
-3.74454e-06
-3.85414e-06
-3.93176e-06
-3.98002e-06
2.04483e-06
1.02115e-06
1.75648e-07
-5.30742e-07
-1.12313e-06
-1.618e-06
-2.03147e-06
-2.37484e-06
-2.6529e-06
-2.88603e-06
-3.07912e-06
-3.23862e-06
-3.36146e-06
-3.44935e-06
-3.5112e-06
2.37932e-06
1.39932e-06
5.88662e-07
-8.97473e-08
-6.58094e-07
-1.13473e-06
-1.53571e-06
-1.87475e-06
-2.16067e-06
-2.40801e-06
-2.60328e-06
-2.7647e-06
-2.89925e-06
-3.00174e-06
-3.08842e-06
2.6999e-06
1.76433e-06
9.84526e-07
3.28737e-07
-2.25815e-07
-6.96288e-07
-1.09716e-06
-1.43957e-06
-1.73179e-06
-1.97823e-06
-2.18825e-06
-2.36557e-06
-2.51818e-06
-2.64864e-06
-2.76152e-06
2.96078e-06
2.07033e-06
1.31957e-06
6.81626e-07
1.36321e-07
-3.31546e-07
-7.34566e-07
-1.08272e-06
-1.38372e-06
-1.64459e-06
-1.87207e-06
-2.07135e-06
-2.24633e-06
-2.39941e-06
-2.53284e-06
3.1442e-06
2.29384e-06
1.56674e-06
9.41513e-07
4.01482e-07
-6.70096e-08
-4.75071e-07
-8.32034e-07
-1.14604e-06
-1.42353e-06
-1.66933e-06
-1.88744e-06
-2.08142e-06
-2.25441e-06
-2.4093e-06
3.26101e-06
2.4478e-06
1.74311e-06
1.13058e-06
5.95641e-07
1.26405e-07
-2.87143e-07
-6.53267e-07
-9.78826e-07
-1.2693e-06
-1.52916e-06
-1.76185e-06
-1.97031e-06
-2.15866e-06
-2.32787e-06
3.3412e-06
2.56428e-06
1.88243e-06
1.2823e-06
7.52357e-07
2.8239e-07
-1.36189e-07
-5.1043e-07
-8.45991e-07
-1.14775e-06
-1.41968e-06
-1.66512e-06
-1.88786e-06
-2.0879e-06
-2.26932e-06
3.40597e-06
2.66121e-06
2.00018e-06
1.41179e-06
8.86736e-07
4.16575e-07
-5.842e-09
-3.86519e-07
-7.30474e-07
-1.04183e-06
-1.32418e-06
-1.58077e-06
-1.81333e-06
-2.02461e-06
-2.21653e-06
3.46242e-06
2.7465e-06
2.10457e-06
1.52744e-06
1.00761e-06
5.38088e-07
1.12917e-07
-2.72995e-07
-6.24015e-07
-9.43736e-07
-1.2351e-06
-1.50081e-06
-1.74297e-06
-1.96354e-06
-2.16434e-06
3.5137e-06
2.82377e-06
2.19916e-06
1.63259e-06
1.11796e-06
6.4944e-07
2.22089e-07
-1.68367e-07
-5.2558e-07
-8.52569e-07
-1.15179e-06
-1.42563e-06
-1.67602e-06
-1.90471e-06
-2.11335e-06
3.56037e-06
2.89341e-06
2.28426e-06
1.72735e-06
1.2176e-06
7.50098e-07
3.20851e-07
-7.3555e-08
-4.36081e-07
-7.69325e-07
-1.07554e-06
-1.35661e-06
-1.61432e-06
-1.85022e-06
-2.06582e-06
3.60151e-06
2.95464e-06
2.35919e-06
1.81093e-06
1.30556e-06
8.39035e-07
4.08182e-07
1.0355e-08
-3.56822e-07
-6.95585e-07
-1.00799e-06
-1.29543e-06
-1.55963e-06
-1.80191e-06
-2.02365e-06
3.63632e-06
3.00696e-06
2.42357e-06
1.88293e-06
1.38142e-06
9.15799e-07
4.83633e-07
8.28717e-08
-2.88418e-07
-6.32039e-07
-9.49965e-07
-1.24297e-06
-1.51286e-06
-1.76074e-06
-1.98789e-06
3.6646e-06
3.0505e-06
2.47768e-06
1.94369e-06
1.44555e-06
9.80783e-07
5.47523e-07
1.44184e-07
-2.30723e-07
-5.78634e-07
-9.00912e-07
-1.19917e-06
-1.47408e-06
-1.72686e-06
-1.95869e-06
3.68672e-06
3.08593e-06
2.52235e-06
1.99413e-06
1.49894e-06
1.03493e-06
6.00711e-07
1.95131e-07
-1.82928e-07
-5.34624e-07
-8.61111e-07
-1.16351e-06
-1.44276e-06
-1.69978e-06
-1.93564e-06
3.70345e-06
3.11426e-06
2.55874e-06
2.03551e-06
1.54286e-06
1.0795e-06
6.44444e-07
2.36917e-07
-1.43906e-07
-4.98908e-07
-8.28983e-07
-1.13513e-06
-1.41808e-06
-1.67871e-06
-1.91803e-06
3.71569e-06
3.13663e-06
2.5881e-06
2.06918e-06
1.57871e-06
1.11589e-06
6.80089e-07
2.70842e-07
-1.124e-07
-4.70277e-07
-8.03492e-07
-1.11288e-06
-1.39903e-06
-1.6628e-06
-1.90502e-06
3.72435e-06
3.15411e-06
2.61166e-06
2.09645e-06
1.60785e-06
1.14545e-06
7.08965e-07
2.9819e-07
-8.71833e-08
-4.47589e-07
-7.83554e-07
-1.09571e-06
-1.38467e-06
-1.65111e-06
-1.89585e-06
3.73022e-06
3.16768e-06
2.63048e-06
2.11847e-06
1.63145e-06
1.16938e-06
7.32256e-07
3.20109e-07
-6.71529e-08
-4.2978e-07
-7.68143e-07
-1.08274e-06
-1.37411e-06
-1.64281e-06
-1.88972e-06
3.73401e-06
3.17816e-06
2.64549e-06
2.13622e-06
1.65054e-06
1.1887e-06
7.50961e-07
3.37579e-07
-5.13591e-08
-4.15941e-07
-7.56403e-07
-1.07313e-06
-1.36657e-06
-1.63723e-06
-1.88595e-06
3.73625e-06
3.18627e-06
2.65754e-06
2.15063e-06
1.66607e-06
1.20438e-06
7.66063e-07
3.51556e-07
-3.88847e-08
-4.05204e-07
-7.47523e-07
-1.06612e-06
-1.36138e-06
-1.63376e-06
-1.88402e-06
3.73735e-06
3.19283e-06
2.6677e-06
2.16294e-06
1.67937e-06
1.21777e-06
7.78862e-07
3.63266e-07
-2.86035e-08
-3.96561e-07
-7.40618e-07
-1.06096e-06
-1.35791e-06
-1.63187e-06
-1.88355e-06
3.73768e-06
3.19806e-06
2.67629e-06
2.17356e-06
1.69092e-06
1.22938e-06
7.89863e-07
3.73196e-07
-2.00581e-08
-3.89583e-07
-7.3528e-07
-1.05725e-06
-1.35573e-06
-1.63109e-06
-1.88403e-06
-1.30779e-05
-1.0626e-05
-9.12852e-06
-8.13491e-06
-7.34245e-06
-6.73155e-06
-6.24774e-06
-5.8511e-06
-5.51368e-06
-5.2122e-06
-4.92895e-06
-4.64296e-06
-4.34542e-06
-4.02364e-06
-3.67144e-06
-3.29037e-06
-2.89249e-06
-2.51318e-06
-2.20662e-06
-2.07112e-06
-2.2315e-06
-2.81794e-06
-3.86283e-06
-5.095e-06
-6.24188e-06
-7.17503e-06
-7.82289e-06
-8.14223e-06
-8.1051e-06
-7.69097e-06
-6.88813e-06
-5.69741e-06
-4.13615e-06
-2.23933e-06
-5.8409e-08
2.34192e-06
4.88731e-06
7.49652e-06
1.00812e-05
1.25418e-05
1.47524e-05
1.65525e-05
1.76055e-05
1.76391e-05
1.55721e-05
-1.13281e-05
-1.00576e-05
-8.92406e-06
-8.03933e-06
-7.2954e-06
-6.70001e-06
-6.2211e-06
-5.82552e-06
-5.48792e-06
-5.18579e-06
-4.89905e-06
-4.61531e-06
-4.31709e-06
-3.99468e-06
-3.64211e-06
-3.26118e-06
-2.86417e-06
-2.48653e-06
-2.18185e-06
-2.04749e-06
-2.20645e-06
-2.78602e-06
-3.81968e-06
-5.04072e-06
-6.17841e-06
-7.10526e-06
-7.75006e-06
-8.06894e-06
-8.03402e-06
-7.6253e-06
-6.83219e-06
-5.65752e-06
-4.12069e-06
-2.25907e-06
-1.26912e-07
2.20734e-06
4.66387e-06
7.15289e-06
9.57185e-06
1.17964e-05
1.36535e-05
1.48825e-05
1.49891e-05
1.32533e-05
8.68108e-06
-1.04113e-05
-9.6161e-06
-8.70985e-06
-7.92404e-06
-7.23411e-06
-6.66052e-06
-6.18959e-06
-5.79629e-06
-5.45881e-06
-5.15594e-06
-4.869e-06
-4.58356e-06
-4.28425e-06
-3.96102e-06
-3.60809e-06
-3.22755e-06
-2.83191e-06
-2.4567e-06
-2.15483e-06
-2.02254e-06
-2.18061e-06
-2.75279e-06
-3.77366e-06
-4.9815e-06
-6.10788e-06
-7.02662e-06
-7.66712e-06
-7.98497e-06
-7.95249e-06
-7.55056e-06
-6.77033e-06
-5.61692e-06
-4.11248e-06
-2.29753e-06
-2.30117e-07
2.01641e-06
4.35527e-06
6.68632e-06
8.89148e-06
1.08231e-05
1.22762e-05
1.29552e-05
1.23997e-05
1.00815e-05
5.82938e-06
-9.8186e-06
-9.24667e-06
-8.51738e-06
-7.81187e-06
-7.17402e-06
-6.62347e-06
-6.16088e-06
-5.76912e-06
-5.43068e-06
-5.12591e-06
-4.83734e-06
-4.54967e-06
-4.24877e-06
-3.92441e-06
-3.57108e-06
-3.19112e-06
-2.79729e-06
-2.42513e-06
-2.12677e-06
-1.99719e-06
-2.15463e-06
-2.71926e-06
-3.72619e-06
-4.91927e-06
-6.03246e-06
-6.941e-06
-7.57517e-06
-7.89014e-06
-7.85869e-06
-7.46304e-06
-6.69663e-06
-5.56763e-06
-4.10185e-06
-2.34391e-06
-3.56659e-07
1.78064e-06
3.97352e-06
6.11164e-06
8.06405e-06
9.66974e-06
1.07196e-05
1.09463e-05
1.00224e-05
7.68079e-06
4.11726e-06
-9.34689e-06
-8.91279e-06
-8.32384e-06
-7.70656e-06
-7.11743e-06
-6.59061e-06
-6.1365e-06
-5.74478e-06
-5.40373e-06
-5.09519e-06
-4.80314e-06
-4.51235e-06
-4.20915e-06
-3.88341e-06
-3.52988e-06
-3.15112e-06
-2.76006e-06
-2.3922e-06
-2.09868e-06
-1.97292e-06
-2.13044e-06
-2.68681e-06
-3.67795e-06
-4.85402e-06
-5.95175e-06
-6.84795e-06
-7.47419e-06
-7.78537e-06
-7.75511e-06
-7.3674e-06
-6.6185e-06
-5.52028e-06
-4.10281e-06
-2.41545e-06
-5.26274e-07
1.47944e-06
3.5003e-06
5.41844e-06
7.09677e-06
8.37492e-06
9.06627e-06
8.96693e-06
7.8918e-06
5.76819e-06
2.82115e-06
-8.93708e-06
-8.59747e-06
-8.11836e-06
-7.59072e-06
-7.05744e-06
-6.55849e-06
-6.11473e-06
-5.72271e-06
-5.37816e-06
-5.06395e-06
-4.76674e-06
-4.47148e-06
-4.16511e-06
-3.83771e-06
-3.48427e-06
-3.10759e-06
-2.72067e-06
-2.35881e-06
-2.07196e-06
-1.95152e-06
-2.10992e-06
-2.65738e-06
-3.63033e-06
-4.78658e-06
-5.86606e-06
-6.7474e-06
-7.36401e-06
-7.67069e-06
-7.64243e-06
-7.26547e-06
-6.53939e-06
-5.48029e-06
-4.12296e-06
-2.52175e-06
-7.49843e-07
1.10235e-06
2.92877e-06
4.60882e-06
6.0081e-06
6.98099e-06
7.37892e-06
7.07008e-06
5.97858e-06
4.14264e-06
1.78021e-06
-8.55166e-06
-8.28309e-06
-7.89887e-06
-7.44762e-06
-6.97541e-06
-6.51632e-06
-6.087e-06
-5.69941e-06
-5.35206e-06
-5.0313e-06
-4.728e-06
-4.42719e-06
-4.11692e-06
-3.78769e-06
-3.43484e-06
-3.06138e-06
-2.68031e-06
-2.32659e-06
-2.04864e-06
-1.93535e-06
-2.09563e-06
-2.63347e-06
-3.58551e-06
-4.71857e-06
-5.77649e-06
-6.63989e-06
-7.24483e-06
-7.54624e-06
-7.52105e-06
-7.15826e-06
-6.46134e-06
-5.45102e-06
-4.16702e-06
-2.66849e-06
-1.03292e-06
6.46055e-07
2.26132e-06
3.69551e-06
4.82564e-06
5.5305e-06
5.70475e-06
5.27869e-06
4.2456e-06
2.6879e-06
7.89193e-07
-8.16833e-06
-7.95468e-06
-7.64846e-06
-7.27353e-06
-6.8625e-06
-6.44439e-06
-6.0421e-06
-5.666e-06
-5.31807e-06
-4.99395e-06
-4.68504e-06
-4.37854e-06
-4.06438e-06
-3.73373e-06
-3.38244e-06
-3.01386e-06
-2.64086e-06
-2.29791e-06
-2.03162e-06
-1.92765e-06
-2.09105e-06
-2.61857e-06
-3.54635e-06
-4.65221e-06
-5.68468e-06
-6.52651e-06
-7.11741e-06
-7.41274e-06
-7.39207e-06
-7.04773e-06
-6.38746e-06
-5.43686e-06
-4.24042e-06
-2.86133e-06
-1.37975e-06
1.10292e-07
1.50503e-06
2.69632e-06
3.57885e-06
4.06062e-06
4.07509e-06
3.59727e-06
2.65656e-06
1.34263e-06
-2.01693e-07
-7.77565e-06
-7.60523e-06
-7.36174e-06
-7.05546e-06
-6.70612e-06
-6.33642e-06
-5.9665e-06
-5.6086e-06
-5.26795e-06
-4.94539e-06
-4.63313e-06
-4.32294e-06
-4.00639e-06
-3.67584e-06
-3.328e-06
-2.96676e-06
-2.60477e-06
-2.27594e-06
-2.02464e-06
-1.93253e-06
-2.1005e-06
-2.61685e-06
-3.51643e-06
-4.5902e-06
-5.5926e-06
-6.40887e-06
-6.98324e-06
-7.27161e-06
-7.25756e-06
-6.93699e-06
-6.32213e-06
-5.44335e-06
-4.34925e-06
-3.10563e-06
-1.79295e-06
-5.02134e-07
6.70818e-07
1.63168e-06
2.29627e-06
2.59981e-06
2.50675e-06
2.01924e-06
1.18066e-06
7.18692e-08
-1.19988e-06
-7.3667e-06
-7.23126e-06
-7.03825e-06
-6.7909e-06
-6.49985e-06
-6.18064e-06
-5.84903e-06
-5.51714e-06
-5.1921e-06
-4.87629e-06
-4.56627e-06
-4.25657e-06
-3.94097e-06
-3.6136e-06
-3.27243e-06
-2.92212e-06
-2.57506e-06
-2.26446e-06
-2.03217e-06
-1.95485e-06
-2.12891e-06
-2.63314e-06
-3.49974e-06
-4.53569e-06
-5.50211e-06
-6.28848e-06
-6.84476e-06
-7.12539e-06
-7.12065e-06
-6.83028e-06
-6.27077e-06
-5.47666e-06
-4.4994e-06
-3.40535e-06
-2.27238e-06
-1.18484e-06
-2.27298e-07
5.22523e-07
1.00133e-06
1.16723e-06
1.00577e-06
5.32849e-07
-2.06815e-07
-1.14639e-06
-2.20659e-06
-6.93675e-06
-6.83064e-06
-6.67882e-06
-6.48126e-06
-6.24279e-06
-5.9729e-06
-5.68295e-06
-5.38314e-06
-5.08073e-06
-4.77923e-06
-4.47837e-06
-4.17512e-06
-3.86573e-06
-3.54643e-06
-3.21668e-06
-2.88219e-06
-2.55506e-06
-2.26764e-06
-2.05898e-06
-1.99973e-06
-2.18136e-06
-2.67231e-06
-3.50076e-06
-4.49202e-06
-5.41653e-06
-6.16643e-06
-6.70322e-06
-6.97745e-06
-6.98576e-06
-6.73291e-06
-6.23946e-06
-5.54287e-06
-4.69559e-06
-3.76203e-06
-2.81452e-06
-1.92787e-06
-1.17314e-06
-6.11223e-07
-2.86742e-07
-2.25056e-07
-4.27868e-07
-8.74365e-07
-1.52457e-06
-2.3259e-06
-3.22007e-06
-6.48345e-06
-6.40274e-06
-6.28535e-06
-6.12987e-06
-5.93781e-06
-5.7143e-06
-5.46677e-06
-5.20291e-06
-4.92907e-06
-4.64923e-06
-4.36494e-06
-4.07531e-06
-3.77892e-06
-3.47412e-06
-3.16198e-06
-2.84942e-06
-2.54819e-06
-2.28958e-06
-2.1096e-06
-2.07185e-06
-2.26226e-06
-2.73854e-06
-3.52303e-06
-4.46051e-06
-5.34218e-06
-6.05066e-06
-6.55394e-06
-6.82763e-06
-6.8569e-06
-6.65042e-06
-6.23396e-06
-5.64683e-06
-4.94011e-06
-4.17365e-06
-3.4117e-06
-2.71769e-06
-2.14878e-06
-1.75106e-06
-1.55244e-06
-1.56911e-06
-1.79595e-06
-2.21222e-06
-2.78489e-06
-3.47383e-06
-4.23633e-06
-6.00773e-06
-5.94962e-06
-5.86171e-06
-5.74221e-06
-5.59087e-06
-5.41e-06
-5.20401e-06
-4.97814e-06
-4.7374e-06
-4.48555e-06
-4.22507e-06
-3.95662e-06
-3.68078e-06
-3.39785e-06
-3.11042e-06
-2.82665e-06
-2.55788e-06
-2.33387e-06
-2.18764e-06
-2.1747e-06
-2.37444e-06
-2.8345e-06
-3.56932e-06
-4.44463e-06
-5.2763e-06
-5.94069e-06
-6.40718e-06
-6.68159e-06
-6.73872e-06
-6.58764e-06
-6.25817e-06
-5.79013e-06
-5.2308e-06
-4.63301e-06
-4.05122e-06
-3.53675e-06
-3.13351e-06
-2.87441e-06
-2.7806e-06
-2.85732e-06
-3.09813e-06
-3.48527e-06
-3.99288e-06
-4.59099e-06
-5.24842e-06
-5.51386e-06
-5.47637e-06
-5.41441e-06
-5.32628e-06
-5.21094e-06
-5.06901e-06
-4.90282e-06
-4.71562e-06
-4.51108e-06
-4.29234e-06
-4.06218e-06
-3.82224e-06
-3.57455e-06
-3.3211e-06
-3.06572e-06
-2.81761e-06
-2.58772e-06
-2.40361e-06
-2.29547e-06
-2.30992e-06
-2.5187e-06
-2.96024e-06
-3.63852e-06
-4.44405e-06
-5.21366e-06
-5.83061e-06
-6.27315e-06
-6.54756e-06
-6.63695e-06
-6.54909e-06
-6.31384e-06
-5.97009e-06
-5.55958e-06
-5.12642e-06
-4.71445e-06
-4.3636e-06
-4.10652e-06
-3.96627e-06
-3.95662e-06
-4.0798e-06
-4.32941e-06
-4.69129e-06
-5.1459e-06
-5.67133e-06
-6.24498e-06
-5.00895e-06
-4.99099e-06
-4.95281e-06
-4.89293e-06
-4.81003e-06
-4.70388e-06
-4.57552e-06
-4.42687e-06
-4.26045e-06
-4.07868e-06
-3.88425e-06
-3.67933e-06
-3.46679e-06
-3.24996e-06
-3.03347e-06
-2.8272e-06
-2.64164e-06
-2.50144e-06
-2.43425e-06
-2.47731e-06
-2.69318e-06
-3.11261e-06
-3.72989e-06
-4.4582e-06
-5.15868e-06
-5.72801e-06
-6.14853e-06
-6.42682e-06
-6.55385e-06
-6.53494e-06
-6.39821e-06
-6.17902e-06
-5.91243e-06
-5.63389e-06
-5.37707e-06
-5.17177e-06
-5.04137e-06
-5.00143e-06
-5.06111e-06
-5.22183e-06
-5.47848e-06
-5.82049e-06
-6.23351e-06
-6.70183e-06
-7.20935e-06
-4.50385e-06
-4.505e-06
-4.48971e-06
-4.45652e-06
-4.4038e-06
-4.33101e-06
-4.23869e-06
-4.12805e-06
-4.00074e-06
-3.85854e-06
-3.70385e-06
-3.5391e-06
-3.36747e-06
-3.19308e-06
-3.02095e-06
-2.86118e-06
-2.72382e-06
-2.62955e-06
-2.60362e-06
-2.67432e-06
-2.89322e-06
-3.28679e-06
-3.84123e-06
-4.48545e-06
-5.11165e-06
-5.63494e-06
-6.03631e-06
-6.32197e-06
-6.48882e-06
-6.5418e-06
-6.50103e-06
-6.40211e-06
-6.26912e-06
-6.13011e-06
-6.01021e-06
-5.93107e-06
-5.90896e-06
-5.95356e-06
-6.07122e-06
-6.26445e-06
-6.52896e-06
-6.85714e-06
-7.23904e-06
-7.6639e-06
-8.12048e-06
-4.01475e-06
-4.03494e-06
-4.04264e-06
-4.03565e-06
-4.01181e-06
-3.97067e-06
-3.91289e-06
-3.83945e-06
-3.75145e-06
-3.65012e-06
-3.53748e-06
-3.41614e-06
-3.28928e-06
-3.1612e-06
-3.0368e-06
-2.92559e-06
-2.83741e-06
-2.78862e-06
-2.8009e-06
-2.89525e-06
-3.11254e-06
-3.47665e-06
-3.96644e-06
-4.52338e-06
-5.07344e-06
-5.55227e-06
-5.93681e-06
-6.23146e-06
-6.43781e-06
-6.5596e-06
-6.61396e-06
-6.61996e-06
-6.6054e-06
-6.58768e-06
-6.58259e-06
-6.60798e-06
-6.67649e-06
-6.79694e-06
-6.96327e-06
-7.18619e-06
-7.46033e-06
-7.78062e-06
-8.14124e-06
-8.53507e-06
-8.9543e-06
-3.55825e-06
-3.60029e-06
-3.6328e-06
-3.65196e-06
-3.65622e-06
-3.64568e-06
-3.62137e-06
-3.58417e-06
-3.53474e-06
-3.47412e-06
-3.40395e-06
-3.3269e-06
-3.24566e-06
-3.16446e-06
-3.08797e-06
-3.02534e-06
-2.98351e-06
-2.97544e-06
-3.01968e-06
-3.13294e-06
-3.34344e-06
-3.67218e-06
-4.09648e-06
-4.56847e-06
-5.04402e-06
-5.47838e-06
-5.84631e-06
-6.1476e-06
-6.38731e-06
-6.56899e-06
-6.70256e-06
-6.8042e-06
-6.89201e-06
-6.98054e-06
-7.06909e-06
-7.17336e-06
-7.30707e-06
-7.48305e-06
-7.70761e-06
-7.96512e-06
-8.25434e-06
-8.57278e-06
-8.92106e-06
-9.29468e-06
-9.68851e-06
-3.16275e-06
-3.22873e-06
-3.28467e-06
-3.32847e-06
-3.35967e-06
-3.3788e-06
-3.38674e-06
-3.38407e-06
-3.37111e-06
-3.34893e-06
-3.31898e-06
-3.28665e-06
-3.24979e-06
-3.21303e-06
-3.18157e-06
-3.15982e-06
-3.15741e-06
-3.18343e-06
-3.25188e-06
-3.37581e-06
-3.57224e-06
-3.85925e-06
-4.21976e-06
-4.61489e-06
-5.02075e-06
-5.40911e-06
-5.75758e-06
-6.06119e-06
-6.32463e-06
-6.55199e-06
-6.74852e-06
-6.92264e-06
-7.08613e-06
-7.24861e-06
-7.42357e-06
-7.60701e-06
-7.81104e-06
-8.04083e-06
-8.29623e-06
-8.57587e-06
-8.88012e-06
-9.20894e-06
-9.55785e-06
-9.92492e-06
-1.03071e-05
-2.86072e-06
-2.94908e-06
-3.02714e-06
-3.09438e-06
-3.15112e-06
-3.19774e-06
-3.23609e-06
-3.26498e-06
-3.28557e-06
-3.29869e-06
-3.30572e-06
-3.30539e-06
-3.304e-06
-3.30368e-06
-3.30775e-06
-3.32078e-06
-3.34912e-06
-3.39967e-06
-3.48164e-06
-3.60476e-06
-3.78027e-06
-4.02235e-06
-4.32242e-06
-4.65104e-06
-4.99313e-06
-5.33448e-06
-5.65922e-06
-5.96091e-06
-6.2401e-06
-6.49887e-06
-6.74018e-06
-6.96878e-06
-7.19027e-06
-7.4102e-06
-7.63818e-06
-7.8813e-06
-8.13682e-06
-8.40764e-06
-8.69598e-06
-9.00225e-06
-9.32612e-06
-9.66675e-06
-1.00227e-05
-1.03922e-05
-1.07733e-05
-2.65154e-06
-2.7583e-06
-2.86099e-06
-2.95152e-06
-3.0318e-06
-3.10316e-06
-3.16443e-06
-3.21786e-06
-3.26382e-06
-3.30289e-06
-3.33606e-06
-3.36477e-06
-3.39127e-06
-3.41769e-06
-3.44681e-06
-3.48207e-06
-3.52796e-06
-3.58959e-06
-3.67365e-06
-3.78763e-06
-3.93816e-06
-4.13782e-06
-4.38734e-06
-4.66334e-06
-4.9499e-06
-5.24642e-06
-5.54389e-06
-5.83501e-06
-6.11774e-06
-6.39361e-06
-6.66473e-06
-6.93289e-06
-7.20041e-06
-7.47216e-06
-7.73968e-06
-8.02061e-06
-8.3134e-06
-8.61793e-06
-8.93518e-06
-9.26591e-06
-9.61023e-06
-9.96754e-06
-1.03369e-05
-1.07171e-05
-1.11069e-05
-2.55028e-06
-2.68152e-06
-2.79532e-06
-2.90147e-06
-2.99849e-06
-3.08586e-06
-3.16417e-06
-3.23417e-06
-3.29647e-06
-3.35183e-06
-3.40123e-06
-3.44589e-06
-3.48743e-06
-3.52768e-06
-3.56891e-06
-3.61385e-06
-3.66572e-06
-3.72907e-06
-3.80796e-06
-3.90902e-06
-4.04159e-06
-4.20864e-06
-4.41361e-06
-4.6481e-06
-4.89898e-06
-5.16082e-06
-5.43161e-06
-5.70605e-06
-5.98188e-06
-6.25974e-06
-6.5406e-06
-6.82439e-06
-7.11104e-06
-7.40144e-06
-7.71082e-06
-8.02432e-06
-8.34576e-06
-8.6774e-06
-9.01984e-06
-9.3734e-06
-9.73807e-06
-1.01136e-05
-1.04995e-05
-1.08949e-05
-1.12992e-05
-2.48199e-06
-2.62399e-06
-2.75415e-06
-2.87354e-06
-2.98252e-06
-3.08146e-06
-3.17092e-06
-3.25149e-06
-3.32389e-06
-3.38889e-06
-3.44745e-06
-3.50071e-06
-3.55006e-06
-3.59709e-06
-3.64377e-06
-3.69241e-06
-3.74578e-06
-3.80754e-06
-3.88139e-06
-3.97291e-06
-4.09052e-06
-4.24002e-06
-4.41925e-06
-4.62237e-06
-4.84748e-06
-5.08698e-06
-5.33933e-06
-5.60195e-06
-5.87286e-06
-6.15129e-06
-6.43693e-06
-6.73e-06
-7.03124e-06
-7.3396e-06
-7.65938e-06
-7.98853e-06
-8.32787e-06
-8.67785e-06
-9.03855e-06
-9.41e-06
-9.79211e-06
-1.01847e-05
-1.05873e-05
-1.09995e-05
-1.14203e-05
-2.43523e-06
-2.5881e-06
-2.72859e-06
-2.85722e-06
-2.97463e-06
-3.08135e-06
-3.17799e-06
-3.26517e-06
-3.34363e-06
-3.41418e-06
-3.4778e-06
-3.53561e-06
-3.58894e-06
-3.63931e-06
-3.68854e-06
-3.73878e-06
-3.79262e-06
-3.85324e-06
-3.92443e-06
-4.01102e-06
-4.11925e-06
-4.25503e-06
-4.41864e-06
-4.60487e-06
-4.81094e-06
-5.03415e-06
-5.27261e-06
-5.52443e-06
-5.78812e-06
-6.06288e-06
-6.34842e-06
-6.64467e-06
-6.95146e-06
-7.2697e-06
-7.59916e-06
-7.93992e-06
-8.29216e-06
-8.65584e-06
-9.03086e-06
-9.41713e-06
-9.81443e-06
-1.02224e-05
-1.06406e-05
-1.10683e-05
-1.15048e-05
-2.39212e-06
-2.55377e-06
-2.70225e-06
-2.8381e-06
-2.96195e-06
-3.07444e-06
-3.17621e-06
-3.26796e-06
-3.35047e-06
-3.42466e-06
-3.49156e-06
-3.55232e-06
-3.60829e-06
-3.66098e-06
-3.71216e-06
-3.76393e-06
-3.81873e-06
-3.87954e-06
-3.94984e-06
-4.03383e-06
-4.13689e-06
-4.2648e-06
-4.41833e-06
-4.59289e-06
-4.78636e-06
-4.9976e-06
-5.22536e-06
-5.46852e-06
-5.7261e-06
-5.99743e-06
-6.28205e-06
-6.57955e-06
-6.88973e-06
-7.21289e-06
-7.54884e-06
-7.89753e-06
-8.25885e-06
-8.63266e-06
-9.01873e-06
-9.41679e-06
-9.82646e-06
-1.02473e-05
-1.06787e-05
-1.112e-05
-1.15706e-05
-2.34821e-06
-2.51733e-06
-2.67249e-06
-2.81427e-06
-2.94336e-06
-3.06046e-06
-3.16628e-06
-3.26161e-06
-3.34733e-06
-3.42442e-06
-3.49398e-06
-3.55722e-06
-3.61554e-06
-3.67045e-06
-3.72375e-06
-3.77747e-06
-3.83397e-06
-3.89602e-06
-3.96687e-06
-4.05035e-06
-4.15119e-06
-4.27465e-06
-4.42162e-06
-4.58834e-06
-4.77337e-06
-4.97638e-06
-5.19666e-06
-5.43343e-06
-5.68593e-06
-5.95369e-06
-6.23632e-06
-6.53349e-06
-6.84501e-06
-7.17085e-06
-7.51086e-06
-7.86486e-06
-8.23262e-06
-8.61388e-06
-9.00833e-06
-9.41558e-06
-9.83516e-06
-1.02666e-05
-1.07092e-05
-1.11624e-05
-1.16253e-05
-2.3045e-06
-2.48014e-06
-2.64108e-06
-2.78798e-06
-2.92159e-06
-3.04266e-06
-3.15199e-06
-3.25044e-06
-3.33899e-06
-3.41869e-06
-3.49071e-06
-3.55634e-06
-3.617e-06
-3.67427e-06
-3.72994e-06
-3.78599e-06
-3.84473e-06
-3.90876e-06
-3.98114e-06
-4.06537e-06
-4.16568e-06
-4.28676e-06
-4.42954e-06
-4.5911e-06
-4.77048e-06
-4.96761e-06
-5.1821e-06
-5.41352e-06
-5.66152e-06
-5.92579e-06
-6.20605e-06
-6.50217e-06
-6.81387e-06
-7.14102e-06
-7.48344e-06
-7.84092e-06
-8.21319e-06
-8.59992e-06
-9.00073e-06
-9.41518e-06
-9.84276e-06
-1.02829e-05
-1.07349e-05
-1.11981e-05
-1.16716e-05
-2.26341e-06
-2.44479e-06
-2.61083e-06
-2.76225e-06
-2.89985e-06
-3.02444e-06
-3.13689e-06
-3.23815e-06
-3.32927e-06
-3.41138e-06
-3.48573e-06
-3.55367e-06
-3.61667e-06
-3.67634e-06
-3.73446e-06
-3.793e-06
-3.8542e-06
-3.92053e-06
-3.99488e-06
-4.08045e-06
-4.18108e-06
-4.30094e-06
-4.44093e-06
-4.59883e-06
-4.77396e-06
-4.96644e-06
-5.17619e-06
-5.40316e-06
-5.64725e-06
-5.9083e-06
-6.18621e-06
-6.48082e-06
-6.79195e-06
-7.11946e-06
-7.46318e-06
-7.82289e-06
-8.1983e-06
-8.58904e-06
-8.99471e-06
-9.41483e-06
-9.84884e-06
-1.02961e-05
-1.07559e-05
-1.12275e-05
-1.17101e-05
-2.22692e-06
-2.41338e-06
-2.58391e-06
-2.73931e-06
-2.88041e-06
-3.00809e-06
-3.12328e-06
-3.22703e-06
-3.32044e-06
-3.40474e-06
-3.48122e-06
-3.55129e-06
-3.61647e-06
-3.6784e-06
-3.73886e-06
-3.7998e-06
-3.8634e-06
-3.932e-06
-4.00835e-06
-4.09538e-06
-4.1966e-06
-4.31572e-06
-4.45358e-06
-4.60856e-06
-4.78022e-06
-4.96887e-06
-5.17469e-06
-5.39787e-06
-5.63849e-06
-5.89655e-06
-6.17212e-06
-6.46494e-06
-6.7751e-06
-7.1024e-06
-7.4467e-06
-7.80778e-06
-8.18537e-06
-8.57908e-06
-8.98851e-06
-9.41314e-06
-9.85238e-06
-1.03056e-05
-1.0772e-05
-1.12508e-05
-1.1741e-05
-2.19613e-06
-2.38701e-06
-2.56145e-06
-2.72028e-06
-2.8644e-06
-2.99472e-06
-3.11226e-06
-3.21812e-06
-3.31349e-06
-3.39965e-06
-3.47797e-06
-3.54989e-06
-3.61698e-06
-3.68089e-06
-3.74342e-06
-3.80648e-06
-3.87221e-06
-3.94283e-06
-4.02096e-06
-4.10928e-06
-4.21103e-06
-4.32951e-06
-4.46551e-06
-4.61797e-06
-4.78667e-06
-4.97202e-06
-5.17443e-06
-5.39427e-06
-5.63176e-06
-5.88706e-06
-6.16024e-06
-6.45122e-06
-6.76022e-06
-7.08701e-06
-7.43144e-06
-7.79335e-06
-8.17248e-06
-8.56847e-06
-8.98089e-06
-9.4092e-06
-9.85283e-06
-1.03111e-05
-1.07831e-05
-1.12682e-05
-1.17653e-05
-2.17124e-06
-2.36592e-06
-2.54369e-06
-2.70543e-06
-2.85205e-06
-2.98456e-06
-3.10402e-06
-3.2116e-06
-3.30856e-06
-3.39623e-06
-3.47603e-06
-3.54946e-06
-3.6181e-06
-3.68365e-06
-3.74789e-06
-3.81271e-06
-3.8802e-06
-3.95248e-06
-4.03205e-06
-4.12136e-06
-4.22344e-06
-4.3412e-06
-4.47545e-06
-4.62564e-06
-4.79166e-06
-4.97406e-06
-5.17343e-06
-5.39027e-06
-5.62492e-06
-5.87765e-06
-6.14861e-06
-6.438e-06
-6.74552e-06
-7.0716e-06
-7.41592e-06
-7.77834e-06
-8.15862e-06
-8.55643e-06
-8.97132e-06
-9.40277e-06
-9.85018e-06
-1.03128e-05
-1.07899e-05
-1.12806e-05
-1.17838e-05
-2.15188e-06
-2.34978e-06
-2.53034e-06
-2.69447e-06
-2.84313e-06
-2.97738e-06
-3.09834e-06
-3.20726e-06
-3.30543e-06
-3.39424e-06
-3.47516e-06
-3.54973e-06
-3.61958e-06
-3.68639e-06
-3.75196e-06
-3.81817e-06
-3.88703e-06
-3.96059e-06
-4.04123e-06
-4.13122e-06
-4.23338e-06
-4.35029e-06
-4.48283e-06
-4.63086e-06
-4.79441e-06
-4.97413e-06
-5.17075e-06
-5.38487e-06
-5.61693e-06
-5.86728e-06
-6.13616e-06
-6.42382e-06
-6.73026e-06
-7.05546e-06
-7.39952e-06
-7.76227e-06
-8.14347e-06
-8.54279e-06
-8.95982e-06
-9.39403e-06
-9.8448e-06
-1.03114e-05
-1.0793e-05
-1.12887e-05
-1.17975e-05
-2.13739e-06
-2.33799e-06
-2.52085e-06
-2.68691e-06
-2.83718e-06
-2.97277e-06
-3.09486e-06
-3.20474e-06
-3.30378e-06
-3.39339e-06
-3.4751e-06
-3.55048e-06
-3.62119e-06
-3.68892e-06
-3.75547e-06
-3.8227e-06
-3.89256e-06
-3.96706e-06
-4.04844e-06
-4.13881e-06
-4.24082e-06
-4.35676e-06
-4.4876e-06
-4.63356e-06
-4.79479e-06
-4.97205e-06
-5.16617e-06
-5.37781e-06
-5.60751e-06
-5.85566e-06
-6.12264e-06
-6.40868e-06
-6.71391e-06
-7.0384e-06
-7.3822e-06
-7.74517e-06
-8.12714e-06
-8.5278e-06
-8.94672e-06
-9.3834e-06
-9.83721e-06
-1.03074e-05
-1.07932e-05
-1.12936e-05
-1.18075e-05
-2.12703e-06
-2.32986e-06
-2.5146e-06
-2.68219e-06
-2.83371e-06
-2.97028e-06
-3.09318e-06
-3.20372e-06
-3.30331e-06
-3.39344e-06
-3.47564e-06
-3.55154e-06
-3.62281e-06
-3.69116e-06
-3.75839e-06
-3.82632e-06
-3.89688e-06
-3.972e-06
-4.05383e-06
-4.14433e-06
-4.246e-06
-4.36087e-06
-4.49002e-06
-4.634e-06
-4.79306e-06
-4.96805e-06
-5.15987e-06
-5.36925e-06
-5.59678e-06
-5.84294e-06
-6.10816e-06
-6.39273e-06
-6.69685e-06
-7.02064e-06
-7.36416e-06
-7.72733e-06
-8.10998e-06
-8.51183e-06
-8.93248e-06
-9.3714e-06
-9.82799e-06
-1.03015e-05
-1.07911e-05
-1.12957e-05
-1.18144e-05
-2.12005e-06
-2.32472e-06
-2.51099e-06
-2.67977e-06
-2.83222e-06
-2.96951e-06
-3.09293e-06
-3.20387e-06
-3.30378e-06
-3.39417e-06
-3.47664e-06
-3.55281e-06
-3.6244e-06
-3.69312e-06
-3.76076e-06
-3.82914e-06
-3.90014e-06
-3.97564e-06
-4.05768e-06
-4.14812e-06
-4.2493e-06
-4.36305e-06
-4.49054e-06
-4.63262e-06
-4.78964e-06
-4.96253e-06
-5.15224e-06
-5.35954e-06
-5.58509e-06
-5.82944e-06
-6.09305e-06
-6.37628e-06
-6.67939e-06
-7.00252e-06
-7.34578e-06
-7.70912e-06
-8.09239e-06
-8.49532e-06
-8.91754e-06
-9.35852e-06
-9.81766e-06
-1.02942e-05
-1.07873e-05
-1.12959e-05
-1.18189e-05
-2.11575e-06
-2.32198e-06
-2.50943e-06
-2.67915e-06
-2.83229e-06
-2.97005e-06
-3.0938e-06
-3.20494e-06
-3.30496e-06
-3.39543e-06
-3.47796e-06
-3.55423e-06
-3.62594e-06
-3.69483e-06
-3.76269e-06
-3.83131e-06
-3.90255e-06
-3.97822e-06
-4.0603e-06
-4.15054e-06
-4.25114e-06
-4.36374e-06
-4.48961e-06
-4.62988e-06
-4.78501e-06
-4.95596e-06
-5.14372e-06
-5.34912e-06
-5.57287e-06
-5.81556e-06
-6.07771e-06
-6.35973e-06
-6.66191e-06
-6.98445e-06
-7.32747e-06
-7.69096e-06
-8.07479e-06
-8.47871e-06
-8.90236e-06
-9.34522e-06
-9.80669e-06
-1.0286e-05
-1.07823e-05
-1.12945e-05
-1.18216e-05
-2.11353e-06
-2.32106e-06
-2.50944e-06
-2.67991e-06
-2.83352e-06
-2.97157e-06
-3.09547e-06
-3.20666e-06
-3.30665e-06
-3.39706e-06
-3.47953e-06
-3.55574e-06
-3.62743e-06
-3.69634e-06
-3.76426e-06
-3.83297e-06
-3.90429e-06
-3.97999e-06
-4.06197e-06
-4.15191e-06
-4.25187e-06
-4.36334e-06
-4.48767e-06
-4.62625e-06
-4.77962e-06
-4.94879e-06
-5.13478e-06
-5.33845e-06
-5.56056e-06
-5.80176e-06
-6.06259e-06
-6.34351e-06
-6.64485e-06
-6.96685e-06
-7.30965e-06
-7.67327e-06
-8.05761e-06
-8.46244e-06
-8.88737e-06
-9.33195e-06
-9.79554e-06
-1.02774e-05
-1.07766e-05
-1.12921e-05
-1.18228e-05
-2.11294e-06
-2.3215e-06
-2.51064e-06
-2.68169e-06
-2.83558e-06
-2.97381e-06
-3.09774e-06
-3.20886e-06
-3.30873e-06
-3.39898e-06
-3.48128e-06
-3.55733e-06
-3.62889e-06
-3.69771e-06
-3.76558e-06
-3.83425e-06
-3.90553e-06
-3.98115e-06
-4.06294e-06
-4.1525e-06
-4.2518e-06
-4.36214e-06
-4.485e-06
-4.62198e-06
-4.77373e-06
-4.94127e-06
-5.12564e-06
-5.32774e-06
-5.54837e-06
-5.78821e-06
-6.04786e-06
-6.32779e-06
-6.62838e-06
-6.94989e-06
-7.29249e-06
-7.65624e-06
-8.04104e-06
-8.44668e-06
-8.87278e-06
-9.31892e-06
-9.78443e-06
-1.02685e-05
-1.07704e-05
-1.12889e-05
-1.18229e-05
-2.11366e-06
-2.32313e-06
-2.51292e-06
-2.68436e-06
-2.83847e-06
-2.97673e-06
-3.10062e-06
-3.21157e-06
-3.31122e-06
-3.40123e-06
-3.48326e-06
-3.55907e-06
-3.6304e-06
-3.69904e-06
-3.76675e-06
-3.83529e-06
-3.90644e-06
-3.98188e-06
-4.06339e-06
-4.1525e-06
-4.25107e-06
-4.36027e-06
-4.48164e-06
-4.61705e-06
-4.76722e-06
-4.93316e-06
-5.11597e-06
-5.31656e-06
-5.53577e-06
-5.77433e-06
-6.03284e-06
-6.31183e-06
-6.61168e-06
-6.93272e-06
-7.27513e-06
-7.63899e-06
-8.02423e-06
-8.43064e-06
-8.85788e-06
-9.3055e-06
-9.77285e-06
-1.02592e-05
-1.07636e-05
-1.1285e-05
-1.18222e-05
-2.11522e-06
-2.32552e-06
-2.5159e-06
-2.68772e-06
-2.84204e-06
-2.98029e-06
-3.10402e-06
-3.21473e-06
-3.31406e-06
-3.40367e-06
-3.48535e-06
-3.56082e-06
-3.63187e-06
-3.70026e-06
-3.76776e-06
-3.83612e-06
-3.90708e-06
-3.98229e-06
-4.06349e-06
-4.15213e-06
-4.24999e-06
-4.35806e-06
-4.47797e-06
-4.61182e-06
-4.76041e-06
-4.92475e-06
-5.10596e-06
-5.30501e-06
-5.52275e-06
-5.75994e-06
-6.01724e-06
-6.29523e-06
-6.59435e-06
-6.91491e-06
-7.25712e-06
-7.62108e-06
-8.00675e-06
-8.41394e-06
-8.8423e-06
-9.29139e-06
-9.76059e-06
-1.02491e-05
-1.0756e-05
-1.12803e-05
-1.18207e-05
-2.64244e-06
-8.87435e-06
-1.02935e-05
-1.1159e-05
-1.21072e-05
-1.31135e-05
-1.41631e-05
-1.52458e-05
-1.63537e-05
-1.7483e-05
-1.86319e-05
-1.98027e-05
-2.10046e-05
-2.22579e-05
-2.36051e-05
-1.0332e-06
-6.52225e-06
-8.93522e-06
-1.04493e-05
-1.17238e-05
-1.28932e-05
-1.40302e-05
-1.51636e-05
-1.63024e-05
-1.74507e-05
-1.86113e-05
-1.9789e-05
-2.09947e-05
-2.22494e-05
-2.3596e-05
-2.18358e-07
-5.08215e-06
-7.95104e-06
-9.85309e-06
-1.13685e-05
-1.26822e-05
-1.39029e-05
-1.5086e-05
-1.62549e-05
-1.74215e-05
-1.8593e-05
-1.9777e-05
-2.09856e-05
-2.22411e-05
-2.35863e-05
-1.57857e-07
-4.28904e-06
-7.23604e-06
-9.35819e-06
-1.1047e-05
-1.24844e-05
-1.37842e-05
-1.50155e-05
-1.62135e-05
-1.73973e-05
-1.85787e-05
-1.97677e-05
-2.09782e-05
-2.22334e-05
-2.35764e-05
-4.47422e-07
-3.75843e-06
-6.61274e-06
-8.87071e-06
-1.07067e-05
-1.22655e-05
-1.36511e-05
-1.49374e-05
-1.6169e-05
-1.73726e-05
-1.85648e-05
-1.97589e-05
-2.0971e-05
-2.22251e-05
-2.35648e-05
-8.08483e-07
-3.51823e-06
-6.12645e-06
-8.40071e-06
-1.03381e-05
-1.20079e-05
-1.3485e-05
-1.48362e-05
-1.61101e-05
-1.73393e-05
-1.85459e-05
-1.9747e-05
-2.09613e-05
-2.22142e-05
-2.35498e-05
-1.28101e-06
-3.5165e-06
-5.82287e-06
-8.00404e-06
-9.97088e-06
-1.17183e-05
-1.32791e-05
-1.47001e-05
-1.60247e-05
-1.72875e-05
-1.85143e-05
-1.97262e-05
-2.09447e-05
-2.21973e-05
-2.35289e-05
-1.8779e-06
-3.72613e-06
-5.72477e-06
-7.73687e-06
-9.65496e-06
-1.14267e-05
-1.30445e-05
-1.45273e-05
-1.59049e-05
-1.72073e-05
-1.84607e-05
-1.96886e-05
-2.0915e-05
-2.21695e-05
-2.34978e-05
-2.57628e-06
-4.11346e-06
-5.82728e-06
-7.63274e-06
-9.43858e-06
-1.1176e-05
-1.28092e-05
-1.43312e-05
-1.57531e-05
-1.70947e-05
-1.83782e-05
-1.96265e-05
-2.08649e-05
-2.21244e-05
-2.34511e-05
-3.35235e-06
-4.64147e-06
-6.10603e-06
-7.69806e-06
-9.35248e-06
-1.10052e-05
-1.26085e-05
-1.41365e-05
-1.55828e-05
-1.69543e-05
-1.82655e-05
-1.95356e-05
-2.07886e-05
-2.20557e-05
-2.33828e-05
-4.18574e-06
-5.27637e-06
-6.52907e-06
-7.91937e-06
-9.40609e-06
-1.09394e-05
-1.24725e-05
-1.39706e-05
-1.54145e-05
-1.67985e-05
-1.8128e-05
-1.94161e-05
-2.06834e-05
-2.19592e-05
-2.32878e-05
-5.05936e-06
-5.98996e-06
-7.0648e-06
-8.27338e-06
-9.59225e-06
-1.09874e-05
-1.24203e-05
-1.38561e-05
-1.52684e-05
-1.66429e-05
-1.79756e-05
-1.92729e-05
-2.05501e-05
-2.1833e-05
-2.31625e-05
-5.95737e-06
-6.75811e-06
-7.68439e-06
-8.73358e-06
-9.89402e-06
-1.1145e-05
-1.24592e-05
-1.38067e-05
-1.51608e-05
-1.65019e-05
-1.78195e-05
-1.9113e-05
-2.03921e-05
-2.16775e-05
-2.30051e-05
-6.86245e-06
-7.55767e-06
-8.36041e-06
-9.27229e-06
-1.02889e-05
-1.13993e-05
-1.25862e-05
-1.3828e-05
-1.51017e-05
-1.6387e-05
-1.76698e-05
-1.89442e-05
-2.0214e-05
-2.14944e-05
-2.28152e-05
-7.75401e-06
-8.36405e-06
-9.06502e-06
-9.86057e-06
-1.07505e-05
-1.17302e-05
-1.27906e-05
-1.3918e-05
-1.50955e-05
-1.6306e-05
-1.75351e-05
-1.87738e-05
-2.00214e-05
-2.12871e-05
-2.25935e-05
-8.60834e-06
-9.15084e-06
-9.76945e-06
-1.04685e-05
-1.125e-05
-1.21134e-05
-1.30549e-05
-1.40677e-05
-1.51412e-05
-1.62635e-05
-1.74226e-05
-1.86094e-05
-1.98204e-05
-2.10598e-05
-2.23425e-05
-9.39957e-06
-9.89024e-06
-1.04441e-05
-1.10656e-05
-1.17574e-05
-1.25212e-05
-1.33569e-05
-1.42622e-05
-1.52322e-05
-1.62605e-05
-1.73386e-05
-1.84595e-05
-1.96195e-05
-2.08191e-05
-2.20672e-05
-1.01042e-05
-1.05576e-05
-1.10629e-05
-1.16244e-05
-1.22451e-05
-1.29276e-05
-1.36734e-05
-1.44836e-05
-1.53569e-05
-1.62938e-05
-1.72872e-05
-1.83335e-05
-1.94303e-05
-2.05773e-05
-2.17786e-05
-1.07064e-05
-1.11363e-05
-1.16085e-05
-1.21266e-05
-1.26941e-05
-1.3314e-05
-1.39892e-05
-1.47218e-05
-1.55135e-05
-1.63627e-05
-1.72721e-05
-1.82405e-05
-1.92671e-05
-2.03517e-05
-2.14955e-05
-1.11689e-05
-1.15901e-05
-1.20461e-05
-1.25395e-05
-1.30732e-05
-1.36501e-05
-1.42734e-05
-1.49459e-05
-1.56706e-05
-1.64501e-05
-1.72871e-05
-1.81832e-05
-1.91397e-05
-2.01572e-05
-2.12346e-05
-1.15088e-05
-1.19322e-05
-1.23844e-05
-1.28677e-05
-1.33843e-05
-1.39368e-05
-1.45281e-05
-1.51619e-05
-1.58414e-05
-1.65696e-05
-1.73499e-05
-1.81851e-05
-1.90774e-05
-2.00282e-05
-2.10365e-05
-1.1715e-05
-1.21497e-05
-1.26089e-05
-1.30946e-05
-1.36087e-05
-1.41533e-05
-1.47312e-05
-1.53457e-05
-1.59999e-05
-1.66962e-05
-1.74377e-05
-1.8228e-05
-1.9071e-05
-1.99661e-05
-2.09096e-05
-1.18519e-05
-1.23005e-05
-1.27709e-05
-1.32644e-05
-1.37826e-05
-1.43275e-05
-1.49012e-05
-1.55061e-05
-1.61486e-05
-1.68263e-05
-1.75419e-05
-1.8298e-05
-1.90997e-05
-1.9954e-05
-2.08489e-05
-1.19518e-05
-1.2415e-05
-1.2898e-05
-1.34015e-05
-1.39263e-05
-1.44741e-05
-1.50462e-05
-1.56504e-05
-1.62873e-05
-1.69524e-05
-1.76517e-05
-1.8384e-05
-1.91493e-05
-1.99564e-05
-2.081e-05
-1.20319e-05
-1.25083e-05
-1.30029e-05
-1.35164e-05
-1.40497e-05
-1.46044e-05
-1.51821e-05
-1.57856e-05
-1.64108e-05
-1.70625e-05
-1.77432e-05
-1.84543e-05
-1.91971e-05
-1.99737e-05
-2.07851e-05
-1.20992e-05
-1.25876e-05
-1.30931e-05
-1.36161e-05
-1.4157e-05
-1.47167e-05
-1.52962e-05
-1.58965e-05
-1.65177e-05
-1.71616e-05
-1.78296e-05
-1.85229e-05
-1.92424e-05
-1.99892e-05
-2.07647e-05
-1.21563e-05
-1.26551e-05
-1.317e-05
-1.37009e-05
-1.42482e-05
-1.48124e-05
-1.5394e-05
-1.59935e-05
-1.66111e-05
-1.72478e-05
-1.79044e-05
-1.85818e-05
-1.92806e-05
-2.00017e-05
-2.07459e-05
-1.2204e-05
-1.27118e-05
-1.32346e-05
-1.37726e-05
-1.43256e-05
-1.48938e-05
-1.54773e-05
-1.60763e-05
-1.66908e-05
-1.73212e-05
-1.7968e-05
-1.86317e-05
-1.93126e-05
-2.00112e-05
-2.0728e-05
-1.2243e-05
-1.27586e-05
-1.32886e-05
-1.38327e-05
-1.43909e-05
-1.49627e-05
-1.55481e-05
-1.61469e-05
-1.67588e-05
-1.73841e-05
-1.80226e-05
-1.86746e-05
-1.934e-05
-2.00191e-05
-2.07119e-05
-1.22744e-05
-1.27969e-05
-1.33333e-05
-1.38832e-05
-1.4446e-05
-1.50213e-05
-1.56086e-05
-1.62076e-05
-1.68177e-05
-1.74387e-05
-1.80703e-05
-1.87124e-05
-1.93645e-05
-2.00269e-05
-2.06989e-05
-1.22994e-05
-1.28282e-05
-1.33705e-05
-1.39256e-05
-1.44929e-05
-1.50716e-05
-1.5661e-05
-1.62605e-05
-1.68693e-05
-1.7487e-05
-1.81129e-05
-1.87467e-05
-1.93876e-05
-2.00354e-05
-2.06895e-05
-1.23191e-05
-1.28537e-05
-1.34015e-05
-1.39616e-05
-1.45331e-05
-1.51151e-05
-1.57067e-05
-1.6307e-05
-1.69152e-05
-1.75303e-05
-1.81516e-05
-1.87784e-05
-1.94097e-05
-2.00452e-05
-2.06838e-05
-1.23345e-05
-1.28746e-05
-1.34274e-05
-1.39922e-05
-1.45677e-05
-1.5153e-05
-1.57469e-05
-1.63484e-05
-1.69562e-05
-1.75695e-05
-1.81871e-05
-1.8808e-05
-1.94313e-05
-2.00561e-05
-2.06813e-05
-1.23464e-05
-1.28915e-05
-1.34492e-05
-1.40184e-05
-1.45978e-05
-1.51862e-05
-1.57825e-05
-1.63852e-05
-1.69932e-05
-1.76051e-05
-1.82196e-05
-1.88358e-05
-1.94521e-05
-2.00679e-05
-2.06814e-05
-1.23556e-05
-1.29054e-05
-1.34675e-05
-1.40408e-05
-1.46239e-05
-1.52154e-05
-1.58139e-05
-1.64181e-05
-1.70263e-05
-1.76373e-05
-1.82495e-05
-1.88616e-05
-1.94721e-05
-2.008e-05
-2.06835e-05
-1.23625e-05
-1.29166e-05
-1.34829e-05
-1.406e-05
-1.46465e-05
-1.5241e-05
-1.58418e-05
-1.64474e-05
-1.70561e-05
-1.76664e-05
-1.82767e-05
-1.88854e-05
-1.9491e-05
-2.00922e-05
-2.0687e-05
-1.23676e-05
-1.29257e-05
-1.34957e-05
-1.40764e-05
-1.46661e-05
-1.52633e-05
-1.58663e-05
-1.64733e-05
-1.70826e-05
-1.76926e-05
-1.83013e-05
-1.89073e-05
-1.95086e-05
-2.01041e-05
-2.06913e-05
-1.23714e-05
-1.2933e-05
-1.35065e-05
-1.40904e-05
-1.46831e-05
-1.52828e-05
-1.58878e-05
-1.64963e-05
-1.71063e-05
-1.7716e-05
-1.83236e-05
-1.89272e-05
-1.9525e-05
-2.01155e-05
-2.06962e-05
-1.2374e-05
-1.29391e-05
-1.3516e-05
-1.41031e-05
-1.46986e-05
-1.53009e-05
-1.5908e-05
-1.65179e-05
-1.71286e-05
-1.77383e-05
-1.83449e-05
-1.89464e-05
-1.95409e-05
-2.0127e-05
-2.07017e-05
-1.2376e-05
-1.29446e-05
-1.35248e-05
-1.41151e-05
-1.47136e-05
-1.53184e-05
-1.59275e-05
-1.6539e-05
-1.71506e-05
-1.77603e-05
-1.83659e-05
-1.89656e-05
-1.9557e-05
-2.01385e-05
-2.07075e-05
-3.96745e-06
-3.9624e-06
-3.96298e-06
-3.96836e-06
-3.97796e-06
-3.99143e-06
-4.00875e-06
-4.02993e-06
-4.05443e-06
-4.08305e-06
-4.11623e-06
-4.15441e-06
-4.19807e-06
-4.24769e-06
-4.3036e-06
-4.36602e-06
-4.43492e-06
-4.50995e-06
-4.59043e-06
-4.67513e-06
-4.76196e-06
-4.84795e-06
-4.92671e-06
-4.99013e-06
-5.03169e-06
-5.0453e-06
-5.02536e-06
-4.96775e-06
-4.87097e-06
-4.73701e-06
-4.56741e-06
-4.36795e-06
-4.15379e-06
-3.94267e-06
-3.75088e-06
-3.59344e-06
-3.48407e-06
-3.43091e-06
-3.43417e-06
-3.48566e-06
-3.57004e-06
-3.66819e-06
-3.75878e-06
-3.82099e-06
-3.83852e-06
-3.97011e-06
-3.96555e-06
-3.96558e-06
-3.96894e-06
-3.97511e-06
-3.98401e-06
-3.99546e-06
-4.00956e-06
-4.0271e-06
-4.04793e-06
-4.07244e-06
-4.10114e-06
-4.13455e-06
-4.17322e-06
-4.21772e-06
-4.26861e-06
-4.32636e-06
-4.39127e-06
-4.46316e-06
-4.54131e-06
-4.62429e-06
-4.70952e-06
-4.79016e-06
-4.8577e-06
-4.90585e-06
-4.9289e-06
-4.92155e-06
-4.87986e-06
-4.80195e-06
-4.68835e-06
-4.54248e-06
-4.37473e-06
-4.19741e-06
-4.02141e-06
-3.86162e-06
-3.73373e-06
-3.64874e-06
-3.61152e-06
-3.6198e-06
-3.66458e-06
-3.73201e-06
-3.80654e-06
-3.87386e-06
-3.92226e-06
-3.94621e-06
-3.95916e-06
-3.95681e-06
-3.9577e-06
-3.96088e-06
-3.96599e-06
-3.97301e-06
-3.98203e-06
-3.99312e-06
-4.00658e-06
-4.02274e-06
-4.04202e-06
-4.06493e-06
-4.09208e-06
-4.12416e-06
-4.16194e-06
-4.20634e-06
-4.25836e-06
-4.31913e-06
-4.38971e-06
-4.47101e-06
-4.56351e-06
-4.66658e-06
-4.77341e-06
-4.87301e-06
-4.9564e-06
-5.01512e-06
-5.04112e-06
-5.02812e-06
-4.97269e-06
-4.87497e-06
-4.73688e-06
-4.56905e-06
-4.38411e-06
-4.19719e-06
-4.02508e-06
-3.8839e-06
-3.78613e-06
-3.73812e-06
-3.73873e-06
-3.77956e-06
-3.84699e-06
-3.92532e-06
-4.00014e-06
-4.06245e-06
-4.11031e-06
-3.94155e-06
-3.94266e-06
-3.94492e-06
-3.94822e-06
-3.95245e-06
-3.95772e-06
-3.96412e-06
-3.97187e-06
-3.98127e-06
-3.99275e-06
-4.00681e-06
-4.02407e-06
-4.04529e-06
-4.0714e-06
-4.10358e-06
-4.1433e-06
-4.19245e-06
-4.25341e-06
-4.32909e-06
-4.42287e-06
-4.53831e-06
-4.67781e-06
-4.83407e-06
-4.99085e-06
-5.13393e-06
-5.24995e-06
-5.32623e-06
-5.35364e-06
-5.32682e-06
-5.24503e-06
-5.11365e-06
-4.93989e-06
-4.73798e-06
-4.52524e-06
-4.32115e-06
-4.145e-06
-4.01286e-06
-3.93472e-06
-3.9124e-06
-3.93931e-06
-4.00223e-06
-4.08441e-06
-4.16956e-06
-4.24823e-06
-4.32052e-06
-3.9219e-06
-3.92652e-06
-3.93052e-06
-3.93418e-06
-3.93796e-06
-3.94186e-06
-3.94607e-06
-3.95087e-06
-3.95664e-06
-3.96386e-06
-3.97313e-06
-3.98518e-06
-4.00098e-06
-4.02176e-06
-4.04917e-06
-4.08547e-06
-4.13369e-06
-4.19796e-06
-4.28367e-06
-4.39758e-06
-4.54742e-06
-4.73986e-06
-4.96669e-06
-5.20332e-06
-5.42752e-06
-5.61898e-06
-5.75921e-06
-5.83773e-06
-5.84935e-06
-5.79173e-06
-5.66773e-06
-5.48647e-06
-5.26183e-06
-5.0128e-06
-4.76171e-06
-4.53194e-06
-4.34482e-06
-4.21603e-06
-4.15254e-06
-4.15125e-06
-4.20012e-06
-4.28107e-06
-4.37475e-06
-4.46982e-06
-4.56739e-06
-3.90334e-06
-3.91127e-06
-3.91685e-06
-3.92116e-06
-3.92466e-06
-3.92751e-06
-3.9299e-06
-3.93217e-06
-3.93474e-06
-3.93816e-06
-3.94311e-06
-3.95044e-06
-3.96131e-06
-3.97729e-06
-4.00058e-06
-4.03429e-06
-4.08282e-06
-4.15234e-06
-4.25126e-06
-4.39043e-06
-4.58264e-06
-4.83975e-06
-5.15242e-06
-5.48437e-06
-5.80261e-06
-6.07871e-06
-6.29335e-06
-6.4341e-06
-6.49288e-06
-6.46721e-06
-6.35639e-06
-6.16964e-06
-5.92174e-06
-5.63273e-06
-5.32719e-06
-5.03256e-06
-4.77602e-06
-4.58035e-06
-4.45955e-06
-4.41587e-06
-4.43972e-06
-4.51216e-06
-4.61045e-06
-4.72062e-06
-4.84389e-06
-3.8884e-06
-3.8993e-06
-3.90648e-06
-3.91131e-06
-3.91462e-06
-3.91657e-06
-3.91736e-06
-3.91736e-06
-3.91701e-06
-3.9169e-06
-3.91775e-06
-3.92054e-06
-3.92661e-06
-3.93785e-06
-3.957e-06
-3.98807e-06
-4.03689e-06
-4.11188e-06
-4.22473e-06
-4.39092e-06
-4.6288e-06
-4.9559e-06
-5.36167e-06
-5.79522e-06
-6.21142e-06
-6.58004e-06
-6.88068e-06
-7.09301e-06
-7.20177e-06
-7.20552e-06
-7.10959e-06
-6.9219e-06
-6.65583e-06
-6.33112e-06
-5.9734e-06
-5.61305e-06
-5.28253e-06
-5.01189e-06
-4.82326e-06
-4.72594e-06
-4.71455e-06
-4.77055e-06
-4.86828e-06
-4.99104e-06
-5.1398e-06
-3.87881e-06
-3.89232e-06
-3.90088e-06
-3.90624e-06
-3.90944e-06
-3.9106e-06
-3.90994e-06
-3.90781e-06
-3.90467e-06
-3.9011e-06
-3.89787e-06
-3.89602e-06
-3.89704e-06
-3.90309e-06
-3.91742e-06
-3.94489e-06
-3.99278e-06
-4.07173e-06
-4.19688e-06
-4.38862e-06
-4.67128e-06
-5.06782e-06
-5.56776e-06
-6.10482e-06
-6.62262e-06
-7.08403e-06
-7.4601e-06
-7.73116e-06
-7.88665e-06
-7.92528e-06
-7.84962e-06
-7.66749e-06
-7.39187e-06
-7.04164e-06
-6.64211e-06
-6.22483e-06
-5.82583e-06
-5.48144e-06
-5.22202e-06
-5.06501e-06
-5.01101e-06
-5.04365e-06
-5.13557e-06
-5.26785e-06
-5.44119e-06
-3.87566e-06
-3.89146e-06
-3.90129e-06
-3.90717e-06
-3.91029e-06
-3.91074e-06
-3.9087e-06
-3.90449e-06
-3.89856e-06
-3.89146e-06
-3.88396e-06
-3.87713e-06
-3.87254e-06
-3.87257e-06
-3.8809e-06
-3.90315e-06
-3.94794e-06
-4.02809e-06
-4.16211e-06
-4.37545e-06
-4.69891e-06
-5.15896e-06
-5.74822e-06
-6.38283e-06
-6.99388e-06
-7.53681e-06
-7.97984e-06
-8.30469e-06
-8.50382e-06
-8.57236e-06
-8.51714e-06
-8.34538e-06
-8.0692e-06
-7.70586e-06
-7.27892e-06
-6.81917e-06
-6.36405e-06
-5.95433e-06
-5.62792e-06
-5.41062e-06
-5.31037e-06
-5.31482e-06
-5.39653e-06
-5.53525e-06
-5.73162e-06
-3.87962e-06
-3.89751e-06
-3.90853e-06
-3.91493e-06
-3.91798e-06
-3.91775e-06
-3.91433e-06
-3.90801e-06
-3.89919e-06
-3.88836e-06
-3.87625e-06
-3.8639e-06
-3.85293e-06
-3.84586e-06
-3.84667e-06
-3.86168e-06
-3.90067e-06
-3.97851e-06
-4.11687e-06
-4.34623e-06
-4.70472e-06
-5.2189e-06
-5.88886e-06
-6.611e-06
-7.30368e-06
-7.91644e-06
-8.41616e-06
-8.78542e-06
-9.01805e-06
-9.11337e-06
-9.07787e-06
-8.91981e-06
-8.65062e-06
-8.28551e-06
-7.84529e-06
-7.35841e-06
-6.86167e-06
-6.39826e-06
-6.01272e-06
-5.73841e-06
-5.59146e-06
-5.56507e-06
-5.63332e-06
-5.77577e-06
-5.99335e-06
-3.89105e-06
-3.91095e-06
-3.92313e-06
-3.93005e-06
-3.93306e-06
-3.93214e-06
-3.9273e-06
-3.91876e-06
-3.90685e-06
-3.89198e-06
-3.8748e-06
-3.85629e-06
-3.83803e-06
-3.82261e-06
-3.81426e-06
-3.81982e-06
-3.85011e-06
-3.92183e-06
-4.0596e-06
-4.2982e-06
-4.68279e-06
-5.24594e-06
-5.98385e-06
-6.78186e-06
-7.54396e-06
-8.21474e-06
-8.76009e-06
-9.16405e-06
-9.42286e-06
-9.53959e-06
-9.52196e-06
-9.37922e-06
-9.12208e-06
-8.76344e-06
-8.32082e-06
-7.81936e-06
-7.29367e-06
-6.78753e-06
-6.35216e-06
-6.02583e-06
-5.83341e-06
-5.77505e-06
-5.82762e-06
-5.97149e-06
-6.20843e-06
-3.9101e-06
-3.93204e-06
-3.9454e-06
-3.95288e-06
-3.95586e-06
-3.95421e-06
-3.94787e-06
-3.93695e-06
-3.92168e-06
-3.90239e-06
-3.8796e-06
-3.8542e-06
-3.82768e-06
-3.80265e-06
-3.78348e-06
-3.7774e-06
-3.79615e-06
-3.85807e-06
-3.99055e-06
-4.23209e-06
-4.63223e-06
-5.23942e-06
-6.03394e-06
-6.89541e-06
-7.71534e-06
-8.43328e-06
-9.01448e-06
-9.44495e-06
-9.72389e-06
-9.85758e-06
-9.85569e-06
-9.7284e-06
-9.48554e-06
-9.13771e-06
-8.69903e-06
-8.191e-06
-7.64496e-06
-7.10347e-06
-6.62734e-06
-6.25402e-06
-6.01754e-06
-5.92663e-06
-5.96185e-06
-6.10508e-06
-6.35945e-06
-3.93682e-06
-3.96092e-06
-3.97555e-06
-3.98363e-06
-3.98659e-06
-3.98417e-06
-3.97619e-06
-3.96267e-06
-3.94373e-06
-3.91958e-06
-3.8906e-06
-3.85754e-06
-3.82181e-06
-3.78593e-06
-3.75434e-06
-3.73462e-06
-3.73924e-06
-3.78802e-06
-3.9109e-06
-4.15002e-06
-4.55926e-06
-5.19998e-06
-6.04165e-06
-6.95625e-06
-7.82403e-06
-8.58012e-06
-9.18945e-06
-9.64019e-06
-9.93457e-06
-1.00818e-05
-1.00933e-05
-9.98012e-06
-9.75105e-06
-9.41454e-06
-8.98159e-06
-8.47031e-06
-7.9087e-06
-7.33554e-06
-6.82197e-06
-6.40685e-06
-6.12753e-06
-6.00357e-06
-6.01995e-06
-6.16051e-06
-6.4302e-06
-3.97122e-06
-3.99768e-06
-4.01371e-06
-4.02246e-06
-4.02539e-06
-4.02212e-06
-4.01233e-06
-3.99596e-06
-3.97298e-06
-3.94348e-06
-3.90771e-06
-3.86626e-06
-3.82037e-06
-3.77249e-06
-3.72707e-06
-3.69193e-06
-3.68017e-06
-3.71295e-06
-3.8226e-06
-4.05499e-06
-4.46848e-06
-5.13162e-06
-6.01233e-06
-6.9717e-06
-7.87921e-06
-8.66641e-06
-9.29814e-06
-9.76468e-06
-1.0071e-05
-1.02288e-05
-1.0251e-05
-1.01494e-05
-9.93108e-06
-9.60294e-06
-9.17331e-06
-8.65738e-06
-8.08098e-06
-7.48095e-06
-6.92505e-06
-6.46933e-06
-6.14918e-06
-5.99192e-06
-5.98789e-06
-6.1235e-06
-6.40613e-06
-4.01333e-06
-4.04243e-06
-4.06002e-06
-4.06949e-06
-4.07238e-06
-4.06814e-06
-4.05633e-06
-4.03679e-06
-4.00937e-06
-3.97402e-06
-3.93085e-06
-3.88027e-06
-3.82337e-06
-3.76247e-06
-3.70199e-06
-3.64991e-06
-3.61991e-06
-3.63435e-06
-3.72777e-06
-3.94967e-06
-4.36307e-06
-5.04015e-06
-5.95339e-06
-6.95022e-06
-7.89092e-06
-8.70389e-06
-9.35392e-06
-9.83311e-06
-1.01488e-05
-1.03145e-05
-1.03439e-05
-1.02505e-05
-1.00373e-05
-9.71176e-06
-9.27962e-06
-8.75377e-06
-8.15904e-06
-7.53269e-06
-6.93035e-06
-6.43244e-06
-6.07216e-06
-5.88039e-06
-5.85379e-06
-5.98172e-06
-6.27453e-06
-4.06323e-06
-4.09532e-06
-4.11463e-06
-4.12489e-06
-4.12768e-06
-4.1223e-06
-4.1082e-06
-4.08511e-06
-4.05279e-06
-4.01107e-06
-3.95991e-06
-3.89952e-06
-3.83082e-06
-3.75602e-06
-3.67945e-06
-3.60923e-06
-3.55952e-06
-3.55377e-06
-3.62859e-06
-3.83679e-06
-4.24607e-06
-4.93214e-06
-5.87174e-06
-6.89978e-06
-7.86866e-06
-8.70351e-06
-9.36893e-06
-9.85851e-06
-1.01814e-05
-1.03524e-05
-1.03859e-05
-1.02933e-05
-1.00794e-05
-9.74849e-06
-9.30551e-06
-8.76167e-06
-8.14149e-06
-7.48333e-06
-6.83499e-06
-6.28906e-06
-5.88773e-06
-5.6593e-06
-5.60753e-06
-5.72462e-06
-6.02449e-06
-4.12109e-06
-4.15654e-06
-4.17776e-06
-4.18883e-06
-4.19142e-06
-4.18466e-06
-4.16792e-06
-4.14083e-06
-4.10309e-06
-4.05444e-06
-3.9947e-06
-3.92389e-06
-3.8427e-06
-3.7533e-06
-3.65983e-06
-3.57054e-06
-3.50002e-06
-3.47273e-06
-3.52704e-06
-3.71931e-06
-4.12106e-06
-4.81233e-06
-5.77342e-06
-6.82801e-06
-7.82114e-06
-8.6749e-06
-9.35354e-06
-9.85168e-06
-1.01796e-05
-1.03529e-05
-1.03858e-05
-1.02883e-05
-1.00652e-05
-9.71947e-06
-9.25504e-06
-8.68304e-06
-8.02743e-06
-7.32829e-06
-6.63642e-06
-6.0362e-06
-5.58713e-06
-5.32012e-06
-5.24086e-06
-5.34363e-06
-5.64716e-06
-4.18718e-06
-4.22639e-06
-4.2497e-06
-4.26156e-06
-4.26375e-06
-4.25528e-06
-4.23543e-06
-4.20381e-06
-4.16006e-06
-4.10385e-06
-4.035e-06
-3.95323e-06
-3.85893e-06
-3.75438e-06
-3.64345e-06
-3.53444e-06
-3.44237e-06
-3.39247e-06
-3.42526e-06
-3.59975e-06
-3.99159e-06
-4.68498e-06
-5.66368e-06
-6.74117e-06
-7.75549e-06
-8.62588e-06
-9.31605e-06
-9.82115e-06
-1.0152e-05
-1.03242e-05
-1.03513e-05
-1.02422e-05
-1.0001e-05
-9.62962e-06
-9.13216e-06
-8.5201e-06
-7.81832e-06
-7.06865e-06
-6.32611e-06
-5.66989e-06
-5.16683e-06
-4.85759e-06
-4.7478e-06
-4.83225e-06
-5.13597e-06
-4.26188e-06
-4.3053e-06
-4.33084e-06
-4.34338e-06
-4.34487e-06
-4.33421e-06
-4.31066e-06
-4.27383e-06
-4.22337e-06
-4.15894e-06
-4.08044e-06
-3.98725e-06
-3.87939e-06
-3.75928e-06
-3.63052e-06
-3.50141e-06
-3.38738e-06
-3.3143e-06
-3.32476e-06
-3.48034e-06
-3.86059e-06
-4.55378e-06
-5.5469e-06
-6.64436e-06
-7.67746e-06
-8.56269e-06
-9.26293e-06
-9.77343e-06
-1.01049e-05
-1.02724e-05
-1.02884e-05
-1.01604e-05
-9.8915e-06
-9.48342e-06
-8.94067e-06
-8.27606e-06
-7.51608e-06
-6.70458e-06
-5.90358e-06
-5.19065e-06
-4.62064e-06
-4.26693e-06
-4.12404e-06
-4.18575e-06
-4.48674e-06
-4.34572e-06
-4.39379e-06
-4.42165e-06
-4.43465e-06
-4.43499e-06
-4.42149e-06
-4.39345e-06
-4.35061e-06
-4.29267e-06
-4.21939e-06
-4.13058e-06
-4.0253e-06
-3.90381e-06
-3.76792e-06
-3.62116e-06
-3.47182e-06
-3.33553e-06
-3.23933e-06
-3.2269e-06
-3.36288e-06
-3.7304e-06
-4.42163e-06
-5.42664e-06
-6.5417e-06
-7.59161e-06
-8.49014e-06
-9.19912e-06
-9.7134e-06
-1.00431e-05
-1.02021e-05
-1.02014e-05
-1.0047e-05
-9.74109e-06
-9.2851e-06
-8.68466e-06
-7.95464e-06
-7.1241e-06
-6.23982e-06
-5.36699e-06
-4.58323e-06
-3.96153e-06
-3.54999e-06
-3.36817e-06
-3.40095e-06
-3.69777e-06
-4.43939e-06
-4.49257e-06
-4.52274e-06
-4.53583e-06
-4.53435e-06
-4.51712e-06
-4.4836e-06
-4.43374e-06
-4.36744e-06
-4.28455e-06
-4.18473e-06
-4.06702e-06
-3.93175e-06
-3.78003e-06
-3.61532e-06
-3.44587e-06
-3.28744e-06
-3.16813e-06
-3.13275e-06
-3.24882e-06
-3.60286e-06
-4.29079e-06
-5.30569e-06
-6.43639e-06
-7.50141e-06
-8.41185e-06
-9.12824e-06
-9.64464e-06
-9.97008e-06
-1.01168e-05
-1.0094e-05
-9.90593e-06
-9.55374e-06
-9.03905e-06
-8.36888e-06
-7.56073e-06
-6.64699e-06
-5.67811e-06
-4.72275e-06
-3.86209e-06
-3.17529e-06
-2.70648e-06
-2.48033e-06
-2.47855e-06
-2.76663e-06
-4.5438e-06
-4.60251e-06
-4.63486e-06
-4.64743e-06
-4.64318e-06
-4.62103e-06
-4.58076e-06
-4.52267e-06
-4.44695e-06
-4.35359e-06
-4.24219e-06
-4.11192e-06
-3.96267e-06
-3.79521e-06
-3.6128e-06
-3.42353e-06
-3.24342e-06
-3.10123e-06
-3.04312e-06
-3.13923e-06
-3.47937e-06
-4.163e-06
-5.18616e-06
-6.33082e-06
-7.40945e-06
-8.33049e-06
-9.05296e-06
-9.56974e-06
-9.88834e-06
-1.00191e-05
-9.9689e-06
-9.74032e-06
-9.33339e-06
-8.74998e-06
-7.99884e-06
-7.10047e-06
-6.09116e-06
-5.02565e-06
-3.97673e-06
-3.02952e-06
-2.26849e-06
-1.73963e-06
-1.46169e-06
-1.42944e-06
-1.6893e-06
-4.6601e-06
-4.72473e-06
-4.75892e-06
-4.77006e-06
-4.76171e-06
-4.7331e-06
-4.68451e-06
-4.61673e-06
-4.53037e-06
-4.42567e-06
-4.3022e-06
-4.15913e-06
-3.9959e-06
-3.81297e-06
-3.61329e-06
-3.40474e-06
-3.20349e-06
-3.03896e-06
-2.95854e-06
-3.03491e-06
-3.36098e-06
-4.03957e-06
-5.06959e-06
-6.22678e-06
-7.31763e-06
-8.24799e-06
-8.97519e-06
-9.49061e-06
-9.79989e-06
-9.91105e-06
-9.82872e-06
-9.55339e-06
-9.08412e-06
-8.42309e-06
-7.58089e-06
-6.58127e-06
-5.46473e-06
-4.29073e-06
-3.13673e-06
-2.09222e-06
-1.24917e-06
-6.54965e-07
-3.22278e-07
-2.58671e-07
-4.71413e-07
-4.78971e-06
-4.86057e-06
-4.89599e-06
-4.90436e-06
-4.89014e-06
-4.85307e-06
-4.79421e-06
-4.71508e-06
-4.61674e-06
-4.49981e-06
-4.3638e-06
-4.20774e-06
-4.0307e-06
-3.83272e-06
-3.61634e-06
-3.38923e-06
-3.16758e-06
-2.98146e-06
-2.87935e-06
-2.93638e-06
-3.24841e-06
-3.92144e-06
-4.95715e-06
-6.12555e-06
-7.22733e-06
-8.16575e-06
-8.89631e-06
-9.40866e-06
-9.70624e-06
-9.79458e-06
-9.67577e-06
-9.34831e-06
-8.8102e-06
-8.064e-06
-7.12217e-06
-6.0117e-06
-4.77741e-06
-3.48367e-06
-2.21295e-06
-1.05977e-06
-1.25251e-07
5.41321e-07
9.36589e-07
1.04024e-06
8.71682e-07
-4.93445e-06
-5.01171e-06
-5.04734e-06
-5.05104e-06
-5.02856e-06
-4.98053e-06
-4.90909e-06
-4.81664e-06
-4.70496e-06
-4.57491e-06
-4.42593e-06
-4.25684e-06
-4.06628e-06
-3.85378e-06
-3.62145e-06
-3.37664e-06
-3.13549e-06
-2.9287e-06
-2.8057e-06
-2.84395e-06
-3.14215e-06
-3.80924e-06
-4.84961e-06
-6.02805e-06
-7.13953e-06
-8.08477e-06
-8.81736e-06
-9.32496e-06
-9.60864e-06
-9.67124e-06
-9.51228e-06
-9.12822e-06
-8.51607e-06
-7.67874e-06
-6.63048e-06
-5.40137e-06
-4.04036e-06
-2.61668e-06
-1.21802e-06
5.55988e-08
1.0936e-06
1.83977e-06
2.30691e-06
2.46185e-06
2.33902e-06
-5.09657e-06
-5.18019e-06
-5.21443e-06
-5.21082e-06
-5.17695e-06
-5.11482e-06
-5.02812e-06
-4.92018e-06
-4.79381e-06
-4.64977e-06
-4.4875e-06
-4.30546e-06
-4.1018e-06
-3.87547e-06
-3.62805e-06
-3.36652e-06
-3.10695e-06
-2.88053e-06
-2.73757e-06
-2.75776e-06
-3.04247e-06
-3.7034e-06
-4.74753e-06
-5.93491e-06
-7.05491e-06
-8.00577e-06
-8.73907e-06
-9.24035e-06
-9.50814e-06
-9.54252e-06
-9.34042e-06
-8.89631e-06
-8.2063e-06
-7.2736e-06
-6.11409e-06
-4.76065e-06
-3.26595e-06
-1.70375e-06
-1.67075e-07
1.238e-06
2.39483e-06
3.2293e-06
3.77103e-06
3.98726e-06
3.92476e-06
-5.27895e-06
-5.36852e-06
-5.39895e-06
-5.38438e-06
-5.33503e-06
-5.25503e-06
-5.14999e-06
-5.02441e-06
-4.88187e-06
-4.72313e-06
-4.54741e-06
-4.35269e-06
-4.13649e-06
-3.89712e-06
-3.63558e-06
-3.35844e-06
-3.08158e-06
-2.8367e-06
-2.67484e-06
-2.67779e-06
-2.94948e-06
-3.60413e-06
-4.65123e-06
-5.84655e-06
-6.97394e-06
-7.92927e-06
-8.66203e-06
-9.15553e-06
-9.40569e-06
-9.40981e-06
-9.16228e-06
-8.65574e-06
-7.88545e-06
-6.85496e-06
-5.58156e-06
-4.10044e-06
-2.46743e-06
-7.60166e-07
9.22915e-07
2.46858e-06
3.75964e-06
4.70295e-06
5.31875e-06
5.6061e-06
5.61153e-06
-5.48523e-06
-5.57975e-06
-5.60276e-06
-5.57224e-06
-5.50226e-06
-5.40004e-06
-5.27313e-06
-5.12776e-06
-4.96773e-06
-4.79376e-06
-4.60462e-06
-4.39764e-06
-4.1696e-06
-3.91811e-06
-3.64351e-06
-3.35193e-06
-3.05901e-06
-2.79692e-06
-2.6173e-06
-2.60394e-06
-2.86316e-06
-3.51152e-06
-4.56092e-06
-5.76323e-06
-6.89696e-06
-7.85563e-06
-8.58667e-06
-9.07109e-06
-9.30213e-06
-9.27441e-06
-8.9799e-06
-8.40958e-06
-7.55803e-06
-6.42916e-06
-5.04142e-06
-3.43183e-06
-1.65852e-06
1.97931e-07
2.03466e-06
3.73159e-06
5.16618e-06
6.23893e-06
6.94005e-06
7.30895e-06
7.39105e-06
-5.72023e-06
-5.81766e-06
-5.8279e-06
-5.7747e-06
-5.67778e-06
-5.54819e-06
-5.39586e-06
-5.22852e-06
-5.04994e-06
-4.86048e-06
-4.6582e-06
-4.43955e-06
-4.20052e-06
-3.9379e-06
-3.65137e-06
-3.34657e-06
-3.03888e-06
-2.76086e-06
-2.56469e-06
-2.53601e-06
-2.78338e-06
-3.42554e-06
-4.47664e-06
-5.68508e-06
-6.82415e-06
-7.78511e-06
-8.51335e-06
-8.98751e-06
-9.19826e-06
-9.13757e-06
-8.79521e-06
-8.16076e-06
-7.22834e-06
-6.00225e-06
-4.50197e-06
-2.76576e-06
-8.53107e-07
1.15372e-06
3.14894e-06
5.00697e-06
6.5978e-06
7.81311e-06
8.61772e-06
9.08041e-06
9.25388e-06
-5.99035e-06
-6.08682e-06
-6.07639e-06
-5.99169e-06
-5.86026e-06
-5.69744e-06
-5.51618e-06
-5.32497e-06
-5.12713e-06
-4.92226e-06
-4.70734e-06
-4.47782e-06
-4.22875e-06
-3.95607e-06
-3.65876e-06
-3.342e-06
-3.02083e-06
-2.72819e-06
-2.51671e-06
-2.47373e-06
-2.70996e-06
-3.34606e-06
-4.39835e-06
-5.61212e-06
-6.7556e-06
-7.71787e-06
-8.44232e-06
-8.90525e-06
-9.09477e-06
-9.00042e-06
-8.61003e-06
-7.91203e-06
-6.90038e-06
-5.57992e-06
-3.971e-06
-2.11267e-06
-6.48134e-08
2.09009e-06
4.24522e-06
6.27116e-06
8.02968e-06
9.40284e-06
1.0335e-05
1.09052e-05
1.11898e-05
-6.30442e-06
-6.39271e-06
-6.3501e-06
-6.22262e-06
-6.04753e-06
-5.84554e-06
-5.63203e-06
-5.41546e-06
-5.19811e-06
-4.97823e-06
-4.75146e-06
-4.51201e-06
-4.25393e-06
-3.9723e-06
-3.6654e-06
-3.33791e-06
-3.00456e-06
-2.69859e-06
-2.47304e-06
-2.41683e-06
-2.64263e-06
-3.27288e-06
-4.32594e-06
-5.54431e-06
-6.69135e-06
-7.65403e-06
-8.3738e-06
-8.82466e-06
-8.99231e-06
-8.86403e-06
-8.42598e-06
-7.66587e-06
-6.57775e-06
-5.16725e-06
-3.45559e-06
-1.48222e-06
6.93456e-07
2.99024e-06
5.30245e-06
7.4993e-06
9.43519e-06
1.09818e-05
1.2069e-05
1.27669e-05
1.31906e-05
-6.67491e-06
-6.74177e-06
-6.65046e-06
-6.46583e-06
-6.23687e-06
-5.98983e-06
-5.74131e-06
-5.49851e-06
-5.26192e-06
-5.02782e-06
-4.79019e-06
-4.54186e-06
-4.27588e-06
-3.98641e-06
-3.67108e-06
-3.33407e-06
-2.98979e-06
-2.67178e-06
-2.43338e-06
-2.36499e-06
-2.5811e-06
-3.20576e-06
-4.25923e-06
-5.48152e-06
-6.63134e-06
-7.59361e-06
-8.30794e-06
-8.74607e-06
-8.89144e-06
-8.72932e-06
-8.24456e-06
-7.42445e-06
-6.2636e-06
-4.76867e-06
-2.96189e-06
-8.82916e-07
1.40997e-06
3.83827e-06
6.29977e-06
8.66565e-06
1.07861e-05
1.25218e-05
1.37879e-05
1.46448e-05
1.52493e-05
-7.11978e-06
-7.14144e-06
-6.97742e-06
-6.71862e-06
-6.42493e-06
-6.12754e-06
-5.84205e-06
-5.57297e-06
-5.31792e-06
-5.0707e-06
-4.82339e-06
-4.56733e-06
-4.29455e-06
-3.99835e-06
-3.67569e-06
-3.33032e-06
-2.97631e-06
-2.64748e-06
-2.39743e-06
-2.31788e-06
-2.52506e-06
-3.1444e-06
-4.19799e-06
-5.42361e-06
-6.57548e-06
-7.5366e-06
-8.24483e-06
-8.66973e-06
-8.79266e-06
-8.59713e-06
-8.06701e-06
-7.18965e-06
-5.96055e-06
-4.38783e-06
-2.49497e-06
-3.21889e-07
2.07461e-06
4.61977e-06
7.2171e-06
9.74352e-06
1.20498e-05
1.39894e-05
1.54567e-05
1.65111e-05
1.73604e-05
-7.66486e-06
-7.59922e-06
-7.32841e-06
-6.97679e-06
-6.60757e-06
-6.25581e-06
-5.93263e-06
-5.63807e-06
-5.36586e-06
-5.10689e-06
-4.85118e-06
-4.58855e-06
-4.31005e-06
-4.00815e-06
-3.67921e-06
-3.32657e-06
-2.96396e-06
-2.62547e-06
-2.3649e-06
-2.27519e-06
-2.47416e-06
-3.0885e-06
-4.14195e-06
-5.37036e-06
-6.52365e-06
-7.48297e-06
-8.18454e-06
-8.59587e-06
-8.69639e-06
-8.46816e-06
-7.89444e-06
-6.96299e-06
-5.67072e-06
-4.0276e-06
-2.05875e-06
1.95318e-07
2.67925e-06
5.32255e-06
8.03611e-06
1.07064e-05
1.31906e-05
1.53422e-05
1.7034e-05
1.83296e-05
1.95218e-05
-8.34661e-06
-8.11438e-06
-7.70292e-06
-7.23413e-06
-6.78007e-06
-6.37198e-06
-6.01191e-06
-5.69351e-06
-5.40587e-06
-5.13668e-06
-4.87389e-06
-4.60578e-06
-4.32257e-06
-4.01593e-06
-3.68167e-06
-3.32276e-06
-2.95261e-06
-2.60554e-06
-2.33552e-06
-2.23661e-06
-2.42808e-06
-3.03771e-06
-4.09083e-06
-5.32153e-06
-6.47566e-06
-7.43263e-06
-8.1271e-06
-8.52464e-06
-8.60299e-06
-8.34302e-06
-7.72773e-06
-6.74574e-06
-5.39578e-06
-3.69015e-06
-1.65612e-06
6.6469e-07
3.21785e-06
5.93693e-06
8.74097e-06
1.15288e-05
1.41706e-05
1.65297e-05
1.8463e-05
2.00481e-05
2.17315e-05
-9.21644e-06
-8.68427e-06
-8.08566e-06
-7.48216e-06
-6.93743e-06
-6.47375e-06
-6.07925e-06
-5.73948e-06
-5.43843e-06
-5.1606e-06
-4.89198e-06
-4.61941e-06
-4.33239e-06
-4.02186e-06
-3.68313e-06
-3.31885e-06
-2.94212e-06
-2.58748e-06
-2.30901e-06
-2.20181e-06
-2.38646e-06
-2.9917e-06
-4.04431e-06
-5.27684e-06
-6.4313e-06
-7.3854e-06
-8.07242e-06
-8.45609e-06
-8.51268e-06
-8.22213e-06
-7.56757e-06
-6.53885e-06
-5.13697e-06
-3.37704e-06
-1.28908e-06
1.08347e-06
3.68621e-06
6.45575e-06
9.31874e-06
1.21877e-05
1.49506e-05
1.74933e-05
1.96662e-05
2.15813e-05
2.39686e-05
-1.03202e-05
-9.29902e-06
-8.45963e-06
-7.71052e-06
-7.07465e-06
-6.5595e-06
-6.13472e-06
-5.77665e-06
-5.46437e-06
-5.17943e-06
-4.90612e-06
-4.62996e-06
-4.3399e-06
-4.02619e-06
-3.68374e-06
-3.31487e-06
-2.93241e-06
-2.5711e-06
-2.28512e-06
-2.17046e-06
-2.34895e-06
-2.95014e-06
-4.00211e-06
-5.23604e-06
-6.39033e-06
-7.34112e-06
-8.02038e-06
-8.39016e-06
-8.42547e-06
-8.10562e-06
-7.41416e-06
-6.34261e-06
-4.89463e-06
-3.08866e-06
-9.58082e-07
1.45099e-06
4.08287e-06
6.87549e-06
9.76098e-06
1.2664e-05
1.54927e-05
1.81667e-05
2.05433e-05
2.28017e-05
2.61839e-05
-1.17638e-05
-9.93975e-06
-8.8004e-06
-7.90819e-06
-7.18869e-06
-6.62958e-06
-6.17981e-06
-5.80671e-06
-5.48518e-06
-5.19439e-06
-4.91729e-06
-4.63822e-06
-4.34574e-06
-4.02947e-06
-3.68392e-06
-3.31114e-06
-2.9237e-06
-2.55648e-06
-2.26374e-06
-2.14232e-06
-2.3152e-06
-2.91265e-06
-3.96396e-06
-5.19909e-06
-6.35293e-06
-7.30008e-06
-7.97138e-06
-8.32727e-06
-8.3417e-06
-7.99361e-06
-7.26728e-06
-6.15622e-06
-4.66718e-06
-2.82241e-06
-6.5929e-07
1.77236e-06
4.41409e-06
7.20268e-06
1.0072e-05
1.2954e-05
1.57732e-05
1.84861e-05
2.09736e-05
2.35635e-05
2.8391e-05
-1.36688e-05
-1.05702e-05
-9.07223e-06
-8.06476e-06
-7.28087e-06
-6.68771e-06
-6.21808e-06
-5.83235e-06
-5.50271e-06
-5.20667e-06
-4.92624e-06
-4.64469e-06
-4.35028e-06
-4.03206e-06
-3.68411e-06
-3.30819e-06
-2.91652e-06
-2.54413e-06
-2.24526e-06
-2.11752e-06
-2.28506e-06
-2.87889e-06
-3.92966e-06
-5.16614e-06
-6.31972e-06
-7.26345e-06
-7.92701e-06
-8.26939e-06
-8.26359e-06
-7.88834e-06
-7.12884e-06
-5.98079e-06
-4.45429e-06
-2.57577e-06
-3.87211e-07
2.05691e-06
4.69376e-06
7.45626e-06
1.02754e-05
1.30819e-05
1.58031e-05
1.84095e-05
2.08037e-05
2.36199e-05
3.05027e-05
-1.52763e-05
-1.09664e-05
-9.20979e-06
-8.15928e-06
-7.34625e-06
-6.73205e-06
-6.24804e-06
-5.85202e-06
-5.51529e-06
-5.21453e-06
-4.93143e-06
-4.64743e-06
-4.3515e-06
-4.0319e-06
-3.68228e-06
-3.30409e-06
-2.90927e-06
-2.53285e-06
-2.22899e-06
-2.09582e-06
-2.25844e-06
-2.84843e-06
-3.89796e-06
-5.13514e-06
-6.28823e-06
-7.22884e-06
-7.88567e-06
-8.21637e-06
-8.19321e-06
-7.7948e-06
-7.00735e-06
-5.82881e-06
-4.27255e-06
-2.36919e-06
-1.65413e-07
2.27923e-06
4.89651e-06
7.61335e-06
1.03535e-05
1.30369e-05
1.55722e-05
1.78857e-05
1.98091e-05
2.20453e-05
2.90245e-05
)
;

boundaryField
{
    inlet
    {
        type            uniformJump;
        patchType       cyclic;
        jump            uniform -2.5e-05;
        value           nonuniform List<scalar> 
40
(
6.97472e-07
7.07709e-07
7.18863e-07
7.30817e-07
7.44969e-07
7.63013e-07
7.87502e-07
8.22343e-07
8.72772e-07
9.44682e-07
1.04346e-06
1.17307e-06
1.33592e-06
1.53316e-06
1.765e-06
2.03058e-06
2.3231e-06
2.63309e-06
2.9419e-06
3.23263e-06
3.46215e-06
3.6173e-06
3.70607e-06
3.76559e-06
3.81042e-06
3.84884e-06
3.88389e-06
3.91619e-06
3.94479e-06
3.9687e-06
3.98753e-06
4.00147e-06
4.01109e-06
4.01715e-06
4.02043e-06
4.02163e-06
4.02135e-06
4.02002e-06
4.01781e-06
4.01509e-06
)
;
        jumpTable       table;
        jumpTableCoeffs
        {
            values          
4
(
(0 -2.5e-05)
(25 -2.5e-05)
(25.5 -0.0001)
(26 -2.5e-05)
)
;
        }
    }
    outlet
    {
        type            uniformJump;
        patchType       cyclic;
        value           nonuniform List<scalar> 
40
(
-2.43025e-05
-2.42923e-05
-2.42811e-05
-2.42692e-05
-2.4255e-05
-2.4237e-05
-2.42125e-05
-2.41777e-05
-2.41272e-05
-2.40553e-05
-2.39565e-05
-2.38269e-05
-2.36641e-05
-2.34668e-05
-2.3235e-05
-2.29694e-05
-2.26769e-05
-2.23669e-05
-2.20581e-05
-2.17674e-05
-2.15378e-05
-2.13827e-05
-2.12939e-05
-2.12344e-05
-2.11896e-05
-2.11512e-05
-2.11161e-05
-2.10838e-05
-2.10552e-05
-2.10313e-05
-2.10125e-05
-2.09985e-05
-2.09889e-05
-2.09829e-05
-2.09796e-05
-2.09784e-05
-2.09787e-05
-2.098e-05
-2.09822e-05
-2.09849e-05
)
;
    }
    Walls
    {
        type            zeroGradient;
    }
    back
    {
        type            empty;
    }
    front
    {
        type            empty;
    }
}


// ************************************************************************* //
