/*--------------------------------*- C++ -*----------------------------------*\
| =========                 |                                                 |
| \\      /  F ield         | OpenFOAM: The Open Source CFD Toolbox           |
|  \\    /   O peration     | Version:  2312                                  |
|   \\  /    A nd           | Website:  www.openfoam.com                      |
|    \\/     M anipulation  |                                                 |
\*---------------------------------------------------------------------------*/
FoamFile
{
    version     2.0;
    format      ascii;
    arch        "LSB;label=32;scalar=64";
    class       volScalarField;
    location    "108.5";
    object      p;
}
// * * * * * * * * * * * * * * * * * * * * * * * * * * * * * * * * * * * * * //

dimensions      [0 2 -2 0 0 0 0];

internalField   nonuniform List<scalar> 
4800
(
-6.17016e-13
-1.66251e-06
-3.10138e-06
-4.35888e-06
-5.46327e-06
-6.4366e-06
-7.29548e-06
-8.06107e-06
-8.74577e-06
-9.35827e-06
-9.91012e-06
-1.04062e-05
-1.08397e-05
-1.1449e-05
-1.32409e-05
1.59591e-08
-1.64201e-06
-3.0772e-06
-4.33193e-06
-5.43511e-06
-6.4088e-06
-7.26979e-06
-8.03984e-06
-8.73139e-06
-9.35489e-06
-9.92736e-06
-1.0468e-05
-1.09933e-05
-1.16132e-05
-1.25893e-05
3.35272e-08
-1.61951e-06
-3.05089e-06
-4.30303e-06
-5.40475e-06
-6.3788e-06
-7.24039e-06
-8.01268e-06
-8.70952e-06
-9.34113e-06
-9.92552e-06
-1.04828e-05
-1.10238e-05
-1.15563e-05
-1.20563e-05
5.25086e-08
-1.59481e-06
-3.02171e-06
-4.27056e-06
-5.37012e-06
-6.34338e-06
-7.20555e-06
-7.97714e-06
-8.67566e-06
-9.30901e-06
-9.89113e-06
-1.04332e-05
-1.09285e-05
-1.13435e-05
-1.16035e-05
7.46156e-08
-1.56581e-06
-2.9871e-06
-4.23158e-06
-5.32788e-06
-6.29863e-06
-7.16027e-06
-7.92888e-06
-8.62295e-06
-9.24957e-06
-9.8148e-06
-1.03194e-05
-1.07446e-05
-1.10495e-05
-1.11754e-05
1.0149e-07
-1.53065e-06
-2.94497e-06
-4.18368e-06
-5.27513e-06
-6.24134e-06
-7.09883e-06
-7.86166e-06
-8.54456e-06
-9.15367e-06
-9.68822e-06
-1.01412e-05
-1.04916e-05
-1.07081e-05
-1.07613e-05
1.35316e-07
-1.48703e-06
-2.8927e-06
-4.12377e-06
-5.2081e-06
-6.16688e-06
-7.01575e-06
-7.76726e-06
-8.43187e-06
-9.01281e-06
-9.50577e-06
-9.90114e-06
-1.01828e-05
-1.03354e-05
-1.03522e-05
1.79365e-07
-1.43151e-06
-2.82645e-06
-4.04739e-06
-5.12149e-06
-6.06886e-06
-6.90388e-06
-7.63706e-06
-8.27536e-06
-8.81961e-06
-9.26503e-06
-9.6042e-06
-9.82947e-06
-9.939e-06
-9.93922e-06
2.38051e-07
-1.35951e-06
-2.741e-06
-3.94857e-06
-5.00839e-06
-5.9393e-06
-6.75428e-06
-7.46185e-06
-8.06675e-06
-8.56903e-06
-8.96616e-06
-9.25574e-06
-9.43834e-06
-9.52107e-06
-9.51608e-06
3.16477e-07
-1.26554e-06
-2.63012e-06
-3.82017e-06
-4.86067e-06
-5.7692e-06
-6.55753e-06
-7.23285e-06
-7.79925e-06
-8.25828e-06
-8.61076e-06
-8.85999e-06
-9.01263e-06
-9.08054e-06
-9.07731e-06
4.18894e-07
-1.14383e-06
-2.48708e-06
-3.65454e-06
-4.66985e-06
-5.54972e-06
-6.30518e-06
-6.94326e-06
-7.46896e-06
-7.8867e-06
-8.2011e-06
-8.41988e-06
-8.55337e-06
-8.61513e-06
-8.61827e-06
5.46207e-07
-9.89508e-07
-2.30591e-06
-3.44475e-06
-4.42845e-06
-5.27361e-06
-5.99138e-06
-6.58967e-06
-7.07547e-06
-7.45616e-06
-7.74027e-06
-7.93794e-06
-8.06102e-06
-8.12299e-06
-8.13568e-06
7.00303e-07
-8.00892e-07
-2.08418e-06
-3.18697e-06
-4.13206e-06
-4.93704e-06
-5.61411e-06
-6.17272e-06
-6.62197e-06
-6.97182e-06
-7.23304e-06
-7.41743e-06
-7.53688e-06
-7.60376e-06
-7.62834e-06
8.80666e-07
-5.80659e-07
-1.82189e-06
-2.88007e-06
-3.78012e-06
-4.54071e-06
-5.17579e-06
-5.6968e-06
-6.11456e-06
-6.44035e-06
-6.6859e-06
-6.86331e-06
-6.98403e-06
-7.05908e-06
-7.09726e-06
1.07799e-06
-3.30131e-07
-1.52042e-06
-2.52826e-06
-3.37807e-06
-4.0911e-06
-4.68379e-06
-5.16957e-06
-5.56074e-06
-5.86902e-06
-6.10555e-06
-6.28144e-06
-6.40721e-06
-6.49276e-06
-6.54574e-06
1.28074e-06
-5.67941e-08
-1.18592e-06
-2.13878e-06
-2.93538e-06
-3.60074e-06
-4.15264e-06
-4.60504e-06
-4.97209e-06
-5.26682e-06
-5.49949e-06
-5.6786e-06
-5.8127e-06
-5.91056e-06
-5.97919e-06
1.47498e-06
2.20896e-07
-8.30709e-07
-1.7201e-06
-2.46327e-06
-3.08588e-06
-3.6029e-06
-4.0254e-06
-4.36822e-06
-4.64872e-06
-4.87885e-06
-5.06392e-06
-5.20892e-06
-5.32064e-06
-5.40554e-06
1.64419e-06
4.84433e-07
-4.81084e-07
-1.29172e-06
-1.97944e-06
-2.5653e-06
-3.05206e-06
-3.44623e-06
-3.76671e-06
-4.03388e-06
-4.26052e-06
-4.45114e-06
-4.60789e-06
-4.73451e-06
-4.83613e-06
1.76693e-06
7.13052e-07
-1.63229e-07
-8.96792e-07
-1.51965e-06
-2.05201e-06
-2.5044e-06
-2.87805e-06
-3.1871e-06
-3.44733e-06
-3.67006e-06
-3.86317e-06
-4.02896e-06
-4.16888e-06
-4.28614e-06
1.82116e-06
8.85145e-07
1.00581e-07
-5.61531e-07
-1.12064e-06
-1.60113e-06
-2.01017e-06
-2.35447e-06
-2.64862e-06
-2.90401e-06
-3.12714e-06
-3.32275e-06
-3.49431e-06
-3.64414e-06
-3.77452e-06
1.8046e-06
9.80677e-07
2.84599e-07
-3.04331e-07
-8.05306e-07
-1.23544e-06
-1.60594e-06
-1.92728e-06
-2.2082e-06
-2.45464e-06
-2.67216e-06
-2.86547e-06
-3.03796e-06
-3.19252e-06
-3.33166e-06
1.73742e-06
1.00995e-06
3.90889e-07
-1.38606e-07
-5.93281e-07
-9.86264e-07
-1.32911e-06
-1.63114e-06
-1.8978e-06
-2.13443e-06
-2.34776e-06
-2.53897e-06
-2.70893e-06
-2.86267e-06
-3.00474e-06
1.67658e-06
1.02467e-06
4.64724e-07
-1.87244e-08
-4.37848e-07
-8.03826e-07
-1.12633e-06
-1.41265e-06
-1.66823e-06
-1.89751e-06
-2.10403e-06
-2.29094e-06
-2.46074e-06
-2.61554e-06
-2.76058e-06
1.63475e-06
1.04088e-06
5.26e-07
7.7256e-08
-3.15754e-07
-6.62272e-07
-9.70061e-07
-1.24533e-06
-1.49295e-06
-1.71674e-06
-1.92018e-06
-2.10614e-06
-2.27665e-06
-2.43393e-06
-2.58004e-06
1.61599e-06
1.06686e-06
5.86168e-07
1.63145e-07
-2.10852e-07
-5.43466e-07
-8.41191e-07
-1.10937e-06
-1.35231e-06
-1.57348e-06
-1.77579e-06
-1.96158e-06
-2.13297e-06
-2.29181e-06
-2.43985e-06
1.61882e-06
1.10418e-06
6.49257e-07
2.45154e-07
-1.15267e-07
-4.38452e-07
-7.29919e-07
-9.94239e-07
-1.23514e-06
-1.45564e-06
-1.65832e-06
-1.84538e-06
-2.01881e-06
-2.18029e-06
-2.3314e-06
1.63754e-06
1.14944e-06
7.13848e-07
3.23525e-07
-2.74893e-08
-3.44672e-07
-6.32712e-07
-8.9551e-07
-1.1363e-06
-1.3578e-06
-1.56235e-06
-1.75197e-06
-1.92847e-06
-2.09337e-06
-2.2482e-06
1.66518e-06
1.19766e-06
7.76675e-07
3.96395e-07
5.1796e-08
-2.61788e-07
-5.48352e-07
-8.1125e-07
-1.05332e-06
-1.277e-06
-1.48439e-06
-1.67733e-06
-1.85749e-06
-2.02632e-06
-2.18527e-06
1.69589e-06
1.24461e-06
8.34892e-07
4.62056e-07
1.21834e-07
-1.8975e-07
-4.76106e-07
-7.40123e-07
-9.84294e-07
-1.21077e-06
-1.42148e-06
-1.6181e-06
-1.80219e-06
-1.97513e-06
-2.13832e-06
1.72571e-06
1.28756e-06
8.86769e-07
5.19598e-07
1.82407e-07
-1.28178e-07
-4.15057e-07
-6.80719e-07
-9.2735e-07
-1.15687e-06
-1.37103e-06
-1.57139e-06
-1.7594e-06
-1.93637e-06
-2.10366e-06
1.75242e-06
1.32514e-06
9.3163e-07
5.68914e-07
2.33898e-07
-7.62601e-08
-3.64014e-07
-6.3151e-07
-8.80667e-07
-1.11321e-06
-1.33072e-06
-1.53464e-06
-1.72635e-06
-1.9071e-06
-2.07819e-06
1.77508e-06
1.35699e-06
9.69574e-07
6.10486e-07
2.77116e-07
-3.29067e-08
-3.2165e-07
-5.90962e-07
-8.4253e-07
-1.07789e-06
-1.2985e-06
-1.50569e-06
-1.70076e-06
-1.88492e-06
-2.05943e-06
1.79357e-06
1.38337e-06
1.00117e-06
6.45124e-07
3.13071e-07
3.05904e-09
-2.86651e-07
-5.57649e-07
-8.11414e-07
-1.04933e-06
-1.27271e-06
-1.4828e-06
-1.68085e-06
-1.86801e-06
-2.04551e-06
1.8082e-06
1.40487e-06
1.02718e-06
6.73757e-07
3.42815e-07
3.27757e-08
-2.57814e-07
-5.30315e-07
-7.86024e-07
-1.02618e-06
-1.25199e-06
-1.46462e-06
-1.66525e-06
-1.855e-06
-2.03508e-06
1.81949e-06
1.42218e-06
1.04844e-06
6.97306e-07
3.67335e-07
5.72744e-08
-2.34081e-07
-5.07891e-07
-7.6529e-07
-1.00739e-06
-1.2353e-06
-1.45012e-06
-1.65297e-06
-1.84494e-06
-2.02721e-06
1.82799e-06
1.43598e-06
1.06572e-06
7.16603e-07
3.87499e-07
7.74359e-08
-2.14571e-07
-4.89506e-07
-7.48358e-07
-9.92126e-07
-1.22184e-06
-1.43853e-06
-1.64327e-06
-1.83712e-06
-2.02125e-06
1.83426e-06
1.44691e-06
1.07969e-06
7.32347e-07
4.04018e-07
9.39731e-08
-1.98581e-07
-4.74471e-07
-7.34563e-07
-9.79756e-07
-1.211e-06
-1.42927e-06
-1.63562e-06
-1.83106e-06
-2.01675e-06
1.83877e-06
1.45553e-06
1.091e-06
7.45226e-07
4.17594e-07
1.07584e-07
-1.85428e-07
-4.62134e-07
-7.23285e-07
-9.69694e-07
-1.20225e-06
-1.42186e-06
-1.62955e-06
-1.82633e-06
-2.01334e-06
1.84196e-06
1.46258e-06
1.10058e-06
7.56283e-07
4.29317e-07
1.19359e-07
-1.74055e-07
-4.5149e-07
-7.13595e-07
-9.611e-07
-1.19483e-06
-1.41564e-06
-1.62453e-06
-1.82249e-06
-2.01067e-06
1.8443e-06
1.46869e-06
1.10912e-06
7.66258e-07
4.39957e-07
1.30072e-07
-1.63712e-07
-4.41831e-07
-7.04835e-07
-9.53372e-07
-1.1882e-06
-1.41019e-06
-1.62026e-06
-1.81934e-06
-2.00859e-06
-1.47937e-05
-1.24452e-05
-1.09949e-05
-1.00259e-05
-9.24216e-06
-8.62521e-06
-8.12402e-06
-7.70269e-06
-7.33727e-06
-7.00973e-06
-6.70679e-06
-6.41899e-06
-6.14038e-06
-5.86929e-06
-5.60966e-06
-5.37511e-06
-5.18929e-06
-5.0971e-06
-5.16262e-06
-5.47163e-06
-6.14412e-06
-7.27982e-06
-8.77943e-06
-1.03124e-05
-1.16292e-05
-1.26114e-05
-1.31958e-05
-1.33528e-05
-1.30688e-05
-1.23404e-05
-1.11734e-05
-9.58603e-06
-7.6107e-06
-5.29472e-06
-2.69855e-06
1.07381e-07
3.04603e-06
6.03621e-06
8.99223e-06
1.18202e-05
1.44037e-05
1.6598e-05
1.80911e-05
1.86588e-05
1.73512e-05
-1.30602e-05
-1.18648e-05
-1.07748e-05
-9.91575e-06
-9.1807e-06
-8.57973e-06
-8.08351e-06
-7.66325e-06
-7.29754e-06
-6.96953e-06
-6.66626e-06
-6.37825e-06
-6.09973e-06
-5.82922e-06
-5.5709e-06
-5.3386e-06
-5.15607e-06
-5.06815e-06
-5.13834e-06
-5.45089e-06
-6.12474e-06
-7.25725e-06
-8.74815e-06
-1.02716e-05
-1.15809e-05
-1.25581e-05
-1.31397e-05
-1.32955e-05
-1.30118e-05
-1.22855e-05
-1.11239e-05
-9.54676e-06
-7.58847e-06
-5.29866e-06
-2.7405e-06
1.18853e-08
2.87611e-06
5.7626e-06
8.57186e-06
1.11856e-05
1.34415e-05
1.50963e-05
1.56829e-05
1.45131e-05
1.06096e-05
-1.21464e-05
-1.14068e-05
-1.05439e-05
-9.78289e-06
-9.102e-06
-8.52349e-06
-8.03576e-06
-7.61832e-06
-7.25311e-06
-6.9248e-06
-6.62108e-06
-6.3328e-06
-6.05442e-06
-5.78469e-06
-5.52806e-06
-5.29863e-06
-5.12018e-06
-5.03756e-06
-5.11348e-06
-5.43038e-06
-6.1059e-06
-7.2345e-06
-8.7146e-06
-1.0226e-05
-1.15254e-05
-1.24955e-05
-1.30728e-05
-1.32267e-05
-1.29434e-05
-1.22208e-05
-1.10676e-05
-9.50585e-06
-7.57259e-06
-5.3205e-06
-2.81651e-06
-1.39676e-07
2.62059e-06
5.36432e-06
7.97632e-06
1.03147e-05
1.21843e-05
1.33007e-05
1.32215e-05
1.14183e-05
7.67642e-06
-1.15457e-05
-1.10213e-05
-1.03306e-05
-9.64905e-06
-9.02118e-06
-8.46683e-06
-7.98839e-06
-7.57375e-06
-7.20847e-06
-6.87917e-06
-6.57437e-06
-6.28536e-06
-6.00685e-06
-5.73785e-06
-5.48307e-06
-5.25688e-06
-5.08307e-06
-5.00643e-06
-5.08883e-06
-5.41062e-06
-6.08812e-06
-7.21239e-06
-8.68013e-06
-1.01773e-05
-1.14643e-05
-1.24247e-05
-1.29951e-05
-1.31445e-05
-1.28597e-05
-1.21398e-05
-1.09957e-05
-9.45241e-06
-7.55057e-06
-5.34688e-06
-2.9131e-06
-3.3427e-07
2.29228e-06
4.85596e-06
7.22801e-06
9.25162e-06
1.07252e-05
1.13837e-05
1.09077e-05
9.01903e-06
5.85784e-06
-1.10638e-05
-1.06684e-05
-1.01137e-05
-9.51778e-06
-8.94112e-06
-8.41159e-06
-7.94309e-06
-7.53076e-06
-7.16442e-06
-6.83309e-06
-6.52637e-06
-6.23605e-06
-5.9572e-06
-5.68904e-06
-5.43659e-06
-5.21441e-06
-5.04623e-06
-4.97669e-06
-5.06663e-06
-5.39395e-06
-6.07344e-06
-7.19227e-06
-8.64507e-06
-1.01251e-05
-1.13968e-05
-1.23449e-05
-1.29063e-05
-1.305e-05
-1.27636e-05
-1.20478e-05
-1.09166e-05
-9.3984e-06
-7.53809e-06
-5.39708e-06
-3.05246e-06
-5.95529e-07
1.86902e-06
4.22236e-06
6.32824e-06
8.02826e-06
9.13704e-06
9.45473e-06
8.78891e-06
7.05526e-06
4.44619e-06
-1.06418e-05
-1.03345e-05
-9.88496e-06
-9.37482e-06
-8.85397e-06
-8.35407e-06
-7.89923e-06
-7.48961e-06
-7.12185e-06
-6.78777e-06
-6.47832e-06
-6.18612e-06
-5.90671e-06
-5.63962e-06
-5.39011e-06
-5.17296e-06
-5.01169e-06
-4.95065e-06
-5.04944e-06
-5.38293e-06
-6.0642e-06
-7.17591e-06
-8.61025e-06
-1.00694e-05
-1.13221e-05
-1.22548e-05
-1.2805e-05
-1.29421e-05
-1.26548e-05
-1.19461e-05
-1.08333e-05
-9.34911e-06
-7.54301e-06
-5.48147e-06
-3.24687e-06
-9.36042e-07
1.34104e-06
3.46177e-06
5.29102e-06
6.68294e-06
7.48756e-06
7.57091e-06
6.84881e-06
5.34713e-06
3.26546e-06
-1.02428e-05
-1.00014e-05
-9.64207e-06
-9.20921e-06
-8.7441e-06
-8.28652e-06
-7.8498e-06
-7.4469e-06
-7.07989e-06
-6.74369e-06
-6.43149e-06
-6.13726e-06
-5.85734e-06
-5.59174e-06
-5.34602e-06
-5.13512e-06
-4.98228e-06
-4.93131e-06
-5.04036e-06
-5.3806e-06
-6.06319e-06
-7.16551e-06
-8.57695e-06
-1.00104e-05
-1.12397e-05
-1.21532e-05
-1.26895e-05
-1.28189e-05
-1.25318e-05
-1.18339e-05
-1.07466e-05
-9.30702e-06
-7.56972e-06
-5.60603e-06
-3.50291e-06
-1.3609e-06
7.08174e-07
2.58385e-06
4.14082e-06
5.25595e-06
5.82052e-06
5.76031e-06
5.06138e-06
3.79708e-06
2.14176e-06
-9.84534e-06
-9.65482e-06
-9.36955e-06
-9.01074e-06
-8.60834e-06
-8.19345e-06
-7.78439e-06
-7.39605e-06
-7.03458e-06
-6.69906e-06
-6.3857e-06
-6.09044e-06
-5.81089e-06
-5.54781e-06
-5.30718e-06
-5.1042e-06
-4.96161e-06
-4.92251e-06
-5.04337e-06
-5.39082e-06
-6.07383e-06
-7.16377e-06
-8.54666e-06
-9.94863e-06
-1.11492e-05
-1.20387e-05
-1.2558e-05
-1.26787e-05
-1.23933e-05
-1.17112e-05
-1.06579e-05
-9.27548e-06
-7.62325e-06
-5.77675e-06
-3.8259e-06
-1.87216e-06
-2.47714e-08
1.60399e-06
2.90546e-06
3.78403e-06
4.16968e-06
4.03281e-06
3.39722e-06
2.34725e-06
1.02187e-06
-9.43884e-06
-9.28877e-06
-9.06358e-06
-8.77187e-06
-8.43185e-06
-8.06585e-06
-7.69282e-06
-7.32752e-06
-6.97867e-06
-6.64918e-06
-6.33857e-06
-6.04517e-06
-5.7683e-06
-5.50989e-06
-5.27654e-06
-5.08382e-06
-4.95383e-06
-4.92874e-06
-5.06309e-06
-5.41803e-06
-6.10002e-06
-7.17358e-06
-8.52083e-06
-9.88445e-06
-1.10497e-05
-1.19098e-05
-1.24086e-05
-1.25198e-05
-1.22388e-05
-1.15788e-05
-1.05698e-05
-9.2589e-06
-7.7093e-06
-5.99931e-06
-4.21945e-06
-2.46853e-06
-8.48647e-07
5.41075e-07
1.61221e-06
2.29627e-06
2.55437e-06
2.38583e-06
1.82901e-06
9.62525e-07
-1.07064e-07
-9.01693e-06
-8.90021e-06
-8.72406e-06
-8.49067e-06
-8.20959e-06
-7.89585e-06
-7.56516e-06
-7.23102e-06
-6.90319e-06
-6.58723e-06
-6.28558e-06
-5.99909e-06
-5.72913e-06
-5.47911e-06
-5.25646e-06
-5.07732e-06
-4.963e-06
-4.95446e-06
-5.10416e-06
-5.46667e-06
-6.14555e-06
-7.19744e-06
-8.50026e-06
-9.81772e-06
-1.094e-05
-1.17644e-05
-1.22392e-05
-1.23409e-05
-1.2068e-05
-1.14381e-05
-1.04859e-05
-9.26226e-06
-7.83331e-06
-6.27794e-06
-4.68424e-06
-3.14472e-06
-1.75042e-06
-5.84345e-07
2.85668e-07
8.13915e-07
9.82035e-07
8.10093e-07
3.33654e-07
-3.79733e-07
-1.24952e-06
-8.57493e-06
-8.48697e-06
-8.35171e-06
-8.16848e-06
-7.94144e-06
-7.67978e-06
-7.39508e-06
-7.09864e-06
-6.79995e-06
-6.50588e-06
-6.22099e-06
-5.94836e-06
-5.69142e-06
-5.4552e-06
-5.24812e-06
-5.087e-06
-4.99223e-06
-5.00327e-06
-5.17018e-06
-5.54017e-06
-6.21322e-06
-7.23627e-06
-8.48414e-06
-9.74758e-06
-1.08184e-05
-1.16005e-05
-1.20478e-05
-1.21408e-05
-1.18815e-05
-1.12918e-05
-1.04102e-05
-9.29051e-06
-7.99963e-06
-6.6144e-06
-5.21737e-06
-3.89152e-06
-2.71439e-06
-1.75208e-06
-1.05357e-06
-6.46361e-07
-5.33949e-07
-7.02693e-07
-1.10646e-06
-1.69409e-06
-2.40656e-06
-8.10967e-06
-8.04759e-06
-7.94754e-06
-7.8078e-06
-7.62955e-06
-7.41784e-06
-7.18048e-06
-6.92624e-06
-6.66345e-06
-6.3992e-06
-6.13933e-06
-5.88852e-06
-5.65204e-06
-5.43642e-06
-5.25103e-06
-5.11334e-06
-5.0427e-06
-5.07675e-06
-5.26249e-06
-5.6396e-06
-6.30392e-06
-7.28769e-06
-8.47018e-06
-9.67099e-06
-1.06826e-05
-1.1415e-05
-1.18324e-05
-1.19192e-05
-1.16809e-05
-1.1143e-05
-1.0347e-05
-9.34778e-06
-8.21046e-06
-7.00709e-06
-5.81186e-06
-4.69611e-06
-3.72308e-06
-2.94333e-06
-2.39102e-06
-2.08197e-06
-2.01344e-06
-2.16627e-06
-2.50532e-06
-2.99072e-06
-3.57833e-06
-7.62001e-06
-7.58204e-06
-7.5133e-06
-7.41194e-06
-7.27767e-06
-7.11294e-06
-6.92266e-06
-6.71318e-06
-6.49134e-06
-6.2637e-06
-6.03657e-06
-5.81564e-06
-5.60749e-06
-5.41989e-06
-5.26299e-06
-5.15462e-06
-5.11297e-06
-5.17351e-06
-5.37899e-06
-5.76275e-06
-6.41388e-06
-7.3472e-06
-8.45894e-06
-9.57875e-06
-1.05261e-05
-1.12053e-05
-1.15921e-05
-1.16768e-05
-1.14686e-05
-1.09955e-05
-1.03002e-05
-9.43628e-06
-8.46466e-06
-7.45e-06
-6.45624e-06
-5.54219e-06
-4.75756e-06
-4.13975e-06
-3.71188e-06
-3.48223e-06
-3.44504e-06
-3.58287e-06
-3.87001e-06
-4.27382e-06
-4.76238e-06
-7.10699e-06
-7.09206e-06
-7.052e-06
-6.98522e-06
-6.89089e-06
-6.77001e-06
-6.6255e-06
-6.46178e-06
-6.28419e-06
-6.09841e-06
-5.9106e-06
-5.72683e-06
-5.55453e-06
-5.40213e-06
-5.2804e-06
-5.2069e-06
-5.1987e-06
-5.2886e-06
-5.51342e-06
-5.90366e-06
-6.53379e-06
-7.41123e-06
-8.45089e-06
-9.46554e-06
-1.03338e-05
-1.09658e-05
-1.1326e-05
-1.14153e-05
-1.12479e-05
-1.0853e-05
-1.0272e-05
-9.55505e-06
-8.75659e-06
-7.93208e-06
-7.13433e-06
-6.41008e-06
-5.79716e-06
-5.32265e-06
-5.00205e-06
-4.83953e-06
-4.82906e-06
-4.95648e-06
-5.20184e-06
-5.54248e-06
-5.9536e-06
-6.57387e-06
-6.58133e-06
-6.56816e-06
-6.53318e-06
-6.47553e-06
-6.39553e-06
-6.29493e-06
-6.17676e-06
-6.0451e-06
-5.90468e-06
-5.76103e-06
-5.62029e-06
-5.49009e-06
-5.3791e-06
-5.29807e-06
-5.26423e-06
-5.29283e-06
-5.41304e-06
-5.65678e-06
-6.05011e-06
-6.65123e-06
-7.47943e-06
-8.42077e-06
-9.32468e-06
-1.01085e-05
-1.06937e-05
-1.10347e-05
-1.11378e-05
-1.10225e-05
-1.07177e-05
-1.02617e-05
-9.69887e-06
-9.0755e-06
-8.43712e-06
-7.82565e-06
-7.27707e-06
-6.8195e-06
-6.47241e-06
-6.24636e-06
-6.14362e-06
-6.1592e-06
-6.28243e-06
-6.49876e-06
-6.79162e-06
-7.1435e-06
-6.026e-06
-6.05546e-06
-6.06797e-06
-6.06273e-06
-6.03912e-06
-5.99729e-06
-5.93838e-06
-5.86459e-06
-5.77908e-06
-5.68582e-06
-5.58899e-06
-5.49515e-06
-5.41136e-06
-5.34596e-06
-5.30878e-06
-5.31796e-06
-5.38497e-06
-5.53496e-06
-5.79557e-06
-6.18605e-06
-6.75264e-06
-7.51814e-06
-8.35061e-06
-9.15014e-06
-9.85729e-06
-1.03942e-05
-1.07221e-05
-1.08489e-05
-1.07959e-05
-1.05904e-05
-1.02654e-05
-9.85808e-06
-9.40598e-06
-8.94484e-06
-8.50676e-06
-8.11863e-06
-7.80115e-06
-7.56837e-06
-7.42783e-06
-7.38113e-06
-7.42477e-06
-7.55136e-06
-7.75072e-06
-8.01124e-06
-8.32053e-06
-5.47112e-06
-5.52222e-06
-5.55947e-06
-5.58235e-06
-5.59053e-06
-5.58422e-06
-5.56437e-06
-5.53263e-06
-5.49151e-06
-5.44421e-06
-5.39585e-06
-5.35072e-06
-5.3154e-06
-5.29803e-06
-5.30855e-06
-5.35718e-06
-5.46042e-06
-5.63699e-06
-5.90925e-06
-6.29309e-06
-6.8195e-06
-7.50213e-06
-8.24031e-06
-8.94706e-06
-9.57493e-06
-1.0066e-05
-1.03892e-05
-1.05502e-05
-1.05683e-05
-1.04673e-05
-1.02743e-05
-1.00186e-05
-9.72909e-06
-9.43272e-06
-9.15342e-06
-8.9105e-06
-8.71942e-06
-8.5905e-06
-8.52937e-06
-8.53758e-06
-8.61315e-06
-8.75139e-06
-8.94565e-06
-9.18811e-06
-9.47022e-06
-4.9203e-06
-4.99227e-06
-5.05297e-06
-5.10214e-06
-5.1397e-06
-5.16605e-06
-5.18214e-06
-5.18948e-06
-5.19022e-06
-5.18719e-06
-5.1841e-06
-5.18531e-06
-5.19638e-06
-5.22432e-06
-5.27715e-06
-5.36529e-06
-5.50113e-06
-5.69893e-06
-5.97687e-06
-6.34764e-06
-6.82821e-06
-7.42886e-06
-8.08166e-06
-8.70186e-06
-9.25513e-06
-9.70713e-06
-1.00349e-05
-1.02391e-05
-1.0334e-05
-1.03387e-05
-1.0274e-05
-1.01615e-05
-1.0023e-05
-9.8772e-06
-9.74196e-06
-9.6308e-06
-9.55439e-06
-9.52164e-06
-9.53658e-06
-9.60079e-06
-9.71357e-06
-9.87233e-06
-1.00731e-05
-1.03109e-05
-1.05801e-05
-4.38765e-06
-4.47873e-06
-4.56062e-06
-4.63333e-06
-4.69701e-06
-4.75225e-06
-4.80008e-06
-4.84194e-06
-4.87971e-06
-4.91578e-06
-4.95319e-06
-4.99574e-06
-5.04808e-06
-5.11601e-06
-5.20621e-06
-5.32707e-06
-5.48821e-06
-5.69998e-06
-5.97569e-06
-6.32569e-06
-6.75993e-06
-7.28711e-06
-7.85903e-06
-8.40274e-06
-8.89477e-06
-9.31806e-06
-9.65699e-06
-9.90853e-06
-1.00809e-05
-1.01871e-05
-1.02423e-05
-1.02613e-05
-1.02596e-05
-1.02501e-05
-1.02446e-05
-1.02536e-05
-1.0284e-05
-1.03425e-05
-1.04328e-05
-1.05563e-05
-1.07134e-05
-1.09029e-05
-1.11227e-05
-1.13699e-05
-1.1641e-05
-3.8909e-06
-3.998e-06
-4.09732e-06
-4.1893e-06
-4.27437e-06
-4.35328e-06
-4.42709e-06
-4.49719e-06
-4.56526e-06
-4.63333e-06
-4.70391e-06
-4.78011e-06
-4.86572e-06
-4.96527e-06
-5.08408e-06
-5.22844e-06
-5.40556e-06
-5.62351e-06
-5.89164e-06
-6.21705e-06
-6.60765e-06
-7.07198e-06
-7.56722e-06
-8.04994e-06
-8.49736e-06
-8.90133e-06
-9.25323e-06
-9.54929e-06
-9.79272e-06
-9.99094e-06
-1.0153e-05
-1.02886e-05
-1.04073e-05
-1.05183e-05
-1.06293e-05
-1.07481e-05
-1.088e-05
-1.10277e-05
-1.11944e-05
-1.13821e-05
-1.15917e-05
-1.18229e-05
-1.20748e-05
-1.23459e-05
-1.26343e-05
-3.4592e-06
-3.57848e-06
-3.69044e-06
-3.796e-06
-3.89618e-06
-3.99193e-06
-4.08417e-06
-4.17417e-06
-4.26346e-06
-4.35379e-06
-4.44723e-06
-4.54632e-06
-4.65408e-06
-4.77406e-06
-4.91034e-06
-5.0677e-06
-5.25156e-06
-5.46774e-06
-5.72359e-06
-6.02726e-06
-6.38574e-06
-6.81265e-06
-7.24494e-06
-7.68208e-06
-8.10015e-06
-8.49566e-06
-8.86344e-06
-9.19921e-06
-9.5027e-06
-9.7769e-06
-1.00266e-05
-1.02576e-05
-1.04759e-05
-1.06871e-05
-1.08963e-05
-1.11077e-05
-1.1325e-05
-1.15509e-05
-1.17876e-05
-1.20367e-05
-1.22992e-05
-1.25754e-05
-1.28651e-05
-1.31677e-05
-1.34821e-05
-3.13986e-06
-3.26668e-06
-3.38327e-06
-3.49459e-06
-3.60301e-06
-3.70847e-06
-3.81112e-06
-3.91225e-06
-4.01332e-06
-4.11591e-06
-4.22182e-06
-4.33318e-06
-4.45249e-06
-4.58259e-06
-4.72683e-06
-4.88896e-06
-5.07326e-06
-5.2849e-06
-5.52874e-06
-5.80889e-06
-6.13307e-06
-6.50397e-06
-6.93692e-06
-7.35562e-06
-7.76026e-06
-8.15415e-06
-8.5343e-06
-8.89705e-06
-9.24077e-06
-9.56614e-06
-9.87565e-06
-1.01727e-05
-1.04609e-05
-1.07437e-05
-1.10242e-05
-1.13051e-05
-1.15888e-05
-1.18774e-05
-1.21723e-05
-1.24748e-05
-1.27857e-05
-1.31054e-05
-1.3434e-05
-1.37711e-05
-1.41163e-05
-2.89847e-06
-3.02756e-06
-3.14898e-06
-3.26576e-06
-3.37942e-06
-3.49023e-06
-3.59896e-06
-3.70677e-06
-3.81497e-06
-3.92502e-06
-4.03853e-06
-4.15739e-06
-4.28377e-06
-4.42015e-06
-4.56936e-06
-4.73462e-06
-4.91963e-06
-5.12848e-06
-5.36605e-06
-5.6381e-06
-5.95059e-06
-6.30884e-06
-6.70651e-06
-7.1066e-06
-7.50274e-06
-7.89539e-06
-8.28212e-06
-8.66005e-06
-9.02755e-06
-9.38465e-06
-9.73263e-06
-1.00734e-05
-1.0409e-05
-1.07414e-05
-1.10724e-05
-1.14038e-05
-1.17371e-05
-1.20735e-05
-1.24141e-05
-1.27597e-05
-1.31109e-05
-1.34679e-05
-1.38308e-05
-1.41995e-05
-1.45735e-05
-2.71762e-06
-2.8487e-06
-2.97408e-06
-3.09484e-06
-3.2121e-06
-3.32679e-06
-3.43985e-06
-3.55239e-06
-3.66563e-06
-3.78094e-06
-3.89986e-06
-4.02413e-06
-4.15573e-06
-4.29688e-06
-4.45011e-06
-4.61829e-06
-4.80472e-06
-5.01327e-06
-5.24811e-06
-5.51417e-06
-5.81703e-06
-6.16102e-06
-6.53882e-06
-6.92589e-06
-7.31505e-06
-7.70511e-06
-8.09395e-06
-8.47959e-06
-8.86089e-06
-9.23767e-06
-9.61044e-06
-9.98009e-06
-1.03477e-05
-1.07142e-05
-1.10808e-05
-1.14483e-05
-1.18177e-05
-1.21897e-05
-1.2565e-05
-1.2944e-05
-1.3327e-05
-1.37141e-05
-1.41053e-05
-1.45004e-05
-1.48991e-05
-2.57977e-06
-2.71361e-06
-2.84213e-06
-2.96619e-06
-3.08687e-06
-3.2052e-06
-3.3222e-06
-3.43895e-06
-3.55666e-06
-3.67664e-06
-3.80038e-06
-3.92951e-06
-4.06587e-06
-4.21151e-06
-4.36874e-06
-4.54017e-06
-4.72875e-06
-4.93778e-06
-5.17101e-06
-5.43287e-06
-5.72844e-06
-6.06252e-06
-6.42722e-06
-6.80396e-06
-7.18596e-06
-7.57169e-06
-7.95952e-06
-8.34814e-06
-8.73676e-06
-9.12503e-06
-9.51301e-06
-9.901e-06
-1.02894e-05
-1.06788e-05
-1.10695e-05
-1.14623e-05
-1.18574e-05
-1.22552e-05
-1.26562e-05
-1.30603e-05
-1.34678e-05
-1.38785e-05
-1.42923e-05
-1.47088e-05
-1.51278e-05
-2.47452e-06
-2.61157e-06
-2.74347e-06
-2.87112e-06
-2.99554e-06
-3.11779e-06
-3.23889e-06
-3.35992e-06
-3.48209e-06
-3.60669e-06
-3.73516e-06
-3.86905e-06
-4.01009e-06
-4.16018e-06
-4.32146e-06
-4.49626e-06
-4.68726e-06
-4.89739e-06
-5.13012e-06
-5.38952e-06
-5.67979e-06
-6.00548e-06
-6.35986e-06
-6.7272e-06
-7.10159e-06
-7.48179e-06
-7.86658e-06
-8.25502e-06
-8.64648e-06
-9.04056e-06
-9.43708e-06
-9.83602e-06
-1.02375e-05
-1.06415e-05
-1.10485e-05
-1.14584e-05
-1.18715e-05
-1.22878e-05
-1.27074e-05
-1.31303e-05
-1.35562e-05
-1.3985e-05
-1.44164e-05
-1.48499e-05
-1.52852e-05
-2.39513e-06
-2.53595e-06
-2.67169e-06
-2.80327e-06
-2.93173e-06
-3.0581e-06
-3.18343e-06
-3.30882e-06
-3.43546e-06
-3.56464e-06
-3.69774e-06
-3.83626e-06
-3.98183e-06
-4.13623e-06
-4.30143e-06
-4.47956e-06
-4.67307e-06
-4.88468e-06
-5.1173e-06
-5.37499e-06
-5.66074e-06
-5.97916e-06
-6.32422e-06
-6.68254e-06
-7.04921e-06
-7.42324e-06
-7.80368e-06
-8.18981e-06
-8.58112e-06
-8.97721e-06
-9.37779e-06
-9.7827e-06
-1.01918e-05
-1.06051e-05
-1.10225e-05
-1.1444e-05
-1.18694e-05
-1.22987e-05
-1.27317e-05
-1.31682e-05
-1.36079e-05
-1.40505e-05
-1.44954e-05
-1.49422e-05
-1.53904e-05
-2.33635e-06
-2.48125e-06
-2.62104e-06
-2.75671e-06
-2.88929e-06
-3.01982e-06
-3.14936e-06
-3.27903e-06
-3.41001e-06
-3.54358e-06
-3.68108e-06
-3.82396e-06
-3.97378e-06
-4.13219e-06
-4.30105e-06
-4.48232e-06
-4.67823e-06
-4.89113e-06
-5.12301e-06
-5.37968e-06
-5.66142e-06
-5.97311e-06
-6.30943e-06
-6.65918e-06
-7.01827e-06
-7.38582e-06
-7.76111e-06
-8.1436e-06
-8.53288e-06
-8.92858e-06
-9.33038e-06
-9.73803e-06
-1.01513e-05
-1.057e-05
-1.0994e-05
-1.1423e-05
-1.18568e-05
-1.22952e-05
-1.27378e-05
-1.31843e-05
-1.36343e-05
-1.40873e-05
-1.45427e-05
-1.49999e-05
-1.54584e-05
-2.29361e-06
-2.44263e-06
-2.58647e-06
-2.72615e-06
-2.86273e-06
-2.99726e-06
-3.1308e-06
-3.26448e-06
-3.39951e-06
-3.53712e-06
-3.67865e-06
-3.82548e-06
-3.9791e-06
-4.1411e-06
-4.31318e-06
-4.49719e-06
-4.69521e-06
-4.90946e-06
-5.14325e-06
-5.39588e-06
-5.67357e-06
-5.97889e-06
-6.30704e-06
-6.64871e-06
-7.00044e-06
-7.36148e-06
-7.73128e-06
-8.10947e-06
-8.49569e-06
-8.88961e-06
-9.29092e-06
-9.69931e-06
-1.01145e-05
-1.05362e-05
-1.09642e-05
-1.13981e-05
-1.18376e-05
-1.22824e-05
-1.2732e-05
-1.31859e-05
-1.36437e-05
-1.41047e-05
-1.45684e-05
-1.5034e-05
-1.55008e-05
-2.26301e-06
-2.41596e-06
-2.56362e-06
-2.70707e-06
-2.84736e-06
-2.98554e-06
-3.12271e-06
-3.26002e-06
-3.39866e-06
-3.53987e-06
-3.68494e-06
-3.83522e-06
-3.99214e-06
-4.1572e-06
-4.33201e-06
-4.51828e-06
-4.71786e-06
-4.93275e-06
-5.16559e-06
-5.4171e-06
-5.69099e-06
-5.99031e-06
-6.31089e-06
-6.64503e-06
-6.98979e-06
-7.34453e-06
-7.70888e-06
-8.08256e-06
-8.46528e-06
-8.85674e-06
-9.25662e-06
-9.6646e-06
-1.00804e-05
-1.05036e-05
-1.0934e-05
-1.13712e-05
-1.18146e-05
-1.2264e-05
-1.27187e-05
-1.31784e-05
-1.36422e-05
-1.41097e-05
-1.458e-05
-1.50525e-05
-1.55264e-05
-2.24128e-06
-2.39781e-06
-2.54895e-06
-2.69579e-06
-2.83937e-06
-2.98079e-06
-3.12116e-06
-3.26163e-06
-3.4034e-06
-3.5477e-06
-3.69579e-06
-3.84901e-06
-4.00871e-06
-4.17633e-06
-4.35337e-06
-4.5414e-06
-4.74212e-06
-4.95727e-06
-5.18954e-06
-5.4396e-06
-5.70965e-06
-6.00339e-06
-6.31701e-06
-6.64421e-06
-6.98248e-06
-7.33133e-06
-7.69049e-06
-8.05978e-06
-8.43894e-06
-8.82769e-06
-9.22573e-06
-9.63274e-06
-1.00484e-05
-1.04723e-05
-1.09042e-05
-1.13435e-05
-1.17898e-05
-1.22426e-05
-1.27014e-05
-1.31656e-05
-1.36344e-05
-1.41072e-05
-1.45831e-05
-1.50615e-05
-1.55414e-05
-2.22585e-06
-2.38556e-06
-2.53976e-06
-2.68954e-06
-2.83598e-06
-2.98018e-06
-3.12328e-06
-3.26644e-06
-3.41086e-06
-3.55777e-06
-3.7084e-06
-3.86406e-06
-4.02606e-06
-4.19577e-06
-4.37461e-06
-4.56403e-06
-4.76556e-06
-4.98077e-06
-5.21276e-06
-5.46064e-06
-5.72713e-06
-6.0158e-06
-6.32308e-06
-6.64397e-06
-6.97633e-06
-7.31977e-06
-7.67416e-06
-8.03934e-06
-8.41509e-06
-8.80115e-06
-9.19724e-06
-9.60305e-06
-1.00182e-05
-1.04424e-05
-1.08752e-05
-1.13161e-05
-1.17646e-05
-1.22202e-05
-1.26822e-05
-1.31501e-05
-1.36231e-05
-1.41004e-05
-1.45813e-05
-1.50648e-05
-1.555e-05
-2.21482e-06
-2.37729e-06
-2.53412e-06
-2.68641e-06
-2.83527e-06
-2.98182e-06
-3.12721e-06
-3.27262e-06
-3.41925e-06
-3.56831e-06
-3.72105e-06
-3.87872e-06
-4.0426e-06
-4.21401e-06
-4.39428e-06
-4.58478e-06
-4.78689e-06
-5.00237e-06
-5.23344e-06
-5.47891e-06
-5.7425e-06
-6.02646e-06
-6.328e-06
-6.64318e-06
-6.9702e-06
-7.30877e-06
-7.65884e-06
-8.02027e-06
-8.39287e-06
-8.77641e-06
-9.17063e-06
-9.57522e-06
-9.98981e-06
-1.0414e-05
-1.08474e-05
-1.12896e-05
-1.17399e-05
-1.21978e-05
-1.26626e-05
-1.31337e-05
-1.36103e-05
-1.40917e-05
-1.45768e-05
-1.50649e-05
-1.5555e-05
-2.20688e-06
-2.3717e-06
-2.53075e-06
-2.68515e-06
-2.83603e-06
-2.98452e-06
-3.13181e-06
-3.27908e-06
-3.42753e-06
-3.57837e-06
-3.73283e-06
-3.89215e-06
-4.05756e-06
-4.23034e-06
-4.41174e-06
-4.60306e-06
-4.80565e-06
-5.02135e-06
-5.25078e-06
-5.4945e-06
-5.75544e-06
-6.035e-06
-6.33136e-06
-6.64143e-06
-6.96365e-06
-7.29787e-06
-7.64406e-06
-8.00213e-06
-8.37189e-06
-8.75316e-06
-9.14565e-06
-9.54908e-06
-9.96309e-06
-1.03873e-05
-1.08212e-05
-1.12644e-05
-1.17162e-05
-1.21761e-05
-1.26434e-05
-1.31174e-05
-1.35972e-05
-1.40821e-05
-1.45712e-05
-1.50634e-05
-1.55578e-05
-2.20112e-06
-2.36792e-06
-2.52883e-06
-2.68498e-06
-2.83752e-06
-2.98763e-06
-3.13647e-06
-3.28526e-06
-3.4352e-06
-3.58749e-06
-3.74336e-06
-3.90402e-06
-4.07067e-06
-4.24454e-06
-4.42685e-06
-4.6188e-06
-4.82173e-06
-5.03731e-06
-5.26531e-06
-5.50748e-06
-5.7659e-06
-6.0415e-06
-6.33317e-06
-6.63866e-06
-6.95661e-06
-7.28696e-06
-7.6297e-06
-7.98477e-06
-8.35201e-06
-8.73124e-06
-9.1222e-06
-9.5246e-06
-9.93807e-06
-1.03622e-05
-1.07966e-05
-1.12406e-05
-1.16938e-05
-1.21555e-05
-1.2625e-05
-1.31016e-05
-1.35844e-05
-1.40725e-05
-1.45651e-05
-1.50611e-05
-1.55595e-05
-2.19694e-06
-2.36539e-06
-2.52784e-06
-2.68544e-06
-2.83935e-06
-2.99076e-06
-3.14088e-06
-3.29091e-06
-3.44206e-06
-3.59553e-06
-3.75254e-06
-3.91428e-06
-4.08194e-06
-4.25669e-06
-4.4397e-06
-4.63212e-06
-4.83522e-06
-5.05045e-06
-5.27749e-06
-5.51808e-06
-5.77414e-06
-6.0462e-06
-6.33364e-06
-6.63504e-06
-6.9492e-06
-7.27611e-06
-7.6158e-06
-7.96822e-06
-8.33324e-06
-8.71067e-06
-9.10028e-06
-9.50177e-06
-9.91478e-06
-1.03389e-05
-1.07737e-05
-1.12186e-05
-1.1673e-05
-1.21363e-05
-1.26078e-05
-1.30867e-05
-1.35722e-05
-1.40633e-05
-1.4559e-05
-1.50585e-05
-1.55604e-05
-2.19392e-06
-2.36375e-06
-2.52746e-06
-2.68624e-06
-2.84127e-06
-2.99375e-06
-3.1449e-06
-3.29593e-06
-3.44806e-06
-3.60249e-06
-3.76042e-06
-3.92304e-06
-4.0915e-06
-4.26695e-06
-4.4505e-06
-4.64326e-06
-4.84643e-06
-5.0612e-06
-5.28748e-06
-5.52665e-06
-5.78048e-06
-6.04937e-06
-6.33308e-06
-6.63083e-06
-6.94163e-06
-7.26551e-06
-7.60252e-06
-7.95261e-06
-8.31567e-06
-8.69154e-06
-9.07997e-06
-9.48068e-06
-9.89331e-06
-1.03174e-05
-1.07526e-05
-1.11983e-05
-1.16538e-05
-1.21186e-05
-1.25919e-05
-1.3073e-05
-1.35608e-05
-1.40546e-05
-1.45533e-05
-1.50558e-05
-1.5561e-05
-2.19176e-06
-2.36274e-06
-2.52751e-06
-2.68726e-06
-2.8432e-06
-2.99655e-06
-3.14854e-06
-3.30038e-06
-3.4533e-06
-3.60851e-06
-3.76719e-06
-3.93051e-06
-4.09962e-06
-4.27562e-06
-4.45959e-06
-4.65259e-06
-4.85575e-06
-5.0701e-06
-5.29559e-06
-5.53351e-06
-5.78533e-06
-6.05135e-06
-6.33173e-06
-6.6262e-06
-6.93403e-06
-7.25522e-06
-7.58986e-06
-7.9379e-06
-8.29925e-06
-8.67374e-06
-9.06116e-06
-9.4612e-06
-9.87352e-06
-1.02977e-05
-1.07332e-05
-1.11796e-05
-1.16362e-05
-1.21024e-05
-1.25773e-05
-1.30603e-05
-1.35503e-05
-1.40465e-05
-1.45478e-05
-1.50531e-05
-1.55614e-05
-2.19021e-06
-2.3622e-06
-2.52789e-06
-2.68848e-06
-2.84521e-06
-2.9993e-06
-3.15199e-06
-3.30453e-06
-3.45812e-06
-3.61398e-06
-3.7733e-06
-3.93722e-06
-4.10687e-06
-4.28332e-06
-4.46763e-06
-4.6608e-06
-4.8639e-06
-5.07783e-06
-5.30252e-06
-5.53919e-06
-5.78913e-06
-6.05244e-06
-6.32963e-06
-6.62103e-06
-6.92607e-06
-7.24476e-06
-7.57717e-06
-7.9233e-06
-8.28306e-06
-8.65629e-06
-9.04277e-06
-9.4422e-06
-9.85425e-06
-1.02785e-05
-1.07144e-05
-1.11615e-05
-1.16191e-05
-1.20866e-05
-1.25631e-05
-1.30479e-05
-1.354e-05
-1.40385e-05
-1.45424e-05
-1.50505e-05
-1.55616e-05
-2.18911e-06
-2.36198e-06
-2.52844e-06
-2.68976e-06
-2.84716e-06
-3.0019e-06
-3.15522e-06
-3.30836e-06
-3.46255e-06
-3.61901e-06
-3.7789e-06
-3.94336e-06
-4.1135e-06
-4.29037e-06
-4.47498e-06
-4.66829e-06
-4.8713e-06
-5.08482e-06
-5.30866e-06
-5.54403e-06
-5.79211e-06
-6.05287e-06
-6.32693e-06
-6.61533e-06
-6.91766e-06
-7.2339e-06
-7.56416e-06
-7.90843e-06
-8.26664e-06
-8.63864e-06
-9.02422e-06
-9.42308e-06
-9.83487e-06
-1.02592e-05
-1.06955e-05
-1.11433e-05
-1.16019e-05
-1.20707e-05
-1.25488e-05
-1.30355e-05
-1.35297e-05
-1.40306e-05
-1.4537e-05
-1.50478e-05
-1.55617e-05
5.39133e-07
-6.02917e-06
-7.79645e-06
-8.86039e-06
-9.95046e-06
-1.10715e-05
-1.22227e-05
-1.34047e-05
-1.46183e-05
-1.58685e-05
-1.71635e-05
-1.85168e-05
-1.99493e-05
-2.14957e-05
-2.32053e-05
1.59243e-06
-3.95533e-06
-6.53975e-06
-8.19285e-06
-9.5873e-06
-1.08625e-05
-1.20971e-05
-1.33277e-05
-1.45709e-05
-1.58393e-05
-1.71453e-05
-1.85048e-05
-1.99401e-05
-2.14865e-05
-2.31937e-05
2.03733e-06
-2.73813e-06
-5.65536e-06
-7.64803e-06
-9.25954e-06
-1.06668e-05
-1.19791e-05
-1.32562e-05
-1.45277e-05
-1.58133e-05
-1.71294e-05
-1.84943e-05
-1.99315e-05
-2.14772e-05
-2.31811e-05
1.8491e-06
-2.11645e-06
-5.04306e-06
-7.21409e-06
-8.97291e-06
-1.04888e-05
-1.18721e-05
-1.31929e-05
-1.44911e-05
-1.57925e-05
-1.71173e-05
-1.84864e-05
-1.99244e-05
-2.14684e-05
-2.31681e-05
1.38357e-06
-1.75502e-06
-4.53832e-06
-6.80069e-06
-8.67724e-06
-1.02961e-05
-1.17543e-05
-1.3124e-05
-1.44524e-05
-1.57714e-05
-1.71058e-05
-1.84789e-05
-1.99173e-05
-2.14588e-05
-2.31532e-05
8.81269e-07
-1.6701e-06
-4.17962e-06
-6.41873e-06
-8.36537e-06
-1.00735e-05
-1.16093e-05
-1.30354e-05
-1.44011e-05
-1.5743e-05
-1.709e-05
-1.84688e-05
-1.9908e-05
-2.14466e-05
-2.31349e-05
2.63929e-07
-1.8159e-06
-4.00722e-06
-6.12302e-06
-8.0692e-06
-9.8309e-06
-1.14332e-05
-1.29178e-05
-1.43272e-05
-1.56984e-05
-1.7063e-05
-1.84508e-05
-1.98926e-05
-2.14289e-05
-2.31107e-05
-4.74896e-07
-2.1699e-06
-4.04347e-06
-5.96831e-06
-7.83951e-06
-9.60127e-06
-1.12408e-05
-1.27729e-05
-1.42256e-05
-1.56302e-05
-1.70176e-05
-1.84186e-05
-1.9866e-05
-2.14017e-05
-2.30773e-05
-1.31376e-06
-2.70055e-06
-4.28351e-06
-5.9865e-06
-7.72411e-06
-9.42882e-06
-1.10633e-05
-1.26179e-05
-1.41026e-05
-1.55378e-05
-1.69494e-05
-1.83668e-05
-1.98228e-05
-2.13598e-05
-2.30299e-05
-2.23254e-06
-3.37383e-06
-4.70437e-06
-6.18366e-06
-7.75343e-06
-9.35372e-06
-1.09383e-05
-1.24812e-05
-1.39758e-05
-1.543e-05
-1.68611e-05
-1.8294e-05
-1.97597e-05
-2.12992e-05
-2.29641e-05
-3.21468e-06
-4.15976e-06
-5.27692e-06
-6.5478e-06
-7.93778e-06
-9.40249e-06
-1.08988e-05
-1.23942e-05
-1.38704e-05
-1.53239e-05
-1.67627e-05
-1.8205e-05
-1.96776e-05
-2.12182e-05
-2.28768e-05
-4.24785e-06
-5.035e-06
-5.97396e-06
-7.05911e-06
-8.27282e-06
-9.5868e-06
-1.09676e-05
-1.23838e-05
-1.38123e-05
-1.52413e-05
-1.66703e-05
-1.81101e-05
-1.95824e-05
-2.1119e-05
-2.27672e-05
-5.32152e-06
-5.9812e-06
-6.77243e-06
-7.69645e-06
-8.74652e-06
-9.90738e-06
-1.11569e-05
-1.24702e-05
-1.38245e-05
-1.52042e-05
-1.66027e-05
-1.80241e-05
-1.9484e-05
-2.10078e-05
-2.26384e-05
-6.42532e-06
-6.98255e-06
-7.65242e-06
-8.43951e-06
-9.34343e-06
-1.0358e-05
-1.14712e-05
-1.26664e-05
-1.39256e-05
-1.52333e-05
-1.65799e-05
-1.79643e-05
-1.93961e-05
-2.08954e-05
-2.24966e-05
-7.54739e-06
-8.02363e-06
-8.59535e-06
-9.26853e-06
-1.00461e-05
-1.09277e-05
-1.19085e-05
-1.29799e-05
-1.413e-05
-1.5347e-05
-1.66213e-05
-1.79494e-05
-1.93355e-05
-2.07939e-05
-2.23514e-05
-8.67397e-06
-9.08828e-06
-9.58286e-06
-1.01639e-05
-1.08359e-05
-1.16015e-05
-1.24608e-05
-1.34113e-05
-1.44471e-05
-1.5561e-05
-1.67462e-05
-1.79988e-05
-1.93206e-05
-2.07191e-05
-2.22159e-05
-9.78933e-06
-1.01594e-05
-1.05964e-05
-1.11063e-05
-1.16935e-05
-1.23621e-05
-1.31152e-05
-1.39543e-05
-1.48788e-05
-1.58857e-05
-1.69712e-05
-1.81325e-05
-1.9371e-05
-2.06911e-05
-2.21053e-05
-1.08798e-05
-1.12217e-05
-1.16193e-05
-1.20774e-05
-1.26003e-05
-1.31923e-05
-1.38571e-05
-1.45982e-05
-1.54188e-05
-1.63216e-05
-1.7305e-05
-1.83662e-05
-1.95055e-05
-2.07285e-05
-2.20406e-05
-1.19363e-05
-1.2266e-05
-1.26412e-05
-1.30658e-05
-1.35438e-05
-1.40789e-05
-1.4675e-05
-1.53363e-05
-1.60657e-05
-1.6868e-05
-1.77481e-05
-1.8706e-05
-1.9737e-05
-2.08475e-05
-2.20399e-05
-1.2941e-05
-1.32751e-05
-1.36451e-05
-1.40545e-05
-1.45065e-05
-1.50044e-05
-1.55518e-05
-1.61526e-05
-1.68112e-05
-1.75292e-05
-1.83099e-05
-1.91565e-05
-2.00749e-05
-2.10625e-05
-2.21206e-05
-1.38103e-05
-1.41601e-05
-1.45383e-05
-1.49473e-05
-1.53895e-05
-1.58678e-05
-1.63848e-05
-1.69434e-05
-1.75465e-05
-1.81958e-05
-1.88949e-05
-1.96529e-05
-2.04696e-05
-2.13425e-05
-2.22703e-05
-1.44717e-05
-1.48442e-05
-1.52389e-05
-1.56577e-05
-1.61021e-05
-1.65743e-05
-1.70762e-05
-1.76102e-05
-1.81785e-05
-1.87846e-05
-1.94307e-05
-2.01186e-05
-2.08514e-05
-2.16283e-05
-2.24484e-05
-1.4955e-05
-1.53498e-05
-1.57621e-05
-1.6193e-05
-1.66438e-05
-1.7116e-05
-1.76112e-05
-1.81311e-05
-1.86776e-05
-1.92527e-05
-1.98573e-05
-2.04918e-05
-2.11596e-05
-2.18616e-05
-2.25967e-05
-1.53032e-05
-1.57178e-05
-1.6146e-05
-1.65888e-05
-1.70469e-05
-1.75215e-05
-1.80135e-05
-1.85241e-05
-1.90544e-05
-1.96053e-05
-2.01778e-05
-2.07732e-05
-2.13933e-05
-2.2038e-05
-2.27066e-05
-1.55508e-05
-1.59819e-05
-1.64238e-05
-1.68769e-05
-1.73417e-05
-1.78189e-05
-1.83091e-05
-1.88129e-05
-1.93308e-05
-1.98638e-05
-2.04124e-05
-2.0978e-05
-2.15609e-05
-2.2161e-05
-2.27781e-05
-1.57234e-05
-1.6168e-05
-1.6621e-05
-1.70827e-05
-1.75531e-05
-1.80327e-05
-1.85217e-05
-1.90203e-05
-1.9529e-05
-2.00482e-05
-2.05784e-05
-2.11203e-05
-2.1674e-05
-2.22395e-05
-2.28163e-05
-1.58408e-05
-1.62963e-05
-1.67584e-05
-1.72269e-05
-1.7702e-05
-1.81836e-05
-1.86718e-05
-1.91666e-05
-1.96681e-05
-2.01766e-05
-2.06923e-05
-2.12156e-05
-2.17464e-05
-2.22845e-05
-2.28298e-05
-1.59187e-05
-1.6383e-05
-1.68524e-05
-1.73267e-05
-1.78057e-05
-1.82892e-05
-1.8777e-05
-1.9269e-05
-1.9765e-05
-2.02653e-05
-2.07695e-05
-2.12781e-05
-2.17907e-05
-2.23072e-05
-2.28276e-05
-1.59692e-05
-1.64409e-05
-1.69165e-05
-1.73958e-05
-1.78783e-05
-1.83636e-05
-1.88515e-05
-1.93415e-05
-1.98334e-05
-2.03271e-05
-2.08226e-05
-2.13195e-05
-2.18176e-05
-2.2317e-05
-2.28173e-05
-1.60017e-05
-1.64797e-05
-1.69608e-05
-1.74444e-05
-1.79302e-05
-1.84174e-05
-1.89057e-05
-1.93946e-05
-1.98835e-05
-2.03722e-05
-2.08606e-05
-2.13482e-05
-2.18348e-05
-2.23202e-05
-2.28041e-05
-1.60227e-05
-1.65063e-05
-1.69923e-05
-1.748e-05
-1.79688e-05
-1.8458e-05
-1.89471e-05
-1.94353e-05
-1.99222e-05
-2.04071e-05
-2.08898e-05
-2.137e-05
-2.18471e-05
-2.2321e-05
-2.27912e-05
-1.60368e-05
-1.65254e-05
-1.70158e-05
-1.75072e-05
-1.7999e-05
-1.84903e-05
-1.89803e-05
-1.94683e-05
-1.99537e-05
-2.04357e-05
-2.09139e-05
-2.1388e-05
-2.18572e-05
-2.23215e-05
-2.27802e-05
-1.60465e-05
-1.65397e-05
-1.70342e-05
-1.75292e-05
-1.80238e-05
-1.85171e-05
-1.90082e-05
-1.94963e-05
-1.99806e-05
-2.04604e-05
-2.09351e-05
-2.14041e-05
-2.18668e-05
-2.23229e-05
-2.27718e-05
-1.60538e-05
-1.65512e-05
-1.70495e-05
-1.75477e-05
-1.8045e-05
-1.85403e-05
-1.90326e-05
-1.9521e-05
-2.00046e-05
-2.04826e-05
-2.09544e-05
-2.14191e-05
-2.18763e-05
-2.23255e-05
-2.27658e-05
-1.60595e-05
-1.65607e-05
-1.70625e-05
-1.75638e-05
-1.80636e-05
-1.85608e-05
-1.90544e-05
-1.95432e-05
-2.00264e-05
-2.05031e-05
-2.09724e-05
-2.14336e-05
-2.1886e-05
-2.23291e-05
-2.27622e-05
-1.60641e-05
-1.65689e-05
-1.70739e-05
-1.75781e-05
-1.80803e-05
-1.85793e-05
-1.90741e-05
-1.95635e-05
-2.00464e-05
-2.0522e-05
-2.09893e-05
-2.14475e-05
-2.18958e-05
-2.23337e-05
-2.27603e-05
-1.60681e-05
-1.65761e-05
-1.70841e-05
-1.75908e-05
-1.80952e-05
-1.85959e-05
-1.90919e-05
-1.95819e-05
-2.00647e-05
-2.05394e-05
-2.1005e-05
-2.14606e-05
-2.19055e-05
-2.23389e-05
-2.27599e-05
-1.60715e-05
-1.65825e-05
-1.70931e-05
-1.76023e-05
-1.81087e-05
-1.8611e-05
-1.91081e-05
-1.95987e-05
-2.00815e-05
-2.05555e-05
-2.10197e-05
-2.14731e-05
-2.19149e-05
-2.23444e-05
-2.27606e-05
-1.60747e-05
-1.65885e-05
-1.71017e-05
-1.76132e-05
-1.81215e-05
-1.86255e-05
-1.91237e-05
-1.96149e-05
-2.00978e-05
-2.05712e-05
-2.10342e-05
-2.14856e-05
-2.19246e-05
-2.23505e-05
-2.27621e-05
-1.60776e-05
-1.65942e-05
-1.71101e-05
-1.76239e-05
-1.81343e-05
-1.86399e-05
-1.91393e-05
-1.96311e-05
-2.01141e-05
-2.05871e-05
-2.10488e-05
-2.14984e-05
-2.19348e-05
-2.23572e-05
-2.27644e-05
-7.04725e-06
-7.04427e-06
-7.05017e-06
-7.06381e-06
-7.08432e-06
-7.11144e-06
-7.14493e-06
-7.18457e-06
-7.23001e-06
-7.2816e-06
-7.33962e-06
-7.40432e-06
-7.47596e-06
-7.55469e-06
-7.64055e-06
-7.73341e-06
-7.83289e-06
-7.93839e-06
-8.04887e-06
-8.16256e-06
-8.27695e-06
-8.38861e-06
-8.49046e-06
-8.57374e-06
-8.63167e-06
-8.65814e-06
-8.6476e-06
-8.59608e-06
-8.50241e-06
-8.36896e-06
-8.19727e-06
-7.99325e-06
-7.77323e-06
-7.5544e-06
-7.3533e-06
-7.18521e-06
-7.06407e-06
-6.99862e-06
-6.98992e-06
-7.03091e-06
-7.10701e-06
-7.19877e-06
-7.29139e-06
-7.35419e-06
-7.37767e-06
-7.04106e-06
-7.03852e-06
-7.04315e-06
-7.0537e-06
-7.06957e-06
-7.09041e-06
-7.11631e-06
-7.14736e-06
-7.18403e-06
-7.22634e-06
-7.27454e-06
-7.32894e-06
-7.38991e-06
-7.45782e-06
-7.53304e-06
-7.61584e-06
-7.70637e-06
-7.80444e-06
-7.90947e-06
-8.02031e-06
-8.13496e-06
-8.25015e-06
-8.35779e-06
-8.44825e-06
-8.5149e-06
-8.55204e-06
-8.55456e-06
-8.51883e-06
-8.44333e-06
-8.32888e-06
-8.17951e-06
-8.0063e-06
-7.82132e-06
-7.63604e-06
-7.46552e-06
-7.32567e-06
-7.22801e-06
-7.17816e-06
-7.17487e-06
-7.2102e-06
-7.27119e-06
-7.34264e-06
-7.41023e-06
-7.46203e-06
-7.49213e-06
-7.01654e-06
-7.01616e-06
-7.02129e-06
-7.03111e-06
-7.04528e-06
-7.06379e-06
-7.08661e-06
-7.1139e-06
-7.14596e-06
-7.18311e-06
-7.22571e-06
-7.27423e-06
-7.32915e-06
-7.39105e-06
-7.4606e-06
-7.5385e-06
-7.62554e-06
-7.72247e-06
-7.82994e-06
-7.94827e-06
-8.07723e-06
-8.21523e-06
-8.3535e-06
-8.47928e-06
-8.58319e-06
-8.65689e-06
-8.69268e-06
-8.68481e-06
-8.63039e-06
-8.52992e-06
-8.38703e-06
-8.21191e-06
-8.01765e-06
-7.81972e-06
-7.63513e-06
-7.48026e-06
-7.36811e-06
-7.30588e-06
-7.29357e-06
-7.32404e-06
-7.38465e-06
-7.46008e-06
-7.53553e-06
-7.60141e-06
-7.65593e-06
-6.98066e-06
-6.98341e-06
-6.98952e-06
-6.99895e-06
-7.01169e-06
-7.02785e-06
-7.04757e-06
-7.07113e-06
-7.09889e-06
-7.13128e-06
-7.16883e-06
-7.21217e-06
-7.26203e-06
-7.31933e-06
-7.38518e-06
-7.46095e-06
-7.54836e-06
-7.64951e-06
-7.76686e-06
-7.90311e-06
-8.06085e-06
-8.24114e-06
-8.43378e-06
-8.62008e-06
-8.78534e-06
-8.91654e-06
-9.00164e-06
-9.03234e-06
-9.00451e-06
-8.91841e-06
-8.77905e-06
-8.59531e-06
-8.38171e-06
-8.15576e-06
-7.93706e-06
-7.74509e-06
-7.59648e-06
-7.50214e-06
-7.46523e-06
-7.48059e-06
-7.5361e-06
-7.61535e-06
-7.70141e-06
-7.78399e-06
-7.86321e-06
-6.93881e-06
-6.94462e-06
-6.95201e-06
-6.96143e-06
-6.97322e-06
-6.98755e-06
-7.0047e-06
-7.02506e-06
-7.04909e-06
-7.07737e-06
-7.11057e-06
-7.14953e-06
-7.19526e-06
-7.24908e-06
-7.31269e-06
-7.38831e-06
-7.47891e-06
-7.58836e-06
-7.72157e-06
-7.88448e-06
-8.08352e-06
-8.32348e-06
-8.59213e-06
-8.86159e-06
-9.10926e-06
-9.31555e-06
-9.46311e-06
-9.54258e-06
-9.54979e-06
-9.48423e-06
-9.34938e-06
-9.15537e-06
-8.91643e-06
-8.65172e-06
-8.38362e-06
-8.13569e-06
-7.92979e-06
-7.78262e-06
-7.70266e-06
-7.68844e-06
-7.72913e-06
-7.80695e-06
-7.90176e-06
-8.00115e-06
-8.10573e-06
-6.89458e-06
-6.90324e-06
-6.9119e-06
-6.92147e-06
-6.93257e-06
-6.94547e-06
-6.96051e-06
-6.97818e-06
-6.99905e-06
-7.02383e-06
-7.05334e-06
-7.08862e-06
-7.13101e-06
-7.18226e-06
-7.24473e-06
-7.32162e-06
-7.41734e-06
-7.53788e-06
-7.69111e-06
-7.88686e-06
-8.13619e-06
-8.44848e-06
-8.80892e-06
-9.17715e-06
-9.51996e-06
-9.81026e-06
-1.00302e-05
-1.01687e-05
-1.0219e-05
-1.01823e-05
-1.00576e-05
-9.8552e-06
-9.59019e-06
-9.28271e-06
-8.95735e-06
-8.64174e-06
-8.36363e-06
-8.14693e-06
-8.00732e-06
-7.9489e-06
-7.96345e-06
-8.0323e-06
-8.13178e-06
-8.24659e-06
-8.3772e-06
-6.85089e-06
-6.86201e-06
-6.87184e-06
-6.88158e-06
-6.89212e-06
-6.9038e-06
-6.91699e-06
-6.93228e-06
-6.95032e-06
-6.97193e-06
-6.99809e-06
-7.03004e-06
-7.06942e-06
-7.11842e-06
-7.18008e-06
-7.25865e-06
-7.36009e-06
-7.49268e-06
-7.66756e-06
-7.8989e-06
-8.20287e-06
-8.59385e-06
-9.05406e-06
-9.52773e-06
-9.96986e-06
-1.03519e-05
-1.06552e-05
-1.08613e-05
-1.09563e-05
-1.09486e-05
-1.08365e-05
-1.06301e-05
-1.03437e-05
-9.99721e-06
-9.61621e-06
-9.23137e-06
-8.87581e-06
-8.58084e-06
-8.37042e-06
-8.25593e-06
-8.23351e-06
-8.28495e-06
-8.38352e-06
-8.51102e-06
-8.66752e-06
-6.80969e-06
-6.82304e-06
-6.83386e-06
-6.84376e-06
-6.85381e-06
-6.86437e-06
-6.87587e-06
-6.88892e-06
-6.90426e-06
-6.9228e-06
-6.94565e-06
-6.97422e-06
-7.01043e-06
-7.05691e-06
-7.11734e-06
-7.197e-06
-7.30343e-06
-7.44724e-06
-7.64298e-06
-7.90943e-06
-8.26816e-06
-8.73852e-06
-9.30041e-06
-9.88192e-06
-1.04271e-05
-1.09014e-05
-1.12786e-05
-1.15427e-05
-1.16888e-05
-1.17064e-05
-1.16096e-05
-1.14048e-05
-1.11048e-05
-1.07285e-05
-1.03014e-05
-9.85542e-06
-9.42747e-06
-9.05514e-06
-8.77066e-06
-8.59363e-06
-8.52633e-06
-8.55282e-06
-8.64465e-06
-8.78128e-06
-8.96233e-06
-6.77271e-06
-6.78786e-06
-6.79954e-06
-6.80956e-06
-6.81914e-06
-6.82862e-06
-6.83844e-06
-6.84927e-06
-6.86187e-06
-6.87723e-06
-6.89654e-06
-6.92138e-06
-6.9539e-06
-6.9971e-06
-7.05528e-06
-7.13469e-06
-7.24436e-06
-7.3972e-06
-7.61113e-06
-7.90971e-06
-8.32012e-06
-8.86542e-06
-9.52497e-06
-1.0209e-05
-1.08495e-05
-1.14053e-05
-1.18482e-05
-1.21636e-05
-1.23465e-05
-1.23941e-05
-1.23144e-05
-1.21153e-05
-1.18094e-05
-1.14144e-05
-1.09545e-05
-1.04614e-05
-9.97354e-06
-9.53277e-06
-9.17858e-06
-8.93875e-06
-8.82289e-06
-8.81919e-06
-8.89923e-06
-9.04119e-06
-9.24448e-06
-6.74075e-06
-6.75754e-06
-6.76999e-06
-6.7801e-06
-6.7892e-06
-6.79758e-06
-6.80569e-06
-6.81418e-06
-6.82386e-06
-6.83574e-06
-6.85109e-06
-6.8716e-06
-6.89961e-06
-6.93846e-06
-6.99297e-06
-7.07026e-06
-7.18079e-06
-7.33962e-06
-7.56793e-06
-7.89402e-06
-8.3511e-06
-8.9635e-06
-9.71294e-06
-1.04903e-05
-1.1215e-05
-1.18409e-05
-1.23395e-05
-1.26969e-05
-1.29098e-05
-1.29797e-05
-1.29141e-05
-1.27221e-05
-1.24158e-05
-1.20117e-05
-1.15321e-05
-1.10069e-05
-1.0474e-05
-9.9776e-06
-9.56297e-06
-9.26488e-06
-9.10074e-06
-9.06427e-06
-9.12888e-06
-9.27274e-06
-9.49555e-06
-6.71452e-06
-6.73286e-06
-6.74604e-06
-6.75624e-06
-6.76482e-06
-6.77205e-06
-6.77832e-06
-6.78427e-06
-6.79073e-06
-6.79871e-06
-6.80951e-06
-6.82492e-06
-6.84742e-06
-6.88061e-06
-6.9298e-06
-7.00289e-06
-7.11159e-06
-7.27302e-06
-7.51135e-06
-7.85929e-06
-8.35566e-06
-9.02935e-06
-9.8577e-06
-1.07175e-05
-1.15147e-05
-1.21993e-05
-1.27424e-05
-1.31318e-05
-1.33665e-05
-1.34518e-05
-1.33964e-05
-1.32107e-05
-1.29069e-05
-1.25001e-05
-1.20104e-05
-1.14651e-05
-1.09004e-05
-1.03606e-05
-9.89648e-06
-9.54688e-06
-9.33705e-06
-9.26736e-06
-9.31431e-06
-9.45731e-06
-9.697e-06
-6.69447e-06
-6.71438e-06
-6.72832e-06
-6.7386e-06
-6.74663e-06
-6.75261e-06
-6.75687e-06
-6.76002e-06
-6.76286e-06
-6.76639e-06
-6.77196e-06
-6.78138e-06
-6.79726e-06
-6.82342e-06
-6.86556e-06
-6.93229e-06
-7.03649e-06
-7.19712e-06
-7.44116e-06
-7.80518e-06
-8.33231e-06
-9.06226e-06
-9.95939e-06
-1.08901e-05
-1.17487e-05
-1.24812e-05
-1.30592e-05
-1.34716e-05
-1.37208e-05
-1.38154e-05
-1.37662e-05
-1.35849e-05
-1.32839e-05
-1.2877e-05
-1.23823e-05
-1.18244e-05
-1.12367e-05
-1.06619e-05
-1.01582e-05
-9.76372e-06
-9.51119e-06
-9.40877e-06
-9.43684e-06
-9.57685e-06
-9.83116e-06
-6.68094e-06
-6.70255e-06
-6.71731e-06
-6.72769e-06
-6.73514e-06
-6.73974e-06
-6.74177e-06
-6.74177e-06
-6.74053e-06
-6.73902e-06
-6.73859e-06
-6.74108e-06
-6.74919e-06
-6.76692e-06
-6.80033e-06
-6.85865e-06
-6.95582e-06
-7.11255e-06
-7.35838e-06
-7.73305e-06
-8.28522e-06
-9.06337e-06
-1.00203e-05
-1.10121e-05
-1.19224e-05
-1.26937e-05
-1.32993e-05
-1.37276e-05
-1.39856e-05
-1.40847e-05
-1.40379e-05
-1.38581e-05
-1.35579e-05
-1.31504e-05
-1.26515e-05
-1.20836e-05
-1.1477e-05
-1.0871e-05
-1.0332e-05
-9.89841e-06
-9.6056e-06
-9.471e-06
-9.47943e-06
-9.61479e-06
-9.88177e-06
-6.67422e-06
-6.69774e-06
-6.71343e-06
-6.72395e-06
-6.73077e-06
-6.73385e-06
-6.73338e-06
-6.72985e-06
-6.724e-06
-6.71679e-06
-6.70955e-06
-6.70414e-06
-6.70334e-06
-6.71131e-06
-6.73441e-06
-6.78246e-06
-6.87037e-06
-7.02047e-06
-7.26479e-06
-7.64638e-06
-8.21885e-06
-9.03557e-06
-1.0045e-05
-1.109e-05
-1.20443e-05
-1.28472e-05
-1.34757e-05
-1.39144e-05
-1.41767e-05
-1.42766e-05
-1.42286e-05
-1.40467e-05
-1.37438e-05
-1.33321e-05
-1.2826e-05
-1.22458e-05
-1.16202e-05
-1.09865e-05
-1.04079e-05
-9.93664e-06
-9.60577e-06
-9.43942e-06
-9.42738e-06
-9.55651e-06
-9.83445e-06
-6.67464e-06
-6.70034e-06
-6.71711e-06
-6.72781e-06
-6.73393e-06
-6.7353e-06
-6.73201e-06
-6.72451e-06
-6.71348e-06
-6.69987e-06
-6.68499e-06
-6.67074e-06
-6.65993e-06
-6.65689e-06
-6.66827e-06
-6.70441e-06
-6.78116e-06
-6.92236e-06
-7.16246e-06
-7.548e-06
-8.13628e-06
-8.98394e-06
-1.004e-05
-1.11316e-05
-1.21239e-05
-1.29522e-05
-1.36022e-05
-1.4046e-05
-1.43099e-05
-1.44076e-05
-1.43547e-05
-1.41665e-05
-1.38556e-05
-1.34339e-05
-1.29145e-05
-1.23164e-05
-1.16672e-05
-1.10046e-05
-1.03815e-05
-9.87022e-06
-9.50162e-06
-9.30256e-06
-9.26855e-06
-9.38957e-06
-9.67672e-06
-6.68252e-06
-6.71074e-06
-6.72876e-06
-6.73967e-06
-6.74499e-06
-6.74442e-06
-6.73794e-06
-6.72596e-06
-6.70914e-06
-6.6884e-06
-6.66505e-06
-6.64102e-06
-6.6192e-06
-6.60403e-06
-6.60246e-06
-6.62531e-06
-6.68932e-06
-6.81981e-06
-7.05341e-06
-7.44006e-06
-8.04054e-06
-8.91475e-06
-1.00121e-05
-1.11448e-05
-1.21708e-05
-1.30247e-05
-1.36835e-05
-1.4135e-05
-1.43986e-05
-1.44911e-05
-1.44299e-05
-1.42303e-05
-1.39051e-05
-1.34658e-05
-1.29249e-05
-1.23004e-05
-1.16192e-05
-1.09213e-05
-1.02514e-05
-9.69328e-06
-9.28522e-06
-9.05105e-06
-8.99289e-06
-9.10349e-06
-9.39794e-06
-6.69829e-06
-6.7294e-06
-6.74885e-06
-6.75997e-06
-6.76435e-06
-6.76154e-06
-6.75142e-06
-6.73438e-06
-6.71108e-06
-6.68245e-06
-6.64982e-06
-6.61513e-06
-6.58138e-06
-6.55312e-06
-6.53755e-06
-6.546e-06
-6.59604e-06
-6.71441e-06
-6.93974e-06
-7.32527e-06
-7.93517e-06
-8.83263e-06
-9.96663e-06
-1.11363e-05
-1.21925e-05
-1.30679e-05
-1.37363e-05
-1.41926e-05
-1.44538e-05
-1.45385e-05
-1.44647e-05
-1.42481e-05
-1.39013e-05
-1.34354e-05
-1.2863e-05
-1.22024e-05
-1.14766e-05
-1.07345e-05
-1.00163e-05
-9.40389e-06
-8.94867e-06
-8.67692e-06
-8.59236e-06
-8.68976e-06
-8.9893e-06
-6.72242e-06
-6.75684e-06
-6.77789e-06
-6.78919e-06
-6.79242e-06
-6.78695e-06
-6.77264e-06
-6.74987e-06
-6.71933e-06
-6.68203e-06
-6.63932e-06
-6.59315e-06
-6.54665e-06
-6.50449e-06
-6.47411e-06
-6.46732e-06
-6.50245e-06
-6.60761e-06
-6.82355e-06
-7.20625e-06
-7.82344e-06
-8.74151e-06
-9.90859e-06
-1.11119e-05
-1.21956e-05
-1.30901e-05
-1.37679e-05
-1.4227e-05
-1.44838e-05
-1.45577e-05
-1.4467e-05
-1.4227e-05
-1.38504e-05
-1.3348e-05
-1.27326e-05
-1.20223e-05
-1.12455e-05
-1.0448e-05
-9.66675e-06
-8.99789e-06
-8.4897e-06
-8.17556e-06
-8.06116e-06
-8.14185e-06
-8.44398e-06
-6.75548e-06
-6.79367e-06
-6.81648e-06
-6.82785e-06
-6.82959e-06
-6.82095e-06
-6.80175e-06
-6.77246e-06
-6.73384e-06
-6.68704e-06
-6.63346e-06
-6.57505e-06
-6.51511e-06
-6.45843e-06
-6.41263e-06
-6.39002e-06
-6.40955e-06
-6.50089e-06
-6.70655e-06
-7.08527e-06
-7.70821e-06
-8.64475e-06
-9.84212e-06
-1.10765e-05
-1.21856e-05
-1.30974e-05
-1.37838e-05
-1.42442e-05
-1.44946e-05
-1.45546e-05
-1.44421e-05
-1.41722e-05
-1.3757e-05
-1.32075e-05
-1.25371e-05
-1.17653e-05
-1.09224e-05
-1.00527e-05
-9.21195e-06
-8.47521e-06
-7.9057e-06
-7.54278e-06
-7.3948e-06
-7.45464e-06
-7.75714e-06
-6.79818e-06
-6.84061e-06
-6.86529e-06
-6.87652e-06
-6.87629e-06
-6.86377e-06
-6.83883e-06
-6.80206e-06
-6.75442e-06
-6.69725e-06
-6.63204e-06
-6.56074e-06
-6.48678e-06
-6.41511e-06
-6.3535e-06
-6.31478e-06
-6.31824e-06
-6.39544e-06
-6.59027e-06
-6.96425e-06
-7.5918e-06
-8.54517e-06
-9.77053e-06
-1.10338e-05
-1.21665e-05
-1.30944e-05
-1.37884e-05
-1.42486e-05
-1.44905e-05
-1.45331e-05
-1.43939e-05
-1.4087e-05
-1.36242e-05
-1.30169e-05
-1.22795e-05
-1.14333e-05
-1.05112e-05
-9.5601e-06
-8.64208e-06
-7.83123e-06
-7.19705e-06
-6.777e-06
-6.5912e-06
-6.62373e-06
-6.92608e-06
-6.85135e-06
-6.89852e-06
-6.92511e-06
-6.93583e-06
-6.93296e-06
-6.91562e-06
-6.88386e-06
-6.83851e-06
-6.78081e-06
-6.71236e-06
-6.63463e-06
-6.5499e-06
-6.46158e-06
-6.37461e-06
-6.297e-06
-6.24184e-06
-6.22954e-06
-6.29226e-06
-6.476e-06
-6.84476e-06
-7.47611e-06
-8.445e-06
-9.6964e-06
-1.09867e-05
-1.21416e-05
-1.30843e-05
-1.37849e-05
-1.42433e-05
-1.44743e-05
-1.4496e-05
-1.43248e-05
-1.3974e-05
-1.34548e-05
-1.2779e-05
-1.19625e-05
-1.10291e-05
-1.00148e-05
-8.97034e-06
-7.96214e-06
-7.06756e-06
-6.36048e-06
-5.88041e-06
-5.65178e-06
-5.64648e-06
-5.94803e-06
-6.91602e-06
-6.96843e-06
-6.99683e-06
-7.00648e-06
-7.00001e-06
-6.97665e-06
-6.93673e-06
-6.88151e-06
-6.81262e-06
-6.73177e-06
-6.64079e-06
-6.54222e-06
-6.43923e-06
-6.33686e-06
-6.24326e-06
-6.17185e-06
-6.14377e-06
-6.19216e-06
-6.36478e-06
-6.72806e-06
-7.36262e-06
-8.34596e-06
-9.6217e-06
-1.09373e-05
-1.21129e-05
-1.30693e-05
-1.37752e-05
-1.42302e-05
-1.44479e-05
-1.44451e-05
-1.42369e-05
-1.38354e-05
-1.32512e-05
-1.24968e-05
-1.15896e-05
-1.05565e-05
-9.43726e-06
-8.28693e-06
-7.17638e-06
-6.18719e-06
-5.39855e-06
-4.85325e-06
-4.57013e-06
-4.53884e-06
-4.81721e-06
-6.99343e-06
-7.05156e-06
-7.08152e-06
-7.08922e-06
-7.07786e-06
-7.0469e-06
-6.9972e-06
-6.93059e-06
-6.84916e-06
-6.75485e-06
-6.65008e-06
-6.5372e-06
-6.4194e-06
-6.3017e-06
-6.19233e-06
-6.10498e-06
-6.0614e-06
-6.09577e-06
-6.25745e-06
-6.61515e-06
-7.2525e-06
-8.24937e-06
-9.5479e-06
-1.08873e-05
-1.20822e-05
-1.30509e-05
-1.37609e-05
-1.42107e-05
-1.44126e-05
-1.43818e-05
-1.41316e-05
-1.3673e-05
-1.30161e-05
-1.21737e-05
-1.11653e-05
-1.0021e-05
-8.78455e-06
-7.51593e-06
-6.2909e-06
-5.1958e-06
-4.31725e-06
-3.7009e-06
-3.35992e-06
-3.29702e-06
-3.53869e-06
-7.08512e-06
-7.1494e-06
-7.1804e-06
-7.18487e-06
-7.16686e-06
-7.12632e-06
-7.06485e-06
-6.98512e-06
-6.88964e-06
-6.78097e-06
-6.66176e-06
-6.53427e-06
-6.40166e-06
-6.26887e-06
-6.14414e-06
-6.04134e-06
-5.98274e-06
-6.00356e-06
-6.15461e-06
-6.50679e-06
-7.14661e-06
-8.1562e-06
-9.47606e-06
-1.08378e-05
-1.20505e-05
-1.30302e-05
-1.37429e-05
-1.41857e-05
-1.43693e-05
-1.4307e-05
-1.40104e-05
-1.3489e-05
-1.27524e-05
-1.18139e-05
-1.06951e-05
-9.42922e-06
-8.06443e-06
-6.66571e-06
-5.31408e-06
-4.10132e-06
-3.12348e-06
-2.42889e-06
-2.0245e-06
-1.92514e-06
-2.12095e-06
-7.19302e-06
-7.26375e-06
-7.29486e-06
-7.2943e-06
-7.2673e-06
-7.21466e-06
-7.13908e-06
-7.04425e-06
-6.93321e-06
-6.80931e-06
-6.67507e-06
-6.53282e-06
-6.38556e-06
-6.23807e-06
-6.09852e-06
-5.98092e-06
-5.90796e-06
-5.91583e-06
-6.05671e-06
-6.40352e-06
-7.04561e-06
-8.06719e-06
-9.40697e-06
-1.07895e-05
-1.20186e-05
-1.3008e-05
-1.37219e-05
-1.41559e-05
-1.43187e-05
-1.42218e-05
-1.38748e-05
-1.32858e-05
-1.24636e-05
-1.14224e-05
-1.01856e-05
-8.78946e-06
-7.28656e-06
-5.74687e-06
-4.25686e-06
-2.91422e-06
-1.82554e-06
-1.04423e-06
-5.64792e-07
-4.16386e-07
-5.69697e-07
-7.31948e-06
-7.39677e-06
-7.42653e-06
-7.41837e-06
-7.37933e-06
-7.31146e-06
-7.21911e-06
-7.10696e-06
-6.97899e-06
-6.83891e-06
-6.68923e-06
-6.53221e-06
-6.37062e-06
-6.20897e-06
-6.05529e-06
-5.92366e-06
-5.83712e-06
-5.83277e-06
-5.96404e-06
-6.30573e-06
-6.94992e-06
-7.98281e-06
-9.34115e-06
-1.07429e-05
-1.1987e-05
-1.29846e-05
-1.36982e-05
-1.41216e-05
-1.42614e-05
-1.41272e-05
-1.37264e-05
-1.30658e-05
-1.21537e-05
-1.10048e-05
-9.64415e-06
-8.11123e-06
-6.46234e-06
-4.77227e-06
-3.133e-06
-1.64848e-06
-4.34314e-07
4.4154e-07
1.00257e-06
1.21329e-06
1.11504e-06
-7.46748e-06
-7.55107e-06
-7.57718e-06
-7.55791e-06
-7.50287e-06
-7.41605e-06
-7.30393e-06
-7.17215e-06
-7.02586e-06
-6.86878e-06
-6.70344e-06
-6.53184e-06
-6.35638e-06
-6.18125e-06
-6.01423e-06
-5.86946e-06
-5.77022e-06
-5.75444e-06
-5.87675e-06
-6.21364e-06
-6.85985e-06
-7.90339e-06
-9.27896e-06
-1.06985e-05
-1.1956e-05
-1.29605e-05
-1.36722e-05
-1.40833e-05
-1.41982e-05
-1.40242e-05
-1.3567e-05
-1.28319e-05
-1.18269e-05
-1.0567e-05
-9.0791e-06
-7.40504e-06
-5.60458e-06
-3.75668e-06
-1.95889e-06
-3.22233e-07
1.03394e-06
2.02137e-06
2.66515e-06
2.94684e-06
2.9147e-06
-7.64081e-06
-7.72982e-06
-7.74882e-06
-7.7136e-06
-7.63749e-06
-7.52754e-06
-7.39214e-06
-7.23857e-06
-7.0726e-06
-6.89798e-06
-6.71697e-06
-6.53115e-06
-6.34244e-06
-6.15461e-06
-5.97517e-06
-5.81821e-06
-5.7072e-06
-5.68087e-06
-5.79491e-06
-6.12737e-06
-6.77554e-06
-7.82912e-06
-9.22062e-06
-1.06564e-05
-1.1926e-05
-1.29358e-05
-1.36443e-05
-1.40414e-05
-1.41296e-05
-1.3914e-05
-1.33985e-05
-1.25872e-05
-1.14876e-05
-1.01155e-05
-8.49901e-06
-6.6821e-06
-4.7271e-06
-2.71631e-06
-7.52213e-07
1.04677e-06
2.55809e-06
3.68037e-06
4.4135e-06
4.77859e-06
4.82203e-06
-7.84432e-06
-7.93685e-06
-7.94355e-06
-7.88583e-06
-7.78253e-06
-7.64448e-06
-7.48223e-06
-7.30475e-06
-7.11806e-06
-6.9256e-06
-6.72915e-06
-6.52966e-06
-6.32846e-06
-6.12882e-06
-5.93792e-06
-5.76978e-06
-5.64798e-06
-5.61199e-06
-5.7185e-06
-6.04694e-06
-6.69703e-06
-7.76008e-06
-9.16625e-06
-1.06169e-05
-1.18971e-05
-1.29109e-05
-1.36146e-05
-1.39964e-05
-1.40565e-05
-1.37978e-05
-1.32228e-05
-1.23345e-05
-1.11403e-05
-9.65658e-06
-7.91261e-06
-5.95384e-06
-3.8443e-06
-1.66841e-06
4.6791e-07
2.4401e-06
4.11846e-06
5.39339e-06
6.2333e-06
6.69489e-06
6.82772e-06
-8.08448e-06
-8.17674e-06
-8.16345e-06
-8.07464e-06
-7.93684e-06
-7.76496e-06
-7.57242e-06
-7.36921e-06
-7.16107e-06
-6.95083e-06
-6.73943e-06
-6.52701e-06
-6.3142e-06
-6.10373e-06
-5.90237e-06
-5.72406e-06
-5.59247e-06
-5.54772e-06
-5.64744e-06
-5.97227e-06
-6.62429e-06
-7.69623e-06
-9.11587e-06
-1.058e-05
-1.18693e-05
-1.28857e-05
-1.35835e-05
-1.39487e-05
-1.39794e-05
-1.36768e-05
-1.30419e-05
-1.20769e-05
-1.07894e-05
-9.19649e-06
-7.32839e-06
-5.23156e-06
-2.97071e-06
-6.30909e-07
1.68032e-06
3.83411e-06
5.69264e-06
7.13635e-06
8.10725e-06
8.6806e-06
8.92299e-06
-8.37006e-06
-8.45493e-06
-8.41039e-06
-8.27951e-06
-8.09833e-06
-7.8868e-06
-7.66082e-06
-7.43044e-06
-7.20061e-06
-6.97301e-06
-6.74741e-06
-6.52297e-06
-6.29953e-06
-6.07922e-06
-5.86843e-06
-5.68097e-06
-5.54056e-06
-5.48794e-06
-5.5816e-06
-5.90324e-06
-6.55719e-06
-7.63749e-06
-9.06944e-06
-1.05456e-05
-1.18428e-05
-1.28606e-05
-1.35512e-05
-1.38987e-05
-1.38992e-05
-1.35523e-05
-1.28577e-05
-1.18173e-05
-1.04391e-05
-8.74103e-06
-6.75432e-06
-4.52595e-06
-2.12041e-06
3.78166e-07
2.86286e-06
5.20285e-06
7.25256e-06
8.88225e-06
1.00156e-05
1.07202e-05
1.10999e-05
-8.71332e-06
-8.77767e-06
-8.68573e-06
-8.49883e-06
-8.26432e-06
-8.00746e-06
-7.74538e-06
-7.48705e-06
-7.23584e-06
-6.99165e-06
-6.75284e-06
-6.51743e-06
-6.2844e-06
-6.05529e-06
-5.83606e-06
-5.64045e-06
-5.49216e-06
-5.43252e-06
-5.52081e-06
-5.83968e-06
-6.49556e-06
-7.5837e-06
-9.02686e-06
-1.05138e-05
-1.18176e-05
-1.28356e-05
-1.35179e-05
-1.38469e-05
-1.38167e-05
-1.34255e-05
-1.2672e-05
-1.15584e-05
-1.00932e-05
-8.29544e-06
-6.19756e-06
-3.84676e-06
-1.30652e-06
1.34141e-06
3.99316e-06
6.5193e-06
8.76933e-06
1.06018e-05
1.19266e-05
1.27948e-05
1.33531e-05
-9.13177e-06
-9.15194e-06
-8.98962e-06
-8.72977e-06
-8.43142e-06
-8.12415e-06
-7.82412e-06
-7.53789e-06
-7.26613e-06
-7.0065e-06
-6.75566e-06
-6.51041e-06
-6.26886e-06
-6.03195e-06
-5.80527e-06
-5.60243e-06
-5.44716e-06
-5.38131e-06
-5.4649e-06
-5.78138e-06
-6.43919e-06
-7.53466e-06
-8.98799e-06
-1.04845e-05
-1.17937e-05
-1.28107e-05
-1.3484e-05
-1.37937e-05
-1.37326e-05
-1.32974e-05
-1.24866e-05
-1.13025e-05
-9.75486e-06
-7.86426e-06
-5.66427e-06
-3.20239e-06
-5.40662e-07
2.24277e-06
5.04944e-06
7.75518e-06
1.02095e-05
1.22627e-05
1.38037e-05
1.48776e-05
1.56784e-05
-9.65042e-06
-9.58442e-06
-9.31945e-06
-8.96825e-06
-8.59546e-06
-8.23391e-06
-7.89535e-06
-7.58211e-06
-7.29117e-06
-7.01754e-06
-6.75598e-06
-6.50205e-06
-6.25303e-06
-6.0093e-06
-5.77607e-06
-5.5669e-06
-5.40547e-06
-5.33415e-06
-5.41364e-06
-5.72808e-06
-6.38783e-06
-7.49015e-06
-8.95266e-06
-1.04575e-05
-1.17711e-05
-1.27862e-05
-1.34496e-05
-1.37396e-05
-1.36476e-05
-1.31693e-05
-1.2303e-05
-1.10518e-05
-9.42703e-06
-7.45119e-06
-5.15941e-06
-2.59967e-06
1.67503e-07
3.06825e-06
6.0114e-06
8.882e-06
1.15356e-05
1.38215e-05
1.56058e-05
1.69337e-05
1.8076e-05
-1.03048e-05
-1.00765e-05
-9.67247e-06
-9.20766e-06
-8.75155e-06
-8.33389e-06
-7.95773e-06
-7.61924e-06
-7.31097e-06
-7.02494e-06
-6.75404e-06
-6.4926e-06
-6.2371e-06
-5.98745e-06
-5.74851e-06
-5.5338e-06
-5.36698e-06
-5.29086e-06
-5.36681e-06
-5.67954e-06
-6.34121e-06
-7.4499e-06
-8.92067e-06
-1.04329e-05
-1.17497e-05
-1.27621e-05
-1.34149e-05
-1.36849e-05
-1.35623e-05
-1.30419e-05
-1.21224e-05
-1.0808e-05
-9.11202e-06
-7.05924e-06
-4.68689e-06
-2.04387e-06
8.10414e-07
3.80637e-06
6.86112e-06
9.87217e-06
1.27076e-05
1.52264e-05
1.72767e-05
1.89124e-05
2.05465e-05
-1.1144e-05
-1.06229e-05
-1.00355e-05
-9.43946e-06
-8.89439e-06
-8.42153e-06
-8.01037e-06
-7.64923e-06
-7.3258e-06
-7.02909e-06
-6.75018e-06
-6.4823e-06
-6.22125e-06
-5.96648e-06
-5.7226e-06
-5.50307e-06
-5.33154e-06
-5.25126e-06
-5.32417e-06
-5.63548e-06
-6.29904e-06
-7.41364e-06
-8.89179e-06
-1.04103e-05
-1.17295e-05
-1.27384e-05
-1.33801e-05
-1.36301e-05
-1.34772e-05
-1.29163e-05
-1.19462e-05
-1.05728e-05
-8.81178e-06
-6.69083e-06
-4.24973e-06
-1.53898e-06
1.38234e-06
4.44808e-06
7.58336e-06
1.06997e-05
1.36836e-05
1.64164e-05
1.87384e-05
2.07309e-05
2.30744e-05
-1.22127e-05
-1.1213e-05
-1.03908e-05
-9.65302e-06
-9.0187e-06
-8.49487e-06
-8.05298e-06
-7.67246e-06
-7.33621e-06
-7.0305e-06
-6.74484e-06
-6.4715e-06
-6.2057e-06
-5.94653e-06
-5.69836e-06
-5.47465e-06
-5.29901e-06
-5.21511e-06
-5.28544e-06
-5.5956e-06
-6.26102e-06
-7.38109e-06
-8.86581e-06
-1.03896e-05
-1.17103e-05
-1.2715e-05
-1.33452e-05
-1.35751e-05
-1.33927e-05
-1.27926e-05
-1.17747e-05
-1.03467e-05
-8.52719e-06
-6.347e-06
-3.84919e-06
-1.08669e-06
1.88056e-06
4.98818e-06
8.16748e-06
1.1343e-05
1.44225e-05
1.73221e-05
1.98891e-05
2.22668e-05
2.56238e-05
-1.36115e-05
-1.1828e-05
-1.07137e-05
-9.83697e-06
-9.12103e-06
-8.55389e-06
-8.08676e-06
-7.69034e-06
-7.34349e-06
-7.03025e-06
-6.73887e-06
-6.46086e-06
-6.19096e-06
-5.92797e-06
-5.67605e-06
-5.44865e-06
-5.26939e-06
-5.18227e-06
-5.25034e-06
-5.55951e-06
-6.22673e-06
-7.35195e-06
-8.84263e-06
-1.03711e-05
-1.16927e-05
-1.26925e-05
-1.33109e-05
-1.35207e-05
-1.33093e-05
-1.26714e-05
-1.1608e-05
-1.01292e-05
-8.25662e-06
-6.02505e-06
-3.48134e-06
-6.8184e-07
2.31115e-06
5.43271e-06
8.61679e-06
1.17964e-05
1.48977e-05
1.78762e-05
2.06056e-05
2.33784e-05
2.8224e-05
-1.54542e-05
-1.24304e-05
-1.09681e-05
-9.98047e-06
-9.20221e-06
-8.60197e-06
-8.1151e-06
-7.70561e-06
-7.34968e-06
-7.02983e-06
-6.73338e-06
-6.45124e-06
-6.17776e-06
-5.91146e-06
-5.65629e-06
-5.42568e-06
-5.24318e-06
-5.15312e-06
-5.21903e-06
-5.5271e-06
-6.19586e-06
-7.32587e-06
-8.82226e-06
-1.03554e-05
-1.16777e-05
-1.26729e-05
-1.32796e-05
-1.34697e-05
-1.323e-05
-1.25553e-05
-1.14482e-05
-9.92122e-06
-7.9995e-06
-5.72198e-06
-3.14001e-06
-3.14325e-07
2.6888e-06
5.80122e-06
8.95492e-06
1.20833e-05
1.51179e-05
1.80328e-05
2.07301e-05
2.381e-05
3.07583e-05
-1.69991e-05
-1.27999e-05
-1.1089e-05
-1.00623e-05
-9.25681e-06
-8.6367e-06
-8.13601e-06
-7.71627e-06
-7.35273e-06
-7.02717e-06
-6.72634e-06
-6.4407e-06
-6.16428e-06
-5.89535e-06
-5.63768e-06
-5.40465e-06
-5.21972e-06
-5.12744e-06
-5.19173e-06
-5.49888e-06
-6.16876e-06
-7.30253e-06
-8.8034e-06
-1.03402e-05
-1.16632e-05
-1.26542e-05
-1.32506e-05
-1.34233e-05
-1.31587e-05
-1.24519e-05
-1.13071e-05
-9.73904e-06
-7.77657e-06
-5.46276e-06
-2.85357e-06
-1.45825e-08
2.98289e-06
6.06528e-06
9.15818e-06
1.21859e-05
1.50643e-05
1.77293e-05
2.00302e-05
2.26647e-05
2.99684e-05
)
;

boundaryField
{
    inlet
    {
        type            uniformJump;
        patchType       cyclic;
        jump            uniform -2.5e-05;
        value           nonuniform List<scalar> 
40
(
8.9737e-07
9.11151e-07
9.2619e-07
9.4219e-07
9.60695e-07
9.83313e-07
1.01229e-06
1.05104e-06
1.10406e-06
1.1762e-06
1.27105e-06
1.38949e-06
1.53093e-06
1.69205e-06
1.86332e-06
2.03243e-06
2.18483e-06
2.30178e-06
2.36354e-06
2.35029e-06
2.26716e-06
2.14451e-06
2.03994e-06
1.96409e-06
1.91896e-06
1.90124e-06
1.90386e-06
1.91879e-06
1.93932e-06
1.96083e-06
1.98062e-06
1.99743e-06
2.0109e-06
2.02118e-06
2.02866e-06
2.03384e-06
2.03717e-06
2.0391e-06
2.03992e-06
2.03994e-06
)
;
        jumpTable       table;
        jumpTableCoeffs
        {
            values          
4
(
(0 -2.5e-05)
(25 -2.5e-05)
(25.5 -0.0001)
(26 -2.5e-05)
)
;
        }
    }
    outlet
    {
        type            uniformJump;
        patchType       cyclic;
        value           nonuniform List<scalar> 
40
(
-2.41026e-05
-2.40888e-05
-2.40738e-05
-2.40578e-05
-2.40393e-05
-2.40167e-05
-2.39877e-05
-2.3949e-05
-2.38959e-05
-2.38238e-05
-2.3729e-05
-2.36105e-05
-2.34691e-05
-2.3308e-05
-2.31367e-05
-2.29676e-05
-2.28152e-05
-2.26982e-05
-2.26365e-05
-2.26497e-05
-2.27328e-05
-2.28555e-05
-2.29601e-05
-2.30359e-05
-2.3081e-05
-2.30988e-05
-2.30961e-05
-2.30812e-05
-2.30607e-05
-2.30392e-05
-2.30194e-05
-2.30026e-05
-2.29891e-05
-2.29788e-05
-2.29713e-05
-2.29662e-05
-2.29628e-05
-2.29609e-05
-2.29601e-05
-2.29601e-05
)
;
    }
    Walls
    {
        type            zeroGradient;
    }
    back
    {
        type            empty;
    }
    front
    {
        type            empty;
    }
}


// ************************************************************************* //
