/*--------------------------------*- C++ -*----------------------------------*\
| =========                 |                                                 |
| \\      /  F ield         | OpenFOAM: The Open Source CFD Toolbox           |
|  \\    /   O peration     | Version:  2312                                  |
|   \\  /    A nd           | Website:  www.openfoam.com                      |
|    \\/     M anipulation  |                                                 |
\*---------------------------------------------------------------------------*/
FoamFile
{
    version     2.0;
    format      ascii;
    arch        "LSB;label=32;scalar=64";
    class       volScalarField;
    location    "70.5";
    object      p;
}
// * * * * * * * * * * * * * * * * * * * * * * * * * * * * * * * * * * * * * //

dimensions      [0 2 -2 0 0 0 0];

internalField   nonuniform List<scalar> 
4800
(
5.59795e-13
-1.3924e-06
-2.48103e-06
-3.34904e-06
-4.05349e-06
-4.63395e-06
-5.12071e-06
-5.5411e-06
-5.90514e-06
-6.22573e-06
-6.51252e-06
-6.76751e-06
-6.98638e-06
-7.4004e-06
-8.91824e-06
1.82562e-08
-1.37257e-06
-2.46085e-06
-3.32935e-06
-4.03498e-06
-4.61757e-06
-5.10721e-06
-5.53174e-06
-5.90146e-06
-6.23091e-06
-6.53466e-06
-6.8275e-06
-7.12374e-06
-7.52896e-06
-8.27733e-06
3.71841e-08
-1.35194e-06
-2.43988e-06
-3.30897e-06
-4.01602e-06
-4.6008e-06
-5.09213e-06
-5.51979e-06
-5.89421e-06
-6.23008e-06
-6.54335e-06
-6.84967e-06
-7.15726e-06
-7.47539e-06
-7.78294e-06
5.58892e-08
-1.33114e-06
-2.41841e-06
-3.28778e-06
-3.99584e-06
-4.58248e-06
-5.07478e-06
-5.50381e-06
-5.8805e-06
-6.21761e-06
-6.52872e-06
-6.82164e-06
-7.0892e-06
-7.30285e-06
-7.39736e-06
7.58374e-08
-1.30855e-06
-2.39472e-06
-3.26395e-06
-3.97251e-06
-4.56001e-06
-5.05325e-06
-5.48085e-06
-5.85616e-06
-6.18799e-06
-6.48521e-06
-6.7469e-06
-6.95567e-06
-7.07598e-06
-7.05682e-06
9.83578e-08
-1.28283e-06
-2.36742e-06
-3.23594e-06
-3.94428e-06
-4.53127e-06
-5.0242e-06
-5.44761e-06
-5.81633e-06
-6.13535e-06
-6.40815e-06
-6.62813e-06
-6.77616e-06
-6.82507e-06
-6.74914e-06
1.2556e-07
-1.25196e-06
-2.33438e-06
-3.20144e-06
-3.90847e-06
-4.49332e-06
-4.98299e-06
-5.3994e-06
-5.75561e-06
-6.05438e-06
-6.29521e-06
-6.4701e-06
-6.56468e-06
-6.56524e-06
-6.46564e-06
1.61393e-07
-1.21217e-06
-2.29182e-06
-3.15646e-06
-3.8607e-06
-4.44137e-06
-4.92433e-06
-5.32975e-06
-5.66797e-06
-5.94086e-06
-6.14657e-06
-6.27946e-06
-6.33269e-06
-6.30422e-06
-6.19876e-06
2.12346e-07
-1.15724e-06
-2.23355e-06
-3.09462e-06
-3.79426e-06
-4.3683e-06
-4.84156e-06
-5.2313e-06
-5.54739e-06
-5.79175e-06
-5.96376e-06
-6.06214e-06
-6.08717e-06
-6.04437e-06
-5.94294e-06
2.87699e-07
-1.07803e-06
-2.1504e-06
-3.00666e-06
-3.69969e-06
-4.26443e-06
-4.7244e-06
-5.09576e-06
-5.38788e-06
-5.6045e-06
-5.74787e-06
-5.82128e-06
-5.83012e-06
-5.78376e-06
-5.69235e-06
3.99112e-07
-9.62561e-07
-2.03014e-06
-2.88019e-06
-3.56463e-06
-4.11773e-06
-4.56227e-06
-4.91398e-06
-5.18301e-06
-5.37581e-06
-5.49791e-06
-5.55617e-06
-5.55891e-06
-5.51678e-06
-5.43928e-06
5.59997e-07
-7.96477e-07
-1.85781e-06
-2.70004e-06
-3.37414e-06
-3.91404e-06
-4.3425e-06
-4.67567e-06
-4.92528e-06
-5.10049e-06
-5.20964e-06
-5.26182e-06
-5.26656e-06
-5.23432e-06
-5.17345e-06
7.85793e-07
-5.62895e-07
-1.61578e-06
-2.44838e-06
-3.11091e-06
-3.63726e-06
-4.05086e-06
-4.36897e-06
-4.60504e-06
-4.77025e-06
-4.87479e-06
-4.92881e-06
-4.94195e-06
-4.92386e-06
-4.88168e-06
1.09501e-06
-2.41354e-07
-1.28276e-06
-2.10391e-06
-2.75445e-06
-3.26847e-06
-3.67039e-06
-3.97884e-06
-4.2086e-06
-4.37205e-06
-4.48001e-06
-4.54275e-06
-4.56954e-06
-4.56907e-06
-4.54747e-06
1.50928e-06
1.92622e-07
-8.33162e-07
-1.64106e-06
-2.28006e-06
-2.78447e-06
-3.17947e-06
-3.48476e-06
-3.71595e-06
-3.88589e-06
-4.00491e-06
-4.08267e-06
-4.12787e-06
-4.14841e-06
-4.14967e-06
2.05142e-06
7.65786e-07
-2.3825e-07
-1.03072e-06
-1.65943e-06
-2.15814e-06
-2.55206e-06
-2.8612e-06
-3.10117e-06
-3.28507e-06
-3.42216e-06
-3.52085e-06
-3.58914e-06
-3.63434e-06
-3.66143e-06
2.74162e-06
1.50297e-06
5.29583e-07
-2.43744e-07
-8.62965e-07
-1.36063e-06
-1.76034e-06
-2.08085e-06
-2.33648e-06
-2.54104e-06
-2.70264e-06
-2.8281e-06
-2.92447e-06
-2.99849e-06
-3.05503e-06
3.59258e-06
2.42135e-06
1.49031e-06
7.41603e-07
1.33089e-07
-3.65856e-07
-7.77265e-07
-1.11765e-06
-1.39578e-06
-1.62757e-06
-1.82011e-06
-1.97886e-06
-2.10983e-06
-2.21898e-06
-2.31072e-06
4.60373e-06
3.52316e-06
2.64834e-06
1.9309e-06
1.33539e-06
8.36894e-07
4.15255e-07
5.31407e-08
-2.55893e-07
-5.21632e-07
-7.50148e-07
-9.47406e-07
-1.11934e-06
-1.27099e-06
-1.40592e-06
5.75102e-06
4.7829e-06
3.97816e-06
3.29914e-06
2.71851e-06
2.2189e-06
1.78666e-06
1.40946e-06
1.07104e-06
7.7185e-07
5.07258e-07
2.70745e-07
5.63754e-08
-1.40039e-07
-3.2139e-07
6.9258e-06
6.07733e-06
5.34812e-06
4.71298e-06
4.15185e-06
3.64807e-06
3.19418e-06
2.78737e-06
2.4241e-06
2.09275e-06
1.78765e-06
1.50434e-06
1.23919e-06
9.89827e-07
7.54337e-07
7.93989e-06
7.19613e-06
6.53649e-06
5.9428e-06
5.40273e-06
4.90959e-06
4.45265e-06
4.02355e-06
3.61987e-06
3.25094e-06
2.90876e-06
2.584e-06
2.27317e-06
1.97584e-06
1.69102e-06
8.7142e-06
8.04781e-06
7.43824e-06
6.87493e-06
6.34938e-06
5.85496e-06
5.38719e-06
4.94577e-06
4.53054e-06
4.13935e-06
3.76642e-06
3.40697e-06
3.05927e-06
2.72282e-06
2.39645e-06
9.27782e-06
8.66904e-06
8.09779e-06
7.55812e-06
7.04512e-06
6.55602e-06
6.08928e-06
5.64441e-06
5.21768e-06
4.80644e-06
4.40793e-06
4.02034e-06
3.64245e-06
3.27331e-06
2.9118e-06
9.67623e-06
9.11095e-06
8.57024e-06
8.05152e-06
7.55244e-06
7.0711e-06
6.60608e-06
6.15438e-06
5.71562e-06
5.28774e-06
4.86942e-06
4.45954e-06
4.05697e-06
3.66081e-06
3.27028e-06
9.94845e-06
9.41665e-06
8.90069e-06
8.39954e-06
7.91157e-06
7.43518e-06
6.96923e-06
6.51298e-06
6.06532e-06
5.62525e-06
5.19189e-06
4.76439e-06
4.34192e-06
3.92398e-06
3.51007e-06
1.01275e-05
9.62176e-06
9.12533e-06
8.63775e-06
8.15809e-06
7.68622e-06
7.22041e-06
6.76093e-06
6.30675e-06
5.85737e-06
5.41218e-06
4.97063e-06
4.5323e-06
4.09695e-06
3.6643e-06
1.02406e-05
9.75523e-06
9.27416e-06
8.79746e-06
8.32484e-06
7.85627e-06
7.39176e-06
6.93004e-06
6.47093e-06
6.01424e-06
5.55967e-06
5.10699e-06
4.65603e-06
4.20675e-06
3.75906e-06
1.03091e-05
9.83994e-06
9.37134e-06
8.90374e-06
8.43728e-06
7.97192e-06
7.50803e-06
7.04461e-06
6.58167e-06
6.11922e-06
5.65721e-06
5.19564e-06
4.73454e-06
4.27404e-06
3.81421e-06
1.03488e-05
9.89295e-06
9.43464e-06
8.9747e-06
8.51344e-06
8.05092e-06
7.58749e-06
7.12275e-06
6.65677e-06
6.18969e-06
5.72166e-06
5.25285e-06
4.78346e-06
4.31378e-06
3.84403e-06
1.03711e-05
9.9262e-06
9.47649e-06
9.02299e-06
8.56612e-06
8.10602e-06
7.64306e-06
7.17726e-06
6.70876e-06
6.23784e-06
5.7648e-06
5.28996e-06
4.81365e-06
4.33631e-06
3.85828e-06
1.03834e-05
9.94772e-06
9.50528e-06
9.05725e-06
8.60409e-06
8.14602e-06
7.68346e-06
7.21675e-06
6.74608e-06
6.27188e-06
5.79455e-06
5.31457e-06
4.83236e-06
4.34849e-06
3.8634e-06
1.03904e-05
9.96266e-06
9.52643e-06
9.08306e-06
8.63302e-06
8.17664e-06
7.71435e-06
7.24684e-06
6.77425e-06
6.29716e-06
5.81609e-06
5.33161e-06
4.84427e-06
4.35471e-06
3.86349e-06
1.03951e-05
9.97415e-06
9.54325e-06
9.10386e-06
8.65644e-06
8.2015e-06
7.73933e-06
7.27108e-06
6.79674e-06
6.31704e-06
5.83264e-06
5.34417e-06
4.85229e-06
4.35771e-06
3.86107e-06
1.0399e-05
9.98398e-06
9.55767e-06
9.12169e-06
8.67648e-06
8.22245e-06
7.7606e-06
7.2916e-06
6.81564e-06
6.33358e-06
5.84617e-06
5.35412e-06
4.85816e-06
4.3591e-06
3.85763e-06
1.0403e-05
9.99303e-06
9.57072e-06
9.13765e-06
8.69432e-06
8.24116e-06
7.77947e-06
7.30961e-06
6.83217e-06
6.34794e-06
5.85779e-06
5.3625e-06
4.86288e-06
4.35979e-06
3.85399e-06
1.04072e-05
1.00017e-05
9.58284e-06
9.15226e-06
8.71051e-06
8.258e-06
7.79648e-06
7.32576e-06
6.84693e-06
6.36072e-06
5.86808e-06
5.36988e-06
4.86696e-06
4.36025e-06
3.85057e-06
1.04118e-05
1.00102e-05
9.59432e-06
9.16587e-06
8.72546e-06
8.2735e-06
7.81194e-06
7.34049e-06
6.86036e-06
6.37233e-06
5.87746e-06
5.37662e-06
4.87072e-06
4.36071e-06
3.84751e-06
1.0417e-05
1.00191e-05
9.60591e-06
9.17938e-06
8.74017e-06
8.28872e-06
7.8269e-06
7.35482e-06
6.87339e-06
6.38362e-06
5.88662e-06
5.38326e-06
4.87449e-06
4.36132e-06
3.84471e-06
1.04225e-05
1.00281e-05
9.61772e-06
9.19318e-06
8.75511e-06
8.30412e-06
7.84213e-06
7.36927e-06
6.88654e-06
6.39501e-06
5.8957e-06
5.38973e-06
4.87814e-06
4.36201e-06
3.84229e-06
-1.00883e-05
-7.85301e-06
-6.4882e-06
-5.57084e-06
-4.84005e-06
-4.28933e-06
-3.87557e-06
-3.57179e-06
-3.36042e-06
-3.22739e-06
-3.16099e-06
-3.15078e-06
-3.18701e-06
-3.26051e-06
-3.36219e-06
-3.48313e-06
-3.61502e-06
-3.75065e-06
-3.88816e-06
-4.02948e-06
-4.18161e-06
-4.34101e-06
-4.44029e-06
-4.36525e-06
-4.04015e-06
-3.43977e-06
-2.55837e-06
-1.40492e-06
-1.5915e-09
1.62692e-06
3.45554e-06
5.45686e-06
7.59937e-06
9.84642e-06
1.21558e-05
1.448e-05
1.67655e-05
1.89512e-05
2.09637e-05
2.27066e-05
2.40387e-05
2.47521e-05
2.43828e-05
2.25096e-05
1.74927e-05
-8.54048e-06
-7.34993e-06
-6.30136e-06
-5.47515e-06
-4.79055e-06
-4.2549e-06
-3.84712e-06
-3.54675e-06
-3.33829e-06
-3.20846e-06
-3.14573e-06
-3.13962e-06
-3.18029e-06
-3.25845e-06
-3.36491e-06
-3.49064e-06
-3.62722e-06
-3.76722e-06
-3.90831e-06
-4.05145e-06
-4.20206e-06
-4.35483e-06
-4.44203e-06
-4.35273e-06
-4.01434e-06
-3.40351e-06
-2.51487e-06
-1.35683e-06
4.79983e-08
1.674e-06
3.49486e-06
5.4814e-06
7.59982e-06
9.81059e-06
1.20678e-05
1.43186e-05
1.65023e-05
1.85466e-05
2.0361e-05
2.18172e-05
2.27182e-05
2.27381e-05
2.12224e-05
1.7388e-05
1.00558e-05
-7.72768e-06
-6.96306e-06
-6.11149e-06
-5.37146e-06
-4.73377e-06
-4.21858e-06
-3.81978e-06
-3.52418e-06
-3.31916e-06
-3.19265e-06
-3.13355e-06
-3.13146e-06
-3.17648e-06
-3.25921e-06
-3.37037e-06
-3.50082e-06
-3.64203e-06
-3.78629e-06
-3.93081e-06
-4.07543e-06
-4.22383e-06
-4.36875e-06
-4.44207e-06
-4.33667e-06
-3.98357e-06
-3.36159e-06
-2.46585e-06
-1.30422e-06
1.00116e-07
1.72033e-06
3.52853e-06
5.49335e-06
7.57813e-06
9.73972e-06
1.19276e-05
1.40827e-05
1.61357e-05
1.80022e-05
1.95733e-05
2.06992e-05
2.11484e-05
2.05703e-05
1.83964e-05
1.41898e-05
7.78311e-06
-7.22125e-06
-6.65052e-06
-5.95482e-06
-5.28182e-06
-4.68859e-06
-4.19454e-06
-3.80445e-06
-3.51261e-06
-3.30961e-06
-3.18489e-06
-3.12801e-06
-3.12874e-06
-3.17712e-06
-3.26369e-06
-3.37899e-06
-3.51377e-06
-3.65931e-06
-3.80759e-06
-3.95524e-06
-4.1009e-06
-4.24629e-06
-4.38197e-06
-4.43936e-06
-4.31555e-06
-3.94555e-06
-3.3107e-06
-2.40679e-06
-1.24112e-06
1.62166e-07
1.77462e-06
3.56639e-06
5.5033e-06
7.54519e-06
9.64454e-06
1.17454e-05
1.3782e-05
1.56759e-05
1.7332e-05
1.86286e-05
1.94048e-05
1.94367e-05
1.84315e-05
1.60265e-05
1.20292e-05
6.73183e-06
-6.84077e-06
-6.38578e-06
-5.81061e-06
-5.21699e-06
-4.66406e-06
-4.1909e-06
-3.80865e-06
-3.51885e-06
-3.31557e-06
-3.19018e-06
-3.1332e-06
-3.13468e-06
-3.18469e-06
-3.27366e-06
-3.39199e-06
-3.5302e-06
-3.67936e-06
-3.83109e-06
-3.98132e-06
-4.12735e-06
-4.26872e-06
-4.3936e-06
-4.43294e-06
-4.2886e-06
-3.90002e-06
-3.25141e-06
-2.33943e-06
-1.17076e-06
2.2913e-07
1.82976e-06
3.59894e-06
5.49929e-06
7.48664e-06
9.50874e-06
1.1504e-05
1.34e-05
1.51112e-05
1.65351e-05
1.7546e-05
1.79902e-05
1.76809e-05
1.6417e-05
1.40242e-05
1.05004e-05
6.1914e-06
-6.534e-06
-6.16153e-06
-5.6779e-06
-5.16449e-06
-4.65958e-06
-4.20949e-06
-3.83626e-06
-3.5479e-06
-3.34236e-06
-3.21363e-06
-3.1537e-06
-3.15319e-06
-3.20235e-06
-3.29158e-06
-3.41111e-06
-3.55125e-06
-3.70281e-06
-3.85691e-06
-4.00876e-06
-4.15412e-06
-4.29013e-06
-4.40235e-06
-4.42134e-06
-4.25437e-06
-3.8458e-06
-3.18313e-06
-2.26405e-06
-1.09455e-06
2.98137e-07
1.88103e-06
3.61935e-06
5.47217e-06
7.39106e-06
9.31898e-06
1.11892e-05
1.29241e-05
1.44337e-05
1.56143e-05
1.63468e-05
1.65001e-05
1.59396e-05
1.45556e-05
1.23068e-05
9.29921e-06
5.84196e-06
-6.26761e-06
-5.95998e-06
-5.55941e-06
-5.11256e-06
-4.66406e-06
-4.2449e-06
-3.88591e-06
-3.60105e-06
-3.39289e-06
-3.25898e-06
-3.19347e-06
-3.18797e-06
-3.23328e-06
-3.31999e-06
-3.43827e-06
-3.57819e-06
-3.73028e-06
-3.88514e-06
-4.03711e-06
-4.1803e-06
-4.30919e-06
-4.40656e-06
-4.4027e-06
-4.21098e-06
-3.78124e-06
-3.10472e-06
-2.18038e-06
-1.01326e-06
3.67082e-07
1.92459e-06
3.62173e-06
5.41393e-06
7.24851e-06
9.06416e-06
1.07902e-05
1.23462e-05
1.36423e-05
1.45802e-05
1.5057e-05
1.49731e-05
1.4248e-05
1.28445e-05
1.07979e-05
8.24729e-06
5.43824e-06
-6.02266e-06
-5.7676e-06
-5.43835e-06
-5.06001e-06
-4.66624e-06
-4.28704e-06
-3.95044e-06
-3.67421e-06
-3.46558e-06
-3.3266e-06
-3.25412e-06
-3.24115e-06
-3.27962e-06
-3.36077e-06
-3.47488e-06
-3.61186e-06
-3.76206e-06
-3.9155e-06
-4.06556e-06
-4.20459e-06
-4.32417e-06
-4.40422e-06
-4.37488e-06
-4.15643e-06
-3.70481e-06
-3.01547e-06
-2.08902e-06
-9.28798e-07
4.32414e-07
1.95474e-06
3.59811e-06
5.31445e-06
7.04736e-06
8.73232e-06
1.02968e-05
1.16611e-05
1.27401e-05
1.34474e-05
1.37023e-05
1.34393e-05
1.26232e-05
1.12651e-05
9.43485e-06
7.26661e-06
4.94539e-06
-5.78965e-06
-5.57832e-06
-5.30916e-06
-4.99513e-06
-4.65859e-06
-4.32479e-06
-4.01845e-06
-3.75775e-06
-3.55331e-06
-3.41213e-06
-3.33344e-06
-3.31181e-06
-3.34119e-06
-3.41403e-06
-3.52102e-06
-3.65212e-06
-3.79763e-06
-3.94702e-06
-4.09272e-06
-4.22519e-06
-4.33292e-06
-4.39299e-06
-4.33568e-06
-4.08892e-06
-3.61558e-06
-2.91567e-06
-1.99233e-06
-8.44978e-07
4.88339e-07
1.96314e-06
3.53767e-06
5.16103e-06
6.77402e-06
8.31075e-06
9.69967e-06
1.08654e-05
1.17326e-05
1.22311e-05
1.2304e-05
1.19168e-05
1.10669e-05
9.79146e-06
8.16952e-06
6.31611e-06
4.3673e-06
-5.56181e-06
-5.38792e-06
-5.1696e-06
-4.91327e-06
-4.63296e-06
-4.34741e-06
-4.07752e-06
-3.83816e-06
-3.64425e-06
-3.50673e-06
-3.42503e-06
-3.39516e-06
-3.41451e-06
-3.47723e-06
-3.57466e-06
-3.69714e-06
-3.83516e-06
-3.97777e-06
-4.11642e-06
-4.23974e-06
-4.33296e-06
-4.37051e-06
-4.28328e-06
-4.00757e-06
-3.51384e-06
-2.80827e-06
-1.89486e-06
-7.68146e-07
5.26301e-07
1.93834e-06
3.42658e-06
4.93847e-06
6.4135e-06
7.78676e-06
8.99077e-06
9.95825e-06
1.06268e-05
1.09446e-05
1.08768e-05
1.04125e-05
9.56926e-06
8.39477e-06
6.96358e-06
5.3686e-06
3.70928e-06
-5.33137e-06
-5.19059e-06
-5.01595e-06
-4.81062e-06
-4.58281e-06
-4.34645e-06
-4.11544e-06
-3.90182e-06
-3.72637e-06
-3.60015e-06
-3.51907e-06
-3.4826e-06
-3.49258e-06
-3.54475e-06
-3.63125e-06
-3.74309e-06
-3.87126e-06
-4.00461e-06
-4.13371e-06
-4.24548e-06
-4.32184e-06
-4.33495e-06
-4.21676e-06
-3.9132e-06
-3.40298e-06
-2.70071e-06
-1.80513e-06
-7.0623e-07
5.34532e-07
1.86523e-06
3.24784e-06
4.62953e-06
5.95021e-06
7.14855e-06
8.16418e-06
8.94075e-06
9.43028e-06
9.59821e-06
9.42771e-06
8.9237e-06
8.11376e-06
7.04621e-06
5.78543e-06
4.40405e-06
2.97495e-06
-5.08818e-06
-4.97764e-06
-4.84137e-06
-4.68084e-06
-4.5006e-06
-4.31019e-06
-4.11787e-06
-3.93753e-06
-3.78963e-06
-3.67805e-06
-3.60013e-06
-3.56153e-06
-3.56523e-06
-3.60816e-06
-3.68382e-06
-3.78426e-06
-3.90119e-06
-4.02357e-06
-4.14126e-06
-4.2398e-06
-4.29774e-06
-4.28601e-06
-4.13754e-06
-3.80836e-06
-3.28997e-06
-2.60888e-06
-1.73089e-06
-6.71466e-07
4.94561e-07
1.72384e-06
2.98159e-06
4.21573e-06
5.36903e-06
6.38632e-06
7.2165e-06
7.81548e-06
8.14942e-06
8.19814e-06
7.95767e-06
7.44186e-06
6.68111e-06
5.71925e-06
4.60906e-06
3.4063e-06
2.16476e-06
-4.81929e-06
-4.73716e-06
-4.63549e-06
-4.51485e-06
-4.37791e-06
-4.23048e-06
-4.08107e-06
-3.9394e-06
-3.8175e-06
-3.72117e-06
-3.65335e-06
-3.61905e-06
-3.62094e-06
-3.65741e-06
-3.72388e-06
-3.81368e-06
-3.9194e-06
-4.03044e-06
-4.13603e-06
-4.22103e-06
-4.26057e-06
-4.22585e-06
-4.05053e-06
-3.69986e-06
-3.19307e-06
-2.53793e-06
-1.68255e-06
-6.90717e-07
3.80001e-07
1.49045e-06
2.6064e-06
3.67898e-06
4.6569e-06
5.49319e-06
6.14719e-06
6.58667e-06
6.79023e-06
6.74791e-06
6.46389e-06
5.95577e-06
5.25249e-06
4.39115e-06
3.41359e-06
2.36218e-06
1.27682e-06
-4.50858e-06
-4.45405e-06
-4.3847e-06
-4.3009e-06
-4.20426e-06
-4.09869e-06
-3.99022e-06
-3.88572e-06
-3.79274e-06
-3.71797e-06
-3.66645e-06
-3.64208e-06
-3.64714e-06
-3.68139e-06
-3.74206e-06
-3.82387e-06
-3.92028e-06
-4.02146e-06
-4.11623e-06
-4.18918e-06
-4.21352e-06
-4.15952e-06
-3.96622e-06
-3.60716e-06
-3.11798e-06
-2.49253e-06
-1.69777e-06
-7.95133e-07
1.63149e-07
1.14061e-06
2.10172e-06
3.00409e-06
3.80503e-06
4.46668e-06
4.95926e-06
5.26116e-06
5.35896e-06
5.24978e-06
4.94238e-06
4.45479e-06
3.81211e-06
3.04423e-06
2.18349e-06
1.26186e-06
3.09103e-07
-4.13568e-06
-4.10909e-06
-4.07124e-06
-4.02255e-06
-3.96405e-06
-3.89826e-06
-3.82915e-06
-3.76172e-06
-3.70153e-06
-3.65423e-06
-3.62449e-06
-3.61571e-06
-3.63012e-06
-3.66828e-06
-3.72871e-06
-3.80743e-06
-3.89876e-06
-3.99398e-06
-4.08196e-06
-4.14716e-06
-4.16305e-06
-4.09773e-06
-3.90166e-06
-3.54945e-06
-3.08592e-06
-2.51223e-06
-1.80587e-06
-1.01013e-06
-1.79128e-07
6.51793e-07
1.44963e-06
2.18026e-06
2.80984e-06
3.30986e-06
3.66002e-06
3.84644e-06
3.86103e-06
3.70538e-06
3.38994e-06
2.93095e-06
2.34877e-06
1.6666e-06
9.08992e-07
9.99096e-08
-7.38402e-07
-3.67486e-06
-3.678e-06
-3.67245e-06
-3.6588e-06
-3.63783e-06
-3.61124e-06
-3.58177e-06
-3.553e-06
-3.52901e-06
-3.51398e-06
-3.51168e-06
-3.52512e-06
-3.55645e-06
-3.60655e-06
-3.67467e-06
-3.75797e-06
-3.85152e-06
-3.94759e-06
-4.0358e-06
-4.10147e-06
-4.1192e-06
-4.05731e-06
-3.87545e-06
-3.55341e-06
-3.13616e-06
-2.62886e-06
-2.0275e-06
-1.35896e-06
-6.69902e-07
4.53378e-09
6.36829e-07
1.20094e-06
1.67124e-06
2.02831e-06
2.25861e-06
2.35095e-06
2.30188e-06
2.11641e-06
1.80448e-06
1.37905e-06
8.55686e-07
2.51873e-07
-4.14042e-07
-1.12421e-06
-1.86203e-06
-3.09921e-06
-3.13504e-06
-3.16418e-06
-3.18732e-06
-3.20528e-06
-3.21932e-06
-3.2314e-06
-3.244e-06
-3.26002e-06
-3.28247e-06
-3.31425e-06
-3.35784e-06
-3.41509e-06
-3.48695e-06
-3.573e-06
-3.6712e-06
-3.77774e-06
-3.88589e-06
-3.98575e-06
-4.06328e-06
-4.09697e-06
-4.0582e-06
-3.91178e-06
-3.64833e-06
-3.29724e-06
-2.87616e-06
-2.39285e-06
-1.86642e-06
-1.32962e-06
-8.1334e-07
-3.41496e-07
6.59771e-08
3.94445e-07
6.29354e-07
7.60894e-07
7.79205e-07
6.84522e-07
4.83247e-07
1.83567e-07
-2.05151e-07
-6.71699e-07
-1.20323e-06
-1.78624e-06
-2.4076e-06
-3.05501e-06
-2.39072e-06
-2.46352e-06
-2.53096e-06
-2.59407e-06
-2.65386e-06
-2.71148e-06
-2.76835e-06
-2.8262e-06
-2.88707e-06
-2.95312e-06
-3.02655e-06
-3.10922e-06
-3.20261e-06
-3.30753e-06
-3.42365e-06
-3.54969e-06
-3.68215e-06
-3.81562e-06
-3.94465e-06
-4.0521e-06
-4.11851e-06
-4.12527e-06
-4.04086e-06
-3.85958e-06
-3.60226e-06
-3.29007e-06
-2.93658e-06
-2.55692e-06
-2.17267e-06
-1.80669e-06
-1.48107e-06
-1.21313e-06
-1.01084e-06
-8.76344e-07
-8.24565e-07
-8.61891e-07
-9.85967e-07
-1.19116e-06
-1.47185e-06
-1.82191e-06
-2.23348e-06
-2.69732e-06
-3.20368e-06
-3.74317e-06
-4.30686e-06
-1.52977e-06
-1.64709e-06
-1.75976e-06
-1.86921e-06
-1.97679e-06
-2.08369e-06
-2.19107e-06
-2.30024e-06
-2.4127e-06
-2.53003e-06
-2.65387e-06
-2.78562e-06
-2.92637e-06
-3.0769e-06
-3.23683e-06
-3.40495e-06
-3.57991e-06
-3.756e-06
-3.92476e-06
-4.0826e-06
-4.21145e-06
-4.28735e-06
-4.29076e-06
-4.21604e-06
-4.07711e-06
-3.89203e-06
-3.6755e-06
-3.44089e-06
-3.20384e-06
-2.97925e-06
-2.78117e-06
-2.6216e-06
-2.52025e-06
-2.47022e-06
-2.48139e-06
-2.55718e-06
-2.69546e-06
-2.8936e-06
-3.14912e-06
-3.45826e-06
-3.81544e-06
-4.21406e-06
-4.64743e-06
-5.10911e-06
-5.59281e-06
-4.94014e-07
-6.62905e-07
-8.2936e-07
-9.94267e-07
-1.15885e-06
-1.32429e-06
-1.49169e-06
-1.66213e-06
-1.83674e-06
-2.0167e-06
-2.20319e-06
-2.39723e-06
-2.59965e-06
-2.81101e-06
-3.03108e-06
-3.25916e-06
-3.49392e-06
-3.73066e-06
-3.96269e-06
-4.18984e-06
-4.39856e-06
-4.56774e-06
-4.68177e-06
-4.73204e-06
-4.72615e-06
-4.67734e-06
-4.59908e-06
-4.5029e-06
-4.40006e-06
-4.30562e-06
-4.2298e-06
-4.17242e-06
-4.1308e-06
-4.13419e-06
-4.18694e-06
-4.28431e-06
-4.42349e-06
-4.60497e-06
-4.82899e-06
-5.09343e-06
-5.39442e-06
-5.72765e-06
-6.08896e-06
-6.47424e-06
-6.87925e-06
5.26762e-07
3.01901e-07
7.81701e-08
-1.45413e-07
-3.70036e-07
-5.96826e-07
-8.268e-07
-1.0609e-06
-1.30003e-06
-1.5451e-06
-1.79697e-06
-2.05647e-06
-2.32425e-06
-2.60072e-06
-2.88585e-06
-3.17906e-06
-3.47903e-06
-3.78315e-06
-4.088e-06
-4.38945e-06
-4.67908e-06
-4.94667e-06
-5.17213e-06
-5.34094e-06
-5.45666e-06
-5.52894e-06
-5.56838e-06
-5.58517e-06
-5.58788e-06
-5.58622e-06
-5.58906e-06
-5.60166e-06
-5.63092e-06
-5.68393e-06
-5.7634e-06
-5.86884e-06
-6.00126e-06
-6.16274e-06
-6.35395e-06
-6.57373e-06
-6.82003e-06
-7.09064e-06
-7.38335e-06
-7.69575e-06
-8.02518e-06
1.41273e-06
1.13524e-06
8.5703e-07
5.77538e-07
2.95876e-07
1.10696e-08
-2.77793e-07
-5.71506e-07
-8.70788e-07
-1.17632e-06
-1.48878e-06
-1.8088e-06
-2.13686e-06
-2.47326e-06
-2.81801e-06
-3.17062e-06
-3.53019e-06
-3.89496e-06
-4.26203e-06
-4.62798e-06
-4.98804e-06
-5.33542e-06
-5.64778e-06
-5.90648e-06
-6.11274e-06
-6.27422e-06
-6.39926e-06
-6.49675e-06
-6.57573e-06
-6.64296e-06
-6.70423e-06
-6.76875e-06
-6.84238e-06
-6.92799e-06
-7.02461e-06
-7.13442e-06
-7.26083e-06
-7.40587e-06
-7.57007e-06
-7.75324e-06
-7.95489e-06
-8.17433e-06
-8.41059e-06
-8.66245e-06
-8.92846e-06
2.07483e-06
1.7526e-06
1.42838e-06
1.10177e-06
7.72069e-07
4.38527e-07
1.00439e-07
-2.4278e-07
-5.91651e-07
-9.4667e-07
-1.30832e-06
-1.67705e-06
-2.05319e-06
-2.43689e-06
-2.82809e-06
-3.22636e-06
-3.63089e-06
-4.04026e-06
-4.45238e-06
-4.86459e-06
-5.27305e-06
-5.67263e-06
-6.04114e-06
-6.35806e-06
-6.62328e-06
-6.84346e-06
-7.02597e-06
-7.17853e-06
-7.30848e-06
-7.42145e-06
-7.52295e-06
-7.61985e-06
-7.71746e-06
-7.81674e-06
-7.91933e-06
-8.02849e-06
-8.14702e-06
-8.27654e-06
-8.41798e-06
-8.57204e-06
-8.73913e-06
-8.91931e-06
-9.11231e-06
-9.31765e-06
-9.53468e-06
2.55342e-06
2.19345e-06
1.83068e-06
1.46479e-06
1.0953e-06
7.2166e-07
3.43437e-07
-3.97387e-08
-4.28197e-07
-8.22247e-07
-1.22219e-06
-1.62826e-06
-2.04062e-06
-2.45927e-06
-2.88403e-06
-3.31444e-06
-3.74976e-06
-4.18877e-06
-4.62978e-06
-5.07039e-06
-5.50748e-06
-5.93714e-06
-6.33803e-06
-6.68945e-06
-6.99087e-06
-7.24833e-06
-7.46823e-06
-7.65691e-06
-7.82018e-06
-7.96333e-06
-8.09201e-06
-8.21112e-06
-8.32347e-06
-8.4318e-06
-8.53917e-06
-8.64827e-06
-8.76123e-06
-8.87972e-06
-9.00518e-06
-9.13876e-06
-9.28128e-06
-9.43324e-06
-9.59494e-06
-9.76645e-06
-9.94773e-06
2.88167e-06
2.49085e-06
2.09675e-06
1.69916e-06
1.29778e-06
8.92333e-07
4.82611e-07
6.84532e-08
-3.50281e-07
-7.73719e-07
-1.20197e-06
-1.63508e-06
-2.07304e-06
-2.51568e-06
-2.96273e-06
-3.41364e-06
-3.86768e-06
-4.32372e-06
-4.78022e-06
-5.23516e-06
-5.68599e-06
-6.12945e-06
-6.54566e-06
-6.91505e-06
-7.23703e-06
-7.51697e-06
-7.76028e-06
-7.97229e-06
-8.158e-06
-8.32245e-06
-8.46937e-06
-8.60303e-06
-8.72638e-06
-8.84256e-06
-8.95433e-06
-9.06394e-06
-9.17346e-06
-9.28479e-06
-9.39957e-06
-9.51914e-06
-9.64459e-06
-9.7768e-06
-9.91643e-06
-1.0064e-05
-1.02199e-05
3.0971e-06
2.68149e-06
2.26238e-06
1.8397e-06
1.41335e-06
9.83286e-07
5.49495e-07
1.12009e-07
-3.29141e-07
-7.73906e-07
-1.22222e-06
-1.67396e-06
-2.12895e-06
-2.58688e-06
-3.04735e-06
-3.50976e-06
-3.97335e-06
-4.43702e-06
-4.89943e-06
-5.35881e-06
-5.81303e-06
-6.25926e-06
-6.67951e-06
-7.05604e-06
-7.38827e-06
-7.6809e-06
-7.93846e-06
-8.16537e-06
-8.36587e-06
-8.54408e-06
-8.70418e-06
-8.84868e-06
-8.9808e-06
-9.10341e-06
-9.21896e-06
-9.32971e-06
-9.43778e-06
-9.54508e-06
-9.65332e-06
-9.76399e-06
-9.87837e-06
-9.9976e-06
-1.01226e-05
-1.02542e-05
-1.03931e-05
3.23177e-06
2.7964e-06
2.35753e-06
1.91525e-06
1.46963e-06
1.02082e-06
5.68981e-07
1.14311e-07
-3.43007e-07
-8.0277e-07
-1.26476e-06
-1.72869e-06
-2.19425e-06
-2.66102e-06
-3.12849e-06
-3.596e-06
-4.06277e-06
-4.52775e-06
-4.98974e-06
-5.44714e-06
-5.89815e-06
-6.3403e-06
-6.7577e-06
-7.1347e-06
-7.4707e-06
-7.76966e-06
-8.03541e-06
-8.27166e-06
-8.48192e-06
-8.66982e-06
-8.83888e-06
-8.99151e-06
-9.13048e-06
-9.25836e-06
-9.37753e-06
-9.49021e-06
-9.59845e-06
-9.70416e-06
-9.80907e-06
-9.91476e-06
-1.00227e-05
-1.01341e-05
-1.02502e-05
-1.0372e-05
-1.05003e-05
3.31089e-06
2.85982e-06
2.40542e-06
1.94791e-06
1.48752e-06
1.02455e-06
5.59324e-07
9.21567e-08
-3.76629e-07
-8.46697e-07
-1.31769e-06
-1.78921e-06
-2.26082e-06
-2.73199e-06
-3.20215e-06
-3.67059e-06
-4.1365e-06
-4.59889e-06
-5.05664e-06
-5.50831e-06
-5.95238e-06
-6.38669e-06
-6.79739e-06
-7.17099e-06
-7.50682e-06
-7.80808e-06
-8.07801e-06
-8.31981e-06
-8.53645e-06
-8.73106e-06
-8.90659e-06
-9.06533e-06
-9.20971e-06
-9.34213e-06
-9.46483e-06
-9.57994e-06
-9.68944e-06
-9.79521e-06
-9.89901e-06
-1.00025e-05
-1.01072e-05
-1.02145e-05
-1.03257e-05
-1.0442e-05
-1.05645e-05
3.35346e-06
2.88986e-06
2.42319e-06
1.95378e-06
1.48201e-06
1.0083e-06
5.33087e-07
5.68107e-08
-4.20098e-07
-8.97188e-07
-1.37399e-06
-1.85001e-06
-2.32469e-06
-2.79746e-06
-3.26765e-06
-3.73453e-06
-4.19729e-06
-4.65493e-06
-5.10646e-06
-5.55053e-06
-5.98586e-06
-6.41055e-06
-6.8127e-06
-7.18081e-06
-7.51412e-06
-7.81519e-06
-8.08675e-06
-8.33161e-06
-8.55235e-06
-8.75159e-06
-8.93179e-06
-9.09517e-06
-9.24391e-06
-9.38022e-06
-9.50621e-06
-9.6239e-06
-9.73522e-06
-9.84204e-06
-9.94611e-06
-1.00491e-05
-1.01527e-05
-1.02583e-05
-1.03674e-05
-1.04812e-05
-1.06009e-05
3.37301e-06
2.89927e-06
2.42275e-06
1.94388e-06
1.46318e-06
9.81159e-07
4.98366e-07
1.53241e-08
-4.67433e-07
-9.4936e-07
-1.42989e-06
-1.90845e-06
-2.3844e-06
-2.8571e-06
-3.32584e-06
-3.78985e-06
-4.24831e-06
-4.70025e-06
-5.14474e-06
-5.58053e-06
-6.00655e-06
-6.42107e-06
-6.814e-06
-7.17565e-06
-7.50515e-06
-7.80456e-06
-8.07622e-06
-8.32252e-06
-8.54575e-06
-8.7481e-06
-8.9317e-06
-9.09864e-06
-9.25087e-06
-9.39042e-06
-9.51932e-06
-9.6395e-06
-9.75283e-06
-9.86116e-06
-9.96626e-06
-1.00698e-05
-1.01736e-05
-1.0279e-05
-1.03876e-05
-1.05007e-05
-1.06198e-05
3.37871e-06
2.89658e-06
2.41196e-06
1.92541e-06
1.43751e-06
9.48886e-07
4.60155e-07
-2.80737e-08
-5.15182e-07
-1.00054e-06
-1.48352e-06
-1.96344e-06
-2.43964e-06
-2.9114e-06
-3.37796e-06
-3.83854e-06
-4.2923e-06
-4.73832e-06
-5.17567e-06
-5.60324e-06
-6.02007e-06
-6.4246e-06
-6.80835e-06
-7.16325e-06
-7.48836e-06
-7.78532e-06
-8.05615e-06
-8.30289e-06
-8.52748e-06
-8.73186e-06
-8.91789e-06
-9.08755e-06
-9.24254e-06
-9.38473e-06
-9.5161e-06
-9.63851e-06
-9.75379e-06
-9.86376e-06
-9.97019e-06
-1.00748e-05
-1.01793e-05
-1.02854e-05
-1.03945e-05
-1.05081e-05
-1.06277e-05
3.37657e-06
2.88733e-06
2.3959e-06
1.90291e-06
1.40905e-06
9.14997e-07
4.21447e-07
-7.09182e-08
-5.61411e-07
-1.04933e-06
-1.53398e-06
-2.01463e-06
-2.49055e-06
-2.96097e-06
-3.42511e-06
-3.88216e-06
-4.33128e-06
-4.77155e-06
-5.2021e-06
-5.62188e-06
-6.03003e-06
-6.42515e-06
-6.80019e-06
-7.14846e-06
-7.46902e-06
-7.76319e-06
-8.03267e-06
-8.27921e-06
-8.50444e-06
-8.7101e-06
-8.89779e-06
-9.06951e-06
-9.22666e-06
-9.37094e-06
-9.50434e-06
-9.62865e-06
-9.74566e-06
-9.85716e-06
-9.96494e-06
-1.00708e-05
-1.01763e-05
-1.02833e-05
-1.03934e-05
-1.0508e-05
-1.06287e-05
3.37036e-06
2.87497e-06
2.37767e-06
1.87917e-06
1.38022e-06
8.81577e-07
3.83979e-07
-1.11824e-07
-6.05079e-07
-1.09503e-06
-1.58091e-06
-2.06195e-06
-2.53737e-06
-3.00636e-06
-3.46811e-06
-3.92179e-06
-4.36655e-06
-4.80149e-06
-5.22577e-06
-5.63839e-06
-6.03859e-06
-6.42508e-06
-6.79205e-06
-7.13406e-06
-7.45017e-06
-7.74147e-06
-8.00936e-06
-8.25531e-06
-8.48075e-06
-8.68717e-06
-8.87593e-06
-9.04915e-06
-9.20799e-06
-9.35389e-06
-9.4889e-06
-9.61475e-06
-9.73319e-06
-9.84602e-06
-9.95501e-06
-1.0062e-05
-1.01686e-05
-1.02766e-05
-1.03878e-05
-1.05036e-05
-1.06256e-05
3.3624e-06
2.8616e-06
2.35915e-06
1.85583e-06
1.35244e-06
8.49798e-07
3.48694e-07
-1.50065e-07
-6.45674e-07
-1.13732e-06
-1.6242e-06
-2.10549e-06
-2.58036e-06
-3.04798e-06
-3.50751e-06
-3.9581e-06
-4.3989e-06
-4.82902e-06
-5.24765e-06
-5.65382e-06
-6.04686e-06
-6.42555e-06
-6.78519e-06
-7.12143e-06
-7.43337e-06
-7.72187e-06
-7.98808e-06
-8.23324e-06
-8.45861e-06
-8.66534e-06
-8.85498e-06
-9.02912e-06
-9.18931e-06
-9.33643e-06
-9.47266e-06
-9.59971e-06
-9.71929e-06
-9.83318e-06
-9.94318e-06
-1.00511e-05
-1.01586e-05
-1.02677e-05
-1.03798e-05
-1.04968e-05
-1.06201e-05
3.35401e-06
2.8484e-06
2.34137e-06
1.83377e-06
1.32645e-06
8.20259e-07
3.16053e-07
-1.85317e-07
-6.82999e-07
-1.17614e-06
-1.66388e-06
-2.14537e-06
-2.61974e-06
-3.08612e-06
-3.54367e-06
-3.9915e-06
-4.42878e-06
-4.85461e-06
-5.26821e-06
-5.66865e-06
-6.05531e-06
-6.42704e-06
-6.78008e-06
-7.11109e-06
-7.4192e-06
-7.70506e-06
-7.96962e-06
-8.21389e-06
-8.43901e-06
-8.64579e-06
-8.8361e-06
-9.01091e-06
-9.17207e-06
-9.32006e-06
-9.4572e-06
-9.58515e-06
-9.70558e-06
-9.82028e-06
-9.93104e-06
-1.00397e-05
-1.0148e-05
-1.02578e-05
-1.03709e-05
-1.04888e-05
-1.06133e-05
3.34594e-06
2.83601e-06
2.32489e-06
1.81346e-06
1.30261e-06
7.93246e-07
2.86261e-07
-2.17452e-07
-7.16999e-07
-1.21149e-06
-1.70002e-06
-2.1817e-06
-2.65565e-06
-3.12097e-06
-3.57678e-06
-4.0222e-06
-4.45637e-06
-4.87843e-06
-5.2876e-06
-5.68299e-06
-6.064e-06
-6.42957e-06
-6.77675e-06
-7.10306e-06
-7.40771e-06
-7.69115e-06
-7.95414e-06
-8.19752e-06
-8.42228e-06
-8.62903e-06
-8.81962e-06
-8.99514e-06
-9.15681e-06
-9.3055e-06
-9.44329e-06
-9.57187e-06
-9.69292e-06
-9.80819e-06
-9.9195e-06
-1.00287e-05
-1.01376e-05
-1.0248e-05
-1.03617e-05
-1.04805e-05
-1.0606e-05
3.33854e-06
2.82475e-06
2.30997e-06
1.7951e-06
1.28109e-06
7.6888e-07
2.59397e-07
-2.46427e-07
-7.47662e-07
-1.24338e-06
-1.73265e-06
-2.21455e-06
-2.68816e-06
-3.15258e-06
-3.6069e-06
-4.05023e-06
-4.48171e-06
-4.90048e-06
-5.30578e-06
-5.69675e-06
-6.07282e-06
-6.43297e-06
-6.77496e-06
-7.09712e-06
-7.39867e-06
-7.67994e-06
-7.94149e-06
-8.184e-06
-8.40836e-06
-8.61506e-06
-8.80569e-06
-8.98178e-06
-9.14376e-06
-9.29297e-06
-9.4312e-06
-9.56023e-06
-9.68169e-06
-9.79734e-06
-9.909e-06
-1.00185e-05
-1.01278e-05
-1.02386e-05
-1.03529e-05
-1.04723e-05
-1.05986e-05
3.33187e-06
2.81459e-06
2.29649e-06
1.77852e-06
1.26166e-06
7.4687e-07
2.35123e-07
-2.7262e-07
-7.75396e-07
-1.27225e-06
-1.76222e-06
-2.24436e-06
-2.71772e-06
-3.18138e-06
-3.63443e-06
-4.07595e-06
-4.5051e-06
-4.92101e-06
-5.32292e-06
-5.71001e-06
-6.08174e-06
-6.4371e-06
-6.77447e-06
-7.09289e-06
-7.39168e-06
-7.67099e-06
-7.93122e-06
-8.17293e-06
-8.3969e-06
-8.60349e-06
-8.79419e-06
-8.97056e-06
-9.13279e-06
-9.28233e-06
-9.42087e-06
-9.55016e-06
-9.67186e-06
-9.78773e-06
-9.89959e-06
-1.00093e-05
-1.01188e-05
-1.02299e-05
-1.03445e-05
-1.04643e-05
-1.05913e-05
3.32562e-06
2.80498e-06
2.28371e-06
1.76277e-06
1.24318e-06
7.2592e-07
2.11998e-07
-2.97593e-07
-8.01864e-07
-1.29983e-06
-1.7905e-06
-2.27291e-06
-2.74609e-06
-3.20909e-06
-3.66099e-06
-4.10087e-06
-4.52788e-06
-4.94115e-06
-5.33994e-06
-5.72344e-06
-6.09113e-06
-6.44203e-06
-6.77506e-06
-7.08998e-06
-7.38617e-06
-7.66361e-06
-7.92259e-06
-8.16352e-06
-8.38708e-06
-8.59354e-06
-8.78429e-06
-8.9608e-06
-9.12322e-06
-9.27297e-06
-9.41167e-06
-9.54111e-06
-9.66293e-06
-9.77888e-06
-9.89079e-06
-1.00006e-05
-1.01101e-05
-1.02213e-05
-1.03361e-05
-1.04564e-05
-1.05838e-05
3.31993e-06
2.79608e-06
2.27173e-06
1.74789e-06
1.2256e-06
7.05894e-07
1.89809e-07
-3.2163e-07
-8.27403e-07
-1.32649e-06
-1.81789e-06
-2.30059e-06
-2.77362e-06
-3.236e-06
-3.6868e-06
-4.12511e-06
-4.55004e-06
-4.96078e-06
-5.35657e-06
-5.73665e-06
-6.10054e-06
-6.44726e-06
-6.77632e-06
-7.0881e-06
-7.38192e-06
-7.65762e-06
-7.91537e-06
-8.15549e-06
-8.37856e-06
-8.5847e-06
-8.77537e-06
-8.95194e-06
-9.1145e-06
-9.26436e-06
-9.40332e-06
-9.53293e-06
-9.65485e-06
-9.77084e-06
-9.88276e-06
-9.99253e-06
-1.01021e-05
-1.02134e-05
-1.03283e-05
-1.04487e-05
-1.05765e-05
-6.63509e-06
-1.16206e-05
-1.14451e-05
-1.13431e-05
-1.16325e-05
-1.21691e-05
-1.28923e-05
-1.37664e-05
-1.47729e-05
-1.59035e-05
-1.71545e-05
-1.85247e-05
-2.00133e-05
-2.16187e-05
-2.33336e-05
-2.67821e-06
-7.99422e-06
-9.58127e-06
-1.04148e-05
-1.11421e-05
-1.18895e-05
-1.27237e-05
-1.36618e-05
-1.47072e-05
-1.58618e-05
-1.71274e-05
-1.85058e-05
-1.99982e-05
-2.16043e-05
-2.33177e-05
-9.27046e-08
-5.41183e-06
-8.04556e-06
-9.53068e-06
-1.0629e-05
-1.15886e-05
-1.25423e-05
-1.35505e-05
-1.46383e-05
-1.58189e-05
-1.71e-05
-1.84871e-05
-1.99833e-05
-2.15899e-05
-2.33015e-05
1.18779e-06
-3.64663e-06
-6.73215e-06
-8.67225e-06
-1.00901e-05
-1.12621e-05
-1.23458e-05
-1.34319e-05
-1.45669e-05
-1.57759e-05
-1.70737e-05
-1.84698e-05
-1.99698e-05
-2.15766e-05
-2.32859e-05
1.87433e-06
-2.22148e-06
-5.42783e-06
-7.72702e-06
-9.45913e-06
-1.08637e-05
-1.21024e-05
-1.32858e-05
-1.44805e-05
-1.57254e-05
-1.7044e-05
-1.84512e-05
-1.99559e-05
-2.15629e-05
-2.32696e-05
2.33892e-06
-1.11955e-06
-4.21282e-06
-6.72131e-06
-8.72457e-06
-1.03673e-05
-1.17851e-05
-1.30907e-05
-1.43641e-05
-1.56575e-05
-1.70048e-05
-1.84275e-05
-1.9939e-05
-2.15472e-05
-2.32513e-05
2.57658e-06
-3.49664e-07
-3.2031e-06
-5.75354e-06
-7.93274e-06
-9.7811e-06
-1.13821e-05
-1.28285e-05
-1.42007e-05
-1.55591e-05
-1.69464e-05
-1.8392e-05
-1.99147e-05
-2.15262e-05
-2.32284e-05
2.57839e-06
9.57673e-08
-2.46374e-06
-4.92248e-06
-7.16233e-06
-9.14854e-06
-1.09068e-05
-1.24948e-05
-1.39784e-05
-1.54167e-05
-1.68572e-05
-1.83353e-05
-1.98757e-05
-2.14943e-05
-2.31965e-05
2.37839e-06
2.58862e-07
-2.00396e-06
-4.29164e-06
-6.49144e-06
-8.53323e-06
-1.03977e-05
-1.21051e-05
-1.36972e-05
-1.52225e-05
-1.67265e-05
-1.82469e-05
-1.98124e-05
-2.14432e-05
-2.31483e-05
2.01336e-06
1.88818e-07
-1.80116e-06
-3.88442e-06
-5.97425e-06
-7.99576e-06
-9.90487e-06
-1.16916e-05
-1.33726e-05
-1.49796e-05
-1.65496e-05
-1.81182e-05
-1.97151e-05
-2.1363e-05
-2.30743e-05
1.5112e-06
-7.23459e-08
-1.82164e-06
-3.69592e-06
-5.63618e-06
-7.57916e-06
-9.47397e-06
-1.12924e-05
-1.30299e-05
-1.47007e-05
-1.63296e-05
-1.79455e-05
-1.95759e-05
-2.12438e-05
-2.29633e-05
8.89634e-07
-4.94188e-07
-2.03391e-06
-3.70863e-06
-5.48189e-06
-7.30725e-06
-9.13881e-06
-1.09415e-05
-1.26971e-05
-1.44044e-05
-1.60753e-05
-1.77297e-05
-1.93898e-05
-2.10763e-05
-2.28036e-05
1.58633e-07
-1.05672e-06
-2.4137e-06
-3.90349e-06
-5.50578e-06
-7.19015e-06
-8.9212e-06
-1.06657e-05
-1.23993e-05
-1.411e-05
-1.57984e-05
-1.74746e-05
-1.91536e-05
-2.08519e-05
-2.25822e-05
-6.75692e-07
-1.74644e-06
-2.94298e-06
-4.2635e-06
-5.69834e-06
-7.22983e-06
-8.83401e-06
-1.04845e-05
-1.21572e-05
-1.38352e-05
-1.55105e-05
-1.71844e-05
-1.88644e-05
-2.05613e-05
-2.22845e-05
-1.60769e-06
-2.5523e-06
-3.60669e-06
-4.7728e-06
-6.04754e-06
-7.4222e-06
-8.88272e-06
-1.0411e-05
-1.19877e-05
-1.35957e-05
-1.52227e-05
-1.68637e-05
-1.85193e-05
-2.01942e-05
-2.18938e-05
-2.62944e-06
-3.46221e-06
-4.38925e-06
-5.41423e-06
-6.53769e-06
-7.75665e-06
-9.06435e-06
-1.04503e-05
-1.19015e-05
-1.3404e-05
-1.49455e-05
-1.65177e-05
-1.81164e-05
-1.97412e-05
-2.13933e-05
-3.73028e-06
-4.46166e-06
-5.27268e-06
-6.16743e-06
-7.14812e-06
-8.21503e-06
-9.36611e-06
-1.05967e-05
-1.18997e-05
-1.3266e-05
-1.4686e-05
-1.61513e-05
-1.76559e-05
-1.91959e-05
-2.07693e-05
-4.89624e-06
-5.53295e-06
-6.23553e-06
-7.00783e-06
-7.85255e-06
-8.77145e-06
-9.76517e-06
-1.08328e-05
-1.19718e-05
-1.31776e-05
-1.44447e-05
-1.57669e-05
-1.71389e-05
-1.8556e-05
-2.00147e-05
-6.09961e-06
-6.64545e-06
-7.24433e-06
-7.89942e-06
-8.61324e-06
-9.38799e-06
-1.02255e-05
-1.11269e-05
-1.20926e-05
-1.31216e-05
-1.42122e-05
-1.53616e-05
-1.65666e-05
-1.78244e-05
-1.9132e-05
-7.30453e-06
-7.76096e-06
-8.25847e-06
-8.79948e-06
-9.38607e-06
-1.00203e-05
-1.07042e-05
-1.144e-05
-1.22294e-05
-1.30739e-05
-1.39745e-05
-1.49316e-05
-1.59454e-05
-1.70157e-05
-1.81419e-05
-8.37229e-06
-8.74445e-06
-9.14803e-06
-9.58447e-06
-1.00553e-05
-1.05621e-05
-1.11069e-05
-1.1692e-05
-1.23199e-05
-1.29929e-05
-1.37138e-05
-1.44852e-05
-1.531e-05
-1.61912e-05
-1.71314e-05
-9.20922e-06
-9.5094e-06
-9.83308e-06
-1.01815e-05
-1.05561e-05
-1.09584e-05
-1.13902e-05
-1.18537e-05
-1.23515e-05
-1.28864e-05
-1.34619e-05
-1.40819e-05
-1.4751e-05
-1.54744e-05
-1.62576e-05
-9.76422e-06
-1.00097e-05
-1.02739e-05
-1.05577e-05
-1.08625e-05
-1.11895e-05
-1.15407e-05
-1.1918e-05
-1.23241e-05
-1.27619e-05
-1.32353e-05
-1.37486e-05
-1.43072e-05
-1.49176e-05
-1.55869e-05
-1.01397e-05
-1.0345e-05
-1.05657e-05
-1.08028e-05
-1.10574e-05
-1.1331e-05
-1.16253e-05
-1.19425e-05
-1.2285e-05
-1.26559e-05
-1.30589e-05
-1.34986e-05
-1.39805e-05
-1.45116e-05
-1.5099e-05
-1.03851e-05
-1.05619e-05
-1.07519e-05
-1.09563e-05
-1.11762e-05
-1.14133e-05
-1.16692e-05
-1.19459e-05
-1.22459e-05
-1.25722e-05
-1.29284e-05
-1.33188e-05
-1.3749e-05
-1.42255e-05
-1.47555e-05
-1.05404e-05
-1.06982e-05
-1.08679e-05
-1.10507e-05
-1.12481e-05
-1.14615e-05
-1.16926e-05
-1.19434e-05
-1.22163e-05
-1.25141e-05
-1.28402e-05
-1.31987e-05
-1.35945e-05
-1.4034e-05
-1.45236e-05
-1.06365e-05
-1.07825e-05
-1.09396e-05
-1.11093e-05
-1.12929e-05
-1.1492e-05
-1.17082e-05
-1.19435e-05
-1.22e-05
-1.24804e-05
-1.27879e-05
-1.3126e-05
-1.34995e-05
-1.39138e-05
-1.43745e-05
-1.06945e-05
-1.08339e-05
-1.09841e-05
-1.11465e-05
-1.13226e-05
-1.15138e-05
-1.17219e-05
-1.19486e-05
-1.2196e-05
-1.24665e-05
-1.27629e-05
-1.30886e-05
-1.34475e-05
-1.38444e-05
-1.42843e-05
-1.07281e-05
-1.08645e-05
-1.10115e-05
-1.11707e-05
-1.13434e-05
-1.15312e-05
-1.17355e-05
-1.19583e-05
-1.22012e-05
-1.24666e-05
-1.2757e-05
-1.30751e-05
-1.34246e-05
-1.38093e-05
-1.42336e-05
-1.07463e-05
-1.0882e-05
-1.10283e-05
-1.11867e-05
-1.13587e-05
-1.15457e-05
-1.17492e-05
-1.19709e-05
-1.22123e-05
-1.24756e-05
-1.27629e-05
-1.30766e-05
-1.34198e-05
-1.37958e-05
-1.42082e-05
-1.07548e-05
-1.0891e-05
-1.10381e-05
-1.11973e-05
-1.13701e-05
-1.1558e-05
-1.17623e-05
-1.19845e-05
-1.22262e-05
-1.24891e-05
-1.27752e-05
-1.30864e-05
-1.34254e-05
-1.37948e-05
-1.41976e-05
-1.0757e-05
-1.08946e-05
-1.10431e-05
-1.1204e-05
-1.13785e-05
-1.1568e-05
-1.1774e-05
-1.19977e-05
-1.22405e-05
-1.25041e-05
-1.27899e-05
-1.30998e-05
-1.34358e-05
-1.38001e-05
-1.41952e-05
-1.07554e-05
-1.08947e-05
-1.1045e-05
-1.12077e-05
-1.13842e-05
-1.15759e-05
-1.17838e-05
-1.20094e-05
-1.22539e-05
-1.25185e-05
-1.28047e-05
-1.31138e-05
-1.34476e-05
-1.38078e-05
-1.41965e-05
-1.07514e-05
-1.08923e-05
-1.10444e-05
-1.12092e-05
-1.13878e-05
-1.15815e-05
-1.17916e-05
-1.20192e-05
-1.22654e-05
-1.25313e-05
-1.28181e-05
-1.31269e-05
-1.3459e-05
-1.38159e-05
-1.41989e-05
-1.0746e-05
-1.08885e-05
-1.10423e-05
-1.12089e-05
-1.13895e-05
-1.15853e-05
-1.17974e-05
-1.20269e-05
-1.22748e-05
-1.2542e-05
-1.28295e-05
-1.31381e-05
-1.34689e-05
-1.38229e-05
-1.42012e-05
-1.07399e-05
-1.08837e-05
-1.10391e-05
-1.12073e-05
-1.13897e-05
-1.15873e-05
-1.18013e-05
-1.20326e-05
-1.22821e-05
-1.25506e-05
-1.28387e-05
-1.31473e-05
-1.3477e-05
-1.38286e-05
-1.42027e-05
-1.07335e-05
-1.08785e-05
-1.10351e-05
-1.12048e-05
-1.13887e-05
-1.15881e-05
-1.18037e-05
-1.20366e-05
-1.22875e-05
-1.25571e-05
-1.28459e-05
-1.31545e-05
-1.34833e-05
-1.38327e-05
-1.42032e-05
-1.07269e-05
-1.08729e-05
-1.10307e-05
-1.12016e-05
-1.13869e-05
-1.15877e-05
-1.18049e-05
-1.20392e-05
-1.22914e-05
-1.2562e-05
-1.28514e-05
-1.316e-05
-1.3488e-05
-1.38356e-05
-1.42028e-05
-1.07201e-05
-1.08669e-05
-1.10257e-05
-1.11977e-05
-1.13843e-05
-1.15864e-05
-1.18049e-05
-1.20406e-05
-1.2294e-05
-1.25656e-05
-1.28556e-05
-1.31642e-05
-1.34915e-05
-1.38373e-05
-1.42016e-05
-1.07134e-05
-1.0861e-05
-1.10206e-05
-1.11936e-05
-1.13813e-05
-1.15846e-05
-1.18044e-05
-1.20412e-05
-1.22957e-05
-1.25681e-05
-1.28587e-05
-1.31673e-05
-1.34939e-05
-1.38382e-05
-1.41998e-05
-2.32932e-06
-2.33195e-06
-2.33484e-06
-2.33779e-06
-2.34027e-06
-2.34181e-06
-2.342e-06
-2.34056e-06
-2.33727e-06
-2.33205e-06
-2.32484e-06
-2.31565e-06
-2.30448e-06
-2.29129e-06
-2.27598e-06
-2.25834e-06
-2.23796e-06
-2.21419e-06
-2.18598e-06
-2.15171e-06
-2.10911e-06
-2.05522e-06
-1.98444e-06
-1.89036e-06
-1.76784e-06
-1.61203e-06
-1.41862e-06
-1.18496e-06
-9.11567e-07
-6.01959e-07
-2.58154e-07
1.13716e-07
4.92178e-07
8.59443e-07
1.19752e-06
1.48985e-06
1.72362e-06
1.89064e-06
1.99027e-06
2.02976e-06
2.02294e-06
1.98745e-06
1.94121e-06
1.90282e-06
1.88497e-06
-2.32269e-06
-2.32621e-06
-2.32892e-06
-2.33096e-06
-2.33212e-06
-2.33205e-06
-2.33044e-06
-2.32704e-06
-2.32164e-06
-2.31404e-06
-2.30407e-06
-2.29158e-06
-2.27638e-06
-2.25829e-06
-2.23708e-06
-2.21243e-06
-2.18389e-06
-2.15079e-06
-2.11211e-06
-2.06626e-06
-2.01093e-06
-1.94273e-06
-1.85691e-06
-1.74949e-06
-1.61671e-06
-1.45446e-06
-1.25923e-06
-1.029e-06
-7.63726e-07
-4.65423e-07
-1.40519e-07
1.96523e-07
5.35085e-07
8.6229e-07
1.16281e-06
1.42159e-06
1.62676e-06
1.77334e-06
1.86322e-06
1.90439e-06
1.90898e-06
1.89058e-06
1.86168e-06
1.83148e-06
1.80593e-06
-2.31648e-06
-2.32235e-06
-2.32636e-06
-2.3291e-06
-2.33064e-06
-2.33068e-06
-2.329e-06
-2.32538e-06
-2.31962e-06
-2.31153e-06
-2.30091e-06
-2.28757e-06
-2.2713e-06
-2.25187e-06
-2.22907e-06
-2.20264e-06
-2.17232e-06
-2.13777e-06
-2.09852e-06
-2.05376e-06
-2.00215e-06
-1.94118e-06
-1.86686e-06
-1.77535e-06
-1.66162e-06
-1.51948e-06
-1.3433e-06
-1.12924e-06
-8.761e-07
-5.85802e-07
-2.63183e-07
7.99276e-08
4.29056e-07
7.68343e-07
1.08088e-06
1.35103e-06
1.56693e-06
1.72273e-06
1.81944e-06
1.86432e-06
1.86891e-06
1.84659e-06
1.8099e-06
1.76631e-06
1.71633e-06
-2.31119e-06
-2.32025e-06
-2.32624e-06
-2.33034e-06
-2.33292e-06
-2.3338e-06
-2.33279e-06
-2.32973e-06
-2.32445e-06
-2.31679e-06
-2.30655e-06
-2.29355e-06
-2.27758e-06
-2.25849e-06
-2.23618e-06
-2.21064e-06
-2.18204e-06
-2.15076e-06
-2.11739e-06
-2.08263e-06
-2.04702e-06
-2.00979e-06
-1.96703e-06
-1.91259e-06
-1.83803e-06
-1.73317e-06
-1.58862e-06
-1.39827e-06
-1.15966e-06
-8.74626e-07
-5.48681e-07
-1.92653e-07
1.78054e-07
5.45692e-07
8.91177e-07
1.19632e-06
1.44641e-06
1.63258e-06
1.75312e-06
1.81335e-06
1.82398e-06
1.79891e-06
1.75233e-06
1.69222e-06
1.61713e-06
-2.30896e-06
-2.32143e-06
-2.32969e-06
-2.33548e-06
-2.33954e-06
-2.34177e-06
-2.34202e-06
-2.34021e-06
-2.33623e-06
-2.32993e-06
-2.32115e-06
-2.30971e-06
-2.2955e-06
-2.27845e-06
-2.25866e-06
-2.23652e-06
-2.21283e-06
-2.18901e-06
-2.16722e-06
-2.15031e-06
-2.14156e-06
-2.14284e-06
-2.14988e-06
-2.15159e-06
-2.13387e-06
-2.0806e-06
-1.97801e-06
-1.81922e-06
-1.60099e-06
-1.32444e-06
-9.93855e-07
-6.20889e-07
-2.20581e-07
1.8792e-07
5.83196e-07
9.4362e-07
1.24997e-06
1.48823e-06
1.65182e-06
1.74244e-06
1.76919e-06
1.7468e-06
1.6922e-06
1.61533e-06
1.51423e-06
-2.31136e-06
-2.32708e-06
-2.3376e-06
-2.34524e-06
-2.35103e-06
-2.35493e-06
-2.35689e-06
-2.35689e-06
-2.35486e-06
-2.3507e-06
-2.34429e-06
-2.3355e-06
-2.32428e-06
-2.31071e-06
-2.29515e-06
-2.27842e-06
-2.26212e-06
-2.24891e-06
-2.24286e-06
-2.24949e-06
-2.27533e-06
-2.32564e-06
-2.39526e-06
-2.46532e-06
-2.5137e-06
-2.51855e-06
-2.46557e-06
-2.3459e-06
-2.15399e-06
-1.89064e-06
-1.55788e-06
-1.16747e-06
-7.34943e-07
-2.799e-07
1.74624e-07
6.03597e-07
9.82483e-07
1.29057e-06
1.5144e-06
1.65015e-06
1.70409e-06
1.69145e-06
1.63244e-06
1.53977e-06
1.41153e-06
-2.31931e-06
-2.3379e-06
-2.35056e-06
-2.36004e-06
-2.36765e-06
-2.37341e-06
-2.37735e-06
-2.3795e-06
-2.37987e-06
-2.3784e-06
-2.37499e-06
-2.36958e-06
-2.36218e-06
-2.35302e-06
-2.34271e-06
-2.33254e-06
-2.3249e-06
-2.32379e-06
-2.33536e-06
-2.36803e-06
-2.4318e-06
-2.5356e-06
-2.67284e-06
-2.81457e-06
-2.93067e-06
-2.99941e-06
-3.00436e-06
-2.92857e-06
-2.76325e-06
-2.50836e-06
-2.17462e-06
-1.77065e-06
-1.31007e-06
-8.11405e-07
-2.97918e-07
2.02963e-07
6.61708e-07
1.0503e-06
1.34692e-06
1.54032e-06
1.6322e-06
1.63721e-06
1.57863e-06
1.47213e-06
1.31623e-06
-2.33313e-06
-2.35419e-06
-2.36878e-06
-2.38003e-06
-2.38945e-06
-2.39715e-06
-2.40318e-06
-2.40768e-06
-2.41068e-06
-2.41218e-06
-2.41212e-06
-2.41047e-06
-2.40732e-06
-2.40297e-06
-2.39828e-06
-2.39494e-06
-2.39608e-06
-2.40697e-06
-2.43586e-06
-2.49416e-06
-2.5952e-06
-2.75167e-06
-2.95608e-06
-3.16953e-06
-3.35425e-06
-3.48217e-06
-3.53069e-06
-3.48587e-06
-3.34297e-06
-3.10309e-06
-2.77348e-06
-2.36254e-06
-1.88235e-06
-1.34934e-06
-7.85452e-07
-2.188e-07
3.17498e-07
7.88716e-07
1.16411e-06
1.42359e-06
1.56234e-06
1.59274e-06
1.54009e-06
1.42276e-06
1.2398e-06
-2.35272e-06
-2.37588e-06
-2.39218e-06
-2.40509e-06
-2.41627e-06
-2.42586e-06
-2.434e-06
-2.44087e-06
-2.44656e-06
-2.4511e-06
-2.45447e-06
-2.45667e-06
-2.45779e-06
-2.45824e-06
-2.459e-06
-2.46208e-06
-2.47124e-06
-2.49285e-06
-2.53709e-06
-2.61848e-06
-2.7529e-06
-2.95652e-06
-3.22175e-06
-3.49874e-06
-3.74101e-06
-3.91532e-06
-3.99818e-06
-3.9779e-06
-3.85199e-06
-3.6231e-06
-3.29825e-06
-2.8852e-06
-2.39397e-06
-1.83803e-06
-1.23665e-06
-6.16744e-07
-1.29574e-08
5.34966e-07
9.8794e-07
1.31659e-06
1.508e-06
1.57031e-06
1.52923e-06
1.40499e-06
1.19708e-06
-2.37766e-06
-2.40265e-06
-2.42047e-06
-2.43491e-06
-2.44775e-06
-2.45914e-06
-2.46929e-06
-2.47842e-06
-2.48669e-06
-2.49416e-06
-2.50082e-06
-2.50669e-06
-2.51186e-06
-2.51676e-06
-2.52243e-06
-2.53109e-06
-2.54695e-06
-2.57725e-06
-2.63383e-06
-2.73453e-06
-2.89649e-06
-3.13903e-06
-3.45511e-06
-3.78394e-06
-4.07029e-06
-4.27772e-06
-4.38312e-06
-4.37689e-06
-4.25914e-06
-4.03516e-06
-3.71267e-06
-3.29909e-06
-2.80244e-06
-2.23308e-06
-1.60691e-06
-9.48214e-07
-2.91066e-07
3.2209e-07
8.45166e-07
1.24059e-06
1.48658e-06
1.58527e-06
1.56089e-06
1.43431e-06
1.2051e-06
-2.40739e-06
-2.43405e-06
-2.45325e-06
-2.4691e-06
-2.48346e-06
-2.4965e-06
-2.50847e-06
-2.51965e-06
-2.53026e-06
-2.54038e-06
-2.55003e-06
-2.55921e-06
-2.568e-06
-2.57679e-06
-2.58662e-06
-2.59981e-06
-2.62082e-06
-2.65749e-06
-2.72274e-06
-2.83731e-06
-3.02087e-06
-3.29575e-06
-3.64965e-06
-4.01759e-06
-4.33426e-06
-4.56128e-06
-4.67637e-06
-4.6726e-06
-4.55326e-06
-4.32647e-06
-4.00116e-06
-3.58481e-06
-3.08392e-06
-2.50624e-06
-1.8643e-06
-1.17916e-06
-4.8269e-07
1.82253e-07
7.63517e-07
1.21901e-06
1.51793e-06
1.65503e-06
1.65143e-06
1.52729e-06
1.28159e-06
-2.44133e-06
-2.46959e-06
-2.49008e-06
-2.50723e-06
-2.52296e-06
-2.53745e-06
-2.55099e-06
-2.56393e-06
-2.57652e-06
-2.58891e-06
-2.60111e-06
-2.61312e-06
-2.62497e-06
-2.637e-06
-2.65018e-06
-2.66679e-06
-2.69143e-06
-2.73235e-06
-2.80309e-06
-2.92526e-06
-3.12472e-06
-3.42445e-06
-3.80582e-06
-4.19941e-06
-4.5334e-06
-4.76744e-06
-4.88043e-06
-4.86838e-06
-4.73786e-06
-4.49969e-06
-4.16434e-06
-3.73966e-06
-3.23138e-06
-2.6454e-06
-1.99158e-06
-1.28785e-06
-5.62931e-07
1.42135e-07
7.68218e-07
1.27456e-06
1.62219e-06
1.79755e-06
1.81745e-06
1.7003e-06
1.44355e-06
-2.47895e-06
-2.50884e-06
-2.53056e-06
-2.54891e-06
-2.56585e-06
-2.58156e-06
-2.59636e-06
-2.61068e-06
-2.62484e-06
-2.63901e-06
-2.65324e-06
-2.66751e-06
-2.68182e-06
-2.6964e-06
-2.71212e-06
-2.73115e-06
-2.75807e-06
-2.80137e-06
-2.87509e-06
-3.00031e-06
-3.21144e-06
-3.52557e-06
-3.9252e-06
-4.33358e-06
-4.67372e-06
-4.904e-06
-5.00492e-06
-4.97533e-06
-4.82481e-06
-4.56667e-06
-4.21295e-06
-3.77224e-06
-3.25012e-06
-2.65156e-06
-1.98473e-06
-1.26526e-06
-5.19116e-07
2.1708e-07
8.81767e-07
1.42787e-06
1.818e-06
2.02965e-06
2.07443e-06
1.96824e-06
1.70591e-06
-2.51983e-06
-2.55147e-06
-2.5744e-06
-2.59385e-06
-2.61182e-06
-2.62848e-06
-2.64419e-06
-2.65947e-06
-2.67469e-06
-2.6901e-06
-2.70579e-06
-2.72172e-06
-2.73785e-06
-2.75431e-06
-2.77185e-06
-2.79246e-06
-2.82057e-06
-2.86474e-06
-2.93948e-06
-3.06641e-06
-3.28171e-06
-3.6028e-06
-4.01292e-06
-4.42699e-06
-4.76407e-06
-4.98194e-06
-5.06271e-06
-5.00786e-06
-4.82958e-06
-4.54338e-06
-4.16278e-06
-3.69725e-06
-3.15279e-06
-2.53428e-06
-1.84918e-06
-1.11146e-06
-3.45653e-07
4.1295e-07
1.1144e-06
1.69494e-06
2.12043e-06
2.36524e-06
2.43533e-06
2.34345e-06
2.08051e-06
-2.56372e-06
-2.59728e-06
-2.62143e-06
-2.64188e-06
-2.66068e-06
-2.67798e-06
-2.69419e-06
-2.70993e-06
-2.72567e-06
-2.74173e-06
-2.75826e-06
-2.77525e-06
-2.7926e-06
-2.81033e-06
-2.82906e-06
-2.85059e-06
-2.8791e-06
-2.92305e-06
-2.99725e-06
-3.1241e-06
-3.33843e-06
-3.6618e-06
-4.07532e-06
-4.48752e-06
-4.81425e-06
-5.013e-06
-5.06722e-06
-4.98081e-06
-4.76818e-06
-4.44663e-06
-4.03095e-06
-3.53161e-06
-2.95541e-06
-2.30782e-06
-1.59644e-06
-8.34185e-07
-4.54164e-08
7.3517e-07
1.46909e-06
2.08229e-06
2.53863e-06
2.81436e-06
2.90984e-06
2.83514e-06
2.57572e-06
-2.61053e-06
-2.6462e-06
-2.6716e-06
-2.69295e-06
-2.71235e-06
-2.72992e-06
-2.74618e-06
-2.76183e-06
-2.77748e-06
-2.79356e-06
-2.8103e-06
-2.82774e-06
-2.84575e-06
-2.86422e-06
-2.88367e-06
-2.90564e-06
-2.93404e-06
-2.97708e-06
-3.0496e-06
-3.17443e-06
-3.38555e-06
-3.70725e-06
-4.11856e-06
-4.52293e-06
-4.83366e-06
-5.00795e-06
-5.03082e-06
-4.90791e-06
-4.65543e-06
-4.29211e-06
-3.83384e-06
-3.29207e-06
-2.67462e-06
-1.98797e-06
-1.2404e-06
-4.45505e-07
3.72987e-07
1.17979e-06
1.94723e-06
2.59044e-06
3.07849e-06
3.38387e-06
3.50435e-06
3.44934e-06
3.19623e-06
-2.66034e-06
-2.69836e-06
-2.72503e-06
-2.74714e-06
-2.76685e-06
-2.78427e-06
-2.80002e-06
-2.81496e-06
-2.82986e-06
-2.84529e-06
-2.8616e-06
-2.87892e-06
-2.89712e-06
-2.91586e-06
-2.93568e-06
-2.95785e-06
-2.98588e-06
-3.02769e-06
-3.09793e-06
-3.21953e-06
-3.42604e-06
-3.74321e-06
-4.14803e-06
-4.53987e-06
-4.8304e-06
-4.97659e-06
-4.96435e-06
-4.80099e-06
-4.50413e-06
-4.09354e-06
-3.58599e-06
-2.99386e-06
-2.32607e-06
-1.59039e-06
-7.96348e-07
4.14544e-08
8.99901e-07
1.746e-06
2.53772e-06
3.2166e-06
3.73874e-06
4.07564e-06
4.22125e-06
4.19011e-06
3.94302e-06
-2.71342e-06
-2.75402e-06
-2.78197e-06
-2.80466e-06
-2.82432e-06
-2.84108e-06
-2.85568e-06
-2.8692e-06
-2.8826e-06
-2.89666e-06
-2.91188e-06
-2.92853e-06
-2.94655e-06
-2.96523e-06
-2.9852e-06
-3.00747e-06
-3.03513e-06
-3.07569e-06
-3.14351e-06
-3.26132e-06
-3.46235e-06
-3.77287e-06
-4.1683e-06
-4.54435e-06
-4.81152e-06
-4.92678e-06
-4.87663e-06
-4.66975e-06
-4.32487e-06
-3.86238e-06
-3.29975e-06
-2.65017e-06
-1.92366e-06
-1.1294e-06
-2.78495e-07
6.13039e-07
1.52141e-06
2.41312e-06
3.24378e-06
3.96068e-06
4.51665e-06
4.88726e-06
5.05886e-06
5.05991e-06
4.81588e-06
-2.77018e-06
-2.8136e-06
-2.84283e-06
-2.86584e-06
-2.88499e-06
-2.90044e-06
-2.91312e-06
-2.92439e-06
-2.93548e-06
-2.94741e-06
-2.96086e-06
-2.97633e-06
-2.9938e-06
-3.01235e-06
-3.03233e-06
-3.05478e-06
-3.08224e-06
-3.12179e-06
-3.18738e-06
-3.30131e-06
-3.49645e-06
-3.79903e-06
-4.18305e-06
-4.54098e-06
-4.78254e-06
-4.86471e-06
-4.77465e-06
-4.52195e-06
-4.12611e-06
-3.60791e-06
-2.98527e-06
-2.27206e-06
-1.47931e-06
-6.17623e-07
3.00174e-07
1.2563e-06
2.22545e-06
3.17282e-06
4.05342e-06
4.81504e-06
5.40886e-06
5.81658e-06
6.02161e-06
6.03965e-06
5.82028e-06
-2.83121e-06
-2.87769e-06
-2.90815e-06
-2.93113e-06
-2.94916e-06
-2.96248e-06
-2.97231e-06
-2.98036e-06
-2.98822e-06
-2.99722e-06
-3.00827e-06
-3.02213e-06
-3.03865e-06
-3.05695e-06
-3.07715e-06
-3.09998e-06
-3.12758e-06
-3.16654e-06
-3.23024e-06
-3.34067e-06
-3.52985e-06
-3.82383e-06
-4.19501e-06
-4.53321e-06
-4.74757e-06
-4.79516e-06
-4.66372e-06
-4.36353e-06
-3.91441e-06
-3.33743e-06
-2.65073e-06
-1.86864e-06
-1.00308e-06
-6.59961e-08
9.28027e-07
1.95921e-06
3.00022e-06
4.01434e-06
4.95537e-06
5.77078e-06
6.40983e-06
6.8553e-06
7.09362e-06
7.13048e-06
6.94924e-06
-2.89727e-06
-2.94706e-06
-2.97863e-06
-3.00108e-06
-3.01719e-06
-3.02735e-06
-3.0332e-06
-3.03688e-06
-3.04048e-06
-3.04572e-06
-3.05378e-06
-3.06557e-06
-3.08079e-06
-3.09887e-06
-3.1196e-06
-3.14315e-06
-3.17139e-06
-3.21031e-06
-3.27273e-06
-3.38007e-06
-3.56359e-06
-3.84871e-06
-4.20612e-06
-4.52351e-06
-4.70958e-06
-4.72158e-06
-4.54777e-06
-4.19884e-06
-3.69476e-06
-3.05664e-06
-2.30264e-06
-1.44736e-06
-5.03428e-07
5.1601e-07
1.59467e-06
2.71066e-06
3.83431e-06
4.92648e-06
5.939e-06
6.81805e-06
7.51029e-06
7.99708e-06
8.27237e-06
8.33301e-06
8.18678e-06
-2.9693e-06
-3.02264e-06
-3.05511e-06
-3.07635e-06
-3.08948e-06
-3.09519e-06
-3.09565e-06
-3.09364e-06
-3.09182e-06
-3.09238e-06
-3.09683e-06
-3.10613e-06
-3.12e-06
-3.13804e-06
-3.15953e-06
-3.18429e-06
-3.21375e-06
-3.25331e-06
-3.31515e-06
-3.41999e-06
-3.59826e-06
-3.87453e-06
-4.21764e-06
-4.5135e-06
-4.67057e-06
-4.64636e-06
-4.42955e-06
-4.03106e-06
-3.47087e-06
-2.7699e-06
-1.94615e-06
-1.01431e-06
1.24935e-08
1.1201e-06
2.29067e-06
3.50023e-06
4.71659e-06
5.89784e-06
6.9932e-06
7.94667e-06
8.69991e-06
9.23476e-06
9.55505e-06
9.64742e-06
9.53202e-06
-3.04845e-06
-3.10561e-06
-3.13862e-06
-3.15769e-06
-3.16646e-06
-3.16609e-06
-3.15949e-06
-3.15025e-06
-3.14173e-06
-3.13664e-06
-3.13684e-06
-3.14334e-06
-3.15596e-06
-3.17411e-06
-3.19675e-06
-3.22327e-06
-3.25462e-06
-3.29556e-06
-3.35757e-06
-3.46058e-06
-3.63414e-06
-3.90174e-06
-4.23026e-06
-4.50415e-06
-4.63179e-06
-4.57104e-06
-4.31091e-06
-3.86245e-06
-3.24546e-06
-2.48055e-06
-1.58537e-06
-5.74539e-07
5.38525e-07
1.73889e-06
3.00734e-06
4.31795e-06
5.63601e-06
6.91662e-06
8.10582e-06
9.14454e-06
9.96833e-06
1.05566e-05
1.09261e-05
1.10573e-05
1.09818e-05
-3.13617e-06
-3.19739e-06
-3.23037e-06
-3.24596e-06
-3.24857e-06
-3.24008e-06
-3.22442e-06
-3.20618e-06
-3.1896e-06
-3.17789e-06
-3.17327e-06
-3.17676e-06
-3.1882e-06
-3.20673e-06
-3.23099e-06
-3.2599e-06
-3.29386e-06
-3.33694e-06
-3.3999e-06
-3.50181e-06
-3.67122e-06
-3.93042e-06
-4.24424e-06
-4.49593e-06
-4.59393e-06
-4.49654e-06
-4.19308e-06
-3.69455e-06
-3.02053e-06
-2.19114e-06
-1.22361e-06
-1.32307e-07
1.06926e-06
2.36561e-06
3.73643e-06
5.15408e-06
6.58145e-06
7.97057e-06
9.26382e-06
1.03983e-05
1.13046e-05
1.19527e-05
1.23748e-05
1.25489e-05
1.25177e-05
-3.23423e-06
-3.29973e-06
-3.33181e-06
-3.34212e-06
-3.33621e-06
-3.31708e-06
-3.29001e-06
-3.26087e-06
-3.23476e-06
-3.21548e-06
-3.20553e-06
-3.2059e-06
-3.21631e-06
-3.23559e-06
-3.26199e-06
-3.29394e-06
-3.33124e-06
-3.37724e-06
-3.44193e-06
-3.54344e-06
-3.70927e-06
-3.96039e-06
-4.25952e-06
-4.48893e-06
-4.55727e-06
-4.42335e-06
-4.07676e-06
-3.52841e-06
-2.79752e-06
-1.90368e-06
-8.63601e-07
3.08722e-07
1.59985e-06
2.99399e-06
4.47004e-06
5.99897e-06
7.54157e-06
9.04689e-06
1.04532e-05
1.16925e-05
1.26944e-05
1.34152e-05
1.38917e-05
1.4116e-05
1.41334e-05
-3.34488e-06
-3.41478e-06
-3.44461e-06
-3.44716e-06
-3.42973e-06
-3.3969e-06
-3.35573e-06
-3.31359e-06
-3.27648e-06
-3.24879e-06
-3.2331e-06
-3.23032e-06
-3.23993e-06
-3.26038e-06
-3.28948e-06
-3.32513e-06
-3.36649e-06
-3.41616e-06
-3.48333e-06
-3.58513e-06
-3.74795e-06
-3.99134e-06
-4.27586e-06
-4.48302e-06
-4.52182e-06
-4.35168e-06
-3.9624e-06
-3.36473e-06
-2.57751e-06
-1.61977e-06
-5.07631e-07
7.45329e-07
2.12588e-06
3.61813e-06
5.20052e-06
6.84303e-06
8.50481e-06
1.01323e-05
1.16594e-05
1.30125e-05
1.41203e-05
1.49311e-05
1.54657e-05
1.57476e-05
1.5821e-05
-3.47096e-06
-3.54517e-06
-3.57069e-06
-3.56214e-06
-3.52937e-06
-3.47921e-06
-3.42098e-06
-3.36356e-06
-3.31405e-06
-3.27722e-06
-3.25552e-06
-3.24969e-06
-3.25881e-06
-3.28092e-06
-3.31329e-06
-3.35326e-06
-3.39937e-06
-3.4534e-06
-3.52374e-06
-3.62648e-06
-3.78681e-06
-4.02283e-06
-4.29288e-06
-4.47793e-06
-4.48745e-06
-4.28153e-06
-3.8502e-06
-3.20399e-06
-2.36134e-06
-1.34071e-06
-1.57677e-07
1.17464e-06
2.64329e-06
4.23247e-06
5.92044e-06
7.67672e-06
9.4594e-06
1.1213e-05
1.28677e-05
1.43443e-05
1.55662e-05
1.6479e-05
1.70834e-05
1.74311e-05
1.75701e-05
-3.61614e-06
-3.69413e-06
-3.71224e-06
-3.68807e-06
-3.63518e-06
-3.56351e-06
-3.48491e-06
-3.41005e-06
-3.34683e-06
-3.30026e-06
-3.27248e-06
-3.26381e-06
-3.27286e-06
-3.2971e-06
-3.33329e-06
-3.37819e-06
-3.42965e-06
-3.48868e-06
-3.56281e-06
-3.66706e-06
-3.82539e-06
-4.05437e-06
-4.31016e-06
-4.47333e-06
-4.45395e-06
-4.21286e-06
-3.74029e-06
-3.04654e-06
-2.14967e-06
-1.06762e-06
1.84538e-07
1.59409e-06
3.14838e-06
4.83179e-06
6.62272e-06
8.49069e-06
1.03935e-05
1.22745e-05
1.40615e-05
1.56697e-05
1.70158e-05
1.80398e-05
1.87291e-05
1.91521e-05
1.93695e-05
-3.78522e-06
-3.86561e-06
-3.87169e-06
-3.82592e-06
-3.74687e-06
-3.64898e-06
-3.54663e-06
-3.45228e-06
-3.37432e-06
-3.31761e-06
-3.28384e-06
-3.27267e-06
-3.28208e-06
-3.30897e-06
-3.3495e-06
-3.39984e-06
-3.45719e-06
-3.52175e-06
-3.6002e-06
-3.70648e-06
-3.86325e-06
-4.08552e-06
-4.32727e-06
-4.46888e-06
-4.42108e-06
-4.14554e-06
-3.63273e-06
-2.89266e-06
-1.94307e-06
-8.01458e-07
5.17498e-07
2.0014e-06
3.6378e-06
5.41132e-06
7.3007e-06
9.27593e-06
1.12953e-05
1.33022e-05
1.52229e-05
1.69686e-05
1.84481e-05
1.95937e-05
2.03854e-05
2.08955e-05
2.12086e-05
-3.98456e-06
-4.0644e-06
-4.0516e-06
-3.9765e-06
-3.86367e-06
-3.73461e-06
-3.6052e-06
-3.48953e-06
-3.3961e-06
-3.32916e-06
-3.28966e-06
-3.27643e-06
-3.28669e-06
-3.31671e-06
-3.36204e-06
-3.41825e-06
-3.48191e-06
-3.55244e-06
-3.63565e-06
-3.74437e-06
-3.89996e-06
-4.11584e-06
-4.34384e-06
-4.46426e-06
-4.38863e-06
-4.0795e-06
-3.52756e-06
-2.74258e-06
-1.74202e-06
-5.43053e-07
8.39882e-07
2.39454e-06
4.10858e-06
5.96679e-06
7.94833e-06
1.0024e-05
1.21534e-05
1.42812e-05
1.63338e-05
1.82199e-05
1.9841e-05
2.11195e-05
2.20291e-05
2.26434e-05
2.30757e-05
-4.2228e-06
-4.29622e-06
-4.25437e-06
-4.13881e-06
-3.98561e-06
-3.81921e-06
-3.65962e-06
-3.52126e-06
-3.41198e-06
-3.33501e-06
-3.29022e-06
-3.27543e-06
-3.28704e-06
-3.32061e-06
-3.37112e-06
-3.43356e-06
-3.50385e-06
-3.58066e-06
-3.66895e-06
-3.78046e-06
-3.93518e-06
-4.14497e-06
-4.35953e-06
-4.4592e-06
-4.35642e-06
-4.01466e-06
-3.42485e-06
-2.59652e-06
-1.54694e-06
-2.93125e-07
1.15056e-06
2.77182e-06
4.5582e-06
6.4945e-06
8.56028e-06
1.07274e-05
1.29574e-05
1.51972e-05
1.73757e-05
1.94008e-05
2.1169e-05
2.25928e-05
2.36342e-05
2.4374e-05
2.49587e-05
-4.51188e-06
-4.56761e-06
-4.48199e-06
-4.31334e-06
-4.11015e-06
-3.90126e-06
-3.70897e-06
-3.54708e-06
-3.42204e-06
-3.33551e-06
-3.286e-06
-3.27019e-06
-3.28361e-06
-3.32111e-06
-3.37708e-06
-3.44596e-06
-3.52309e-06
-3.60638e-06
-3.69997e-06
-3.81452e-06
-3.96865e-06
-4.17262e-06
-4.37407e-06
-4.45352e-06
-4.32432e-06
-3.95099e-06
-3.32466e-06
-2.45467e-06
-1.3582e-06
-5.22863e-08
1.44859e-06
3.13184e-06
4.98461e-06
6.99146e-06
9.13217e-06
1.13797e-05
1.36977e-05
1.60369e-05
1.83299e-05
2.04875e-05
2.24035e-05
2.39824e-05
2.51713e-05
2.60618e-05
2.68458e-05
-4.86865e-06
-4.88566e-06
-4.73525e-06
-4.49878e-06
-4.23515e-06
-3.97912e-06
-3.75243e-06
-3.56687e-06
-3.42659e-06
-3.33121e-06
-3.27765e-06
-3.26136e-06
-3.27698e-06
-3.31869e-06
-3.3803e-06
-3.45574e-06
-3.53979e-06
-3.62965e-06
-3.72868e-06
-3.84642e-06
-4.00017e-06
-4.19857e-06
-4.38728e-06
-4.44705e-06
-4.29227e-06
-3.88848e-06
-3.22708e-06
-2.31721e-06
-1.17613e-06
1.78973e-07
1.73324e-06
3.47352e-06
5.38625e-06
7.4554e-06
9.66064e-06
1.19758e-05
1.43668e-05
1.67885e-05
1.91793e-05
2.14557e-05
2.3513e-05
2.52518e-05
2.66034e-05
2.7674e-05
2.87261e-05
-5.31718e-06
-5.25786e-06
-5.0134e-06
-4.69142e-06
-4.35786e-06
-4.05113e-06
-3.78943e-06
-3.58081e-06
-3.42624e-06
-3.32289e-06
-3.26596e-06
-3.24969e-06
-3.26782e-06
-3.3139e-06
-3.38122e-06
-3.46321e-06
-3.55416e-06
-3.65058e-06
-3.75506e-06
-3.87609e-06
-4.02961e-06
-4.22269e-06
-4.39902e-06
-4.43972e-06
-4.26024e-06
-3.82716e-06
-3.13219e-06
-2.18431e-06
-1.00097e-06
4.00277e-07
2.00399e-06
3.79614e-06
5.76211e-06
7.88485e-06
1.01434e-05
1.25121e-05
1.49586e-05
1.74423e-05
1.99082e-05
2.22815e-05
2.44637e-05
2.63582e-05
2.78822e-05
2.91656e-05
3.05883e-05
-5.89102e-06
-5.68696e-06
-5.31458e-06
-4.88653e-06
-4.47488e-06
-4.11571e-06
-3.8197e-06
-3.58939e-06
-3.42182e-06
-3.31148e-06
-3.25184e-06
-3.23597e-06
-3.25681e-06
-3.30731e-06
-3.38029e-06
-3.46873e-06
-3.56645e-06
-3.66932e-06
-3.77918e-06
-3.90351e-06
-4.05691e-06
-4.24488e-06
-4.40924e-06
-4.43152e-06
-4.22824e-06
-3.7671e-06
-3.04011e-06
-2.05614e-06
-8.32964e-07
6.11313e-07
2.26043e-06
4.09919e-06
6.11154e-06
8.27894e-06
1.05793e-05
1.29865e-05
1.54696e-05
1.79913e-05
2.05039e-05
2.29428e-05
2.52204e-05
2.72517e-05
2.89446e-05
3.047e-05
3.24142e-05
-6.63581e-06
-6.16939e-06
-5.62805e-06
-5.07741e-06
-4.58232e-06
-4.17144e-06
-3.84329e-06
-3.59337e-06
-3.41432e-06
-3.29798e-06
-3.23621e-06
-3.22102e-06
-3.24464e-06
-3.29949e-06
-3.37797e-06
-3.47266e-06
-3.57693e-06
-3.68605e-06
-3.80117e-06
-3.92875e-06
-4.08209e-06
-4.26513e-06
-4.41792e-06
-4.42243e-06
-4.19631e-06
-3.70839e-06
-2.95098e-06
-1.93289e-06
-6.72365e-07
8.11755e-07
2.50216e-06
4.38222e-06
6.43405e-06
8.63714e-06
1.09676e-05
1.3398e-05
1.58975e-05
1.8431e-05
2.09565e-05
2.34199e-05
2.57474e-05
2.78748e-05
2.97077e-05
3.14841e-05
3.416e-05
-7.59632e-06
-6.69557e-06
-5.93843e-06
-5.25508e-06
-4.67602e-06
-4.21719e-06
-3.86059e-06
-3.59367e-06
-3.4048e-06
-3.28341e-06
-3.21996e-06
-3.20561e-06
-3.23196e-06
-3.291e-06
-3.37474e-06
-3.47538e-06
-3.5859e-06
-3.70101e-06
-3.82117e-06
-3.95189e-06
-4.10519e-06
-4.28347e-06
-4.42508e-06
-4.41248e-06
-4.16448e-06
-3.65102e-06
-2.86478e-06
-1.81455e-06
-5.19148e-07
1.00165e-06
2.72929e-06
4.64539e-06
6.7299e-06
8.95981e-06
1.13087e-05
1.3747e-05
1.62423e-05
1.87598e-05
2.12602e-05
2.36973e-05
2.60109e-05
2.81638e-05
3.00671e-05
3.20625e-05
3.5755e-05
-8.86686e-06
-7.25159e-06
-6.22429e-06
-5.40989e-06
-4.75359e-06
-4.2536e-06
-3.87325e-06
-3.59204e-06
-3.39477e-06
-3.26896e-06
-3.204e-06
-3.1904e-06
-3.21925e-06
-3.28216e-06
-3.3708e-06
-3.47705e-06
-3.59348e-06
-3.71428e-06
-3.83927e-06
-3.97301e-06
-4.12627e-06
-4.29999e-06
-4.43084e-06
-4.40179e-06
-4.13279e-06
-3.59489e-06
-2.78114e-06
-1.70037e-06
-3.72129e-07
1.18273e-06
2.9442e-06
4.89188e-06
7.00318e-06
9.25213e-06
1.16091e-05
1.40412e-05
1.65129e-05
1.89868e-05
2.14223e-05
2.3775e-05
2.59917e-05
2.806e-05
2.98988e-05
3.20309e-05
3.71664e-05
-1.05605e-05
-7.80616e-06
-6.45473e-06
-5.53365e-06
-4.81742e-06
-4.28531e-06
-3.88572e-06
-3.59204e-06
-3.38679e-06
-3.2563e-06
-3.1893e-06
-3.1758e-06
-3.20652e-06
-3.27273e-06
-3.36577e-06
-3.47719e-06
-3.5992e-06
-3.72544e-06
-3.8551e-06
-3.99183e-06
-4.1452e-06
-4.31472e-06
-4.43547e-06
-4.39083e-06
-4.10177e-06
-3.54042e-06
-2.70018e-06
-1.58997e-06
-2.30186e-07
1.35709e-06
3.15026e-06
5.1267e-06
7.261e-06
9.5238e-06
1.18816e-05
1.42974e-05
1.67308e-05
1.91389e-05
2.14748e-05
2.36864e-05
2.57106e-05
2.75279e-05
2.90463e-05
3.10609e-05
3.79544e-05
-1.19931e-05
-8.1589e-06
-6.57172e-06
-5.6085e-06
-4.86368e-06
-4.31136e-06
-3.89756e-06
-3.59342e-06
-3.3808e-06
-3.2456e-06
-3.17623e-06
-3.16238e-06
-3.19446e-06
-3.26346e-06
-3.3604e-06
-3.47652e-06
-3.60369e-06
-3.73502e-06
-3.86911e-06
-4.00872e-06
-4.16223e-06
-4.3278e-06
-4.43912e-06
-4.38008e-06
-4.0727e-06
-3.49015e-06
-2.62618e-06
-1.48978e-06
-1.02228e-07
1.51314e-06
3.33308e-06
5.33277e-06
7.48392e-06
9.75374e-06
1.21047e-05
1.44948e-05
1.68779e-05
1.92037e-05
2.14143e-05
2.34404e-05
2.5182e-05
2.65478e-05
2.73183e-05
2.82361e-05
3.43407e-05
)
;

boundaryField
{
    inlet
    {
        type            uniformJump;
        patchType       cyclic;
        jump            uniform -2.5e-05;
        value           nonuniform List<scalar> 
40
(
8.33187e-07
8.50266e-07
8.6786e-07
8.85003e-07
9.03097e-07
9.23526e-07
9.48566e-07
9.82452e-07
1.03201e-06
1.10669e-06
1.21789e-06
1.37821e-06
1.60178e-06
1.90524e-06
2.30775e-06
2.82908e-06
3.48616e-06
4.28895e-06
5.23584e-06
6.30456e-06
7.39721e-06
8.34115e-06
9.06368e-06
9.5894e-06
9.96036e-06
1.02124e-05
1.03765e-05
1.04782e-05
1.05377e-05
1.05703e-05
1.05867e-05
1.05941e-05
1.0597e-05
1.05981e-05
1.05989e-05
1.06001e-05
1.0602e-05
1.06045e-05
1.06077e-05
1.06114e-05
)
;
        jumpTable       table;
        jumpTableCoeffs
        {
            values          
4
(
(0 -2.5e-05)
(25 -2.5e-05)
(25.5 -0.0001)
(26 -2.5e-05)
)
;
        }
    }
    outlet
    {
        type            uniformJump;
        patchType       cyclic;
        value           nonuniform List<scalar> 
40
(
-2.41668e-05
-2.41497e-05
-2.41321e-05
-2.4115e-05
-2.40969e-05
-2.40765e-05
-2.40514e-05
-2.40175e-05
-2.3968e-05
-2.38933e-05
-2.37821e-05
-2.36218e-05
-2.33982e-05
-2.30948e-05
-2.26923e-05
-2.21709e-05
-2.15138e-05
-2.07111e-05
-1.97642e-05
-1.86954e-05
-1.76028e-05
-1.66589e-05
-1.59363e-05
-1.54106e-05
-1.50396e-05
-1.47876e-05
-1.46235e-05
-1.45218e-05
-1.44623e-05
-1.44297e-05
-1.44133e-05
-1.44059e-05
-1.4403e-05
-1.44019e-05
-1.44011e-05
-1.43999e-05
-1.4398e-05
-1.43955e-05
-1.43923e-05
-1.43886e-05
)
;
    }
    Walls
    {
        type            zeroGradient;
    }
    back
    {
        type            empty;
    }
    front
    {
        type            empty;
    }
}


// ************************************************************************* //
