/*--------------------------------*- C++ -*----------------------------------*\
| =========                 |                                                 |
| \\      /  F ield         | OpenFOAM: The Open Source CFD Toolbox           |
|  \\    /   O peration     | Version:  2312                                  |
|   \\  /    A nd           | Website:  www.openfoam.com                      |
|    \\/     M anipulation  |                                                 |
\*---------------------------------------------------------------------------*/
FoamFile
{
    version     2.0;
    format      ascii;
    arch        "LSB;label=32;scalar=64";
    class       volScalarField;
    location    "126";
    object      p;
}
// * * * * * * * * * * * * * * * * * * * * * * * * * * * * * * * * * * * * * //

dimensions      [0 2 -2 0 0 0 0];

internalField   nonuniform List<scalar> 
4800
(
2.86842e-11
-1.84839e-06
-3.39272e-06
-4.69774e-06
-5.81e-06
-6.76528e-06
-7.59153e-06
-8.31074e-06
-8.94679e-06
-9.51216e-06
-1.00157e-05
-1.04637e-05
-1.08521e-05
-1.14113e-05
-1.31081e-05
2.05779e-08
-1.82327e-06
-3.36439e-06
-4.66749e-06
-5.77903e-06
-6.73501e-06
-7.56381e-06
-8.28751e-06
-8.93052e-06
-9.50663e-06
-1.00299e-05
-1.05209e-05
-1.09975e-05
-1.15687e-05
-1.24907e-05
4.26769e-08
-1.79623e-06
-3.33401e-06
-4.63521e-06
-5.74619e-06
-6.7028e-06
-7.53397e-06
-8.26003e-06
-8.90752e-06
-9.49174e-06
-1.00268e-05
-1.05343e-05
-1.10267e-05
-1.15156e-05
-1.19832e-05
6.57028e-08
-1.76756e-06
-3.30144e-06
-4.60022e-06
-5.71004e-06
-6.66653e-06
-7.49878e-06
-8.22665e-06
-8.87452e-06
-9.46031e-06
-9.99414e-06
-1.04879e-05
-1.09381e-05
-1.13155e-05
-1.15526e-05
9.14523e-08
-1.73507e-06
-3.26415e-06
-4.55965e-06
-5.6674e-06
-6.62264e-06
-7.45395e-06
-8.18201e-06
-8.82621e-06
-9.40462e-06
-9.9234e-06
-1.03827e-05
-1.07675e-05
-1.10409e-05
-1.11487e-05
1.21428e-07
-1.69708e-06
-3.22024e-06
-4.51135e-06
-5.61575e-06
-6.56808e-06
-7.39596e-06
-8.11974e-06
-8.75567e-06
-9.31746e-06
-9.80776e-06
-1.02194e-05
-1.05344e-05
-1.07245e-05
-1.07625e-05
1.57609e-07
-1.6515e-06
-3.16739e-06
-4.45262e-06
-5.55184e-06
-6.49881e-06
-7.31985e-06
-8.03391e-06
-8.65472e-06
-9.19126e-06
-9.64301e-06
-1.00014e-05
-1.02526e-05
-1.03828e-05
-1.03862e-05
2.03228e-07
-1.59498e-06
-3.10192e-06
-4.37927e-06
-5.4708e-06
-6.4091e-06
-7.21886e-06
-7.91725e-06
-8.51557e-06
-9.01946e-06
-9.42766e-06
-9.73445e-06
-9.93364e-06
-1.00243e-05
-1.00127e-05
2.6301e-07
-1.52253e-06
-3.01842e-06
-4.28528e-06
-5.36585e-06
-6.29134e-06
-7.08465e-06
-7.76129e-06
-8.33072e-06
-8.79773e-06
-9.16247e-06
-9.42446e-06
-9.58521e-06
-9.65219e-06
-9.63719e-06
3.42847e-07
-1.42766e-06
-2.90969e-06
-4.16271e-06
-5.22826e-06
-6.13616e-06
-6.90773e-06
-7.55731e-06
-8.09389e-06
-8.52313e-06
-8.84887e-06
-9.07558e-06
-9.21068e-06
-9.2661e-06
-9.25503e-06
4.48823e-07
-1.30299e-06
-2.76722e-06
-4.00207e-06
-5.04783e-06
-5.93313e-06
-6.67818e-06
-7.29709e-06
-7.79977e-06
-8.19413e-06
-8.48774e-06
-8.68947e-06
-8.81002e-06
-8.86299e-06
-8.86108e-06
5.85982e-07
-1.14133e-06
-2.58223e-06
-3.79341e-06
-4.81402e-06
-5.67187e-06
-6.38685e-06
-6.97375e-06
-7.44432e-06
-7.80921e-06
-8.07904e-06
-8.26543e-06
-8.3806e-06
-8.43801e-06
-8.44918e-06
7.57566e-07
-9.36555e-07
-2.3465e-06
-3.52725e-06
-4.51703e-06
-5.34331e-06
-6.02632e-06
-6.58215e-06
-7.02465e-06
-7.36682e-06
-7.62128e-06
-7.80087e-06
-7.91802e-06
-7.98518e-06
-8.01238e-06
9.64341e-07
-6.84254e-07
-2.05322e-06
-3.19528e-06
-4.1484e-06
-4.93999e-06
-5.59082e-06
-6.11832e-06
-6.53805e-06
-6.8645e-06
-7.11118e-06
-7.29103e-06
-7.41583e-06
-7.49674e-06
-7.5425e-06
1.20392e-06
-3.83027e-07
-1.69851e-06
-2.79184e-06
-3.70189e-06
-4.45619e-06
-5.07564e-06
-5.57833e-06
-5.98069e-06
-6.29771e-06
-6.54287e-06
-6.72845e-06
-6.86519e-06
-6.96289e-06
-7.02913e-06
1.47164e-06
-3.62797e-08
-1.28244e-06
-2.31522e-06
-3.17516e-06
-3.88923e-06
-4.47776e-06
-4.9586e-06
-5.34796e-06
-5.66039e-06
-5.90855e-06
-6.10365e-06
-6.25523e-06
-6.37178e-06
-6.45988e-06
1.75236e-06
3.48251e-07
-8.08278e-07
-1.76757e-06
-2.5699e-06
-3.23977e-06
-3.79626e-06
-4.25636e-06
-4.63521e-06
-4.94595e-06
-5.1998e-06
-5.40661e-06
-5.5747e-06
-5.71134e-06
-5.82222e-06
2.0323e-06
7.62316e-07
-2.85077e-07
-1.15955e-06
-1.89538e-06
-2.51499e-06
-3.03552e-06
-3.47285e-06
-3.84056e-06
-4.14966e-06
-4.40941e-06
-4.62799e-06
-4.81252e-06
-4.96919e-06
-5.10295e-06
2.29293e-06
1.19151e-06
2.70599e-07
-5.07785e-07
-1.16862e-06
-1.7308e-06
-2.20951e-06
-2.61945e-06
-2.97234e-06
-3.27679e-06
-3.53976e-06
-3.76761e-06
-3.96617e-06
-4.14064e-06
-4.29531e-06
2.52645e-06
1.59798e-06
8.21354e-07
1.56395e-07
-4.18447e-07
-9.14514e-07
-1.34477e-06
-1.72154e-06
-2.05407e-06
-2.34868e-06
-2.61028e-06
-2.84349e-06
-3.05276e-06
-3.24217e-06
-3.41524e-06
2.70748e-06
1.95428e-06
1.31532e-06
7.63956e-07
2.81826e-07
-1.43117e-07
-5.2075e-07
-8.59397e-07
-1.16536e-06
-1.44316e-06
-1.69638e-06
-1.92835e-06
-2.14229e-06
-2.34118e-06
-2.52772e-06
2.82798e-06
2.22344e-06
1.70187e-06
1.24651e-06
8.42241e-07
4.7836e-07
1.47751e-07
-1.54815e-07
-4.3352e-07
-6.91729e-07
-9.32256e-07
-1.15758e-06
-1.37005e-06
-1.57182e-06
-1.76493e-06
2.92459e-06
2.43146e-06
1.99868e-06
1.61386e-06
1.26593e-06
9.46992e-07
6.51961e-07
3.77178e-07
1.19588e-07
-1.23401e-07
-3.54007e-07
-5.74127e-07
-7.85522e-07
-9.89766e-07
-1.1884e-06
3.00365e-06
2.59063e-06
2.22117e-06
1.88632e-06
1.57854e-06
1.29225e-06
1.02356e-06
7.69558e-07
5.27823e-07
2.96293e-07
7.31843e-08
-1.43013e-07
-3.53678e-07
-5.60009e-07
-7.63195e-07
3.07124e-06
2.714e-06
2.38892e-06
2.08956e-06
1.81054e-06
1.54773e-06
1.29797e-06
1.05882e-06
8.28236e-07
6.04511e-07
3.86161e-07
1.71948e-07
-3.92475e-08
-2.48377e-07
-4.56409e-07
3.13028e-06
2.81139e-06
2.51711e-06
2.24251e-06
1.98346e-06
1.73671e-06
1.49963e-06
1.2701e-06
1.04636e-06
8.26939e-07
6.10581e-07
3.96248e-07
1.82992e-07
-2.99807e-08
-2.43498e-07
3.18117e-06
2.8885e-06
2.61525e-06
2.35743e-06
2.11165e-06
1.87527e-06
1.64604e-06
1.42208e-06
1.20185e-06
9.84063e-07
7.67626e-07
5.51628e-07
3.35231e-07
1.17738e-07
-1.01584e-07
3.22393e-06
2.94922e-06
2.69018e-06
2.44343e-06
2.20617e-06
1.97615e-06
1.7514e-06
1.53023e-06
1.31127e-06
1.09335e-06
8.75501e-07
6.56885e-07
4.36736e-07
2.1442e-07
-1.07328e-08
3.25901e-06
2.99677e-06
2.74733e-06
2.50784e-06
2.27594e-06
2.04966e-06
1.82719e-06
1.60703e-06
1.38792e-06
1.16881e-06
9.48768e-07
7.27032e-07
5.02879e-07
2.75723e-07
4.49376e-08
3.28736e-06
3.03403e-06
2.7912e-06
2.55652e-06
2.32798e-06
2.10378e-06
1.88225e-06
1.66204e-06
1.44197e-06
1.22108e-06
9.98489e-07
7.73471e-07
5.45342e-07
3.13553e-07
7.7505e-08
3.31018e-06
3.06347e-06
2.82536e-06
2.594e-06
2.3676e-06
2.14448e-06
1.92313e-06
1.70228e-06
1.48087e-06
1.25797e-06
1.03276e-06
8.04533e-07
5.72643e-07
3.36564e-07
9.5722e-08
3.32865e-06
3.0871e-06
2.85255e-06
2.62361e-06
2.39865e-06
2.17606e-06
1.95448e-06
1.73275e-06
1.50987e-06
1.28496e-06
1.05723e-06
8.26015e-07
5.90677e-07
3.50715e-07
1.05576e-07
3.34381e-06
3.10647e-06
2.87477e-06
2.64774e-06
2.42378e-06
2.20145e-06
1.97949e-06
1.75683e-06
1.53251e-06
1.30571e-06
1.07567e-06
8.41733e-07
6.03297e-07
3.59872e-07
1.10921e-07
3.35645e-06
3.12269e-06
2.89341e-06
2.66795e-06
2.44479e-06
2.2226e-06
2.00023e-06
1.77668e-06
1.55105e-06
1.32254e-06
1.09042e-06
8.54064e-07
6.12882e-07
3.66393e-07
1.14078e-07
3.36715e-06
3.13652e-06
2.90938e-06
2.68531e-06
2.46282e-06
2.24075e-06
2.01801e-06
1.79367e-06
1.56687e-06
1.33684e-06
1.10289e-06
8.64405e-07
6.20805e-07
3.71622e-07
1.16346e-07
3.3763e-06
3.14849e-06
2.92327e-06
2.70043e-06
2.47857e-06
2.25661e-06
2.03357e-06
1.80855e-06
1.58074e-06
1.3494e-06
1.11385e-06
8.73506e-07
6.27791e-07
3.76246e-07
1.18373e-07
3.38418e-06
3.15889e-06
2.93542e-06
2.71371e-06
2.49243e-06
2.27062e-06
2.04734e-06
1.82176e-06
1.59309e-06
1.36062e-06
1.12369e-06
8.81728e-07
6.34173e-07
3.80569e-07
1.20425e-07
3.39108e-06
3.1681e-06
2.94623e-06
2.72555e-06
2.50483e-06
2.28318e-06
2.05973e-06
1.83368e-06
1.60428e-06
1.37083e-06
1.13271e-06
8.8934e-07
6.40175e-07
3.84766e-07
1.22623e-07
3.39747e-06
3.17672e-06
2.95641e-06
2.73673e-06
2.51658e-06
2.29513e-06
2.07156e-06
1.84511e-06
1.61505e-06
1.38073e-06
1.14151e-06
8.96851e-07
6.462e-07
3.89118e-07
1.25113e-07
3.40324e-06
3.18466e-06
2.96587e-06
2.7472e-06
2.52765e-06
2.30644e-06
2.08281e-06
1.85602e-06
1.62538e-06
1.39025e-06
1.15003e-06
9.04156e-07
6.52111e-07
3.93458e-07
1.27711e-07
-1.46143e-05
-1.2397e-05
-1.10191e-05
-1.00887e-05
-9.33054e-06
-8.73263e-06
-8.251e-06
-7.85756e-06
-7.5357e-06
-7.27426e-06
-7.06634e-06
-6.90816e-06
-6.79909e-06
-6.74204e-06
-6.74373e-06
-6.81862e-06
-6.98824e-06
-7.2805e-06
-7.73896e-06
-8.42139e-06
-9.38059e-06
-1.06493e-05
-1.20564e-05
-1.32593e-05
-1.40747e-05
-1.44335e-05
-1.43159e-05
-1.37332e-05
-1.27072e-05
-1.1265e-05
-9.43853e-06
-7.26622e-06
-4.79394e-06
-2.0753e-06
8.29375e-07
3.85481e-06
6.93229e-06
9.99021e-06
1.29518e-05
1.57295e-05
1.82077e-05
2.02317e-05
2.14727e-05
2.16358e-05
1.96455e-05
-1.29514e-05
-1.18273e-05
-1.07925e-05
-9.96683e-06
-9.25573e-06
-8.67417e-06
-8.19849e-06
-7.80749e-06
-7.4871e-06
-7.22715e-06
-7.02113e-06
-6.86544e-06
-6.7596e-06
-6.7066e-06
-6.71321e-06
-6.79404e-06
-6.97058e-06
-7.27004e-06
-7.73552e-06
-8.42382e-06
-9.38576e-06
-1.06521e-05
-1.20516e-05
-1.32447e-05
-1.40513e-05
-1.44029e-05
-1.42797e-05
-1.36925e-05
-1.26635e-05
-1.12203e-05
-9.39594e-06
-7.23023e-06
-4.771e-06
-2.07428e-06
7.96496e-07
3.77182e-06
6.77683e-06
9.7305e-06
1.25408e-05
1.50937e-05
1.72244e-05
1.8675e-05
1.89451e-05
1.72797e-05
1.26744e-05
-1.20719e-05
-1.13766e-05
-1.05568e-05
-9.8233e-06
-9.16439e-06
-8.60587e-06
-8.13976e-06
-7.75309e-06
-7.43512e-06
-7.1772e-06
-6.97347e-06
-6.82062e-06
-6.71841e-06
-6.66997e-06
-6.68212e-06
-6.76967e-06
-6.95398e-06
-7.26147e-06
-7.73466e-06
-8.42922e-06
-9.3936e-06
-1.06562e-05
-1.20456e-05
-1.32261e-05
-1.40214e-05
-1.4364e-05
-1.4234e-05
-1.36421e-05
-1.26109e-05
-1.11689e-05
-9.35035e-06
-7.19721e-06
-4.7598e-06
-2.09735e-06
7.22606e-07
3.62503e-06
6.52726e-06
9.3369e-06
1.1945e-05
1.42127e-05
1.59414e-05
1.68334e-05
1.64196e-05
1.41439e-05
9.83677e-06
-1.1494e-05
-1.09964e-05
-1.03406e-05
-9.68203e-06
-9.07307e-06
-8.53958e-06
-8.08392e-06
-7.7017e-06
-7.3858e-06
-7.12934e-06
-6.92731e-06
-6.77688e-06
-6.67804e-06
-6.63408e-06
-6.65188e-06
-6.74646e-06
-6.93902e-06
-7.25498e-06
-7.73631e-06
-8.43737e-06
-9.40392e-06
-1.06616e-05
-1.20386e-05
-1.32036e-05
-1.39845e-05
-1.4315e-05
-1.41753e-05
-1.35764e-05
-1.25416e-05
-1.11005e-05
-9.28965e-06
-7.15347e-06
-4.74568e-06
-2.12962e-06
6.22088e-07
3.42786e-06
6.19642e-06
8.82396e-06
1.11873e-05
1.31322e-05
1.44538e-05
1.48844e-05
1.40893e-05
1.17903e-05
8.17919e-06
-1.10348e-05
-1.06533e-05
-1.01229e-05
-9.54922e-06
-8.98831e-06
-8.48023e-06
-8.03531e-06
-7.65738e-06
-7.34292e-06
-7.08706e-06
-6.88592e-06
-6.73724e-06
-6.64134e-06
-6.60175e-06
-6.62528e-06
-6.72718e-06
-6.92845e-06
-7.25323e-06
-7.74287e-06
-8.45029e-06
-9.41809e-06
-1.06688e-05
-1.20302e-05
-1.31763e-05
-1.39396e-05
-1.42553e-05
-1.41041e-05
-1.34974e-05
-1.24596e-05
-1.1022e-05
-9.22366e-06
-7.11224e-06
-4.74542e-06
-2.19122e-06
4.72148e-07
3.15641e-06
5.76234e-06
8.17736e-06
1.02707e-05
1.18878e-05
1.28449e-05
1.29393e-05
1.19839e-05
9.90622e-06
6.93838e-06
-1.06388e-05
-1.0338e-05
-9.90303e-06
-9.41091e-06
-8.90672e-06
-8.42614e-06
-7.99537e-06
-7.62311e-06
-7.31016e-06
-7.05431e-06
-6.85326e-06
-6.70557e-06
-6.61208e-06
-6.57653e-06
-6.60569e-06
-6.71508e-06
-6.92535e-06
-7.25905e-06
-7.75686e-06
-8.47002e-06
-9.43748e-06
-1.06782e-05
-1.20197e-05
-1.31425e-05
-1.38844e-05
-1.41828e-05
-1.40185e-05
-1.3404e-05
-1.2365e-05
-1.09352e-05
-9.15647e-06
-7.08029e-06
-4.76869e-06
-2.29462e-06
2.58231e-07
2.79573e-06
5.21299e-06
7.3935e-06
9.20808e-06
1.05161e-05
1.11726e-05
1.10486e-05
1.00708e-05
8.28273e-06
5.91305e-06
-1.02713e-05
-1.00319e-05
-9.68123e-06
-9.26178e-06
-8.81309e-06
-8.37163e-06
-7.96175e-06
-7.5992e-06
-7.28972e-06
-7.03447e-06
-6.83333e-06
-6.68612e-06
-6.59452e-06
-6.56263e-06
-6.59719e-06
-6.71398e-06
-6.93329e-06
-7.2756e-06
-7.78097e-06
-8.4987e-06
-9.46339e-06
-1.069e-05
-1.20063e-05
-1.31003e-05
-1.38164e-05
-1.40941e-05
-1.39152e-05
-1.32933e-05
-1.2256e-05
-1.08397e-05
-9.08969e-06
-7.06158e-06
-4.82189e-06
-2.44829e-06
-2.90619e-08
2.33777e-06
4.54536e-06
6.47955e-06
8.02183e-06
9.05616e-06
9.48172e-06
9.23409e-06
8.31264e-06
6.80814e-06
4.91622e-06
-9.91296e-06
-9.72195e-06
-9.44166e-06
-9.09276e-06
-8.70463e-06
-8.30813e-06
-7.92784e-06
-7.58192e-06
-7.28052e-06
-7.02859e-06
-6.8287e-06
-6.68247e-06
-6.5928e-06
-6.56447e-06
-6.60421e-06
-6.72822e-06
-6.95635e-06
-7.30645e-06
-7.81816e-06
-8.53861e-06
-9.49708e-06
-1.07041e-05
-1.19884e-05
-1.30472e-05
-1.37323e-05
-1.39858e-05
-1.37908e-05
-1.31625e-05
-1.21311e-05
-1.07359e-05
-9.0261e-06
-7.0614e-06
-4.91258e-06
-2.66115e-06
-3.98237e-07
1.77728e-06
3.7613e-06
5.44835e-06
6.73761e-06
7.54222e-06
7.80212e-06
7.4994e-06
6.67178e-06
5.41886e-06
3.89511e-06
-9.55451e-06
-9.40324e-06
-9.18147e-06
-8.89817e-06
-8.57205e-06
-8.22663e-06
-7.88435e-06
-7.56368e-06
-7.27755e-06
-7.03423e-06
-6.83916e-06
-6.69611e-06
-6.60963e-06
-6.58554e-06
-6.63071e-06
-6.76192e-06
-6.99854e-06
-7.35517e-06
-7.87125e-06
-8.59177e-06
-9.53936e-06
-1.072e-05
-1.19639e-05
-1.29798e-05
-1.36279e-05
-1.38536e-05
-1.36416e-05
-1.30094e-05
-1.19899e-05
-1.06258e-05
-8.97025e-06
-7.08681e-06
-5.04958e-06
-2.94234e-06
-8.56453e-07
1.11212e-06
2.8668e-06
4.31592e-06
5.37989e-06
6.00015e-06
6.14865e-06
5.83606e-06
5.11483e-06
4.07612e-06
2.83792e-06
-9.19053e-06
-9.07333e-06
-8.90094e-06
-8.67635e-06
-8.41026e-06
-8.11928e-06
-7.82185e-06
-7.53504e-06
-7.27275e-06
-7.04543e-06
-6.86101e-06
-6.72541e-06
-6.64507e-06
-6.62715e-06
-6.6788e-06
-6.81771e-06
-7.0626e-06
-7.42379e-06
-7.9423e-06
-8.6592e-06
-9.58986e-06
-1.07357e-05
-1.19294e-05
-1.28937e-05
-1.34985e-05
-1.36931e-05
-1.34644e-05
-1.28324e-05
-1.18332e-05
-1.0513e-05
-8.92845e-06
-7.14623e-06
-5.24223e-06
-3.30013e-06
-1.4084e-06
3.43777e-07
1.87135e-06
3.09931e-06
3.96936e-06
4.44656e-06
4.52464e-06
4.22906e-06
3.61317e-06
2.75364e-06
1.73948e-06
-8.8158e-06
-8.72927e-06
-8.59959e-06
-8.42708e-06
-8.21727e-06
-7.98118e-06
-7.73288e-06
-7.48696e-06
-7.25677e-06
-7.05366e-06
-6.88721e-06
-6.7651e-06
-6.69562e-06
-6.68722e-06
-6.74749e-06
-6.8954e-06
-7.14845e-06
-7.51167e-06
-8.03014e-06
-8.73994e-06
-9.64663e-06
-1.07474e-05
-1.18798e-05
-1.27833e-05
-1.33389e-05
-1.35001e-05
-1.32565e-05
-1.26313e-05
-1.16638e-05
-1.04032e-05
-8.90894e-06
-7.24927e-06
-5.49967e-06
-3.74106e-06
-2.05575e-06
-5.22828e-07
7.86598e-07
1.81463e-06
2.52164e-06
2.89019e-06
2.92695e-06
2.66116e-06
2.14232e-06
1.43164e-06
5.95755e-07
-8.4243e-06
-8.36662e-06
-8.27516e-06
-8.14928e-06
-7.99158e-06
-7.80901e-06
-7.61173e-06
-7.41154e-06
-7.22026e-06
-7.04908e-06
-6.90827e-06
-6.80665e-06
-6.754e-06
-6.75964e-06
-6.83193e-06
-6.99092e-06
-7.25126e-06
-7.61328e-06
-8.13148e-06
-8.82965e-06
-9.70332e-06
-1.07486e-05
-1.18087e-05
-1.26425e-05
-1.3144e-05
-1.32715e-05
-1.30175e-05
-1.24088e-05
-1.14874e-05
-1.03047e-05
-8.92181e-06
-7.40611e-06
-5.83009e-06
-4.26918e-06
-2.79685e-06
-1.47996e-06
-3.74982e-07
4.75698e-07
1.047e-06
1.33292e-06
1.34602e-06
1.1151e-06
6.81936e-07
9.43259e-08
-5.97901e-07
-8.00904e-06
-7.97935e-06
-7.92321e-06
-7.83984e-06
-7.73035e-06
-7.59902e-06
-7.45296e-06
-7.30128e-06
-7.1539e-06
-7.02109e-06
-6.91296e-06
-6.8388e-06
-6.80945e-06
-6.83402e-06
-6.92333e-06
-7.09655e-06
-7.35917e-06
-7.72129e-06
-8.23939e-06
-8.91889e-06
-9.75131e-06
-1.07305e-05
-1.17079e-05
-1.24649e-05
-1.29099e-05
-1.30063e-05
-1.275e-05
-1.2171e-05
-1.13129e-05
-1.02283e-05
-8.9783e-06
-7.62661e-06
-6.23971e-06
-4.88541e-06
-3.62677e-06
-2.51768e-06
-1.60085e-06
-9.05951e-07
-4.47797e-07
-2.26048e-07
-2.26467e-07
-4.23516e-07
-7.83727e-07
-1.27032e-06
-1.84617e-06
-7.56188e-06
-7.55989e-06
-7.53717e-06
-7.49323e-06
-7.42857e-06
-7.34587e-06
-7.25004e-06
-7.14795e-06
-7.04762e-06
-6.95797e-06
-6.88837e-06
-6.84792e-06
-6.84764e-06
-6.89676e-06
-7.0069e-06
-7.19813e-06
-7.46395e-06
-7.8281e-06
-8.33937e-06
-8.99237e-06
-9.77608e-06
-1.06817e-05
-1.1569e-05
-1.22456e-05
-1.26351e-05
-1.27068e-05
-1.24603e-05
-1.19277e-05
-1.11523e-05
-1.01864e-05
-9.08969e-06
-7.91884e-06
-6.7316e-06
-5.58705e-06
-4.53747e-06
-3.6244e-06
-2.87877e-06
-2.32066e-06
-1.95838e-06
-1.78867e-06
-1.79812e-06
-1.96604e-06
-2.26672e-06
-2.67181e-06
-3.1535e-06
-7.07228e-06
-7.09805e-06
-7.10767e-06
-7.101e-06
-7.07841e-06
-7.0417e-06
-6.99439e-06
-6.94163e-06
-6.88974e-06
-6.8462e-06
-6.81926e-06
-6.81758e-06
-6.85107e-06
-6.92961e-06
-7.06333e-06
-7.26842e-06
-7.54781e-06
-7.91716e-06
-8.41167e-06
-9.0315e-06
-9.76228e-06
-1.05897e-05
-1.13839e-05
-1.19818e-05
-1.23219e-05
-1.23796e-05
-1.2159e-05
-1.16924e-05
-1.10193e-05
-1.01916e-05
-9.2657e-06
-8.28757e-06
-7.30465e-06
-6.36751e-06
-5.51826e-06
-4.78744e-06
-4.19671e-06
-3.75966e-06
-3.48096e-06
-3.35662e-06
-3.37545e-06
-3.52125e-06
-3.77466e-06
-4.11507e-06
-4.52154e-06
-6.52769e-06
-6.58137e-06
-6.62258e-06
-6.65153e-06
-6.66871e-06
-6.67555e-06
-6.67467e-06
-6.67e-06
-6.66651e-06
-6.67016e-06
-6.68802e-06
-6.72804e-06
-6.79895e-06
-6.90976e-06
-7.07002e-06
-7.29257e-06
-7.58528e-06
-7.95836e-06
-8.43503e-06
-9.01849e-06
-9.69417e-06
-1.0442e-05
-1.11463e-05
-1.16739e-05
-1.19759e-05
-1.20347e-05
-1.18602e-05
-1.14798e-05
-1.09271e-05
-1.02551e-05
-9.51289e-06
-8.73302e-06
-7.95333e-06
-7.21702e-06
-6.55661e-06
-5.99354e-06
-5.54296e-06
-5.2146e-06
-5.01146e-06
-4.92999e-06
-4.96149e-06
-5.0939e-06
-5.31315e-06
-5.60432e-06
-5.9522e-06
-5.91525e-06
-5.99678e-06
-6.06873e-06
-6.13171e-06
-6.18646e-06
-6.23432e-06
-6.27742e-06
-6.31875e-06
-6.36232e-06
-6.41284e-06
-6.47588e-06
-6.5581e-06
-6.66802e-06
-6.81357e-06
-7.00249e-06
-7.24505e-06
-7.54989e-06
-7.92511e-06
-8.3851e-06
-8.93163e-06
-9.5529e-06
-1.02258e-05
-1.08519e-05
-1.1325e-05
-1.16059e-05
-1.16858e-05
-1.15792e-05
-1.13026e-05
-1.08866e-05
-1.03855e-05
-9.83203e-06
-9.24819e-06
-8.66745e-06
-8.12361e-06
-7.6396e-06
-7.23039e-06
-6.90747e-06
-6.67852e-06
-6.54595e-06
-6.50715e-06
-6.556e-06
-6.68421e-06
-6.88207e-06
-7.13907e-06
-7.44415e-06
-5.22129e-06
-5.33038e-06
-5.43216e-06
-5.5275e-06
-5.61745e-06
-5.70344e-06
-5.78742e-06
-5.87191e-06
-5.96016e-06
-6.05599e-06
-6.16306e-06
-6.28756e-06
-6.4362e-06
-6.61695e-06
-6.83533e-06
-7.09897e-06
-7.41585e-06
-7.79282e-06
-8.23735e-06
-8.75057e-06
-9.32335e-06
-9.93311e-06
-1.04999e-05
-1.09395e-05
-1.12231e-05
-1.1349e-05
-1.13277e-05
-1.11707e-05
-1.09101e-05
-1.05847e-05
-1.02138e-05
-9.82053e-06
-9.43316e-06
-9.07239e-06
-8.7527e-06
-8.48586e-06
-8.28172e-06
-8.14663e-06
-8.08262e-06
-8.0882e-06
-8.15962e-06
-8.2917e-06
-8.47841e-06
-8.71301e-06
-8.98812e-06
-4.43736e-06
-4.57249e-06
-4.70238e-06
-4.82794e-06
-4.95041e-06
-5.07126e-06
-5.19222e-06
-5.31546e-06
-5.44383e-06
-5.58077e-06
-5.73004e-06
-5.89602e-06
-6.08278e-06
-6.29731e-06
-6.54449e-06
-6.82984e-06
-7.15987e-06
-7.53969e-06
-7.97324e-06
-8.46137e-06
-8.99673e-06
-9.56241e-06
-1.00937e-05
-1.05245e-05
-1.08374e-05
-1.10303e-05
-1.11084e-05
-1.10892e-05
-1.0993e-05
-1.08362e-05
-1.0643e-05
-1.04368e-05
-1.02332e-05
-1.00429e-05
-9.87623e-06
-9.74383e-06
-9.65398e-06
-9.61146e-06
-9.61803e-06
-9.67336e-06
-9.77569e-06
-9.92212e-06
-1.0109e-05
-1.03319e-05
-1.05864e-05
-3.57836e-06
-3.73648e-06
-3.8911e-06
-4.04333e-06
-4.19466e-06
-4.34669e-06
-4.50096e-06
-4.65912e-06
-4.82289e-06
-4.99452e-06
-5.17802e-06
-5.3777e-06
-5.59931e-06
-5.84443e-06
-6.11713e-06
-6.42294e-06
-6.76678e-06
-7.15218e-06
-7.58176e-06
-8.05622e-06
-8.57176e-06
-9.11741e-06
-9.64169e-06
-1.00922e-05
-1.04551e-05
-1.07299e-05
-1.09248e-05
-1.10476e-05
-1.11064e-05
-1.11185e-05
-1.11046e-05
-1.10771e-05
-1.10425e-05
-1.10086e-05
-1.09853e-05
-1.09815e-05
-1.10028e-05
-1.10527e-05
-1.1133e-05
-1.12446e-05
-1.13872e-05
-1.15601e-05
-1.17613e-05
-1.19884e-05
-1.22383e-05
-2.70733e-06
-2.88415e-06
-3.05937e-06
-3.23402e-06
-3.40955e-06
-3.58766e-06
-3.77002e-06
-3.95849e-06
-4.15569e-06
-4.36262e-06
-4.58018e-06
-4.80807e-06
-5.05845e-06
-5.33171e-06
-5.62995e-06
-5.95739e-06
-6.31777e-06
-6.71396e-06
-7.14823e-06
-7.62194e-06
-8.13364e-06
-8.6782e-06
-9.21704e-06
-9.70448e-06
-1.01289e-05
-1.04921e-05
-1.07955e-05
-1.10421e-05
-1.12412e-05
-1.14054e-05
-1.15437e-05
-1.16616e-05
-1.17656e-05
-1.18636e-05
-1.19633e-05
-1.20701e-05
-1.21876e-05
-1.23189e-05
-1.24662e-05
-1.2631e-05
-1.2814e-05
-1.3015e-05
-1.32332e-05
-1.34671e-05
-1.37155e-05
-1.95394e-06
-2.14255e-06
-2.33177e-06
-2.52236e-06
-2.71562e-06
-2.91292e-06
-3.11568e-06
-3.32528e-06
-3.5427e-06
-3.77136e-06
-4.01593e-06
-4.28267e-06
-4.56285e-06
-4.86064e-06
-5.18202e-06
-5.53033e-06
-5.90806e-06
-6.31796e-06
-6.76271e-06
-7.2442e-06
-7.76317e-06
-8.31871e-06
-8.87888e-06
-9.40309e-06
-9.88082e-06
-1.03115e-05
-1.06956e-05
-1.10375e-05
-1.13427e-05
-1.1616e-05
-1.1862e-05
-1.20865e-05
-1.22958e-05
-1.24957e-05
-1.26905e-05
-1.28838e-05
-1.30787e-05
-1.32778e-05
-1.34833e-05
-1.36967e-05
-1.39191e-05
-1.41508e-05
-1.4392e-05
-1.46428e-05
-1.49024e-05
-1.38505e-06
-1.58298e-06
-1.78324e-06
-1.98663e-06
-2.19431e-06
-2.40759e-06
-2.62801e-06
-2.85732e-06
-3.09717e-06
-3.34981e-06
-3.61604e-06
-3.89791e-06
-4.19515e-06
-4.51136e-06
-4.8504e-06
-5.21462e-06
-5.60627e-06
-6.02812e-06
-6.48287e-06
-6.97282e-06
-7.49989e-06
-8.06507e-06
-8.64138e-06
-9.19145e-06
-9.70448e-06
-1.01804e-05
-1.06204e-05
-1.10264e-05
-1.14004e-05
-1.17453e-05
-1.20657e-05
-1.23665e-05
-1.26518e-05
-1.29251e-05
-1.3189e-05
-1.34465e-05
-1.37001e-05
-1.39519e-05
-1.42038e-05
-1.4457e-05
-1.47128e-05
-1.49718e-05
-1.52346e-05
-1.55012e-05
-1.57713e-05
-9.66224e-07
-1.172e-06
-1.38162e-06
-1.59592e-06
-1.81602e-06
-2.04319e-06
-2.27868e-06
-2.52365e-06
-2.77945e-06
-3.04704e-06
-3.32911e-06
-3.62543e-06
-3.93841e-06
-4.27069e-06
-4.62451e-06
-5.00194e-06
-5.4053e-06
-5.83711e-06
-6.29995e-06
-6.79623e-06
-7.32829e-06
-7.89803e-06
-8.48175e-06
-9.04521e-06
-9.57873e-06
-1.00824e-05
-1.05565e-05
-1.10015e-05
-1.14191e-05
-1.18124e-05
-1.21847e-05
-1.25388e-05
-1.28771e-05
-1.32019e-05
-1.35153e-05
-1.38196e-05
-1.41166e-05
-1.4408e-05
-1.46952e-05
-1.49793e-05
-1.52613e-05
-1.55418e-05
-1.58213e-05
-1.60999e-05
-1.63779e-05
-6.6588e-07
-8.7938e-07
-1.09798e-06
-1.32248e-06
-1.55385e-06
-1.7931e-06
-2.04126e-06
-2.29939e-06
-2.56858e-06
-2.85014e-06
-3.14515e-06
-3.45506e-06
-3.78175e-06
-4.12689e-06
-4.49228e-06
-4.8799e-06
-5.29187e-06
-5.73041e-06
-6.19787e-06
-6.69655e-06
-7.22881e-06
-7.79672e-06
-8.37935e-06
-8.94612e-06
-9.48821e-06
-1.00054e-05
-1.04976e-05
-1.09658e-05
-1.14115e-05
-1.18367e-05
-1.22432e-05
-1.26325e-05
-1.30065e-05
-1.33668e-05
-1.3715e-05
-1.40526e-05
-1.4381e-05
-1.47015e-05
-1.5015e-05
-1.53225e-05
-1.56247e-05
-1.59222e-05
-1.62154e-05
-1.65047e-05
-1.67904e-05
-4.59732e-07
-6.80963e-07
-9.08204e-07
-1.14219e-06
-1.38378e-06
-1.63383e-06
-1.89327e-06
-2.16306e-06
-2.444e-06
-2.73716e-06
-3.04378e-06
-3.36516e-06
-3.7026e-06
-4.05753e-06
-4.43156e-06
-4.8264e-06
-5.24389e-06
-5.68593e-06
-6.15459e-06
-6.65192e-06
-7.18009e-06
-7.74106e-06
-8.3164e-06
-8.87907e-06
-9.42115e-06
-9.94248e-06
-1.04433e-05
-1.09243e-05
-1.13864e-05
-1.18307e-05
-1.22582e-05
-1.26702e-05
-1.30677e-05
-1.3452e-05
-1.38241e-05
-1.41851e-05
-1.45359e-05
-1.48774e-05
-1.52103e-05
-1.55354e-05
-1.58532e-05
-1.61642e-05
-1.64687e-05
-1.67669e-05
-1.70593e-05
-3.24612e-07
-5.53352e-07
-7.88749e-07
-1.03151e-06
-1.28241e-06
-1.54219e-06
-1.81133e-06
-2.09132e-06
-2.38222e-06
-2.68533e-06
-3.00162e-06
-3.33208e-06
-3.67785e-06
-4.04019e-06
-4.42044e-06
-4.82001e-06
-5.24047e-06
-5.6834e-06
-6.15057e-06
-6.64374e-06
-7.16481e-06
-7.71546e-06
-8.27953e-06
-8.83346e-06
-9.37041e-06
-9.89027e-06
-1.03931e-05
-1.08794e-05
-1.13495e-05
-1.18042e-05
-1.22441e-05
-1.26701e-05
-1.30827e-05
-1.34829e-05
-1.38712e-05
-1.42484e-05
-1.4615e-05
-1.49716e-05
-1.53188e-05
-1.56571e-05
-1.59868e-05
-1.63083e-05
-1.66218e-05
-1.69279e-05
-1.72261e-05
-2.40362e-07
-4.76234e-07
-7.19226e-07
-9.70012e-07
-1.22931e-06
-1.4977e-06
-1.77596e-06
-2.06388e-06
-2.36323e-06
-2.67461e-06
-2.9987e-06
-3.33638e-06
-3.68862e-06
-4.05644e-06
-4.44094e-06
-4.84329e-06
-5.26478e-06
-5.7067e-06
-6.17055e-06
-6.65775e-06
-7.16992e-06
-7.70842e-06
-8.25918e-06
-8.80199e-06
-9.33093e-06
-9.84574e-06
-1.03464e-05
-1.0833e-05
-1.13059e-05
-1.17655e-05
-1.22122e-05
-1.26464e-05
-1.30685e-05
-1.34789e-05
-1.38781e-05
-1.42663e-05
-1.4644e-05
-1.50116e-05
-1.53693e-05
-1.57174e-05
-1.60563e-05
-1.6386e-05
-1.67068e-05
-1.70188e-05
-1.73231e-05
-1.9092e-07
-4.3339e-07
-6.83296e-07
-9.41262e-07
-1.2079e-06
-1.48364e-06
-1.76905e-06
-2.06454e-06
-2.3711e-06
-2.68926e-06
-3.01968e-06
-3.36308e-06
-3.72025e-06
-4.09203e-06
-4.4793e-06
-4.88301e-06
-5.30421e-06
-5.74392e-06
-6.20337e-06
-6.68367e-06
-7.18619e-06
-7.71194e-06
-8.24879e-06
-8.77956e-06
-9.29906e-06
-9.80689e-06
-1.03029e-05
-1.07872e-05
-1.12599e-05
-1.17211e-05
-1.2171e-05
-1.26097e-05
-1.30375e-05
-1.34545e-05
-1.38608e-05
-1.42567e-05
-1.46423e-05
-1.50178e-05
-1.53833e-05
-1.5739e-05
-1.6085e-05
-1.64214e-05
-1.67483e-05
-1.70659e-05
-1.73749e-05
-1.64071e-07
-4.12523e-07
-6.68612e-07
-9.32887e-07
-1.20586e-06
-1.4881e-06
-1.77973e-06
-2.08152e-06
-2.39405e-06
-2.71781e-06
-3.05336e-06
-3.40129e-06
-3.76223e-06
-4.13685e-06
-4.52586e-06
-4.93001e-06
-5.35011e-06
-5.78698e-06
-6.24157e-06
-6.71474e-06
-7.2076e-06
-7.72085e-06
-8.24409e-06
-8.76286e-06
-9.27257e-06
-9.7727e-06
-1.02631e-05
-1.07437e-05
-1.12144e-05
-1.16753e-05
-1.21263e-05
-1.25674e-05
-1.29985e-05
-1.34196e-05
-1.38308e-05
-1.42321e-05
-1.46234e-05
-1.50048e-05
-1.53762e-05
-1.57378e-05
-1.60895e-05
-1.64313e-05
-1.67635e-05
-1.70859e-05
-1.73991e-05
-1.51003e-07
-4.04789e-07
-6.66342e-07
-9.3613e-07
-1.2145e-06
-1.50235e-06
-1.79945e-06
-2.10653e-06
-2.42407e-06
-2.75248e-06
-3.09222e-06
-3.44378e-06
-3.80765e-06
-4.18434e-06
-4.57443e-06
-4.97846e-06
-5.39708e-06
-5.83088e-06
-6.2806e-06
-6.74685e-06
-7.23052e-06
-7.73201e-06
-8.24249e-06
-8.74989e-06
-9.25011e-06
-9.7426e-06
-1.02271e-05
-1.07035e-05
-1.11716e-05
-1.16311e-05
-1.2082e-05
-1.25241e-05
-1.29571e-05
-1.3381e-05
-1.37955e-05
-1.42006e-05
-1.45962e-05
-1.4982e-05
-1.53581e-05
-1.57244e-05
-1.60807e-05
-1.64272e-05
-1.67637e-05
-1.70904e-05
-1.74074e-05
-1.45729e-07
-4.04233e-07
-6.70583e-07
-9.45178e-07
-1.22817e-06
-1.52104e-06
-1.82276e-06
-2.13429e-06
-2.45608e-06
-2.7884e-06
-3.13164e-06
-3.48616e-06
-3.85236e-06
-4.23063e-06
-4.62138e-06
-5.02503e-06
-5.44204e-06
-5.87282e-06
-6.31791e-06
-6.77771e-06
-7.2529e-06
-7.74362e-06
-8.24246e-06
-8.7394e-06
-9.23082e-06
-9.7161e-06
-1.0195e-05
-1.06671e-05
-1.11323e-05
-1.15901e-05
-1.20403e-05
-1.24827e-05
-1.29168e-05
-1.33425e-05
-1.37595e-05
-1.41675e-05
-1.45663e-05
-1.49557e-05
-1.53356e-05
-1.57056e-05
-1.60659e-05
-1.64162e-05
-1.67566e-05
-1.70869e-05
-1.74073e-05
-1.44432e-07
-4.07089e-07
-6.77653e-07
-9.56514e-07
-1.24419e-06
-1.54079e-06
-1.84639e-06
-2.16172e-06
-2.48715e-06
-2.82281e-06
-3.169e-06
-3.52601e-06
-3.89413e-06
-4.27365e-06
-4.66484e-06
-5.068e-06
-5.48342e-06
-5.91138e-06
-6.35223e-06
-6.80616e-06
-7.2737e-06
-7.75473e-06
-8.24312e-06
-8.73064e-06
-9.21408e-06
-9.6928e-06
-1.01664e-05
-1.06346e-05
-1.10969e-05
-1.15529e-05
-1.20023e-05
-1.24446e-05
-1.28794e-05
-1.33064e-05
-1.37252e-05
-1.41355e-05
-1.4537e-05
-1.49293e-05
-1.53122e-05
-1.56855e-05
-1.60491e-05
-1.64027e-05
-1.67464e-05
-1.70799e-05
-1.74033e-05
-1.44841e-07
-4.1115e-07
-6.8541e-07
-9.67979e-07
-1.25955e-06
-1.55957e-06
-1.86858e-06
-2.1872e-06
-2.5158e-06
-2.85435e-06
-3.20308e-06
-3.56222e-06
-3.93197e-06
-4.31251e-06
-4.70403e-06
-5.10668e-06
-5.52064e-06
-5.94604e-06
-6.38306e-06
-6.83176e-06
-7.29246e-06
-7.76488e-06
-8.24397e-06
-8.72311e-06
-9.19944e-06
-9.67229e-06
-1.01412e-05
-1.06058e-05
-1.10655e-05
-1.15198e-05
-1.19683e-05
-1.24104e-05
-1.28457e-05
-1.32737e-05
-1.3694e-05
-1.41062e-05
-1.45098e-05
-1.49046e-05
-1.52901e-05
-1.56662e-05
-1.60326e-05
-1.63892e-05
-1.67357e-05
-1.7072e-05
-1.73981e-05
-1.4571e-07
-4.15232e-07
-6.92731e-07
-9.78525e-07
-1.27331e-06
-1.57646e-06
-1.8885e-06
-2.21003e-06
-2.54142e-06
-2.88249e-06
-3.23345e-06
-3.59445e-06
-3.96561e-06
-4.34703e-06
-4.73881e-06
-5.14099e-06
-5.55364e-06
-5.97675e-06
-6.41039e-06
-6.85444e-06
-7.30909e-06
-7.77389e-06
-8.24477e-06
-8.71649e-06
-9.18653e-06
-9.65421e-06
-1.0119e-05
-1.05804e-05
-1.10377e-05
-1.14905e-05
-1.19381e-05
-1.238e-05
-1.28157e-05
-1.32446e-05
-1.36662e-05
-1.408e-05
-1.44855e-05
-1.48824e-05
-1.52703e-05
-1.56488e-05
-1.60177e-05
-1.63767e-05
-1.67258e-05
-1.70644e-05
-1.73932e-05
-1.4644e-07
-4.18783e-07
-6.99124e-07
-9.87772e-07
-1.28547e-06
-1.59117e-06
-1.90592e-06
-2.23007e-06
-2.5639e-06
-2.90719e-06
-3.2601e-06
-3.62273e-06
-3.99514e-06
-4.37735e-06
-4.76935e-06
-5.17112e-06
-5.58261e-06
-6.00371e-06
-6.43436e-06
-6.87433e-06
-7.32366e-06
-7.78174e-06
-8.24538e-06
-8.71058e-06
-9.17511e-06
-9.63825e-06
-1.00994e-05
-1.0558e-05
-1.10133e-05
-1.14647e-05
-1.19116e-05
-1.23534e-05
-1.27894e-05
-1.32191e-05
-1.36418e-05
-1.4057e-05
-1.44642e-05
-1.4863e-05
-1.52529e-05
-1.56335e-05
-1.60046e-05
-1.63659e-05
-1.67171e-05
-1.70578e-05
-1.73891e-05
-1.46802e-07
-4.21614e-07
-7.04445e-07
-9.95605e-07
-1.29581e-06
-1.60379e-06
-1.92094e-06
-2.2474e-06
-2.58335e-06
-2.92859e-06
-3.28323e-06
-3.6473e-06
-4.02081e-06
-4.40371e-06
-4.79592e-06
-5.19734e-06
-5.60783e-06
-6.02717e-06
-6.45522e-06
-6.89161e-06
-7.33628e-06
-7.78848e-06
-8.24577e-06
-8.70526e-06
-9.16499e-06
-9.62418e-06
-1.00822e-05
-1.05383e-05
-1.09919e-05
-1.14422e-05
-1.18885e-05
-1.23302e-05
-1.27665e-05
-1.31969e-05
-1.36206e-05
-1.40371e-05
-1.44458e-05
-1.48463e-05
-1.52379e-05
-1.56205e-05
-1.59935e-05
-1.63567e-05
-1.67099e-05
-1.70525e-05
-1.73859e-05
-1.4674e-07
-4.23743e-07
-7.08773e-07
-1.00213e-06
-1.30447e-06
-1.61453e-06
-1.93382e-06
-2.26232e-06
-2.60014e-06
-2.94711e-06
-3.30328e-06
-3.66864e-06
-4.04313e-06
-4.42665e-06
-4.81907e-06
-5.2202e-06
-5.62981e-06
-6.04763e-06
-6.47341e-06
-6.90669e-06
-7.34727e-06
-7.79428e-06
-8.24594e-06
-8.70038e-06
-9.15589e-06
-9.61162e-06
-1.00669e-05
-1.05209e-05
-1.0973e-05
-1.14223e-05
-1.18682e-05
-1.23098e-05
-1.27465e-05
-1.31775e-05
-1.36021e-05
-1.40198e-05
-1.44299e-05
-1.48319e-05
-1.52252e-05
-1.56094e-05
-1.59841e-05
-1.63492e-05
-1.67041e-05
-1.70484e-05
-1.73835e-05
-1.46247e-07
-4.25305e-07
-7.12389e-07
-1.00778e-06
-1.31211e-06
-1.62419e-06
-1.94541e-06
-2.27582e-06
-2.61541e-06
-2.964e-06
-3.32161e-06
-3.68817e-06
-4.0636e-06
-4.44772e-06
-4.84034e-06
-5.2412e-06
-5.65002e-06
-6.06645e-06
-6.49014e-06
-6.92054e-06
-7.35734e-06
-7.79953e-06
-8.24592e-06
-8.69563e-06
-9.14723e-06
-9.59978e-06
-1.00525e-05
-1.05046e-05
-1.09554e-05
-1.14038e-05
-1.18493e-05
-1.22909e-05
-1.2728e-05
-1.31596e-05
-1.35852e-05
-1.40041e-05
-1.44155e-05
-1.48189e-05
-1.52137e-05
-1.55995e-05
-1.59759e-05
-1.63426e-05
-1.66992e-05
-1.70452e-05
-1.73819e-05
-1.45492e-07
-4.26398e-07
-7.15413e-07
-1.01285e-06
-1.31921e-06
-1.63325e-06
-1.95638e-06
-2.28863e-06
-2.62994e-06
-2.98012e-06
-3.33912e-06
-3.70687e-06
-4.08321e-06
-4.46792e-06
-4.86074e-06
-5.26136e-06
-5.66941e-06
-6.08444e-06
-6.50598e-06
-6.93348e-06
-7.36657e-06
-7.80416e-06
-8.24577e-06
-8.69121e-06
-9.13917e-06
-9.5887e-06
-1.0039e-05
-1.04893e-05
-1.09387e-05
-1.13864e-05
-1.18315e-05
-1.22732e-05
-1.27106e-05
-1.31429e-05
-1.35694e-05
-1.39894e-05
-1.44021e-05
-1.48069e-05
-1.52032e-05
-1.55906e-05
-1.59686e-05
-1.63369e-05
-1.6695e-05
-1.70426e-05
-1.73808e-05
1.18761e-06
-5.19765e-06
-6.64181e-06
-7.50663e-06
-8.47135e-06
-9.51966e-06
-1.06425e-05
-1.18371e-05
-1.31048e-05
-1.44525e-05
-1.58904e-05
-1.74342e-05
-1.91023e-05
-2.0924e-05
-2.29349e-05
2.82425e-06
-2.7875e-06
-5.24318e-06
-6.77367e-06
-8.07486e-06
-9.29188e-06
-1.05055e-05
-1.17531e-05
-1.30531e-05
-1.44205e-05
-1.58703e-05
-1.74204e-05
-1.90909e-05
-2.09119e-05
-2.29195e-05
3.70796e-06
-1.27888e-06
-4.21108e-06
-6.14723e-06
-7.70074e-06
-9.06924e-06
-1.03712e-05
-1.16714e-05
-1.30035e-05
-1.43905e-05
-1.58517e-05
-1.74077e-05
-1.90801e-05
-2.08997e-05
-2.29031e-05
3.81639e-06
-4.10778e-07
-3.43425e-06
-5.61059e-06
-7.35153e-06
-8.85347e-06
-1.02411e-05
-1.15939e-05
-1.29581e-05
-1.43642e-05
-1.58362e-05
-1.73973e-05
-1.90707e-05
-2.08881e-05
-2.28866e-05
3.57748e-06
1.89532e-07
-2.74112e-06
-5.06878e-06
-6.97271e-06
-8.60843e-06
-1.00908e-05
-1.1505e-05
-1.29072e-05
-1.43359e-05
-1.58203e-05
-1.73871e-05
-1.90614e-05
-2.0876e-05
-2.28685e-05
3.27206e-06
4.9398e-07
-2.18833e-06
-4.54003e-06
-6.55802e-06
-8.31729e-06
-9.90184e-06
-1.13891e-05
-1.28394e-05
-1.42978e-05
-1.5799e-05
-1.73739e-05
-1.90498e-05
-2.08616e-05
-2.28475e-05
2.81975e-06
5.35656e-07
-1.83523e-06
-4.09291e-06
-6.14619e-06
-7.99216e-06
-9.67012e-06
-1.12357e-05
-1.27436e-05
-1.42407e-05
-1.57654e-05
-1.73525e-05
-1.90326e-05
-2.08423e-05
-2.28213e-05
2.21108e-06
3.33232e-07
-1.71528e-06
-3.79549e-06
-5.79827e-06
-7.67193e-06
-9.41289e-06
-1.10474e-05
-1.26148e-05
-1.41567e-05
-1.57116e-05
-1.73166e-05
-1.90043e-05
-2.0814e-05
-2.27866e-05
1.46922e-06
-8.07637e-08
-1.82847e-06
-3.68941e-06
-5.57225e-06
-7.40888e-06
-9.16656e-06
-1.08438e-05
-1.24601e-05
-1.40455e-05
-1.56335e-05
-1.72605e-05
-1.89595e-05
-2.07716e-05
-2.27386e-05
6.15396e-07
-6.71318e-07
-2.15406e-06
-3.78709e-06
-5.50704e-06
-7.25141e-06
-8.97535e-06
-1.06579e-05
-1.22998e-05
-1.39169e-05
-1.55339e-05
-1.71827e-05
-1.88942e-05
-2.07102e-05
-2.26719e-05
-3.3517e-07
-1.40932e-06
-2.66515e-06
-4.08144e-06
-5.62004e-06
-7.23386e-06
-8.87951e-06
-1.05269e-05
-1.2163e-05
-1.37908e-05
-1.54241e-05
-1.70882e-05
-1.88088e-05
-2.06275e-05
-2.25821e-05
-1.37371e-06
-2.2746e-06
-3.33827e-06
-4.55791e-06
-5.91392e-06
-7.37597e-06
-8.90978e-06
-1.0485e-05
-1.20817e-05
-1.36929e-05
-1.53227e-05
-1.69886e-05
-1.87085e-05
-2.05248e-05
-2.24672e-05
-2.49617e-06
-3.2548e-06
-4.15647e-06
-5.20224e-06
-6.38471e-06
-7.68747e-06
-9.08784e-06
-1.0561e-05
-1.20864e-05
-1.36515e-05
-1.52532e-05
-1.69011e-05
-1.86058e-05
-2.04073e-05
-2.23271e-05
-3.70091e-06
-4.3424e-06
-5.10803e-06
-6.00275e-06
-7.02632e-06
-8.17232e-06
-9.42858e-06
-1.07784e-05
-1.22053e-05
-1.36953e-05
-1.52419e-05
-1.68463e-05
-1.85198e-05
-2.02842e-05
-2.21634e-05
-4.98617e-06
-5.53184e-06
-6.18415e-06
-6.94962e-06
-7.83175e-06
-8.83033e-06
-9.94119e-06
-1.11556e-05
-1.24631e-05
-1.38519e-05
-1.53158e-05
-1.68508e-05
-1.84644e-05
-2.01697e-05
-2.19883e-05
-6.35098e-06
-6.81903e-06
-7.37789e-06
-8.03426e-06
-8.79324e-06
-9.65783e-06
-1.0629e-05
-1.17043e-05
-1.28789e-05
-1.41466e-05
-1.55006e-05
-1.69399e-05
-1.84621e-05
-2.00806e-05
-2.18147e-05
-7.79286e-06
-8.19996e-06
-8.68317e-06
-9.24886e-06
-9.90234e-06
-1.06483e-05
-1.14898e-05
-1.24292e-05
-1.34653e-05
-1.45973e-05
-1.58211e-05
-1.71358e-05
-1.8542e-05
-2.00374e-05
-2.16501e-05
-9.30139e-06
-9.66378e-06
-1.00884e-05
-1.05806e-05
-1.11457e-05
-1.17886e-05
-1.25136e-05
-1.33244e-05
-1.42233e-05
-1.5212e-05
-1.62909e-05
-1.74584e-05
-1.87186e-05
-2.00648e-05
-2.15169e-05
-1.08723e-05
-1.1201e-05
-1.15798e-05
-1.20123e-05
-1.25033e-05
-1.30575e-05
-1.36787e-05
-1.43709e-05
-1.51378e-05
-1.59823e-05
-1.69077e-05
-1.79132e-05
-1.90044e-05
-2.01773e-05
-2.14372e-05
-1.25088e-05
-1.28054e-05
-1.31419e-05
-1.3523e-05
-1.39506e-05
-1.44267e-05
-1.49543e-05
-1.55371e-05
-1.61787e-05
-1.68826e-05
-1.76516e-05
-1.84882e-05
-1.93944e-05
-2.03725e-05
-2.14189e-05
-1.39803e-05
-1.42692e-05
-1.45866e-05
-1.49341e-05
-1.53144e-05
-1.57297e-05
-1.61824e-05
-1.66748e-05
-1.72097e-05
-1.77899e-05
-1.84181e-05
-1.90965e-05
-1.98272e-05
-2.0612e-05
-2.145e-05
-1.51719e-05
-1.54586e-05
-1.57646e-05
-1.60915e-05
-1.64402e-05
-1.6812e-05
-1.72087e-05
-1.76322e-05
-1.80842e-05
-1.85668e-05
-1.90819e-05
-1.96318e-05
-2.0218e-05
-2.08424e-05
-2.15056e-05
-1.60464e-05
-1.63283e-05
-1.66241e-05
-1.69338e-05
-1.72575e-05
-1.75962e-05
-1.7951e-05
-1.83233e-05
-1.87141e-05
-1.91249e-05
-1.95573e-05
-2.00129e-05
-2.04935e-05
-2.10009e-05
-2.15369e-05
-1.66567e-05
-1.694e-05
-1.72305e-05
-1.75287e-05
-1.78351e-05
-1.81503e-05
-1.84752e-05
-1.88106e-05
-1.91574e-05
-1.95165e-05
-1.98894e-05
-2.02775e-05
-2.06823e-05
-2.11059e-05
-2.15502e-05
-1.7074e-05
-1.73587e-05
-1.76462e-05
-1.79369e-05
-1.82313e-05
-1.853e-05
-1.88336e-05
-1.91426e-05
-1.94578e-05
-1.97802e-05
-2.01108e-05
-2.04511e-05
-2.08026e-05
-2.11673e-05
-2.15472e-05
-1.73476e-05
-1.76341e-05
-1.79202e-05
-1.82062e-05
-1.84926e-05
-1.87799e-05
-1.90685e-05
-1.93591e-05
-1.96524e-05
-1.99491e-05
-2.02505e-05
-2.05577e-05
-2.08724e-05
-2.11967e-05
-2.15325e-05
-1.75187e-05
-1.78073e-05
-1.80932e-05
-1.83766e-05
-1.86581e-05
-1.8938e-05
-1.92168e-05
-1.9495e-05
-1.97735e-05
-2.00529e-05
-2.03345e-05
-2.06194e-05
-2.09093e-05
-2.12061e-05
-2.15119e-05
-1.76198e-05
-1.7911e-05
-1.81976e-05
-1.84802e-05
-1.8759e-05
-1.90346e-05
-1.93072e-05
-1.95776e-05
-1.98464e-05
-2.01145e-05
-2.0383e-05
-2.06531e-05
-2.09263e-05
-2.12047e-05
-2.14899e-05
-1.76756e-05
-1.79695e-05
-1.82578e-05
-1.85407e-05
-1.88185e-05
-1.90918e-05
-1.9361e-05
-1.96266e-05
-1.98894e-05
-2.01503e-05
-2.04102e-05
-2.06704e-05
-2.09325e-05
-2.11982e-05
-2.14693e-05
-1.77035e-05
-1.80004e-05
-1.82906e-05
-1.85746e-05
-1.88526e-05
-1.9125e-05
-1.93924e-05
-1.96554e-05
-1.99146e-05
-2.01708e-05
-2.04253e-05
-2.06789e-05
-2.09334e-05
-2.11904e-05
-2.14513e-05
-1.77153e-05
-1.80151e-05
-1.83075e-05
-1.85929e-05
-1.88717e-05
-1.91442e-05
-1.94109e-05
-1.96725e-05
-1.99296e-05
-2.0183e-05
-2.04338e-05
-2.0683e-05
-2.09322e-05
-2.11828e-05
-2.14363e-05
-1.77185e-05
-1.8021e-05
-1.83156e-05
-1.86027e-05
-1.88826e-05
-1.91556e-05
-1.94223e-05
-1.96832e-05
-1.99391e-05
-2.01907e-05
-2.04391e-05
-2.06852e-05
-2.09305e-05
-2.11762e-05
-2.1424e-05
-1.77175e-05
-1.80226e-05
-1.83193e-05
-1.86081e-05
-1.88891e-05
-1.91629e-05
-1.94298e-05
-1.96906e-05
-1.99458e-05
-2.01962e-05
-2.04428e-05
-2.06866e-05
-2.09289e-05
-2.11708e-05
-2.14139e-05
-1.77151e-05
-1.80224e-05
-1.83211e-05
-1.86114e-05
-1.88936e-05
-1.91682e-05
-1.94356e-05
-1.96963e-05
-1.99511e-05
-2.02007e-05
-2.0446e-05
-2.06879e-05
-2.09277e-05
-2.11664e-05
-2.14056e-05
-1.77125e-05
-1.80219e-05
-1.83223e-05
-1.8614e-05
-1.88974e-05
-1.91727e-05
-1.94405e-05
-1.97013e-05
-1.99558e-05
-2.02047e-05
-2.04489e-05
-2.06893e-05
-2.0927e-05
-2.1163e-05
-2.13986e-05
-1.77103e-05
-1.80216e-05
-1.83235e-05
-1.86165e-05
-1.89008e-05
-1.91768e-05
-1.9445e-05
-1.97059e-05
-1.99602e-05
-2.02086e-05
-2.04518e-05
-2.06909e-05
-2.09267e-05
-2.11603e-05
-2.13929e-05
-1.77089e-05
-1.80217e-05
-1.8325e-05
-1.86191e-05
-1.89043e-05
-1.91809e-05
-1.94494e-05
-1.97104e-05
-1.99644e-05
-2.02123e-05
-2.04547e-05
-2.06925e-05
-2.09267e-05
-2.11581e-05
-2.1388e-05
-1.77081e-05
-1.80224e-05
-1.83269e-05
-1.86219e-05
-1.89078e-05
-1.91849e-05
-1.94537e-05
-1.97147e-05
-1.99686e-05
-2.02159e-05
-2.04576e-05
-2.06943e-05
-2.0927e-05
-2.11565e-05
-2.13839e-05
-1.77079e-05
-1.80235e-05
-1.83291e-05
-1.86251e-05
-1.89117e-05
-1.91892e-05
-1.94583e-05
-1.97193e-05
-1.99729e-05
-2.02198e-05
-2.04606e-05
-2.06963e-05
-2.09275e-05
-2.11551e-05
-2.13801e-05
-1.77082e-05
-1.8025e-05
-1.83316e-05
-1.86284e-05
-1.89156e-05
-1.91935e-05
-1.94627e-05
-1.97237e-05
-1.99771e-05
-2.02235e-05
-2.04636e-05
-2.06982e-05
-2.09282e-05
-2.1154e-05
-2.13769e-05
-8.28037e-06
-8.28171e-06
-8.29189e-06
-8.30987e-06
-8.33477e-06
-8.36525e-06
-8.4013e-06
-8.4427e-06
-8.48927e-06
-8.54085e-06
-8.59735e-06
-8.65869e-06
-8.72474e-06
-8.79532e-06
-8.87012e-06
-8.94869e-06
-9.03033e-06
-9.11404e-06
-9.19835e-06
-9.28113e-06
-9.35951e-06
-9.42979e-06
-9.48474e-06
-9.51578e-06
-9.51647e-06
-9.48104e-06
-9.40438e-06
-9.28318e-06
-9.11725e-06
-8.90978e-06
-8.66248e-06
-8.38179e-06
-8.08706e-06
-7.79585e-06
-7.52581e-06
-7.2932e-06
-7.11193e-06
-6.99119e-06
-6.93275e-06
-6.93035e-06
-6.97075e-06
-7.03606e-06
-7.10717e-06
-7.16335e-06
-7.1901e-06
-8.26531e-06
-8.26725e-06
-8.27574e-06
-8.28992e-06
-8.30918e-06
-8.33392e-06
-8.36356e-06
-8.39797e-06
-8.43709e-06
-8.4809e-06
-8.52941e-06
-8.58259e-06
-8.64043e-06
-8.70283e-06
-8.76967e-06
-8.8407e-06
-8.91548e-06
-8.99331e-06
-9.07304e-06
-9.15283e-06
-9.22998e-06
-9.3005e-06
-9.35637e-06
-9.38908e-06
-9.39276e-06
-9.36227e-06
-9.29322e-06
-9.18287e-06
-9.03059e-06
-8.83797e-06
-8.6105e-06
-8.36137e-06
-8.10249e-06
-7.84646e-06
-7.60884e-06
-7.40567e-06
-7.24938e-06
-7.14613e-06
-7.09532e-06
-7.08996e-06
-7.11813e-06
-7.16553e-06
-7.21814e-06
-7.26517e-06
-7.29925e-06
-8.23418e-06
-8.23841e-06
-8.24745e-06
-8.26112e-06
-8.27924e-06
-8.30179e-06
-8.32868e-06
-8.35993e-06
-8.39557e-06
-8.43568e-06
-8.48034e-06
-8.52965e-06
-8.58375e-06
-8.64274e-06
-8.70676e-06
-8.77591e-06
-8.8503e-06
-8.92989e-06
-9.01449e-06
-9.10342e-06
-9.19533e-06
-9.28735e-06
-9.37074e-06
-9.43456e-06
-9.47066e-06
-9.47156e-06
-9.43055e-06
-9.34301e-06
-9.2072e-06
-9.02468e-06
-8.80036e-06
-8.54568e-06
-8.27499e-06
-8.0044e-06
-7.75137e-06
-7.53253e-06
-7.36116e-06
-7.24487e-06
-7.18438e-06
-7.17362e-06
-7.20116e-06
-7.25257e-06
-7.31335e-06
-7.37414e-06
-7.43376e-06
-8.19213e-06
-8.19912e-06
-8.2092e-06
-8.22279e-06
-8.24007e-06
-8.2611e-06
-8.28598e-06
-8.31485e-06
-8.34789e-06
-8.3853e-06
-8.42732e-06
-8.47424e-06
-8.52639e-06
-8.58418e-06
-8.64814e-06
-8.71896e-06
-8.79753e-06
-8.88497e-06
-8.98257e-06
-9.09164e-06
-9.2131e-06
-9.34611e-06
-9.48025e-06
-9.59934e-06
-9.69055e-06
-9.74209e-06
-9.74324e-06
-9.6872e-06
-9.5713e-06
-9.39736e-06
-9.17123e-06
-8.90362e-06
-8.61001e-06
-8.3085e-06
-8.01895e-06
-7.76089e-06
-7.55101e-06
-7.40055e-06
-7.31345e-06
-7.28583e-06
-7.30704e-06
-7.36172e-06
-7.43318e-06
-7.5111e-06
-7.59604e-06
-8.14374e-06
-8.15356e-06
-8.16494e-06
-8.17879e-06
-8.19569e-06
-8.2158e-06
-8.23935e-06
-8.26663e-06
-8.29796e-06
-8.33369e-06
-8.37425e-06
-8.42011e-06
-8.47188e-06
-8.53036e-06
-8.59659e-06
-8.67202e-06
-8.7586e-06
-8.85899e-06
-8.97657e-06
-9.11537e-06
-9.2795e-06
-9.47102e-06
-9.67709e-06
-9.87314e-06
-1.00392e-05
-1.01574e-05
-1.02122e-05
-1.01962e-05
-1.01068e-05
-9.9457e-06
-9.71757e-06
-9.43397e-06
-9.11017e-06
-8.76579e-06
-8.42327e-06
-8.10596e-06
-7.83561e-06
-7.6292e-06
-7.49614e-06
-7.43647e-06
-7.44112e-06
-7.49353e-06
-7.57371e-06
-7.66893e-06
-7.78003e-06
-8.09228e-06
-8.10475e-06
-8.11742e-06
-8.13173e-06
-8.14856e-06
-8.16819e-06
-8.19096e-06
-8.21728e-06
-8.24763e-06
-8.28253e-06
-8.32258e-06
-8.36848e-06
-8.42117e-06
-8.48185e-06
-8.55217e-06
-8.63445e-06
-8.73194e-06
-8.84909e-06
-8.99183e-06
-9.16746e-06
-9.38393e-06
-9.64695e-06
-9.94044e-06
-1.02282e-05
-1.04807e-05
-1.06731e-05
-1.079e-05
-1.08226e-05
-1.07658e-05
-1.06254e-05
-1.03993e-05
-1.01004e-05
-9.74459e-06
-9.35234e-06
-8.94794e-06
-8.55856e-06
-8.21169e-06
-7.93158e-06
-7.73503e-06
-7.62799e-06
-7.6043e-06
-7.64668e-06
-7.73142e-06
-7.84264e-06
-7.98094e-06
-8.04027e-06
-8.05495e-06
-8.0688e-06
-8.08362e-06
-8.10053e-06
-8.11992e-06
-8.14221e-06
-8.16796e-06
-8.19779e-06
-8.23236e-06
-8.27247e-06
-8.31908e-06
-8.37341e-06
-8.43714e-06
-8.51254e-06
-8.60287e-06
-8.71273e-06
-8.84857e-06
-9.01912e-06
-9.23528e-06
-9.50916e-06
-9.85046e-06
-1.02391e-05
-1.06244e-05
-1.09663e-05
-1.12398e-05
-1.14289e-05
-1.15183e-05
-1.15007e-05
-1.1373e-05
-1.11499e-05
-1.08396e-05
-1.04563e-05
-1.00194e-05
-9.55391e-06
-9.08985e-06
-8.66001e-06
-8.29619e-06
-8.0238e-06
-7.85651e-06
-7.79291e-06
-7.81631e-06
-7.89979e-06
-8.02428e-06
-8.18986e-06
-7.9894e-06
-8.00592e-06
-8.02078e-06
-8.03606e-06
-8.0531e-06
-8.07233e-06
-8.09428e-06
-8.11963e-06
-8.14911e-06
-8.18356e-06
-8.22394e-06
-8.27146e-06
-8.32764e-06
-8.3946e-06
-8.47524e-06
-8.57376e-06
-8.69611e-06
-8.85078e-06
-9.04936e-06
-9.30656e-06
-9.63869e-06
-1.00595e-05
-1.05449e-05
-1.10295e-05
-1.14635e-05
-1.18165e-05
-1.2066e-05
-1.21992e-05
-1.22127e-05
-1.2108e-05
-1.18935e-05
-1.1578e-05
-1.11748e-05
-1.07021e-05
-1.01845e-05
-9.65297e-06
-9.14418e-06
-8.69642e-06
-8.34374e-06
-8.10854e-06
-7.99602e-06
-7.992e-06
-8.06777e-06
-8.20159e-06
-8.39297e-06
-7.94085e-06
-7.95887e-06
-7.97456e-06
-7.99023e-06
-8.00735e-06
-8.02642e-06
-8.04803e-06
-8.07296e-06
-8.10206e-06
-8.13632e-06
-8.17687e-06
-8.22511e-06
-8.2829e-06
-8.35273e-06
-8.43813e-06
-8.54414e-06
-8.67806e-06
-8.85029e-06
-9.07527e-06
-9.37153e-06
-9.7594e-06
-1.02561e-05
-1.08341e-05
-1.14119e-05
-1.19291e-05
-1.23499e-05
-1.2651e-05
-1.28222e-05
-1.28626e-05
-1.27753e-05
-1.25684e-05
-1.22508e-05
-1.18345e-05
-1.13364e-05
-1.07792e-05
-1.01938e-05
-9.61815e-06
-9.09507e-06
-8.66603e-06
-8.36198e-06
-8.19597e-06
-8.15828e-06
-8.22032e-06
-8.35886e-06
-8.57306e-06
-7.89536e-06
-7.91464e-06
-7.931e-06
-7.94697e-06
-7.9641e-06
-7.98291e-06
-8.00406e-06
-8.0284e-06
-8.05692e-06
-8.09069e-06
-8.13103e-06
-8.17954e-06
-8.23833e-06
-8.31029e-06
-8.39947e-06
-8.51173e-06
-8.65559e-06
-8.84322e-06
-9.09178e-06
-9.42364e-06
-9.86256e-06
-1.04283e-05
-1.1091e-05
-1.17522e-05
-1.23407e-05
-1.28171e-05
-1.31587e-05
-1.33576e-05
-1.34155e-05
-1.33382e-05
-1.31347e-05
-1.28144e-05
-1.23889e-05
-1.18733e-05
-1.12887e-05
-1.06641e-05
-1.00371e-05
-9.45251e-06
-8.95735e-06
-8.5896e-06
-8.37032e-06
-8.29579e-06
-8.33946e-06
-8.47813e-06
-8.71112e-06
-7.85338e-06
-7.87378e-06
-7.89073e-06
-7.9069e-06
-7.92393e-06
-7.94233e-06
-7.96281e-06
-7.98629e-06
-8.01384e-06
-8.04667e-06
-8.08622e-06
-8.1343e-06
-8.19326e-06
-8.26632e-06
-8.35803e-06
-8.475e-06
-8.62681e-06
-8.82727e-06
-9.09596e-06
-9.45913e-06
-9.94268e-06
-1.05712e-05
-1.13082e-05
-1.20417e-05
-1.26891e-05
-1.32087e-05
-1.35786e-05
-1.37938e-05
-1.38589e-05
-1.37829e-05
-1.35764e-05
-1.32499e-05
-1.28151e-05
-1.22862e-05
-1.16824e-05
-1.10306e-05
-1.03665e-05
-9.73459e-06
-9.18655e-06
-8.7638e-06
-8.49503e-06
-8.38338e-06
-8.40584e-06
-8.5406e-06
-8.78809e-06
-7.81523e-06
-7.83673e-06
-7.85421e-06
-7.87051e-06
-7.88731e-06
-7.90511e-06
-7.92464e-06
-7.94688e-06
-7.97298e-06
-8.00426e-06
-8.04232e-06
-8.08912e-06
-8.14725e-06
-8.22024e-06
-8.31311e-06
-8.4331e-06
-8.59079e-06
-8.80146e-06
-9.08665e-06
-9.47597e-06
-9.99833e-06
-1.06836e-05
-1.14853e-05
-1.22793e-05
-1.29739e-05
-1.35252e-05
-1.39125e-05
-1.41335e-05
-1.41963e-05
-1.41129e-05
-1.3896e-05
-1.35579e-05
-1.31108e-05
-1.25686e-05
-1.19492e-05
-1.12771e-05
-1.05856e-05
-9.9171e-06
-9.32893e-06
-8.86065e-06
-8.54762e-06
-8.40043e-06
-8.4004e-06
-8.52814e-06
-8.78613e-06
-7.78115e-06
-7.80384e-06
-7.82185e-06
-7.83823e-06
-7.85466e-06
-7.87163e-06
-7.88986e-06
-7.9104e-06
-7.93447e-06
-7.96352e-06
-7.99926e-06
-8.04384e-06
-8.10007e-06
-8.17178e-06
-8.2644e-06
-8.38578e-06
-8.5474e-06
-8.76589e-06
-9.06451e-06
-9.47432e-06
-1.00321e-05
-1.07666e-05
-1.16243e-05
-1.24687e-05
-1.32005e-05
-1.37738e-05
-1.41693e-05
-1.43876e-05
-1.444e-05
-1.43414e-05
-1.41071e-05
-1.3751e-05
-1.32865e-05
-1.27276e-05
-1.20915e-05
-1.14013e-05
-1.06875e-05
-9.9885e-06
-9.36584e-06
-8.86093e-06
-8.50894e-06
-8.32859e-06
-8.30585e-06
-8.42434e-06
-8.68956e-06
-7.75144e-06
-7.77546e-06
-7.79405e-06
-7.81045e-06
-7.82638e-06
-7.84224e-06
-7.85878e-06
-7.8771e-06
-7.89852e-06
-7.92457e-06
-7.95711e-06
-7.99847e-06
-8.0517e-06
-8.12091e-06
-8.21194e-06
-8.3332e-06
-8.497e-06
-8.72123e-06
-9.03083e-06
-9.45834e-06
-1.00466e-05
-1.08225e-05
-1.17291e-05
-1.26161e-05
-1.33771e-05
-1.39649e-05
-1.43616e-05
-1.45706e-05
-1.46061e-05
-1.44859e-05
-1.42275e-05
-1.38468e-05
-1.33585e-05
-1.27772e-05
-1.21198e-05
-1.14082e-05
-1.06719e-05
-9.94724e-06
-9.28904e-06
-8.75045e-06
-8.36412e-06
-8.15299e-06
-8.10772e-06
-8.21529e-06
-8.48529e-06
-7.72643e-06
-7.75201e-06
-7.77126e-06
-7.78764e-06
-7.80288e-06
-7.81734e-06
-7.83175e-06
-7.84727e-06
-7.86532e-06
-7.88755e-06
-7.91598e-06
-7.95313e-06
-8.00226e-06
-8.06782e-06
-8.15601e-06
-8.27582e-06
-8.44034e-06
-8.66857e-06
-8.98724e-06
-9.4309e-06
-1.00441e-05
-1.08558e-05
-1.1806e-05
-1.2729e-05
-1.35129e-05
-1.41097e-05
-1.45025e-05
-1.46973e-05
-1.4711e-05
-1.45638e-05
-1.42754e-05
-1.38636e-05
-1.33443e-05
-1.27331e-05
-1.20471e-05
-1.13076e-05
-1.05434e-05
-9.79093e-06
-9.09635e-06
-8.5235e-06
-8.10407e-06
-7.86278e-06
-7.79466e-06
-7.88982e-06
-8.16281e-06
-7.70653e-06
-7.73395e-06
-7.75395e-06
-7.77026e-06
-7.78463e-06
-7.79732e-06
-7.8091e-06
-7.82119e-06
-7.8351e-06
-7.85265e-06
-7.87604e-06
-7.90798e-06
-7.95199e-06
-8.01282e-06
-8.09709e-06
-8.21432e-06
-8.37833e-06
-8.60921e-06
-8.93527e-06
-9.39311e-06
-1.00281e-05
-1.08719e-05
-1.18608e-05
-1.28148e-05
-1.3617e-05
-1.42185e-05
-1.46038e-05
-1.47808e-05
-1.47689e-05
-1.45903e-05
-1.42666e-05
-1.38173e-05
-1.32595e-05
-1.261e-05
-1.18864e-05
-1.11098e-05
-1.03091e-05
-9.52154e-06
-8.78851e-06
-8.17631e-06
-7.7226e-06
-7.45007e-06
-7.35811e-06
-7.4392e-06
-7.71386e-06
-7.69227e-06
-7.72183e-06
-7.74271e-06
-7.75887e-06
-7.77211e-06
-7.78263e-06
-7.79119e-06
-7.79912e-06
-7.80808e-06
-7.82006e-06
-7.83747e-06
-7.86324e-06
-7.90118e-06
-7.95634e-06
-8.03574e-06
-8.14945e-06
-8.31203e-06
-8.54454e-06
-8.87673e-06
-9.34703e-06
-1.00019e-05
-1.08756e-05
-1.18986e-05
-1.28797e-05
-1.36971e-05
-1.43005e-05
-1.46756e-05
-1.48323e-05
-1.47918e-05
-1.4578e-05
-1.42141e-05
-1.37209e-05
-1.3117e-05
-1.242e-05
-1.16484e-05
-1.08243e-05
-9.97664e-06
-9.14336e-06
-8.36682e-06
-7.70925e-06
-7.2152e-06
-6.90922e-06
-6.79201e-06
-6.85701e-06
-7.1324e-06
-7.68423e-06
-7.71629e-06
-7.73815e-06
-7.75406e-06
-7.76586e-06
-7.77369e-06
-7.77836e-06
-7.78132e-06
-7.78443e-06
-7.78992e-06
-7.80042e-06
-7.81912e-06
-7.85012e-06
-7.89879e-06
-7.97257e-06
-8.08205e-06
-8.2425e-06
-8.47593e-06
-8.81338e-06
-9.29501e-06
-9.96853e-06
-1.08698e-05
-1.19242e-05
-1.29297e-05
-1.37596e-05
-1.4363e-05
-1.47262e-05
-1.48606e-05
-1.47889e-05
-1.45365e-05
-1.41278e-05
-1.35846e-05
-1.29266e-05
-1.21727e-05
-1.13424e-05
-1.0459e-05
-9.55234e-06
-8.66104e-06
-7.83276e-06
-7.12356e-06
-6.58151e-06
-6.23736e-06
-6.09266e-06
-6.13869e-06
-6.41454e-06
-7.68313e-06
-7.71807e-06
-7.74102e-06
-7.75649e-06
-7.76645e-06
-7.77095e-06
-7.77091e-06
-7.76798e-06
-7.76427e-06
-7.7623e-06
-7.76498e-06
-7.77575e-06
-7.79906e-06
-7.84059e-06
-7.90816e-06
-8.0129e-06
-8.17076e-06
-8.40466e-06
-8.74688e-06
-9.2391e-06
-9.93025e-06
-1.08574e-05
-1.19411e-05
-1.2969e-05
-1.38097e-05
-1.44115e-05
-1.47614e-05
-1.4872e-05
-1.4767e-05
-1.44729e-05
-1.40148e-05
-1.34155e-05
-1.26957e-05
-1.18752e-05
-1.09751e-05
-1.00203e-05
-9.04213e-06
-8.08107e-06
-7.18751e-06
-6.41787e-06
-5.82399e-06
-5.43418e-06
-5.2584e-06
-5.28098e-06
-5.55794e-06
-7.6898e-06
-7.72803e-06
-7.75212e-06
-7.7669e-06
-7.77445e-06
-7.77483e-06
-7.7691e-06
-7.75921e-06
-7.74761e-06
-7.73717e-06
-7.73115e-06
-7.73323e-06
-7.7482e-06
-7.78209e-06
-7.84306e-06
-7.94274e-06
-8.09776e-06
-8.3319e-06
-8.6786e-06
-9.18098e-06
-9.88908e-06
-1.0841e-05
-1.19524e-05
-1.30011e-05
-1.38512e-05
-1.44503e-05
-1.47859e-05
-1.48712e-05
-1.47309e-05
-1.4392e-05
-1.38802e-05
-1.3219e-05
-1.24295e-05
-1.1533e-05
-1.0552e-05
-9.51338e-06
-8.45079e-06
-7.40724e-06
-6.43571e-06
-5.59538e-06
-4.94185e-06
-4.50117e-06
-4.28948e-06
-4.28426e-06
-4.55911e-06
-7.70519e-06
-7.74715e-06
-7.7724e-06
-7.78607e-06
-7.79047e-06
-7.78571e-06
-7.77311e-06
-7.75502e-06
-7.73435e-06
-7.7144e-06
-7.6988e-06
-7.69154e-06
-7.69765e-06
-7.72356e-06
-7.77771e-06
-7.87222e-06
-8.02433e-06
-8.25867e-06
-8.60973e-06
-9.12202e-06
-9.84661e-06
-1.08224e-05
-1.19602e-05
-1.30282e-05
-1.38866e-05
-1.44821e-05
-1.48024e-05
-1.48612e-05
-1.46837e-05
-1.42971e-05
-1.37275e-05
-1.29985e-05
-1.2132e-05
-1.11503e-05
-1.00776e-05
-8.94311e-06
-7.78322e-06
-6.64412e-06
-5.58211e-06
-4.66017e-06
-3.93716e-06
-3.43999e-06
-3.18388e-06
-3.15664e-06
-3.41474e-06
-7.73042e-06
-7.77659e-06
-7.8029e-06
-7.81486e-06
-7.81512e-06
-7.80393e-06
-7.78303e-06
-7.75533e-06
-7.72429e-06
-7.69376e-06
-7.6677e-06
-7.65052e-06
-7.64747e-06
-7.66519e-06
-7.71249e-06
-7.80188e-06
-7.95119e-06
-8.18582e-06
-8.54127e-06
-9.06335e-06
-9.80406e-06
-1.08029e-05
-1.19659e-05
-1.30522e-05
-1.39179e-05
-1.45088e-05
-1.48128e-05
-1.48439e-05
-1.46273e-05
-1.41903e-05
-1.35589e-05
-1.27568e-05
-1.18064e-05
-1.07309e-05
-9.55635e-06
-8.31443e-06
-7.04481e-06
-5.79739e-06
-4.63241e-06
-3.61671e-06
-2.8145e-06
-2.25585e-06
-1.9507e-06
-1.89687e-06
-2.12682e-06
-7.76683e-06
-7.8177e-06
-7.84483e-06
-7.85422e-06
-7.84901e-06
-7.82976e-06
-7.79885e-06
-7.7599e-06
-7.71711e-06
-7.67489e-06
-7.63758e-06
-7.61002e-06
-7.59758e-06
-7.60709e-06
-7.64766e-06
-7.73216e-06
-7.87891e-06
-8.11405e-06
-8.47401e-06
-9.00584e-06
-9.76235e-06
-1.07836e-05
-1.19707e-05
-1.3074e-05
-1.3946e-05
-1.45315e-05
-1.48183e-05
-1.48204e-05
-1.45629e-05
-1.4073e-05
-1.33762e-05
-1.24962e-05
-1.14556e-05
-1.02785e-05
-8.99283e-06
-7.63291e-06
-6.24188e-06
-4.87377e-06
-3.59333e-06
-2.47198e-06
-1.58129e-06
-9.54051e-07
-5.95293e-07
-5.10931e-07
-7.03364e-07
-7.81603e-06
-7.87207e-06
-7.89956e-06
-7.90514e-06
-7.89269e-06
-7.86335e-06
-7.82038e-06
-7.76835e-06
-7.71237e-06
-7.65732e-06
-7.60812e-06
-7.56979e-06
-7.54787e-06
-7.54932e-06
-7.58343e-06
-7.66339e-06
-7.80796e-06
-8.04391e-06
-8.40857e-06
-8.95013e-06
-9.72214e-06
-1.0765e-05
-1.19751e-05
-1.30943e-05
-1.39716e-05
-1.45508e-05
-1.48193e-05
-1.47913e-05
-1.44913e-05
-1.39461e-05
-1.31807e-05
-1.22185e-05
-1.10823e-05
-9.79706e-06
-8.39233e-06
-6.90509e-06
-5.38207e-06
-3.88165e-06
-2.47344e-06
-1.23416e-06
-2.44632e-07
4.5985e-07
8.81361e-07
1.00489e-06
8.4807e-07
-7.87999e-06
-7.94163e-06
-7.96866e-06
-7.96867e-06
-7.94669e-06
-7.90476e-06
-7.8473e-06
-7.78022e-06
-7.7095e-06
-7.6406e-06
-7.5789e-06
-7.52957e-06
-7.49824e-06
-7.49189e-06
-7.51996e-06
-7.59584e-06
-7.73868e-06
-7.97583e-06
-8.34542e-06
-8.89672e-06
-9.6839e-06
-1.07477e-05
-1.19795e-05
-1.31135e-05
-1.39949e-05
-1.45668e-05
-1.48162e-05
-1.47568e-05
-1.44128e-05
-1.38103e-05
-1.29737e-05
-1.1926e-05
-1.06899e-05
-9.29116e-06
-7.7609e-06
-6.13863e-06
-4.4745e-06
-2.83125e-06
-1.28356e-06
8.60616e-08
1.18694e-06
1.97729e-06
2.47257e-06
2.64592e-06
2.52799e-06
-7.96118e-06
-8.02866e-06
-8.05392e-06
-8.04592e-06
-8.01142e-06
-7.9538e-06
-7.87915e-06
-7.79492e-06
-7.70784e-06
-7.62415e-06
-7.54951e-06
-7.48912e-06
-7.44858e-06
-7.43485e-06
-7.45736e-06
-7.52972e-06
-7.67136e-06
-7.91013e-06
-8.2849e-06
-8.84593e-06
-9.64794e-06
-1.07318e-05
-1.19843e-05
-1.31316e-05
-1.40162e-05
-1.45798e-05
-1.48089e-05
-1.47171e-05
-1.43278e-05
-1.36664e-05
-1.27566e-05
-1.16208e-05
-1.02818e-05
-8.76583e-06
-7.10544e-06
-5.34235e-06
-3.52986e-06
-1.73481e-06
-3.70712e-08
1.47467e-06
2.70215e-06
3.58724e-06
4.16129e-06
4.39491e-06
4.332e-06
-8.06263e-06
-8.13592e-06
-8.15733e-06
-8.13796e-06
-8.0871e-06
-8.01012e-06
-7.91537e-06
-7.81163e-06
-7.70672e-06
-7.60746e-06
-7.51958e-06
-7.44823e-06
-7.39884e-06
-7.37822e-06
-7.39576e-06
-7.4652e-06
-7.60622e-06
-7.84706e-06
-8.22725e-06
-8.79799e-06
-9.61442e-06
-1.07176e-05
-1.19893e-05
-1.31488e-05
-1.40352e-05
-1.45895e-05
-1.47975e-05
-1.46723e-05
-1.42367e-05
-1.35152e-05
-1.25309e-05
-1.13055e-05
-9.86182e-06
-8.22662e-06
-6.43353e-06
-4.52607e-06
-2.56021e-06
-6.06363e-07
1.25035e-06
2.91412e-06
4.28399e-06
5.28314e-06
5.93783e-06
6.24181e-06
6.24295e-06
-8.18822e-06
-8.26674e-06
-8.2811e-06
-8.24576e-06
-8.17371e-06
-8.07319e-06
-7.955e-06
-7.82948e-06
-7.70547e-06
-7.59004e-06
-7.48885e-06
-7.40679e-06
-7.34903e-06
-7.32211e-06
-7.33533e-06
-7.40248e-06
-7.54344e-06
-7.78678e-06
-8.17262e-06
-8.75302e-06
-9.58345e-06
-1.07049e-05
-1.19946e-05
-1.31649e-05
-1.40521e-05
-1.45961e-05
-1.4782e-05
-1.46226e-05
-1.41399e-05
-1.33577e-05
-1.22981e-05
-1.09827e-05
-9.43408e-06
-7.67942e-06
-5.75323e-06
-3.70038e-06
-1.5787e-06
5.38603e-07
2.56189e-06
4.38817e-06
5.91189e-06
7.04719e-06
7.79235e-06
8.17877e-06
8.2538e-06
-8.34291e-06
-8.4251e-06
-8.42758e-06
-8.37008e-06
-8.27091e-06
-8.14207e-06
-7.99694e-06
-7.84758e-06
-7.70341e-06
-7.57147e-06
-7.45711e-06
-7.36478e-06
-7.29922e-06
-7.26667e-06
-7.27622e-06
-7.34171e-06
-7.48317e-06
-7.72941e-06
-8.12111e-06
-8.71107e-06
-9.55502e-06
-1.06939e-05
-1.20002e-05
-1.318e-05
-1.40668e-05
-1.45994e-05
-1.47626e-05
-1.45683e-05
-1.40381e-05
-1.31948e-05
-1.20602e-05
-1.06552e-05
-9.00278e-06
-7.13027e-06
-5.07286e-06
-2.87621e-06
-5.99198e-07
1.68338e-06
3.87874e-06
5.87797e-06
7.56801e-06
8.85489e-06
9.7094e-06
1.01917e-05
1.03566e-05
-8.53324e-06
-8.61575e-06
-8.59916e-06
-8.51132e-06
-8.37792e-06
-8.21538e-06
-8.03998e-06
-7.86497e-06
-7.69992e-06
-7.55146e-06
-7.42431e-06
-7.32229e-06
-7.24961e-06
-7.21211e-06
-7.21865e-06
-7.28308e-06
-7.42556e-06
-7.67507e-06
-8.07275e-06
-8.67214e-06
-9.5291e-06
-1.06843e-05
-1.2006e-05
-1.31938e-05
-1.40791e-05
-1.45995e-05
-1.47392e-05
-1.45097e-05
-1.39318e-05
-1.30279e-05
-1.18189e-05
-1.0326e-05
-8.57213e-06
-6.58511e-06
-4.40058e-06
-2.0645e-06
3.64165e-07
2.8104e-06
5.18008e-06
7.36005e-06
9.22887e-06
1.06827e-05
1.16718e-05
1.22657e-05
1.25419e-05
-8.76795e-06
-8.84426e-06
-8.79802e-06
-8.66937e-06
-8.4932e-06
-8.29153e-06
-8.08273e-06
-7.88071e-06
-7.69451e-06
-7.52985e-06
-7.39051e-06
-7.27951e-06
-7.20043e-06
-7.15869e-06
-7.16285e-06
-7.22678e-06
-7.37073e-06
-7.6238e-06
-8.02756e-06
-8.63619e-06
-9.50562e-06
-1.06762e-05
-1.20118e-05
-1.32065e-05
-1.40892e-05
-1.45966e-05
-1.47123e-05
-1.44473e-05
-1.3822e-05
-1.2858e-05
-1.15763e-05
-9.99787e-06
-8.14615e-06
-6.04959e-06
-3.74417e-06
-1.27573e-06
1.29753e-06
3.90188e-06
6.44397e-06
8.80878e-06
1.08673e-05
1.25046e-05
1.36564e-05
1.43841e-05
1.48015e-05
-9.05911e-06
-9.11692e-06
-9.02561e-06
-8.84283e-06
-8.61491e-06
-8.36846e-06
-8.12373e-06
-7.89397e-06
-7.68684e-06
-7.50663e-06
-7.3559e-06
-7.23674e-06
-7.15202e-06
-7.1067e-06
-7.10907e-06
-7.17298e-06
-7.3188e-06
-7.57566e-06
-7.98552e-06
-8.60314e-06
-9.48446e-06
-1.06695e-05
-1.20177e-05
-1.32179e-05
-1.40969e-05
-1.45906e-05
-1.4682e-05
-1.43816e-05
-1.37093e-05
-1.26865e-05
-1.1334e-05
-9.67336e-06
-7.72856e-06
-5.52884e-06
-3.11067e-06
-5.19526e-07
2.18787e-06
4.94049e-06
7.64808e-06
1.0197e-05
1.24535e-05
1.42916e-05
1.56312e-05
1.65259e-05
1.71288e-05
-9.42378e-06
-9.44065e-06
-9.28261e-06
-9.02977e-06
-8.7398e-06
-8.44386e-06
-8.16153e-06
-7.90404e-06
-7.67673e-06
-7.48196e-06
-7.32081e-06
-7.19434e-06
-7.10472e-06
-7.05646e-06
-7.05756e-06
-7.12187e-06
-7.26985e-06
-7.53066e-06
-7.94658e-06
-8.57292e-06
-9.46552e-06
-1.06639e-05
-1.20234e-05
-1.3228e-05
-1.41025e-05
-1.45819e-05
-1.46487e-05
-1.43131e-05
-1.35946e-05
-1.25145e-05
-1.10939e-05
-9.35491e-06
-7.32261e-06
-5.02731e-06
-2.50613e-06
1.95783e-07
3.0236e-06
5.91014e-06
8.77049e-06
1.14961e-05
1.39533e-05
1.60086e-05
1.75606e-05
1.86626e-05
1.95183e-05
-9.88617e-06
-9.82219e-06
-9.56687e-06
-9.22638e-06
-8.86433e-06
-8.51526e-06
-8.19486e-06
-7.91049e-06
-7.66426e-06
-7.45616e-06
-7.28566e-06
-7.15275e-06
-7.05893e-06
-7.00829e-06
-7.00855e-06
-7.07359e-06
-7.22397e-06
-7.4888e-06
-7.91068e-06
-8.54539e-06
-9.44865e-06
-1.06594e-05
-1.2029e-05
-1.32368e-05
-1.4106e-05
-1.45707e-05
-1.46127e-05
-1.42423e-05
-1.34787e-05
-1.23433e-05
-1.08575e-05
-9.04463e-06
-6.93108e-06
-4.54865e-06
-1.93545e-06
8.63431e-07
3.79509e-06
6.79677e-06
9.79074e-06
1.26773e-05
1.53287e-05
1.76109e-05
1.94012e-05
2.07569e-05
2.1968e-05
-1.04802e-05
-1.02634e-05
-9.87563e-06
-9.42655e-06
-8.98408e-06
-8.58023e-06
-8.2227e-06
-7.91316e-06
-7.6497e-06
-7.42967e-06
-7.25092e-06
-7.1124e-06
-7.01502e-06
-6.96247e-06
-6.96226e-06
-7.02827e-06
-7.18119e-06
-7.45006e-06
-7.87773e-06
-8.52044e-06
-9.43371e-06
-1.06558e-05
-1.20345e-05
-1.32445e-05
-1.41076e-05
-1.45571e-05
-1.45746e-05
-1.417e-05
-1.33625e-05
-1.21739e-05
-1.06263e-05
-8.74437e-06
-6.55632e-06
-4.09582e-06
-1.40247e-06
1.4782e-06
4.49478e-06
7.58883e-06
1.06907e-05
1.37127e-05
1.65389e-05
1.90455e-05
2.10932e-05
2.27543e-05
2.44754e-05
-1.12522e-05
-1.07591e-05
-1.01968e-05
-9.62228e-06
-9.0941e-06
-8.63646e-06
-8.24434e-06
-7.91213e-06
-7.63346e-06
-7.40301e-06
-7.21708e-06
-7.07373e-06
-6.97332e-06
-6.91927e-06
-6.91884e-06
-6.98599e-06
-7.14153e-06
-7.41439e-06
-7.84765e-06
-8.49796e-06
-9.4206e-06
-1.06531e-05
-1.20396e-05
-1.32509e-05
-1.41073e-05
-1.45415e-05
-1.45346e-05
-1.40966e-05
-1.32468e-05
-1.20073e-05
-1.04016e-05
-8.4558e-06
-6.20036e-06
-3.67129e-06
-9.1027e-07
2.03606e-06
5.11687e-06
8.27715e-06
1.14549e-05
1.45758e-05
1.75413e-05
2.02497e-05
2.25553e-05
2.45656e-05
2.70179e-05
-1.22461e-05
-1.12982e-05
-1.05133e-05
-9.80336e-06
-9.18928e-06
-8.68202e-06
-8.2595e-06
-7.90777e-06
-7.6161e-06
-7.37671e-06
-7.1846e-06
-7.03708e-06
-6.93411e-06
-6.87884e-06
-6.8784e-06
-6.94678e-06
-7.10495e-06
-7.3817e-06
-7.82031e-06
-8.4778e-06
-9.40916e-06
-1.06512e-05
-1.20444e-05
-1.3256e-05
-1.41052e-05
-1.45239e-05
-1.44929e-05
-1.40224e-05
-1.31319e-05
-1.18442e-05
-1.01841e-05
-8.17975e-06
-5.86415e-06
-3.27616e-06
-4.60137e-07
2.53526e-06
5.65852e-06
8.85637e-06
1.20725e-05
1.52446e-05
1.82939e-05
2.11525e-05
2.36816e-05
2.60566e-05
2.95391e-05
-1.35546e-05
-1.18637e-05
-1.08014e-05
-9.95876e-06
-9.26626e-06
-8.71687e-06
-8.26932e-06
-7.90144e-06
-7.59883e-06
-7.35177e-06
-7.15424e-06
-7.00302e-06
-6.89774e-06
-6.84141e-06
-6.84099e-06
-6.91058e-06
-7.07128e-06
-7.35173e-06
-7.79538e-06
-8.45962e-06
-9.39911e-06
-1.06499e-05
-1.2049e-05
-1.32604e-05
-1.41019e-05
-1.45049e-05
-1.44502e-05
-1.39478e-05
-1.30179e-05
-1.16841e-05
-9.97278e-06
-7.91438e-06
-5.5449e-06
-2.90652e-06
-4.69701e-08
2.98205e-06
6.12681e-06
9.33332e-06
1.25473e-05
1.57136e-05
1.877e-05
2.16855e-05
2.43454e-05
2.70745e-05
3.20488e-05
-1.52849e-05
-1.24189e-05
-1.10266e-05
-1.00782e-05
-9.32605e-06
-8.74466e-06
-8.27759e-06
-7.89638e-06
-7.58421e-06
-7.33013e-06
-7.12747e-06
-6.97262e-06
-6.865e-06
-6.80751e-06
-6.80698e-06
-6.87756e-06
-7.04052e-06
-7.32431e-06
-7.77254e-06
-8.44298e-06
-9.39002e-06
-1.0649e-05
-1.20538e-05
-1.32649e-05
-1.4099e-05
-1.44867e-05
-1.44086e-05
-1.38751e-05
-1.29067e-05
-1.15282e-05
-9.76772e-06
-7.65825e-06
-5.23906e-06
-2.55609e-06
3.38876e-07
3.3901e-06
6.54e-06
9.73108e-06
1.29063e-05
1.60095e-05
1.89807e-05
2.18043e-05
2.43865e-05
2.73809e-05
3.45296e-05
-1.67343e-05
-1.27533e-05
-1.11263e-05
-1.01411e-05
-9.36334e-06
-8.7631e-06
-8.28253e-06
-7.89091e-06
-7.57073e-06
-7.31051e-06
-7.10325e-06
-6.94515e-06
-6.83548e-06
-6.77707e-06
-6.77661e-06
-6.8483e-06
-7.01354e-06
-7.30055e-06
-7.75302e-06
-8.429e-06
-9.38262e-06
-1.06485e-05
-1.2058e-05
-1.32685e-05
-1.40957e-05
-1.44696e-05
-1.43705e-05
-1.3809e-05
-1.28064e-05
-1.13885e-05
-9.58507e-06
-7.43181e-06
-4.97121e-06
-2.25307e-06
6.66601e-07
3.72747e-06
6.86693e-06
1.00218e-05
1.31276e-05
1.61171e-05
1.89112e-05
2.14504e-05
2.35631e-05
2.5979e-05
3.32515e-05
)
;

boundaryField
{
    inlet
    {
        type            uniformJump;
        patchType       cyclic;
        jump            uniform -2.5e-05;
        value           nonuniform List<scalar> 
40
(
1.03255e-06
1.05055e-06
1.06979e-06
1.08955e-06
1.11146e-06
1.13697e-06
1.16814e-06
1.2083e-06
1.2622e-06
1.33547e-06
1.43334e-06
1.55937e-06
1.71525e-06
1.90045e-06
2.10782e-06
2.32848e-06
2.55113e-06
2.7577e-06
2.92785e-06
3.05377e-06
3.12873e-06
3.16119e-06
3.19384e-06
3.22672e-06
3.262e-06
3.29888e-06
3.33464e-06
3.36702e-06
3.39488e-06
3.41803e-06
3.43695e-06
3.45235e-06
3.46498e-06
3.47545e-06
3.48425e-06
3.49171e-06
3.49808e-06
3.5036e-06
3.50867e-06
3.5132e-06
)
;
        jumpTable       table;
        jumpTableCoeffs
        {
            values          
4
(
(0 -2.5e-05)
(25 -2.5e-05)
(25.5 -0.0001)
(26 -2.5e-05)
)
;
        }
    }
    outlet
    {
        type            uniformJump;
        patchType       cyclic;
        value           nonuniform List<scalar> 
40
(
-2.39675e-05
-2.39494e-05
-2.39302e-05
-2.39104e-05
-2.38885e-05
-2.3863e-05
-2.38319e-05
-2.37917e-05
-2.37378e-05
-2.36645e-05
-2.35667e-05
-2.34406e-05
-2.32847e-05
-2.30996e-05
-2.28922e-05
-2.26715e-05
-2.24489e-05
-2.22423e-05
-2.20721e-05
-2.19462e-05
-2.18713e-05
-2.18388e-05
-2.18062e-05
-2.17733e-05
-2.1738e-05
-2.17011e-05
-2.16654e-05
-2.1633e-05
-2.16051e-05
-2.1582e-05
-2.15631e-05
-2.15477e-05
-2.1535e-05
-2.15245e-05
-2.15157e-05
-2.15083e-05
-2.15019e-05
-2.14964e-05
-2.14913e-05
-2.14868e-05
)
;
    }
    Walls
    {
        type            zeroGradient;
    }
    back
    {
        type            empty;
    }
    front
    {
        type            empty;
    }
}


// ************************************************************************* //
