/*--------------------------------*- C++ -*----------------------------------*\
| =========                 |                                                 |
| \\      /  F ield         | OpenFOAM: The Open Source CFD Toolbox           |
|  \\    /   O peration     | Version:  2312                                  |
|   \\  /    A nd           | Website:  www.openfoam.com                      |
|    \\/     M anipulation  |                                                 |
\*---------------------------------------------------------------------------*/
FoamFile
{
    version     2.0;
    format      ascii;
    arch        "LSB;label=32;scalar=64";
    class       volScalarField;
    location    "187.75";
    object      p;
}
// * * * * * * * * * * * * * * * * * * * * * * * * * * * * * * * * * * * * * //

dimensions      [0 2 -2 0 0 0 0];

internalField   nonuniform List<scalar> 
4800
(
6.1772e-14
-1.77879e-06
-3.25518e-06
-4.49574e-06
-5.54827e-06
-6.44893e-06
-7.22583e-06
-7.90068e-06
-8.49752e-06
-9.02694e-06
-9.49857e-06
-9.91819e-06
-1.02815e-05
-1.08188e-05
-1.24872e-05
2.00745e-08
-1.75452e-06
-3.22808e-06
-4.46706e-06
-5.5191e-06
-6.42066e-06
-7.20006e-06
-7.87945e-06
-8.48303e-06
-9.02288e-06
-9.51384e-06
-9.97563e-06
-1.04255e-05
-1.0972e-05
-1.18677e-05
4.15876e-08
-1.72849e-06
-3.19912e-06
-4.43654e-06
-5.48828e-06
-6.39063e-06
-7.17256e-06
-7.8541e-06
-8.46227e-06
-9.01002e-06
-9.51238e-06
-9.99023e-06
-1.04553e-05
-1.09189e-05
-1.13625e-05
6.3893e-08
-1.70103e-06
-3.1682e-06
-4.40358e-06
-5.45445e-06
-6.35687e-06
-7.14002e-06
-7.82319e-06
-8.43198e-06
-8.9814e-06
-9.48235e-06
-9.9466e-06
-1.03699e-05
-1.07234e-05
-1.094e-05
8.87459e-08
-1.67002e-06
-3.13293e-06
-4.36547e-06
-5.41462e-06
-6.31605e-06
-7.09848e-06
-7.78203e-06
-8.38692e-06
-8.92954e-06
-9.41571e-06
-9.84603e-06
-1.02051e-05
-1.04562e-05
-1.05459e-05
1.1763e-07
-1.63385e-06
-3.09147e-06
-4.32016e-06
-5.36639e-06
-6.26527e-06
-7.04459e-06
-7.72435e-06
-8.32076e-06
-8.84742e-06
-9.3059e-06
-9.68957e-06
-9.98024e-06
-1.015e-05
-1.01719e-05
1.52552e-07
-1.59044e-06
-3.04154e-06
-4.26499e-06
-5.30661e-06
-6.20063e-06
-6.97356e-06
-7.64415e-06
-8.22593e-06
-8.72798e-06
-9.14905e-06
-9.48078e-06
-9.70934e-06
-9.82106e-06
-9.81e-06
1.96861e-07
-1.53636e-06
-2.97945e-06
-4.19584e-06
-5.2305e-06
-6.11653e-06
-6.87884e-06
-7.5345e-06
-8.09467e-06
-8.56503e-06
-8.94393e-06
-9.22562e-06
-9.40392e-06
-9.47771e-06
-9.45313e-06
2.55548e-07
-1.46647e-06
-2.89969e-06
-4.10665e-06
-5.13132e-06
-6.00547e-06
-6.75228e-06
-7.38724e-06
-7.91973e-06
-8.35443e-06
-8.69144e-06
-8.93e-06
-9.0715e-06
-9.12311e-06
-9.09624e-06
3.35008e-07
-1.37389e-06
-2.79477e-06
-3.98928e-06
-5.00025e-06
-5.85809e-06
-6.58443e-06
-7.19371e-06
-7.69486e-06
-8.09346e-06
-8.39299e-06
-8.59793e-06
-8.71529e-06
-8.75662e-06
-8.73464e-06
4.4214e-07
-1.25058e-06
-2.65564e-06
-3.83383e-06
-4.82679e-06
-5.66373e-06
-6.36523e-06
-6.94556e-06
-7.41456e-06
-7.78e-06
-8.04923e-06
-8.23072e-06
-8.33489e-06
-8.37485e-06
-8.36279e-06
5.83283e-07
-1.08831e-06
-2.47258e-06
-3.62954e-06
-4.59973e-06
-5.41146e-06
-6.08502e-06
-6.63541e-06
-7.07433e-06
-7.4122e-06
-7.65935e-06
-7.827e-06
-7.92697e-06
-7.97228e-06
-7.9739e-06
7.63476e-07
-8.79324e-07
-2.23597e-06
-3.36571e-06
-4.30813e-06
-5.09111e-06
-5.73532e-06
-6.25711e-06
-6.67023e-06
-6.98738e-06
-7.22085e-06
-7.38308e-06
-7.48605e-06
-7.54177e-06
-7.55992e-06
9.85609e-07
-6.17036e-07
-1.93677e-06
-3.03213e-06
-3.94182e-06
-4.69352e-06
-5.30865e-06
-5.80495e-06
-6.19784e-06
-6.50142e-06
-6.72883e-06
-6.89265e-06
-7.00426e-06
-7.07442e-06
-7.11149e-06
1.25077e-06
-2.97087e-07
-1.56764e-06
-2.61995e-06
-3.49178e-06
-4.21039e-06
-4.79775e-06
-5.27253e-06
-5.65091e-06
-5.94746e-06
-6.17522e-06
-6.34618e-06
-6.47075e-06
-6.55839e-06
-6.61633e-06
1.55967e-06
8.25612e-08
-1.12433e-06
-2.12333e-06
-2.95137e-06
-3.63493e-06
-4.19582e-06
-4.65264e-06
-5.0214e-06
-5.31612e-06
-5.5491e-06
-5.73128e-06
-5.87198e-06
-5.97941e-06
-6.05987e-06
1.90823e-06
5.24259e-07
-6.05114e-07
-1.54065e-06
-2.31798e-06
-2.96334e-06
-3.49776e-06
-3.93873e-06
-4.30098e-06
-4.59726e-06
-4.8386e-06
-5.03467e-06
-5.19362e-06
-5.3225e-06
-5.42682e-06
2.27925e-06
1.02209e-06
-1.51831e-08
-8.76388e-07
-1.59502e-06
-2.19724e-06
-2.70301e-06
-3.12778e-06
-3.48416e-06
-3.783e-06
-4.03374e-06
-4.24463e-06
-4.42262e-06
-4.5737e-06
-4.70266e-06
2.65112e-06
1.55019e-06
6.26555e-07
-1.46915e-07
-7.97539e-07
-1.34983e-06
-1.82205e-06
-2.22719e-06
-2.57525e-06
-2.87479e-06
-3.13336e-06
-3.35765e-06
-3.5534e-06
-3.72561e-06
-3.87842e-06
3.01552e-06
2.08228e-06
1.29175e-06
6.21212e-07
4.82332e-08
-4.47269e-07
-8.80124e-07
-1.26052e-06
-1.59595e-06
-1.89264e-06
-2.15615e-06
-2.39152e-06
-2.6032e-06
-2.79513e-06
-2.97075e-06
3.33913e-06
2.57392e-06
1.91976e-06
1.35478e-06
8.61319e-07
4.25053e-07
3.52549e-08
-3.15599e-07
-6.32944e-07
-9.21161e-07
-1.18418e-06
-1.4256e-06
-1.64875e-06
-1.85656e-06
-2.0517e-06
3.59117e-06
2.96885e-06
2.42748e-06
1.95064e-06
1.52526e-06
1.14123e-06
7.91015e-07
4.69229e-07
1.71937e-07
-1.04032e-07
-3.61543e-07
-6.03225e-07
-8.31519e-07
-1.04858e-06
-1.25646e-06
3.78984e-06
3.27317e-06
2.81486e-06
2.40297e-06
2.02801e-06
1.68285e-06
1.3622e-06
1.06225e-06
7.80071e-07
5.13241e-07
2.59583e-07
1.71317e-08
-2.15934e-07
-4.41203e-07
-6.60203e-07
3.94186e-06
3.50136e-06
3.10265e-06
2.73741e-06
2.39893e-06
2.0822e-06
1.78348e-06
1.49988e-06
1.22909e-06
9.69159e-07
7.18349e-07
4.75148e-07
2.38167e-07
6.21321e-09
-2.21884e-07
4.05894e-06
3.67221e-06
3.31585e-06
2.98401e-06
2.6719e-06
2.3759e-06
2.09313e-06
1.82127e-06
1.55839e-06
1.30287e-06
1.05331e-06
8.08501e-07
5.67368e-07
3.28984e-07
9.24082e-08
4.14956e-06
3.80036e-06
3.47379e-06
3.16556e-06
2.87204e-06
2.59045e-06
2.31846e-06
2.05412e-06
1.79581e-06
1.54216e-06
1.29203e-06
1.04447e-06
7.98589e-07
5.53656e-07
3.08905e-07
4.21909e-06
3.89601e-06
3.59021e-06
3.2983e-06
3.01741e-06
2.74531e-06
2.48005e-06
2.21995e-06
1.96364e-06
1.70998e-06
1.45802e-06
1.20694e-06
9.56007e-07
7.04615e-07
4.5211e-07
4.27179e-06
3.967e-06
3.67559e-06
3.39479e-06
3.12227e-06
2.85617e-06
2.5948e-06
2.33672e-06
2.08074e-06
1.82589e-06
1.57133e-06
1.31636e-06
1.06034e-06
8.02735e-07
5.42988e-07
4.31134e-06
4.01957e-06
3.73821e-06
3.46497e-06
3.19795e-06
2.93553e-06
2.67622e-06
2.41876e-06
2.16209e-06
1.90537e-06
1.64784e-06
1.38887e-06
1.12791e-06
8.64489e-07
5.98113e-07
4.34096e-06
4.05872e-06
3.78453e-06
3.51654e-06
3.25318e-06
2.99298e-06
2.73459e-06
2.4769e-06
2.21898e-06
1.96006e-06
1.69946e-06
1.43662e-06
1.17102e-06
9.02267e-07
6.29913e-07
4.36333e-06
4.08836e-06
3.81947e-06
3.55528e-06
3.29442e-06
3.03553e-06
2.7774e-06
2.51903e-06
2.25961e-06
1.99841e-06
1.73483e-06
1.46836e-06
1.19852e-06
9.24969e-07
6.47285e-07
4.38061e-06
4.11138e-06
3.84661e-06
3.58531e-06
3.32624e-06
3.06813e-06
2.8099e-06
2.55067e-06
2.28969e-06
2.0263e-06
1.75995e-06
1.49016e-06
1.21651e-06
9.38667e-07
6.56268e-07
4.39436e-06
4.12987e-06
3.86844e-06
3.60948e-06
3.35175e-06
3.09412e-06
2.83565e-06
2.57552e-06
2.31304e-06
2.04762e-06
1.77875e-06
1.50598e-06
1.22892e-06
9.47284e-07
6.60723e-07
4.40568e-06
4.14523e-06
3.88665e-06
3.62963e-06
3.37298e-06
3.1157e-06
2.85693e-06
2.59594e-06
2.33209e-06
2.06484e-06
1.79371e-06
1.51828e-06
1.23821e-06
9.53212e-07
6.62977e-07
4.41529e-06
4.15836e-06
3.90228e-06
3.64695e-06
3.39123e-06
3.13422e-06
2.87517e-06
2.6134e-06
2.34832e-06
2.07944e-06
1.8063e-06
1.52853e-06
1.24579e-06
9.57821e-07
6.64339e-07
4.42362e-06
4.16983e-06
3.91598e-06
3.66214e-06
3.40723e-06
3.15048e-06
2.89118e-06
2.62873e-06
2.36257e-06
2.09225e-06
1.81734e-06
1.5375e-06
1.25241e-06
9.61825e-07
6.65476e-07
4.43095e-06
4.17996e-06
3.9281e-06
3.67559e-06
3.42142e-06
3.1649e-06
2.90541e-06
2.64236e-06
2.37527e-06
2.10369e-06
1.82724e-06
1.54559e-06
1.25843e-06
9.65545e-07
6.66674e-07
4.43752e-06
4.18907e-06
3.93901e-06
3.6877e-06
3.4342e-06
3.17791e-06
2.91826e-06
2.65471e-06
2.38679e-06
2.11412e-06
1.8363e-06
1.55305e-06
1.26407e-06
9.69155e-07
6.6805e-07
4.44378e-06
4.19775e-06
3.94942e-06
3.69925e-06
3.44642e-06
3.19037e-06
2.93058e-06
2.66658e-06
2.39792e-06
2.12422e-06
1.84515e-06
1.5604e-06
1.26972e-06
9.72913e-07
6.69716e-07
4.44957e-06
4.20589e-06
3.95925e-06
3.71022e-06
3.45808e-06
3.20232e-06
2.94246e-06
2.67806e-06
2.40872e-06
2.13408e-06
1.85382e-06
1.56766e-06
1.27535e-06
9.76727e-07
6.7154e-07
-1.39445e-05
-1.17297e-05
-1.03567e-05
-9.42995e-06
-8.67767e-06
-8.08835e-06
-7.61848e-06
-7.24032e-06
-6.93714e-06
-6.69748e-06
-6.51366e-06
-6.38096e-06
-6.29731e-06
-6.26333e-06
-6.28407e-06
-6.3702e-06
-6.53582e-06
-6.8069e-06
-7.22076e-06
-7.82279e-06
-8.65986e-06
-9.75538e-06
-1.09559e-05
-1.19573e-05
-1.25878e-05
-1.27861e-05
-1.25402e-05
-1.18619e-05
-1.07723e-05
-9.29786e-06
-7.46981e-06
-5.32514e-06
-2.90776e-06
-2.68564e-07
2.53532e-06
5.44188e-06
8.38542e-06
1.12967e-05
1.41002e-05
1.6708e-05
1.90017e-05
2.08222e-05
2.18165e-05
2.1674e-05
1.92469e-05
-1.23007e-05
-1.11695e-05
-1.01359e-05
-9.31209e-06
-8.60632e-06
-8.03321e-06
-7.56941e-06
-7.19391e-06
-6.89248e-06
-6.65465e-06
-6.47308e-06
-6.3432e-06
-6.26304e-06
-6.23326e-06
-6.25902e-06
-6.35105e-06
-6.52311e-06
-6.80097e-06
-7.22149e-06
-7.82877e-06
-8.66788e-06
-9.7603e-06
-1.09524e-05
-1.19435e-05
-1.25645e-05
-1.27549e-05
-1.25029e-05
-1.18202e-05
-1.0728e-05
-9.25329e-06
-7.42826e-06
-5.29147e-06
-2.88877e-06
-2.73556e-07
2.49382e-06
5.34698e-06
8.21388e-06
1.10156e-05
1.3661e-05
1.60352e-05
1.79694e-05
1.91974e-05
1.92005e-05
1.72065e-05
1.22074e-05
-1.14327e-05
-1.07257e-05
-9.90667e-06
-9.17408e-06
-8.51984e-06
-7.96947e-06
-7.51522e-06
-7.14417e-06
-6.84545e-06
-6.60994e-06
-6.43093e-06
-6.30419e-06
-6.22787e-06
-6.2027e-06
-6.23403e-06
-6.33259e-06
-6.51178e-06
-6.7971e-06
-7.2249e-06
-7.83768e-06
-8.67845e-06
-9.76637e-06
-1.09476e-05
-1.19257e-05
-1.2535e-05
-1.27159e-05
-1.24567e-05
-1.17696e-05
-1.06758e-05
-9.20317e-06
-7.38516e-06
-5.26236e-06
-2.88323e-06
-3.0441e-07
2.40955e-06
5.18663e-06
7.94689e-06
1.05999e-05
1.30375e-05
1.51199e-05
1.66444e-05
1.73086e-05
1.66319e-05
1.40572e-05
9.44466e-06
-1.08659e-05
-1.03576e-05
-9.69933e-06
-9.03994e-06
-8.43518e-06
-7.90932e-06
-7.46535e-06
-7.09874e-06
-6.80216e-06
-6.56825e-06
-6.39114e-06
-6.26697e-06
-6.19414e-06
-6.17341e-06
-6.21034e-06
-6.31568e-06
-6.5023e-06
-6.79543e-06
-7.23086e-06
-7.84926e-06
-8.69133e-06
-9.77351e-06
-1.09416e-05
-1.1904e-05
-1.24985e-05
-1.26668e-05
-1.2398e-05
-1.17044e-05
-1.0608e-05
-9.13761e-06
-7.32876e-06
-5.22464e-06
-2.87709e-06
-3.46897e-07
2.29624e-06
4.9737e-06
7.59688e-06
1.0064e-05
1.22529e-05
1.40092e-05
1.51263e-05
1.5333e-05
1.42935e-05
1.17352e-05
7.88133e-06
-1.04179e-05
-1.00269e-05
-9.49202e-06
-8.9168e-06
-8.35954e-06
-7.85822e-06
-7.42467e-06
-7.0621e-06
-6.76678e-06
-6.53339e-06
-6.35711e-06
-6.23467e-06
-6.16471e-06
-6.14808e-06
-6.19052e-06
-6.30278e-06
-6.49703e-06
-6.79819e-06
-7.24141e-06
-7.86518e-06
-8.70756e-06
-9.78198e-06
-1.09339e-05
-1.18773e-05
-1.24541e-05
-1.26075e-05
-1.23275e-05
-1.1627e-05
-1.05288e-05
-9.06343e-06
-7.26881e-06
-5.19132e-06
-2.88673e-06
-4.20531e-07
2.13198e-06
4.68549e-06
7.14353e-06
9.39575e-06
1.1313e-05
1.27415e-05
1.34979e-05
1.33802e-05
1.22048e-05
9.90798e-06
6.74255e-06
-1.00356e-05
-9.72546e-06
-9.28495e-06
-8.7919e-06
-8.28928e-06
-7.81489e-06
-7.395e-06
-7.03755e-06
-6.74327e-06
-6.50951e-06
-6.33295e-06
-6.21117e-06
-6.14325e-06
-6.13011e-06
-6.17775e-06
-6.29685e-06
-6.49868e-06
-6.80783e-06
-7.25867e-06
-7.88707e-06
-8.72813e-06
-9.7919e-06
-1.09236e-05
-1.1844e-05
-1.23998e-05
-1.25359e-05
-1.22434e-05
-1.15363e-05
-1.04386e-05
-8.98288e-06
-7.20983e-06
-5.16954e-06
-2.92209e-06
-5.37908e-07
1.90227e-06
4.30737e-06
6.57541e-06
8.59252e-06
1.02318e-05
1.13547e-05
1.18185e-05
1.14977e-05
1.03245e-05
8.35154e-06
5.8205e-06
-9.68383e-06
-9.43554e-06
-9.07911e-06
-8.65765e-06
-8.21008e-06
-7.77409e-06
-7.37414e-06
-7.02559e-06
-6.73399e-06
-6.50008e-06
-6.32267e-06
-6.20067e-06
-6.13391e-06
-6.12348e-06
-6.17576e-06
-6.30135e-06
-6.51034e-06
-6.82703e-06
-7.28488e-06
-7.91658e-06
-8.75393e-06
-9.80323e-06
-1.09097e-05
-1.18023e-05
-1.23332e-05
-1.24493e-05
-1.21432e-05
-1.14302e-05
-1.03363e-05
-8.89624e-06
-7.1541e-06
-5.16388e-06
-2.99012e-06
-7.07908e-07
1.59752e-06
3.83131e-06
5.88984e-06
7.662e-06
9.03231e-06
9.88786e-06
1.01315e-05
9.70311e-06
8.60808e-06
6.94437e-06
4.91527e-06
-9.34306e-06
-9.14379e-06
-8.85773e-06
-8.50617e-06
-8.11876e-06
-7.72693e-06
-7.35549e-06
-7.02249e-06
-6.73785e-06
-6.5061e-06
-6.32875e-06
-6.20656e-06
-6.14055e-06
-6.13223e-06
-6.18856e-06
-6.3201e-06
-6.53542e-06
-6.85875e-06
-7.32249e-06
-7.95542e-06
-8.78566e-06
-9.81557e-06
-1.08906e-05
-1.17495e-05
-1.2251e-05
-1.23442e-05
-1.20237e-05
-1.13067e-05
-1.02211e-05
-8.80477e-06
-7.10518e-06
-5.18036e-06
-3.09899e-06
-9.39905e-07
1.20895e-06
3.25207e-06
5.08882e-06
6.61725e-06
7.74015e-06
8.37451e-06
8.46451e-06
7.99663e-06
7.0138e-06
5.62089e-06
3.97681e-06
-9.00412e-06
-8.84516e-06
-8.61779e-06
-8.33156e-06
-8.00568e-06
-7.66409e-06
-7.32951e-06
-7.02043e-06
-6.7496e-06
-6.5249e-06
-6.35067e-06
-6.22997e-06
-6.16545e-06
-6.15933e-06
-6.21952e-06
-6.35654e-06
-6.57704e-06
-6.90577e-06
-7.37378e-06
-8.00496e-06
-8.82353e-06
-9.82791e-06
-1.08639e-05
-1.16825e-05
-1.21498e-05
-1.22174e-05
-1.18824e-05
-1.11642e-05
-1.00936e-05
-8.71133e-06
-7.06854e-06
-5.22685e-06
-3.25822e-06
-1.24356e-06
7.29084e-07
2.56732e-06
4.17829e-06
5.47414e-06
6.37929e-06
6.83926e-06
6.8303e-06
6.36688e-06
5.50587e-06
4.34202e-06
2.99579e-06
-8.66141e-06
-8.53703e-06
-8.35925e-06
-8.13159e-06
-7.86523e-06
-7.5772e-06
-7.28624e-06
-7.0095e-06
-6.76071e-06
-6.55004e-06
-6.38425e-06
-6.26875e-06
-6.20807e-06
-6.20543e-06
-6.27015e-06
-6.41257e-06
-6.63684e-06
-6.96962e-06
-7.43993e-06
-8.06558e-06
-8.86829e-06
-9.8382e-06
-1.08265e-05
-1.15974e-05
-1.20254e-05
-1.20652e-05
-1.17169e-05
-1.10026e-05
-9.95581e-06
-8.62075e-06
-7.0516e-06
-5.31277e-06
-3.47793e-06
-1.62779e-06
1.52749e-07
1.7782e-06
3.16733e-06
4.24913e-06
4.96937e-06
5.29714e-06
5.23012e-06
4.79666e-06
4.05401e-06
3.08114e-06
1.96837e-06
-8.30934e-06
-8.21603e-06
-8.08114e-06
-7.90539e-06
-7.69479e-06
-7.46073e-06
-7.21756e-06
-6.97998e-06
-6.76119e-06
-6.57236e-06
-6.42185e-06
-6.31707e-06
-6.26427e-06
-6.26781e-06
-6.33889e-06
-6.48703e-06
-6.71356e-06
-7.04961e-06
-7.52015e-06
-8.13539e-06
-8.9142e-06
-9.84265e-06
-1.07738e-05
-1.14894e-05
-1.18738e-05
-1.1885e-05
-1.15264e-05
-1.08233e-05
-9.81223e-06
-8.5403e-06
-7.06392e-06
-5.44873e-06
-3.76815e-06
-2.09986e-06
-5.22358e-07
8.89015e-07
2.0669e-06
2.9573e-06
3.5245e-06
3.75473e-06
3.65793e-06
3.26683e-06
2.6326e-06
1.81828e-06
8.91346e-07
-7.94125e-06
-7.87705e-06
-7.78045e-06
-7.65112e-06
-7.49204e-06
-7.31048e-06
-7.1169e-06
-6.92314e-06
-6.74094e-06
-6.58131e-06
-6.45332e-06
-6.36583e-06
-6.32613e-06
-6.34002e-06
-6.42074e-06
-6.57411e-06
-6.80157e-06
-7.14221e-06
-7.61071e-06
-8.20982e-06
-8.95757e-06
-9.83569e-06
-1.07005e-05
-1.13539e-05
-1.16915e-05
-1.16754e-05
-1.13126e-05
-1.06311e-05
-9.67035e-06
-8.48007e-06
-7.11702e-06
-5.64604e-06
-4.13796e-06
-2.66467e-06
-1.29539e-06
-9.33048e-08
8.88524e-07
1.61128e-06
2.05353e-06
2.21254e-06
2.10383e-06
1.75893e-06
1.22046e-06
5.37545e-07
-2.39315e-07
-7.54914e-06
-7.5131e-06
-7.4518e-06
-7.36468e-06
-7.25315e-06
-7.12175e-06
-6.97785e-06
-6.83058e-06
-6.6898e-06
-6.56557e-06
-6.46684e-06
-6.40335e-06
-6.38238e-06
-6.41232e-06
-6.50665e-06
-6.66305e-06
-6.89419e-06
-7.24071e-06
-7.70299e-06
-8.28075e-06
-8.99042e-06
-9.8099e-06
-1.06006e-05
-1.11866e-05
-1.14767e-05
-1.14379e-05
-1.10805e-05
-1.04341e-05
-9.54109e-06
-8.45285e-06
-7.22385e-06
-5.91568e-06
-4.59442e-06
-3.32392e-06
-2.16224e-06
-1.15974e-06
-3.56359e-07
2.21317e-07
5.61676e-07
6.67977e-07
5.56734e-07
2.5669e-07
-1.9942e-07
-7.73722e-07
-1.42828e-06
-7.12351e-06
-7.11519e-06
-7.08726e-06
-7.03929e-06
-6.97194e-06
-6.88809e-06
-6.79289e-06
-6.69317e-06
-6.59689e-06
-6.51274e-06
-6.44907e-06
-6.41536e-06
-6.41929e-06
-6.46995e-06
-6.58042e-06
-6.7463e-06
-6.98424e-06
-7.33105e-06
-7.78315e-06
-8.33544e-06
-9.00205e-06
-9.7565e-06
-1.04686e-05
-1.09855e-05
-1.12306e-05
-1.1178e-05
-1.08396e-05
-1.02446e-05
-9.43857e-06
-8.47331e-06
-7.39739e-06
-6.26685e-06
-5.14159e-06
-4.07577e-06
-3.11564e-06
-2.2996e-06
-1.6566e-06
-1.20417e-06
-9.47667e-07
-8.81253e-07
-9.89654e-07
-1.25189e-06
-1.63955e-06
-2.12474e-06
-2.67941e-06
-6.65238e-06
-6.67186e-06
-6.67607e-06
-6.66499e-06
-6.63914e-06
-6.60038e-06
-6.55231e-06
-6.50004e-06
-6.44983e-06
-6.40883e-06
-6.3846e-06
-6.38547e-06
-6.41953e-06
-6.49455e-06
-6.62164e-06
-6.80571e-06
-7.05573e-06
-7.39713e-06
-7.83403e-06
-8.36014e-06
-8.98039e-06
-9.66628e-06
-1.03003e-05
-1.07515e-05
-1.09586e-05
-1.09055e-05
-1.06032e-05
-1.00779e-05
-9.37885e-06
-8.55646e-06
-7.64862e-06
-6.70517e-06
-5.77953e-06
-4.91473e-06
-4.14573e-06
-3.50102e-06
-3.00133e-06
-2.65803e-06
-2.47312e-06
-2.44043e-06
-2.54745e-06
-2.77709e-06
-3.10881e-06
-3.52174e-06
-3.9951e-06
-6.12102e-06
-6.16871e-06
-6.20463e-06
-6.22909e-06
-6.24262e-06
-6.24667e-06
-6.24376e-06
-6.23796e-06
-6.23407e-06
-6.23783e-06
-6.25571e-06
-6.29492e-06
-6.36273e-06
-6.46675e-06
-6.6164e-06
-6.81849e-06
-7.08086e-06
-7.41988e-06
-7.84116e-06
-8.33953e-06
-8.91233e-06
-9.53079e-06
-1.00934e-05
-1.04883e-05
-1.06701e-05
-1.06349e-05
-1.03872e-05
-9.94949e-06
-9.37954e-06
-8.71525e-06
-7.98404e-06
-7.23176e-06
-6.50381e-06
-5.83165e-06
-5.24042e-06
-4.75136e-06
-4.37965e-06
-4.13282e-06
-4.01127e-06
-4.00966e-06
-4.11825e-06
-4.32404e-06
-4.61224e-06
-4.96789e-06
-5.37602e-06
-5.5141e-06
-5.59047e-06
-5.65786e-06
-5.71686e-06
-5.76819e-06
-5.81312e-06
-5.85373e-06
-5.8927e-06
-5.93387e-06
-5.98252e-06
-6.04392e-06
-6.12374e-06
-6.22837e-06
-6.36472e-06
-6.54037e-06
-6.76256e-06
-7.03791e-06
-7.37686e-06
-7.78408e-06
-8.25583e-06
-8.78424e-06
-9.34365e-06
-9.84822e-06
-1.02021e-05
-1.03791e-05
-1.0383e-05
-1.02051e-05
-9.87706e-06
-9.45671e-06
-8.95644e-06
-8.40353e-06
-7.84297e-06
-7.30667e-06
-6.81531e-06
-6.38717e-06
-6.03884e-06
-5.78193e-06
-5.62167e-06
-5.558e-06
-5.58698e-06
-5.70177e-06
-5.89359e-06
-6.15183e-06
-6.46493e-06
-6.82202e-06
-4.81678e-06
-4.92209e-06
-5.02058e-06
-5.11321e-06
-5.20109e-06
-5.28573e-06
-5.36879e-06
-5.4524e-06
-5.53485e-06
-5.62703e-06
-5.73225e-06
-5.85386e-06
-5.99695e-06
-6.16742e-06
-6.37169e-06
-6.61591e-06
-6.90585e-06
-7.24771e-06
-7.6447e-06
-8.09472e-06
-8.587e-06
-9.10172e-06
-9.56715e-06
-9.9048e-06
-1.01036e-05
-1.01615e-05
-1.00733e-05
-9.88121e-06
-9.61131e-06
-9.27355e-06
-8.90259e-06
-8.53086e-06
-8.17647e-06
-7.85266e-06
-7.57404e-06
-7.35412e-06
-7.20179e-06
-7.12085e-06
-7.11138e-06
-7.17119e-06
-7.29636e-06
-7.48149e-06
-7.72015e-06
-8.00405e-06
-8.32435e-06
-4.01889e-06
-4.15264e-06
-4.28129e-06
-4.40575e-06
-4.52716e-06
-4.64695e-06
-4.76701e-06
-4.88866e-06
-5.0191e-06
-5.1561e-06
-5.30478e-06
-5.46835e-06
-5.65061e-06
-5.85666e-06
-6.09161e-06
-6.36041e-06
-6.6676e-06
-7.01692e-06
-7.41092e-06
-7.84732e-06
-8.318e-06
-8.80702e-06
-9.25583e-06
-9.60785e-06
-9.84982e-06
-9.97978e-06
-1.00102e-05
-9.95677e-06
-9.83076e-06
-9.66045e-06
-9.47248e-06
-9.28035e-06
-9.09368e-06
-8.92419e-06
-8.7845e-06
-8.68473e-06
-8.63115e-06
-8.62675e-06
-8.67219e-06
-8.76661e-06
-8.90791e-06
-9.09279e-06
-9.31832e-06
-9.58127e-06
-9.87372e-06
-3.13654e-06
-3.2975e-06
-3.45505e-06
-3.6101e-06
-3.7639e-06
-3.91759e-06
-4.07269e-06
-4.23195e-06
-4.39822e-06
-4.57432e-06
-4.76166e-06
-4.96298e-06
-5.18206e-06
-5.42292e-06
-5.68927e-06
-5.98469e-06
-6.31265e-06
-6.6759e-06
-7.07612e-06
-7.51239e-06
-7.97934e-06
-8.46665e-06
-8.92907e-06
-9.31678e-06
-9.62098e-06
-9.84847e-06
-9.99903e-06
-1.00789e-05
-1.01102e-05
-1.01128e-05
-1.00953e-05
-1.00643e-05
-1.00298e-05
-1.00031e-05
-9.99315e-06
-1.00064e-05
-1.00473e-05
-1.01184e-05
-1.02217e-05
-1.03574e-05
-1.05249e-05
-1.07226e-05
-1.09468e-05
-1.11928e-05
-1.14607e-05
-2.2397e-06
-2.42487e-06
-2.60848e-06
-2.79163e-06
-2.97582e-06
-3.1631e-06
-3.35433e-06
-3.54939e-06
-3.74788e-06
-3.95854e-06
-4.18249e-06
-4.42054e-06
-4.67528e-06
-4.94996e-06
-5.24756e-06
-5.57083e-06
-5.92254e-06
-6.30498e-06
-6.71987e-06
-7.16718e-06
-7.64468e-06
-8.14757e-06
-8.63898e-06
-9.07793e-06
-9.45677e-06
-9.77492e-06
-1.00338e-05
-1.02444e-05
-1.04188e-05
-1.0563e-05
-1.0682e-05
-1.07836e-05
-1.08772e-05
-1.09704e-05
-1.10688e-05
-1.11766e-05
-1.12973e-05
-1.14339e-05
-1.15883e-05
-1.17614e-05
-1.19532e-05
-1.21631e-05
-1.23915e-05
-1.26374e-05
-1.28989e-05
-1.45991e-06
-1.66292e-06
-1.86641e-06
-2.07103e-06
-2.27796e-06
-2.48806e-06
-2.70379e-06
-2.92886e-06
-3.16769e-06
-3.41351e-06
-3.6688e-06
-3.93806e-06
-4.22396e-06
-4.52848e-06
-4.85396e-06
-5.20296e-06
-5.57792e-06
-5.98106e-06
-6.41416e-06
-6.87827e-06
-7.37338e-06
-7.89784e-06
-8.42154e-06
-8.9068e-06
-9.34354e-06
-9.73327e-06
-1.00802e-05
-1.03889e-05
-1.06627e-05
-1.09058e-05
-1.11247e-05
-1.13262e-05
-1.15165e-05
-1.17001e-05
-1.18808e-05
-1.20621e-05
-1.22471e-05
-1.24384e-05
-1.26379e-05
-1.28468e-05
-1.30661e-05
-1.32964e-05
-1.35374e-05
-1.37892e-05
-1.40505e-05
-8.76753e-07
-1.0944e-06
-1.31428e-06
-1.53728e-06
-1.76497e-06
-1.99876e-06
-2.2403e-06
-2.48833e-06
-2.7465e-06
-3.01392e-06
-3.29276e-06
-3.58599e-06
-3.89545e-06
-4.22271e-06
-4.56989e-06
-4.93926e-06
-5.33303e-06
-5.75326e-06
-6.2019e-06
-6.6806e-06
-7.1904e-06
-7.73168e-06
-8.27812e-06
-8.7943e-06
-9.27161e-06
-9.71191e-06
-1.01164e-05
-1.04862e-05
-1.08244e-05
-1.11358e-05
-1.14255e-05
-1.16979e-05
-1.19565e-05
-1.22046e-05
-1.24452e-05
-1.26813e-05
-1.29153e-05
-1.31492e-05
-1.33848e-05
-1.36235e-05
-1.38661e-05
-1.41131e-05
-1.43645e-05
-1.46204e-05
-1.4881e-05
-4.49336e-07
-6.79343e-07
-9.13097e-07
-1.15143e-06
-1.39517e-06
-1.64528e-06
-1.90243e-06
-2.17052e-06
-2.44686e-06
-2.73351e-06
-3.03255e-06
-3.34563e-06
-3.6742e-06
-4.01987e-06
-4.38453e-06
-4.77009e-06
-5.17853e-06
-5.61178e-06
-6.07181e-06
-6.56042e-06
-7.07919e-06
-7.62924e-06
-8.1872e-06
-8.72102e-06
-9.22247e-06
-9.69199e-06
-1.013e-05
-1.05384e-05
-1.09201e-05
-1.12786e-05
-1.16169e-05
-1.19378e-05
-1.22438e-05
-1.25374e-05
-1.28212e-05
-1.30971e-05
-1.33672e-05
-1.36331e-05
-1.38961e-05
-1.41575e-05
-1.4418e-05
-1.46781e-05
-1.49386e-05
-1.51998e-05
-1.54619e-05
-1.45077e-07
-3.86289e-07
-6.32263e-07
-8.83653e-07
-1.14137e-06
-1.40653e-06
-1.67986e-06
-1.96232e-06
-2.25443e-06
-2.55757e-06
-2.87296e-06
-3.20182e-06
-3.5455e-06
-3.90547e-06
-4.28332e-06
-4.68067e-06
-5.09927e-06
-5.54086e-06
-6.00729e-06
-6.50027e-06
-7.02151e-06
-7.57236e-06
-8.13217e-06
-8.67189e-06
-9.18358e-06
-9.66768e-06
-1.01252e-05
-1.05577e-05
-1.09674e-05
-1.13563e-05
-1.17263e-05
-1.20794e-05
-1.24177e-05
-1.2743e-05
-1.3057e-05
-1.33615e-05
-1.36577e-05
-1.39471e-05
-1.42308e-05
-1.45097e-05
-1.47845e-05
-1.5056e-05
-1.53248e-05
-1.55916e-05
-1.58563e-05
6.20291e-08
-1.89436e-07
-4.46439e-07
-7.09602e-07
-9.79516e-07
-1.25789e-06
-1.54428e-06
-1.83981e-06
-2.14535e-06
-2.46178e-06
-2.79005e-06
-3.13124e-06
-3.48651e-06
-3.85711e-06
-4.24434e-06
-4.6496e-06
-5.07437e-06
-5.52017e-06
-5.98861e-06
-6.48125e-06
-6.99968e-06
-7.54524e-06
-8.09958e-06
-8.63684e-06
-9.1501e-06
-9.63999e-06
-1.01073e-05
-1.05533e-05
-1.09791e-05
-1.13863e-05
-1.17762e-05
-1.21504e-05
-1.25102e-05
-1.2857e-05
-1.31921e-05
-1.35167e-05
-1.38318e-05
-1.41385e-05
-1.44377e-05
-1.47302e-05
-1.50166e-05
-1.52977e-05
-1.55737e-05
-1.58457e-05
-1.61134e-05
1.96521e-07
-6.43326e-08
-3.31416e-07
-6.05268e-07
-8.86654e-07
-1.17501e-06
-1.47229e-06
-1.77889e-06
-2.09535e-06
-2.42239e-06
-2.76084e-06
-3.11159e-06
-3.47558e-06
-3.85383e-06
-4.24742e-06
-4.6575e-06
-5.08532e-06
-5.53213e-06
-5.99932e-06
-6.4882e-06
-7.00018e-06
-7.53639e-06
-8.08071e-06
-8.61064e-06
-9.12024e-06
-9.60994e-06
-1.00803e-05
-1.0532e-05
-1.09662e-05
-1.13837e-05
-1.17857e-05
-1.21731e-05
-1.25469e-05
-1.29081e-05
-1.32576e-05
-1.35963e-05
-1.39249e-05
-1.42443e-05
-1.45552e-05
-1.48582e-05
-1.51537e-05
-1.54424e-05
-1.57251e-05
-1.60018e-05
-1.62729e-05
2.7941e-07
1.01119e-08
-2.65775e-07
-5.48614e-07
-8.38859e-07
-1.13686e-06
-1.44355e-06
-1.75934e-06
-2.08472e-06
-2.4203e-06
-2.76677e-06
-3.12482e-06
-3.49523e-06
-3.8788e-06
-4.27643e-06
-4.68904e-06
-5.11764e-06
-5.56324e-06
-6.027e-06
-6.50997e-06
-7.01337e-06
-7.53807e-06
-8.07005e-06
-8.59001e-06
-9.09274e-06
-9.57843e-06
-1.00474e-05
-1.05004e-05
-1.09379e-05
-1.13606e-05
-1.17694e-05
-1.21648e-05
-1.25475e-05
-1.29182e-05
-1.32775e-05
-1.36261e-05
-1.39644e-05
-1.42932e-05
-1.46129e-05
-1.4924e-05
-1.52267e-05
-1.55219e-05
-1.58102e-05
-1.60914e-05
-1.6366e-05
3.27321e-07
5.0518e-08
-2.32985e-07
-5.23682e-07
-8.21759e-07
-1.12784e-06
-1.44238e-06
-1.76574e-06
-2.09839e-06
-2.44081e-06
-2.79354e-06
-3.15713e-06
-3.5322e-06
-3.91939e-06
-4.3194e-06
-4.73294e-06
-5.16084e-06
-5.60388e-06
-6.06298e-06
-6.53896e-06
-7.03283e-06
-7.54523e-06
-8.06405e-06
-8.57289e-06
-9.06714e-06
-9.54679e-06
-1.00121e-05
-1.04635e-05
-1.09013e-05
-1.13262e-05
-1.17384e-05
-1.21384e-05
-1.25266e-05
-1.29035e-05
-1.32695e-05
-1.36251e-05
-1.39705e-05
-1.43062e-05
-1.46326e-05
-1.49501e-05
-1.52589e-05
-1.55596e-05
-1.58526e-05
-1.6138e-05
-1.64162e-05
3.52699e-07
6.92792e-08
-2.20886e-07
-5.18316e-07
-8.23237e-07
-1.13609e-06
-1.45717e-06
-1.78682e-06
-2.1254e-06
-2.47331e-06
-2.83096e-06
-3.19879e-06
-3.57726e-06
-3.96686e-06
-4.36814e-06
-4.78165e-06
-5.20799e-06
-5.64777e-06
-6.10171e-06
-6.57038e-06
-7.05464e-06
-7.55484e-06
-8.06065e-06
-8.55824e-06
-9.04351e-06
-9.51631e-06
-9.97679e-06
-1.04252e-05
-1.08618e-05
-1.12868e-05
-1.17004e-05
-1.21029e-05
-1.24945e-05
-1.28755e-05
-1.32461e-05
-1.36066e-05
-1.39573e-05
-1.42982e-05
-1.46299e-05
-1.49525e-05
-1.52663e-05
-1.55716e-05
-1.58689e-05
-1.61582e-05
-1.64399e-05
3.64401e-07
7.51793e-08
-2.20941e-07
-5.24144e-07
-8.34861e-07
-1.15341e-06
-1.48e-06
-1.8149e-06
-2.15838e-06
-2.51076e-06
-2.87234e-06
-3.24346e-06
-3.62446e-06
-4.0157e-06
-4.41758e-06
-4.8305e-06
-5.2549e-06
-5.6912e-06
-6.13993e-06
-6.60149e-06
-7.07654e-06
-7.56521e-06
-8.05874e-06
-8.54557e-06
-9.02205e-06
-9.48791e-06
-9.94321e-06
-1.0388e-05
-1.08225e-05
-1.12466e-05
-1.16605e-05
-1.20643e-05
-1.2458e-05
-1.28417e-05
-1.32156e-05
-1.35797e-05
-1.39343e-05
-1.42794e-05
-1.46153e-05
-1.4942e-05
-1.526e-05
-1.55693e-05
-1.58703e-05
-1.61633e-05
-1.64483e-05
3.684e-07
7.41001e-08
-2.27124e-07
-5.35477e-07
-8.51119e-07
-1.17454e-06
-1.50582e-06
-1.84514e-06
-2.19273e-06
-2.54882e-06
-2.91362e-06
-3.28737e-06
-3.67032e-06
-4.06271e-06
-4.46482e-06
-4.87689e-06
-5.29924e-06
-5.73213e-06
-6.17592e-06
-6.63083e-06
-7.09736e-06
-7.57544e-06
-8.05771e-06
-8.5346e-06
-9.00284e-06
-9.4621e-06
-9.91232e-06
-1.03535e-05
-1.07855e-05
-1.12083e-05
-1.16219e-05
-1.20262e-05
-1.24212e-05
-1.28068e-05
-1.3183e-05
-1.355e-05
-1.39076e-05
-1.4256e-05
-1.45952e-05
-1.49255e-05
-1.52469e-05
-1.55597e-05
-1.58641e-05
-1.61603e-05
-1.64484e-05
3.68475e-07
6.9724e-08
-2.35968e-07
-5.4884e-07
-8.68681e-07
-1.19632e-06
-1.53164e-06
-1.87475e-06
-2.22584e-06
-2.58506e-06
-2.95256e-06
-3.32849e-06
-3.71301e-06
-4.10625e-06
-4.50838e-06
-4.91955e-06
-5.33992e-06
-5.76963e-06
-6.20888e-06
-6.65774e-06
-7.11656e-06
-7.58508e-06
-8.05721e-06
-8.5251e-06
-8.98585e-06
-9.43903e-06
-9.88453e-06
-1.03222e-05
-1.07518e-05
-1.11731e-05
-1.15861e-05
-1.19906e-05
-1.23864e-05
-1.27733e-05
-1.31514e-05
-1.35205e-05
-1.38806e-05
-1.42317e-05
-1.45738e-05
-1.49071e-05
-1.52314e-05
-1.55472e-05
-1.58544e-05
-1.61536e-05
-1.64445e-05
3.66878e-07
6.4223e-08
-2.45491e-07
-5.62182e-07
-8.85688e-07
-1.21704e-06
-1.55586e-06
-1.90226e-06
-2.25637e-06
-2.61829e-06
-2.98811e-06
-3.36589e-06
-3.75172e-06
-4.14564e-06
-4.54773e-06
-4.95802e-06
-5.37657e-06
-5.80339e-06
-6.23856e-06
-6.68201e-06
-7.13393e-06
-7.59394e-06
-8.05703e-06
-8.51689e-06
-8.97091e-06
-9.41865e-06
-9.85986e-06
-1.02943e-05
-1.07216e-05
-1.11415e-05
-1.15539e-05
-1.19583e-05
-1.23547e-05
-1.27427e-05
-1.31223e-05
-1.34932e-05
-1.38553e-05
-1.42087e-05
-1.45532e-05
-1.4889e-05
-1.52159e-05
-1.55341e-05
-1.58439e-05
-1.61459e-05
-1.64393e-05
3.64844e-07
5.8731e-08
-2.54591e-07
-5.74444e-07
-9.01272e-07
-1.23588e-06
-1.57777e-06
-1.92705e-06
-2.28382e-06
-2.6481e-06
-3.01993e-06
-3.39932e-06
-3.78628e-06
-4.18078e-06
-4.5828e-06
-4.99229e-06
-5.40921e-06
-5.83346e-06
-6.26501e-06
-6.70365e-06
-7.14947e-06
-7.60194e-06
-8.05703e-06
-8.50976e-06
-8.95784e-06
-9.40074e-06
-9.83814e-06
-1.02697e-05
-1.06949e-05
-1.11136e-05
-1.15253e-05
-1.19297e-05
-1.23265e-05
-1.27154e-05
-1.30961e-05
-1.34686e-05
-1.38325e-05
-1.41878e-05
-1.45344e-05
-1.48723e-05
-1.52015e-05
-1.55219e-05
-1.58341e-05
-1.61383e-05
-1.6434e-05
3.6298e-07
5.37884e-08
-2.62649e-07
-5.85278e-07
-9.1511e-07
-1.25256e-06
-1.59715e-06
-1.94898e-06
-2.30807e-06
-2.67444e-06
-3.04805e-06
-3.42886e-06
-3.81681e-06
-4.21182e-06
-4.61379e-06
-5.02258e-06
-5.43806e-06
-5.86005e-06
-6.2884e-06
-6.72281e-06
-7.16326e-06
-7.60908e-06
-8.05711e-06
-8.50357e-06
-8.94641e-06
-9.38506e-06
-9.8191e-06
-1.02481e-05
-1.06715e-05
-1.1089e-05
-1.15002e-05
-1.19045e-05
-1.23017e-05
-1.26914e-05
-1.30732e-05
-1.3447e-05
-1.38124e-05
-1.41694e-05
-1.45178e-05
-1.48577e-05
-1.51888e-05
-1.5511e-05
-1.58254e-05
-1.61316e-05
-1.64292e-05
3.6153e-07
4.96163e-08
-2.69475e-07
-5.94633e-07
-9.27119e-07
-1.26704e-06
-1.61402e-06
-1.96809e-06
-2.32924e-06
-2.69744e-06
-3.07263e-06
-3.4547e-06
-3.84354e-06
-4.23901e-06
-4.64093e-06
-5.04912e-06
-5.46335e-06
-5.88336e-06
-6.30892e-06
-6.73964e-06
-7.17538e-06
-7.61538e-06
-8.05722e-06
-8.49817e-06
-8.93644e-06
-9.37138e-06
-9.8025e-06
-1.02293e-05
-1.06512e-05
-1.10677e-05
-1.14783e-05
-1.18826e-05
-1.22802e-05
-1.26705e-05
-1.30533e-05
-1.34282e-05
-1.37951e-05
-1.41535e-05
-1.45035e-05
-1.48451e-05
-1.51778e-05
-1.55017e-05
-1.58181e-05
-1.61259e-05
-1.64252e-05
3.60544e-07
4.62207e-08
-2.75147e-07
-6.02637e-07
-9.37451e-07
-1.27957e-06
-1.62866e-06
-1.98472e-06
-2.3477e-06
-2.71753e-06
-3.09412e-06
-3.47732e-06
-3.86696e-06
-4.26284e-06
-4.66476e-06
-5.07243e-06
-5.48558e-06
-5.90388e-06
-6.32701e-06
-6.7545e-06
-7.18611e-06
-7.62096e-06
-8.05731e-06
-8.49338e-06
-8.92763e-06
-9.35933e-06
-9.7879e-06
-1.02128e-05
-1.06333e-05
-1.1049e-05
-1.14593e-05
-1.18636e-05
-1.22614e-05
-1.26524e-05
-1.30361e-05
-1.34121e-05
-1.37801e-05
-1.41399e-05
-1.44913e-05
-1.48343e-05
-1.51685e-05
-1.5494e-05
-1.58119e-05
-1.61212e-05
-1.6422e-05
3.59982e-07
4.34081e-08
-2.80109e-07
-6.09789e-07
-9.46763e-07
-1.29095e-06
-1.64203e-06
-1.99995e-06
-2.36465e-06
-2.73603e-06
-3.11394e-06
-3.4982e-06
-3.88861e-06
-4.2849e-06
-4.68682e-06
-5.09402e-06
-5.5062e-06
-5.92293e-06
-6.34383e-06
-6.76833e-06
-7.19612e-06
-7.62619e-06
-8.05738e-06
-8.4889e-06
-8.91941e-06
-9.3481e-06
-9.77434e-06
-1.01974e-05
-1.06168e-05
-1.10317e-05
-1.14417e-05
-1.1846e-05
-1.22442e-05
-1.26358e-05
-1.30203e-05
-1.33973e-05
-1.37665e-05
-1.41276e-05
-1.44803e-05
-1.48247e-05
-1.51603e-05
-1.54873e-05
-1.58066e-05
-1.61172e-05
-1.64195e-05
3.59744e-07
4.10382e-08
-2.84661e-07
-6.16477e-07
-9.55554e-07
-1.30178e-06
-1.65479e-06
-2.01454e-06
-2.38093e-06
-2.75382e-06
-3.13303e-06
-3.51833e-06
-3.90949e-06
-4.30619e-06
-4.70811e-06
-5.11488e-06
-5.52606e-06
-5.94117e-06
-6.3598e-06
-6.78133e-06
-7.20539e-06
-7.63092e-06
-8.05744e-06
-8.48485e-06
-8.91189e-06
-9.33774e-06
-9.76173e-06
-1.01832e-05
-1.06013e-05
-1.10155e-05
-1.14251e-05
-1.18295e-05
-1.22281e-05
-1.26202e-05
-1.30055e-05
-1.33835e-05
-1.37538e-05
-1.41161e-05
-1.44701e-05
-1.48157e-05
-1.51527e-05
-1.54811e-05
-1.58018e-05
-1.61137e-05
-1.64174e-05
-2.63876e-08
-6.19774e-06
-7.40993e-06
-8.13567e-06
-9.00194e-06
-9.97477e-06
-1.10376e-05
-1.21828e-05
-1.34087e-05
-1.47195e-05
-1.61234e-05
-1.76331e-05
-1.92653e-05
-2.10442e-05
-2.30005e-05
1.95612e-06
-3.61273e-06
-5.94481e-06
-7.37453e-06
-8.59178e-06
-9.73938e-06
-1.08959e-05
-1.20957e-05
-1.33548e-05
-1.4686e-05
-1.61022e-05
-1.76185e-05
-1.92533e-05
-2.10318e-05
-2.2985e-05
3.08138e-06
-1.95242e-06
-4.84109e-06
-6.71112e-06
-8.19763e-06
-9.50538e-06
-1.07547e-05
-1.20097e-05
-1.33023e-05
-1.4654e-05
-1.60823e-05
-1.76049e-05
-1.92419e-05
-2.10193e-05
-2.29688e-05
3.35826e-06
-9.57382e-07
-3.98762e-06
-6.12842e-06
-7.82125e-06
-9.27369e-06
-1.0615e-05
-1.19262e-05
-1.32531e-05
-1.46252e-05
-1.60651e-05
-1.75934e-05
-1.92318e-05
-2.10075e-05
-2.29524e-05
3.25146e-06
-2.36784e-07
-3.20663e-06
-5.529e-06
-7.40642e-06
-9.00669e-06
-1.04514e-05
-1.1829e-05
-1.3197e-05
-1.45936e-05
-1.60471e-05
-1.75819e-05
-1.92218e-05
-2.09951e-05
-2.29346e-05
3.05675e-06
1.81881e-07
-2.559e-06
-4.932e-06
-6.94594e-06
-8.68613e-06
-1.02439e-05
-1.17016e-05
-1.31221e-05
-1.45511e-05
-1.60232e-05
-1.7567e-05
-1.92093e-05
-2.09804e-05
-2.29139e-05
2.7068e-06
3.29776e-07
-2.11048e-06
-4.40941e-06
-6.47916e-06
-8.32327e-06
-9.98742e-06
-1.15324e-05
-1.30165e-05
-1.44879e-05
-1.59857e-05
-1.75434e-05
-1.91909e-05
-2.09607e-05
-2.2888e-05
2.19117e-06
2.24374e-07
-1.89861e-06
-4.03327e-06
-6.06919e-06
-7.95728e-06
-9.69824e-06
-1.13227e-05
-1.28738e-05
-1.43951e-05
-1.59266e-05
-1.75041e-05
-1.91608e-05
-2.09316e-05
-2.28534e-05
1.53378e-06
-1.01099e-07
-1.92491e-06
-3.84823e-06
-5.77662e-06
-7.64171e-06
-9.41276e-06
-1.10914e-05
-1.27e-05
-1.42712e-05
-1.58403e-05
-1.74428e-05
-1.91129e-05
-2.08874e-05
-2.28049e-05
7.5754e-07
-6.10161e-07
-2.16869e-06
-3.86839e-06
-5.64242e-06
-7.42646e-06
-9.17573e-06
-1.08708e-05
-1.25146e-05
-1.4125e-05
-1.57285e-05
-1.73568e-05
-1.90423e-05
-2.08225e-05
-2.27364e-05
-1.20863e-07
-1.27227e-06
-2.60246e-06
-4.08724e-06
-5.6853e-06
-7.34709e-06
-9.02803e-06
-1.06982e-05
-1.23457e-05
-1.39748e-05
-1.56012e-05
-1.72496e-05
-1.89484e-05
-2.07332e-05
-2.26424e-05
-1.09163e-06
-2.06614e-06
-3.20199e-06
-4.49016e-06
-5.90846e-06
-7.42408e-06
-9.00086e-06
-1.06077e-05
-1.22246e-05
-1.38452e-05
-1.54752e-05
-1.71311e-05
-1.8835e-05
-2.06192e-05
-2.25192e-05
-2.15018e-06
-2.97865e-06
-3.9496e-06
-5.06255e-06
-6.30802e-06
-7.66745e-06
-9.11605e-06
-1.06277e-05
-1.2181e-05
-1.37633e-05
-1.53721e-05
-1.70163e-05
-1.87105e-05
-2.0484e-05
-2.23656e-05
-3.29433e-06
-4.00168e-06
-4.83303e-06
-5.7923e-06
-6.87778e-06
-8.0812e-06
-9.38852e-06
-1.07814e-05
-1.22421e-05
-1.3756e-05
-1.53159e-05
-1.69248e-05
-1.85873e-05
-2.03337e-05
-2.21833e-05
-4.52225e-06
-5.1292e-06
-5.84286e-06
-6.66905e-06
-7.61027e-06
-8.66493e-06
-9.82717e-06
-1.10869e-05
-1.24317e-05
-1.38497e-05
-1.5332e-05
-1.68768e-05
-1.84863e-05
-2.01784e-05
-2.19738e-05
-5.83175e-06
-6.35586e-06
-6.97087e-06
-7.68305e-06
-8.49675e-06
-9.41412e-06
-1.04347e-05
-1.15549e-05
-1.27684e-05
-1.40674e-05
-1.54454e-05
-1.6896e-05
-1.84269e-05
-2.00332e-05
-2.17431e-05
-7.22036e-06
-7.67672e-06
-8.20955e-06
-8.82483e-06
-9.52733e-06
-1.03208e-05
-1.12077e-05
-1.21888e-05
-1.32629e-05
-1.44263e-05
-1.56765e-05
-1.70079e-05
-1.84236e-05
-1.99243e-05
-2.1508e-05
-8.67873e-06
-9.08093e-06
-9.5464e-06
-1.00803e-05
-1.06871e-05
-1.13705e-05
-1.21345e-05
-1.29819e-05
-1.39147e-05
-1.49331e-05
-1.60368e-05
-1.7225e-05
-1.84943e-05
-1.98551e-05
-2.12946e-05
-1.01937e-05
-1.05526e-05
-1.09629e-05
-1.14284e-05
-1.19526e-05
-1.25389e-05
-1.31911e-05
-1.3913e-05
-1.47076e-05
-1.55776e-05
-1.65243e-05
-1.75492e-05
-1.86522e-05
-1.98335e-05
-2.11001e-05
-1.17524e-05
-1.20759e-05
-1.24391e-05
-1.28449e-05
-1.32957e-05
-1.37945e-05
-1.43444e-05
-1.49487e-05
-1.56107e-05
-1.63334e-05
-1.71193e-05
-1.79708e-05
-1.88892e-05
-1.98762e-05
-2.09327e-05
-1.31759e-05
-1.34753e-05
-1.3804e-05
-1.41641e-05
-1.45572e-05
-1.4985e-05
-1.54498e-05
-1.59541e-05
-1.65007e-05
-1.70921e-05
-1.77311e-05
-1.84201e-05
-1.91613e-05
-1.99565e-05
-2.08075e-05
-1.43223e-05
-1.46094e-05
-1.4916e-05
-1.52436e-05
-1.55938e-05
-1.59679e-05
-1.63673e-05
-1.6794e-05
-1.72498e-05
-1.7737e-05
-1.82578e-05
-1.88147e-05
-1.94099e-05
-2.00459e-05
-2.07246e-05
-1.51477e-05
-1.54242e-05
-1.57135e-05
-1.60168e-05
-1.63352e-05
-1.66696e-05
-1.70212e-05
-1.73911e-05
-1.77811e-05
-1.81927e-05
-1.86278e-05
-1.90886e-05
-1.95776e-05
-2.00972e-05
-2.06503e-05
-1.57263e-05
-1.59962e-05
-1.6274e-05
-1.65606e-05
-1.68566e-05
-1.71628e-05
-1.74801e-05
-1.78095e-05
-1.81523e-05
-1.85098e-05
-1.88836e-05
-1.92759e-05
-1.96888e-05
-2.01252e-05
-2.0588e-05
-1.61204e-05
-1.63866e-05
-1.66571e-05
-1.69321e-05
-1.72125e-05
-1.74989e-05
-1.7792e-05
-1.80927e-05
-1.84021e-05
-1.87215e-05
-1.90523e-05
-1.93965e-05
-1.97562e-05
-2.01344e-05
-2.05339e-05
-1.63783e-05
-1.6643e-05
-1.69089e-05
-1.71765e-05
-1.74464e-05
-1.77192e-05
-1.79958e-05
-1.82768e-05
-1.85633e-05
-1.88565e-05
-1.91579e-05
-1.94692e-05
-1.97926e-05
-2.01309e-05
-2.0487e-05
-1.65395e-05
-1.68041e-05
-1.70678e-05
-1.7331e-05
-1.75945e-05
-1.78588e-05
-1.81246e-05
-1.83927e-05
-1.86641e-05
-1.894e-05
-1.92217e-05
-1.9511e-05
-1.981e-05
-2.01214e-05
-2.04476e-05
-1.66351e-05
-1.69007e-05
-1.7164e-05
-1.74253e-05
-1.76853e-05
-1.79446e-05
-1.82039e-05
-1.8464e-05
-1.87258e-05
-1.89905e-05
-1.92595e-05
-1.95343e-05
-1.98171e-05
-2.01101e-05
-2.04159e-05
-1.66882e-05
-1.69557e-05
-1.72197e-05
-1.74807e-05
-1.77393e-05
-1.79961e-05
-1.82519e-05
-1.85072e-05
-1.87633e-05
-1.9021e-05
-1.92819e-05
-1.95473e-05
-1.98192e-05
-2.00998e-05
-2.03912e-05
-1.6715e-05
-1.69848e-05
-1.72503e-05
-1.75121e-05
-1.77707e-05
-1.80266e-05
-1.82807e-05
-1.85336e-05
-1.87863e-05
-1.90399e-05
-1.92957e-05
-1.95549e-05
-1.98195e-05
-2.00914e-05
-2.03725e-05
-1.67264e-05
-1.69987e-05
-1.72662e-05
-1.75293e-05
-1.77886e-05
-1.80447e-05
-1.82983e-05
-1.85501e-05
-1.88011e-05
-1.90522e-05
-1.93048e-05
-1.95599e-05
-1.98195e-05
-2.0085e-05
-2.03585e-05
-1.67293e-05
-1.70042e-05
-1.72737e-05
-1.75385e-05
-1.77989e-05
-1.80557e-05
-1.83095e-05
-1.8561e-05
-1.88112e-05
-1.90609e-05
-1.93114e-05
-1.95638e-05
-1.98196e-05
-2.00804e-05
-2.03478e-05
-1.67282e-05
-1.70054e-05
-1.7277e-05
-1.75434e-05
-1.78052e-05
-1.80629e-05
-1.83172e-05
-1.85689e-05
-1.88187e-05
-1.90676e-05
-1.93167e-05
-1.9567e-05
-1.982e-05
-2.0077e-05
-2.03396e-05
-1.67253e-05
-1.70048e-05
-1.72782e-05
-1.75463e-05
-1.78093e-05
-1.8068e-05
-1.8323e-05
-1.8575e-05
-1.88247e-05
-1.90732e-05
-1.93212e-05
-1.957e-05
-1.98207e-05
-2.00745e-05
-2.0333e-05
-1.67221e-05
-1.70036e-05
-1.72787e-05
-1.75482e-05
-1.78125e-05
-1.80721e-05
-1.83278e-05
-1.85801e-05
-1.88299e-05
-1.9078e-05
-1.93253e-05
-1.95727e-05
-1.98215e-05
-2.00726e-05
-2.03275e-05
-1.67193e-05
-1.70024e-05
-1.72791e-05
-1.75499e-05
-1.78153e-05
-1.80758e-05
-1.8332e-05
-1.85847e-05
-1.88345e-05
-1.90823e-05
-1.9329e-05
-1.95753e-05
-1.98224e-05
-2.00711e-05
-2.03228e-05
-1.6717e-05
-1.70016e-05
-1.72797e-05
-1.75516e-05
-1.78179e-05
-1.80791e-05
-1.83359e-05
-1.85888e-05
-1.88387e-05
-1.90863e-05
-1.93323e-05
-1.95776e-05
-1.98232e-05
-2.00699e-05
-2.03187e-05
-1.67152e-05
-1.70012e-05
-1.72804e-05
-1.75533e-05
-1.78205e-05
-1.80823e-05
-1.83395e-05
-1.85927e-05
-1.88426e-05
-1.90899e-05
-1.93354e-05
-1.95798e-05
-1.98241e-05
-2.00688e-05
-2.03151e-05
-1.6714e-05
-1.70012e-05
-1.72815e-05
-1.75553e-05
-1.78232e-05
-1.80856e-05
-1.83432e-05
-1.85966e-05
-1.88465e-05
-1.90935e-05
-1.93384e-05
-1.9582e-05
-1.98249e-05
-2.00678e-05
-2.03116e-05
-1.67132e-05
-1.70015e-05
-1.72827e-05
-1.75574e-05
-1.78259e-05
-1.80888e-05
-1.83467e-05
-1.86002e-05
-1.88501e-05
-1.90968e-05
-1.93413e-05
-1.95839e-05
-1.98257e-05
-2.00669e-05
-2.03085e-05
-7.42809e-06
-7.42966e-06
-7.43881e-06
-7.45455e-06
-7.47595e-06
-7.50208e-06
-7.53268e-06
-7.56809e-06
-7.60698e-06
-7.64983e-06
-7.69654e-06
-7.74703e-06
-7.80119e-06
-7.85885e-06
-7.91971e-06
-7.98335e-06
-8.04911e-06
-8.11604e-06
-8.18272e-06
-8.24711e-06
-8.30642e-06
-8.35709e-06
-8.39215e-06
-8.40342e-06
-8.38469e-06
-8.33039e-06
-8.23555e-06
-8.09703e-06
-7.91475e-06
-7.69195e-06
-7.43038e-06
-7.13643e-06
-6.8297e-06
-6.52767e-06
-6.24794e-06
-6.00674e-06
-5.81771e-06
-5.68987e-06
-5.62481e-06
-5.61622e-06
-5.65088e-06
-5.71104e-06
-5.77787e-06
-5.83117e-06
-5.85656e-06
-7.41432e-06
-7.41656e-06
-7.42422e-06
-7.43665e-06
-7.45331e-06
-7.47424e-06
-7.49913e-06
-7.52788e-06
-7.56028e-06
-7.59628e-06
-7.63588e-06
-7.67902e-06
-7.72565e-06
-7.77568e-06
-7.82895e-06
-7.8852e-06
-7.94397e-06
-8.00456e-06
-8.06583e-06
-8.12596e-06
-8.18232e-06
-8.23101e-06
-8.26453e-06
-8.27513e-06
-8.2573e-06
-8.20611e-06
-8.11734e-06
-7.98842e-06
-7.81883e-06
-7.61024e-06
-7.36828e-06
-7.10627e-06
-6.83586e-06
-6.56963e-06
-6.32301e-06
-6.11177e-06
-5.94821e-06
-5.83828e-06
-5.78121e-06
-5.76992e-06
-5.79257e-06
-5.83507e-06
-5.88371e-06
-5.92798e-06
-5.96085e-06
-7.38688e-06
-7.39146e-06
-7.39979e-06
-7.41186e-06
-7.42752e-06
-7.44667e-06
-7.46926e-06
-7.49525e-06
-7.52464e-06
-7.55744e-06
-7.59371e-06
-7.63349e-06
-7.67685e-06
-7.72385e-06
-7.77456e-06
-7.82902e-06
-7.88725e-06
-7.94918e-06
-8.01453e-06
-8.08259e-06
-8.15197e-06
-8.21987e-06
-8.27827e-06
-8.3174e-06
-8.32967e-06
-8.30785e-06
-8.24549e-06
-8.13814e-06
-7.98419e-06
-7.78527e-06
-7.54628e-06
-7.27867e-06
-6.99672e-06
-6.71643e-06
-6.45505e-06
-6.22895e-06
-6.0511e-06
-5.92883e-06
-5.8626e-06
-5.84623e-06
-5.86837e-06
-5.91487e-06
-5.9716e-06
-6.02955e-06
-6.08768e-06
-7.35041e-06
-7.35776e-06
-7.3673e-06
-7.37949e-06
-7.39459e-06
-7.41261e-06
-7.43361e-06
-7.45768e-06
-7.48495e-06
-7.51557e-06
-7.5497e-06
-7.58754e-06
-7.62934e-06
-7.67543e-06
-7.72623e-06
-7.78229e-06
-7.84439e-06
-7.91349e-06
-7.99076e-06
-8.07735e-06
-8.17408e-06
-8.28007e-06
-8.38591e-06
-8.47709e-06
-8.54156e-06
-8.5679e-06
-8.5457e-06
-8.46835e-06
-8.33327e-06
-8.14228e-06
-7.90118e-06
-7.62067e-06
-7.31613e-06
-7.00551e-06
-6.70841e-06
-6.44403e-06
-6.22863e-06
-6.07304e-06
-5.98084e-06
-5.94799e-06
-5.96393e-06
-6.01362e-06
-6.08087e-06
-6.1558e-06
-6.23912e-06
-7.30898e-06
-7.31928e-06
-7.33024e-06
-7.34291e-06
-7.35791e-06
-7.37537e-06
-7.39546e-06
-7.41839e-06
-7.44444e-06
-7.47387e-06
-7.50701e-06
-7.54424e-06
-7.58605e-06
-7.63308e-06
-7.68625e-06
-7.74678e-06
-7.81646e-06
-7.8977e-06
-7.99363e-06
-8.10803e-06
-8.24478e-06
-8.40585e-06
-8.57972e-06
-8.74406e-06
-8.88004e-06
-8.9702e-06
-8.99933e-06
-8.96038e-06
-8.85058e-06
-8.67151e-06
-8.42789e-06
-8.13126e-06
-7.79674e-06
-7.4438e-06
-7.09455e-06
-6.77194e-06
-6.49717e-06
-6.28665e-06
-6.14929e-06
-6.08491e-06
-6.08451e-06
-6.13192e-06
-6.20777e-06
-6.29984e-06
-6.40917e-06
-7.26564e-06
-7.27866e-06
-7.29107e-06
-7.30443e-06
-7.31965e-06
-7.33697e-06
-7.35666e-06
-7.37909e-06
-7.40463e-06
-7.43371e-06
-7.46682e-06
-7.50454e-06
-7.54763e-06
-7.59711e-06
-7.65444e-06
-7.72167e-06
-7.80175e-06
-7.8988e-06
-8.0184e-06
-8.16746e-06
-8.35357e-06
-8.58225e-06
-8.83912e-06
-9.09094e-06
-9.30963e-06
-9.47086e-06
-9.55967e-06
-9.56737e-06
-9.4891e-06
-9.32912e-06
-9.08669e-06
-8.77432e-06
-8.40789e-06
-8.00749e-06
-7.59711e-06
-7.2034e-06
-6.85324e-06
-6.57013e-06
-6.37027e-06
-6.25925e-06
-6.23093e-06
-6.26846e-06
-6.34885e-06
-6.45682e-06
-6.59323e-06
-7.22267e-06
-7.23801e-06
-7.25175e-06
-7.26583e-06
-7.28141e-06
-7.29881e-06
-7.31842e-06
-7.34071e-06
-7.36619e-06
-7.39544e-06
-7.4291e-06
-7.46797e-06
-7.51309e-06
-7.56589e-06
-7.62838e-06
-7.70348e-06
-7.7954e-06
-7.91015e-06
-8.05594e-06
-8.24316e-06
-8.48342e-06
-8.7861e-06
-9.13326e-06
-9.47801e-06
-9.78205e-06
-1.0021e-05
-1.01794e-05
-1.02414e-05
-1.01994e-05
-1.00518e-05
-9.81164e-06
-9.48759e-06
-9.09353e-06
-8.64875e-06
-8.17787e-06
-7.71028e-06
-7.27809e-06
-6.91231e-06
-6.6376e-06
-6.46718e-06
-6.39957e-06
-6.41851e-06
-6.49782e-06
-6.61908e-06
-6.7827e-06
-7.18159e-06
-7.19885e-06
-7.21372e-06
-7.22847e-06
-7.24443e-06
-7.26201e-06
-7.28167e-06
-7.30399e-06
-7.32962e-06
-7.35925e-06
-7.39369e-06
-7.43395e-06
-7.48133e-06
-7.53766e-06
-7.60552e-06
-7.68865e-06
-7.79254e-06
-7.92509e-06
-8.09724e-06
-8.323e-06
-8.61802e-06
-8.99564e-06
-9.43447e-06
-9.87354e-06
-1.02654e-05
-1.05803e-05
-1.0796e-05
-1.08995e-05
-1.08874e-05
-1.0761e-05
-1.05286e-05
-1.01989e-05
-9.78496e-06
-9.30461e-06
-8.7819e-06
-8.24735e-06
-7.73677e-06
-7.28769e-06
-6.9334e-06
-6.69579e-06
-6.57993e-06
-6.57197e-06
-6.64391e-06
-6.77471e-06
-6.9642e-06
-7.14332e-06
-7.16216e-06
-7.178e-06
-7.19332e-06
-7.20963e-06
-7.22737e-06
-7.24708e-06
-7.26943e-06
-7.29517e-06
-7.32513e-06
-7.36027e-06
-7.40178e-06
-7.45124e-06
-7.5108e-06
-7.58357e-06
-7.67411e-06
-7.78909e-06
-7.93818e-06
-8.13503e-06
-8.39732e-06
-8.74441e-06
-9.19311e-06
-9.71911e-06
-1.02463e-05
-1.07169e-05
-1.10959e-05
-1.13602e-05
-1.14994e-05
-1.15125e-05
-1.14024e-05
-1.1177e-05
-1.0845e-05
-1.04182e-05
-9.9126e-06
-9.35064e-06
-8.76229e-06
-8.18495e-06
-7.66062e-06
-7.23016e-06
-6.92403e-06
-6.75512e-06
-6.71398e-06
-6.77261e-06
-6.90845e-06
-7.12096e-06
-7.10843e-06
-7.1286e-06
-7.14524e-06
-7.16105e-06
-7.17762e-06
-7.19543e-06
-7.21506e-06
-7.23728e-06
-7.26294e-06
-7.29297e-06
-7.32848e-06
-7.37082e-06
-7.4218e-06
-7.48391e-06
-7.56071e-06
-7.65748e-06
-7.78198e-06
-7.94551e-06
-8.16424e-06
-8.45958e-06
-8.85394e-06
-9.3668e-06
-9.97181e-06
-1.0577e-05
-1.11144e-05
-1.15453e-05
-1.18471e-05
-1.20118e-05
-1.20408e-05
-1.19399e-05
-1.17176e-05
-1.13831e-05
-1.09473e-05
-1.04247e-05
-9.83553e-06
-9.20798e-06
-8.57899e-06
-7.99269e-06
-7.49573e-06
-7.1257e-06
-6.9036e-06
-6.82588e-06
-6.86649e-06
-7.00277e-06
-7.23436e-06
-7.07721e-06
-7.09858e-06
-7.11591e-06
-7.13211e-06
-7.14883e-06
-7.16656e-06
-7.18591e-06
-7.20773e-06
-7.23295e-06
-7.26262e-06
-7.29796e-06
-7.34049e-06
-7.39223e-06
-7.45593e-06
-7.5356e-06
-7.63713e-06
-7.76924e-06
-7.94471e-06
-8.18188e-06
-8.50592e-06
-8.9412e-06
-9.51186e-06
-1.01853e-05
-1.08574e-05
-1.14489e-05
-1.19192e-05
-1.22464e-05
-1.24251e-05
-1.24599e-05
-1.23595e-05
-1.21341e-05
-1.17938e-05
-1.13493e-05
-1.08139e-05
-1.02058e-05
-9.55096e-06
-8.88438e-06
-8.25012e-06
-7.69957e-06
-7.27396e-06
-7.00206e-06
-6.88719e-06
-6.90675e-06
-7.03935e-06
-7.28563e-06
-7.04983e-06
-7.07236e-06
-7.09033e-06
-7.10684e-06
-7.12358e-06
-7.14103e-06
-7.15983e-06
-7.18088e-06
-7.2052e-06
-7.23394e-06
-7.26844e-06
-7.31038e-06
-7.36194e-06
-7.42616e-06
-7.50741e-06
-7.61212e-06
-7.74988e-06
-7.93475e-06
-8.18683e-06
-8.53428e-06
-9.00482e-06
-9.62702e-06
-1.03593e-05
-1.10862e-05
-1.17202e-05
-1.22181e-05
-1.25596e-05
-1.2742e-05
-1.2773e-05
-1.26645e-05
-1.24287e-05
-1.2077e-05
-1.16207e-05
-1.10725e-05
-1.0449e-05
-9.77402e-06
-9.07975e-06
-8.40832e-06
-7.81696e-06
-7.34515e-06
-7.02847e-06
-6.87782e-06
-6.87483e-06
-7.00042e-06
-7.25717e-06
-7.02642e-06
-7.05018e-06
-7.06879e-06
-7.08554e-06
-7.10216e-06
-7.11909e-06
-7.137e-06
-7.15684e-06
-7.17972e-06
-7.20687e-06
-7.23976e-06
-7.28021e-06
-7.3306e-06
-7.3942e-06
-7.47572e-06
-7.58209e-06
-7.72365e-06
-7.91564e-06
-8.17967e-06
-8.545e-06
-9.04734e-06
-9.71334e-06
-1.04957e-05
-1.12673e-05
-1.19335e-05
-1.24494e-05
-1.27958e-05
-1.29732e-05
-1.29922e-05
-1.28676e-05
-1.26141e-05
-1.22446e-05
-1.17711e-05
-1.12065e-05
-1.05667e-05
-9.8736e-06
-9.15714e-06
-8.45514e-06
-7.82876e-06
-7.31991e-06
-6.9639e-06
-6.77975e-06
-6.75383e-06
-6.86991e-06
-7.13355e-06
-7.00716e-06
-7.0323e-06
-7.05157e-06
-7.06851e-06
-7.08486e-06
-7.10101e-06
-7.11764e-06
-7.13577e-06
-7.15657e-06
-7.18141e-06
-7.21186e-06
-7.2499e-06
-7.29809e-06
-7.35994e-06
-7.44048e-06
-7.5471e-06
-7.69083e-06
-7.88795e-06
-8.16158e-06
-8.54225e-06
-9.07118e-06
-9.77336e-06
-1.05985e-05
-1.14069e-05
-1.20972e-05
-1.26233e-05
-1.29676e-05
-1.3133e-05
-1.31333e-05
-1.29857e-05
-1.27079e-05
-1.23133e-05
-1.1816e-05
-1.12291e-05
-1.05681e-05
-9.8541e-06
-9.11562e-06
-8.38846e-06
-7.72635e-06
-7.18378e-06
-6.79349e-06
-6.57839e-06
-6.52963e-06
-6.6343e-06
-6.90199e-06
-6.99228e-06
-7.01902e-06
-7.03903e-06
-7.0561e-06
-7.072e-06
-7.08706e-06
-7.10198e-06
-7.11783e-06
-7.13588e-06
-7.15761e-06
-7.18476e-06
-7.21944e-06
-7.26442e-06
-7.32346e-06
-7.40189e-06
-7.50754e-06
-7.65206e-06
-7.85271e-06
-8.13411e-06
-8.52863e-06
-9.07855e-06
-9.81151e-06
-1.06738e-05
-1.15125e-05
-1.22204e-05
-1.2751e-05
-1.30877e-05
-1.3236e-05
-1.32123e-05
-1.30358e-05
-1.2728e-05
-1.23012e-05
-1.17724e-05
-1.11555e-05
-1.04661e-05
-9.72481e-06
-8.95938e-06
-8.20533e-06
-7.50747e-06
-6.93099e-06
-6.50822e-06
-6.26309e-06
-6.19123e-06
-6.28281e-06
-6.55242e-06
-6.98214e-06
-7.01073e-06
-7.03156e-06
-7.0487e-06
-7.06395e-06
-7.07757e-06
-7.09027e-06
-7.10322e-06
-7.11779e-06
-7.1356e-06
-7.15855e-06
-7.18895e-06
-7.22976e-06
-7.285e-06
-7.36032e-06
-7.46396e-06
-7.60819e-06
-7.8111e-06
-8.0987e-06
-8.50506e-06
-9.07306e-06
-9.83306e-06
-1.07277e-05
-1.15914e-05
-1.23122e-05
-1.28429e-05
-1.31681e-05
-1.32956e-05
-1.32438e-05
-1.30345e-05
-1.2689e-05
-1.22239e-05
-1.16561e-05
-1.10005e-05
-1.02738e-05
-9.49644e-06
-8.6953e-06
-7.90736e-06
-7.17333e-06
-6.55855e-06
-6.1019e-06
-5.82613e-06
-5.73049e-06
-5.80723e-06
-6.0772e-06
-6.97716e-06
-7.00791e-06
-7.02967e-06
-7.0468e-06
-7.06114e-06
-7.0729e-06
-7.08281e-06
-7.09215e-06
-7.10244e-06
-7.11547e-06
-7.13334e-06
-7.15856e-06
-7.19432e-06
-7.24489e-06
-7.31625e-06
-7.41706e-06
-7.56015e-06
-7.76443e-06
-8.05706e-06
-8.47364e-06
-9.05804e-06
-9.84268e-06
-1.07653e-05
-1.16498e-05
-1.23802e-05
-1.2908e-05
-1.32191e-05
-1.33228e-05
-1.32397e-05
-1.29931e-05
-1.26053e-05
-1.20952e-05
-1.14804e-05
-1.07771e-05
-1.00027e-05
-9.17845e-06
-8.33187e-06
-7.49995e-06
-6.72517e-06
-6.06687e-06
-5.57115e-06
-5.26256e-06
-5.14193e-06
-5.20176e-06
-5.47112e-06
-6.97791e-06
-7.01114e-06
-7.03393e-06
-7.05092e-06
-7.06404e-06
-7.07342e-06
-7.07987e-06
-7.0848e-06
-7.08995e-06
-7.09731e-06
-7.10922e-06
-7.1284e-06
-7.15831e-06
-7.20349e-06
-7.27022e-06
-7.36756e-06
-7.50893e-06
-7.71399e-06
-8.01089e-06
-8.43668e-06
-9.0362e-06
-9.84325e-06
-1.0791e-05
-1.16938e-05
-1.2431e-05
-1.29538e-05
-1.32486e-05
-1.33265e-05
-1.32093e-05
-1.29217e-05
-1.2487e-05
-1.19255e-05
-1.12558e-05
-1.04952e-05
-9.6626e-06
-8.78003e-06
-7.87616e-06
-6.98859e-06
-6.16435e-06
-5.45769e-06
-4.91668e-06
-4.57031e-06
-4.42255e-06
-4.46226e-06
-4.73122e-06
-6.98505e-06
-7.02113e-06
-7.04501e-06
-7.06169e-06
-7.07316e-06
-7.07953e-06
-7.08171e-06
-7.08133e-06
-7.08037e-06
-7.08113e-06
-7.08623e-06
-7.09857e-06
-7.12193e-06
-7.16114e-06
-7.22273e-06
-7.31619e-06
-7.45546e-06
-7.66095e-06
-7.96172e-06
-8.39609e-06
-9.00985e-06
-9.83775e-06
-1.08087e-05
-1.17275e-05
-1.24698e-05
-1.29859e-05
-1.3263e-05
-1.33133e-05
-1.31597e-05
-1.28278e-05
-1.23417e-05
-1.17227e-05
-1.09903e-05
-1.01631e-05
-9.2613e-06
-8.30856e-06
-7.33523e-06
-6.38069e-06
-5.49401e-06
-4.73013e-06
-4.14002e-06
-3.7501e-06
-3.57163e-06
-3.58645e-06
-3.85562e-06
-6.99937e-06
-7.03867e-06
-7.06371e-06
-7.07978e-06
-7.08904e-06
-7.09159e-06
-7.08854e-06
-7.08179e-06
-7.07368e-06
-7.06687e-06
-7.0643e-06
-7.06911e-06
-7.08532e-06
-7.11811e-06
-7.17426e-06
-7.26362e-06
-7.40061e-06
-7.60639e-06
-7.91086e-06
-8.35346e-06
-8.9809e-06
-9.82856e-06
-1.0821e-05
-1.17544e-05
-1.25003e-05
-1.30085e-05
-1.32668e-05
-1.3288e-05
-1.30959e-05
-1.27167e-05
-1.2175e-05
-1.14927e-05
-1.06901e-05
-9.78707e-06
-8.80527e-06
-7.77042e-06
-6.71509e-06
-5.68106e-06
-4.7197e-06
-3.88871e-06
-3.24181e-06
-2.80294e-06
-2.58791e-06
-2.57909e-06
-2.83966e-06
-7.02179e-06
-7.06474e-06
-7.09091e-06
-7.10595e-06
-7.11225e-06
-7.10998e-06
-7.1005e-06
-7.08617e-06
-7.06975e-06
-7.05435e-06
-7.04329e-06
-7.03993e-06
-7.04855e-06
-7.07464e-06
-7.12519e-06
-7.21039e-06
-7.34512e-06
-7.55123e-06
-7.85937e-06
-8.31009e-06
-8.95084e-06
-9.81746e-06
-1.08302e-05
-1.17768e-05
-1.25252e-05
-1.30246e-05
-1.32629e-05
-1.32539e-05
-1.30214e-05
-1.25921e-05
-1.19907e-05
-1.12397e-05
-1.03598e-05
-9.37221e-06
-8.30008e-06
-7.17147e-06
-6.02168e-06
-4.89544e-06
-3.8472e-06
-2.93831e-06
-2.22504e-06
-1.73232e-06
-1.47451e-06
-1.44186e-06
-1.68364e-06
-7.05341e-06
-7.10044e-06
-7.12764e-06
-7.14105e-06
-7.14338e-06
-7.13498e-06
-7.11767e-06
-7.09435e-06
-7.06837e-06
-7.04336e-06
-7.02291e-06
-7.01083e-06
-7.01162e-06
-7.03084e-06
-7.07582e-06
-7.15695e-06
-7.28964e-06
-7.49622e-06
-7.80815e-06
-8.26697e-06
-8.9208e-06
-9.80572e-06
-1.08377e-05
-1.17964e-05
-1.25463e-05
-1.3036e-05
-1.32536e-05
-1.3213e-05
-1.29385e-05
-1.24565e-05
-1.17918e-05
-1.0967e-05
-1.00034e-05
-8.92306e-06
-7.75096e-06
-6.51759e-06
-5.2613e-06
-4.03042e-06
-2.88318e-06
-1.88403e-06
-1.09507e-06
-5.44175e-07
-2.39791e-07
-1.81898e-07
-3.89404e-07
-7.09554e-06
-7.14711e-06
-7.17508e-06
-7.18597e-06
-7.183e-06
-7.16685e-06
-7.14e-06
-7.10608e-06
-7.06918e-06
-7.03345e-06
-7.00285e-06
-6.98165e-06
-6.9744e-06
-6.98678e-06
-7.02632e-06
-7.10371e-06
-7.23463e-06
-7.44195e-06
-7.75791e-06
-8.22489e-06
-8.89159e-06
-9.79424e-06
-1.08444e-05
-1.18142e-05
-1.25648e-05
-1.30439e-05
-1.32399e-05
-1.31667e-05
-1.28485e-05
-1.23115e-05
-1.15803e-05
-1.06774e-05
-9.62426e-06
-8.44397e-06
-7.16323e-06
-5.81503e-06
-4.44103e-06
-3.09347e-06
-1.83483e-06
-7.33864e-07
1.40011e-07
7.56748e-07
1.11343e-06
1.20156e-06
1.02975e-06
-7.14976e-06
-7.20632e-06
-7.23459e-06
-7.2417e-06
-7.23167e-06
-7.20574e-06
-7.1673e-06
-7.12096e-06
-7.07171e-06
-7.02413e-06
-6.9828e-06
-6.95211e-06
-6.93674e-06
-6.94244e-06
-6.97687e-06
-7.05089e-06
-7.18045e-06
-7.38891e-06
-7.70915e-06
-8.18438e-06
-8.86379e-06
-9.78358e-06
-1.0851e-05
-1.18309e-05
-1.25812e-05
-1.3049e-05
-1.32225e-05
-1.31157e-05
-1.27524e-05
-1.21585e-05
-1.1358e-05
-1.03731e-05
-9.22569e-06
-7.93942e-06
-6.54265e-06
-5.07085e-06
-3.56902e-06
-2.09352e-06
-7.11442e-07
5.03444e-07
1.47286e-06
2.16425e-06
2.58423e-06
2.71319e-06
2.57449e-06
-7.21804e-06
-7.27996e-06
-7.3077e-06
-7.30929e-06
-7.28988e-06
-7.25166e-06
-7.19923e-06
-7.13852e-06
-7.07536e-06
-7.01496e-06
-6.96231e-06
-6.92192e-06
-6.89851e-06
-6.89783e-06
-6.92755e-06
-6.9987e-06
-7.12738e-06
-7.33743e-06
-7.66227e-06
-8.14584e-06
-8.83775e-06
-9.77409e-06
-1.08578e-05
-1.18467e-05
-1.25958e-05
-1.30515e-05
-1.32018e-05
-1.30604e-05
-1.26509e-05
-1.19983e-05
-1.11263e-05
-1.00567e-05
-8.81115e-06
-7.4142e-06
-5.89556e-06
-4.29301e-06
-2.65475e-06
-1.04121e-06
4.75652e-07
1.81654e-06
2.89422e-06
3.66735e-06
4.15766e-06
4.3382e-06
4.24401e-06
-7.30277e-06
-7.37031e-06
-7.39619e-06
-7.38982e-06
-7.35803e-06
-7.30446e-06
-7.23535e-06
-7.15815e-06
-7.0795e-06
-7.00537e-06
-6.94095e-06
-6.8908e-06
-6.85958e-06
-6.85291e-06
-6.87845e-06
-6.94728e-06
-7.07563e-06
-7.28773e-06
-7.61749e-06
-8.10949e-06
-8.8137e-06
-9.76594e-06
-1.08649e-05
-1.18618e-05
-1.26088e-05
-1.30515e-05
-1.31778e-05
-1.30011e-05
-1.25443e-05
-1.1832e-05
-1.08869e-05
-9.73038e-06
-8.38431e-06
-6.87351e-06
-5.22895e-06
-3.49042e-06
-1.70898e-06
5.10997e-08
1.7128e-06
3.19073e-06
4.39187e-06
5.25765e-06
5.82216e-06
6.06107e-06
6.02122e-06
-7.407e-06
-7.4801e-06
-7.50205e-06
-7.48435e-06
-7.43637e-06
-7.36379e-06
-7.27506e-06
-7.17906e-06
-7.08347e-06
-6.99482e-06
-6.91836e-06
-6.85855e-06
-6.81986e-06
-6.80771e-06
-6.82966e-06
-6.89678e-06
-7.02536e-06
-7.23998e-06
-7.57498e-06
-8.07549e-06
-8.79172e-06
-9.75918e-06
-1.08723e-05
-1.18761e-05
-1.26201e-05
-1.3049e-05
-1.31506e-05
-1.2938e-05
-1.24333e-05
-1.16603e-05
-1.06412e-05
-9.39687e-06
-7.94901e-06
-6.32288e-06
-4.55036e-06
-2.67282e-06
-7.43687e-07
1.16946e-06
2.98455e-06
4.60908e-06
5.94801e-06
6.9271e-06
7.56873e-06
7.87742e-06
7.90012e-06
-7.53454e-06
-7.61265e-06
-7.62749e-06
-7.59389e-06
-7.52489e-06
-7.42911e-06
-7.31746e-06
-7.20039e-06
-7.08659e-06
-6.98283e-06
-6.89426e-06
-6.82505e-06
-6.77935e-06
-6.7623e-06
-6.78128e-06
-6.84732e-06
-6.97671e-06
-7.1943e-06
-7.53483e-06
-8.04386e-06
-8.77182e-06
-9.75377e-06
-1.08799e-05
-1.18896e-05
-1.26296e-05
-1.3044e-05
-1.31203e-05
-1.28712e-05
-1.23181e-05
-1.14842e-05
-1.03909e-05
-9.05877e-06
-7.50929e-06
-5.76806e-06
-3.86766e-06
-1.85054e-06
2.28257e-07
2.29867e-06
4.27441e-06
6.05617e-06
7.54323e-06
8.65511e-06
9.38578e-06
9.77554e-06
9.87205e-06
-7.69035e-06
-7.77192e-06
-7.77487e-06
-7.71921e-06
-7.62324e-06
-7.49951e-06
-7.36147e-06
-7.22128e-06
-7.08823e-06
-6.96902e-06
-6.86847e-06
-6.79028e-06
-6.73814e-06
-6.71683e-06
-6.73348e-06
-6.79905e-06
-6.92978e-06
-7.15077e-06
-7.49706e-06
-8.01462e-06
-8.75395e-06
-9.74962e-06
-1.08877e-05
-1.19021e-05
-1.26373e-05
-1.30365e-05
-1.3087e-05
-1.28011e-05
-1.21996e-05
-1.13049e-05
-1.01379e-05
-8.71882e-06
-7.0692e-06
-5.21487e-06
-3.18885e-06
-1.03416e-06
1.19338e-06
3.42239e-06
5.56375e-06
7.51254e-06
9.16032e-06
1.04185e-05
1.12572e-05
1.1741e-05
1.19277e-05
-7.88092e-06
-7.96268e-06
-7.94661e-06
-7.86084e-06
-7.73062e-06
-7.5737e-06
-7.40594e-06
-7.24082e-06
-7.0878e-06
-6.95313e-06
-6.84096e-06
-6.75435e-06
-6.69641e-06
-6.67149e-06
-6.68644e-06
-6.75214e-06
-6.8847e-06
-7.10944e-06
-7.46169e-06
-7.98771e-06
-8.73803e-06
-9.74661e-06
-1.08955e-05
-1.19136e-05
-1.2643e-05
-1.30264e-05
-1.30508e-05
-1.27279e-05
-1.20782e-05
-1.11234e-05
-9.88385e-06
-8.37973e-06
-6.63272e-06
-4.66895e-06
-2.52174e-06
-2.34178e-07
2.13805e-06
4.52358e-06
6.83221e-06
8.955e-06
1.07751e-05
1.21944e-05
1.31661e-05
1.37593e-05
1.40576e-05
-8.11497e-06
-8.1905e-06
-8.14495e-06
-8.01891e-06
-7.84546e-06
-7.65009e-06
-7.44954e-06
-7.25816e-06
-7.08487e-06
-6.93503e-06
-6.81182e-06
-6.71748e-06
-6.65444e-06
-6.62657e-06
-6.64041e-06
-6.70676e-06
-6.84157e-06
-7.07035e-06
-7.42869e-06
-7.96305e-06
-8.72393e-06
-9.74462e-06
-1.09032e-05
-1.1924e-05
-1.26468e-05
-1.30138e-05
-1.30118e-05
-1.26522e-05
-1.19548e-05
-1.09408e-05
-9.63054e-06
-8.04411e-06
-6.20361e-06
-4.13561e-06
-1.87366e-06
5.39441e-07
3.04897e-06
5.58506e-06
8.05846e-06
1.03586e-05
1.23613e-05
1.39572e-05
1.50873e-05
1.58133e-05
1.62536e-05
-8.40452e-06
-8.4617e-06
-8.37129e-06
-8.19102e-06
-7.96691e-06
-7.72687e-06
-7.49091e-06
-7.27251e-06
-7.07916e-06
-6.91479e-06
-6.78131e-06
-6.68e-06
-6.61257e-06
-6.58236e-06
-6.59565e-06
-6.6631e-06
-6.80052e-06
-7.03356e-06
-7.39803e-06
-7.94057e-06
-8.71154e-06
-9.7435e-06
-1.09107e-05
-1.19331e-05
-1.26487e-05
-1.29989e-05
-1.29704e-05
-1.25743e-05
-1.183e-05
-1.07583e-05
-9.37965e-06
-7.71439e-06
-5.7853e-06
-3.61962e-06
-1.2512e-06
1.27762e-06
3.91377e-06
6.59018e-06
9.22087e-06
1.16968e-05
1.38895e-05
1.56788e-05
1.69897e-05
1.78804e-05
1.85078e-05
-8.76659e-06
-8.7833e-06
-8.62639e-06
-8.37651e-06
-8.0909e-06
-7.80171e-06
-7.52873e-06
-7.28329e-06
-7.0706e-06
-6.89262e-06
-6.7498e-06
-6.64233e-06
-6.57119e-06
-6.53923e-06
-6.55243e-06
-6.62135e-06
-6.76164e-06
-6.99907e-06
-7.36967e-06
-7.92015e-06
-8.70072e-06
-9.74312e-06
-1.09179e-05
-1.19411e-05
-1.26487e-05
-1.29818e-05
-1.29269e-05
-1.24948e-05
-1.17046e-05
-1.05771e-05
-9.13274e-06
-7.39273e-06
-5.38076e-06
-3.12504e-06
-6.59967e-07
1.97257e-06
4.72147e-06
7.52357e-06
1.02983e-05
1.29418e-05
1.53258e-05
1.73232e-05
1.88385e-05
1.9932e-05
2.08141e-05
-9.22539e-06
-9.16231e-06
-8.90822e-06
-8.57135e-06
-8.21418e-06
-7.87231e-06
-7.56181e-06
-7.29015e-06
-7.05933e-06
-6.86892e-06
-6.71775e-06
-6.60494e-06
-6.53074e-06
-6.49752e-06
-6.511e-06
-6.58168e-06
-6.72504e-06
-6.9669e-06
-7.34355e-06
-7.9017e-06
-8.69134e-06
-9.74337e-06
-1.09248e-05
-1.19478e-05
-1.2647e-05
-1.29627e-05
-1.28816e-05
-1.24142e-05
-1.15794e-05
-1.0398e-05
-8.89121e-06
-7.08101e-06
-4.99247e-06
-2.65517e-06
-1.04419e-07
2.61805e-06
5.46307e-06
8.37189e-06
1.1271e-05
1.40655e-05
1.66328e-05
1.88461e-05
2.05893e-05
2.19301e-05
2.31693e-05
-9.81466e-06
-9.59987e-06
-9.21479e-06
-8.76965e-06
-8.33257e-06
-7.93638e-06
-7.58926e-06
-7.29304e-06
-7.04571e-06
-6.84422e-06
-6.68573e-06
-6.56833e-06
-6.49162e-06
-6.45755e-06
-6.47161e-06
-6.54426e-06
-6.69077e-06
-6.93706e-06
-7.31961e-06
-7.8851e-06
-8.68329e-06
-9.74414e-06
-1.09312e-05
-1.19533e-05
-1.26436e-05
-1.29419e-05
-1.28348e-05
-1.23329e-05
-1.1455e-05
-1.02222e-05
-8.65634e-06
-6.78086e-06
-4.62249e-06
-2.21262e-06
4.12038e-07
3.20936e-06
6.13164e-06
9.12434e-06
1.21219e-05
1.50409e-05
1.77709e-05
2.0195e-05
2.21822e-05
2.38183e-05
2.55686e-05
-1.05806e-05
-1.00919e-05
-9.53356e-06
-8.96358e-06
-8.44131e-06
-7.99175e-06
-7.6105e-06
-7.29215e-06
-7.03025e-06
-6.81909e-06
-6.65427e-06
-6.53297e-06
-6.45424e-06
-6.41964e-06
-6.43448e-06
-6.5092e-06
-6.6589e-06
-6.90954e-06
-7.29779e-06
-7.87028e-06
-8.67644e-06
-9.74531e-06
-1.09371e-05
-1.19576e-05
-1.26386e-05
-1.29195e-05
-1.27869e-05
-1.22515e-05
-1.13322e-05
-1.00505e-05
-8.42931e-06
-6.49373e-06
-4.27259e-06
-1.79954e-06
8.86716e-07
3.74294e-06
6.72194e-06
9.77245e-06
1.28362e-05
1.58428e-05
1.86985e-05
2.13084e-05
2.35357e-05
2.55059e-05
2.79873e-05
-1.15671e-05
-1.06274e-05
-9.84789e-06
-9.14313e-06
-8.53545e-06
-8.03664e-06
-7.62535e-06
-7.28793e-06
-7.01358e-06
-6.79415e-06
-6.62391e-06
-6.4993e-06
-6.41891e-06
-6.384e-06
-6.39974e-06
-6.47659e-06
-6.62942e-06
-6.88428e-06
-7.278e-06
-7.85711e-06
-8.6707e-06
-9.74682e-06
-1.09425e-05
-1.19607e-05
-1.26321e-05
-1.28956e-05
-1.27381e-05
-1.21703e-05
-1.12113e-05
-9.88335e-06
-8.21067e-06
-6.22029e-06
-3.94352e-06
-1.41678e-06
1.31861e-06
4.2174e-06
7.23161e-06
1.03115e-05
1.34039e-05
1.645e-05
1.93749e-05
2.21164e-05
2.45445e-05
2.68602e-05
3.03765e-05
-1.28671e-05
-1.11898e-05
-1.01345e-05
-9.29752e-06
-8.61178e-06
-8.07108e-06
-7.63503e-06
-7.28182e-06
-6.99697e-06
-6.77042e-06
-6.59543e-06
-6.46788e-06
-6.38601e-06
-6.35086e-06
-6.36748e-06
-6.44637e-06
-6.60222e-06
-6.86108e-06
-7.25997e-06
-7.84532e-06
-8.66583e-06
-9.74859e-06
-1.09475e-05
-1.1963e-05
-1.26245e-05
-1.28708e-05
-1.26887e-05
-1.20894e-05
-1.10921e-05
-9.72015e-06
-7.99917e-06
-5.95848e-06
-3.63229e-06
-1.06025e-06
1.71301e-06
4.63917e-06
7.66793e-06
1.07485e-05
1.38294e-05
1.6858e-05
1.97745e-05
2.25514e-05
2.50821e-05
2.77269e-05
3.27476e-05
-1.45887e-05
-1.17433e-05
-1.03595e-05
-9.41671e-06
-8.67152e-06
-8.09891e-06
-7.64345e-06
-7.27707e-06
-6.98296e-06
-6.7498e-06
-6.57021e-06
-6.43966e-06
-6.3562e-06
-6.32063e-06
-6.33794e-06
-6.41863e-06
-6.57721e-06
-6.83972e-06
-7.24337e-06
-7.83447e-06
-8.66143e-06
-9.75044e-06
-1.09525e-05
-1.19654e-05
-1.26174e-05
-1.28468e-05
-1.26408e-05
-1.20106e-05
-1.09761e-05
-9.56155e-06
-7.79434e-06
-5.70629e-06
-3.33478e-06
-7.23126e-07
2.08005e-06
5.02239e-06
8.04961e-06
1.11072e-05
1.41403e-05
1.70942e-05
1.99097e-05
2.25699e-05
2.49878e-05
2.78243e-05
3.49038e-05
-1.60308e-05
-1.20787e-05
-1.04609e-05
-9.48059e-06
-8.7096e-06
-8.11803e-06
-7.64901e-06
-7.27228e-06
-6.97029e-06
-6.73125e-06
-6.54746e-06
-6.41417e-06
-6.32927e-06
-6.29339e-06
-6.31144e-06
-6.39397e-06
-6.55523e-06
-6.82122e-06
-7.22931e-06
-7.82559e-06
-8.65816e-06
-9.75238e-06
-1.09569e-05
-1.19671e-05
-1.26103e-05
-1.28244e-05
-1.25968e-05
-1.1939e-05
-1.08715e-05
-9.41946e-06
-7.61205e-06
-5.48362e-06
-3.07472e-06
-4.32434e-07
2.39043e-06
5.33692e-06
8.34765e-06
1.13621e-05
1.43176e-05
1.71472e-05
1.97702e-05
2.21195e-05
2.40291e-05
2.62181e-05
3.33132e-05
)
;

boundaryField
{
    inlet
    {
        type            uniformJump;
        patchType       cyclic;
        jump            uniform -2.5e-05;
        value           nonuniform List<scalar> 
40
(
9.99762e-07
1.01752e-06
1.03641e-06
1.05573e-06
1.07706e-06
1.10187e-06
1.13226e-06
1.17171e-06
1.22531e-06
1.29929e-06
1.39985e-06
1.53204e-06
1.69894e-06
1.90115e-06
2.13851e-06
2.40829e-06
2.70012e-06
2.99234e-06
3.27553e-06
3.54142e-06
3.76583e-06
3.93328e-06
4.06978e-06
4.17694e-06
4.26251e-06
4.3313e-06
4.38576e-06
4.42796e-06
4.46007e-06
4.48422e-06
4.50243e-06
4.51639e-06
4.52739e-06
4.53635e-06
4.5439e-06
4.55042e-06
4.55612e-06
4.56122e-06
4.56608e-06
4.57054e-06
)
;
        jumpTable       table;
        jumpTableCoeffs
        {
            values          
4
(
(0 -2.5e-05)
(25 -2.5e-05)
(25.5 -0.0001)
(26 -2.5e-05)
)
;
        }
    }
    outlet
    {
        type            uniformJump;
        patchType       cyclic;
        value           nonuniform List<scalar> 
40
(
-2.40002e-05
-2.39825e-05
-2.39636e-05
-2.39443e-05
-2.39229e-05
-2.38981e-05
-2.38677e-05
-2.38283e-05
-2.37747e-05
-2.37007e-05
-2.36002e-05
-2.3468e-05
-2.33011e-05
-2.30988e-05
-2.28615e-05
-2.25917e-05
-2.22999e-05
-2.20077e-05
-2.17245e-05
-2.14586e-05
-2.12342e-05
-2.10667e-05
-2.09302e-05
-2.08231e-05
-2.07375e-05
-2.06687e-05
-2.06142e-05
-2.0572e-05
-2.05399e-05
-2.05158e-05
-2.04976e-05
-2.04836e-05
-2.04726e-05
-2.04636e-05
-2.04561e-05
-2.04496e-05
-2.04439e-05
-2.04388e-05
-2.04339e-05
-2.04295e-05
)
;
    }
    Walls
    {
        type            zeroGradient;
    }
    back
    {
        type            empty;
    }
    front
    {
        type            empty;
    }
}


// ************************************************************************* //
