/*--------------------------------*- C++ -*----------------------------------*\
| =========                 |                                                 |
| \\      /  F ield         | OpenFOAM: The Open Source CFD Toolbox           |
|  \\    /   O peration     | Version:  2312                                  |
|   \\  /    A nd           | Website:  www.openfoam.com                      |
|    \\/     M anipulation  |                                                 |
\*---------------------------------------------------------------------------*/
FoamFile
{
    version     2.0;
    format      ascii;
    arch        "LSB;label=32;scalar=64";
    class       volScalarField;
    location    "26";
    object      p;
}
// * * * * * * * * * * * * * * * * * * * * * * * * * * * * * * * * * * * * * //

dimensions      [0 2 -2 0 0 0 0];

internalField   nonuniform List<scalar> 
4800
(
-1.75811e-11
-1.08067e-06
-2.04778e-06
-2.90928e-06
-3.67936e-06
-4.3724e-06
-4.98882e-06
-5.53677e-06
-6.02722e-06
-6.46759e-06
-6.8641e-06
-7.21917e-06
-7.5227e-06
-8.03564e-06
-9.79298e-06
1.09326e-08
-1.0682e-06
-2.03384e-06
-2.89481e-06
-3.66561e-06
-4.36026e-06
-4.97966e-06
-5.53232e-06
-6.03004e-06
-6.48232e-06
-6.90023e-06
-7.30039e-06
-7.69535e-06
-8.19531e-06
-9.04451e-06
2.3412e-08
-1.05421e-06
-2.01869e-06
-2.87905e-06
-3.64934e-06
-4.34527e-06
-4.96731e-06
-5.52404e-06
-6.02798e-06
-6.48936e-06
-6.92029e-06
-7.33733e-06
-7.74702e-06
-8.14799e-06
-8.49511e-06
3.76737e-08
-1.03809e-06
-2.00094e-06
-2.8609e-06
-3.62935e-06
-4.32601e-06
-4.95011e-06
-5.50922e-06
-6.01614e-06
-6.48019e-06
-6.91025e-06
-7.31278e-06
-7.67651e-06
-7.9598e-06
-8.07571e-06
5.55195e-08
-1.01788e-06
-1.97839e-06
-2.83853e-06
-3.60369e-06
-4.29897e-06
-4.92397e-06
-5.48314e-06
-5.98834e-06
-6.44664e-06
-6.86116e-06
-7.22736e-06
-7.52218e-06
-7.69943e-06
-7.6947e-06
7.9211e-08
-9.91329e-07
-1.9487e-06
-2.80684e-06
-3.57043e-06
-4.26065e-06
-4.88344e-06
-5.43903e-06
-5.93609e-06
-6.37859e-06
-6.76376e-06
-7.07991e-06
-7.30222e-06
-7.39667e-06
-7.33146e-06
1.12198e-07
-9.5504e-07
-1.90835e-06
-2.76222e-06
-3.52346e-06
-4.20669e-06
-4.82214e-06
-5.36819e-06
-5.84921e-06
-6.26555e-06
-6.61056e-06
-6.87084e-06
-7.02747e-06
-7.06325e-06
-6.97066e-06
1.59888e-07
-9.03774e-07
-1.85185e-06
-2.69955e-06
-3.45462e-06
-4.12891e-06
-4.73129e-06
-5.26026e-06
-5.71661e-06
-6.09787e-06
-6.39653e-06
-6.60216e-06
-6.70485e-06
-6.7014e-06
-6.59752e-06
2.30103e-07
-8.29926e-07
-1.77135e-06
-2.61043e-06
-3.35543e-06
-4.01595e-06
-4.59896e-06
-5.10318e-06
-5.52705e-06
-5.86721e-06
-6.11814e-06
-6.27489e-06
-6.33598e-06
-6.30715e-06
-6.19956e-06
3.33022e-07
-7.23405e-07
-1.65644e-06
-2.48369e-06
-3.21397e-06
-3.85493e-06
-4.41195e-06
-4.88431e-06
-5.26992e-06
-5.56651e-06
-5.77224e-06
-5.88788e-06
-5.91809e-06
-5.87315e-06
-5.76551e-06
4.80543e-07
-5.7205e-07
-1.49442e-06
-2.30599e-06
-3.01624e-06
-3.63152e-06
-4.1565e-06
-4.59159e-06
-4.93597e-06
-5.18986e-06
-5.35547e-06
-5.43809e-06
-5.44602e-06
-5.39115e-06
-5.28533e-06
6.85633e-07
-3.62271e-07
-1.27102e-06
-2.06254e-06
-2.74717e-06
-3.33103e-06
-3.81944e-06
-4.21453e-06
-4.51784e-06
-4.73264e-06
-4.86451e-06
-4.9217e-06
-4.91416e-06
-4.85373e-06
-4.75095e-06
9.62438e-07
-7.91379e-08
-9.70681e-07
-1.73751e-06
-2.39161e-06
-2.93981e-06
-3.3894e-06
-3.7447e-06
-4.01e-06
-4.19127e-06
-4.29642e-06
-4.33514e-06
-4.31776e-06
-4.25525e-06
-4.15671e-06
1.32682e-06
2.94079e-07
-5.76413e-07
-1.31401e-06
-1.93326e-06
-2.44521e-06
-2.85679e-06
-3.17529e-06
-3.40782e-06
-3.5624e-06
-3.64809e-06
-3.67494e-06
-3.65283e-06
-3.59158e-06
-3.49895e-06
1.7962e-06
7.75855e-07
-6.99527e-08
-7.75147e-07
-1.35842e-06
-1.8346e-06
-2.21217e-06
-2.49967e-06
-2.70635e-06
-2.84176e-06
-2.91538e-06
-2.93681e-06
-2.9151e-06
-2.85882e-06
-2.77459e-06
2.38801e-06
1.38491e-06
5.67084e-07
-1.04881e-07
-6.53424e-07
-1.09696e-06
-1.44628e-06
-1.71066e-06
-1.90009e-06
-2.02467e-06
-2.09382e-06
-2.11646e-06
-2.10062e-06
-2.05369e-06
-1.9814e-06
3.11619e-06
2.13694e-06
1.34944e-06
7.09438e-07
1.91445e-07
-2.25441e-07
-5.53987e-07
-8.04224e-07
-9.85896e-07
-1.10869e-06
-1.18156e-06
-1.21265e-06
-1.20897e-06
-1.17682e-06
-1.12118e-06
3.986e-06
3.0394e-06
2.2837e-06
1.67208e-06
1.17816e-06
7.79691e-07
4.63098e-07
2.17678e-07
3.40851e-08
-9.64073e-08
-1.81879e-07
-2.29596e-07
-2.45659e-07
-2.35351e-07
-2.02897e-07
4.9876e-06
4.08446e-06
3.36322e-06
2.77698e-06
2.2983e-06
1.90911e-06
1.59555e-06
1.34613e-06
1.15179e-06
1.00494e-06
8.98648e-07
8.26562e-07
7.83358e-07
7.64561e-07
7.66502e-07
6.08699e-06
5.23723e-06
4.55132e-06
3.98866e-06
3.52202e-06
3.13571e-06
2.81729e-06
2.556e-06
2.34348e-06
2.17307e-06
2.03889e-06
1.93558e-06
1.85858e-06
1.8041e-06
1.76881e-06
7.16874e-06
6.37708e-06
5.72492e-06
5.17824e-06
4.71667e-06
4.32535e-06
3.99387e-06
3.71291e-06
3.47502e-06
3.27422e-06
3.10541e-06
2.96421e-06
2.84691e-06
2.75035e-06
2.6717e-06
8.07304e-06
7.33592e-06
6.71644e-06
6.18563e-06
5.71926e-06
5.31855e-06
4.97209e-06
4.67042e-06
4.40717e-06
4.17718e-06
3.97589e-06
3.79954e-06
3.64503e-06
3.50974e-06
3.39126e-06
8.75049e-06
8.05629e-06
7.45922e-06
6.93744e-06
6.47739e-06
6.07201e-06
5.71376e-06
5.39534e-06
5.11105e-06
4.85643e-06
4.62775e-06
4.42181e-06
4.23591e-06
4.0678e-06
3.91537e-06
9.24922e-06
8.59155e-06
8.01508e-06
7.50397e-06
7.04773e-06
6.63925e-06
6.27206e-06
5.94007e-06
5.63847e-06
5.36361e-06
5.11233e-06
4.88189e-06
4.66993e-06
4.4745e-06
4.29381e-06
9.61173e-06
8.98544e-06
8.42768e-06
7.92645e-06
7.47347e-06
7.06273e-06
6.68835e-06
6.34532e-06
6.02972e-06
5.7384e-06
5.46863e-06
5.21808e-06
4.98475e-06
4.76694e-06
4.56308e-06
9.872e-06
9.27237e-06
8.73096e-06
8.23849e-06
7.78863e-06
7.37626e-06
6.99623e-06
6.64437e-06
6.31746e-06
6.01277e-06
5.72798e-06
5.46111e-06
5.21043e-06
4.97448e-06
4.75187e-06
1.00569e-05
9.4797e-06
8.95234e-06
8.46749e-06
8.0208e-06
7.60734e-06
7.22288e-06
6.86397e-06
6.52789e-06
6.21237e-06
5.91543e-06
5.63537e-06
5.37068e-06
5.1201e-06
4.88241e-06
1.01869e-05
9.62874e-06
9.11344e-06
8.63565e-06
8.19175e-06
7.77752e-06
7.38947e-06
7.02486e-06
6.68137e-06
6.35708e-06
6.05028e-06
5.75952e-06
5.48351e-06
5.22113e-06
4.97132e-06
1.02776e-05
9.73559e-06
9.23076e-06
8.75913e-06
8.31773e-06
7.90298e-06
7.51211e-06
7.14287e-06
6.79335e-06
6.46189e-06
6.14704e-06
5.84757e-06
5.56235e-06
5.29043e-06
5.03086e-06
1.03404e-05
9.81215e-06
9.31654e-06
8.85015e-06
8.41096e-06
7.99594e-06
7.60284e-06
7.22984e-06
6.87535e-06
6.53798e-06
6.2165e-06
5.90987e-06
5.61713e-06
5.33744e-06
5.06996e-06
1.03836e-05
9.86718e-06
9.37887e-06
8.91776e-06
8.48059e-06
8.06544e-06
7.67055e-06
7.29444e-06
6.93581e-06
6.59352e-06
6.26653e-06
5.95398e-06
5.65502e-06
5.36895e-06
5.09502e-06
1.04133e-05
9.90718e-06
9.42586e-06
8.96866e-06
8.53326e-06
8.11806e-06
7.7217e-06
7.34299e-06
6.98087e-06
6.63443e-06
6.30281e-06
5.98529e-06
5.68116e-06
5.3898e-06
5.11054e-06
1.04337e-05
9.93636e-06
9.46124e-06
9.00754e-06
8.57371e-06
8.15852e-06
7.76092e-06
7.37999e-06
7.0149e-06
6.66492e-06
6.32937e-06
6.00765e-06
5.69915e-06
5.40334e-06
5.11964e-06
1.04478e-05
9.95831e-06
9.48836e-06
9.03776e-06
8.60532e-06
8.19016e-06
7.79149e-06
7.40864e-06
7.04098e-06
6.68796e-06
6.34904e-06
6.02371e-06
5.71149e-06
5.41192e-06
5.12446e-06
1.04575e-05
9.97499e-06
9.50956e-06
9.06169e-06
8.63048e-06
8.21533e-06
7.81572e-06
7.4312e-06
7.06131e-06
6.70564e-06
6.36378e-06
6.03534e-06
5.71991e-06
5.4171e-06
5.12644e-06
1.04644e-05
9.9879e-06
9.52643e-06
9.08096e-06
8.6508e-06
8.23566e-06
7.83523e-06
7.44922e-06
7.07736e-06
6.71937e-06
6.37495e-06
6.04381e-06
5.72559e-06
5.41999e-06
5.12656e-06
1.04694e-05
9.99806e-06
9.54006e-06
9.09666e-06
8.66742e-06
8.25227e-06
7.85109e-06
7.46377e-06
7.09018e-06
6.73016e-06
6.38349e-06
6.04998e-06
5.72934e-06
5.42131e-06
5.1255e-06
1.0473e-05
1.00062e-05
9.55128e-06
9.10969e-06
8.68124e-06
8.26606e-06
7.86421e-06
7.47573e-06
7.10061e-06
6.73877e-06
6.39013e-06
6.05452e-06
5.73174e-06
5.42156e-06
5.12364e-06
1.04757e-05
1.00133e-05
9.56111e-06
9.12118e-06
8.69345e-06
8.27824e-06
7.87576e-06
7.48618e-06
7.10961e-06
6.74608e-06
6.39556e-06
6.05799e-06
5.73319e-06
5.421e-06
5.12111e-06
1.04778e-05
1.00195e-05
9.57011e-06
9.13176e-06
8.70469e-06
8.28937e-06
7.88621e-06
7.49551e-06
7.1175e-06
6.75232e-06
6.40002e-06
6.06061e-06
5.73398e-06
5.41999e-06
5.11831e-06
-1.0934e-05
-8.14945e-06
-6.48491e-06
-5.38378e-06
-4.49054e-06
-3.75477e-06
-3.09401e-06
-2.44865e-06
-1.7816e-06
-1.06981e-06
-3.03672e-07
5.17431e-07
1.38635e-06
2.29104e-06
3.21549e-06
4.13889e-06
5.03539e-06
5.86936e-06
6.59455e-06
7.14786e-06
7.45567e-06
7.4458e-06
7.12258e-06
6.68606e-06
6.33035e-06
6.15518e-06
6.21769e-06
6.53372e-06
7.10793e-06
7.92849e-06
8.98362e-06
1.02737e-05
1.17409e-05
1.33594e-05
1.50849e-05
1.68616e-05
1.86259e-05
2.03035e-05
2.18027e-05
2.30034e-05
2.37229e-05
2.36942e-05
2.23314e-05
1.90237e-05
1.15772e-05
-9.22026e-06
-7.70135e-06
-6.40885e-06
-5.41268e-06
-4.56084e-06
-3.83072e-06
-3.16359e-06
-2.50762e-06
-1.8278e-06
-1.10234e-06
-3.2247e-07
5.11743e-07
1.39229e-06
2.30644e-06
3.23761e-06
4.16475e-06
5.06206e-06
5.89431e-06
6.61611e-06
7.16581e-06
7.47189e-06
7.4645e-06
7.14845e-06
6.72102e-06
6.37324e-06
6.20309e-06
6.26725e-06
6.58091e-06
7.14993e-06
7.95837e-06
8.99493e-06
1.02613e-05
1.1692e-05
1.32589e-05
1.49146e-05
1.65972e-05
1.82347e-05
1.97407e-05
2.10034e-05
2.18682e-05
2.20899e-05
2.12695e-05
1.86032e-05
1.32444e-05
3.68535e-06
-8.361e-06
-7.37431e-06
-6.31703e-06
-5.42362e-06
-4.62058e-06
-3.90158e-06
-3.23018e-06
-2.56393e-06
-1.87085e-06
-1.13095e-06
-3.36554e-07
5.114e-07
1.40397e-06
2.32765e-06
3.26529e-06
4.19558e-06
5.09277e-06
5.92213e-06
6.63926e-06
7.18418e-06
7.48775e-06
7.48284e-06
7.17488e-06
6.75793e-06
6.41934e-06
6.25492e-06
6.32068e-06
6.63124e-06
7.19307e-06
7.98426e-06
8.99846e-06
1.02337e-05
1.1618e-05
1.31192e-05
1.46871e-05
1.62526e-05
1.77344e-05
1.90329e-05
2.00178e-05
2.05089e-05
2.0231e-05
1.8765e-05
1.54131e-05
9.87237e-06
1.88697e-06
-7.84424e-06
-7.11662e-06
-6.23998e-06
-5.43101e-06
-4.67917e-06
-3.97339e-06
-3.29781e-06
-2.62112e-06
-1.91457e-06
-1.15998e-06
-3.50838e-07
5.11044e-07
1.4158e-06
2.34915e-06
3.2933e-06
4.22662e-06
5.12341e-06
5.94944e-06
6.66135e-06
7.20099e-06
7.50179e-06
7.49965e-06
7.20074e-06
6.79564e-06
6.46766e-06
6.31017e-06
6.37826e-06
6.68583e-06
7.23998e-06
8.00881e-06
8.99964e-06
1.01972e-05
1.15253e-05
1.29472e-05
1.44093e-05
1.58348e-05
1.71331e-05
1.81933e-05
1.88733e-05
1.89849e-05
1.82681e-05
1.63888e-05
1.29226e-05
7.74585e-06
1.273e-06
-7.44085e-06
-6.88772e-06
-6.16429e-06
-5.42622e-06
-4.7252e-06
-4.03703e-06
-3.35829e-06
-2.6715e-06
-1.95187e-06
-1.18321e-06
-3.60205e-07
5.14655e-07
1.43065e-06
2.37275e-06
3.32253e-06
4.25796e-06
5.15337e-06
5.97505e-06
6.68076e-06
7.21438e-06
7.51214e-06
7.51332e-06
7.22489e-06
6.83335e-06
6.51743e-06
6.3678e-06
6.43828e-06
6.74186e-06
7.28615e-06
8.02653e-06
8.99057e-06
1.01415e-05
1.14018e-05
1.27295e-05
1.40675e-05
1.53321e-05
1.64254e-05
1.72301e-05
1.76026e-05
1.73677e-05
1.63145e-05
1.42238e-05
1.09063e-05
6.40028e-06
1.15303e-06
-7.0899e-06
-6.64962e-06
-6.0586e-06
-5.40614e-06
-4.74443e-06
-4.07692e-06
-3.40136e-06
-2.70751e-06
-1.9768e-06
-1.19599e-06
-3.6115e-07
5.24536e-07
1.44975e-06
2.39877e-06
3.35251e-06
4.2885e-06
5.18104e-06
5.99696e-06
6.6952e-06
7.22189e-06
7.51635e-06
7.52162e-06
7.24545e-06
6.86951e-06
6.56727e-06
6.42631e-06
6.49882e-06
6.79705e-06
7.32434e-06
8.0367e-06
8.96534e-06
1.00572e-05
1.12365e-05
1.24545e-05
1.36503e-05
1.47359e-05
1.56094e-05
1.61542e-05
1.62371e-05
1.57122e-05
1.44326e-05
1.22852e-05
9.23527e-06
5.42353e-06
1.21927e-06
-6.75204e-06
-6.39193e-06
-5.9042e-06
-5.33447e-06
-4.72064e-06
-4.07995e-06
-3.4148e-06
-2.71956e-06
-1.98228e-06
-1.19339e-06
-3.5032e-07
5.42335e-07
1.47334e-06
2.42633e-06
3.38149e-06
4.31582e-06
5.20352e-06
6.01194e-06
6.70129e-06
7.22012e-06
7.51111e-06
7.52148e-06
7.25972e-06
6.90169e-06
6.61487e-06
6.48341e-06
6.55728e-06
6.84818e-06
7.34964e-06
8.03699e-06
8.91746e-06
9.93524e-06
1.10196e-05
1.21128e-05
1.31501e-05
1.40427e-05
1.469e-05
1.49835e-05
1.48103e-05
1.40628e-05
1.26565e-05
1.05587e-05
7.81819e-06
4.60148e-06
1.19012e-06
-6.40095e-06
-6.09879e-06
-5.68997e-06
-5.19398e-06
-4.63484e-06
-4.029e-06
-3.38276e-06
-2.69466e-06
-1.95834e-06
-1.16819e-06
-3.23157e-07
5.70894e-07
1.50231e-06
2.45466e-06
3.40736e-06
4.33678e-06
5.21696e-06
6.0157e-06
6.69448e-06
7.20448e-06
7.49199e-06
7.50875e-06
7.26394e-06
6.92641e-06
6.65685e-06
6.53557e-06
6.6099e-06
6.88931e-06
7.36379e-06
8.01649e-06
8.83557e-06
9.76572e-06
1.07402e-05
1.16947e-05
1.25606e-05
1.32523e-05
1.36767e-05
1.37398e-05
1.33546e-05
1.2453e-05
1.10007e-05
9.0161e-06
6.58254e-06
3.85337e-06
1.03483e-06
-6.02115e-06
-5.76064e-06
-5.41127e-06
-4.97825e-06
-4.47342e-06
-3.90838e-06
-3.28983e-06
-2.61906e-06
-1.89366e-06
-1.11134e-06
-2.7306e-07
6.1418e-07
1.53849e-06
2.48369e-06
3.42822e-06
4.34801e-06
5.21688e-06
6.00303e-06
6.66915e-06
7.16921e-06
7.45329e-06
7.47801e-06
7.25307e-06
6.93887e-06
6.68838e-06
6.57763e-06
6.65111e-06
6.91486e-06
7.36081e-06
7.96355e-06
8.70658e-06
9.53775e-06
1.03881e-05
1.11913e-05
1.18774e-05
1.2368e-05
1.25822e-05
1.24451e-05
1.18969e-05
1.09029e-05
9.46415e-06
7.62493e-06
5.47474e-06
3.14096e-06
7.71405e-07
-5.60162e-06
-5.37139e-06
-5.0665e-06
-4.68508e-06
-4.2305e-06
-3.70881e-06
-3.12497e-06
-2.48118e-06
-1.7774e-06
-1.01377e-06
-1.9303e-07
6.77106e-07
1.58508e-06
2.51417e-06
3.44266e-06
4.34629e-06
5.1986e-06
5.96814e-06
6.61882e-06
7.10749e-06
7.38816e-06
7.42254e-06
7.22061e-06
6.93268e-06
6.70269e-06
6.60248e-06
6.67173e-06
6.91744e-06
7.3226e-06
7.86644e-06
8.52149e-06
9.23951e-06
9.95276e-06
1.05948e-05
1.10987e-05
1.13958e-05
1.14209e-05
1.11194e-05
1.04558e-05
9.42064e-06
8.03516e-06
6.35274e-06
4.45496e-06
2.44192e-06
4.18909e-07
-5.13327e-06
-4.92581e-06
-4.65471e-06
-4.31511e-06
-3.90537e-06
-3.42702e-06
-2.88255e-06
-2.27378e-06
-1.60172e-06
-8.67962e-07
-7.63058e-08
7.65509e-07
1.64572e-06
2.54765e-06
3.45021e-06
4.32914e-06
5.1578e-06
5.90526e-06
6.53669e-06
7.01185e-06
7.28878e-06
7.33433e-06
7.15847e-06
6.89953e-06
6.69089e-06
6.60026e-06
6.66025e-06
6.88084e-06
7.23768e-06
7.71086e-06
8.26774e-06
8.85933e-06
9.4244e-06
9.90002e-06
1.02256e-05
1.03443e-05
1.02071e-05
9.77852e-06
9.04228e-06
8.00489e-06
6.69678e-06
5.17012e-06
3.49338e-06
1.74281e-06
-6.42518e-09
-4.60905e-06
-4.41968e-06
-4.17533e-06
-3.87023e-06
-3.50028e-06
-3.06404e-06
-2.56172e-06
-1.99417e-06
-1.36254e-06
-6.68969e-07
8.23476e-08
8.83766e-07
1.72373e-06
2.58633e-06
3.45137e-06
4.29506e-06
5.09107e-06
5.80927e-06
6.41622e-06
6.87472e-06
7.14686e-06
7.20441e-06
7.05701e-06
6.82902e-06
6.6417e-06
6.55796e-06
6.60465e-06
6.78939e-06
7.09015e-06
7.48131e-06
7.92771e-06
8.38397e-06
8.79492e-06
9.105e-06
9.26274e-06
9.22386e-06
8.95449e-06
8.43466e-06
7.66131e-06
6.64949e-06
5.43132e-06
4.05272e-06
2.56842e-06
1.03543e-06
-4.92236e-07
-4.02431e-06
-3.85051e-06
-3.6287e-06
-3.35326e-06
-3.01929e-06
-2.62372e-06
-2.16519e-06
-1.64354e-06
-1.05952e-06
-4.15253e-07
2.851e-07
1.03432e-06
1.82162e-06
2.63214e-06
3.44697e-06
4.24343e-06
4.99609e-06
5.67609e-06
6.25177e-06
6.68904e-06
6.9541e-06
7.02318e-06
6.90512e-06
6.70868e-06
6.54128e-06
6.4602e-06
6.48764e-06
6.62794e-06
6.86157e-06
7.15932e-06
7.48697e-06
7.80316e-06
8.0605e-06
8.21277e-06
8.21918e-06
8.04755e-06
7.67651e-06
7.09734e-06
6.31484e-06
5.34709e-06
4.22367e-06
2.98243e-06
1.6657e-06
3.15655e-07
-1.02868e-06
-3.37644e-06
-3.2174e-06
-3.01621e-06
-2.76791e-06
-2.46767e-06
-2.1119e-06
-1.6984e-06
-1.22626e-06
-6.95748e-07
-1.08669e-07
5.31187e-07
1.21732e-06
1.93999e-06
2.68575e-06
3.43732e-06
4.17376e-06
4.87118e-06
5.50263e-06
6.03867e-06
6.44854e-06
6.70253e-06
6.78071e-06
6.69051e-06
6.52409e-06
6.37344e-06
6.28929e-06
6.29028e-06
6.37762e-06
6.53348e-06
6.72969e-06
6.93513e-06
7.11268e-06
7.22374e-06
7.23242e-06
7.10873e-06
6.83096e-06
6.38715e-06
5.77564e-06
5.00489e-06
4.09254e-06
3.06364e-06
1.94804e-06
7.77646e-07
-4.16567e-07
-1.60629e-06
-2.66364e-06
-2.52027e-06
-2.33986e-06
-2.11831e-06
-1.85139e-06
-1.53566e-06
-1.16872e-06
-7.49294e-07
-2.77314e-07
2.45816e-07
8.16824e-07
1.43007e-06
2.07705e-06
2.74595e-06
3.4215e-06
4.08499e-06
4.71472e-06
5.28623e-06
5.77297e-06
6.14762e-06
6.38455e-06
6.46693e-06
6.40008e-06
6.25928e-06
6.12026e-06
6.02623e-06
5.99313e-06
6.01898e-06
6.08955e-06
6.18324e-06
6.2685e-06
6.31484e-06
6.2935e-06
6.17853e-06
5.94922e-06
5.59205e-06
5.10141e-06
4.47941e-06
3.7353e-06
2.88444e-06
1.94681e-06
9.45122e-07
-9.70259e-08
-1.15707e-06
-2.21442e-06
-1.88505e-06
-1.76001e-06
-1.60254e-06
-1.40945e-06
-1.17738e-06
-9.03397e-07
-5.85387e-07
-2.22086e-07
1.86727e-07
6.39947e-07
1.13482e-06
1.66657e-06
2.22801e-06
2.80911e-06
3.39681e-06
3.97497e-06
4.52466e-06
5.02448e-06
5.45127e-06
5.78137e-06
5.99304e-06
6.07186e-06
6.02047e-06
5.89769e-06
5.76336e-06
5.65205e-06
5.57736e-06
5.53686e-06
5.52357e-06
5.51557e-06
5.48839e-06
5.41837e-06
5.28473e-06
5.0699e-06
4.76069e-06
4.34946e-06
3.83433e-06
3.2189e-06
2.51157e-06
1.72468e-06
8.73425e-07
-2.5423e-08
-9.54721e-07
-1.89815e-06
-2.84076e-06
-1.04379e-06
-9.412e-07
-8.10504e-07
-6.49391e-07
-4.55402e-07
-2.26388e-07
3.92661e-08
3.42545e-07
6.83613e-07
1.06153e-06
1.47397e-06
1.91697e-06
2.38458e-06
2.86858e-06
3.3582e-06
3.84007e-06
4.29838e-06
4.71518e-06
5.07103e-06
5.34614e-06
5.52225e-06
5.58676e-06
5.53945e-06
5.4242e-06
5.28602e-06
5.1509e-06
5.02989e-06
4.92493e-06
4.83113e-06
4.73072e-06
4.60527e-06
4.43838e-06
4.21595e-06
3.92669e-06
3.56281e-06
3.12037e-06
2.59934e-06
2.00339e-06
1.33936e-06
6.16588e-07
-1.5383e-07
-9.59859e-07
-1.78927e-06
-2.63038e-06
-3.47235e-06
-1.50501e-07
-7.59566e-08
2.27554e-08
1.47036e-07
2.98372e-07
4.7809e-07
6.87174e-07
9.26194e-07
1.19512e-06
1.49306e-06
1.818e-06
2.16665e-06
2.53423e-06
2.91417e-06
3.29795e-06
3.67497e-06
4.03264e-06
4.3566e-06
4.63126e-06
4.8406e-06
4.96946e-06
5.00637e-06
4.94879e-06
4.82841e-06
4.67738e-06
4.51446e-06
4.34809e-06
4.18353e-06
4.01803e-06
3.84009e-06
3.63606e-06
3.3951e-06
3.1086e-06
2.76981e-06
2.37429e-06
1.92014e-06
1.40802e-06
8.41005e-07
2.24213e-07
-4.35648e-07
-1.13078e-06
-1.85277e-06
-2.5931e-06
-3.34347e-06
-4.09611e-06
7.86443e-07
8.25494e-07
8.85017e-07
9.6568e-07
1.06808e-06
1.19273e-06
1.33995e-06
1.50984e-06
1.70211e-06
1.91583e-06
2.1492e-06
2.39951e-06
2.66296e-06
2.93446e-06
3.20752e-06
3.47412e-06
3.72474e-06
3.94848e-06
4.13338e-06
4.26693e-06
4.33664e-06
4.33149e-06
4.24761e-06
4.10788e-06
3.93596e-06
3.74589e-06
3.5403e-06
3.32732e-06
3.10466e-06
2.86725e-06
2.6062e-06
2.3147e-06
1.98793e-06
1.62216e-06
1.21487e-06
7.65065e-07
2.73423e-07
-2.57831e-07
-8.25136e-07
-1.42391e-06
-2.04888e-06
-2.69436e-06
-3.35451e-06
-4.02355e-06
-4.69594e-06
1.74914e-06
1.745e-06
1.75737e-06
1.78662e-06
1.83275e-06
1.8956e-06
1.97491e-06
2.07039e-06
2.18148e-06
2.30722e-06
2.44602e-06
2.59566e-06
2.75318e-06
2.91478e-06
3.07571e-06
3.2302e-06
3.37142e-06
3.4915e-06
3.58162e-06
3.63222e-06
3.63304e-06
3.57324e-06
3.44831e-06
3.27604e-06
3.07438e-06
2.85362e-06
2.62274e-06
2.38031e-06
2.12157e-06
1.84457e-06
1.54769e-06
1.22767e-06
8.81563e-07
5.07419e-07
1.03965e-07
-3.29399e-07
-7.92331e-07
-1.28346e-06
-1.80055e-06
-2.34067e-06
-2.90044e-06
-3.47616e-06
-4.06395e-06
-4.65988e-06
-5.26008e-06
2.60737e-06
2.5563e-06
2.51878e-06
2.49463e-06
2.48338e-06
2.48445e-06
2.49729e-06
2.52134e-06
2.55589e-06
2.59995e-06
2.65214e-06
2.71062e-06
2.7731e-06
2.83676e-06
2.89816e-06
2.95319e-06
2.99705e-06
3.02412e-06
3.02795e-06
3.00121e-06
2.9354e-06
2.8205e-06
2.65376e-06
2.45102e-06
2.22594e-06
1.98552e-06
1.73335e-06
1.46793e-06
1.18709e-06
8.9032e-07
5.77386e-07
2.47119e-07
-1.01845e-07
-4.70642e-07
-8.6014e-07
-1.27081e-06
-1.70253e-06
-2.15456e-06
-2.62561e-06
-3.11392e-06
-3.61736e-06
-4.13356e-06
-4.65996e-06
-5.19393e-06
-5.73281e-06
3.28594e-06
3.19186e-06
3.1088e-06
3.03646e-06
2.97421e-06
2.92137e-06
2.87724e-06
2.84115e-06
2.81234e-06
2.78983e-06
2.7724e-06
2.75853e-06
2.74637e-06
2.73374e-06
2.71807e-06
2.69633e-06
2.66494e-06
2.61975e-06
2.55585e-06
2.46744e-06
2.34754e-06
2.18759e-06
1.9875e-06
1.76169e-06
1.51931e-06
1.26409e-06
9.98458e-07
7.21183e-07
4.31395e-07
1.28475e-07
-1.87431e-07
-5.16762e-07
-8.60308e-07
-1.21879e-06
-1.59274e-06
-1.98247e-06
-2.38794e-06
-2.80876e-06
-3.24416e-06
-3.69307e-06
-4.15411e-06
-4.62573e-06
-5.10619e-06
-5.59371e-06
-6.08645e-06
3.77521e-06
3.64497e-06
3.52413e-06
3.41227e-06
3.30874e-06
3.21284e-06
3.12389e-06
3.04119e-06
2.96398e-06
2.89134e-06
2.82217e-06
2.75517e-06
2.68882e-06
2.62135e-06
2.55071e-06
2.47452e-06
2.38997e-06
2.2938e-06
2.18206e-06
2.05008e-06
1.89214e-06
1.70123e-06
1.47923e-06
1.23902e-06
9.86958e-07
7.24764e-07
4.53911e-07
1.73639e-07
-1.17247e-07
-4.19039e-07
-7.31646e-07
-1.05538e-06
-1.39076e-06
-1.73827e-06
-2.09827e-06
-2.47098e-06
-2.85639e-06
-3.25429e-06
-3.66418e-06
-4.08537e-06
-4.51692e-06
-4.95776e-06
-5.40664e-06
-5.86226e-06
-6.32323e-06
4.12468e-06
3.96464e-06
3.81302e-06
3.66936e-06
3.53302e-06
3.40335e-06
3.27968e-06
3.16137e-06
3.04766e-06
2.93772e-06
2.83055e-06
2.72501e-06
2.61978e-06
2.5134e-06
2.40413e-06
2.29002e-06
2.16874e-06
2.0376e-06
1.89332e-06
1.73205e-06
1.54903e-06
1.33855e-06
1.10368e-06
8.55944e-07
5.99744e-07
3.3553e-07
6.36898e-08
-2.1637e-07
-5.0538e-07
-8.03672e-07
-1.11149e-06
-1.42914e-06
-1.75697e-06
-2.09532e-06
-2.44447e-06
-2.80458e-06
-3.17566e-06
-3.55755e-06
-3.94992e-06
-4.35228e-06
-4.76397e-06
-5.18418e-06
-5.61198e-06
-6.04636e-06
-6.48625e-06
4.37027e-06
4.18612e-06
4.0099e-06
3.84111e-06
3.67915e-06
3.52343e-06
3.37332e-06
3.22822e-06
3.08742e-06
2.95012e-06
2.81542e-06
2.68231e-06
2.54962e-06
2.41605e-06
2.28013e-06
2.14014e-06
1.9941e-06
1.83968e-06
1.6741e-06
1.49409e-06
1.29563e-06
1.07397e-06
8.32782e-07
5.82241e-07
3.25368e-07
6.17798e-08
-2.0867e-07
-4.86594e-07
-7.72497e-07
-1.06678e-06
-1.3698e-06
-1.68189e-06
-2.00337e-06
-2.33452e-06
-2.67554e-06
-3.02656e-06
-3.3876e-06
-3.75854e-06
-4.13914e-06
-4.52904e-06
-4.92772e-06
-5.33454e-06
-5.74878e-06
-6.1696e-06
-6.59614e-06
4.54e-06
4.33662e-06
4.14098e-06
3.95261e-06
3.77093e-06
3.59539e-06
3.42542e-06
3.26044e-06
3.09978e-06
2.94269e-06
2.78833e-06
2.63578e-06
2.48397e-06
2.33174e-06
2.17775e-06
2.02049e-06
1.85817e-06
1.68877e-06
1.50983e-06
1.31853e-06
1.1114e-06
8.84447e-07
6.41463e-07
3.91227e-07
1.35838e-07
-1.25495e-07
-3.93298e-07
-6.68115e-07
-9.50392e-07
-1.2406e-06
-1.53917e-06
-1.84647e-06
-2.1628e-06
-2.4884e-06
-2.82347e-06
-3.16812e-06
-3.52236e-06
-3.88611e-06
-4.25917e-06
-4.64124e-06
-5.03191e-06
-5.43064e-06
-5.83682e-06
-6.24973e-06
-6.66865e-06
4.65528e-06
4.43667e-06
4.22586e-06
4.02235e-06
3.82562e-06
3.63515e-06
3.45042e-06
3.27085e-06
3.09581e-06
2.92458e-06
2.75637e-06
2.5903e-06
2.4254e-06
2.26059e-06
2.09461e-06
1.9261e-06
1.75342e-06
1.57477e-06
1.38793e-06
1.19042e-06
9.79185e-07
7.50837e-07
5.0898e-07
2.61031e-07
8.44844e-09
-2.49708e-07
-5.14057e-07
-7.85247e-07
-1.06374e-06
-1.35004e-06
-1.64462e-06
-1.94786e-06
-2.26008e-06
-2.58151e-06
-2.91234e-06
-3.25268e-06
-3.60253e-06
-3.96183e-06
-4.33041e-06
-4.70801e-06
-5.09427e-06
-5.48871e-06
-5.8908e-06
-6.29989e-06
-6.71532e-06
4.73201e-06
4.50139e-06
4.27875e-06
4.0636e-06
3.85545e-06
3.65382e-06
3.4582e-06
3.26802e-06
3.08267e-06
2.90146e-06
2.72361e-06
2.5483e-06
2.37459e-06
2.20145e-06
2.02773e-06
1.85212e-06
1.67314e-06
1.4891e-06
1.29801e-06
1.09765e-06
8.85289e-07
6.58009e-07
4.19068e-07
1.74594e-07
-7.43754e-08
-3.28755e-07
-5.89263e-07
-8.56666e-07
-1.13143e-06
-1.41407e-06
-1.70512e-06
-2.00496e-06
-2.31393e-06
-2.63226e-06
-2.96014e-06
-3.29766e-06
-3.64485e-06
-4.00165e-06
-4.36791e-06
-4.74338e-06
-5.12774e-06
-5.52055e-06
-5.92132e-06
-6.32944e-06
-6.74428e-06
4.78182e-06
4.54171e-06
4.30985e-06
4.08576e-06
3.86898e-06
3.65903e-06
3.45541e-06
3.25758e-06
3.0649e-06
2.87671e-06
2.69225e-06
2.51071e-06
2.33119e-06
2.1527e-06
1.97413e-06
1.79426e-06
1.61167e-06
1.42483e-06
1.23187e-06
1.03082e-06
8.19168e-07
5.9443e-07
3.59413e-07
1.19075e-07
-1.25826e-07
-3.76172e-07
-6.32727e-07
-8.9638e-07
-1.16759e-06
-1.44689e-06
-1.73483e-06
-2.03182e-06
-2.3382e-06
-2.65422e-06
-2.98007e-06
-3.31584e-06
-3.66156e-06
-4.01719e-06
-4.38259e-06
-4.75753e-06
-5.14169e-06
-5.53467e-06
-5.93598e-06
-6.34505e-06
-6.76125e-06
4.81311e-06
4.56547e-06
4.3264e-06
4.09543e-06
3.87209e-06
3.65595e-06
3.44648e-06
3.24313e-06
3.04528e-06
2.85226e-06
2.66332e-06
2.47767e-06
2.29441e-06
2.11259e-06
1.93113e-06
1.74887e-06
1.56445e-06
1.37646e-06
1.18315e-06
9.82722e-07
7.72887e-07
5.51497e-07
3.20881e-07
8.49584e-08
-1.55677e-07
-4.01808e-07
-6.54649e-07
-9.1472e-07
-1.18262e-06
-1.45888e-06
-1.74408e-06
-2.03865e-06
-2.34295e-06
-2.65723e-06
-2.98168e-06
-3.31642e-06
-3.66149e-06
-4.01683e-06
-4.38234e-06
-4.75778e-06
-5.14285e-06
-5.53716e-06
-5.94021e-06
-6.35145e-06
-6.77024e-06
4.83184e-06
4.57819e-06
4.33344e-06
4.09712e-06
3.8688e-06
3.64801e-06
3.43424e-06
3.22692e-06
3.02543e-06
2.82909e-06
2.63716e-06
2.44884e-06
2.26326e-06
2.07946e-06
1.89641e-06
1.71298e-06
1.52788e-06
1.33977e-06
1.14702e-06
9.47999e-07
7.4057e-07
5.22894e-07
2.96807e-07
6.53163e-08
-1.71095e-07
-4.13287e-07
-6.62425e-07
-9.19129e-07
-1.18398e-06
-1.45748e-06
-1.74025e-06
-2.03275e-06
-2.33533e-06
-2.64827e-06
-2.97177e-06
-3.30596e-06
-3.65089e-06
-4.00651e-06
-4.37272e-06
-4.7493e-06
-5.13595e-06
-5.53227e-06
-5.93778e-06
-6.35191e-06
-6.77402e-06
4.84219e-06
4.58368e-06
4.3344e-06
4.09389e-06
3.86173e-06
3.63744e-06
3.42048e-06
3.21029e-06
3.00623e-06
2.80763e-06
2.61372e-06
2.42372e-06
2.23674e-06
2.05186e-06
1.86806e-06
1.68423e-06
1.49916e-06
1.31156e-06
1.11991e-06
9.22696e-07
7.17945e-07
5.04068e-07
2.82418e-07
5.52254e-08
-1.77122e-07
-4.15591e-07
-6.61215e-07
-9.14822e-07
-1.1769e-06
-1.44789e-06
-1.72849e-06
-2.01918e-06
-2.32033e-06
-2.63221e-06
-2.95506e-06
-3.289e-06
-3.6341e-06
-3.99034e-06
-4.3576e-06
-4.73567e-06
-5.12426e-06
-5.52296e-06
-5.93128e-06
-6.34865e-06
-6.77443e-06
4.84701e-06
4.58452e-06
4.33158e-06
4.08775e-06
3.85259e-06
3.62561e-06
3.40627e-06
3.19398e-06
2.9881e-06
2.78795e-06
2.59276e-06
2.40173e-06
2.21398e-06
2.02859e-06
1.84457e-06
1.66083e-06
1.47621e-06
1.28947e-06
1.09919e-06
9.03968e-07
7.01964e-07
4.91798e-07
2.74371e-07
5.12437e-08
-1.77301e-07
-4.12213e-07
-6.54545e-07
-9.05448e-07
-1.16496e-06
-1.43366e-06
-1.71232e-06
-2.00142e-06
-2.30133e-06
-2.61236e-06
-2.93474e-06
-3.26861e-06
-3.61407e-06
-3.97108e-06
-4.33955e-06
-4.71927e-06
-5.10994e-06
-5.51116e-06
-5.92243e-06
-6.34316e-06
-6.7727e-06
4.84823e-06
4.58244e-06
4.32651e-06
4.08e-06
3.84245e-06
3.61338e-06
3.39222e-06
3.17838e-06
2.9712e-06
2.76999e-06
2.57398e-06
2.38235e-06
2.19423e-06
2.0087e-06
1.82478e-06
1.64142e-06
1.45748e-06
1.2718e-06
1.083e-06
8.89807e-07
6.90495e-07
4.83858e-07
2.70377e-07
5.10153e-08
-1.73975e-07
-4.05351e-07
-6.45019e-07
-8.9345e-07
-1.15051e-06
-1.41713e-06
-1.69405e-06
-1.98173e-06
-2.28055e-06
-2.59086e-06
-2.91289e-06
-3.2468e-06
-3.59269e-06
-3.95054e-06
-4.32027e-06
-4.70167e-06
-5.09443e-06
-5.49816e-06
-5.91234e-06
-6.33638e-06
-6.7696e-06
4.84716e-06
4.57859e-06
4.32017e-06
4.07145e-06
3.83199e-06
3.60125e-06
3.37868e-06
3.16367e-06
2.95555e-06
2.75362e-06
2.55709e-06
2.36514e-06
2.1769e-06
1.99146e-06
1.80783e-06
1.62502e-06
1.44189e-06
1.25732e-06
1.07003e-06
8.78821e-07
6.82076e-07
4.78737e-07
2.68898e-07
5.30119e-08
-1.68393e-07
-3.96914e-07
-6.34332e-07
-8.80231e-07
-1.13505e-06
-1.39981e-06
-1.67515e-06
-1.96155e-06
-2.25942e-06
-2.5691e-06
-2.89084e-06
-3.22484e-06
-3.57118e-06
-3.92988e-06
-4.30084e-06
-4.68386e-06
-5.07864e-06
-5.48476e-06
-5.90173e-06
-6.32892e-06
-6.76565e-06
4.84467e-06
4.57373e-06
4.31322e-06
4.06267e-06
3.82162e-06
3.58954e-06
3.36586e-06
3.14995e-06
2.94115e-06
2.73871e-06
2.54187e-06
2.34978e-06
2.16158e-06
1.97636e-06
1.79314e-06
1.61094e-06
1.42866e-06
1.24523e-06
1.05941e-06
8.70077e-07
6.7573e-07
4.75436e-07
2.68926e-07
5.64128e-08
-1.61881e-07
-3.88196e-07
-6.23168e-07
-8.66703e-07
-1.11957e-06
-1.38266e-06
-1.65657e-06
-1.94181e-06
-2.23881e-06
-2.54793e-06
-2.86944e-06
-3.20354e-06
-3.55032e-06
-3.90982e-06
-4.28194e-06
-4.66648e-06
-5.06314e-06
-5.47151e-06
-5.89107e-06
-6.32121e-06
-6.76121e-06
4.84136e-06
4.5684e-06
4.3061e-06
4.05402e-06
3.81166e-06
3.57848e-06
3.35391e-06
3.13731e-06
2.92799e-06
2.72521e-06
2.52818e-06
2.33607e-06
2.14801e-06
1.96308e-06
1.78033e-06
1.59877e-06
1.41734e-06
1.23499e-06
1.05056e-06
8.62972e-07
6.70828e-07
4.73304e-07
2.69852e-07
6.04612e-08
-1.55417e-07
-3.79455e-07
-6.12097e-07
-8.53598e-07
-1.10474e-06
-1.36631e-06
-1.63893e-06
-1.92313e-06
-2.21935e-06
-2.52796e-06
-2.84926e-06
-3.18344e-06
-3.53064e-06
-3.89086e-06
-4.26404e-06
-4.64998e-06
-5.04836e-06
-5.45878e-06
-5.88072e-06
-6.31355e-06
-6.75654e-06
4.83753e-06
4.56281e-06
4.29899e-06
4.04559e-06
3.80213e-06
3.56804e-06
3.34275e-06
3.12559e-06
2.91589e-06
2.71288e-06
2.51577e-06
2.32372e-06
2.13585e-06
1.95126e-06
1.76899e-06
1.58808e-06
1.40748e-06
1.22618e-06
1.04303e-06
8.5706e-07
6.6693e-07
4.71925e-07
2.71282e-07
6.45729e-08
-1.49061e-07
-3.7089e-07
-6.01477e-07
-8.41196e-07
-1.09077e-06
-1.35096e-06
-1.62241e-06
-1.90565e-06
-2.20115e-06
-2.5093e-06
-2.83039e-06
-3.16465e-06
-3.5122e-06
-3.87308e-06
-4.24721e-06
-4.6344e-06
-5.03434e-06
-5.44661e-06
-5.87072e-06
-6.306e-06
-6.75172e-06
4.83316e-06
4.55682e-06
4.2916e-06
4.03701e-06
3.79255e-06
3.55767e-06
3.33175e-06
3.11413e-06
2.90412e-06
2.70096e-06
2.50383e-06
2.31189e-06
2.12428e-06
1.94007e-06
1.75833e-06
1.57809e-06
1.39834e-06
1.21807e-06
1.03619e-06
8.51789e-07
6.636e-07
4.71025e-07
2.7308e-07
6.88515e-08
-1.42526e-07
-3.62232e-07
-5.90906e-07
-8.28934e-07
-1.077e-06
-1.33587e-06
-1.60619e-06
-1.88851e-06
-2.18331e-06
-2.49099e-06
-2.81187e-06
-3.14617e-06
-3.49405e-06
-3.85554e-06
-4.23057e-06
-4.61894e-06
-5.02035e-06
-5.43441e-06
-5.86058e-06
-6.29822e-06
-6.74657e-06
4.82866e-06
4.55079e-06
4.28425e-06
4.02853e-06
3.78313e-06
3.54749e-06
3.32098e-06
3.10293e-06
2.89263e-06
2.68932e-06
2.49218e-06
2.30037e-06
2.113e-06
1.92917e-06
1.74794e-06
1.56836e-06
1.38941e-06
1.21017e-06
1.0296e-06
8.46783e-07
6.60544e-07
4.70421e-07
2.75165e-07
7.34243e-08
-1.35666e-07
-3.53264e-07
-5.80049e-07
-8.16385e-07
-1.06294e-06
-1.32048e-06
-1.58967e-06
-1.87112e-06
-2.16528e-06
-2.47254e-06
-2.79325e-06
-3.12766e-06
-3.4759e-06
-3.83804e-06
-4.21399e-06
-4.60358e-06
-5.0065e-06
-5.42234e-06
-5.85057e-06
-6.29052e-06
-6.74142e-06
-1.70783e-05
-2.11656e-05
-1.97602e-05
-1.8825e-05
-1.8458e-05
-1.84173e-05
-1.85972e-05
-1.89313e-05
-1.93796e-05
-1.99181e-05
-2.05335e-05
-2.12223e-05
-2.19927e-05
-2.2866e-05
-2.38812e-05
-1.13324e-05
-1.66044e-05
-1.75217e-05
-1.77327e-05
-1.7887e-05
-1.80917e-05
-1.83989e-05
-1.8806e-05
-1.92988e-05
-1.98655e-05
-2.04989e-05
-2.11991e-05
-2.19767e-05
-2.2854e-05
-2.38708e-05
-7.49637e-06
-1.3201e-05
-1.55859e-05
-1.66398e-05
-1.72596e-05
-1.77249e-05
-1.81763e-05
-1.86669e-05
-1.92103e-05
-1.98084e-05
-2.04615e-05
-2.11741e-05
-2.19592e-05
-2.28408e-05
-2.3859e-05
-5.33156e-06
-1.0716e-05
-1.38326e-05
-1.55164e-05
-1.65626e-05
-1.73041e-05
-1.79211e-05
-1.85098e-05
-1.91122e-05
-1.97463e-05
-2.04214e-05
-2.11475e-05
-2.19405e-05
-2.28262e-05
-2.38457e-05
-3.95861e-06
-8.62219e-06
-1.20201e-05
-1.42302e-05
-1.57133e-05
-1.67688e-05
-1.75908e-05
-1.83068e-05
-1.8987e-05
-1.96682e-05
-2.03718e-05
-2.11148e-05
-2.19175e-05
-2.28082e-05
-2.38291e-05
-2.92321e-06
-6.88718e-06
-1.02597e-05
-1.28179e-05
-1.46952e-05
-1.60819e-05
-1.71472e-05
-1.80271e-05
-1.88127e-05
-1.95595e-05
-2.0303e-05
-2.10696e-05
-2.18858e-05
-2.27836e-05
-2.38067e-05
-2.19224e-06
-5.55736e-06
-8.7192e-06
-1.14094e-05
-1.35651e-05
-1.52492e-05
-1.65706e-05
-1.7644e-05
-1.85646e-05
-1.94007e-05
-2.02009e-05
-2.10022e-05
-2.18387e-05
-2.27473e-05
-2.37746e-05
-1.76399e-06
-4.62646e-06
-7.48863e-06
-1.01325e-05
-1.24215e-05
-1.43226e-05
-1.58734e-05
-1.71472e-05
-1.82235e-05
-1.91719e-05
-2.00483e-05
-2.08991e-05
-2.17659e-05
-2.26917e-05
-2.37266e-05
-1.584e-06
-4.03392e-06
-6.5787e-06
-9.06715e-06
-1.13612e-05
-1.33786e-05
-1.50997e-05
-1.65516e-05
-1.77856e-05
-1.88599e-05
-1.98296e-05
-2.07453e-05
-2.16546e-05
-2.2606e-05
-2.36538e-05
-1.5947e-06
-3.70951e-06
-5.9569e-06
-8.24021e-06
-1.04483e-05
-1.24882e-05
-1.43064e-05
-1.58918e-05
-1.72649e-05
-1.84641e-05
-1.95358e-05
-2.05284e-05
-2.14919e-05
-2.24785e-05
-2.35455e-05
-1.75053e-06
-3.59207e-06
-5.57512e-06
-7.64077e-06
-9.70937e-06
-1.16986e-05
-1.35433e-05
-1.52078e-05
-1.66859e-05
-1.79946e-05
-1.91659e-05
-2.0241e-05
-2.12672e-05
-2.22971e-05
-2.33896e-05
-2.0185e-06
-3.63414e-06
-5.38632e-06
-7.24058e-06
-9.14382e-06
-1.10322e-05
-1.28442e-05
-1.45333e-05
-1.6075e-05
-1.7467e-05
-1.87253e-05
-1.98801e-05
-2.09721e-05
-2.20508e-05
-2.31738e-05
-2.37465e-06
-3.8004e-06
-5.35126e-06
-7.00813e-06
-8.73755e-06
-1.04943e-05
-1.22281e-05
-1.38928e-05
-1.54546e-05
-1.6897e-05
-1.82214e-05
-1.94455e-05
-2.06004e-05
-2.17293e-05
-2.28853e-05
-2.8e-06
-4.0636e-06
-5.43818e-06
-6.9141e-06
-8.47141e-06
-1.00803e-05
-1.17039e-05
-1.33029e-05
-1.48427e-05
-1.62992e-05
-1.76625e-05
-1.89381e-05
-2.01465e-05
-2.13219e-05
-2.251e-05
-3.27747e-06
-4.40081e-06
-5.62028e-06
-6.93187e-06
-8.32454e-06
-9.77997e-06
-1.12732e-05
-1.27749e-05
-1.42551e-05
-1.56884e-05
-1.70584e-05
-1.83611e-05
-1.96065e-05
-2.08186e-05
-2.20333e-05
-3.79023e-06
-4.79101e-06
-5.8734e-06
-7.03658e-06
-8.2751e-06
-9.57859e-06
-1.09316e-05
-1.23144e-05
-1.37043e-05
-1.50792e-05
-1.64214e-05
-1.77212e-05
-1.89802e-05
-2.0212e-05
-2.14416e-05
-4.32185e-06
-5.21447e-06
-6.17508e-06
-7.20452e-06
-8.30066e-06
-9.4583e-06
-1.06689e-05
-1.19204e-05
-1.31977e-05
-1.44846e-05
-1.57658e-05
-1.70298e-05
-1.8273e-05
-1.95003e-05
-2.07261e-05
-4.85657e-06
-5.65274e-06
-6.50444e-06
-7.41324e-06
-8.37885e-06
-9.39923e-06
-1.04703e-05
-1.15859e-05
-1.27373e-05
-1.39141e-05
-1.51055e-05
-1.63016e-05
-1.74968e-05
-1.86902e-05
-1.98869e-05
-5.3762e-06
-6.08564e-06
-6.83955e-06
-7.63956e-06
-8.48628e-06
-9.37947e-06
-1.03179e-05
-1.1299e-05
-1.23189e-05
-1.33721e-05
-1.44526e-05
-1.55536e-05
-1.667e-05
-1.77984e-05
-1.89373e-05
-5.868e-06
-6.49935e-06
-7.16534e-06
-7.86741e-06
-8.60656e-06
-9.38344e-06
-1.01983e-05
-1.1051e-05
-1.19405e-05
-1.2865e-05
-1.38222e-05
-1.48086e-05
-1.58214e-05
-1.6857e-05
-1.79107e-05
-6.27937e-06
-6.84507e-06
-7.43773e-06
-8.05831e-06
-8.70776e-06
-9.3871e-06
-1.00972e-05
-1.0839e-05
-1.1613e-05
-1.24193e-05
-1.32581e-05
-1.41285e-05
-1.50296e-05
-1.59595e-05
-1.69134e-05
-6.58659e-06
-7.10248e-06
-7.63966e-06
-8.19885e-06
-8.78095e-06
-9.38701e-06
-1.00181e-05
-1.06754e-05
-1.13601e-05
-1.20732e-05
-1.28159e-05
-1.35887e-05
-1.43924e-05
-1.52264e-05
-1.60878e-05
-6.79133e-06
-7.27299e-06
-7.77228e-06
-8.28971e-06
-8.826e-06
-9.38209e-06
-9.95901e-06
-1.05579e-05
-1.118e-05
-1.18268e-05
-1.24997e-05
-1.31999e-05
-1.39291e-05
-1.46877e-05
-1.54746e-05
-6.93308e-06
-7.39186e-06
-7.86573e-06
-8.35502e-06
-8.86033e-06
-9.38244e-06
-9.92221e-06
-1.04807e-05
-1.1059e-05
-1.16586e-05
-1.22811e-05
-1.29278e-05
-1.36007e-05
-1.43009e-05
-1.50285e-05
-7.02955e-06
-7.4738e-06
-7.93135e-06
-8.40241e-06
-8.88745e-06
-9.38707e-06
-9.90195e-06
-1.0433e-05
-1.09811e-05
-1.15476e-05
-1.2134e-05
-1.27417e-05
-1.33727e-05
-1.40282e-05
-1.47091e-05
-7.09447e-06
-7.5304e-06
-7.97832e-06
-8.43839e-06
-8.91091e-06
-9.39633e-06
-9.89512e-06
-1.0408e-05
-1.09357e-05
-1.14794e-05
-1.20402e-05
-1.26195e-05
-1.32191e-05
-1.38403e-05
-1.44842e-05
-7.13779e-06
-7.56985e-06
-8.01298e-06
-8.46723e-06
-8.93278e-06
-9.40988e-06
-9.89883e-06
-1.04001e-05
-1.09143e-05
-1.14423e-05
-1.19851e-05
-1.25437e-05
-1.31197e-05
-1.37142e-05
-1.43286e-05
-7.16635e-06
-7.59769e-06
-8.03941e-06
-8.49147e-06
-8.9539e-06
-9.42678e-06
-9.91024e-06
-1.04046e-05
-1.09101e-05
-1.14275e-05
-1.19575e-05
-1.25009e-05
-1.30589e-05
-1.36325e-05
-1.42229e-05
-7.18492e-06
-7.61765e-06
-8.06024e-06
-8.51256e-06
-8.97449e-06
-9.44595e-06
-9.92688e-06
-1.04174e-05
-1.09176e-05
-1.1428e-05
-1.19488e-05
-1.24809e-05
-1.3025e-05
-1.35819e-05
-1.41526e-05
-7.19678e-06
-7.63225e-06
-8.07719e-06
-8.53135e-06
-8.99449e-06
-9.46634e-06
-9.94671e-06
-1.04355e-05
-1.09327e-05
-1.14383e-05
-1.19528e-05
-1.24763e-05
-1.30094e-05
-1.35528e-05
-1.4107e-05
-7.20416e-06
-7.64314e-06
-8.0913e-06
-8.54827e-06
-9.01365e-06
-9.48705e-06
-9.9681e-06
-1.04565e-05
-1.09521e-05
-1.14548e-05
-1.19646e-05
-1.24815e-05
-1.30059e-05
-1.35381e-05
-1.40785e-05
-7.20851e-06
-7.65141e-06
-8.10323e-06
-8.56351e-06
-9.03172e-06
-9.50732e-06
-9.98982e-06
-1.04788e-05
-1.09738e-05
-1.14746e-05
-1.19809e-05
-1.24927e-05
-1.301e-05
-1.35328e-05
-1.40615e-05
-7.2108e-06
-7.65773e-06
-8.11337e-06
-8.57717e-06
-9.04847e-06
-9.52661e-06
-1.0011e-05
-1.05009e-05
-1.0996e-05
-1.14956e-05
-1.19994e-05
-1.25072e-05
-1.30186e-05
-1.35335e-05
-1.40521e-05
-7.21165e-06
-7.66253e-06
-8.12196e-06
-8.58928e-06
-9.06373e-06
-9.54453e-06
-1.00309e-05
-1.05222e-05
-1.10176e-05
-1.15166e-05
-1.20186e-05
-1.2523e-05
-1.30295e-05
-1.35377e-05
-1.40476e-05
-7.21145e-06
-7.66611e-06
-8.12918e-06
-8.59991e-06
-9.07744e-06
-9.56088e-06
-1.00494e-05
-1.05421e-05
-1.10381e-05
-1.15368e-05
-1.20373e-05
-1.2539e-05
-1.30413e-05
-1.35438e-05
-1.40461e-05
-7.21051e-06
-7.6687e-06
-8.13518e-06
-8.60912e-06
-9.08957e-06
-9.57556e-06
-1.00661e-05
-1.05603e-05
-1.10571e-05
-1.15556e-05
-1.2055e-05
-1.25545e-05
-1.30533e-05
-1.35508e-05
-1.40465e-05
-7.20904e-06
-7.67047e-06
-8.14009e-06
-8.617e-06
-9.10017e-06
-9.58854e-06
-1.0081e-05
-1.05766e-05
-1.10742e-05
-1.15728e-05
-1.20713e-05
-1.2569e-05
-1.30648e-05
-1.3558e-05
-1.4048e-05
-7.20717e-06
-7.67159e-06
-8.14411e-06
-8.62376e-06
-9.10944e-06
-9.60002e-06
-1.00943e-05
-1.05913e-05
-1.10896e-05
-1.15883e-05
-1.20862e-05
-1.25823e-05
-1.30755e-05
-1.3565e-05
-1.405e-05
-7.20486e-06
-7.67219e-06
-8.14753e-06
-8.62985e-06
-9.11797e-06
-9.61071e-06
-1.01068e-05
-1.0605e-05
-1.11042e-05
-1.16031e-05
-1.21004e-05
-1.25951e-05
-1.3086e-05
-1.35721e-05
-1.40526e-05
-7.20241e-06
-7.67241e-06
-8.15039e-06
-8.63527e-06
-9.12582e-06
-9.62076e-06
-1.01188e-05
-1.06185e-05
-1.11186e-05
-1.16178e-05
-1.21146e-05
-1.2608e-05
-1.30967e-05
-1.35795e-05
-1.40554e-05
4.85003e-06
4.8635e-06
4.881e-06
4.90349e-06
4.93113e-06
4.96398e-06
5.00206e-06
5.04522e-06
5.09306e-06
5.14461e-06
5.19913e-06
5.25569e-06
5.31341e-06
5.37145e-06
5.42903e-06
5.48554e-06
5.5406e-06
5.59409e-06
5.64628e-06
5.69788e-06
5.75018e-06
5.80525e-06
5.86713e-06
5.9409e-06
6.03124e-06
6.14288e-06
6.2802e-06
6.44637e-06
6.64231e-06
6.86588e-06
7.11525e-06
7.38551e-06
7.66273e-06
7.93047e-06
8.17442e-06
8.38214e-06
8.5423e-06
8.64828e-06
8.70012e-06
8.70477e-06
8.67499e-06
8.62624e-06
8.57641e-06
8.54183e-06
8.53694e-06
4.81945e-06
4.8318e-06
4.84805e-06
4.86986e-06
4.89768e-06
4.93141e-06
4.97092e-06
5.01582e-06
5.06583e-06
5.1207e-06
5.17979e-06
5.24238e-06
5.30777e-06
5.37518e-06
5.44388e-06
5.51312e-06
5.58225e-06
5.65078e-06
5.71849e-06
5.78577e-06
5.85361e-06
5.92387e-06
5.99949e-06
6.08372e-06
6.18039e-06
6.29386e-06
6.42818e-06
6.58628e-06
6.76931e-06
6.97641e-06
7.20414e-06
7.44272e-06
7.68195e-06
7.91328e-06
8.12449e-06
8.30236e-06
8.43801e-06
8.52779e-06
8.5738e-06
8.58351e-06
8.56796e-06
8.53927e-06
8.50842e-06
8.4845e-06
8.47195e-06
4.78434e-06
4.79381e-06
4.80811e-06
4.82855e-06
4.85547e-06
4.88884e-06
4.92881e-06
4.9749e-06
5.02682e-06
5.08425e-06
5.14676e-06
5.21375e-06
5.2846e-06
5.35858e-06
5.43492e-06
5.51276e-06
5.59117e-06
5.66917e-06
5.7458e-06
5.82028e-06
5.89214e-06
5.96175e-06
6.03049e-06
6.10144e-06
6.17996e-06
6.27266e-06
6.38591e-06
6.5247e-06
6.69175e-06
6.88679e-06
7.10755e-06
7.3454e-06
7.58976e-06
7.8282e-06
8.04701e-06
8.2332e-06
8.37702e-06
8.47377e-06
8.52475e-06
8.53679e-06
8.52055e-06
8.48798e-06
8.44989e-06
8.41275e-06
8.37788e-06
4.73818e-06
4.74349e-06
4.75567e-06
4.77486e-06
4.80127e-06
4.83513e-06
4.87595e-06
4.92387e-06
4.97856e-06
5.03967e-06
5.10674e-06
5.17925e-06
5.25654e-06
5.33781e-06
5.42212e-06
5.50827e-06
5.59476e-06
5.67976e-06
5.761e-06
5.83587e-06
5.90156e-06
5.95605e-06
5.99951e-06
6.03693e-06
6.07728e-06
6.13131e-06
6.20953e-06
6.31966e-06
6.46632e-06
6.65014e-06
6.86703e-06
7.11072e-06
7.36946e-06
7.62897e-06
7.87348e-06
8.08764e-06
8.25896e-06
8.37996e-06
8.44954e-06
8.47298e-06
8.46035e-06
8.42422e-06
8.37666e-06
8.32406e-06
8.26528e-06
4.67899e-06
4.68038e-06
4.69012e-06
4.70797e-06
4.73402e-06
4.76799e-06
4.81004e-06
4.86007e-06
4.91784e-06
4.98302e-06
5.05519e-06
5.13378e-06
5.21811e-06
5.30723e-06
5.39992e-06
5.49448e-06
5.58861e-06
5.67919e-06
5.76211e-06
5.83213e-06
5.88322e-06
5.90987e-06
5.91119e-06
5.89657e-06
5.8809e-06
5.88106e-06
5.91301e-06
5.98604e-06
6.10499e-06
6.27233e-06
6.48602e-06
6.73844e-06
7.01803e-06
7.30918e-06
7.59381e-06
7.85328e-06
8.07088e-06
8.23451e-06
8.33886e-06
8.38623e-06
8.38552e-06
8.35017e-06
8.29456e-06
8.22631e-06
8.14304e-06
4.60594e-06
4.60346e-06
4.61098e-06
4.62781e-06
4.65325e-06
4.68766e-06
4.73107e-06
4.7834e-06
4.84448e-06
4.91401e-06
4.9916e-06
5.0767e-06
5.16853e-06
5.266e-06
5.36752e-06
5.47081e-06
5.57258e-06
5.66817e-06
5.75113e-06
5.81303e-06
5.84379e-06
5.83363e-06
5.78061e-06
5.70121e-06
5.61873e-06
5.55748e-06
5.53462e-06
5.56177e-06
5.64649e-06
5.79175e-06
5.99856e-06
6.25928e-06
6.56166e-06
6.88932e-06
7.22229e-06
7.53854e-06
7.81642e-06
8.03786e-06
8.19164e-06
8.2755e-06
8.2962e-06
8.26774e-06
8.20725e-06
8.12428e-06
8.01592e-06
4.51838e-06
4.5122e-06
4.51763e-06
4.53328e-06
4.55854e-06
4.5936e-06
4.63859e-06
4.69349e-06
4.7582e-06
4.8325e-06
4.91602e-06
5.00823e-06
5.10829e-06
5.21493e-06
5.32622e-06
5.43923e-06
5.5496e-06
5.65093e-06
5.73419e-06
5.7873e-06
5.79567e-06
5.74484e-06
5.63179e-06
5.48256e-06
5.33025e-06
5.201e-06
5.11359e-06
5.08703e-06
5.13548e-06
5.26125e-06
5.46021e-06
5.72602e-06
6.04794e-06
6.41001e-06
6.79143e-06
7.16755e-06
7.51198e-06
7.80024e-06
8.01402e-06
8.14501e-06
8.19635e-06
8.18173e-06
8.12078e-06
8.02516e-06
7.89175e-06
4.41534e-06
4.406e-06
4.40958e-06
4.42438e-06
4.44958e-06
4.48546e-06
4.53225e-06
4.59002e-06
4.65875e-06
4.73831e-06
4.82841e-06
4.92854e-06
5.03784e-06
5.15487e-06
5.27738e-06
5.40179e-06
5.52264e-06
5.63178e-06
5.71744e-06
5.7636e-06
5.75079e-06
5.66018e-06
5.48645e-06
5.26593e-06
5.04063e-06
4.84316e-06
4.70031e-06
4.63108e-06
4.64649e-06
4.74773e-06
4.93408e-06
5.19963e-06
5.53443e-06
5.92353e-06
6.34646e-06
6.77729e-06
7.18614e-06
7.54263e-06
7.82106e-06
8.00594e-06
8.0953e-06
8.10108e-06
8.04451e-06
7.93916e-06
7.78178e-06
4.29721e-06
4.28497e-06
4.2869e-06
4.30097e-06
4.32625e-06
4.36311e-06
4.41193e-06
4.4729e-06
4.54611e-06
4.63154e-06
4.72901e-06
4.83806e-06
4.95783e-06
5.08678e-06
5.22234e-06
5.36035e-06
5.49427e-06
5.61421e-06
5.70573e-06
5.74869e-06
5.71827e-06
5.59313e-06
5.36289e-06
5.07628e-06
4.7853e-06
4.52952e-06
4.33875e-06
4.23131e-06
4.21576e-06
4.29708e-06
4.47095e-06
4.73268e-06
5.07356e-06
5.48033e-06
5.93396e-06
6.40883e-06
6.87334e-06
7.29264e-06
7.63413e-06
7.87491e-06
8.00664e-06
8.03797e-06
7.99045e-06
7.87881e-06
7.6997e-06
4.16425e-06
4.14929e-06
4.14967e-06
4.16311e-06
4.18858e-06
4.22662e-06
4.27774e-06
4.34229e-06
4.4205e-06
4.51251e-06
4.61825e-06
4.73738e-06
4.86904e-06
5.01163e-06
5.16233e-06
5.31643e-06
5.46641e-06
5.6007e-06
5.70228e-06
5.74701e-06
5.70385e-06
5.55205e-06
5.27257e-06
4.92855e-06
4.58215e-06
4.27854e-06
4.04933e-06
3.91239e-06
3.8751e-06
3.94037e-06
4.10371e-06
4.3603e-06
4.70238e-06
5.11854e-06
5.59193e-06
6.09854e-06
6.60677e-06
7.07914e-06
7.47727e-06
7.77163e-06
7.94688e-06
8.00703e-06
7.97247e-06
7.8582e-06
7.66048e-06
4.01691e-06
3.99929e-06
3.99816e-06
4.01101e-06
4.03678e-06
4.07618e-06
4.1299e-06
4.19847e-06
4.28229e-06
4.38166e-06
4.49669e-06
4.62715e-06
4.77224e-06
4.93033e-06
5.09837e-06
5.27117e-06
5.4403e-06
5.5926e-06
5.70867e-06
5.761e-06
5.71295e-06
5.53762e-06
5.21989e-06
4.82865e-06
4.43774e-06
4.09721e-06
3.84009e-06
3.68342e-06
3.63299e-06
3.68856e-06
3.84542e-06
4.0981e-06
4.43949e-06
4.85988e-06
5.34479e-06
5.87255e-06
6.41309e-06
6.9279e-06
7.37323e-06
7.71602e-06
7.93351e-06
8.02391e-06
8.00528e-06
7.89195e-06
7.67931e-06
3.85572e-06
3.83537e-06
3.83271e-06
3.84499e-06
3.87115e-06
3.9121e-06
3.96874e-06
4.0418e-06
4.13189e-06
4.2395e-06
4.36491e-06
4.50804e-06
4.66818e-06
4.84366e-06
5.03125e-06
5.22531e-06
5.41655e-06
5.59037e-06
5.72499e-06
5.78992e-06
5.746e-06
5.55042e-06
5.2041e-06
4.77622e-06
4.35126e-06
3.98413e-06
3.70895e-06
3.5415e-06
3.48565e-06
3.53848e-06
3.69407e-06
3.94617e-06
4.288e-06
4.71118e-06
5.20335e-06
5.7453e-06
6.30954e-06
6.85898e-06
7.3412e-06
7.72594e-06
7.98312e-06
8.10393e-06
8.10331e-06
7.99421e-06
7.77055e-06
3.68121e-06
3.65796e-06
3.65368e-06
3.66539e-06
3.69202e-06
3.73472e-06
3.79464e-06
3.87271e-06
3.96978e-06
4.08656e-06
4.2235e-06
4.38069e-06
4.55751e-06
4.75226e-06
4.96154e-06
5.17927e-06
5.39534e-06
5.59377e-06
5.75058e-06
5.83223e-06
5.79626e-06
5.59083e-06
5.22291e-06
4.76696e-06
4.31706e-06
3.9322e-06
3.64733e-06
3.47655e-06
3.4222e-06
3.47874e-06
3.63861e-06
3.89492e-06
4.2408e-06
4.66876e-06
5.16805e-06
5.72148e-06
6.30369e-06
6.88182e-06
7.3978e-06
7.81709e-06
8.11048e-06
8.26096e-06
8.27966e-06
8.17773e-06
7.94692e-06
3.49389e-06
3.46748e-06
3.46144e-06
3.47253e-06
3.49971e-06
3.54439e-06
3.60796e-06
3.69162e-06
3.79644e-06
3.92335e-06
4.07303e-06
4.2457e-06
4.44082e-06
4.65666e-06
4.88964e-06
5.13321e-06
5.37647e-06
5.60213e-06
5.78413e-06
5.88571e-06
5.86088e-06
5.65473e-06
5.27097e-06
4.79423e-06
4.32692e-06
3.93148e-06
3.64364e-06
3.47524e-06
3.42842e-06
3.49437e-06
3.66396e-06
3.93025e-06
4.28561e-06
4.72303e-06
5.23288e-06
5.79967e-06
6.39909e-06
6.99856e-06
7.54993e-06
8.00211e-06
8.32763e-06
8.50635e-06
8.5453e-06
8.45324e-06
8.21889e-06
3.29418e-06
3.26427e-06
3.25629e-06
3.26672e-06
3.29453e-06
3.34143e-06
3.40908e-06
3.49895e-06
3.61235e-06
3.75043e-06
3.91406e-06
4.10362e-06
4.31864e-06
4.55731e-06
4.81582e-06
5.08716e-06
5.35961e-06
5.61457e-06
5.82411e-06
5.94842e-06
5.93802e-06
5.736e-06
5.34179e-06
4.85049e-06
4.37176e-06
3.97128e-06
3.68513e-06
3.52507e-06
3.48973e-06
3.56975e-06
3.75508e-06
4.03718e-06
4.40847e-06
4.86193e-06
5.38839e-06
5.97363e-06
6.59354e-06
7.21562e-06
7.80019e-06
8.28503e-06
8.64144e-06
8.84824e-06
8.90861e-06
8.8291e-06
8.59453e-06
3.08239e-06
3.04859e-06
3.03846e-06
3.04818e-06
3.07673e-06
3.12614e-06
3.19837e-06
3.29513e-06
3.41799e-06
3.56831e-06
3.74713e-06
3.95502e-06
4.19149e-06
4.45458e-06
4.74027e-06
5.04104e-06
5.34428e-06
5.63009e-06
5.86891e-06
6.01805e-06
6.0246e-06
5.82974e-06
5.42962e-06
4.92863e-06
4.44306e-06
4.0417e-06
3.76115e-06
3.61257e-06
3.59267e-06
3.69122e-06
3.8973e-06
4.20145e-06
4.59581e-06
5.0731e-06
5.62422e-06
6.23489e-06
6.88185e-06
7.5329e-06
8.14828e-06
8.66801e-06
9.05683e-06
9.29257e-06
9.37564e-06
9.31143e-06
9.07959e-06
2.85875e-06
2.82059e-06
2.80808e-06
2.81706e-06
2.84651e-06
2.89879e-06
2.97616e-06
3.08059e-06
3.21388e-06
3.37759e-06
3.57284e-06
3.80042e-06
4.05986e-06
4.34885e-06
4.66316e-06
4.99471e-06
5.32999e-06
5.64773e-06
5.91709e-06
6.09212e-06
6.11749e-06
5.93184e-06
5.52917e-06
5.02209e-06
4.5331e-06
4.13392e-06
3.8618e-06
3.72726e-06
3.72596e-06
3.84689e-06
4.0785e-06
4.41079e-06
4.83552e-06
5.34498e-06
5.92963e-06
6.57484e-06
7.2576e-06
7.94478e-06
8.59315e-06
9.15117e-06
9.57594e-06
9.84278e-06
9.94998e-06
9.90419e-06
9.67725e-06
2.62332e-06
2.58031e-06
2.56519e-06
2.57344e-06
2.60402e-06
2.65961e-06
2.74279e-06
2.85577e-06
3.00057e-06
3.1789e-06
3.39183e-06
3.64041e-06
3.92432e-06
4.24051e-06
4.58466e-06
4.94806e-06
5.31628e-06
5.66685e-06
5.96687e-06
6.16866e-06
6.21381e-06
6.03877e-06
5.63593e-06
5.12537e-06
4.63548e-06
4.24071e-06
3.97903e-06
3.86063e-06
3.88044e-06
4.0271e-06
4.2887e-06
4.65494e-06
5.11723e-06
5.66731e-06
6.29485e-06
6.98438e-06
7.71213e-06
8.44389e-06
9.13478e-06
9.73371e-06
1.01964e-05
1.04991e-05
1.06327e-05
1.06098e-05
1.03883e-05
2.37605e-06
2.32764e-06
2.3097e-06
2.3173e-06
2.34933e-06
2.40882e-06
2.49864e-06
2.62118e-06
2.77865e-06
2.97279e-06
3.20482e-06
3.47596e-06
3.78539e-06
4.12999e-06
4.505e-06
4.90103e-06
5.30272e-06
5.68639e-06
6.0173e-06
6.24592e-06
6.31119e-06
6.14756e-06
5.74616e-06
5.23402e-06
4.74507e-06
4.35634e-06
4.10659e-06
4.00593e-06
4.04894e-06
4.22429e-06
4.51993e-06
4.92551e-06
5.4322e-06
6.03113e-06
6.71094e-06
7.45486e-06
8.23766e-06
9.02356e-06
9.76624e-06
1.04128e-05
1.09172e-05
1.1259e-05
1.14228e-05
1.14265e-05
1.12138e-05
2.11672e-06
2.06232e-06
2.0414e-06
2.04853e-06
2.08248e-06
2.14665e-06
2.24409e-06
2.37737e-06
2.54877e-06
2.76014e-06
3.01284e-06
3.30776e-06
3.6437e-06
4.01783e-06
4.42448e-06
4.85364e-06
5.28904e-06
5.70571e-06
6.06733e-06
6.32246e-06
6.40777e-06
6.25586e-06
5.85696e-06
5.34459e-06
4.85793e-06
4.4764e-06
4.23971e-06
4.15807e-06
4.22609e-06
4.43264e-06
4.76591e-06
5.21572e-06
5.77311e-06
6.4286e-06
7.16968e-06
7.97791e-06
8.82612e-06
9.67637e-06
1.04804e-05
1.11827e-05
1.17347e-05
1.21186e-05
1.23176e-05
1.23425e-05
1.2156e-05
1.84493e-06
1.78394e-06
1.75993e-06
1.76693e-06
1.80349e-06
1.87331e-06
1.97963e-06
2.12503e-06
2.31185e-06
2.54193e-06
2.81669e-06
3.13653e-06
3.50023e-06
3.90466e-06
4.34349e-06
4.80604e-06
5.27502e-06
5.72436e-06
6.11613e-06
6.39717e-06
6.50207e-06
6.36184e-06
5.96611e-06
5.45448e-06
4.9711e-06
4.59767e-06
4.37488e-06
4.31329e-06
4.40774e-06
4.64767e-06
5.02168e-06
5.52001e-06
6.13369e-06
6.85271e-06
7.66332e-06
8.54526e-06
9.46897e-06
1.03938e-05
1.12687e-05
1.2037e-05
1.26444e-05
1.30718e-05
1.33093e-05
1.33566e-05
1.32096e-05
1.56004e-06
1.49185e-06
1.46479e-06
1.4722e-06
1.51233e-06
1.58911e-06
1.7058e-06
1.86497e-06
2.06886e-06
2.31927e-06
2.61735e-06
2.96334e-06
3.35586e-06
3.79122e-06
4.26253e-06
4.75845e-06
5.26064e-06
5.74198e-06
6.16309e-06
6.46917e-06
6.593e-06
6.46417e-06
6.07201e-06
5.56181e-06
5.08248e-06
4.71782e-06
4.50959e-06
4.46887e-06
4.59091e-06
4.86602e-06
5.28333e-06
5.83376e-06
6.50848e-06
7.29701e-06
8.18445e-06
9.14857e-06
1.01572e-05
1.11667e-05
1.21229e-05
1.29662e-05
1.3637e-05
1.41136e-05
1.43968e-05
1.44752e-05
1.4363e-05
1.26117e-06
1.18518e-06
1.15528e-06
1.16397e-06
1.20899e-06
1.29437e-06
1.42329e-06
1.59812e-06
1.82086e-06
2.0932e-06
2.41607e-06
2.78943e-06
3.21155e-06
3.6783e-06
4.18221e-06
4.71111e-06
5.24594e-06
5.75836e-06
6.20776e-06
6.53784e-06
6.67977e-06
6.5619e-06
6.17351e-06
5.66528e-06
5.1906e-06
4.83524e-06
4.64209e-06
4.62286e-06
4.7734e-06
5.08505e-06
5.54768e-06
6.15303e-06
6.89255e-06
7.75543e-06
8.7257e-06
9.77925e-06
1.08813e-05
1.19849e-05
1.30323e-05
1.39603e-05
1.4703e-05
1.52339e-05
1.55677e-05
1.56863e-05
1.56157e-05
9.4707e-07
8.62771e-07
8.30548e-07
8.41786e-07
8.93493e-07
9.89593e-07
1.13296e-06
1.32559e-06
1.56916e-06
1.86512e-06
2.21416e-06
2.61593e-06
3.06831e-06
3.56671e-06
4.10306e-06
4.66443e-06
5.23101e-06
5.7734e-06
6.24988e-06
6.60277e-06
6.76183e-06
6.65438e-06
6.26988e-06
5.76402e-06
5.29449e-06
4.94885e-06
4.77119e-06
4.77389e-06
4.95357e-06
5.30277e-06
5.8121e-06
6.47436e-06
7.28136e-06
8.22211e-06
9.27974e-06
1.04284e-05
1.16309e-05
1.28369e-05
1.39845e-05
1.50063e-05
1.5832e-05
1.64244e-05
1.68112e-05
1.69749e-05
1.69522e-05
6.16078e-07
5.23103e-07
4.89501e-07
5.05164e-07
5.65966e-07
6.75433e-07
8.3587e-07
1.04872e-06
1.31517e-06
1.63645e-06
2.01297e-06
2.44407e-06
2.92718e-06
3.45727e-06
4.02569e-06
4.61879e-06
5.21604e-06
5.78711e-06
6.28929e-06
6.66368e-06
6.83885e-06
6.74123e-06
6.36064e-06
5.85751e-06
5.39354e-06
5.05797e-06
4.89609e-06
4.92103e-06
5.13022e-06
5.51754e-06
6.07435e-06
6.79467e-06
7.67066e-06
8.69134e-06
9.83918e-06
1.1087e-05
1.23951e-05
1.37102e-05
1.4966e-05
1.60894e-05
1.70089e-05
1.76772e-05
1.8118e-05
1.83343e-05
1.83656e-05
2.65998e-07
1.64263e-07
1.30863e-07
1.53616e-07
2.26675e-07
3.52782e-07
5.3342e-07
7.68998e-07
1.06048e-06
1.40875e-06
1.81389e-06
2.27506e-06
2.78914e-06
3.35075e-06
3.95065e-06
4.57453e-06
5.20121e-06
5.79952e-06
6.32592e-06
6.72044e-06
6.91066e-06
6.82225e-06
6.44557e-06
5.94546e-06
5.4874e-06
5.16218e-06
5.01629e-06
5.0636e-06
5.30243e-06
5.72804e-06
6.3325e-06
7.11112e-06
8.05644e-06
9.1576e-06
1.03967e-05
1.17454e-05
1.31625e-05
1.45917e-05
1.59625e-05
1.71959e-05
1.82174e-05
1.89753e-05
1.94765e-05
1.9753e-05
1.98464e-05
-1.06041e-07
-2.16157e-07
-2.46841e-07
-2.13255e-07
-1.23784e-07
2.28983e-08
2.27173e-07
4.8819e-07
8.06823e-07
1.18358e-06
1.61837e-06
2.10998e-06
2.65511e-06
3.24784e-06
3.87843e-06
4.53197e-06
5.18669e-06
5.81071e-06
6.35979e-06
6.77304e-06
6.9772e-06
6.89737e-06
6.52457e-06
6.02774e-06
5.57591e-06
5.26126e-06
5.13146e-06
5.20112e-06
5.46948e-06
5.93317e-06
6.58483e-06
7.42116e-06
8.43493e-06
9.61556e-06
1.0945e-05
1.23943e-05
1.39211e-05
1.54672e-05
1.69584e-05
1.83102e-05
1.9442e-05
2.02983e-05
2.08715e-05
2.1217e-05
2.13835e-05
-5.03804e-07
-6.21144e-07
-6.45258e-07
-5.95637e-07
-4.84517e-07
-3.12452e-07
-8.10003e-08
2.08298e-07
5.56031e-07
9.62548e-07
1.42765e-06
1.94995e-06
2.52588e-06
3.1491e-06
3.8094e-06
4.49133e-06
5.17261e-06
5.82075e-06
6.39093e-06
6.8215e-06
7.03852e-06
6.96665e-06
6.59769e-06
6.10438e-06
5.65904e-06
5.35509e-06
5.24143e-06
5.33327e-06
5.63083e-06
6.13199e-06
6.82983e-06
7.72244e-06
8.80266e-06
1.00602e-05
1.14771e-05
1.30243e-05
1.4659e-05
1.6322e-05
1.79366e-05
1.9413e-05
2.06632e-05
2.16261e-05
2.2287e-05
2.27103e-05
2.29648e-05
-9.32252e-07
-1.05438e-06
-1.06607e-06
-9.93365e-07
-8.54088e-07
-6.51171e-07
-3.88771e-07
-6.84773e-08
3.10017e-07
7.47194e-07
1.24295e-06
1.79584e-06
2.40208e-06
3.05495e-06
3.74382e-06
4.45277e-06
5.15907e-06
5.82971e-06
6.41942e-06
6.86591e-06
7.09474e-06
7.03024e-06
6.66506e-06
6.17547e-06
5.73683e-06
5.4437e-06
5.34609e-06
5.45981e-06
5.78601e-06
6.32369e-06
7.06617e-06
8.01292e-06
9.15651e-06
1.0487e-05
1.19865e-05
1.36264e-05
1.53643e-05
1.71411e-05
1.88788e-05
2.04837e-05
2.18601e-05
2.29383e-05
2.37003e-05
2.4215e-05
2.4577e-05
-1.39804e-06
-1.52033e-06
-1.51092e-06
-1.40577e-06
-1.23024e-06
-9.90758e-07
-6.93362e-07
-3.39763e-07
7.06862e-08
5.38984e-07
1.06534e-06
1.64838e-06
2.28416e-06
2.96565e-06
3.68183e-06
4.41634e-06
5.14609e-06
5.83763e-06
6.44533e-06
6.90641e-06
7.14603e-06
7.08832e-06
6.72687e-06
6.24118e-06
5.80941e-06
5.52712e-06
5.44541e-06
5.58058e-06
5.93469e-06
6.50761e-06
7.29273e-06
8.29082e-06
9.49375e-06
1.08918e-05
1.24674e-05
1.41925e-05
1.60258e-05
1.79096e-05
1.97663e-05
2.15e-05
2.30084e-05
2.42122e-05
2.5086e-05
2.57087e-05
2.62047e-05
-1.91027e-06
-2.02428e-06
-1.98116e-06
-1.83159e-06
-1.60999e-06
-1.32782e-06
-9.91782e-07
-6.03118e-07
-1.60112e-07
3.39229e-07
8.9569e-07
1.5081e-06
2.17241e-06
2.88131e-06
3.62344e-06
4.38201e-06
5.13365e-06
5.84453e-06
6.46874e-06
6.94313e-06
7.19258e-06
7.14114e-06
6.78335e-06
6.30171e-06
5.87694e-06
5.60547e-06
5.53943e-06
5.69549e-06
6.07661e-06
6.68322e-06
7.5086e-06
8.55466e-06
9.8121e-06
1.12713e-05
1.29147e-05
1.47152e-05
1.6633e-05
1.8613e-05
2.05801e-05
2.24383e-05
2.40806e-05
2.54188e-05
2.64162e-05
2.71661e-05
2.78319e-05
-2.48182e-06
-2.5724e-06
-2.47762e-06
-2.26806e-06
-1.9896e-06
-1.65847e-06
-1.28083e-06
-8.56133e-07
-3.80689e-07
1.49029e-07
7.34648e-07
1.37532e-06
2.06694e-06
2.80192e-06
3.56854e-06
4.34969e-06
5.12168e-06
5.8504e-06
6.48974e-06
6.97624e-06
7.23463e-06
7.18896e-06
6.83478e-06
6.35731e-06
5.93961e-06
5.67888e-06
5.62821e-06
5.80451e-06
6.21157e-06
6.85009e-06
7.71303e-06
8.80329e-06
1.01098e-05
1.16227e-05
1.33245e-05
1.51884e-05
1.7177e-05
1.92383e-05
2.13017e-05
2.32741e-05
2.50466e-05
2.65241e-05
2.76569e-05
2.85562e-05
2.94419e-05
-3.13119e-06
-3.17169e-06
-2.99969e-06
-2.71087e-06
-2.36427e-06
-1.9786e-06
-1.5573e-06
-1.09658e-06
-5.89609e-07
-3.07721e-08
5.82637e-07
1.25019e-06
1.9677e-06
2.72731e-06
3.51697e-06
4.3192e-06
5.11008e-06
5.85523e-06
6.50839e-06
7.00591e-06
7.27243e-06
7.23208e-06
6.88143e-06
6.40824e-06
5.99765e-06
5.74752e-06
5.71184e-06
5.90764e-06
6.33947e-06
7.00793e-06
7.90553e-06
9.0359e-06
1.03855e-05
1.19442e-05
1.36937e-05
1.56076e-05
1.76505e-05
1.97742e-05
2.1914e-05
2.39827e-05
2.58735e-05
2.74887e-05
2.8765e-05
2.98384e-05
3.10164e-05
-3.88506e-06
-3.82897e-06
-3.54314e-06
-3.15537e-06
-2.72829e-06
-2.28379e-06
-1.81824e-06
-1.32258e-06
-7.85775e-07
-1.99621e-07
4.39845e-07
1.13264e-06
1.8745e-06
2.65724e-06
3.46847e-06
4.29034e-06
5.09871e-06
5.85898e-06
6.52479e-06
7.03232e-06
7.30622e-06
7.27079e-06
6.92362e-06
6.45477e-06
6.05127e-06
5.81158e-06
5.79044e-06
6.00493e-06
6.46027e-06
7.15658e-06
8.08579e-06
9.252e-06
1.06386e-05
1.22346e-05
1.40205e-05
1.59699e-05
1.80483e-05
2.02118e-05
2.2402e-05
2.45404e-05
2.65265e-05
2.82667e-05
2.96863e-05
3.09579e-05
3.2534e-05
-4.78184e-06
-4.54468e-06
-4.10528e-06
-3.59312e-06
-3.07561e-06
-2.56979e-06
-2.06112e-06
-1.53271e-06
-9.68468e-07
-3.57244e-07
3.06265e-07
1.02252e-06
1.78708e-06
2.59143e-06
3.42277e-06
4.26292e-06
5.08747e-06
5.86164e-06
6.539e-06
7.05565e-06
7.33626e-06
7.30539e-06
6.96165e-06
6.49719e-06
6.10073e-06
5.87125e-06
5.86416e-06
6.09647e-06
6.574e-06
7.29596e-06
8.25364e-06
9.45138e-06
1.08687e-05
1.24934e-05
1.43043e-05
1.62737e-05
1.83678e-05
2.05453e-05
2.2754e-05
2.49258e-05
2.69702e-05
2.88056e-05
3.03504e-05
3.1835e-05
3.39618e-05
-5.87583e-06
-5.31314e-06
-4.67038e-06
-4.01382e-06
-3.39951e-06
-2.83303e-06
-2.28408e-06
-1.7261e-06
-1.13735e-06
-5.03594e-07
1.81781e-07
9.19604e-07
1.70521e-06
2.52965e-06
3.37971e-06
4.23681e-06
5.07632e-06
5.86326e-06
6.55117e-06
7.07611e-06
7.36283e-06
7.33619e-06
6.99582e-06
6.53577e-06
6.14629e-06
5.92675e-06
5.93317e-06
6.18238e-06
6.68071e-06
7.42603e-06
8.40902e-06
9.63392e-06
1.10758e-05
1.27206e-05
1.4545e-05
1.65189e-05
1.86077e-05
2.07713e-05
2.2962e-05
2.51208e-05
2.71695e-05
2.90464e-05
3.06678e-05
3.23511e-05
3.52343e-05
-7.21547e-06
-6.12384e-06
-5.21936e-06
-4.40581e-06
-3.6936e-06
-3.0708e-06
-2.48624e-06
-1.90267e-06
-1.29266e-06
-6.3903e-07
6.59991e-08
8.23515e-07
1.62853e-06
2.47161e-06
3.33905e-06
4.21187e-06
5.06521e-06
5.8639e-06
6.56144e-06
7.09391e-06
7.38619e-06
7.36348e-06
7.02642e-06
6.5708e-06
6.18819e-06
5.97833e-06
5.99769e-06
6.26288e-06
6.7806e-06
7.54699e-06
8.55217e-06
9.79998e-06
1.12602e-05
1.29169e-05
1.47434e-05
1.67066e-05
1.87692e-05
2.08899e-05
2.30221e-05
2.51124e-05
2.7093e-05
2.89256e-05
3.05272e-05
3.2339e-05
3.62495e-05
-8.91958e-06
-6.95682e-06
-5.72586e-06
-4.75687e-06
-3.95392e-06
-3.28263e-06
-2.6685e-06
-2.06371e-06
-1.4358e-06
-7.64996e-07
-4.25579e-08
7.32765e-07
1.5556e-06
2.41596e-06
3.29961e-06
4.18713e-06
5.05339e-06
5.86307e-06
6.56961e-06
7.1091e-06
7.40656e-06
7.38756e-06
7.05373e-06
6.60246e-06
6.22657e-06
6.02611e-06
6.05795e-06
6.33837e-06
6.87434e-06
7.65991e-06
8.6847e-06
9.95185e-06
1.14251e-05
1.30864e-05
1.49052e-05
1.68438e-05
1.88606e-05
2.091e-05
2.29426e-05
2.49024e-05
2.67236e-05
2.83843e-05
2.98003e-05
3.1601e-05
3.69212e-05
-1.11254e-05
-7.77748e-06
-6.15232e-06
-5.05471e-06
-4.17987e-06
-3.47012e-06
-2.83239e-06
-2.21047e-06
-1.56791e-06
-8.82823e-07
-1.45555e-07
6.45342e-07
1.48414e-06
2.3603e-06
3.25904e-06
4.16042e-06
5.03903e-06
5.85932e-06
6.57467e-06
7.12117e-06
7.42389e-06
7.40869e-06
7.07804e-06
6.63092e-06
6.26142e-06
6.06997e-06
6.11382e-06
6.4088e-06
6.96238e-06
7.76588e-06
8.80874e-06
1.0093e-05
1.15761e-05
1.32373e-05
1.50416e-05
1.6946e-05
1.89027e-05
2.08584e-05
2.27562e-05
2.45266e-05
2.60865e-05
2.73938e-05
2.83293e-05
2.97698e-05
3.66549e-05
-1.30182e-05
-8.35116e-06
-6.4303e-06
-5.27634e-06
-4.36477e-06
-3.62924e-06
-2.97367e-06
-2.33812e-06
-1.68357e-06
-9.8664e-07
-2.36863e-07
5.67429e-07
1.42019e-06
2.31032e-06
3.22244e-06
4.13614e-06
5.02566e-06
5.85528e-06
6.57837e-06
7.13108e-06
7.43866e-06
7.4273e-06
7.10004e-06
6.65706e-06
6.29353e-06
6.1102e-06
6.1646e-06
6.47204e-06
7.04068e-06
7.85875e-06
8.91571e-06
1.02126e-05
1.17e-05
1.33549e-05
1.51378e-05
1.69995e-05
1.88855e-05
2.07341e-05
2.24697e-05
2.40052e-05
2.52122e-05
2.59546e-05
2.59428e-05
2.58966e-05
3.12759e-05
)
;

boundaryField
{
    inlet
    {
        type            uniformJump;
        patchType       cyclic;
        jump            uniform -2.5e-05;
        value           nonuniform List<scalar> 
40
(
5.59397e-07
5.70082e-07
5.82224e-07
5.95989e-07
6.13199e-07
6.36232e-07
6.68784e-07
7.16655e-07
7.88134e-07
8.9376e-07
1.04547e-06
1.2559e-06
1.53857e-06
1.90839e-06
2.38144e-06
2.9732e-06
3.69505e-06
4.54955e-06
5.52514e-06
6.58817e-06
7.62768e-06
8.49261e-06
9.13794e-06
9.61035e-06
9.95131e-06
1.01939e-05
1.03641e-05
1.0482e-05
1.05625e-05
1.06167e-05
1.06526e-05
1.06759e-05
1.06908e-05
1.07001e-05
1.07057e-05
1.0709e-05
1.07107e-05
1.07115e-05
1.07116e-05
1.07112e-05
)
;
        jumpTable       table;
        jumpTableCoeffs
        {
            values          
4
(
(0 -2.5e-05)
(25 -2.5e-05)
(25.5 -0.0001)
(26 -2.5e-05)
)
;
        }
    }
    outlet
    {
        type            uniformJump;
        patchType       cyclic;
        value           nonuniform List<scalar> 
40
(
-2.44406e-05
-2.44299e-05
-2.44178e-05
-2.4404e-05
-2.43868e-05
-2.43638e-05
-2.43312e-05
-2.42833e-05
-2.42119e-05
-2.41062e-05
-2.39545e-05
-2.37441e-05
-2.34614e-05
-2.30916e-05
-2.26186e-05
-2.20268e-05
-2.13049e-05
-2.04504e-05
-1.94749e-05
-1.84118e-05
-1.73723e-05
-1.65074e-05
-1.58621e-05
-1.53897e-05
-1.50487e-05
-1.48061e-05
-1.46359e-05
-1.4518e-05
-1.44375e-05
-1.43833e-05
-1.43474e-05
-1.43241e-05
-1.43092e-05
-1.42999e-05
-1.42943e-05
-1.4291e-05
-1.42893e-05
-1.42885e-05
-1.42884e-05
-1.42888e-05
)
;
    }
    Walls
    {
        type            zeroGradient;
    }
    back
    {
        type            empty;
    }
    front
    {
        type            empty;
    }
}


// ************************************************************************* //
