/*--------------------------------*- C++ -*----------------------------------*\
| =========                 |                                                 |
| \\      /  F ield         | OpenFOAM: The Open Source CFD Toolbox           |
|  \\    /   O peration     | Version:  2312                                  |
|   \\  /    A nd           | Website:  www.openfoam.com                      |
|    \\/     M anipulation  |                                                 |
\*---------------------------------------------------------------------------*/
FoamFile
{
    version     2.0;
    format      ascii;
    arch        "LSB;label=32;scalar=64";
    class       volScalarField;
    location    "1.25";
    object      p;
}
// * * * * * * * * * * * * * * * * * * * * * * * * * * * * * * * * * * * * * //

dimensions      [0 2 -2 0 0 0 0];

internalField   nonuniform List<scalar> 
4800
(
1.93359e-12
-1.94669e-07
-3.66383e-07
-5.18004e-07
-6.53825e-07
-7.74241e-07
-8.81299e-07
-9.76579e-07
-1.0605e-06
-1.13272e-06
-1.19205e-06
-1.2371e-06
-1.26551e-06
-1.33659e-06
-1.77031e-06
1.95606e-09
-1.92662e-07
-3.64365e-07
-5.16096e-07
-6.52169e-07
-7.7311e-07
-8.81021e-07
-9.77695e-07
-1.06403e-06
-1.14079e-06
-1.20928e-06
-1.27379e-06
-1.34219e-06
-1.4546e-06
-1.731e-06
4.16857e-09
-1.90378e-07
-3.62057e-07
-5.13828e-07
-6.50133e-07
-7.71587e-07
-8.80343e-07
-9.78426e-07
-1.06717e-06
-1.14821e-06
-1.22429e-06
-1.30133e-06
-1.38785e-06
-1.50271e-06
-1.67434e-06
6.60545e-09
-1.8782e-07
-3.59447e-07
-5.11147e-07
-6.47638e-07
-7.69535e-07
-8.79011e-07
-9.7831e-07
-1.06906e-06
-1.15326e-06
-1.23378e-06
-1.31503e-06
-1.40155e-06
-1.49927e-06
-1.60782e-06
9.46472e-09
-1.84769e-07
-3.56309e-07
-5.07806e-07
-6.44375e-07
-7.66637e-07
-8.76669e-07
-9.76885e-07
-1.06901e-06
-1.155e-06
-1.237e-06
-1.3172e-06
-1.3964e-06
-1.47371e-06
-1.54176e-06
1.29166e-08
-1.81036e-07
-3.52364e-07
-5.03675e-07
-6.40007e-07
-7.62479e-07
-8.72804e-07
-9.73436e-07
-1.06602e-06
-1.1521e-06
-1.23279e-06
-1.30838e-06
-1.37738e-06
-1.4365e-06
-1.4794e-06
1.71756e-08
-1.76385e-07
-3.47294e-07
-4.98474e-07
-6.34158e-07
-7.56512e-07
-8.66707e-07
-9.67019e-07
-1.05887e-06
-1.14319e-06
-1.22017e-06
-1.28886e-06
-1.34706e-06
-1.3918e-06
-1.41963e-06
2.25867e-08
-1.7045e-07
-3.40723e-07
-4.91522e-07
-6.26381e-07
-7.48053e-07
-8.57467e-07
-9.56523e-07
-1.04629e-06
-1.12716e-06
-1.19867e-06
-1.25951e-06
-1.30784e-06
-1.34199e-06
-1.36086e-06
2.96965e-08
-1.62662e-07
-3.32063e-07
-4.8203e-07
-6.15868e-07
-7.36183e-07
-8.43973e-07
-9.40704e-07
-1.02709e-06
-1.10316e-06
-1.16827e-06
-1.22136e-06
-1.26143e-06
-1.28815e-06
-1.30174e-06
3.93437e-08
-1.5217e-07
-3.20417e-07
-4.691e-07
-6.014e-07
-7.19644e-07
-8.24891e-07
-9.18237e-07
-1.00016e-06
-1.0706e-06
-1.12911e-06
-1.1752e-06
-1.20879e-06
-1.23046e-06
-1.24103e-06
5.27638e-08
-1.37741e-07
-3.04499e-07
-4.51401e-07
-5.81492e-07
-6.96896e-07
-7.98693e-07
-8.87754e-07
-9.64505e-07
-1.02903e-06
-1.08132e-06
-1.12153e-06
-1.15028e-06
-1.16867e-06
-1.17768e-06
7.16745e-08
-1.17664e-07
-2.82565e-07
-4.27134e-07
-5.54327e-07
-6.66133e-07
-7.63709e-07
-8.47876e-07
-9.19184e-07
-9.78042e-07
-1.02491e-06
-1.06049e-06
-1.08583e-06
-1.10225e-06
-1.1107e-06
9.82733e-08
-8.9726e-08
-2.52379e-07
-3.94057e-07
-5.17733e-07
-6.25317e-07
-7.18169e-07
-7.97224e-07
-8.63283e-07
-9.17119e-07
-9.59609e-07
-9.91808e-07
-1.01498e-06
-1.03047e-06
-1.03912e-06
1.35066e-07
-5.13286e-08
-2.11321e-07
-3.49595e-07
-4.69187e-07
-5.72277e-07
-6.60281e-07
-7.34435e-07
-7.95844e-07
-8.45604e-07
-8.84877e-07
-9.14906e-07
-9.36998e-07
-9.52437e-07
-9.61915e-07
1.84518e-07
2.01019e-10
-1.56672e-07
-2.91146e-07
-4.06463e-07
-5.04957e-07
-5.88371e-07
-6.58234e-07
-7.15912e-07
-7.62725e-07
-7.99986e-07
-8.28992e-07
-8.50998e-07
-8.67169e-07
-8.78093e-07
2.48636e-07
6.71829e-08
-8.60431e-08
-2.16429e-07
-3.27459e-07
-4.21695e-07
-5.01142e-07
-5.67622e-07
-6.22685e-07
-6.67762e-07
-7.04204e-07
-7.33276e-07
-7.56128e-07
-7.73795e-07
-7.8679e-07
3.28651e-07
1.51201e-07
2.21998e-09
-1.23914e-07
-2.30907e-07
-3.21541e-07
-3.97953e-07
-4.62167e-07
-5.15821e-07
-5.60371e-07
-5.97134e-07
-6.2729e-07
-6.51869e-07
-6.71782e-07
-6.875e-07
4.24767e-07
2.52794e-07
1.08714e-07
-1.31047e-08
-1.16468e-07
-2.04269e-07
-2.78855e-07
-3.42086e-07
-3.95611e-07
-4.40868e-07
-4.79097e-07
-5.11365e-07
-5.38583e-07
-5.6154e-07
-5.80692e-07
5.35666e-07
3.70921e-07
2.32483e-07
1.15021e-07
1.48311e-08
-7.09387e-08
-1.44564e-07
-2.07863e-07
-2.62391e-07
-3.09467e-07
-3.50203e-07
-3.85543e-07
-4.16283e-07
-4.43107e-07
-4.6648e-07
6.57602e-07
5.01998e-07
3.70022e-07
2.57006e-07
1.5963e-07
7.53866e-08
2.14464e-09
-6.18975e-08
-1.18197e-07
-1.67917e-07
-2.12016e-07
-2.51301e-07
-2.86453e-07
-3.18056e-07
-3.46583e-07
7.78174e-07
6.32695e-07
5.07455e-07
3.98634e-07
3.03412e-07
2.19598e-07
1.45407e-07
7.9318e-08
2.00931e-08
-3.32743e-08
-8.16141e-08
-1.25619e-07
-1.65875e-07
-2.02871e-07
-2.37091e-07
8.79079e-07
7.4289e-07
6.23703e-07
5.18509e-07
4.25003e-07
3.41298e-07
2.65845e-07
1.97551e-07
1.354e-07
7.8502e-08
2.61189e-08
-2.23515e-08
-6.74174e-08
-1.09495e-07
-1.49035e-07
9.54103e-07
8.25641e-07
7.11443e-07
6.09209e-07
5.17088e-07
4.33536e-07
3.57287e-07
2.87317e-07
2.22755e-07
1.62858e-07
1.07005e-07
5.46856e-08
5.4642e-09
-4.10119e-08
-8.5143e-08
1.00895e-06
8.87018e-07
7.77118e-07
6.7749e-07
5.86638e-07
5.03275e-07
4.26323e-07
3.54897e-07
2.88259e-07
2.25791e-07
1.66971e-07
1.11365e-07
5.86001e-08
8.37503e-09
-3.96612e-08
1.04854e-06
9.3207e-07
8.25814e-07
7.28407e-07
6.38629e-07
5.55401e-07
4.77822e-07
4.05144e-07
3.36746e-07
2.72105e-07
2.1078e-07
1.52399e-07
9.66439e-08
4.32562e-08
-8.06938e-09
1.07668e-06
9.64796e-07
8.61619e-07
7.66099e-07
6.77236e-07
5.94125e-07
5.16019e-07
4.42288e-07
3.72409e-07
3.05938e-07
2.42501e-07
1.81782e-07
1.23508e-07
6.74606e-08
1.3374e-08
1.09648e-06
9.88453e-07
8.87894e-07
7.93991e-07
7.05918e-07
6.22917e-07
5.44369e-07
4.69748e-07
3.98614e-07
3.30592e-07
2.65366e-07
2.0267e-07
1.42271e-07
8.39827e-08
2.75772e-08
1.11033e-06
1.00558e-06
9.07261e-07
8.14748e-07
7.27348e-07
6.44453e-07
5.6553e-07
4.90148e-07
4.17941e-07
3.48595e-07
2.81845e-07
2.17467e-07
1.55265e-07
9.50821e-08
3.67218e-08
1.12001e-06
1.01807e-06
9.21679e-07
8.30367e-07
7.43554e-07
6.60739e-07
5.81489e-07
5.0545e-07
4.32316e-07
3.61831e-07
2.93772e-07
2.27953e-07
1.64211e-07
1.02415e-07
4.23972e-08
1.12681e-06
1.02729e-06
9.32575e-07
8.423e-07
7.5599e-07
6.73238e-07
5.937e-07
5.17085e-07
4.43144e-07
3.71668e-07
3.02476e-07
2.35414e-07
1.70347e-07
1.07167e-07
4.57319e-08
1.13166e-06
1.03424e-06
9.40963e-07
8.51577e-07
7.65703e-07
6.83001e-07
6.03203e-07
5.26079e-07
4.51429e-07
3.79085e-07
3.08903e-07
2.40759e-07
1.74542e-07
1.10166e-07
4.75103e-08
1.13517e-06
1.03957e-06
9.47559e-07
8.58949e-07
7.73439e-07
6.90769e-07
6.10735e-07
5.33156e-07
4.57877e-07
3.84768e-07
3.13716e-07
2.44623e-07
1.77402e-07
1.11984e-07
4.82685e-08
1.13778e-06
1.04377e-06
9.52853e-07
8.64912e-07
7.79713e-07
6.97063e-07
6.16812e-07
5.38823e-07
4.62984e-07
3.89196e-07
3.17374e-07
2.47445e-07
1.79341e-07
1.1301e-07
4.83684e-08
1.13976e-06
1.04715e-06
9.57185e-07
8.69821e-07
7.84889e-07
7.02247e-07
6.21794e-07
5.43437e-07
4.67095e-07
3.92701e-07
3.20195e-07
2.49526e-07
1.80642e-07
1.13507e-07
4.80523e-08
1.14131e-06
1.04992e-06
9.60788e-07
8.73926e-07
7.8922e-07
7.06575e-07
6.25937e-07
5.47245e-07
4.70452e-07
3.95516e-07
3.22402e-07
2.51075e-07
1.815e-07
1.13655e-07
4.74821e-08
1.14254e-06
1.05223e-06
9.63821e-07
8.77397e-07
7.92882e-07
7.10226e-07
6.29416e-07
5.50421e-07
4.73224e-07
3.97804e-07
3.24146e-07
2.52235e-07
1.82048e-07
1.13574e-07
4.67672e-08
1.14354e-06
1.05418e-06
9.66392e-07
8.80353e-07
7.95995e-07
7.13323e-07
6.32355e-07
5.53088e-07
4.75528e-07
3.99677e-07
3.25537e-07
2.53106e-07
1.82378e-07
1.13348e-07
4.59824e-08
1.14438e-06
1.05584e-06
9.68611e-07
8.82905e-07
7.98681e-07
7.15992e-07
6.34878e-07
5.55364e-07
4.77477e-07
4.01237e-07
3.26662e-07
2.53766e-07
1.82551e-07
1.13025e-07
4.51602e-08
1.14511e-06
1.05736e-06
9.70644e-07
8.8524e-07
8.01139e-07
7.18427e-07
6.37173e-07
5.57423e-07
4.79223e-07
4.02613e-07
3.27626e-07
2.54287e-07
1.82611e-07
1.12616e-07
4.42784e-08
1.14576e-06
1.05872e-06
9.72479e-07
8.8735e-07
8.03361e-07
7.20622e-07
6.39227e-07
5.5925e-07
4.80758e-07
4.03805e-07
3.28438e-07
2.54695e-07
1.82601e-07
1.12179e-07
4.3412e-08
-2.50402e-06
-2.12564e-06
-1.85865e-06
-1.66764e-06
-1.50304e-06
-1.36675e-06
-1.25141e-06
-1.15248e-06
-1.06713e-06
-9.93359e-07
-9.29726e-07
-8.75132e-07
-8.28658e-07
-7.89514e-07
-7.56943e-07
-7.30253e-07
-7.08752e-07
-6.91782e-07
-6.78679e-07
-6.68593e-07
-6.60147e-07
-6.50044e-07
-6.32851e-07
-6.01029e-07
-5.51963e-07
-4.79545e-07
-3.91578e-07
-2.84185e-07
-1.54343e-07
-1.80214e-08
1.23187e-07
2.66241e-07
4.0505e-07
5.35149e-07
6.51925e-07
7.51017e-07
8.2851e-07
8.81049e-07
9.06225e-07
9.0282e-07
8.71585e-07
8.15471e-07
7.13197e-07
6.04149e-07
1.93749e-07
-2.05155e-06
-1.9335e-06
-1.77105e-06
-1.62015e-06
-1.47703e-06
-1.35108e-06
-1.24112e-06
-1.14515e-06
-1.0615e-06
-9.88766e-07
-9.25802e-07
-8.7167e-07
-8.25544e-07
-7.86687e-07
-7.54369e-07
-7.2792e-07
-7.06656e-07
-6.89916e-07
-6.77022e-07
-6.67098e-07
-6.5873e-07
-6.48599e-07
-6.31307e-07
-5.99471e-07
-5.50675e-07
-4.78721e-07
-3.92563e-07
-2.86125e-07
-1.58439e-07
-2.47305e-08
1.13071e-07
2.52168e-07
3.86241e-07
5.1057e-07
6.20043e-07
7.09552e-07
7.7383e-07
8.07333e-07
8.04114e-07
7.57232e-07
6.57551e-07
4.90693e-07
2.17273e-07
-2.20136e-07
-1.05436e-06
-1.82837e-06
-1.7874e-06
-1.68262e-06
-1.56476e-06
-1.44346e-06
-1.32981e-06
-1.22688e-06
-1.13504e-06
-1.05392e-06
-9.82782e-07
-9.20886e-07
-8.67505e-07
-8.21936e-07
-7.83515e-07
-7.51557e-07
-7.25422e-07
-7.04439e-07
-6.87955e-07
-6.75282e-07
-6.65522e-07
-6.57222e-07
-6.47042e-07
-6.29622e-07
-5.9776e-07
-5.49279e-07
-4.77955e-07
-3.93872e-07
-2.88788e-07
-1.64073e-07
-3.38656e-08
9.93248e-08
2.32931e-07
3.60394e-07
4.76678e-07
5.76207e-07
6.53143e-07
7.01014e-07
7.124e-07
6.78487e-07
5.88254e-07
4.27176e-07
1.75992e-07
-1.95177e-07
-7.25997e-07
-1.47271e-06
-1.68703e-06
-1.67095e-06
-1.60013e-06
-1.5076e-06
-1.40597e-06
-1.30497e-06
-1.20997e-06
-1.1231e-06
-1.04512e-06
-9.76007e-07
-9.15468e-07
-8.6303e-07
-8.18141e-07
-7.80235e-07
-7.48681e-07
-7.22883e-07
-7.02191e-07
-6.8596e-07
-6.73501e-07
-6.63891e-07
-6.55641e-07
-6.45379e-07
-6.27789e-07
-5.95872e-07
-5.47708e-07
-4.77162e-07
-3.95174e-07
-2.91989e-07
-1.70973e-07
-4.50724e-08
8.23749e-08
2.08982e-07
3.27965e-07
4.33939e-07
5.2091e-07
5.82401e-07
6.11032e-07
5.98113e-07
5.33201e-07
4.03653e-07
1.94229e-07
-1.11467e-07
-5.21826e-07
-1.04831e-06
-1.68439e-06
-1.58267e-06
-1.57406e-06
-1.52434e-06
-1.45142e-06
-1.36646e-06
-1.2777e-06
-1.19098e-06
-1.10962e-06
-1.03525e-06
-9.6852e-07
-9.09579e-07
-8.58237e-07
-8.14121e-07
-7.76784e-07
-7.45668e-07
-7.20227e-07
-6.99838e-07
-6.83871e-07
-6.71633e-07
-6.62179e-07
-6.53978e-07
-6.43633e-07
-6.2588e-07
-5.93962e-07
-5.46218e-07
-4.76735e-07
-3.96822e-07
-2.96375e-07
-1.79846e-07
-5.89631e-08
6.18196e-08
1.80229e-07
2.89354e-07
3.83452e-07
4.56189e-07
5.00603e-07
5.08754e-07
4.71392e-07
3.77791e-07
2.16027e-07
-2.63038e-08
-3.59273e-07
-7.74064e-07
-1.25784e-06
-1.79263e-06
-1.50043e-06
-1.49277e-06
-1.45622e-06
-1.39765e-06
-1.3261e-06
-1.24873e-06
-1.17034e-06
-1.09479e-06
-1.0244e-06
-9.60362e-07
-9.03248e-07
-8.53155e-07
-8.09907e-07
-7.73195e-07
-7.42547e-07
-7.17484e-07
-6.97413e-07
-6.81721e-07
-6.69714e-07
-6.60423e-07
-6.52276e-07
-6.41857e-07
-6.23972e-07
-5.92156e-07
-5.44997e-07
-4.7697e-07
-3.99009e-07
-3.02512e-07
-1.91366e-07
-7.63137e-08
3.68294e-08
1.45797e-07
2.43697e-07
3.24488e-07
3.81619e-07
4.0791e-07
3.95333e-07
3.34916e-07
2.16998e-07
3.22281e-08
-2.26587e-07
-5.61518e-07
-9.60447e-07
-1.39292e-06
-1.83588e-06
-1.43037e-06
-1.42235e-06
-1.39363e-06
-1.34664e-06
-1.28611e-06
-1.21842e-06
-1.14831e-06
-1.0788e-06
-1.01268e-06
-9.51614e-07
-8.96561e-07
-8.47876e-07
-8.05596e-07
-7.69568e-07
-7.39419e-07
-7.1475e-07
-6.95005e-07
-6.79593e-07
-6.67822e-07
-6.58701e-07
-6.50614e-07
-6.4014e-07
-6.22178e-07
-5.90605e-07
-5.4425e-07
-4.78187e-07
-4.01943e-07
-3.10977e-07
-2.06156e-07
-9.79281e-08
6.49926e-09
1.0469e-07
1.89959e-07
2.5609e-07
2.96515e-07
3.04188e-07
2.71557e-07
1.9075e-07
5.42091e-08
-1.4393e-07
-4.05676e-07
-7.26647e-07
-1.09244e-06
-1.47696e-06
-1.85205e-06
-1.36632e-06
-1.35837e-06
-1.33506e-06
-1.29684e-06
-1.24612e-06
-1.18719e-06
-1.12483e-06
-1.0616e-06
-1.00009e-06
-9.42278e-07
-8.89548e-07
-8.42467e-07
-8.01279e-07
-7.66008e-07
-7.36396e-07
-7.12143e-07
-6.92733e-07
-6.77604e-07
-6.66074e-07
-6.57128e-07
-6.49117e-07
-6.38625e-07
-6.20674e-07
-5.89544e-07
-5.44291e-07
-4.80834e-07
-4.06585e-07
-3.22105e-07
-2.24722e-07
-1.24665e-07
-3.01367e-08
5.59447e-08
1.27271e-07
1.77649e-07
2.00751e-07
1.9006e-07
1.3903e-07
4.15015e-08
-1.0747e-07
-3.10266e-07
-5.64951e-07
-8.63662e-07
-1.19164e-06
-1.52838e-06
-1.85221e-06
-1.3046e-06
-1.29738e-06
-1.27839e-06
-1.24717e-06
-1.20512e-06
-1.1549e-06
-1.09968e-06
-1.04272e-06
-9.86325e-07
-9.32161e-07
-8.82099e-07
-8.36889e-07
-7.96973e-07
-7.62584e-07
-7.33581e-07
-7.0979e-07
-6.90736e-07
-6.75903e-07
-6.64625e-07
-6.55873e-07
-6.47969e-07
-6.37528e-07
-6.1973e-07
-5.89324e-07
-5.45579e-07
-4.85422e-07
-4.14442e-07
-3.36445e-07
-2.47526e-07
-1.57395e-07
-7.41024e-08
-1.37512e-09
5.49254e-08
8.88783e-08
9.46747e-08
6.6687e-08
-2.36921e-10
-1.10252e-07
-2.65721e-07
-4.66167e-07
-7.07215e-07
-9.79933e-07
-1.2711e-06
-1.56497e-06
-1.84615e-06
-1.24289e-06
-1.23691e-06
-1.22175e-06
-1.19658e-06
-1.16202e-06
-1.11979e-06
-1.07223e-06
-1.02183e-06
-9.70539e-07
-9.20822e-07
-8.73892e-07
-8.30923e-07
-7.92552e-07
-7.5927e-07
-7.31021e-07
-7.07801e-07
-6.89165e-07
-6.74671e-07
-6.63683e-07
-6.55168e-07
-6.47437e-07
-6.37167e-07
-6.19747e-07
-5.90448e-07
-5.48756e-07
-4.92625e-07
-4.26521e-07
-3.55092e-07
-2.75767e-07
-1.97128e-07
-1.26456e-07
-6.81507e-08
-2.76046e-08
-1.02189e-08
-2.10257e-08
-6.45033e-08
-1.44235e-07
-2.62419e-07
-4.19256e-07
-6.12324e-07
-8.36134e-07
-1.08214e-06
-1.33946e-06
-1.5964e-06
-1.84216e-06
-1.17949e-06
-1.17513e-06
-1.16352e-06
-1.14375e-06
-1.11598e-06
-1.08121e-06
-1.04103e-06
-9.97314e-07
-9.524e-07
-9.07242e-07
-8.64295e-07
-8.24019e-07
-7.87713e-07
-7.55888e-07
-7.28644e-07
-7.06227e-07
-6.88157e-07
-6.74109e-07
-6.63507e-07
-6.55328e-07
-6.47896e-07
-6.38002e-07
-6.21295e-07
-5.93624e-07
-5.54695e-07
-5.03405e-07
-4.43558e-07
-3.79544e-07
-3.11105e-07
-2.45152e-07
-1.88283e-07
-1.45163e-07
-1.20634e-07
-1.19361e-07
-1.4541e-07
-2.02e-07
-2.91196e-07
-4.13544e-07
-5.67711e-07
-7.50229e-07
-9.55473e-07
-1.17599e-06
-1.40328e-06
-1.62883e-06
-1.84511e-06
-1.11311e-06
-1.1106e-06
-1.10236e-06
-1.08751e-06
-1.06592e-06
-1.03817e-06
-1.00527e-06
-9.68596e-07
-9.29773e-07
-8.90588e-07
-8.52095e-07
-8.1513e-07
-7.82044e-07
-7.52015e-07
-7.26235e-07
-7.05033e-07
-6.87791e-07
-6.74414e-07
-6.64398e-07
-6.56753e-07
-6.49855e-07
-6.40669e-07
-6.25171e-07
-5.99821e-07
-5.64548e-07
-5.1907e-07
-4.667e-07
-4.11568e-07
-3.55091e-07
-3.02827e-07
-2.60633e-07
-2.33043e-07
-2.24251e-07
-2.38035e-07
-2.77412e-07
-3.44392e-07
-4.39753e-07
-5.62838e-07
-7.11424e-07
-8.81721e-07
-1.06856e-06
-1.26583e-06
-1.46705e-06
-1.66612e-06
-1.85772e-06
-1.04262e-06
-1.04217e-06
-1.0372e-06
-1.02687e-06
-1.01099e-06
-9.89812e-07
-9.63988e-07
-9.3446e-07
-9.02409e-07
-8.69162e-07
-8.35724e-07
-8.03929e-07
-7.74137e-07
-7.46793e-07
-7.23549e-07
-7.04046e-07
-6.88044e-07
-6.75749e-07
-6.66689e-07
-6.59938e-07
-6.53975e-07
-6.46019e-07
-6.32441e-07
-6.10319e-07
-5.79793e-07
-5.41259e-07
-4.97662e-07
-4.52882e-07
-4.09305e-07
-3.7149e-07
-3.44436e-07
-3.32227e-07
-3.38324e-07
-3.65573e-07
-4.15981e-07
-4.90524e-07
-5.8903e-07
-7.10116e-07
-8.51211e-07
-1.00869e-06
-1.17814e-06
-1.3547e-06
-1.53356e-06
-1.71033e-06
-1.88117e-06
-9.66961e-07
-9.6881e-07
-9.67069e-07
-9.61038e-07
-9.50469e-07
-9.35481e-07
-9.16454e-07
-8.94008e-07
-8.68972e-07
-8.42326e-07
-8.15081e-07
-7.88421e-07
-7.62878e-07
-7.3993e-07
-7.19832e-07
-7.02658e-07
-6.88741e-07
-6.78227e-07
-6.70736e-07
-6.65475e-07
-6.61089e-07
-6.55143e-07
-6.44466e-07
-6.26723e-07
-6.02231e-07
-5.71906e-07
-5.38405e-07
-5.0528e-07
-4.75343e-07
-4.52362e-07
-4.40409e-07
-4.42896e-07
-4.62511e-07
-5.01225e-07
-5.60175e-07
-6.39563e-07
-7.38626e-07
-8.55666e-07
-9.88152e-07
-1.1329e-06
-1.28632e-06
-1.44466e-06
-1.60438e-06
-1.76229e-06
-1.9156e-06
-8.8515e-07
-8.89586e-07
-8.91176e-07
-8.89346e-07
-8.83859e-07
-8.7476e-07
-8.62274e-07
-8.46795e-07
-8.28891e-07
-8.09275e-07
-7.88751e-07
-7.68178e-07
-7.48337e-07
-7.30184e-07
-7.14114e-07
-7.00522e-07
-6.8976e-07
-6.81974e-07
-6.76948e-07
-6.74064e-07
-6.72203e-07
-6.69369e-07
-6.62888e-07
-6.50916e-07
-6.33905e-07
-6.13107e-07
-5.90929e-07
-5.70496e-07
-5.5462e-07
-5.46382e-07
-5.48931e-07
-5.64902e-07
-5.96238e-07
-6.44169e-07
-7.09174e-07
-7.90959e-07
-8.88484e-07
-1.00004e-06
-1.12338e-06
-1.25587e-06
-1.3947e-06
-1.53704e-06
-1.68029e-06
-1.82213e-06
-1.96047e-06
-7.9638e-07
-8.03788e-07
-8.08931e-07
-8.11364e-07
-8.1089e-07
-8.07526e-07
-8.01412e-07
-7.92803e-07
-7.8208e-07
-7.69748e-07
-7.56407e-07
-7.42723e-07
-7.29377e-07
-7.17042e-07
-7.06256e-07
-6.97479e-07
-6.91066e-07
-6.87209e-07
-6.85834e-07
-6.86537e-07
-6.88486e-07
-6.90209e-07
-6.89519e-07
-6.84906e-07
-6.76887e-07
-6.66864e-07
-6.56986e-07
-6.49884e-07
-6.48057e-07
-6.53943e-07
-6.69849e-07
-6.97641e-07
-7.38613e-07
-7.93438e-07
-8.62168e-07
-9.44262e-07
-1.03864e-06
-1.14379e-06
-1.25785e-06
-1.37874e-06
-1.50434e-06
-1.63257e-06
-1.76149e-06
-1.88945e-06
-2.01485e-06
-7.00206e-07
-7.11069e-07
-7.2012e-07
-7.2704e-07
-7.31687e-07
-7.34075e-07
-7.34303e-07
-7.32546e-07
-7.29067e-07
-7.24222e-07
-7.18446e-07
-7.1224e-07
-7.06137e-07
-7.00678e-07
-6.96373e-07
-6.93667e-07
-6.92918e-07
-6.94368e-07
-6.98074e-07
-7.03848e-07
-7.11187e-07
-7.19194e-07
-7.26099e-07
-7.30502e-07
-7.32885e-07
-7.34645e-07
-7.37629e-07
-7.43945e-07
-7.55623e-07
-7.74503e-07
-8.02174e-07
-8.39821e-07
-8.8823e-07
-9.47717e-07
-1.01812e-06
-1.09884e-06
-1.18893e-06
-1.28715e-06
-1.39205e-06
-1.50209e-06
-1.6157e-06
-1.73136e-06
-1.84768e-06
-1.96344e-06
-2.07746e-06
-5.97154e-07
-6.12027e-07
-6.25435e-07
-6.37185e-07
-6.47196e-07
-6.55491e-07
-6.62154e-07
-6.67319e-07
-6.71181e-07
-6.73998e-07
-6.76089e-07
-6.77829e-07
-6.7963e-07
-6.81925e-07
-6.85145e-07
-6.89693e-07
-6.95922e-07
-7.04115e-07
-7.1444e-07
-7.26919e-07
-7.41391e-07
-7.57531e-07
-7.73848e-07
-7.88787e-07
-8.02689e-07
-8.16816e-07
-8.32664e-07
-8.51838e-07
-8.75867e-07
-9.06106e-07
-9.43626e-07
-9.89032e-07
-1.04276e-06
-1.10493e-06
-1.17532e-06
-1.25343e-06
-1.33849e-06
-1.42959e-06
-1.52568e-06
-1.62564e-06
-1.72837e-06
-1.83279e-06
-1.9379e-06
-2.04282e-06
-2.14668e-06
-4.8746e-07
-5.07039e-07
-5.25402e-07
-5.42482e-07
-5.58264e-07
-5.72791e-07
-5.86148e-07
-5.98453e-07
-6.09866e-07
-6.20589e-07
-6.30869e-07
-6.40993e-07
-6.51283e-07
-6.62081e-07
-6.73746e-07
-6.86631e-07
-7.01076e-07
-7.17391e-07
-7.35841e-07
-7.56635e-07
-7.79934e-07
-8.05913e-07
-8.33171e-07
-8.59763e-07
-8.85801e-07
-9.12335e-07
-9.40496e-07
-9.71414e-07
-1.00616e-06
-1.04567e-06
-1.0907e-06
-1.14162e-06
-1.19866e-06
-1.26183e-06
-1.33093e-06
-1.40558e-06
-1.48526e-06
-1.56933e-06
-1.65709e-06
-1.74776e-06
-1.84062e-06
-1.9349e-06
-2.02993e-06
-2.12508e-06
-2.21971e-06
-3.73039e-07
-3.98267e-07
-4.22471e-07
-4.45691e-07
-4.67974e-07
-4.89383e-07
-5.10003e-07
-5.29945e-07
-5.49351e-07
-5.68392e-07
-5.87269e-07
-6.06212e-07
-6.25477e-07
-6.45345e-07
-6.66113e-07
-6.88096e-07
-7.11618e-07
-7.3701e-07
-7.64614e-07
-7.9479e-07
-8.27953e-07
-8.64652e-07
-9.03428e-07
-9.41835e-07
-9.79694e-07
-1.01783e-06
-1.05707e-06
-1.09817e-06
-1.14178e-06
-1.18842e-06
-1.23855e-06
-1.2928e-06
-1.35135e-06
-1.41415e-06
-1.48106e-06
-1.55183e-06
-1.62615e-06
-1.70363e-06
-1.78381e-06
-1.86622e-06
-1.95037e-06
-2.03577e-06
-2.12195e-06
-2.20847e-06
-2.29492e-06
-2.69457e-07
-3.00692e-07
-3.31024e-07
-3.60573e-07
-3.89433e-07
-4.17678e-07
-4.45395e-07
-4.72693e-07
-4.99704e-07
-5.26585e-07
-5.53511e-07
-5.80681e-07
-6.08312e-07
-6.36647e-07
-6.65947e-07
-6.965e-07
-7.28618e-07
-7.62643e-07
-7.98965e-07
-8.38029e-07
-8.80392e-07
-9.26772e-07
-9.75519e-07
-1.02377e-06
-1.07111e-06
-1.1182e-06
-1.16565e-06
-1.21403e-06
-1.26383e-06
-1.31547e-06
-1.36932e-06
-1.42571e-06
-1.48478e-06
-1.54661e-06
-1.61115e-06
-1.6783e-06
-1.74792e-06
-1.81978e-06
-1.89364e-06
-1.96921e-06
-2.04619e-06
-2.12427e-06
-2.20315e-06
-2.28251e-06
-2.36212e-06
-1.86875e-07
-2.23675e-07
-2.59668e-07
-2.94995e-07
-3.29765e-07
-3.64059e-07
-3.97962e-07
-4.31583e-07
-4.65049e-07
-4.98506e-07
-5.32113e-07
-5.66048e-07
-6.0051e-07
-6.35713e-07
-6.719e-07
-7.09337e-07
-7.48326e-07
-7.89206e-07
-8.32378e-07
-8.7831e-07
-9.27602e-07
-9.80977e-07
-1.0366e-06
-1.09146e-06
-1.14504e-06
-1.1979e-06
-1.25055e-06
-1.30346e-06
-1.35707e-06
-1.41177e-06
-1.46777e-06
-1.52522e-06
-1.58427e-06
-1.64503e-06
-1.70756e-06
-1.77186e-06
-1.83787e-06
-1.90551e-06
-1.97465e-06
-2.04514e-06
-2.1168e-06
-2.18945e-06
-2.26291e-06
-2.33696e-06
-2.41146e-06
-1.27675e-07
-1.69221e-07
-2.10013e-07
-2.5019e-07
-2.89859e-07
-3.29099e-07
-3.67993e-07
-4.06647e-07
-4.4518e-07
-4.83728e-07
-5.22438e-07
-5.61473e-07
-6.01015e-07
-6.41262e-07
-6.82439e-07
-7.24794e-07
-7.68616e-07
-8.14229e-07
-8.62026e-07
-9.12457e-07
-9.6611e-07
-1.02363e-06
-1.08315e-06
-1.14169e-06
-1.19875e-06
-1.25479e-06
-1.31026e-06
-1.36554e-06
-1.42101e-06
-1.47696e-06
-1.53362e-06
-1.59118e-06
-1.64979e-06
-1.70958e-06
-1.77064e-06
-1.83299e-06
-1.89666e-06
-1.96161e-06
-2.02778e-06
-2.09511e-06
-2.16347e-06
-2.23277e-06
-2.30287e-06
-2.37363e-06
-2.44496e-06
-8.61702e-08
-1.31715e-07
-1.76518e-07
-2.2071e-07
-2.64386e-07
-3.0762e-07
-3.50494e-07
-3.93105e-07
-4.35567e-07
-4.78004e-07
-5.20553e-07
-5.63362e-07
-6.066e-07
-6.5045e-07
-6.95119e-07
-7.40842e-07
-7.87885e-07
-8.36557e-07
-8.87225e-07
-9.4031e-07
-9.96361e-07
-1.05594e-06
-1.11721e-06
-1.17742e-06
-1.23609e-06
-1.29361e-06
-1.35036e-06
-1.4067e-06
-1.46296e-06
-1.51939e-06
-1.57625e-06
-1.63371e-06
-1.69192e-06
-1.75102e-06
-1.81109e-06
-1.8722e-06
-1.93439e-06
-1.99767e-06
-2.06201e-06
-2.12739e-06
-2.19374e-06
-2.26099e-06
-2.32907e-06
-2.39785e-06
-2.4673e-06
-5.79148e-08
-1.0679e-07
-1.54905e-07
-2.02377e-07
-2.49288e-07
-2.95707e-07
-3.4171e-07
-3.87392e-07
-4.32855e-07
-4.78214e-07
-5.23595e-07
-5.69136e-07
-6.1499e-07
-6.61329e-07
-7.08344e-07
-7.56252e-07
-8.05303e-07
-8.55782e-07
-9.08031e-07
-9.62433e-07
-1.0195e-06
-1.07968e-06
-1.1413e-06
-1.20187e-06
-1.26094e-06
-1.31885e-06
-1.37594e-06
-1.43256e-06
-1.48899e-06
-1.54548e-06
-1.60224e-06
-1.65947e-06
-1.7173e-06
-1.77587e-06
-1.83527e-06
-1.89558e-06
-1.95686e-06
-2.01913e-06
-2.08239e-06
-2.14665e-06
-2.21186e-06
-2.27799e-06
-2.34498e-06
-2.41275e-06
-2.48126e-06
-3.92596e-08
-9.08963e-08
-1.4173e-07
-1.91864e-07
-2.41371e-07
-2.90311e-07
-3.38759e-07
-3.868e-07
-4.34532e-07
-4.82058e-07
-5.29496e-07
-5.76973e-07
-6.24631e-07
-6.7263e-07
-7.21147e-07
-7.70384e-07
-8.20573e-07
-8.71978e-07
-9.24912e-07
-9.79724e-07
-1.03688e-06
-1.09676e-06
-1.15784e-06
-1.21796e-06
-1.27668e-06
-1.33432e-06
-1.39119e-06
-1.4476e-06
-1.50382e-06
-1.56009e-06
-1.61661e-06
-1.67353e-06
-1.73102e-06
-1.78919e-06
-1.84815e-06
-1.90798e-06
-1.96874e-06
-2.03047e-06
-2.09319e-06
-2.15691e-06
-2.22161e-06
-2.28727e-06
-2.35384e-06
-2.42128e-06
-2.48954e-06
-2.73864e-08
-8.13117e-08
-1.34376e-07
-1.86669e-07
-2.38252e-07
-2.89184e-07
-3.39533e-07
-3.89381e-07
-4.38815e-07
-4.87935e-07
-5.36846e-07
-5.85671e-07
-6.3454e-07
-6.83602e-07
-7.33025e-07
-7.82995e-07
-8.33728e-07
-8.85466e-07
-9.38499e-07
-9.93142e-07
-1.04982e-06
-1.10885e-06
-1.16888e-06
-1.22807e-06
-1.28602e-06
-1.343e-06
-1.39932e-06
-1.45526e-06
-1.51107e-06
-1.56697e-06
-1.62313e-06
-1.67973e-06
-1.73691e-06
-1.79479e-06
-1.85347e-06
-1.91304e-06
-1.97355e-06
-2.03506e-06
-2.09759e-06
-2.16115e-06
-2.22576e-06
-2.29138e-06
-2.358e-06
-2.42556e-06
-2.49403e-06
-2.01958e-08
-7.6024e-08
-1.30923e-07
-1.84972e-07
-2.38222e-07
-2.9073e-07
-3.42561e-07
-3.93791e-07
-4.44502e-07
-4.94786e-07
-5.44745e-07
-5.94492e-07
-6.44152e-07
-6.93863e-07
-7.43783e-07
-7.94087e-07
-8.44975e-07
-8.96671e-07
-9.4944e-07
-1.00357e-06
-1.05944e-06
-1.11732e-06
-1.17606e-06
-1.23407e-06
-1.29103e-06
-1.34716e-06
-1.40275e-06
-1.45808e-06
-1.51336e-06
-1.5688e-06
-1.62459e-06
-1.68086e-06
-1.73777e-06
-1.79542e-06
-1.85392e-06
-1.91336e-06
-1.97379e-06
-2.03527e-06
-2.09784e-06
-2.16151e-06
-2.22628e-06
-2.29215e-06
-2.35909e-06
-2.42707e-06
-2.49606e-06
-1.61689e-08
-7.35894e-08
-1.30009e-07
-1.85493e-07
-2.40092e-07
-2.93856e-07
-3.46849e-07
-3.99142e-07
-4.50814e-07
-5.01952e-07
-5.52652e-07
-6.03023e-07
-6.53182e-07
-7.03262e-07
-7.5341e-07
-8.03792e-07
-8.54593e-07
-9.06021e-07
-9.58319e-07
-1.01175e-06
-1.06666e-06
-1.12327e-06
-1.1806e-06
-1.23735e-06
-1.29321e-06
-1.34841e-06
-1.40321e-06
-1.45785e-06
-1.51256e-06
-1.56753e-06
-1.62291e-06
-1.67886e-06
-1.73552e-06
-1.79299e-06
-1.85138e-06
-1.91077e-06
-1.97123e-06
-2.0328e-06
-2.09553e-06
-2.15944e-06
-2.22454e-06
-2.29081e-06
-2.35825e-06
-2.42682e-06
-2.49649e-06
-1.42359e-08
-7.29999e-08
-1.30689e-07
-1.8736e-07
-2.43059e-07
-2.97834e-07
-3.51748e-07
-4.04868e-07
-4.5727e-07
-5.09038e-07
-5.60264e-07
-6.11052e-07
-6.61515e-07
-7.1178e-07
-7.61985e-07
-8.12288e-07
-8.6286e-07
-9.13896e-07
-9.65619e-07
-1.01826e-06
-1.07216e-06
-1.12747e-06
-1.18341e-06
-1.23888e-06
-1.29364e-06
-1.34789e-06
-1.40188e-06
-1.45583e-06
-1.50996e-06
-1.56444e-06
-1.61943e-06
-1.67507e-06
-1.73149e-06
-1.78881e-06
-1.84712e-06
-1.90651e-06
-1.96704e-06
-2.02877e-06
-2.09173e-06
-2.15596e-06
-2.22146e-06
-2.28823e-06
-2.35625e-06
-2.42549e-06
-2.49592e-06
-1.36595e-08
-7.35675e-08
-1.32327e-07
-1.8999e-07
-2.46597e-07
-3.02198e-07
-3.56852e-07
-4.10624e-07
-4.63589e-07
-5.15827e-07
-5.67428e-07
-6.18493e-07
-6.6913e-07
-7.19461e-07
-7.69619e-07
-8.19751e-07
-8.7002e-07
-9.20606e-07
-9.71715e-07
-1.02356e-06
-1.07644e-06
-1.1305e-06
-1.18509e-06
-1.23934e-06
-1.29303e-06
-1.34636e-06
-1.39956e-06
-1.45284e-06
-1.5064e-06
-1.56042e-06
-1.61502e-06
-1.67036e-06
-1.72656e-06
-1.78374e-06
-1.84199e-06
-1.9014e-06
-1.96203e-06
-2.02393e-06
-2.08716e-06
-2.15173e-06
-2.21766e-06
-2.28495e-06
-2.35358e-06
-2.42352e-06
-2.49474e-06
-1.39405e-08
-7.48311e-08
-1.34504e-07
-1.93004e-07
-2.50371e-07
-3.06654e-07
-3.61911e-07
-4.16205e-07
-4.6961e-07
-5.22204e-07
-5.74076e-07
-6.25322e-07
-6.7605e-07
-7.26375e-07
-7.76424e-07
-8.26339e-07
-8.76272e-07
-9.2639e-07
-9.76885e-07
-1.02795e-06
-1.07986e-06
-1.13274e-06
-1.18607e-06
-1.23917e-06
-1.29185e-06
-1.34431e-06
-1.39678e-06
-1.44942e-06
-1.50243e-06
-1.55601e-06
-1.61024e-06
-1.66529e-06
-1.72129e-06
-1.77834e-06
-1.83653e-06
-1.89596e-06
-1.95669e-06
-2.01877e-06
-2.08226e-06
-2.14718e-06
-2.21354e-06
-2.28134e-06
-2.35058e-06
-2.4212e-06
-2.49319e-06
-1.47454e-08
-7.64868e-08
-1.36944e-07
-1.96158e-07
-2.54168e-07
-3.11022e-07
-3.66778e-07
-4.21498e-07
-4.75253e-07
-5.28121e-07
-5.80191e-07
-6.31555e-07
-6.82318e-07
-7.32593e-07
-7.82502e-07
-8.32179e-07
-8.81769e-07
-9.31428e-07
-9.81333e-07
-1.03166e-06
-1.08267e-06
-1.13445e-06
-1.18662e-06
-1.23865e-06
-1.29041e-06
-1.34207e-06
-1.39384e-06
-1.44588e-06
-1.49838e-06
-1.55155e-06
-1.60543e-06
-1.66021e-06
-1.71601e-06
-1.77293e-06
-1.83107e-06
-1.89052e-06
-1.95134e-06
-2.0136e-06
-2.07733e-06
-2.14258e-06
-2.20935e-06
-2.27764e-06
-2.34744e-06
-2.41871e-06
-2.49143e-06
-1.5854e-08
-7.83369e-08
-1.39474e-07
-1.99302e-07
-2.57862e-07
-3.152e-07
-3.71373e-07
-4.26444e-07
-4.80482e-07
-5.33566e-07
-5.85781e-07
-6.37221e-07
-6.87986e-07
-7.38186e-07
-7.87941e-07
-8.37376e-07
-8.8663e-07
-9.35851e-07
-9.85204e-07
-1.03485e-06
-1.08502e-06
-1.13581e-06
-1.18691e-06
-1.23797e-06
-1.28888e-06
-1.3398e-06
-1.39094e-06
-1.44241e-06
-1.49446e-06
-1.54724e-06
-1.60079e-06
-1.65532e-06
-1.71093e-06
-1.76773e-06
-1.82581e-06
-1.88527e-06
-1.94618e-06
-2.00858e-06
-2.07255e-06
-2.13809e-06
-2.20523e-06
-2.27397e-06
-2.3443e-06
-2.41618e-06
-2.48958e-06
-1.71217e-08
-8.02541e-08
-1.41983e-07
-2.02345e-07
-2.61378e-07
-3.1913e-07
-3.75656e-07
-4.3102e-07
-4.85291e-07
-5.38546e-07
-5.90871e-07
-6.42356e-07
-6.93102e-07
-7.43216e-07
-7.92811e-07
-8.42011e-07
-8.90948e-07
-9.39759e-07
-9.88601e-07
-1.03762e-06
-1.08703e-06
-1.13691e-06
-1.18705e-06
-1.23723e-06
-1.28736e-06
-1.33762e-06
-1.38817e-06
-1.43912e-06
-1.49077e-06
-1.54318e-06
-1.59643e-06
-1.65072e-06
-1.70615e-06
-1.76283e-06
-1.82086e-06
-1.88032e-06
-1.94129e-06
-2.00384e-06
-2.068e-06
-2.13381e-06
-2.20129e-06
-2.27044e-06
-2.34125e-06
-2.41368e-06
-2.4877e-06
-1.84514e-08
-8.21542e-08
-1.44401e-07
-2.05226e-07
-2.64669e-07
-3.22777e-07
-3.79605e-07
-4.35216e-07
-4.8968e-07
-5.43073e-07
-5.95481e-07
-6.46992e-07
-6.97707e-07
-7.47728e-07
-7.97169e-07
-8.46146e-07
-8.94786e-07
-9.43221e-07
-9.91596e-07
-1.04005e-06
-1.08877e-06
-1.13783e-06
-1.1871e-06
-1.23649e-06
-1.28592e-06
-1.33557e-06
-1.3856e-06
-1.43609e-06
-1.48736e-06
-1.53943e-06
-1.5924e-06
-1.64647e-06
-1.70173e-06
-1.7583e-06
-1.81627e-06
-1.87573e-06
-1.93675e-06
-1.99941e-06
-2.06375e-06
-2.1298e-06
-2.19758e-06
-2.2671e-06
-2.33834e-06
-2.41128e-06
-2.48586e-06
-1.97776e-08
-8.3981e-08
-1.46681e-07
-2.0791e-07
-2.67708e-07
-3.26123e-07
-3.83209e-07
-4.39029e-07
-4.93654e-07
-5.4716e-07
-5.9963e-07
-6.51155e-07
-7.01831e-07
-7.51761e-07
-8.01054e-07
-8.49824e-07
-8.98193e-07
-9.46285e-07
-9.94239e-07
-1.04218e-06
-1.09029e-06
-1.13861e-06
-1.18711e-06
-1.23578e-06
-1.2846e-06
-1.3337e-06
-1.38324e-06
-1.43334e-06
-1.48426e-06
-1.53601e-06
-1.58874e-06
-1.6426e-06
-1.6977e-06
-1.75416e-06
-1.81207e-06
-1.87152e-06
-1.93259e-06
-1.99535e-06
-2.05984e-06
-2.1261e-06
-2.19415e-06
-2.26399e-06
-2.33562e-06
-2.409e-06
-2.48408e-06
-2.10827e-08
-8.57309e-08
-1.48831e-07
-2.10417e-07
-2.70527e-07
-3.2921e-07
-3.8652e-07
-4.42521e-07
-4.97282e-07
-5.5088e-07
-6.03399e-07
-6.54927e-07
-7.05561e-07
-7.55402e-07
-8.04555e-07
-8.53133e-07
-9.01252e-07
-9.49031e-07
-9.966e-07
-1.04408e-06
-1.09163e-06
-1.13929e-06
-1.18709e-06
-1.23512e-06
-1.28337e-06
-1.33199e-06
-1.38109e-06
-1.43083e-06
-1.48142e-06
-1.5329e-06
-1.58539e-06
-1.63906e-06
-1.69402e-06
-1.75037e-06
-1.80822e-06
-1.86766e-06
-1.92876e-06
-1.9916e-06
-2.05622e-06
-2.12266e-06
-2.19095e-06
-2.26109e-06
-2.33306e-06
-2.40684e-06
-2.48238e-06
-2.24205e-08
-8.7487e-08
-1.50963e-07
-2.12882e-07
-2.73282e-07
-3.32213e-07
-3.8973e-07
-4.45894e-07
-5.00778e-07
-5.54456e-07
-6.07013e-07
-6.58538e-07
-7.09125e-07
-7.58874e-07
-8.07889e-07
-8.56278e-07
-9.04154e-07
-9.51631e-07
-9.98833e-07
-1.04587e-06
-1.0929e-06
-1.13993e-06
-1.18705e-06
-1.23447e-06
-1.28219e-06
-1.33034e-06
-1.37903e-06
-1.42841e-06
-1.47869e-06
-1.5299e-06
-1.58217e-06
-1.63566e-06
-1.69047e-06
-1.74672e-06
-1.8045e-06
-1.86392e-06
-1.92504e-06
-1.98795e-06
-2.05269e-06
-2.1193e-06
-2.18781e-06
-2.25822e-06
-2.33053e-06
-2.40469e-06
-2.48066e-06
-2.37031e-08
-8.91512e-08
-1.52969e-07
-2.15192e-07
-2.75857e-07
-3.35013e-07
-3.92716e-07
-4.49028e-07
-5.04021e-07
-5.5777e-07
-6.10359e-07
-6.61876e-07
-7.12416e-07
-7.62077e-07
-8.1096e-07
-8.59172e-07
-9.06821e-07
-9.54016e-07
-1.00088e-06
-1.0475e-06
-1.09405e-06
-1.1405e-06
-1.18701e-06
-1.23386e-06
-1.28109e-06
-1.3288e-06
-1.37711e-06
-1.42616e-06
-1.47614e-06
-1.5271e-06
-1.57916e-06
-1.63247e-06
-1.68715e-06
-1.7433e-06
-1.80103e-06
-1.86042e-06
-1.92157e-06
-1.98454e-06
-2.04939e-06
-2.11616e-06
-2.18487e-06
-2.25554e-06
-2.32814e-06
-2.40265e-06
-2.47903e-06
-3.68189e-06
-4.45452e-06
-4.22729e-06
-4.05829e-06
-3.97919e-06
-3.9503e-06
-3.95695e-06
-3.98985e-06
-4.04422e-06
-4.11788e-06
-4.2102e-06
-4.32172e-06
-4.45411e-06
-4.61051e-06
-4.79578e-06
-2.93509e-06
-3.71643e-06
-3.8436e-06
-3.86482e-06
-3.87321e-06
-3.8873e-06
-3.91727e-06
-3.96396e-06
-4.02699e-06
-4.10632e-06
-4.20242e-06
-4.31647e-06
-4.45052e-06
-4.60795e-06
-4.79372e-06
-2.55439e-06
-3.24471e-06
-3.54063e-06
-3.68337e-06
-3.76347e-06
-3.81949e-06
-3.874e-06
-3.93563e-06
-4.00814e-06
-4.09368e-06
-4.19392e-06
-4.31074e-06
-4.4466e-06
-4.60512e-06
-4.79142e-06
-2.41685e-06
-2.98632e-06
-3.32648e-06
-3.52972e-06
-3.65953e-06
-3.75136e-06
-3.82931e-06
-3.90606e-06
-3.98842e-06
-4.08045e-06
-4.18503e-06
-4.30474e-06
-4.44247e-06
-4.60212e-06
-4.78893e-06
-2.33684e-06
-2.80603e-06
-3.15062e-06
-3.3896e-06
-3.55715e-06
-3.68041e-06
-3.78118e-06
-3.87363e-06
-3.9666e-06
-4.06578e-06
-4.17515e-06
-4.29805e-06
-4.43784e-06
-4.59871e-06
-4.78605e-06
-2.26834e-06
-2.66531e-06
-2.99895e-06
-3.25842e-06
-3.45498e-06
-3.60588e-06
-3.72877e-06
-3.83752e-06
-3.942e-06
-4.04911e-06
-4.16389e-06
-4.29039e-06
-4.4325e-06
-4.59472e-06
-4.78263e-06
-2.20995e-06
-2.55296e-06
-2.86773e-06
-3.13522e-06
-3.35253e-06
-3.52717e-06
-3.67129e-06
-3.79687e-06
-3.91383e-06
-4.02983e-06
-4.15075e-06
-4.28139e-06
-4.42616e-06
-4.58992e-06
-4.77846e-06
-2.15824e-06
-2.45965e-06
-2.75263e-06
-3.01906e-06
-3.24942e-06
-3.44349e-06
-3.60748e-06
-3.75028e-06
-3.8808e-06
-4.00685e-06
-4.1349e-06
-4.27041e-06
-4.41833e-06
-4.58391e-06
-4.77318e-06
-2.11302e-06
-2.38101e-06
-2.65159e-06
-2.9105e-06
-3.14664e-06
-3.35497e-06
-3.53649e-06
-3.69628e-06
-3.84127e-06
-3.97865e-06
-4.11506e-06
-4.25642e-06
-4.40818e-06
-4.576e-06
-4.76622e-06
-2.07737e-06
-2.31701e-06
-2.56526e-06
-2.81195e-06
-3.04705e-06
-3.26358e-06
-3.4588e-06
-3.6341e-06
-3.79374e-06
-3.9435e-06
-4.08956e-06
-4.23795e-06
-4.39448e-06
-4.56519e-06
-4.75668e-06
-2.05384e-06
-2.26876e-06
-2.49526e-06
-2.72656e-06
-2.95483e-06
-3.17311e-06
-3.37682e-06
-3.56448e-06
-3.73761e-06
-3.89998e-06
-4.05663e-06
-4.21322e-06
-4.37559e-06
-4.54998e-06
-4.74325e-06
-2.04398e-06
-2.23716e-06
-2.443e-06
-2.65722e-06
-2.87427e-06
-3.0884e-06
-3.29468e-06
-3.49005e-06
-3.67383e-06
-3.84763e-06
-4.01494e-06
-4.18043e-06
-4.34958e-06
-4.52851e-06
-4.72414e-06
-2.04829e-06
-2.22238e-06
-2.40904e-06
-2.60573e-06
-2.80881e-06
-3.01407e-06
-3.21727e-06
-3.41493e-06
-3.60505e-06
-3.78755e-06
-3.96419e-06
-4.13834e-06
-4.31462e-06
-4.49867e-06
-4.69716e-06
-2.06635e-06
-2.22372e-06
-2.39293e-06
-2.57253e-06
-2.76033e-06
-2.95355e-06
-3.14903e-06
-3.34369e-06
-3.53516e-06
-3.72229e-06
-3.90548e-06
-4.08673e-06
-4.2695e-06
-4.45858e-06
-4.66002e-06
-2.09713e-06
-2.23987e-06
-2.39335e-06
-2.55682e-06
-2.72909e-06
-2.90851e-06
-3.093e-06
-3.28026e-06
-3.46817e-06
-3.65527e-06
-3.84111e-06
-4.02657e-06
-4.21395e-06
-4.40696e-06
-4.61068e-06
-2.13924e-06
-2.26907e-06
-2.40841e-06
-2.55693e-06
-2.71405e-06
-2.87896e-06
-3.05046e-06
-3.22709e-06
-3.40731e-06
-3.58982e-06
-3.77391e-06
-3.95976e-06
-4.14872e-06
-4.34342e-06
-4.54781e-06
-2.191e-06
-2.30933e-06
-2.43588e-06
-2.5706e-06
-2.71328e-06
-2.86364e-06
-3.02115e-06
-3.18505e-06
-3.35445e-06
-3.52847e-06
-3.70652e-06
-3.88855e-06
-4.07527e-06
-4.26844e-06
-4.47089e-06
-2.25048e-06
-2.35843e-06
-2.47333e-06
-2.59529e-06
-2.72435e-06
-2.86051e-06
-3.0037e-06
-3.15369e-06
-3.31013e-06
-3.47264e-06
-3.64096e-06
-3.81507e-06
-3.99545e-06
-4.18325e-06
-4.38039e-06
-2.31467e-06
-2.41317e-06
-2.51742e-06
-2.62763e-06
-2.74394e-06
-2.86656e-06
-2.99566e-06
-3.13134e-06
-3.27367e-06
-3.42269e-06
-3.57848e-06
-3.74125e-06
-3.91146e-06
-4.08997e-06
-4.27805e-06
-2.38195e-06
-2.47195e-06
-2.56656e-06
-2.66603e-06
-2.7706e-06
-2.88054e-06
-2.99613e-06
-3.11768e-06
-3.24549e-06
-3.37991e-06
-3.52129e-06
-3.6701e-06
-3.82692e-06
-3.9925e-06
-4.16782e-06
-2.44252e-06
-2.5254e-06
-2.61194e-06
-2.70239e-06
-2.79703e-06
-2.89615e-06
-3.00005e-06
-3.10912e-06
-3.22377e-06
-3.34448e-06
-3.47179e-06
-3.60632e-06
-3.74876e-06
-3.89991e-06
-4.06063e-06
-2.48687e-06
-2.56445e-06
-2.64503e-06
-2.72886e-06
-2.81621e-06
-2.90736e-06
-3.0026e-06
-3.10233e-06
-3.20697e-06
-3.31705e-06
-3.43314e-06
-3.55592e-06
-3.68611e-06
-3.82455e-06
-3.97204e-06
-2.51724e-06
-2.59144e-06
-2.66822e-06
-2.7478e-06
-2.83042e-06
-2.91632e-06
-3.0058e-06
-3.09919e-06
-3.19691e-06
-3.29947e-06
-3.40741e-06
-3.52141e-06
-3.64217e-06
-3.77052e-06
-3.90724e-06
-2.53773e-06
-2.60992e-06
-2.6844e-06
-2.76136e-06
-2.84102e-06
-2.92359e-06
-3.00932e-06
-3.09851e-06
-3.19156e-06
-3.28889e-06
-3.39104e-06
-3.49861e-06
-3.61225e-06
-3.73275e-06
-3.86082e-06
-2.5508e-06
-2.62199e-06
-2.69527e-06
-2.77082e-06
-2.84881e-06
-2.92943e-06
-3.01287e-06
-3.09943e-06
-3.18942e-06
-3.28323e-06
-3.38133e-06
-3.48424e-06
-3.59257e-06
-3.70699e-06
-3.82816e-06
-2.55887e-06
-2.62979e-06
-2.70267e-06
-2.77765e-06
-2.85488e-06
-2.9345e-06
-3.0167e-06
-3.10169e-06
-3.18977e-06
-3.28126e-06
-3.37655e-06
-3.4761e-06
-3.58041e-06
-3.69011e-06
-3.80573e-06
-2.56363e-06
-2.63478e-06
-2.70779e-06
-2.78278e-06
-2.85986e-06
-2.93915e-06
-3.0208e-06
-3.10499e-06
-3.19194e-06
-3.28193e-06
-3.37528e-06
-3.47237e-06
-3.57363e-06
-3.67958e-06
-3.79068e-06
-2.56622e-06
-2.63791e-06
-2.7114e-06
-2.78678e-06
-2.86412e-06
-2.94351e-06
-3.02507e-06
-3.10894e-06
-3.19529e-06
-3.28434e-06
-3.37635e-06
-3.47162e-06
-3.57052e-06
-3.67347e-06
-3.78083e-06
-2.56739e-06
-2.63983e-06
-2.714e-06
-2.78998e-06
-2.86783e-06
-2.94759e-06
-3.02935e-06
-3.11322e-06
-3.19931e-06
-3.2878e-06
-3.37888e-06
-3.47279e-06
-3.56981e-06
-3.67031e-06
-3.77454e-06
-2.56765e-06
-2.64092e-06
-2.71588e-06
-2.79259e-06
-2.87108e-06
-2.95137e-06
-3.0335e-06
-3.11756e-06
-3.20361e-06
-3.29178e-06
-3.38221e-06
-3.47509e-06
-3.5706e-06
-3.66906e-06
-3.77064e-06
-2.56732e-06
-2.64144e-06
-2.71723e-06
-2.79472e-06
-2.87391e-06
-2.95479e-06
-3.0374e-06
-3.12175e-06
-3.2079e-06
-3.29592e-06
-3.3859e-06
-3.47796e-06
-3.57224e-06
-3.66899e-06
-3.7683e-06
-2.5666e-06
-2.64156e-06
-2.71818e-06
-2.79645e-06
-2.87635e-06
-2.95786e-06
-3.04097e-06
-3.12568e-06
-3.21201e-06
-3.29997e-06
-3.38963e-06
-3.48104e-06
-3.57431e-06
-3.6696e-06
-3.76696e-06
-2.56563e-06
-2.6414e-06
-2.7188e-06
-2.79782e-06
-2.87842e-06
-2.96055e-06
-3.04417e-06
-3.12927e-06
-3.21581e-06
-3.30379e-06
-3.39322e-06
-3.48412e-06
-3.57654e-06
-3.67058e-06
-3.76625e-06
-2.56451e-06
-2.64103e-06
-2.71918e-06
-2.79891e-06
-2.88016e-06
-2.96288e-06
-3.04701e-06
-3.13249e-06
-3.21926e-06
-3.3073e-06
-3.39657e-06
-3.48705e-06
-3.57875e-06
-3.67173e-06
-3.76593e-06
-2.5633e-06
-2.64052e-06
-2.71935e-06
-2.79974e-06
-2.88161e-06
-2.96489e-06
-3.04949e-06
-3.13534e-06
-3.22236e-06
-3.31048e-06
-3.39963e-06
-3.48978e-06
-3.58086e-06
-3.67291e-06
-3.76583e-06
-2.56207e-06
-2.63992e-06
-2.71937e-06
-2.80036e-06
-2.8828e-06
-2.9666e-06
-3.05165e-06
-3.13785e-06
-3.22511e-06
-3.31332e-06
-3.4024e-06
-3.49226e-06
-3.58282e-06
-3.67407e-06
-3.76587e-06
-2.56085e-06
-2.63926e-06
-2.71928e-06
-2.80082e-06
-2.88378e-06
-2.96805e-06
-3.05351e-06
-3.14004e-06
-3.22752e-06
-3.31584e-06
-3.40486e-06
-3.49449e-06
-3.58461e-06
-3.67517e-06
-3.76599e-06
-2.55964e-06
-2.63858e-06
-2.71911e-06
-2.80115e-06
-2.88458e-06
-2.96929e-06
-3.05513e-06
-3.14197e-06
-3.22966e-06
-3.31808e-06
-3.40707e-06
-3.4965e-06
-3.58624e-06
-3.67619e-06
-3.76615e-06
-2.5584e-06
-2.63783e-06
-2.71885e-06
-2.80138e-06
-2.88527e-06
-2.9704e-06
-3.05661e-06
-3.14375e-06
-3.23166e-06
-3.32019e-06
-3.40916e-06
-3.49842e-06
-3.5878e-06
-3.67719e-06
-3.76634e-06
-2.55721e-06
-2.63709e-06
-2.71857e-06
-2.80154e-06
-2.88585e-06
-2.97137e-06
-3.05793e-06
-3.14535e-06
-3.23347e-06
-3.3221e-06
-3.41106e-06
-3.50017e-06
-3.58924e-06
-3.67813e-06
-3.76655e-06
-6.28145e-07
-6.29799e-07
-6.32871e-07
-6.36695e-07
-6.40594e-07
-6.44093e-07
-6.46888e-07
-6.48801e-07
-6.49742e-07
-6.49675e-07
-6.48595e-07
-6.46501e-07
-6.4339e-07
-6.3924e-07
-6.34009e-07
-6.27627e-07
-6.19998e-07
-6.10994e-07
-6.00454e-07
-5.88182e-07
-5.74008e-07
-5.57886e-07
-5.39463e-07
-5.18359e-07
-4.94632e-07
-4.6843e-07
-4.39901e-07
-4.09276e-07
-3.76802e-07
-3.42615e-07
-3.07881e-07
-2.73471e-07
-2.40205e-07
-2.08996e-07
-1.80853e-07
-1.56752e-07
-1.37529e-07
-1.23782e-07
-1.15776e-07
-1.13363e-07
-1.1591e-07
-1.22235e-07
-1.30593e-07
-1.3879e-07
-1.4418e-07
-6.21765e-07
-6.24092e-07
-6.26763e-07
-6.2945e-07
-6.32005e-07
-6.34233e-07
-6.35967e-07
-6.37087e-07
-6.37509e-07
-6.37172e-07
-6.36024e-07
-6.3402e-07
-6.31109e-07
-6.27226e-07
-6.22292e-07
-6.16201e-07
-6.0882e-07
-5.99983e-07
-5.8948e-07
-5.77054e-07
-5.62429e-07
-5.45371e-07
-5.25696e-07
-5.03539e-07
-4.79157e-07
-4.52753e-07
-4.2454e-07
-3.94789e-07
-3.63966e-07
-3.32956e-07
-3.02012e-07
-2.71741e-07
-2.42947e-07
-2.16458e-07
-1.93014e-07
-1.73244e-07
-1.57623e-07
-1.46419e-07
-1.39649e-07
-1.37054e-07
-1.381e-07
-1.41983e-07
-1.47777e-07
-1.54872e-07
-1.62501e-07
-6.14632e-07
-6.18721e-07
-6.22176e-07
-6.25045e-07
-6.27515e-07
-6.29523e-07
-6.30983e-07
-6.31842e-07
-6.32061e-07
-6.31603e-07
-6.30428e-07
-6.2849e-07
-6.25734e-07
-6.22084e-07
-6.17447e-07
-6.11701e-07
-6.04694e-07
-5.96232e-07
-5.86075e-07
-5.73923e-07
-5.59431e-07
-5.42233e-07
-5.22234e-07
-4.99863e-07
-4.75452e-07
-4.49199e-07
-4.21345e-07
-3.92211e-07
-3.62176e-07
-3.3181e-07
-3.01697e-07
-2.72493e-07
-2.44908e-07
-2.19647e-07
-1.9737e-07
-1.78643e-07
-1.63894e-07
-1.53361e-07
-1.47069e-07
-1.4482e-07
-1.46198e-07
-1.5057e-07
-1.57321e-07
-1.6662e-07
-1.78379e-07
-6.08584e-07
-6.14229e-07
-6.18625e-07
-6.21972e-07
-6.24688e-07
-6.26799e-07
-6.28276e-07
-6.2912e-07
-6.29331e-07
-6.28902e-07
-6.27814e-07
-6.26034e-07
-6.23511e-07
-6.20174e-07
-6.15926e-07
-6.10641e-07
-6.04157e-07
-5.96268e-07
-5.86712e-07
-5.75158e-07
-5.61202e-07
-5.44363e-07
-5.24537e-07
-5.02313e-07
-4.78049e-07
-4.5191e-07
-4.24125e-07
-3.95014e-07
-3.6499e-07
-3.34564e-07
-3.04349e-07
-2.75025e-07
-2.47307e-07
-2.21915e-07
-1.99529e-07
-1.80737e-07
-1.65984e-07
-1.55538e-07
-1.49463e-07
-1.47621e-07
-1.49673e-07
-1.5506e-07
-1.63301e-07
-1.74964e-07
-1.90191e-07
-6.04856e-07
-6.1174e-07
-6.16962e-07
-6.20811e-07
-6.2386e-07
-6.26191e-07
-6.27813e-07
-6.28763e-07
-6.29073e-07
-6.28763e-07
-6.27831e-07
-6.2626e-07
-6.24011e-07
-6.21022e-07
-6.17201e-07
-6.12426e-07
-6.06538e-07
-5.99328e-07
-5.90526e-07
-5.79784e-07
-5.66657e-07
-5.50571e-07
-5.31356e-07
-5.0965e-07
-4.85774e-07
-4.59847e-07
-4.32078e-07
-4.02768e-07
-3.72305e-07
-3.41226e-07
-3.10178e-07
-2.7988e-07
-2.51107e-07
-2.2464e-07
-2.01223e-07
-1.81503e-07
-1.65987e-07
-1.54998e-07
-1.48654e-07
-1.46875e-07
-1.49366e-07
-1.55595e-07
-1.65115e-07
-1.78705e-07
-1.96587e-07
-6.04026e-07
-6.11825e-07
-6.17703e-07
-6.22001e-07
-6.2539e-07
-6.27981e-07
-6.29804e-07
-6.30918e-07
-6.31379e-07
-6.31226e-07
-6.30477e-07
-6.29127e-07
-6.27153e-07
-6.24502e-07
-6.21097e-07
-6.16826e-07
-6.1154e-07
-6.0504e-07
-5.97064e-07
-5.87263e-07
-5.75172e-07
-5.60152e-07
-5.41936e-07
-5.21093e-07
-4.97838e-07
-4.72242e-07
-4.4448e-07
-4.14775e-07
-3.83514e-07
-3.51277e-07
-3.18752e-07
-2.86736e-07
-2.56093e-07
-2.27704e-07
-2.0241e-07
-1.80956e-07
-1.63936e-07
-1.51753e-07
-1.44591e-07
-1.42417e-07
-1.44966e-07
-1.51702e-07
-1.62165e-07
-1.77254e-07
-1.9723e-07
-6.06228e-07
-6.14657e-07
-6.21009e-07
-6.25663e-07
-6.29344e-07
-6.32173e-07
-6.34188e-07
-6.35464e-07
-6.36074e-07
-6.36069e-07
-6.35483e-07
-6.34325e-07
-6.32583e-07
-6.30222e-07
-6.27177e-07
-6.23351e-07
-6.18615e-07
-6.12789e-07
-6.05634e-07
-5.96816e-07
-5.85872e-07
-5.72123e-07
-5.55171e-07
-5.354e-07
-5.12993e-07
-4.87883e-07
-4.60113e-07
-4.2986e-07
-3.97514e-07
-3.63687e-07
-3.29148e-07
-2.94793e-07
-2.61602e-07
-2.3058e-07
-2.02695e-07
-1.78813e-07
-1.59636e-07
-1.45658e-07
-1.37134e-07
-1.34079e-07
-1.36248e-07
-1.43088e-07
-1.54114e-07
-1.70312e-07
-1.91994e-07
-6.11369e-07
-6.20205e-07
-6.26871e-07
-6.3178e-07
-6.35678e-07
-6.38685e-07
-6.40843e-07
-6.42235e-07
-6.42943e-07
-6.43031e-07
-6.42542e-07
-6.41501e-07
-6.39908e-07
-6.37742e-07
-6.34954e-07
-6.31468e-07
-6.27176e-07
-6.21928e-07
-6.15517e-07
-6.07643e-07
-5.97863e-07
-5.85473e-07
-5.69911e-07
-5.51444e-07
-5.30145e-07
-5.05644e-07
-4.77774e-07
-4.46751e-07
-4.13034e-07
-3.77252e-07
-3.4025e-07
-3.03038e-07
-2.66729e-07
-2.32473e-07
-2.01385e-07
-1.74469e-07
-1.52552e-07
-1.36228e-07
-1.25827e-07
-1.21413e-07
-1.22759e-07
-1.29297e-07
-1.40512e-07
-1.57473e-07
-1.80565e-07
-6.19242e-07
-6.28323e-07
-6.35171e-07
-6.40238e-07
-6.44271e-07
-6.4738e-07
-6.49604e-07
-6.51033e-07
-6.51754e-07
-6.5184e-07
-6.51346e-07
-6.50308e-07
-6.48741e-07
-6.46637e-07
-6.43966e-07
-6.40673e-07
-6.36677e-07
-6.31863e-07
-6.26065e-07
-6.1903e-07
-6.10358e-07
-5.99353e-07
-5.85345e-07
-5.68347e-07
-5.48065e-07
-5.2401e-07
-4.95982e-07
-4.64099e-07
-4.28789e-07
-3.90736e-07
-3.50882e-07
-3.10364e-07
-2.70447e-07
-2.3244e-07
-1.97619e-07
-1.67141e-07
-1.41967e-07
-1.228e-07
-1.10049e-07
-1.03827e-07
-1.03931e-07
-1.0978e-07
-1.20832e-07
-1.38229e-07
-1.62454e-07
-6.29585e-07
-6.38805e-07
-6.45735e-07
-6.50874e-07
-6.54959e-07
-6.58083e-07
-6.6028e-07
-6.61641e-07
-6.62262e-07
-6.62222e-07
-6.61588e-07
-6.60408e-07
-6.58712e-07
-6.56509e-07
-6.53786e-07
-6.50513e-07
-6.46637e-07
-6.4208e-07
-6.36727e-07
-6.30381e-07
-6.22696e-07
-6.13003e-07
-6.00523e-07
-5.8492e-07
-5.65633e-07
-5.42001e-07
-5.13699e-07
-4.80765e-07
-4.4361e-07
-4.02977e-07
-3.59912e-07
-3.15688e-07
-2.71731e-07
-2.29522e-07
-1.9051e-07
-1.5601e-07
-1.27127e-07
-1.04676e-07
-8.91502e-08
-8.07138e-08
-7.91876e-08
-8.39844e-08
-9.45311e-08
-1.12031e-07
-1.37096e-07
-6.42132e-07
-6.51436e-07
-6.5837e-07
-6.63508e-07
-6.67565e-07
-6.70609e-07
-6.72672e-07
-6.73845e-07
-6.74229e-07
-6.73914e-07
-6.72979e-07
-6.71487e-07
-6.69486e-07
-6.67001e-07
-6.6404e-07
-6.60598e-07
-6.56651e-07
-6.52162e-07
-6.47066e-07
-6.41232e-07
-6.34374e-07
-6.25858e-07
-6.14796e-07
-6.00489e-07
-5.82102e-07
-5.58761e-07
-5.29995e-07
-4.95769e-07
-4.56489e-07
-4.12962e-07
-3.66338e-07
-3.18038e-07
-2.69653e-07
-2.22843e-07
-1.79236e-07
-1.40315e-07
-1.07329e-07
-8.12099e-08
-6.25328e-08
-5.15148e-08
-4.80021e-08
-5.14031e-08
-6.11096e-08
-7.8358e-08
-1.03936e-07
-6.56638e-07
-6.66013e-07
-6.72896e-07
-6.7797e-07
-6.8192e-07
-6.84786e-07
-6.86595e-07
-6.87442e-07
-6.87434e-07
-6.86674e-07
-6.85257e-07
-6.83266e-07
-6.80765e-07
-6.77803e-07
-6.7441e-07
-6.70605e-07
-6.66396e-07
-6.61785e-07
-6.5676e-07
-6.51252e-07
-6.45043e-07
-6.37533e-07
-6.27732e-07
-6.14561e-07
-5.96893e-07
-5.73627e-07
-5.44146e-07
-5.08346e-07
-4.66635e-07
-4.19882e-07
-3.69356e-07
-3.16623e-07
-2.63448e-07
-2.11676e-07
-1.63117e-07
-1.19424e-07
-8.19912e-08
-5.18666e-08
-2.9705e-08
-1.57746e-08
-9.94651e-09
-1.16256e-08
-2.01572e-08
-3.67714e-08
-6.25117e-08
-6.72891e-07
-6.82375e-07
-6.89163e-07
-6.94116e-07
-6.97879e-07
-7.00462e-07
-7.01887e-07
-7.02253e-07
-7.0168e-07
-7.00287e-07
-6.98191e-07
-6.95497e-07
-6.92294e-07
-6.88655e-07
-6.84636e-07
-6.8028e-07
-6.75626e-07
-6.70716e-07
-6.65585e-07
-6.60228e-07
-6.54489e-07
-6.47796e-07
-6.39061e-07
-6.26812e-07
-6.09625e-07
-5.86164e-07
-5.55668e-07
-5.17973e-07
-4.73492e-07
-4.23169e-07
-3.68388e-07
-3.10873e-07
-2.52565e-07
-1.95496e-07
-1.4166e-07
-9.28787e-08
-5.06962e-08
-1.62684e-08
9.67767e-09
2.68223e-08
3.52731e-08
3.56299e-08
2.86131e-08
1.30527e-08
-1.25172e-08
-6.90745e-07
-7.00394e-07
-7.07059e-07
-7.11837e-07
-7.15331e-07
-7.17516e-07
-7.18411e-07
-7.18126e-07
-7.16797e-07
-7.14567e-07
-7.11579e-07
-7.07969e-07
-7.03856e-07
-6.99342e-07
-6.94509e-07
-6.89427e-07
-6.84166e-07
-6.78799e-07
-6.73409e-07
-6.68045e-07
-6.62607e-07
-6.56541e-07
-6.48657e-07
-6.37083e-07
-6.20101e-07
-5.96135e-07
-5.64291e-07
-5.24352e-07
-4.76746e-07
-4.22494e-07
-3.63106e-07
-3.00465e-07
-2.36691e-07
-1.74008e-07
-1.14591e-07
-6.04313e-08
-1.32247e-08
2.57753e-08
5.57897e-08
7.643e-08
8.77956e-08
9.04982e-08
8.53439e-08
7.12908e-08
4.61902e-08
-7.10226e-07
-7.19934e-07
-7.26505e-07
-7.31067e-07
-7.34199e-07
-7.35856e-07
-7.36059e-07
-7.34934e-07
-7.3264e-07
-7.2935e-07
-7.25246e-07
-7.20501e-07
-7.15271e-07
-7.0969e-07
-7.03869e-07
-6.97906e-07
-6.91896e-07
-6.85944e-07
-6.80168e-07
-6.74664e-07
-6.6938e-07
-6.63759e-07
-6.56506e-07
-6.45346e-07
-6.28273e-07
-6.03473e-07
-5.69937e-07
-5.27393e-07
-4.763e-07
-4.1776e-07
-3.53416e-07
-2.85313e-07
-2.15754e-07
-1.47152e-07
-8.18685e-08
-2.20602e-08
3.04352e-08
7.42559e-08
1.08625e-07
1.33027e-07
1.47588e-07
1.52948e-07
1.49973e-07
1.3778e-07
1.13934e-07
-7.31233e-07
-7.41012e-07
-7.47481e-07
-7.51774e-07
-7.5444e-07
-7.55422e-07
-7.54751e-07
-7.52573e-07
-7.49084e-07
-7.44498e-07
-7.39043e-07
-7.32942e-07
-7.26391e-07
-7.19562e-07
-7.12598e-07
-7.05621e-07
-6.98749e-07
-6.9211e-07
-6.85852e-07
-6.80105e-07
-6.74851e-07
-6.69513e-07
-6.62679e-07
-6.51668e-07
-6.34209e-07
-6.08242e-07
-5.72683e-07
-5.27175e-07
-4.72243e-07
-4.09072e-07
-3.3944e-07
-2.65557e-07
-1.8991e-07
-1.15099e-07
-4.36714e-08
2.20442e-08
8.00838e-08
1.28989e-07
1.67956e-07
1.96388e-07
2.1444e-07
2.22805e-07
2.22354e-07
2.12247e-07
1.90575e-07
-7.53761e-07
-7.63648e-07
-7.70035e-07
-7.73969e-07
-7.76044e-07
-7.76181e-07
-7.74428e-07
-7.70957e-07
-7.66022e-07
-7.59886e-07
-7.5284e-07
-7.45163e-07
-7.37095e-07
-7.28854e-07
-7.20612e-07
-7.12515e-07
-7.04695e-07
-6.97299e-07
-6.90493e-07
-6.84428e-07
-6.79107e-07
-6.73911e-07
-6.67297e-07
-6.56187e-07
-6.38061e-07
-6.10634e-07
-5.72679e-07
-5.23908e-07
-4.64816e-07
-3.96703e-07
-3.21484e-07
-2.41533e-07
-1.59519e-07
-7.82299e-08
-3.9389e-10
7.14978e-08
1.3535e-07
1.89583e-07
2.33327e-07
2.66102e-07
2.87955e-07
2.99651e-07
3.0202e-07
2.9428e-07
2.75918e-07
-7.77891e-07
-7.87933e-07
-7.94206e-07
-7.97706e-07
-7.99034e-07
-7.98126e-07
-7.95057e-07
-7.90006e-07
-7.83359e-07
-7.75406e-07
-7.66521e-07
-7.57053e-07
-7.47288e-07
-7.37488e-07
-7.27859e-07
-7.18561e-07
-7.09739e-07
-7.01544e-07
-6.94151e-07
-6.8772e-07
-6.8226e-07
-6.77088e-07
-6.70517e-07
-6.59078e-07
-6.40026e-07
-6.10848e-07
-5.70222e-07
-5.17901e-07
-4.54372e-07
-3.81054e-07
-2.99995e-07
-2.13734e-07
-1.25115e-07
-3.71083e-08
4.73801e-08
1.25704e-07
1.95647e-07
2.55466e-07
3.04165e-07
3.41583e-07
3.6759e-07
3.82977e-07
3.88595e-07
3.83812e-07
3.68899e-07
-8.03761e-07
-8.14e-07
-8.20111e-07
-8.23054e-07
-8.23454e-07
-8.21255e-07
-8.16571e-07
-8.0969e-07
-8.01014e-07
-7.9096e-07
-7.79991e-07
-7.68517e-07
-7.56893e-07
-7.45414e-07
-7.34313e-07
-7.23762e-07
-7.13906e-07
-7.04897e-07
-6.96905e-07
-6.90085e-07
-6.84435e-07
-6.79191e-07
-6.72511e-07
-6.60539e-07
-6.40335e-07
-6.09158e-07
-5.6562e-07
-5.09523e-07
-4.41338e-07
-3.62613e-07
-2.75527e-07
-1.82774e-07
-8.73651e-08
7.55394e-09
9.89048e-08
1.83883e-07
2.60149e-07
3.2586e-07
3.79862e-07
4.22129e-07
4.52655e-07
4.72128e-07
4.81465e-07
4.80237e-07
4.69102e-07
-8.31568e-07
-8.42011e-07
-8.47897e-07
-8.50128e-07
-8.49369e-07
-8.45594e-07
-8.38977e-07
-8.29912e-07
-8.18896e-07
-8.06452e-07
-7.93151e-07
-7.7948e-07
-7.65852e-07
-7.52599e-07
-7.39968e-07
-7.28138e-07
-7.17245e-07
-7.07428e-07
-6.98845e-07
-6.91631e-07
-6.85761e-07
-6.80373e-07
-6.73452e-07
-6.60774e-07
-6.39229e-07
-6.0585e-07
-5.59209e-07
-4.99174e-07
-4.26183e-07
-3.41924e-07
-2.48698e-07
-1.49343e-07
-4.703e-08
5.4936e-08
1.53312e-07
2.45136e-07
3.27924e-07
3.998e-07
4.59553e-07
5.06965e-07
5.42343e-07
5.66302e-07
5.79793e-07
5.82708e-07
5.7595e-07
-8.61533e-07
-8.72192e-07
-8.77748e-07
-8.79063e-07
-8.76859e-07
-8.7116e-07
-8.62237e-07
-8.5061e-07
-8.36912e-07
-8.21793e-07
-8.05919e-07
-7.8988e-07
-7.74129e-07
-7.5903e-07
-7.4484e-07
-7.31729e-07
-7.19816e-07
-7.09217e-07
-7.00067e-07
-6.9247e-07
-6.86366e-07
-6.80777e-07
-6.73511e-07
-6.59982e-07
-6.36945e-07
-6.01209e-07
-5.51328e-07
-4.87264e-07
-4.09388e-07
-3.19547e-07
-2.20153e-07
-1.14176e-07
-4.92623e-09
1.04147e-07
2.09653e-07
3.08478e-07
3.98004e-07
4.76276e-07
5.42105e-07
5.95136e-07
6.35743e-07
6.64635e-07
6.82781e-07
6.90428e-07
6.88652e-07
-8.93935e-07
-9.04811e-07
-9.09884e-07
-9.10014e-07
-9.06008e-07
-8.9797e-07
-8.86308e-07
-8.71709e-07
-8.54968e-07
-8.36885e-07
-8.18225e-07
-7.99663e-07
-7.81698e-07
-7.64713e-07
-7.48959e-07
-7.34586e-07
-7.21688e-07
-7.10347e-07
-7.00667e-07
-6.92711e-07
-6.86369e-07
-6.80542e-07
-6.72843e-07
-6.58351e-07
-6.3371e-07
-5.95506e-07
-5.42309e-07
-4.74193e-07
-3.91426e-07
-2.96039e-07
-1.90538e-07
-7.80128e-08
3.81113e-08
1.54264e-07
2.66925e-07
3.72851e-07
4.69299e-07
5.54227e-07
6.26415e-07
6.85492e-07
7.31809e-07
7.66161e-07
7.89537e-07
8.02578e-07
8.06481e-07
-9.29124e-07
-9.4018e-07
-9.44554e-07
-9.43151e-07
-9.36898e-07
-9.26026e-07
-9.11135e-07
-8.93119e-07
-8.72964e-07
-8.51633e-07
-8.29996e-07
-8.08789e-07
-7.88552e-07
-7.69667e-07
-7.52367e-07
-7.36772e-07
-7.22937e-07
-7.10906e-07
-7.00739e-07
-6.92454e-07
-6.85882e-07
-6.79789e-07
-6.71594e-07
-6.56054e-07
-6.29731e-07
-5.88994e-07
-5.32461e-07
-4.60336e-07
-3.7274e-07
-2.71925e-07
-1.60472e-07
-4.157e-08
8.12618e-08
2.04362e-07
3.24109e-07
4.37152e-07
5.40642e-07
6.32451e-07
7.11313e-07
7.76845e-07
8.29412e-07
8.69836e-07
8.991e-07
9.18272e-07
9.28664e-07
-9.67512e-07
-9.7866e-07
-9.82039e-07
-9.78652e-07
-9.69601e-07
-9.55309e-07
-9.36634e-07
-9.14728e-07
-8.90792e-07
-8.65947e-07
-8.41166e-07
-8.17229e-07
-7.94693e-07
-7.73923e-07
-7.55117e-07
-7.38354e-07
-7.23642e-07
-7.10978e-07
-7.00374e-07
-6.91795e-07
-6.85004e-07
-6.78631e-07
-6.69892e-07
-6.53245e-07
-6.25197e-07
-5.81902e-07
-5.22064e-07
-4.46031e-07
-3.53737e-07
-2.47687e-07
-1.30523e-07
-5.51738e-09
1.23747e-07
2.53549e-07
3.80201e-07
5.00273e-07
6.10836e-07
7.09691e-07
7.95526e-07
8.67951e-07
9.27353e-07
9.74552e-07
1.01047e-06
1.03662e-06
1.05445e-06
-1.00959e-06
-1.02067e-06
-1.02265e-06
-1.01669e-06
-1.00416e-06
-9.85766e-07
-9.62695e-07
-9.36406e-07
-9.08328e-07
-8.79737e-07
-8.51683e-07
-8.24969e-07
-8.00139e-07
-7.77522e-07
-7.57269e-07
-7.39404e-07
-7.23882e-07
-7.10645e-07
-6.99654e-07
-6.90817e-07
-6.83824e-07
-6.77164e-07
-6.67848e-07
-6.50059e-07
-6.20271e-07
-5.7443e-07
-5.11365e-07
-4.3158e-07
-3.34771e-07
-2.2375e-07
-1.01201e-07
2.95421e-08
1.64855e-07
3.00993e-07
4.34239e-07
5.61128e-07
6.78682e-07
7.84657e-07
8.77719e-07
9.57478e-07
1.02435e-06
1.07914e-06
1.12263e-06
1.15674e-06
1.18315e-06
-1.05593e-06
-1.06669e-06
-1.06673e-06
-1.05744e-06
-1.0406e-06
-1.0173e-06
-9.8917e-07
-9.57998e-07
-9.25446e-07
-8.92916e-07
-8.61505e-07
-8.32004e-07
-8.04918e-07
-7.80517e-07
-7.58888e-07
-7.39995e-07
-7.23731e-07
-7.09982e-07
-6.98655e-07
-6.89596e-07
-6.82419e-07
-6.7547e-07
-6.65559e-07
-6.46613e-07
-6.15097e-07
-5.66751e-07
-5.00577e-07
-4.17239e-07
-3.16146e-07
-2.00478e-07
-7.29398e-08
6.30858e-08
2.03959e-07
3.45944e-07
4.85338e-07
6.18683e-07
7.43002e-07
8.56052e-07
9.56508e-07
1.04402e-06
1.11904e-06
1.18235e-06
1.23451e-06
1.2778e-06
1.31415e-06
-1.10723e-06
-1.11728e-06
-1.11462e-06
-1.10103e-06
-1.07886e-06
-1.04977e-06
-1.01587e-06
-9.79332e-07
-9.42013e-07
-9.05403e-07
-8.706e-07
-8.38343e-07
-8.09067e-07
-7.82963e-07
-7.60043e-07
-7.40199e-07
-7.23263e-07
-7.09061e-07
-6.97444e-07
-6.88197e-07
-6.80855e-07
-6.73622e-07
-6.63106e-07
-6.43006e-07
-6.09793e-07
-5.59012e-07
-4.8988e-07
-4.03223e-07
-2.98113e-07
-1.78167e-07
-4.60987e-08
9.46797e-08
2.4053e-07
3.87756e-07
5.32707e-07
6.71985e-07
8.02673e-07
9.22585e-07
1.03047e-06
1.12607e-06
1.20996e-06
1.28286e-06
1.34503e-06
1.39901e-06
1.44699e-06
-1.16436e-06
-1.1731e-06
-1.1667e-06
-1.14756e-06
-1.11885e-06
-1.08296e-06
-1.04258e-06
-1.00022e-06
-9.57898e-07
-9.1713e-07
-8.78951e-07
-8.44008e-07
-8.12632e-07
-7.84922e-07
-7.608e-07
-7.40086e-07
-7.22545e-07
-7.07945e-07
-6.96081e-07
-6.86677e-07
-6.79188e-07
-6.71677e-07
-6.60558e-07
-6.39319e-07
-6.0446e-07
-5.51332e-07
-4.7942e-07
-3.89702e-07
-2.80869e-07
-1.57052e-07
-2.09582e-08
1.23983e-07
2.74144e-07
4.25895e-07
5.75673e-07
7.20188e-07
8.56645e-07
9.83002e-07
1.09817e-06
1.20208e-06
1.29549e-06
1.37919e-06
1.453e-06
1.51962e-06
1.58142e-06
-1.22839e-06
-1.23489e-06
-1.22332e-06
-1.19703e-06
-1.16035e-06
-1.11658e-06
-1.06901e-06
-1.02045e-06
-9.72976e-07
-9.28038e-07
-8.86554e-07
-8.49029e-07
-8.15668e-07
-7.86456e-07
-7.61225e-07
-7.39719e-07
-7.21637e-07
-7.06689e-07
-6.94617e-07
-6.85082e-07
-6.77463e-07
-6.69685e-07
-6.5797e-07
-6.35622e-07
-5.99178e-07
-5.43808e-07
-4.69313e-07
-3.7681e-07
-2.64563e-07
-1.37304e-07
2.27663e-09
1.50745e-07
3.04486e-07
4.59952e-07
6.13692e-07
7.6257e-07
9.0398e-07
1.03611e-06
1.15815e-06
1.27037e-06
1.37389e-06
1.46969e-06
1.55715e-06
1.63894e-06
1.7175e-06
-1.30072e-06
-1.30352e-06
-1.28479e-06
-1.24934e-06
-1.20304e-06
-1.15028e-06
-1.09488e-06
-1.03982e-06
-9.8713e-07
-9.38088e-07
-8.93418e-07
-8.53448e-07
-8.1823e-07
-7.8763e-07
-7.61383e-07
-7.39158e-07
-7.20592e-07
-7.05342e-07
-6.93094e-07
-6.83453e-07
-6.75719e-07
-6.67684e-07
-6.55387e-07
-6.31967e-07
-5.94011e-07
-5.36515e-07
-4.59648e-07
-3.64642e-07
-2.49297e-07
-1.19039e-07
2.34707e-08
1.74804e-07
3.31349e-07
4.89645e-07
6.46365e-07
7.98559e-07
9.43869e-07
1.0808e-06
1.20898e-06
1.3292e-06
1.44319e-06
1.55247e-06
1.65595e-06
1.75628e-06
1.85576e-06
-1.38322e-06
-1.37997e-06
-1.35132e-06
-1.30422e-06
-1.24647e-06
-1.18361e-06
-1.11984e-06
-1.05812e-06
-1.00026e-06
-9.47255e-07
-8.99568e-07
-8.57313e-07
-8.20378e-07
-7.88503e-07
-7.6133e-07
-7.38456e-07
-7.19459e-07
-7.03944e-07
-6.91549e-07
-6.81822e-07
-6.73985e-07
-6.65707e-07
-6.52844e-07
-6.28397e-07
-5.89008e-07
-5.2951e-07
-4.50488e-07
-3.53264e-07
-2.35138e-07
-1.02324e-07
4.25523e-08
1.96078e-07
3.54627e-07
5.14815e-07
6.73438e-07
8.27746e-07
9.75666e-07
1.11611e-06
1.24928e-06
1.37674e-06
1.50121e-06
1.62522e-06
1.74752e-06
1.87089e-06
1.9974e-06
-1.47843e-06
-1.46529e-06
-1.42289e-06
-1.36116e-06
-1.29001e-06
-1.21605e-06
-1.14355e-06
-1.07517e-06
-1.01229e-06
-9.55535e-07
-9.05038e-07
-8.60678e-07
-8.2217e-07
-7.89133e-07
-7.61119e-07
-7.37658e-07
-7.18276e-07
-7.02529e-07
-6.9001e-07
-6.80212e-07
-6.72285e-07
-6.63776e-07
-6.5037e-07
-6.24945e-07
-5.84206e-07
-5.22834e-07
-4.41878e-07
-3.42715e-07
-2.22116e-07
-8.71836e-08
5.95046e-08
2.14557e-07
3.74303e-07
5.35419e-07
6.94802e-07
8.49891e-07
9.98911e-07
1.14124e-06
1.27777e-06
1.41113e-06
1.54549e-06
1.68517e-06
1.82932e-06
1.98172e-06
2.1447e-06
-1.58993e-06
-1.56049e-06
-1.49916e-06
-1.41935e-06
-1.33285e-06
-1.24702e-06
-1.16566e-06
-1.09079e-06
-1.02318e-06
-9.62942e-07
-9.09874e-07
-8.636e-07
-8.23665e-07
-7.89573e-07
-7.60796e-07
-7.36805e-07
-7.17076e-07
-7.01125e-07
-6.885e-07
-6.78645e-07
-6.70638e-07
-6.61909e-07
-6.47984e-07
-6.21633e-07
-5.7963e-07
-5.16512e-07
-4.33842e-07
-3.33009e-07
-2.10233e-07
-7.3604e-08
7.43582e-08
2.30293e-07
3.90445e-07
5.51524e-07
7.1049e-07
8.64934e-07
1.01335e-06
1.15558e-06
1.29333e-06
1.4305e-06
1.57326e-06
1.72887e-06
1.89784e-06
2.08699e-06
2.3014e-06
-1.72284e-06
-1.66619e-06
-1.5792e-06
-1.4776e-06
-1.37399e-06
-1.27588e-06
-1.18583e-06
-1.10484e-06
-1.03289e-06
-9.69509e-07
-9.1413e-07
-8.66136e-07
-8.24916e-07
-7.89871e-07
-7.60401e-07
-7.35929e-07
-7.15886e-07
-6.99752e-07
-6.87036e-07
-6.77134e-07
-6.69056e-07
-6.60121e-07
-6.45702e-07
-6.1848e-07
-5.75298e-07
-5.10562e-07
-4.26391e-07
-3.24144e-07
-1.99469e-07
-6.15427e-08
8.71846e-08
2.43393e-07
4.03197e-07
5.63303e-07
7.20677e-07
8.73002e-07
1.01897e-06
1.15883e-06
1.29508e-06
1.43309e-06
1.58154e-06
1.75203e-06
1.94802e-06
2.18342e-06
2.47321e-06
-1.88399e-06
-1.78207e-06
-1.66118e-06
-1.53421e-06
-1.41225e-06
-1.30197e-06
-1.20376e-06
-1.11724e-06
-1.04143e-06
-9.75283e-07
-9.17865e-07
-8.68344e-07
-8.25971e-07
-7.90066e-07
-7.59967e-07
-7.35055e-07
-7.14727e-07
-6.98428e-07
-6.85632e-07
-6.75691e-07
-6.67548e-07
-6.5842e-07
-6.43534e-07
-6.15495e-07
-5.71219e-07
-5.0499e-07
-4.19524e-07
-3.16104e-07
-1.89789e-07
-5.09386e-08
9.80799e-08
2.53998e-07
4.12751e-07
5.70998e-07
7.2565e-07
8.74391e-07
1.016e-06
1.15097e-06
1.2825e-06
1.41738e-06
1.56718e-06
1.74941e-06
1.97249e-06
2.26443e-06
2.66715e-06
-2.0809e-06
-1.90567e-06
-1.7419e-06
-1.58689e-06
-1.44626e-06
-1.32462e-06
-1.21919e-06
-1.12791e-06
-1.04882e-06
-9.80305e-07
-9.21125e-07
-8.70265e-07
-8.2687e-07
-7.9019e-07
-7.59519e-07
-7.34204e-07
-7.13614e-07
-6.97165e-07
-6.84298e-07
-6.74322e-07
-6.66121e-07
-6.56812e-07
-6.41484e-07
-6.12684e-07
-5.67396e-07
-4.99795e-07
-4.13226e-07
-3.08873e-07
-1.81159e-07
-4.1738e-08
1.07123e-07
2.62223e-07
4.19263e-07
5.74815e-07
7.25663e-07
8.69392e-07
1.00471e-06
1.13216e-06
1.25532e-06
1.38213e-06
1.52706e-06
1.7148e-06
1.96072e-06
2.31725e-06
2.88827e-06
-2.3221e-06
-2.03151e-06
-1.81642e-06
-1.63277e-06
-1.47456e-06
-1.34319e-06
-1.2319e-06
-1.13681e-06
-1.05507e-06
-9.84613e-07
-9.23951e-07
-8.71937e-07
-8.27642e-07
-7.9027e-07
-7.59081e-07
-7.33398e-07
-7.12566e-07
-6.95977e-07
-6.83043e-07
-6.73037e-07
-6.64781e-07
-6.553e-07
-6.39554e-07
-6.10041e-07
-5.63817e-07
-4.94957e-07
-4.07475e-07
-3.02407e-07
-1.73525e-07
-3.38786e-08
1.14387e-07
2.68154e-07
4.22837e-07
5.74876e-07
7.20863e-07
8.58178e-07
9.85295e-07
1.10254e-06
1.21343e-06
1.32644e-06
1.45832e-06
1.64135e-06
1.89893e-06
2.32207e-06
3.13975e-06
-2.62609e-06
-2.15327e-06
-1.87802e-06
-1.66866e-06
-1.49608e-06
-1.35754e-06
-1.24206e-06
-1.14419e-06
-1.06043e-06
-9.88416e-07
-9.26504e-07
-8.73481e-07
-8.28374e-07
-7.90363e-07
-7.58686e-07
-7.32653e-07
-7.11587e-07
-6.94863e-07
-6.81865e-07
-6.71829e-07
-6.63523e-07
-6.53883e-07
-6.37745e-07
-6.07568e-07
-5.60475e-07
-4.90448e-07
-4.02277e-07
-2.96527e-07
-1.66664e-07
-2.70678e-08
1.2029e-07
2.72356e-07
4.24206e-07
5.72101e-07
7.12377e-07
8.42097e-07
9.59311e-07
1.0638e-06
1.15846e-06
1.25127e-06
1.35982e-06
1.52226e-06
1.7698e-06
2.25522e-06
3.43498e-06
-3.00148e-06
-2.25766e-06
-1.91676e-06
-1.69144e-06
-1.51091e-06
-1.36854e-06
-1.25069e-06
-1.15096e-06
-1.06565e-06
-9.92282e-07
-9.29197e-07
-8.75172e-07
-8.2923e-07
-7.90547e-07
-7.58353e-07
-7.31946e-07
-7.10635e-07
-6.93772e-07
-6.80715e-07
-6.7066e-07
-6.62323e-07
-6.52556e-07
-6.36083e-07
-6.05323e-07
-5.57451e-07
-4.86345e-07
-3.97693e-07
-2.9102e-07
-1.60215e-07
-2.06255e-08
1.25986e-07
2.76582e-07
4.25867e-07
5.69886e-07
7.04611e-07
8.26628e-07
9.3326e-07
1.02325e-06
1.09802e-06
1.16359e-06
1.23554e-06
1.35173e-06
1.54635e-06
2.06012e-06
3.69872e-06
-3.21249e-06
-2.28242e-06
-1.91611e-06
-1.69586e-06
-1.51761e-06
-1.37555e-06
-1.25725e-06
-1.15664e-06
-1.07025e-06
-9.95779e-07
-9.31645e-07
-8.76681e-07
-8.29936e-07
-7.906e-07
-7.57905e-07
-7.31143e-07
-7.09611e-07
-6.92636e-07
-6.79547e-07
-6.69501e-07
-6.61161e-07
-6.51309e-07
-6.34583e-07
-6.03373e-07
-5.54895e-07
-4.82924e-07
-3.94095e-07
-2.86422e-07
-1.54895e-07
-1.53083e-08
1.30723e-07
2.80164e-07
4.27367e-07
5.68181e-07
6.98039e-07
8.12986e-07
9.09291e-07
9.84114e-07
1.03644e-06
1.06857e-06
1.08998e-06
1.12613e-06
1.19561e-06
1.56011e-06
3.17559e-06
)
;

boundaryField
{
    inlet
    {
        type            uniformJump;
        patchType       cyclic;
        jump            uniform -5e-06;
        value           nonuniform List<scalar> 
40
(
1.02109e-07
1.04116e-07
1.06375e-07
1.0884e-07
1.11706e-07
1.15142e-07
1.19358e-07
1.24703e-07
1.31738e-07
1.41331e-07
1.54756e-07
1.73768e-07
2.00555e-07
2.37525e-07
2.86917e-07
3.50413e-07
4.28881e-07
5.2219e-07
6.28807e-07
7.4489e-07
8.58772e-07
9.53518e-07
1.02343e-06
1.07407e-06
1.11019e-06
1.13548e-06
1.1529e-06
1.16475e-06
1.17273e-06
1.17809e-06
1.18168e-06
1.1841e-06
1.18576e-06
1.18692e-06
1.18774e-06
1.18834e-06
1.18878e-06
1.18912e-06
1.18938e-06
1.18961e-06
)
;
        jumpTable       table;
        jumpTableCoeffs
        {
            values          
4
(
(0 -5e-06)
(25 -5e-06)
(25.5 -0.0001)
(26 -5e-06)
)
;
        }
    }
    outlet
    {
        type            uniformJump;
        patchType       cyclic;
        value           nonuniform List<scalar> 
40
(
-4.89789e-06
-4.89588e-06
-4.89362e-06
-4.89116e-06
-4.88829e-06
-4.88486e-06
-4.88064e-06
-4.8753e-06
-4.86826e-06
-4.85867e-06
-4.84524e-06
-4.82623e-06
-4.79944e-06
-4.76248e-06
-4.71308e-06
-4.64959e-06
-4.57112e-06
-4.47781e-06
-4.37119e-06
-4.25511e-06
-4.14123e-06
-4.04648e-06
-3.97657e-06
-3.92593e-06
-3.88981e-06
-3.86452e-06
-3.8471e-06
-3.83525e-06
-3.82727e-06
-3.82191e-06
-3.81832e-06
-3.8159e-06
-3.81424e-06
-3.81308e-06
-3.81226e-06
-3.81166e-06
-3.81122e-06
-3.81088e-06
-3.81062e-06
-3.81039e-06
)
;
    }
    Walls
    {
        type            zeroGradient;
    }
    back
    {
        type            empty;
    }
    front
    {
        type            empty;
    }
}


// ************************************************************************* //
