/*--------------------------------*- C++ -*----------------------------------*\
| =========                 |                                                 |
| \\      /  F ield         | OpenFOAM: The Open Source CFD Toolbox           |
|  \\    /   O peration     | Version:  2312                                  |
|   \\  /    A nd           | Website:  www.openfoam.com                      |
|    \\/     M anipulation  |                                                 |
\*---------------------------------------------------------------------------*/
FoamFile
{
    version     2.0;
    format      ascii;
    arch        "LSB;label=32;scalar=64";
    class       volScalarField;
    location    "86";
    object      p;
}
// * * * * * * * * * * * * * * * * * * * * * * * * * * * * * * * * * * * * * //

dimensions      [0 2 -2 0 0 0 0];

internalField   nonuniform List<scalar> 
4800
(
6.75261e-13
-1.88849e-06
-3.46596e-06
-4.79813e-06
-5.93251e-06
-6.90584e-06
-7.74746e-06
-8.47807e-06
-9.12408e-06
-9.69843e-06
-1.02093e-05
-1.06635e-05
-1.10571e-05
-1.16204e-05
-1.33207e-05
2.10331e-08
-1.8627e-06
-3.43685e-06
-4.76703e-06
-5.90068e-06
-6.87465e-06
-7.71889e-06
-8.45398e-06
-9.107e-06
-9.69218e-06
-1.02229e-05
-1.07202e-05
-1.12023e-05
-1.17785e-05
-1.27055e-05
4.36641e-08
-1.83494e-06
-3.40562e-06
-4.73386e-06
-5.86691e-06
-6.84152e-06
-7.6878e-06
-8.42608e-06
-9.08315e-06
-9.67646e-06
-1.02191e-05
-1.0733e-05
-1.12311e-05
-1.17252e-05
-1.21982e-05
6.72465e-08
-1.80552e-06
-3.37219e-06
-4.69794e-06
-5.82981e-06
-6.80431e-06
-7.65139e-06
-8.39224e-06
-9.04934e-06
-9.64407e-06
-1.01856e-05
-1.06859e-05
-1.11417e-05
-1.15243e-05
-1.17662e-05
9.36031e-08
-1.77221e-06
-3.33396e-06
-4.65637e-06
-5.78613e-06
-6.7594e-06
-7.60551e-06
-8.34637e-06
-9.00037e-06
-9.58739e-06
-1.01138e-05
-1.05796e-05
-1.097e-05
-1.12483e-05
-1.13604e-05
1.24238e-07
-1.73333e-06
-3.28903e-06
-4.60698e-06
-5.73336e-06
-6.70373e-06
-7.54643e-06
-8.28267e-06
-8.929e-06
-9.4992e-06
-9.99696e-06
-1.0415e-05
-1.07354e-05
-1.09301e-05
-1.09719e-05
1.61113e-07
-1.68679e-06
-3.23509e-06
-4.54707e-06
-5.66824e-06
-6.63325e-06
-7.46912e-06
-8.19555e-06
-8.82676e-06
-9.37175e-06
-9.83077e-06
-1.01953e-05
-1.04517e-05
-1.05862e-05
-1.05931e-05
2.07428e-07
-1.62928e-06
-3.16848e-06
-4.47249e-06
-5.58592e-06
-6.54223e-06
-7.36682e-06
-8.07755e-06
-8.68615e-06
-9.19855e-06
-9.61378e-06
-9.92651e-06
-1.01306e-05
-1.02253e-05
-1.02169e-05
2.6786e-07
-1.55585e-06
-3.08382e-06
-4.37723e-06
-5.47962e-06
-6.42306e-06
-7.23118e-06
-7.9201e-06
-8.49978e-06
-8.97539e-06
-9.34684e-06
-9.6145e-06
-9.77996e-06
-9.85073e-06
-9.83871e-06
3.48224e-07
-1.46005e-06
-2.97394e-06
-4.25333e-06
-5.34059e-06
-6.26637e-06
-7.05268e-06
-7.71443e-06
-8.26102e-06
-8.69841e-06
-9.03134e-06
-9.26358e-06
-9.40316e-06
-9.4622e-06
-9.45401e-06
4.54477e-07
-1.33462e-06
-2.83041e-06
-4.09135e-06
-5.15863e-06
-6.06167e-06
-6.82136e-06
-7.45233e-06
-7.96493e-06
-8.36748e-06
-8.66787e-06
-8.87522e-06
-9.00023e-06
-9.05677e-06
-9.05771e-06
5.91547e-07
-1.17253e-06
-2.64451e-06
-3.88136e-06
-4.92315e-06
-5.79853e-06
-6.528e-06
-7.12685e-06
-7.60729e-06
-7.98033e-06
-8.25688e-06
-8.4488e-06
-8.56847e-06
-8.62953e-06
-8.64366e-06
7.62716e-07
-9.67787e-07
-2.40821e-06
-3.61396e-06
-4.62439e-06
-5.46783e-06
-6.16509e-06
-6.73273e-06
-7.18501e-06
-7.53527e-06
-7.79643e-06
-7.98158e-06
-8.10333e-06
-8.17432e-06
-8.20477e-06
9.67075e-07
-7.16442e-07
-2.11483e-06
-3.28093e-06
-4.25387e-06
-5.06204e-06
-5.72678e-06
-6.26586e-06
-6.69523e-06
-7.02971e-06
-7.28312e-06
-7.46866e-06
-7.59827e-06
-7.68326e-06
-7.73254e-06
1.20047e-06
-4.18189e-07
-1.76108e-06
-2.87693e-06
-3.80549e-06
-4.57545e-06
-5.20825e-06
-5.72218e-06
-6.13393e-06
-6.45887e-06
-6.71077e-06
-6.90215e-06
-7.0439e-06
-7.14596e-06
-7.21603e-06
1.4574e-06
-7.76366e-08
-1.34757e-06
-2.40065e-06
-3.27704e-06
-4.00537e-06
-4.60641e-06
-5.0979e-06
-5.49622e-06
-5.81629e-06
-6.07109e-06
-6.27202e-06
-6.42875e-06
-6.54988e-06
-6.6421e-06
1.72399e-06
2.9763e-07
-8.79185e-07
-1.85512e-06
-2.67079e-06
-3.35291e-06
-3.92062e-06
-4.39036e-06
-4.77732e-06
-5.09509e-06
-5.35523e-06
-5.5677e-06
-5.74091e-06
-5.88219e-06
-5.99735e-06
1.9875e-06
6.9275e-07
-3.67917e-07
-1.25184e-06
-1.99665e-06
-2.62568e-06
-3.15541e-06
-3.60064e-06
-3.97501e-06
-4.29007e-06
-4.55534e-06
-4.77906e-06
-4.96832e-06
-5.1294e-06
-5.2673e-06
2.2228e-06
1.10151e-06
1.75007e-07
-6.06774e-07
-1.27151e-06
-1.83957e-06
-2.32448e-06
-2.73962e-06
-3.09698e-06
-3.40574e-06
-3.67297e-06
-3.90494e-06
-4.10741e-06
-4.2856e-06
-4.4439e-06
2.42388e-06
1.48795e-06
7.10601e-07
4.95216e-08
-5.24402e-07
-1.02242e-06
-1.45483e-06
-1.83326e-06
-2.16744e-06
-2.46406e-06
-2.72799e-06
-2.96365e-06
-3.17538e-06
-3.36729e-06
-3.54294e-06
2.56998e-06
1.82366e-06
1.19188e-06
6.47429e-07
1.70207e-07
-2.51336e-07
-6.262e-07
-9.62541e-07
-1.26684e-06
-1.54367e-06
-1.79652e-06
-2.02854e-06
-2.24288e-06
-2.44247e-06
-2.63006e-06
2.66224e-06
2.07244e-06
1.56321e-06
1.11905e-06
7.24893e-07
3.69627e-07
4.61383e-08
-2.50542e-07
-5.24377e-07
-7.7861e-07
-1.01597e-06
-1.23883e-06
-1.44947e-06
-1.64996e-06
-1.84234e-06
2.73825e-06
2.26448e-06
1.84876e-06
1.47943e-06
1.14535e-06
8.38346e-07
5.53442e-07
2.87343e-07
3.72607e-08
-1.9928e-07
-4.2443e-07
-6.40002e-07
-8.4767e-07
-1.04894e-06
-1.24531e-06
2.80324e-06
2.41271e-06
2.06344e-06
1.7467e-06
1.45502e-06
1.18288e-06
9.26583e-07
6.83485e-07
4.51339e-07
2.28194e-07
1.23465e-08
-1.9763e-07
-4.03036e-07
-6.05008e-07
-8.04685e-07
2.86192e-06
2.5288e-06
2.22551e-06
1.94578e-06
1.6844e-06
1.43736e-06
1.20167e-06
9.75051e-07
7.556e-07
5.41716e-07
3.31999e-07
1.25286e-07
-7.94767e-08
-2.83185e-07
-4.86758e-07
2.91555e-06
2.62138e-06
2.34966e-06
2.0956e-06
1.85517e-06
1.62526e-06
1.40336e-06
1.18747e-06
9.75946e-07
7.67408e-07
5.60674e-07
3.54766e-07
1.48793e-07
-5.79928e-08
-2.66377e-07
2.96329e-06
2.69538e-06
2.44496e-06
2.2081e-06
1.98147e-06
1.76256e-06
1.5492e-06
1.33962e-06
1.13234e-06
9.26163e-07
7.20042e-07
5.13119e-07
3.04601e-07
9.38277e-08
-1.19899e-07
3.00433e-06
2.75409e-06
2.5178e-06
2.29212e-06
2.07424e-06
1.86203e-06
1.65356e-06
1.44724e-06
1.24172e-06
1.0359e-06
8.28846e-07
6.19757e-07
4.07898e-07
1.92666e-07
-2.65843e-08
3.03855e-06
2.80032e-06
2.57338e-06
2.35485e-06
2.14237e-06
1.93405e-06
1.72811e-06
1.52308e-06
1.31774e-06
1.11105e-06
9.02139e-07
6.90242e-07
4.74664e-07
2.5484e-07
3.01579e-08
3.06654e-06
2.8367e-06
2.61602e-06
2.4021e-06
2.19293e-06
1.98672e-06
1.78185e-06
1.57694e-06
1.37085e-06
1.16261e-06
9.51378e-07
7.36418e-07
5.17063e-07
2.92774e-07
6.29633e-08
3.08929e-06
2.86554e-06
2.64921e-06
2.43837e-06
2.23123e-06
2.0261e-06
1.82145e-06
1.61601e-06
1.40872e-06
1.19864e-06
9.84946e-07
7.66938e-07
5.43965e-07
3.15506e-07
8.09919e-08
3.10787e-06
2.88879e-06
2.67565e-06
2.46699e-06
2.26116e-06
2.05651e-06
1.85166e-06
1.64542e-06
1.43675e-06
1.22478e-06
1.00869e-06
7.87814e-07
5.61502e-07
3.2925e-07
9.05034e-08
3.12325e-06
2.90793e-06
2.6973e-06
2.49033e-06
2.28538e-06
2.08094e-06
1.87571e-06
1.66858e-06
1.45856e-06
1.24479e-06
1.02649e-06
8.02989e-07
5.73668e-07
3.38023e-07
9.55121e-08
3.13616e-06
2.92402e-06
2.71552e-06
2.50993e-06
2.30566e-06
2.10131e-06
1.89568e-06
1.6877e-06
1.47643e-06
1.26103e-06
1.04074e-06
8.14903e-07
5.82908e-07
3.44258e-07
9.84225e-08
3.14716e-06
2.93782e-06
2.73119e-06
2.52682e-06
2.32313e-06
2.11886e-06
1.91286e-06
1.70412e-06
1.49174e-06
1.2749e-06
1.05286e-06
8.24966e-07
5.90619e-07
3.49325e-07
1.00562e-07
3.15662e-06
2.94979e-06
2.74487e-06
2.5416e-06
2.33846e-06
2.13427e-06
1.92798e-06
1.71861e-06
1.50527e-06
1.28718e-06
1.06361e-06
8.33923e-07
5.97518e-07
3.53907e-07
1.02576e-07
3.1648e-06
2.96025e-06
2.7569e-06
2.55464e-06
2.35201e-06
2.14795e-06
1.94144e-06
1.73154e-06
1.51739e-06
1.29824e-06
1.07335e-06
8.42111e-07
6.03918e-07
3.58291e-07
1.04714e-07
3.17199e-06
2.96953e-06
2.76763e-06
2.56631e-06
2.36419e-06
2.16029e-06
1.95362e-06
1.74329e-06
1.52847e-06
1.3084e-06
1.08238e-06
8.49784e-07
6.1003e-07
3.62633e-07
1.07079e-07
3.17866e-06
2.97825e-06
2.77778e-06
2.57738e-06
2.3758e-06
2.17209e-06
1.96532e-06
1.75463e-06
1.53921e-06
1.31832e-06
1.09127e-06
8.57438e-07
6.16245e-07
3.6721e-07
1.09816e-07
3.1847e-06
2.98627e-06
2.7872e-06
2.58774e-06
2.38672e-06
2.18325e-06
1.97644e-06
1.76546e-06
1.54952e-06
1.32789e-06
1.09989e-06
8.6491e-07
6.22375e-07
3.7181e-07
1.12699e-07
-1.48391e-05
-1.2628e-05
-1.12523e-05
-1.03222e-05
-9.564e-06
-8.96451e-06
-8.48053e-06
-8.08447e-06
-7.76022e-06
-7.49722e-06
-7.28922e-06
-7.13315e-06
-7.02924e-06
-6.98118e-06
-6.99686e-06
-7.09212e-06
-7.28913e-06
-7.61696e-06
-8.12097e-06
-8.85863e-06
-9.88099e-06
-1.12172e-05
-1.26846e-05
-1.39286e-05
-1.47651e-05
-1.51262e-05
-1.49946e-05
-1.43846e-05
-1.33205e-05
-1.18315e-05
-9.9516e-06
-7.72104e-06
-5.18752e-06
-2.40615e-06
5.6158e-07
3.64956e-06
6.78856e-06
9.90673e-06
1.29273e-05
1.57632e-05
1.82983e-05
2.03711e-05
2.16861e-05
2.19181e-05
2.00098e-05
-1.31741e-05
-1.20553e-05
-1.10232e-05
-1.01985e-05
-9.487e-06
-8.9039e-06
-8.42591e-06
-8.03232e-06
-7.70958e-06
-7.44812e-06
-7.24211e-06
-7.08865e-06
-6.98813e-06
-6.94433e-06
-6.96521e-06
-7.06679e-06
-7.27106e-06
-7.60644e-06
-8.11787e-06
-8.86179e-06
-9.88721e-06
-1.12214e-05
-1.26813e-05
-1.39156e-05
-1.47434e-05
-1.50973e-05
-1.49599e-05
-1.43451e-05
-1.32777e-05
-1.17873e-05
-9.90885e-06
-7.6842e-06
-5.1629e-06
-2.40249e-06
5.3244e-07
3.57153e-06
6.63939e-06
9.65474e-06
1.25256e-05
1.51381e-05
1.73283e-05
1.88373e-05
1.91748e-05
1.7575e-05
1.30336e-05
-1.22927e-05
-1.16017e-05
-1.07849e-05
-1.00525e-05
-9.39307e-06
-8.83314e-06
-8.3648e-06
-7.97561e-06
-7.65537e-06
-7.39604e-06
-7.19244e-06
-7.04197e-06
-6.9453e-06
-6.90632e-06
-6.93308e-06
-7.04178e-06
-7.25423e-06
-7.598e-06
-8.11758e-06
-8.86816e-06
-9.89628e-06
-1.12269e-05
-1.26767e-05
-1.38986e-05
-1.4715e-05
-1.50599e-05
-1.49154e-05
-1.42956e-05
-1.32257e-05
-1.1736e-05
-9.86288e-06
-7.65013e-06
-5.14987e-06
-2.42283e-06
4.6228e-07
3.42954e-06
6.39574e-06
9.26818e-06
1.19379e-05
1.42662e-05
1.60553e-05
1.70072e-05
1.66541e-05
1.44354e-05
1.01749e-05
-1.17122e-05
-1.12186e-05
-1.05656e-05
-9.90826e-06
-9.29874e-06
-8.76411e-06
-8.30634e-06
-7.92172e-06
-7.60369e-06
-7.34595e-06
-7.14419e-06
-6.99636e-06
-6.9033e-06
-6.86911e-06
-6.90187e-06
-7.01805e-06
-7.23917e-06
-7.59179e-06
-8.11996e-06
-8.87745e-06
-9.908e-06
-1.12339e-05
-1.26713e-05
-1.38776e-05
-1.46795e-05
-1.50121e-05
-1.48576e-05
-1.42304e-05
-1.31564e-05
-1.16672e-05
-9.80118e-06
-7.60475e-06
-5.13338e-06
-2.45192e-06
3.65787e-07
3.23726e-06
6.0706e-06
8.76163e-06
1.1187e-05
1.31924e-05
1.4573e-05
1.50609e-05
1.43206e-05
1.2071e-05
8.49541e-06
-1.12504e-05
-1.08722e-05
-1.03444e-05
-9.77221e-06
-9.21067e-06
-8.70181e-06
-8.25493e-06
-7.87482e-06
-7.55845e-06
-7.30153e-06
-7.10089e-06
-6.95505e-06
-6.86525e-06
-6.83573e-06
-6.8746e-06
-6.99859e-06
-7.22883e-06
-7.59064e-06
-8.12758e-06
-8.8918e-06
-9.92378e-06
-1.12427e-05
-1.26645e-05
-1.38516e-05
-1.46357e-05
-1.49533e-05
-1.47869e-05
-1.41515e-05
-1.3074e-05
-1.15878e-05
-9.73373e-06
-7.56149e-06
-5.13047e-06
-2.51023e-06
2.19773e-07
2.9703e-06
5.64142e-06
8.12006e-06
1.02751e-05
1.19516e-05
1.29656e-05
1.31133e-05
1.22065e-05
1.01706e-05
7.23374e-06
-1.08516e-05
-1.05537e-05
-1.0121e-05
-9.63e-06
-9.12598e-06
-8.64451e-06
-8.21203e-06
-7.83799e-06
-7.52346e-06
-7.26687e-06
-7.06663e-06
-6.9221e-06
-6.83506e-06
-6.80995e-06
-6.85488e-06
-6.98686e-06
-7.22651e-06
-7.59755e-06
-8.14307e-06
-8.91335e-06
-9.94501e-06
-1.12538e-05
-1.26554e-05
-1.38189e-05
-1.45814e-05
-1.48812e-05
-1.47013e-05
-1.40575e-05
-1.29783e-05
-1.14994e-05
-9.66456e-06
-7.52712e-06
-5.15088e-06
-2.61036e-06
9.4478e-09
2.61338e-06
5.09574e-06
7.3394e-06
9.21461e-06
1.05802e-05
1.12905e-05
1.12155e-05
1.02808e-05
8.52822e-06
6.18479e-06
-1.04812e-05
-1.02443e-05
-9.89564e-06
-9.47739e-06
-9.02912e-06
-8.58669e-06
-8.17563e-06
-7.81175e-06
-7.50112e-06
-7.24555e-06
-7.04562e-06
-6.90199e-06
-6.81726e-06
-6.79623e-06
-6.84699e-06
-6.9869e-06
-7.23596e-06
-7.61585e-06
-8.16926e-06
-8.94431e-06
-9.97302e-06
-1.12673e-05
-1.26432e-05
-1.37774e-05
-1.45135e-05
-1.47922e-05
-1.45972e-05
-1.39453e-05
-1.28674e-05
-1.14016e-05
-9.59514e-06
-7.50552e-06
-5.201e-06
-2.76088e-06
-2.74769e-07
2.15818e-06
4.43023e-06
6.42645e-06
8.02764e-06
9.11704e-06
9.59306e-06
9.39032e-06
8.50735e-06
7.03403e-06
5.16541e-06
-1.01198e-05
-9.93112e-06
-9.65268e-06
-9.30498e-06
-8.91733e-06
-8.5204e-06
-8.13938e-06
-7.7926e-06
-7.49057e-06
-7.23886e-06
-7.04071e-06
-6.89855e-06
-6.81627e-06
-6.79925e-06
-6.85564e-06
-7.00331e-06
-7.26149e-06
-7.64927e-06
-8.20927e-06
-8.98705e-06
-1.00091e-05
-1.12832e-05
-1.26261e-05
-1.37243e-05
-1.44286e-05
-1.46826e-05
-1.44708e-05
-1.3812e-05
-1.27395e-05
-1.12945e-05
-9.52812e-06
-7.50192e-06
-5.28844e-06
-2.97081e-06
-6.41585e-07
1.59919e-06
3.64643e-06
5.3938e-06
6.7397e-06
7.59655e-06
7.90356e-06
7.64213e-06
6.84938e-06
5.62461e-06
4.12231e-06
-9.7585e-06
-9.60939e-06
-9.38941e-06
-9.10739e-06
-8.78196e-06
-8.43665e-06
-8.09414e-06
-7.77318e-06
-7.48706e-06
-7.24462e-06
-7.05195e-06
-6.91358e-06
-6.83509e-06
-6.82281e-06
-6.88505e-06
-7.04046e-06
-7.30731e-06
-7.70141e-06
-8.26605e-06
-9.04356e-06
-1.00538e-05
-1.13004e-05
-1.26018e-05
-1.36558e-05
-1.43222e-05
-1.45476e-05
-1.43182e-05
-1.36548e-05
-1.25938e-05
-1.11799e-05
-9.46788e-06
-7.52332e-06
-5.42204e-06
-3.24945e-06
-1.09836e-06
9.34023e-07
2.7501e-06
4.25729e-06
5.37525e-06
6.04475e-06
6.23717e-06
5.96282e-06
5.27372e-06
4.261e-06
3.04302e-06
-9.3919e-06
-9.27683e-06
-9.10627e-06
-8.88313e-06
-8.61806e-06
-8.32771e-06
-8.03065e-06
-7.74425e-06
-7.48273e-06
-7.2571e-06
-7.07584e-06
-6.94563e-06
-6.874e-06
-6.86843e-06
-6.93758e-06
-7.10119e-06
-7.37631e-06
-7.77457e-06
-8.34145e-06
-9.11476e-06
-1.01067e-05
-1.13168e-05
-1.25662e-05
-1.35671e-05
-1.4189e-05
-1.43824e-05
-1.41355e-05
-1.34719e-05
-1.2431e-05
-1.10611e-05
-9.42064e-06
-7.57815e-06
-5.61121e-06
-3.60517e-06
-1.64997e-06
1.63981e-07
1.75059e-06
3.03398e-06
3.95511e-06
4.47854e-06
4.59775e-06
4.33741e-06
3.75151e-06
2.91656e-06
1.92188e-06
-9.01487e-06
-8.93055e-06
-8.80287e-06
-8.63207e-06
-8.42371e-06
-8.18882e-06
-7.9416e-06
-7.69689e-06
-7.46835e-06
-7.26784e-06
-7.10546e-06
-6.98957e-06
-6.92958e-06
-6.93409e-06
-7.0123e-06
-7.18532e-06
-7.46832e-06
-7.86791e-06
-8.43492e-06
-9.19972e-06
-1.0165e-05
-1.13281e-05
-1.25141e-05
-1.34521e-05
-1.40233e-05
-1.41823e-05
-1.39199e-05
-1.32627e-05
-1.22536e-05
-1.09437e-05
-9.39458e-06
-7.67601e-06
-5.86519e-06
-4.04467e-06
-2.29823e-06
-7.06152e-07
6.59489e-07
1.73996e-06
2.49495e-06
2.90658e-06
2.9811e-06
2.74826e-06
2.25806e-06
1.57109e-06
7.54337e-07
-8.62137e-06
-8.5661e-06
-8.4769e-06
-8.35313e-06
-8.19738e-06
-8.01666e-06
-7.82125e-06
-7.62316e-06
-7.43451e-06
-7.26694e-06
-7.13119e-06
-7.03674e-06
-6.99441e-06
-7.01352e-06
-7.10418e-06
-7.28852e-06
-7.57786e-06
-7.97569e-06
-8.54239e-06
-9.2935e-06
-1.02225e-05
-1.13274e-05
-1.2438e-05
-1.33039e-05
-1.38193e-05
-1.39436e-05
-1.36702e-05
-1.30294e-05
-1.2067e-05
-1.08361e-05
-9.39977e-06
-7.82724e-06
-6.19236e-06
-4.57217e-06
-3.04166e-06
-1.66874e-06
-5.10728e-07
3.89274e-07
1.00556e-06
1.33148e-06
1.37918e-06
1.17715e-06
7.73362e-07
2.08952e-07
-4.64594e-07
-8.20428e-06
-8.17729e-06
-8.12378e-06
-8.04299e-06
-7.93604e-06
-7.80728e-06
-7.66394e-06
-7.51532e-06
-7.3716e-06
-7.24349e-06
-7.14147e-06
-7.0755e-06
-7.05725e-06
-7.09586e-06
-7.20423e-06
-7.40202e-06
-7.69267e-06
-8.09004e-06
-8.65593e-06
-9.38602e-06
-1.02694e-05
-1.13049e-05
-1.23293e-05
-1.31155e-05
-1.35723e-05
-1.36646e-05
-1.33885e-05
-1.2778e-05
-1.188e-05
-1.07487e-05
-9.44758e-06
-8.04192e-06
-6.59918e-06
-5.18885e-06
-3.87553e-06
-2.71402e-06
-1.74768e-06
-1.00672e-06
-5.06364e-07
-2.4628e-07
-2.12072e-07
-3.77921e-07
-7.15744e-07
-1.1817e-06
-1.73955e-06
-7.75511e-06
-7.75622e-06
-7.73659e-06
-7.69575e-06
-7.63427e-06
-7.55489e-06
-7.46266e-06
-7.36461e-06
-7.26899e-06
-7.18511e-06
-7.12268e-06
-7.09142e-06
-7.10298e-06
-7.1667e-06
-7.29645e-06
-7.51106e-06
-7.8038e-06
-8.20377e-06
-8.75868e-06
-9.45951e-06
-1.02908e-05
-1.12484e-05
-1.21784e-05
-1.28809e-05
-1.32805e-05
-1.33472e-05
-1.3081e-05
-1.25182e-05
-1.17047e-05
-1.06941e-05
-9.54955e-06
-8.3285e-06
-7.08907e-06
-5.89234e-06
-4.79216e-06
-3.83071e-06
-3.03939e-06
-2.43876e-06
-2.03748e-06
-1.83248e-06
-1.81053e-06
-1.95088e-06
-2.22783e-06
-2.6125e-06
-3.07675e-06
-7.26275e-06
-7.29204e-06
-7.30524e-06
-7.30223e-06
-7.28348e-06
-7.25086e-06
-7.208e-06
-7.16021e-06
-7.11408e-06
-7.07732e-06
-7.05851e-06
-7.06683e-06
-7.11277e-06
-7.20635e-06
-7.35901e-06
-7.58742e-06
-7.89287e-06
-8.29642e-06
-8.83114e-06
-9.49426e-06
-1.02698e-05
-1.1144e-05
-1.19761e-05
-1.25969e-05
-1.29454e-05
-1.29974e-05
-1.27581e-05
-1.22634e-05
-1.15548e-05
-1.06849e-05
-9.71572e-06
-8.69224e-06
-7.6613e-06
-6.67648e-06
-5.78126e-06
-5.0065e-06
-4.37421e-06
-3.89844e-06
-3.58419e-06
-3.42761e-06
-3.41754e-06
-3.53763e-06
-3.7685e-06
-4.08938e-06
-4.47889e-06
-6.71381e-06
-6.77142e-06
-6.81665e-06
-6.8498e-06
-6.87142e-06
-6.88302e-06
-6.88734e-06
-6.88846e-06
-6.89161e-06
-6.90308e-06
-6.93003e-06
-6.98053e-06
-7.06405e-06
-7.18991e-06
-7.3687e-06
-7.61357e-06
-7.93184e-06
-8.33574e-06
-8.84978e-06
-9.47232e-06
-1.01886e-05
-1.09777e-05
-1.17152e-05
-1.22627e-05
-1.25722e-05
-1.26252e-05
-1.24338e-05
-1.20287e-05
-1.14435e-05
-1.07332e-05
-9.95326e-06
-9.13364e-06
-8.31083e-06
-7.53205e-06
-6.83082e-06
-6.22857e-06
-5.74081e-06
-5.3777e-06
-5.14255e-06
-5.03185e-06
-5.03692e-06
-5.14564e-06
-5.34385e-06
-5.61644e-06
-5.94824e-06
-6.0945e-06
-6.18021e-06
-6.25651e-06
-6.32404e-06
-6.38365e-06
-6.43677e-06
-6.48565e-06
-6.53347e-06
-6.58429e-06
-6.64325e-06
-6.71605e-06
-6.80977e-06
-6.93164e-06
-7.09161e-06
-7.29837e-06
-7.56204e-06
-7.89107e-06
-8.29467e-06
-8.7877e-06
-9.36917e-06
-1.00265e-05
-1.07355e-05
-1.13905e-05
-1.18814e-05
-1.21691e-05
-1.22442e-05
-1.21237e-05
-1.18267e-05
-1.13822e-05
-1.08492e-05
-1.02633e-05
-9.64501e-06
-9.02787e-06
-8.44777e-06
-7.92851e-06
-7.48522e-06
-7.1298e-06
-6.87038e-06
-6.70956e-06
-6.64475e-06
-6.66984e-06
-6.77652e-06
-6.95505e-06
-7.19481e-06
-7.48463e-06
-5.38974e-06
-5.50305e-06
-5.60925e-06
-5.70926e-06
-5.80424e-06
-5.89569e-06
-5.98568e-06
-6.07694e-06
-6.17287e-06
-6.27771e-06
-6.39581e-06
-6.5321e-06
-6.69076e-06
-6.88459e-06
-7.11997e-06
-7.40349e-06
-7.74283e-06
-8.14532e-06
-8.61881e-06
-9.16283e-06
-9.76733e-06
-1.04085e-05
-1.10006e-05
-1.14566e-05
-1.17475e-05
-1.18709e-05
-1.18399e-05
-1.16673e-05
-1.13846e-05
-1.10342e-05
-1.06365e-05
-1.0215e-05
-9.79865e-06
-9.40862e-06
-9.05988e-06
-8.76471e-06
-8.53339e-06
-8.37258e-06
-8.28446e-06
-8.2676e-06
-8.31826e-06
-8.4313e-06
-8.60061e-06
-8.81944e-06
-9.08031e-06
-4.58963e-06
-4.72865e-06
-4.86268e-06
-4.99267e-06
-5.11997e-06
-5.24611e-06
-5.37294e-06
-5.50273e-06
-5.63842e-06
-5.78395e-06
-5.94322e-06
-6.12087e-06
-6.31672e-06
-6.54398e-06
-6.80729e-06
-7.11101e-06
-7.46149e-06
-7.86412e-06
-8.32299e-06
-8.83821e-06
-9.40138e-06
-9.99456e-06
-1.05491e-05
-1.09958e-05
-1.13173e-05
-1.15118e-05
-1.15854e-05
-1.15562e-05
-1.14461e-05
-1.12712e-05
-1.10577e-05
-1.0831e-05
-1.06063e-05
-1.03939e-05
-1.0205e-05
-1.00507e-05
-9.93957e-06
-9.87664e-06
-9.86376e-06
-9.9007e-06
-9.98585e-06
-1.01163e-05
-1.02885e-05
-1.04979e-05
-1.07396e-05
-3.70883e-06
-3.86998e-06
-4.0279e-06
-4.18377e-06
-4.33914e-06
-4.49569e-06
-4.65508e-06
-4.8189e-06
-4.98897e-06
-5.16694e-06
-5.35615e-06
-5.56276e-06
-5.79868e-06
-6.05869e-06
-6.34637e-06
-6.66844e-06
-7.03054e-06
-7.43626e-06
-7.88811e-06
-8.38651e-06
-8.92691e-06
-9.49771e-06
-1.00444e-05
-1.05118e-05
-1.08865e-05
-1.11678e-05
-1.1364e-05
-1.14839e-05
-1.15363e-05
-1.15391e-05
-1.15142e-05
-1.14743e-05
-1.1426e-05
-1.13775e-05
-1.13393e-05
-1.13204e-05
-1.13268e-05
-1.13619e-05
-1.14277e-05
-1.15252e-05
-1.16545e-05
-1.18145e-05
-1.20036e-05
-1.22192e-05
-1.24584e-05
-2.81105e-06
-2.98962e-06
-3.16696e-06
-3.34411e-06
-3.52259e-06
-3.70409e-06
-3.89041e-06
-4.08327e-06
-4.2853e-06
-4.49843e-06
-4.72155e-06
-4.95907e-06
-5.22041e-06
-5.50702e-06
-5.81914e-06
-6.16132e-06
-6.53824e-06
-6.95287e-06
-7.40733e-06
-7.9029e-06
-8.43779e-06
-9.00633e-06
-9.56784e-06
-1.00744e-05
-1.05142e-05
-1.08888e-05
-1.11998e-05
-1.14507e-05
-1.16511e-05
-1.18142e-05
-1.19494e-05
-1.20625e-05
-1.21604e-05
-1.22514e-05
-1.23431e-05
-1.24412e-05
-1.25496e-05
-1.26715e-05
-1.28091e-05
-1.29644e-05
-1.31379e-05
-1.33296e-05
-1.35387e-05
-1.37638e-05
-1.40036e-05
-2.03113e-06
-2.22004e-06
-2.41006e-06
-2.60198e-06
-2.79716e-06
-2.99708e-06
-3.20314e-06
-3.41697e-06
-3.63962e-06
-3.87377e-06
-4.12661e-06
-4.39991e-06
-4.69091e-06
-4.99943e-06
-5.33256e-06
-5.69465e-06
-6.08806e-06
-6.51543e-06
-6.97937e-06
-7.48183e-06
-8.02338e-06
-8.60284e-06
-9.1866e-06
-9.7321e-06
-1.02283e-05
-1.06744e-05
-1.10713e-05
-1.1423e-05
-1.17357e-05
-1.20143e-05
-1.22637e-05
-1.24898e-05
-1.26993e-05
-1.28981e-05
-1.30906e-05
-1.32807e-05
-1.34715e-05
-1.36659e-05
-1.38662e-05
-1.4074e-05
-1.42903e-05
-1.45157e-05
-1.47503e-05
-1.49945e-05
-1.52475e-05
-1.44038e-06
-1.63735e-06
-1.8373e-06
-2.04103e-06
-2.24976e-06
-2.46486e-06
-2.68784e-06
-2.92066e-06
-3.16513e-06
-3.42336e-06
-3.69659e-06
-3.98691e-06
-4.29384e-06
-4.62015e-06
-4.97069e-06
-5.3483e-06
-5.75514e-06
-6.1939e-06
-6.66736e-06
-7.1779e-06
-7.72735e-06
-8.3166e-06
-8.91725e-06
-9.4901e-06
-1.00238e-05
-1.05181e-05
-1.09744e-05
-1.13943e-05
-1.17801e-05
-1.21349e-05
-1.24633e-05
-1.27704e-05
-1.30607e-05
-1.33373e-05
-1.36034e-05
-1.3862e-05
-1.41155e-05
-1.43664e-05
-1.46164e-05
-1.4867e-05
-1.51194e-05
-1.53743e-05
-1.56323e-05
-1.58934e-05
-1.61574e-05
-1.005e-06
-1.20881e-06
-1.41722e-06
-1.63111e-06
-1.85163e-06
-2.08007e-06
-2.31779e-06
-2.56596e-06
-2.82597e-06
-3.0993e-06
-3.38844e-06
-3.69271e-06
-4.01457e-06
-4.35699e-06
-4.7225e-06
-5.1133e-06
-5.53171e-06
-5.9803e-06
-6.46172e-06
-6.97846e-06
-7.53282e-06
-8.12668e-06
-8.7351e-06
-9.32223e-06
-9.87779e-06
-1.04018e-05
-1.08943e-05
-1.13558e-05
-1.17882e-05
-1.21944e-05
-1.2578e-05
-1.29418e-05
-1.32883e-05
-1.36199e-05
-1.39388e-05
-1.42472e-05
-1.45472e-05
-1.48404e-05
-1.51283e-05
-1.54121e-05
-1.56928e-05
-1.59712e-05
-1.62475e-05
-1.65222e-05
-1.67953e-05
-6.92673e-07
-9.03479e-07
-1.12026e-06
-1.34384e-06
-1.57525e-06
-1.81553e-06
-2.06578e-06
-2.32707e-06
-2.60063e-06
-2.88768e-06
-3.18941e-06
-3.50708e-06
-3.84275e-06
-4.19832e-06
-4.5756e-06
-4.97666e-06
-5.40369e-06
-5.85899e-06
-6.34495e-06
-6.86393e-06
-7.41831e-06
-8.01012e-06
-8.61743e-06
-9.20814e-06
-9.77288e-06
-1.03113e-05
-1.08232e-05
-1.13095e-05
-1.17718e-05
-1.2212e-05
-1.26319e-05
-1.30333e-05
-1.34179e-05
-1.37873e-05
-1.41432e-05
-1.44873e-05
-1.48208e-05
-1.51451e-05
-1.54612e-05
-1.57701e-05
-1.60726e-05
-1.63692e-05
-1.66605e-05
-1.69469e-05
-1.72286e-05
-4.78474e-07
-6.9653e-07
-9.21561e-07
-1.15434e-06
-1.39576e-06
-1.64672e-06
-1.90822e-06
-2.18114e-06
-2.46656e-06
-2.76522e-06
-3.07853e-06
-3.40784e-06
-3.75454e-06
-4.1201e-06
-4.50618e-06
-4.91457e-06
-5.34717e-06
-5.80592e-06
-6.29295e-06
-6.81036e-06
-7.36031e-06
-7.94477e-06
-8.54442e-06
-9.13086e-06
-9.69568e-06
-1.02386e-05
-1.07597e-05
-1.12597e-05
-1.17395e-05
-1.22e-05
-1.26424e-05
-1.30678e-05
-1.34775e-05
-1.38725e-05
-1.4254e-05
-1.46229e-05
-1.49803e-05
-1.53271e-05
-1.5664e-05
-1.59918e-05
-1.63109e-05
-1.6622e-05
-1.69254e-05
-1.72214e-05
-1.75104e-05
-3.38404e-07
-5.63661e-07
-7.96628e-07
-1.03801e-06
-1.28864e-06
-1.54935e-06
-1.82091e-06
-2.10409e-06
-2.39932e-06
-2.70804e-06
-3.03121e-06
-3.36984e-06
-3.72508e-06
-4.09823e-06
-4.49068e-06
-4.9039e-06
-5.33947e-06
-5.79904e-06
-6.28441e-06
-6.79735e-06
-7.33976e-06
-7.91334e-06
-8.50114e-06
-9.07841e-06
-9.63788e-06
-1.01793e-05
-1.07027e-05
-1.12083e-05
-1.16966e-05
-1.21682e-05
-1.26238e-05
-1.30642e-05
-1.34899e-05
-1.39018e-05
-1.43005e-05
-1.46867e-05
-1.50609e-05
-1.54239e-05
-1.5776e-05
-1.61177e-05
-1.64496e-05
-1.6772e-05
-1.7085e-05
-1.73891e-05
-1.76842e-05
-2.51446e-07
-4.83653e-07
-7.24102e-07
-9.73439e-07
-1.23236e-06
-1.50149e-06
-1.782e-06
-2.07369e-06
-2.37768e-06
-2.6949e-06
-3.02611e-06
-3.37216e-06
-3.73406e-06
-4.11286e-06
-4.5097e-06
-4.92576e-06
-5.36235e-06
-5.8208e-06
-6.30262e-06
-6.80923e-06
-7.34226e-06
-7.90305e-06
-8.47686e-06
-9.04244e-06
-9.59348e-06
-1.01296e-05
-1.06506e-05
-1.11567e-05
-1.1648e-05
-1.21249e-05
-1.25877e-05
-1.30369e-05
-1.34726e-05
-1.38954e-05
-1.43057e-05
-1.47036e-05
-1.50897e-05
-1.54642e-05
-1.58274e-05
-1.61797e-05
-1.65212e-05
-1.68523e-05
-1.71731e-05
-1.74845e-05
-1.77847e-05
-2.00784e-07
-4.39508e-07
-6.86844e-07
-9.43391e-07
-1.20966e-06
-1.48549e-06
-1.77427e-06
-2.07349e-06
-2.38484e-06
-2.70905e-06
-3.04677e-06
-3.39873e-06
-3.76575e-06
-4.14865e-06
-4.54836e-06
-4.96582e-06
-5.40207e-06
-5.85818e-06
-6.33535e-06
-6.8347e-06
-7.35758e-06
-7.90498e-06
-8.46417e-06
-9.01709e-06
-9.5582e-06
-1.0087e-05
-1.06032e-05
-1.11068e-05
-1.15979e-05
-1.20765e-05
-1.25428e-05
-1.29967e-05
-1.34386e-05
-1.38683e-05
-1.42862e-05
-1.46923e-05
-1.50867e-05
-1.54695e-05
-1.5841e-05
-1.62012e-05
-1.65502e-05
-1.68881e-05
-1.7215e-05
-1.75306e-05
-1.78374e-05
-1.73611e-07
-4.18284e-07
-6.71831e-07
-9.34856e-07
-1.20801e-06
-1.49238e-06
-1.78537e-06
-2.09072e-06
-2.40819e-06
-2.73817e-06
-3.08119e-06
-3.43786e-06
-3.8088e-06
-4.19467e-06
-4.5962e-06
-5.01411e-06
-5.44922e-06
-5.90235e-06
-6.37442e-06
-6.86628e-06
-7.37903e-06
-7.91331e-06
-8.45822e-06
-8.99853e-06
-9.52934e-06
-1.005e-05
-1.05603e-05
-1.10601e-05
-1.15492e-05
-1.20275e-05
-1.24949e-05
-1.29513e-05
-1.33967e-05
-1.38309e-05
-1.42539e-05
-1.46656e-05
-1.5066e-05
-1.54551e-05
-1.58328e-05
-1.61991e-05
-1.65541e-05
-1.68976e-05
-1.72299e-05
-1.75509e-05
-1.78615e-05
-1.6068e-07
-4.1068e-07
-6.69742e-07
-9.38397e-07
-1.21714e-06
-1.50645e-06
-1.80567e-06
-2.11646e-06
-2.4391e-06
-2.7739e-06
-3.1213e-06
-3.48175e-06
-3.85576e-06
-4.24382e-06
-4.64649e-06
-5.0643e-06
-5.49788e-06
-5.9478e-06
-6.41479e-06
-6.8994e-06
-7.40252e-06
-7.92448e-06
-8.45602e-06
-8.98439e-06
-9.50525e-06
-1.00179e-05
-1.05221e-05
-1.10174e-05
-1.15037e-05
-1.19806e-05
-1.2448e-05
-1.29055e-05
-1.33529e-05
-1.379e-05
-1.42165e-05
-1.46323e-05
-1.50372e-05
-1.54309e-05
-1.58135e-05
-1.61847e-05
-1.65444e-05
-1.68927e-05
-1.72295e-05
-1.75548e-05
-1.78691e-05
-1.55716e-07
-4.10436e-07
-6.74337e-07
-9.4787e-07
-1.23143e-06
-1.52543e-06
-1.82975e-06
-2.14515e-06
-2.47218e-06
-2.81106e-06
-3.16211e-06
-3.52568e-06
-3.90215e-06
-4.29188e-06
-4.69528e-06
-5.11272e-06
-5.54464e-06
-5.99143e-06
-6.45359e-06
-6.93148e-06
-7.42573e-06
-7.93642e-06
-8.45577e-06
-8.9732e-06
-9.48483e-06
-9.98995e-06
-1.04882e-05
-1.09791e-05
-1.14623e-05
-1.19375e-05
-1.24042e-05
-1.2862e-05
-1.33106e-05
-1.37496e-05
-1.41787e-05
-1.45975e-05
-1.50058e-05
-1.54033e-05
-1.57897e-05
-1.61649e-05
-1.65287e-05
-1.68809e-05
-1.72215e-05
-1.75506e-05
-1.78682e-05
-1.54734e-07
-4.13613e-07
-6.81751e-07
-9.59533e-07
-1.24733e-06
-1.54554e-06
-1.85419e-06
-2.17348e-06
-2.50431e-06
-2.84668e-06
-3.20083e-06
-3.56703e-06
-3.94554e-06
-4.33661e-06
-4.74051e-06
-5.15748e-06
-5.58779e-06
-6.03166e-06
-6.4894e-06
-6.96118e-06
-7.44744e-06
-7.94802e-06
-8.45645e-06
-8.96402e-06
-9.46731e-06
-9.96557e-06
-1.04583e-05
-1.09451e-05
-1.14254e-05
-1.18986e-05
-1.23644e-05
-1.28222e-05
-1.32715e-05
-1.3712e-05
-1.4143e-05
-1.45642e-05
-1.49753e-05
-1.53758e-05
-1.57654e-05
-1.61439e-05
-1.65111e-05
-1.68667e-05
-1.72107e-05
-1.75429e-05
-1.78634e-05
-1.55374e-07
-4.17914e-07
-6.8977e-07
-9.71275e-07
-1.26278e-06
-1.56481e-06
-1.87706e-06
-2.19972e-06
-2.53389e-06
-2.8793e-06
-3.23613e-06
-3.60459e-06
-3.98484e-06
-4.37703e-06
-4.78131e-06
-5.1978e-06
-5.62662e-06
-6.06785e-06
-6.52164e-06
-6.98797e-06
-7.46711e-06
-7.9587e-06
-8.45743e-06
-8.95624e-06
-9.4521e-06
-9.94424e-06
-1.04321e-05
-1.09151e-05
-1.13927e-05
-1.18642e-05
-1.2329e-05
-1.27867e-05
-1.32365e-05
-1.3678e-05
-1.41106e-05
-1.45338e-05
-1.49472e-05
-1.53503e-05
-1.57426e-05
-1.6124e-05
-1.6494e-05
-1.68526e-05
-1.71995e-05
-1.75345e-05
-1.78577e-05
-1.56361e-07
-4.22123e-07
-6.97249e-07
-9.82031e-07
-1.27688e-06
-1.5822e-06
-1.89746e-06
-2.22319e-06
-2.56028e-06
-2.90835e-06
-3.26754e-06
-3.63797e-06
-4.01974e-06
-4.4129e-06
-4.81751e-06
-5.23355e-06
-5.66104e-06
-6.09993e-06
-6.55022e-06
-7.01173e-06
-7.48458e-06
-7.96824e-06
-8.45839e-06
-8.94948e-06
-9.43879e-06
-9.92553e-06
-1.04091e-05
-1.08887e-05
-1.13639e-05
-1.18338e-05
-1.22978e-05
-1.27553e-05
-1.32056e-05
-1.3648e-05
-1.4082e-05
-1.45069e-05
-1.49222e-05
-1.53275e-05
-1.57223e-05
-1.61061e-05
-1.64787e-05
-1.68398e-05
-1.71892e-05
-1.75265e-05
-1.78524e-05
-1.57095e-07
-4.25689e-07
-7.0369e-07
-9.91366e-07
-1.28921e-06
-1.59731e-06
-1.91523e-06
-2.24374e-06
-2.58338e-06
-2.93379e-06
-3.29505e-06
-3.66723e-06
-4.05035e-06
-4.44437e-06
-4.84926e-06
-5.26492e-06
-5.69126e-06
-6.12809e-06
-6.57529e-06
-7.03257e-06
-7.49989e-06
-7.97656e-06
-8.45919e-06
-8.94348e-06
-9.42705e-06
-9.90907e-06
-1.03888e-05
-1.08656e-05
-1.13387e-05
-1.18072e-05
-1.22705e-05
-1.27279e-05
-1.31785e-05
-1.36218e-05
-1.4057e-05
-1.44834e-05
-1.49005e-05
-1.53077e-05
-1.57046e-05
-1.60906e-05
-1.64654e-05
-1.68288e-05
-1.71804e-05
-1.75198e-05
-1.78481e-05
-1.57363e-07
-4.28439e-07
-7.08962e-07
-9.99179e-07
-1.29962e-06
-1.61019e-06
-1.93047e-06
-2.26145e-06
-2.6033e-06
-2.95577e-06
-3.31887e-06
-3.6926e-06
-4.07691e-06
-4.4717e-06
-4.87686e-06
-5.2922e-06
-5.71753e-06
-6.15258e-06
-6.5971e-06
-7.05068e-06
-7.51316e-06
-7.98373e-06
-8.45975e-06
-8.93809e-06
-9.41667e-06
-9.89459e-06
-1.03711e-05
-1.08454e-05
-1.13166e-05
-1.1784e-05
-1.22467e-05
-1.2704e-05
-1.31551e-05
-1.35991e-05
-1.40353e-05
-1.44631e-05
-1.48818e-05
-1.52908e-05
-1.56895e-05
-1.60775e-05
-1.64543e-05
-1.68196e-05
-1.71732e-05
-1.75144e-05
-1.78447e-05
-1.57127e-07
-4.30406e-07
-7.13162e-07
-1.00562e-06
-1.3083e-06
-1.62106e-06
-1.94349e-06
-2.27661e-06
-2.62044e-06
-2.97475e-06
-3.33948e-06
-3.71458e-06
-4.09996e-06
-4.49546e-06
-4.90087e-06
-5.31595e-06
-5.74042e-06
-6.17391e-06
-6.61611e-06
-7.06647e-06
-7.52472e-06
-7.98989e-06
-8.46006e-06
-8.93316e-06
-9.40735e-06
-9.88169e-06
-1.03553e-05
-1.08275e-05
-1.12972e-05
-1.17636e-05
-1.22259e-05
-1.26832e-05
-1.31346e-05
-1.35793e-05
-1.40166e-05
-1.44457e-05
-1.48658e-05
-1.52763e-05
-1.56767e-05
-1.60664e-05
-1.6445e-05
-1.68121e-05
-1.71675e-05
-1.75104e-05
-1.78423e-05
-1.56382e-07
-4.3173e-07
-7.16577e-07
-1.01113e-06
-1.31589e-06
-1.63068e-06
-1.95511e-06
-2.29026e-06
-2.63596e-06
-2.99199e-06
-3.35825e-06
-3.73466e-06
-4.12106e-06
-4.51723e-06
-4.9229e-06
-5.33776e-06
-5.76144e-06
-6.19352e-06
-6.63358e-06
-7.08097e-06
-7.53531e-06
-7.99547e-06
-8.46017e-06
-8.92837e-06
-9.3985e-06
-9.86953e-06
-1.03406e-05
-1.08107e-05
-1.12791e-05
-1.17446e-05
-1.22066e-05
-1.26639e-05
-1.31157e-05
-1.35612e-05
-1.39995e-05
-1.44297e-05
-1.48513e-05
-1.52633e-05
-1.56653e-05
-1.60567e-05
-1.6437e-05
-1.68058e-05
-1.71628e-05
-1.75073e-05
-1.78408e-05
-1.55337e-07
-4.32544e-07
-7.19327e-07
-1.01593e-06
-1.32285e-06
-1.63964e-06
-1.96608e-06
-2.30316e-06
-2.65069e-06
-3.0084e-06
-3.37616e-06
-3.75385e-06
-4.14125e-06
-4.53807e-06
-4.94401e-06
-5.35865e-06
-5.78157e-06
-6.21223e-06
-6.65009e-06
-7.0945e-06
-7.545e-06
-8.0004e-06
-8.46013e-06
-8.92391e-06
-9.39027e-06
-9.85818e-06
-1.03268e-05
-1.0795e-05
-1.12621e-05
-1.17268e-05
-1.21884e-05
-1.26458e-05
-1.30981e-05
-1.35443e-05
-1.39836e-05
-1.44151e-05
-1.48379e-05
-1.52515e-05
-1.56551e-05
-1.60481e-05
-1.64299e-05
-1.68003e-05
-1.71589e-05
-1.7505e-05
-1.78399e-05
1.66123e-06
-4.79143e-06
-6.28761e-06
-7.18359e-06
-8.1727e-06
-9.24214e-06
-1.03845e-05
-1.15982e-05
-1.28856e-05
-1.42539e-05
-1.57147e-05
-1.72843e-05
-1.89817e-05
-2.08391e-05
-2.28918e-05
3.23389e-06
-2.40947e-06
-4.89755e-06
-6.45371e-06
-7.77757e-06
-9.01511e-06
-1.0248e-05
-1.15146e-05
-1.28341e-05
-1.42222e-05
-1.56948e-05
-1.72706e-05
-1.89704e-05
-2.08269e-05
-2.2876e-05
4.07282e-06
-9.241e-07
-3.87467e-06
-5.83193e-06
-7.4059e-06
-8.79382e-06
-1.01145e-05
-1.14335e-05
-1.2785e-05
-1.41925e-05
-1.56765e-05
-1.72581e-05
-1.89595e-05
-2.08146e-05
-2.28593e-05
4.14825e-06
-7.40999e-08
-3.10848e-06
-5.30156e-06
-7.06022e-06
-8.58007e-06
-9.98564e-06
-1.13568e-05
-1.27401e-05
-1.41666e-05
-1.56612e-05
-1.72479e-05
-1.89502e-05
-2.08029e-05
-2.28424e-05
3.88529e-06
5.05832e-07
-2.42874e-06
-4.76782e-06
-6.68618e-06
-8.33785e-06
-9.83713e-06
-1.1269e-05
-1.26899e-05
-1.41388e-05
-1.56457e-05
-1.72379e-05
-1.89409e-05
-2.07906e-05
-2.2824e-05
3.55898e-06
7.90108e-07
-1.89128e-06
-4.24921e-06
-6.2779e-06
-8.05066e-06
-9.65059e-06
-1.11546e-05
-1.26232e-05
-1.41015e-05
-1.56249e-05
-1.72249e-05
-1.89294e-05
-2.07761e-05
-2.28026e-05
3.08484e-06
8.11231e-07
-1.55515e-06
-3.81455e-06
-5.87462e-06
-7.73114e-06
-9.42247e-06
-1.10035e-05
-1.25289e-05
-1.40453e-05
-1.55919e-05
-1.7204e-05
-1.89123e-05
-2.07568e-05
-2.27761e-05
2.45406e-06
5.87819e-07
-1.45356e-06
-3.53181e-06
-5.53764e-06
-7.41866e-06
-9.17052e-06
-1.08187e-05
-1.24025e-05
-1.3963e-05
-1.55393e-05
-1.71688e-05
-1.88844e-05
-2.07287e-05
-2.27412e-05
1.68995e-06
1.52384e-07
-1.5863e-06
-3.44242e-06
-5.32501e-06
-7.1658e-06
-8.93165e-06
-1.06205e-05
-1.22515e-05
-1.38543e-05
-1.54631e-05
-1.7114e-05
-1.88403e-05
-2.06868e-05
-2.26932e-05
8.13371e-07
-4.60326e-07
-1.93265e-06
-3.55866e-06
-5.27559e-06
-7.02114e-06
-8.75045e-06
-1.04421e-05
-1.20968e-05
-1.37299e-05
-1.53665e-05
-1.70384e-05
-1.87764e-05
-2.06267e-05
-2.26269e-05
-1.60939e-07
-1.22159e-06
-2.46597e-06
-3.87356e-06
-5.40687e-06
-7.01924e-06
-8.66753e-06
-1.03214e-05
-1.19682e-05
-1.36099e-05
-1.52616e-05
-1.69474e-05
-1.86934e-05
-2.05466e-05
-2.25382e-05
-1.22473e-06
-2.11175e-06
-3.16322e-06
-4.3729e-06
-5.72181e-06
-7.18015e-06
-8.7141e-06
-1.02932e-05
-1.18982e-05
-1.35211e-05
-1.51675e-05
-1.68532e-05
-1.8598e-05
-2.04477e-05
-2.24252e-05
-2.37409e-06
-3.11882e-06
-4.00791e-06
-5.0429e-06
-6.21691e-06
-7.51416e-06
-8.91242e-06
-1.03871e-05
-1.19184e-05
-1.34925e-05
-1.51089e-05
-1.67737e-05
-1.85042e-05
-2.03363e-05
-2.22878e-05
-3.60902e-06
-4.23664e-06
-4.98942e-06
-5.8728e-06
-6.88691e-06
-8.026e-06
-9.27819e-06
-1.06274e-05
-1.20575e-05
-1.35541e-05
-1.51132e-05
-1.67307e-05
-1.84292e-05
-2.02232e-05
-2.21295e-05
-4.92857e-06
-5.46041e-06
-6.09979e-06
-6.85363e-06
-7.72568e-06
-8.7163e-06
-9.82158e-06
-1.10334e-05
-1.23417e-05
-1.37349e-05
-1.52076e-05
-1.67543e-05
-1.83868e-05
-2.01203e-05
-2.19638e-05
-6.33258e-06
-6.78713e-06
-7.33324e-06
-7.97797e-06
-8.72656e-06
-9.58252e-06
-1.0547e-05
-1.16182e-05
-1.27915e-05
-1.4061e-05
-1.54211e-05
-1.68698e-05
-1.84069e-05
-2.00475e-05
-2.18017e-05
-7.81974e-06
-8.21401e-06
-8.68498e-06
-9.23927e-06
-9.88239e-06
-1.06193e-05
-1.14534e-05
-1.23872e-05
-1.34204e-05
-1.45518e-05
-1.57788e-05
-1.70993e-05
-1.85153e-05
-2.00287e-05
-2.1656e-05
-9.38057e-06
-9.73085e-06
-1.01443e-05
-1.06259e-05
-1.11807e-05
-1.18145e-05
-1.25316e-05
-1.33359e-05
-1.42303e-05
-1.52161e-05
-1.62951e-05
-1.74646e-05
-1.87304e-05
-2.00894e-05
-2.15449e-05
-1.10134e-05
-1.13301e-05
-1.16987e-05
-1.21214e-05
-1.26026e-05
-1.31476e-05
-1.37604e-05
-1.44453e-05
-1.52061e-05
-1.60457e-05
-1.69677e-05
-1.79715e-05
-1.90624e-05
-2.02381e-05
-2.14977e-05
-1.27192e-05
-1.30071e-05
-1.33331e-05
-1.37039e-05
-1.4122e-05
-1.45892e-05
-1.51081e-05
-1.56826e-05
-1.63164e-05
-1.70129e-05
-1.77753e-05
-1.8606e-05
-1.95064e-05
-2.0481e-05
-2.1523e-05
-1.42599e-05
-1.45394e-05
-1.48481e-05
-1.51867e-05
-1.55579e-05
-1.59641e-05
-1.64077e-05
-1.6891e-05
-1.74166e-05
-1.79874e-05
-1.8606e-05
-1.92746e-05
-1.99952e-05
-2.07701e-05
-2.15974e-05
-1.55103e-05
-1.57887e-05
-1.60863e-05
-1.6405e-05
-1.67453e-05
-1.71083e-05
-1.74956e-05
-1.79091e-05
-1.83504e-05
-1.88216e-05
-1.93245e-05
-1.98612e-05
-2.04331e-05
-2.10421e-05
-2.16886e-05
-1.64253e-05
-1.67019e-05
-1.69908e-05
-1.72929e-05
-1.76084e-05
-1.79379e-05
-1.82826e-05
-1.86438e-05
-1.90225e-05
-1.94202e-05
-1.98381e-05
-2.02779e-05
-2.0741e-05
-2.12293e-05
-2.17446e-05
-1.70687e-05
-1.7346e-05
-1.76297e-05
-1.79202e-05
-1.82179e-05
-1.85234e-05
-1.88375e-05
-1.91609e-05
-1.94944e-05
-1.98389e-05
-2.01956e-05
-2.05659e-05
-2.09512e-05
-2.13535e-05
-2.17746e-05
-1.75073e-05
-1.77862e-05
-1.80668e-05
-1.83496e-05
-1.86351e-05
-1.89235e-05
-1.92156e-05
-1.95118e-05
-1.98128e-05
-2.01194e-05
-2.04328e-05
-2.0754e-05
-2.10846e-05
-2.14267e-05
-2.17821e-05
-1.7794e-05
-1.80748e-05
-1.8354e-05
-1.86318e-05
-1.89089e-05
-1.91855e-05
-1.94621e-05
-1.97392e-05
-2.00175e-05
-2.02978e-05
-2.0581e-05
-2.08685e-05
-2.11617e-05
-2.14626e-05
-2.17732e-05
-1.79723e-05
-1.82553e-05
-1.85341e-05
-1.88092e-05
-1.9081e-05
-1.93498e-05
-1.96161e-05
-1.98804e-05
-2.01434e-05
-2.04059e-05
-2.06689e-05
-2.09336e-05
-2.12017e-05
-2.14751e-05
-2.17557e-05
-1.80769e-05
-1.83623e-05
-1.86419e-05
-1.89159e-05
-1.91848e-05
-1.94489e-05
-1.97088e-05
-1.99648e-05
-2.02179e-05
-2.04687e-05
-2.07184e-05
-2.09682e-05
-2.12196e-05
-2.14746e-05
-2.1735e-05
-1.81338e-05
-1.8422e-05
-1.8703e-05
-1.89772e-05
-1.92449e-05
-1.95065e-05
-1.97626e-05
-2.00136e-05
-2.02605e-05
-2.05038e-05
-2.07449e-05
-2.09848e-05
-2.12252e-05
-2.1468e-05
-2.17146e-05
-1.81616e-05
-1.84527e-05
-1.87356e-05
-1.90106e-05
-1.92783e-05
-1.95389e-05
-1.9793e-05
-2.00411e-05
-2.02842e-05
-2.05229e-05
-2.07584e-05
-2.09919e-05
-2.1225e-05
-2.14592e-05
-2.16964e-05
-1.81727e-05
-1.84666e-05
-1.87515e-05
-1.90279e-05
-1.92962e-05
-1.95566e-05
-1.98099e-05
-2.00565e-05
-2.02973e-05
-2.05331e-05
-2.07651e-05
-2.09943e-05
-2.12223e-05
-2.14505e-05
-2.16808e-05
-1.8175e-05
-1.84715e-05
-1.87585e-05
-1.90364e-05
-1.93056e-05
-1.95664e-05
-1.98195e-05
-2.00653e-05
-2.03049e-05
-2.05388e-05
-2.07684e-05
-2.09946e-05
-2.12189e-05
-2.14428e-05
-2.16678e-05
-1.81732e-05
-1.84722e-05
-1.87612e-05
-1.90406e-05
-1.93108e-05
-1.95722e-05
-1.98254e-05
-2.00709e-05
-2.03097e-05
-2.05424e-05
-2.07703e-05
-2.09943e-05
-2.12158e-05
-2.14361e-05
-2.16569e-05
-1.817e-05
-1.84713e-05
-1.87621e-05
-1.90429e-05
-1.93141e-05
-1.95762e-05
-1.98296e-05
-2.0075e-05
-2.03133e-05
-2.05452e-05
-2.07717e-05
-2.09939e-05
-2.12132e-05
-2.14306e-05
-2.16479e-05
-1.81669e-05
-1.84701e-05
-1.87625e-05
-1.90446e-05
-1.93168e-05
-1.95795e-05
-1.98332e-05
-2.00786e-05
-2.03165e-05
-2.05476e-05
-2.07731e-05
-2.09939e-05
-2.12112e-05
-2.14261e-05
-2.16403e-05
-1.81644e-05
-1.84694e-05
-1.87632e-05
-1.90465e-05
-1.93195e-05
-1.95827e-05
-1.98366e-05
-2.0082e-05
-2.03196e-05
-2.05501e-05
-2.07747e-05
-2.09941e-05
-2.12097e-05
-2.14224e-05
-2.16339e-05
-1.81628e-05
-1.84693e-05
-1.87643e-05
-1.90486e-05
-1.93223e-05
-1.95859e-05
-1.98401e-05
-2.00855e-05
-2.03227e-05
-2.05527e-05
-2.07764e-05
-2.09947e-05
-2.12087e-05
-2.14195e-05
-2.16284e-05
-1.8162e-05
-1.84698e-05
-1.87659e-05
-1.9051e-05
-1.93253e-05
-1.95894e-05
-1.98437e-05
-2.0089e-05
-2.03259e-05
-2.05554e-05
-2.07783e-05
-2.09955e-05
-2.12081e-05
-2.14171e-05
-2.16237e-05
-1.81619e-05
-1.84709e-05
-1.87681e-05
-1.90539e-05
-1.93288e-05
-1.95932e-05
-1.98476e-05
-2.00928e-05
-2.03294e-05
-2.05583e-05
-2.07804e-05
-2.09965e-05
-2.12078e-05
-2.1415e-05
-2.16195e-05
-1.81624e-05
-1.84725e-05
-1.87705e-05
-1.90571e-05
-1.93324e-05
-1.95971e-05
-1.98516e-05
-2.00966e-05
-2.03329e-05
-2.05612e-05
-2.07826e-05
-2.09977e-05
-2.12077e-05
-2.14133e-05
-2.16157e-05
-8.66348e-06
-8.66505e-06
-8.67588e-06
-8.69488e-06
-8.72111e-06
-8.75326e-06
-8.79128e-06
-8.83494e-06
-8.88403e-06
-8.9384e-06
-8.99794e-06
-9.06251e-06
-9.13198e-06
-9.20612e-06
-9.28462e-06
-9.36695e-06
-9.45241e-06
-9.53993e-06
-9.62801e-06
-9.71446e-06
-9.79634e-06
-9.8699e-06
-9.92774e-06
-9.96119e-06
-9.96369e-06
-9.92942e-06
-9.85322e-06
-9.73178e-06
-9.56495e-06
-9.35595e-06
-9.10648e-06
-8.82308e-06
-8.52535e-06
-8.23095e-06
-7.9577e-06
-7.72207e-06
-7.53806e-06
-7.415e-06
-7.35473e-06
-7.35106e-06
-7.39074e-06
-7.45584e-06
-7.52704e-06
-7.58388e-06
-7.61114e-06
-8.64743e-06
-8.64961e-06
-8.65864e-06
-8.67368e-06
-8.6941e-06
-8.72029e-06
-8.7517e-06
-8.78817e-06
-8.82964e-06
-8.87608e-06
-8.92746e-06
-8.98378e-06
-9.04496e-06
-9.11092e-06
-9.18148e-06
-9.25637e-06
-9.33513e-06
-9.41701e-06
-9.5008e-06
-9.58461e-06
-9.66566e-06
-9.73987e-06
-9.79904e-06
-9.83447e-06
-9.84021e-06
-9.81105e-06
-9.74259e-06
-9.63208e-06
-9.47889e-06
-9.28466e-06
-9.05496e-06
-8.80317e-06
-8.54129e-06
-8.2821e-06
-8.04132e-06
-7.83511e-06
-7.67608e-06
-7.57054e-06
-7.51798e-06
-7.51142e-06
-7.53896e-06
-7.58622e-06
-7.63904e-06
-7.68652e-06
-7.72144e-06
-8.61466e-06
-8.61912e-06
-8.62867e-06
-8.64314e-06
-8.66236e-06
-8.68629e-06
-8.71486e-06
-8.74809e-06
-8.78601e-06
-8.82867e-06
-8.87617e-06
-8.9286e-06
-8.98607e-06
-9.04868e-06
-9.11654e-06
-9.18974e-06
-9.26835e-06
-9.35233e-06
-9.44142e-06
-9.53489e-06
-9.63132e-06
-9.72775e-06
-9.81517e-06
-9.88236e-06
-9.92107e-06
-9.92371e-06
-9.88357e-06
-9.79599e-06
-9.65928e-06
-9.47504e-06
-9.2483e-06
-8.99064e-06
-8.71659e-06
-8.44244e-06
-8.18582e-06
-7.96353e-06
-7.78903e-06
-7.67009e-06
-7.60754e-06
-7.59539e-06
-7.62222e-06
-7.67351e-06
-7.73461e-06
-7.79602e-06
-7.85656e-06
-8.57041e-06
-8.57758e-06
-8.58813e-06
-8.60246e-06
-8.62078e-06
-8.64314e-06
-8.66964e-06
-8.70044e-06
-8.73573e-06
-8.77569e-06
-8.82058e-06
-8.87067e-06
-8.92628e-06
-8.98785e-06
-9.05588e-06
-9.13105e-06
-9.21424e-06
-9.30655e-06
-9.40925e-06
-9.52361e-06
-9.65048e-06
-9.7889e-06
-9.92809e-06
-1.00515e-05
-1.0146e-05
-1.01998e-05
-1.02022e-05
-1.01462e-05
-1.00293e-05
-9.85345e-06
-9.6246e-06
-9.35362e-06
-9.05617e-06
-8.75053e-06
-8.45674e-06
-8.19455e-06
-7.98085e-06
-7.82709e-06
-7.73739e-06
-7.70802e-06
-7.72832e-06
-7.78285e-06
-7.85471e-06
-7.93339e-06
-8.01942e-06
-8.5193e-06
-8.52926e-06
-8.54106e-06
-8.55561e-06
-8.5735e-06
-8.5949e-06
-8.62004e-06
-8.64923e-06
-8.6828e-06
-8.72111e-06
-8.76459e-06
-8.81372e-06
-8.86913e-06
-8.93161e-06
-9.00222e-06
-9.0824e-06
-9.17412e-06
-9.28004e-06
-9.40352e-06
-9.54856e-06
-9.71922e-06
-9.91743e-06
-1.01298e-05
-1.03313e-05
-1.05016e-05
-1.06226e-05
-1.06789e-05
-1.06631e-05
-1.05726e-05
-1.04094e-05
-1.01782e-05
-9.89075e-06
-9.56254e-06
-9.21335e-06
-8.86579e-06
-8.54347e-06
-8.26836e-06
-8.05776e-06
-7.92133e-06
-7.85934e-06
-7.86276e-06
-7.91491e-06
-7.99556e-06
-8.09169e-06
-8.20407e-06
-8.46468e-06
-8.47725e-06
-8.4903e-06
-8.50527e-06
-8.52305e-06
-8.54394e-06
-8.56827e-06
-8.5965e-06
-8.62911e-06
-8.66663e-06
-8.70969e-06
-8.75901e-06
-8.81554e-06
-8.8805e-06
-8.95558e-06
-9.04311e-06
-9.14635e-06
-9.26981e-06
-9.4194e-06
-9.60242e-06
-9.82676e-06
-1.0098e-05
-1.03993e-05
-1.06937e-05
-1.09514e-05
-1.11472e-05
-1.12659e-05
-1.12987e-05
-1.1241e-05
-1.10981e-05
-1.08685e-05
-1.05653e-05
-1.02045e-05
-9.80678e-06
-9.3965e-06
-9.0011e-06
-8.64841e-06
-8.36302e-06
-8.16213e-06
-8.05201e-06
-8.0266e-06
-8.0685e-06
-8.1537e-06
-8.26596e-06
-8.40578e-06
-8.40913e-06
-8.42387e-06
-8.43806e-06
-8.45351e-06
-8.47133e-06
-8.49194e-06
-8.51578e-06
-8.54344e-06
-8.57555e-06
-8.61281e-06
-8.65604e-06
-8.70622e-06
-8.76463e-06
-8.83297e-06
-8.91355e-06
-9.00969e-06
-9.12602e-06
-9.26905e-06
-9.44753e-06
-9.67237e-06
-9.95562e-06
-1.03068e-05
-1.07049e-05
-1.10982e-05
-1.14461e-05
-1.17235e-05
-1.19147e-05
-1.20044e-05
-1.19852e-05
-1.1855e-05
-1.16282e-05
-1.13134e-05
-1.09246e-05
-1.04816e-05
-1.00095e-05
-9.53842e-06
-9.10166e-06
-8.73141e-06
-8.45359e-06
-8.28228e-06
-8.2163e-06
-8.23885e-06
-8.32269e-06
-8.44828e-06
-8.61559e-06
-8.35438e-06
-8.37091e-06
-8.38608e-06
-8.40195e-06
-8.41986e-06
-8.44029e-06
-8.46378e-06
-8.49103e-06
-8.52283e-06
-8.56003e-06
-8.60364e-06
-8.65491e-06
-8.71543e-06
-8.78734e-06
-8.87364e-06
-8.97856e-06
-9.10816e-06
-9.27098e-06
-9.47867e-06
-9.74594e-06
-1.00891e-05
-1.05215e-05
-1.10181e-05
-1.1512e-05
-1.19528e-05
-1.23103e-05
-1.25619e-05
-1.26952e-05
-1.27072e-05
-1.25996e-05
-1.2381e-05
-1.20606e-05
-1.16515e-05
-1.11721e-05
-1.06471e-05
-1.01079e-05
-9.59122e-06
-9.13599e-06
-8.77681e-06
-8.5366e-06
-8.42091e-06
-8.41554e-06
-8.4914e-06
-8.6263e-06
-8.81957e-06
-8.30167e-06
-8.31965e-06
-8.3356e-06
-8.35183e-06
-8.36979e-06
-8.39002e-06
-8.41314e-06
-8.43998e-06
-8.47143e-06
-8.5085e-06
-8.55239e-06
-8.60457e-06
-8.66695e-06
-8.7421e-06
-8.83363e-06
-8.9467e-06
-9.08867e-06
-9.27007e-06
-9.50541e-06
-9.81325e-06
-1.02138e-05
-1.0724e-05
-1.13149e-05
-1.19032e-05
-1.24281e-05
-1.28536e-05
-1.31567e-05
-1.33278e-05
-1.33663e-05
-1.32757e-05
-1.30643e-05
-1.27412e-05
-1.23185e-05
-1.18131e-05
-1.12481e-05
-1.06543e-05
-1.00701e-05
-9.53884e-06
-9.10246e-06
-8.79254e-06
-8.62257e-06
-8.58292e-06
-8.64467e-06
-8.78414e-06
-9.00027e-06
-8.25175e-06
-8.27095e-06
-8.28754e-06
-8.30401e-06
-8.32194e-06
-8.34188e-06
-8.36452e-06
-8.39077e-06
-8.42164e-06
-8.45828e-06
-8.50207e-06
-8.55469e-06
-8.61833e-06
-8.69597e-06
-8.79179e-06
-8.91176e-06
-9.06451e-06
-9.26238e-06
-9.5226e-06
-9.8676e-06
-1.03209e-05
-1.09021e-05
-1.15794e-05
-1.22522e-05
-1.2849e-05
-1.33303e-05
-1.36738e-05
-1.38722e-05
-1.39276e-05
-1.38464e-05
-1.36377e-05
-1.33111e-05
-1.28785e-05
-1.2355e-05
-1.1762e-05
-1.11286e-05
-1.04927e-05
-9.89947e-06
-9.3965e-06
-9.02229e-06
-8.79843e-06
-8.72135e-06
-8.76429e-06
-8.90361e-06
-9.13846e-06
-8.20513e-06
-8.2254e-06
-8.24253e-06
-8.25917e-06
-8.27695e-06
-8.29644e-06
-8.31838e-06
-8.34374e-06
-8.37366e-06
-8.4094e-06
-8.4525e-06
-8.50485e-06
-8.5689e-06
-8.64801e-06
-8.74686e-06
-8.87219e-06
-9.03376e-06
-9.24554e-06
-9.52725e-06
-9.9052e-06
-1.04048e-05
-1.10508e-05
-1.1804e-05
-1.25503e-05
-1.32065e-05
-1.37311e-05
-1.41026e-05
-1.43167e-05
-1.43785e-05
-1.42977e-05
-1.40849e-05
-1.37512e-05
-1.33083e-05
-1.27707e-05
-1.21579e-05
-1.14969e-05
-1.08237e-05
-1.01831e-05
-9.62714e-06
-9.1977e-06
-8.92398e-06
-8.80934e-06
-8.83063e-06
-8.96571e-06
-9.21484e-06
-8.16215e-06
-8.18348e-06
-8.20109e-06
-8.21781e-06
-8.23532e-06
-8.25415e-06
-8.2751e-06
-8.29919e-06
-8.32765e-06
-8.36188e-06
-8.40357e-06
-8.45478e-06
-8.51824e-06
-8.59763e-06
-8.69812e-06
-8.82715e-06
-8.99548e-06
-9.21857e-06
-9.51813e-06
-9.92389e-06
-1.04642e-05
-1.11688e-05
-1.19883e-05
-1.27963e-05
-1.35002e-05
-1.40564e-05
-1.44448e-05
-1.4664e-05
-1.47226e-05
-1.46332e-05
-1.44089e-05
-1.40622e-05
-1.36059e-05
-1.3054e-05
-1.24247e-05
-1.17431e-05
-1.10424e-05
-1.03653e-05
-9.76933e-06
-9.29444e-06
-8.97636e-06
-8.82591e-06
-8.82435e-06
-8.95206e-06
-9.21141e-06
-8.12311e-06
-8.14556e-06
-8.16366e-06
-8.1804e-06
-8.19749e-06
-8.21543e-06
-8.23503e-06
-8.25738e-06
-8.2838e-06
-8.31581e-06
-8.35524e-06
-8.40436e-06
-8.46613e-06
-8.54457e-06
-8.64529e-06
-8.77636e-06
-8.94949e-06
-9.18152e-06
-9.49589e-06
-9.92377e-06
-1.05015e-05
-1.12572e-05
-1.21344e-05
-1.29938e-05
-1.37353e-05
-1.43135e-05
-1.47097e-05
-1.49253e-05
-1.49724e-05
-1.48666e-05
-1.46234e-05
-1.42573e-05
-1.37821e-05
-1.32124e-05
-1.25656e-05
-1.18651e-05
-1.1142e-05
-1.04346e-05
-9.80432e-06
-9.29309e-06
-8.93618e-06
-8.75247e-06
-8.72796e-06
-8.8461e-06
-9.11241e-06
-8.08831e-06
-8.11205e-06
-8.13067e-06
-8.14739e-06
-8.1639e-06
-8.18068e-06
-8.19852e-06
-8.2186e-06
-8.24232e-06
-8.27132e-06
-8.30759e-06
-8.35361e-06
-8.41257e-06
-8.48882e-06
-8.58841e-06
-8.72001e-06
-8.89619e-06
-9.13509e-06
-9.46184e-06
-9.90896e-06
-1.05193e-05
-1.13183e-05
-1.22462e-05
-1.31491e-05
-1.39203e-05
-1.45129e-05
-1.49098e-05
-1.51152e-05
-1.51443e-05
-1.50154e-05
-1.47466e-05
-1.43544e-05
-1.38539e-05
-1.32603e-05
-1.25912e-05
-1.18687e-05
-1.11227e-05
-1.03897e-05
-9.72412e-06
-9.17948e-06
-8.78848e-06
-8.57402e-06
-8.52684e-06
-8.63383e-06
-8.90468e-06
-8.05813e-06
-8.08338e-06
-8.10261e-06
-8.11924e-06
-8.13501e-06
-8.15031e-06
-8.16595e-06
-8.18316e-06
-8.20345e-06
-8.22861e-06
-8.26078e-06
-8.30266e-06
-8.35771e-06
-8.43059e-06
-8.52779e-06
-8.65857e-06
-8.83632e-06
-9.08035e-06
-9.41758e-06
-9.88252e-06
-1.05198e-05
-1.13567e-05
-1.23297e-05
-1.32698e-05
-1.40644e-05
-1.46658e-05
-1.50583e-05
-1.52486e-05
-1.52547e-05
-1.50974e-05
-1.47971e-05
-1.4372e-05
-1.3839e-05
-1.32142e-05
-1.25152e-05
-1.1764e-05
-1.09896e-05
-1.02285e-05
-9.52685e-06
-8.94814e-06
-8.52419e-06
-8.27966e-06
-8.20956e-06
-8.30398e-06
-8.57769e-06
-8.03302e-06
-8.06005e-06
-8.07999e-06
-8.09648e-06
-8.1113e-06
-8.12475e-06
-8.13767e-06
-8.15137e-06
-8.16745e-06
-8.18788e-06
-8.21501e-06
-8.25173e-06
-8.3018e-06
-8.37022e-06
-8.46391e-06
-8.59272e-06
-8.77083e-06
-9.01863e-06
-9.36468e-06
-9.84552e-06
-1.05064e-05
-1.13776e-05
-1.23911e-05
-1.33633e-05
-1.41767e-05
-1.47828e-05
-1.51672e-05
-1.53389e-05
-1.53181e-05
-1.5128e-05
-1.47908e-05
-1.43266e-05
-1.37535e-05
-1.30889e-05
-1.23511e-05
-1.15618e-05
-1.07502e-05
-9.95357e-06
-9.2134e-06
-8.59539e-06
-8.13722e-06
-7.86149e-06
-7.76752e-06
-7.8478e-06
-8.12318e-06
-8.01351e-06
-8.04264e-06
-8.0634e-06
-8.07968e-06
-8.09329e-06
-8.10448e-06
-8.11409e-06
-8.12353e-06
-8.13457e-06
-8.14936e-06
-8.17047e-06
-8.20106e-06
-8.24517e-06
-8.30815e-06
-8.39738e-06
-8.52326e-06
-8.70077e-06
-8.95132e-06
-9.30493e-06
-9.79997e-06
-1.04827e-05
-1.13858e-05
-1.24355e-05
-1.34358e-05
-1.42648e-05
-1.48729e-05
-1.52467e-05
-1.53972e-05
-1.53466e-05
-1.51199e-05
-1.47409e-05
-1.42313e-05
-1.36105e-05
-1.28969e-05
-1.21098e-05
-1.12718e-05
-1.04123e-05
-9.56935e-06
-8.78523e-06
-8.12167e-06
-7.62312e-06
-7.31392e-06
-7.19468e-06
-7.25885e-06
-7.53509e-06
-8.00025e-06
-8.03182e-06
-8.0535e-06
-8.06947e-06
-8.08156e-06
-8.08996e-06
-8.09556e-06
-8.09992e-06
-8.10501e-06
-8.11321e-06
-8.12736e-06
-8.15088e-06
-8.18814e-06
-8.24485e-06
-8.32882e-06
-8.45105e-06
-8.62724e-06
-8.87982e-06
-9.24012e-06
-9.74824e-06
-1.04516e-05
-1.13843e-05
-1.24672e-05
-1.34932e-05
-1.43354e-05
-1.49434e-05
-1.53049e-05
-1.54323e-05
-1.53495e-05
-1.50828e-05
-1.46574e-05
-1.40962e-05
-1.34198e-05
-1.26477e-05
-1.18006e-05
-1.09021e-05
-9.98256e-06
-9.08066e-06
-8.24398e-06
-7.52831e-06
-6.98156e-06
-6.63402e-06
-6.48725e-06
-6.53249e-06
-6.80945e-06
-7.99395e-06
-8.02835e-06
-8.05107e-06
-8.06653e-06
-8.07668e-06
-8.08166e-06
-8.08243e-06
-8.08076e-06
-8.0789e-06
-8.07954e-06
-8.08579e-06
-8.10136e-06
-8.131e-06
-8.18075e-06
-8.25886e-06
-8.3769e-06
-8.5513e-06
-8.80544e-06
-9.17192e-06
-9.69237e-06
-1.04153e-05
-1.13761e-05
-1.24902e-05
-1.354e-05
-1.43935e-05
-1.50001e-05
-1.53478e-05
-1.54507e-05
-1.53334e-05
-1.50236e-05
-1.45475e-05
-1.39286e-05
-1.31887e-05
-1.23486e-05
-1.14302e-05
-1.0459e-05
-9.46666e-06
-8.49391e-06
-7.59101e-06
-6.81414e-06
-6.21491e-06
-5.82148e-06
-5.64356e-06
-5.66541e-06
-5.94385e-06
-7.99547e-06
-8.03312e-06
-8.05693e-06
-8.07162e-06
-8.07928e-06
-8.08001e-06
-8.07497e-06
-8.0662e-06
-8.05631e-06
-8.04834e-06
-8.04579e-06
-8.05262e-06
-8.07397e-06
-8.11625e-06
-8.18808e-06
-8.30159e-06
-8.47393e-06
-8.72938e-06
-9.10173e-06
-9.63408e-06
-1.0376e-05
-1.13637e-05
-1.25074e-05
-1.35793e-05
-1.44429e-05
-1.50469e-05
-1.53799e-05
-1.54568e-05
-1.53032e-05
-1.49473e-05
-1.4416e-05
-1.37336e-05
-1.29225e-05
-1.20048e-05
-1.1004e-05
-9.94743e-06
-8.86932e-06
-7.81277e-06
-6.83076e-06
-5.98219e-06
-5.32253e-06
-4.87782e-06
-4.66393e-06
-4.65787e-06
-4.93471e-06
-8.00579e-06
-8.04713e-06
-8.07204e-06
-8.08555e-06
-8.08997e-06
-8.08545e-06
-8.07339e-06
-8.05627e-06
-8.03714e-06
-8.01951e-06
-8.00726e-06
-8.0047e-06
-8.01722e-06
-8.05165e-06
-8.11696e-06
-8.2258e-06
-8.39599e-06
-8.65269e-06
-9.03079e-06
-9.57476e-06
-1.03351e-05
-1.13489e-05
-1.25209e-05
-1.36135e-05
-1.44861e-05
-1.50866e-05
-1.5404e-05
-1.54537e-05
-1.52618e-05
-1.4857e-05
-1.42664e-05
-1.35146e-05
-1.26249e-05
-1.16204e-05
-1.05262e-05
-9.3722e-06
-8.19525e-06
-7.04169e-06
-5.96783e-06
-5.03647e-06
-4.3064e-06
-3.80456e-06
-3.54591e-06
-3.51812e-06
-3.77871e-06
-8.02603e-06
-8.07154e-06
-8.09747e-06
-8.10922e-06
-8.1094e-06
-8.09832e-06
-8.07782e-06
-8.05091e-06
-8.02123e-06
-7.99286e-06
-7.97002e-06
-7.95747e-06
-7.96082e-06
-7.98718e-06
-8.04592e-06
-8.15012e-06
-8.31824e-06
-8.57626e-06
-8.9601e-06
-9.51556e-06
-1.0294e-05
-1.1333e-05
-1.25321e-05
-1.36443e-05
-1.45249e-05
-1.51211e-05
-1.5422e-05
-1.54432e-05
-1.52112e-05
-1.47547e-05
-1.41008e-05
-1.32743e-05
-1.2299e-05
-1.11989e-05
-1.00011e-05
-8.73802e-06
-7.44965e-06
-6.18615e-06
-5.0078e-06
-3.98137e-06
-3.17099e-06
-2.60678e-06
-2.29858e-06
-2.24398e-06
-2.4776e-06
-8.05755e-06
-8.10774e-06
-8.13446e-06
-8.14356e-06
-8.13818e-06
-8.11891e-06
-8.08824e-06
-8.04991e-06
-8.00829e-06
-7.96805e-06
-7.93382e-06
-7.91078e-06
-7.90473e-06
-7.92299e-06
-7.97525e-06
-8.07502e-06
-8.24129e-06
-8.50081e-06
-8.8905e-06
-9.45738e-06
-1.02536e-05
-1.13171e-05
-1.25422e-05
-1.36728e-05
-1.45605e-05
-1.51514e-05
-1.54348e-05
-1.54263e-05
-1.51524e-05
-1.46416e-05
-1.39208e-05
-1.30147e-05
-1.19474e-05
-1.07439e-05
-9.43324e-06
-8.05027e-06
-6.63866e-06
-5.2527e-06
-3.95724e-06
-2.82371e-06
-1.92362e-06
-1.28988e-06
-9.27608e-07
-8.42537e-07
-1.03867e-06
-8.10198e-06
-8.15734e-06
-8.18438e-06
-8.18962e-06
-8.1769e-06
-8.14742e-06
-8.10451e-06
-8.05289e-06
-7.99789e-06
-7.94465e-06
-7.89836e-06
-7.86444e-06
-7.84888e-06
-7.85916e-06
-7.90522e-06
-8.00089e-06
-8.16564e-06
-8.42695e-06
-8.82263e-06
-9.40088e-06
-1.02145e-05
-1.13017e-05
-1.25517e-05
-1.36996e-05
-1.45932e-05
-1.5178e-05
-1.54428e-05
-1.54035e-05
-1.5086e-05
-1.45186e-05
-1.37276e-05
-1.27377e-05
-1.15729e-05
-1.02593e-05
-8.82758e-06
-7.31531e-06
-5.76975e-06
-4.24958e-06
-2.82458e-06
-1.57155e-06
-5.7132e-07
1.40665e-07
5.65967e-07
6.89819e-07
5.29511e-07
-8.16131e-06
-8.22226e-06
-8.24884e-06
-8.24845e-06
-8.22611e-06
-8.18389e-06
-8.12632e-06
-8.05945e-06
-7.98951e-06
-7.9222e-06
-7.86325e-06
-7.81821e-06
-7.7932e-06
-7.79577e-06
-7.83599e-06
-7.92801e-06
-8.09169e-06
-8.35513e-06
-8.75701e-06
-9.34658e-06
-1.01772e-05
-1.12874e-05
-1.25611e-05
-1.37249e-05
-1.46235e-05
-1.52011e-05
-1.54464e-05
-1.53749e-05
-1.50124e-05
-1.43862e-05
-1.35224e-05
-1.24451e-05
-1.11786e-05
-9.7495e-06
-8.19013e-06
-6.5407e-06
-4.85193e-06
-3.18691e-06
-1.62051e-06
-2.35422e-07
8.77466e-07
1.67657e-06
2.17633e-06
2.35009e-06
2.22821e-06
-8.23801e-06
-8.30482e-06
-8.32962e-06
-8.32118e-06
-8.28622e-06
-8.22818e-06
-8.15325e-06
-8.06902e-06
-7.9825e-06
-7.90019e-06
-7.82811e-06
-7.77189e-06
-7.73763e-06
-7.73287e-06
-7.76775e-06
-7.85665e-06
-8.01975e-06
-8.28571e-06
-8.69399e-06
-9.29483e-06
-1.01421e-05
-1.12744e-05
-1.25705e-05
-1.3749e-05
-1.46513e-05
-1.52208e-05
-1.54455e-05
-1.53407e-05
-1.49317e-05
-1.42453e-05
-1.33066e-05
-1.21394e-05
-1.07678e-05
-9.21941e-06
-7.52769e-06
-5.7352e-06
-3.89584e-06
-2.07684e-06
-3.5833e-07
1.1708e-06
2.41171e-06
3.30655e-06
3.8863e-06
4.12078e-06
4.05362e-06
-8.33513e-06
-8.4078e-06
-8.42875e-06
-8.4089e-06
-8.3575e-06
-8.27997e-06
-8.18474e-06
-8.0808e-06
-7.97621e-06
-7.87812e-06
-7.79262e-06
-7.7253e-06
-7.68214e-06
-7.67054e-06
-7.70066e-06
-7.78701e-06
-7.95009e-06
-8.21897e-06
-8.63384e-06
-9.24588e-06
-1.01093e-05
-1.12628e-05
-1.25799e-05
-1.37718e-05
-1.46766e-05
-1.52368e-05
-1.544e-05
-1.5301e-05
-1.48445e-05
-1.40965e-05
-1.30815e-05
-1.18227e-05
-1.03445e-05
-8.6746e-06
-6.84786e-06
-4.90864e-06
-2.91354e-06
-9.3344e-07
9.46247e-07
2.62946e-06
4.01452e-06
5.02424e-06
5.68581e-06
5.99099e-06
5.98791e-06
-8.45657e-06
-8.53453e-06
-8.54845e-06
-8.51261e-06
-8.43993e-06
-8.33872e-06
-8.21986e-06
-8.09392e-06
-7.97e-06
-7.85552e-06
-7.75651e-06
-7.67836e-06
-7.62676e-06
-7.60892e-06
-7.63489e-06
-7.71932e-06
-7.8829e-06
-8.1551e-06
-8.57675e-06
-9.19988e-06
-1.0079e-05
-1.12526e-05
-1.25894e-05
-1.37932e-05
-1.46994e-05
-1.52492e-05
-1.54299e-05
-1.52559e-05
-1.47511e-05
-1.39408e-05
-1.28488e-05
-1.1498e-05
-9.91259e-06
-8.12097e-06
-6.15874e-06
-4.07166e-06
-1.91826e-06
2.27728e-07
2.2763e-06
4.12412e-06
5.66507e-06
6.81236e-06
7.56521e-06
7.95334e-06
8.02419e-06
-8.60732e-06
-8.68902e-06
-8.69109e-06
-8.63307e-06
-8.5332e-06
-8.40351e-06
-8.25755e-06
-8.10754e-06
-7.96322e-06
-7.83201e-06
-7.71964e-06
-7.63108e-06
-7.57162e-06
-7.54818e-06
-7.57065e-06
-7.65377e-06
-7.81839e-06
-8.09427e-06
-8.52284e-06
-9.15689e-06
-1.00512e-05
-1.12439e-05
-1.25989e-05
-1.38132e-05
-1.47195e-05
-1.5258e-05
-1.54154e-05
-1.52056e-05
-1.4652e-05
-1.37791e-05
-1.26102e-05
-1.11679e-05
-9.47647e-06
-7.56464e-06
-5.46873e-06
-3.2353e-06
-9.23999e-07
1.38982e-06
3.61293e-06
5.63599e-06
7.34533e-06
8.64612e-06
9.50919e-06
9.99384e-06
1.01547e-05
-8.79391e-06
-8.87603e-06
-8.85907e-06
-8.77068e-06
-8.63653e-06
-8.47303e-06
-8.29659e-06
-8.12071e-06
-7.95528e-06
-7.80732e-06
-7.68196e-06
-7.58357e-06
-7.51692e-06
-7.48855e-06
-7.50818e-06
-7.59056e-06
-7.7567e-06
-8.03658e-06
-8.47216e-06
-9.11694e-06
-1.00257e-05
-1.12365e-05
-1.26083e-05
-1.38317e-05
-1.47369e-05
-1.52632e-05
-1.53965e-05
-1.51505e-05
-1.4548e-05
-1.36128e-05
-1.23678e-05
-1.08355e-05
-9.04035e-06
-7.01165e-06
-4.78612e-06
-2.41067e-06
5.495e-08
2.5351e-06
4.93515e-06
7.14146e-06
9.03193e-06
1.05018e-05
1.15005e-05
1.20975e-05
1.23699e-05
-9.02511e-06
-9.10113e-06
-9.05458e-06
-8.92539e-06
-8.74841e-06
-8.54564e-06
-8.33562e-06
-8.13252e-06
-7.9457e-06
-7.7813e-06
-7.64357e-06
-7.53604e-06
-7.46292e-06
-7.43033e-06
-7.44772e-06
-7.52991e-06
-7.698e-06
-7.98212e-06
-8.42474e-06
-9.07999e-06
-1.00027e-05
-1.12304e-05
-1.26176e-05
-1.38486e-05
-1.47516e-05
-1.52647e-05
-1.53735e-05
-1.50911e-05
-1.44397e-05
-1.3443e-05
-1.21233e-05
-1.05035e-05
-8.60835e-06
-6.46774e-06
-4.11882e-06
-1.6084e-06
1.00452e-06
3.64556e-06
6.22079e-06
8.61463e-06
1.06973e-05
1.23531e-05
1.35161e-05
1.42479e-05
1.46616e-05
-9.31302e-06
-9.37062e-06
-9.27906e-06
-9.09577e-06
-8.86699e-06
-8.61933e-06
-8.3732e-06
-8.14213e-06
-7.93415e-06
-7.75398e-06
-7.60466e-06
-7.48881e-06
-7.40997e-06
-7.37381e-06
-7.38954e-06
-7.472e-06
-7.6424e-06
-7.93095e-06
-8.38058e-06
-9.046e-06
-9.98196e-06
-1.12255e-05
-1.26266e-05
-1.3864e-05
-1.47637e-05
-1.52629e-05
-1.53466e-05
-1.50278e-05
-1.43282e-05
-1.3271e-05
-1.18788e-05
-1.01747e-05
-8.18427e-06
-5.93818e-06
-3.47403e-06
-8.38314e-07
1.91146e-06
4.70359e-06
7.44722e-06
1.00281e-05
1.23116e-05
1.41708e-05
1.5524e-05
1.64239e-05
1.70234e-05
-9.67465e-06
-9.69141e-06
-9.53325e-06
-9.27989e-06
-8.98903e-06
-8.69177e-06
-8.40788e-06
-8.14886e-06
-7.92047e-06
-7.72551e-06
-7.56557e-06
-7.44227e-06
-7.35844e-06
-7.31934e-06
-7.33391e-06
-7.41703e-06
-7.59001e-06
-7.88311e-06
-8.33964e-06
-9.01486e-06
-9.96338e-06
-1.12217e-05
-1.26353e-05
-1.38778e-05
-1.47732e-05
-1.52579e-05
-1.53163e-05
-1.49612e-05
-1.42141e-05
-1.30981e-05
-1.1636e-05
-9.85153e-06
-7.77148e-06
-5.42753e-06
-2.85797e-06
-1.08933e-07
2.76397e-06
5.69286e-06
8.59225e-06
1.13529e-05
1.38403e-05
1.59197e-05
1.74881e-05
1.85971e-05
1.945e-05
-1.01342e-05
-1.00702e-05
-9.81496e-06
-9.47397e-06
-9.11099e-06
-8.7605e-06
-8.43837e-06
-8.15226e-06
-7.90473e-06
-7.69621e-06
-7.52672e-06
-7.39683e-06
-7.30872e-06
-7.26722e-06
-7.28105e-06
-7.36515e-06
-7.54091e-06
-7.83858e-06
-8.30187e-06
-8.98648e-06
-9.94685e-06
-1.12188e-05
-1.26436e-05
-1.389e-05
-1.47803e-05
-1.52499e-05
-1.5283e-05
-1.4892e-05
-1.40985e-05
-1.29255e-05
-1.13965e-05
-9.53622e-06
-7.37286e-06
-4.93958e-06
-2.27568e-06
5.72794e-07
3.55216e-06
6.59902e-06
9.63507e-06
1.256e-05
1.52451e-05
1.7555e-05
1.9365e-05
2.07301e-05
2.19394e-05
-1.07256e-05
-1.05089e-05
-1.01213e-05
-9.67183e-06
-9.22842e-06
-8.82306e-06
-8.46364e-06
-8.15217e-06
-7.88719e-06
-7.66654e-06
-7.4886e-06
-7.35295e-06
-7.26118e-06
-7.21776e-06
-7.2312e-06
-7.3165e-06
-7.49515e-06
-7.79735e-06
-8.26717e-06
-8.96074e-06
-9.93223e-06
-1.12167e-05
-1.26515e-05
-1.39007e-05
-1.4785e-05
-1.52392e-05
-1.5247e-05
-1.48208e-05
-1.39821e-05
-1.27544e-05
-1.11619e-05
-9.23069e-06
-6.99085e-06
-4.4774e-06
-1.73114e-06
1.20148e-06
4.26828e-06
7.41026e-06
1.05573e-05
1.3621e-05
1.64846e-05
1.90232e-05
2.10948e-05
2.27685e-05
2.44896e-05
-1.14951e-05
-1.10023e-05
-1.04402e-05
-9.86548e-06
-9.33634e-06
-8.87711e-06
-8.48297e-06
-8.14865e-06
-7.86827e-06
-7.63699e-06
-7.45169e-06
-7.31105e-06
-7.21616e-06
-7.17121e-06
-7.1845e-06
-7.27114e-06
-7.45273e-06
-7.75938e-06
-8.23548e-06
-8.93753e-06
-9.91941e-06
-1.12154e-05
-1.26589e-05
-1.39099e-05
-1.47876e-05
-1.52261e-05
-1.52087e-05
-1.47481e-05
-1.38658e-05
-1.25858e-05
-1.09335e-05
-8.9367e-06
-6.62758e-06
-4.04359e-06
-1.22757e-06
1.77291e-06
4.90632e-06
8.11714e-06
1.1343e-05
1.4509e-05
1.75158e-05
2.02611e-05
2.25957e-05
2.4623e-05
2.70782e-05
-1.24865e-05
-1.15391e-05
-1.07546e-05
-1.00446e-05
-9.42961e-06
-8.92071e-06
-8.49604e-06
-8.14205e-06
-7.84848e-06
-7.60807e-06
-7.41642e-06
-7.27146e-06
-7.17391e-06
-7.12771e-06
-7.14104e-06
-7.2291e-06
-7.41362e-06
-7.72458e-06
-8.20665e-06
-8.91671e-06
-9.90825e-06
-1.12148e-05
-1.26658e-05
-1.39176e-05
-1.4788e-05
-1.52107e-05
-1.51685e-05
-1.46743e-05
-1.37501e-05
-1.24205e-05
-1.07122e-05
-8.65512e-06
-6.28407e-06
-3.63931e-06
-7.66361e-07
2.28522e-06
5.46328e-06
8.71409e-06
1.1981e-05
1.52016e-05
1.82961e-05
2.11968e-05
2.37606e-05
2.61552e-05
2.96487e-05
-1.3792e-05
-1.21023e-05
-1.10408e-05
-1.01983e-05
-9.50482e-06
-8.95376e-06
-8.50398e-06
-8.13371e-06
-7.82904e-06
-7.58079e-06
-7.38355e-06
-7.23474e-06
-7.13478e-06
-7.08747e-06
-7.10086e-06
-7.1903e-06
-7.37762e-06
-7.69265e-06
-8.18035e-06
-8.89792e-06
-9.89847e-06
-1.12146e-05
-1.26724e-05
-1.39242e-05
-1.4787e-05
-1.51936e-05
-1.51268e-05
-1.45998e-05
-1.36349e-05
-1.22578e-05
-1.04968e-05
-8.38412e-06
-5.95752e-06
-3.26063e-06
-3.42367e-07
2.74471e-06
5.94626e-06
9.20792e-06
1.24752e-05
1.56931e-05
1.87984e-05
2.17616e-05
2.44618e-05
2.72081e-05
3.22126e-05
-1.55186e-05
-1.26551e-05
-1.1264e-05
-1.03161e-05
-9.56294e-06
-8.97991e-06
-8.51057e-06
-8.12688e-06
-7.81254e-06
-7.55712e-06
-7.35458e-06
-7.202e-06
-7.09959e-06
-7.05107e-06
-7.06435e-06
-7.15492e-06
-7.34472e-06
-7.66341e-06
-8.15622e-06
-8.88068e-06
-9.8896e-06
-1.12149e-05
-1.2679e-05
-1.39309e-05
-1.47861e-05
-1.5177e-05
-1.50862e-05
-1.45269e-05
-1.35224e-05
-1.20992e-05
-1.02876e-05
-8.12224e-06
-5.64431e-06
-2.90119e-06
5.41799e-08
3.16519e-06
6.37367e-06
9.62186e-06
1.28527e-05
1.601e-05
1.90341e-05
2.19141e-05
2.45432e-05
2.75992e-05
3.47606e-05
-1.69648e-05
-1.2987e-05
-1.13616e-05
-1.03776e-05
-9.59863e-06
-8.99681e-06
-8.51399e-06
-8.11988e-06
-7.79744e-06
-7.53576e-06
-7.32851e-06
-7.17255e-06
-7.068e-06
-7.01849e-06
-7.03185e-06
-7.12363e-06
-7.31591e-06
-7.63809e-06
-8.13559e-06
-8.86621e-06
-9.88243e-06
-1.12154e-05
-1.26848e-05
-1.39364e-05
-1.47847e-05
-1.51614e-05
-1.50488e-05
-1.44607e-05
-1.34209e-05
-1.1957e-05
-1.0101e-05
-7.89048e-06
-5.36966e-06
-2.58986e-06
3.91724e-07
3.5139e-06
6.71354e-06
9.92714e-06
1.30904e-05
1.61363e-05
1.89868e-05
2.15967e-05
2.37532e-05
2.6232e-05
3.35582e-05
)
;

boundaryField
{
    inlet
    {
        type            uniformJump;
        patchType       cyclic;
        jump            uniform -2.5e-05;
        value           nonuniform List<scalar> 
40
(
1.05412e-06
1.07253e-06
1.0922e-06
1.11241e-06
1.1348e-06
1.16083e-06
1.1925e-06
1.23311e-06
1.28733e-06
1.36066e-06
1.45813e-06
1.58316e-06
1.73745e-06
1.91881e-06
2.11836e-06
2.32785e-06
2.53398e-06
2.7213e-06
2.86256e-06
2.95046e-06
2.9863e-06
2.98683e-06
2.99685e-06
3.01431e-06
3.03993e-06
3.07115e-06
3.10381e-06
3.13468e-06
3.16196e-06
3.18508e-06
3.20424e-06
3.22005e-06
3.23316e-06
3.24414e-06
3.25344e-06
3.26138e-06
3.2682e-06
3.27413e-06
3.2796e-06
3.28449e-06
)
;
        jumpTable       table;
        jumpTableCoeffs
        {
            values          
4
(
(0 -2.5e-05)
(25 -2.5e-05)
(25.5 -0.0001)
(26 -2.5e-05)
)
;
        }
    }
    outlet
    {
        type            uniformJump;
        patchType       cyclic;
        value           nonuniform List<scalar> 
40
(
-2.39459e-05
-2.39275e-05
-2.39078e-05
-2.38876e-05
-2.38652e-05
-2.38392e-05
-2.38075e-05
-2.37669e-05
-2.37127e-05
-2.36393e-05
-2.35419e-05
-2.34168e-05
-2.32625e-05
-2.30812e-05
-2.28816e-05
-2.26722e-05
-2.2466e-05
-2.22787e-05
-2.21374e-05
-2.20495e-05
-2.20137e-05
-2.20132e-05
-2.20032e-05
-2.19857e-05
-2.19601e-05
-2.19288e-05
-2.18962e-05
-2.18653e-05
-2.1838e-05
-2.18149e-05
-2.17958e-05
-2.17799e-05
-2.17668e-05
-2.17559e-05
-2.17466e-05
-2.17386e-05
-2.17318e-05
-2.17259e-05
-2.17204e-05
-2.17155e-05
)
;
    }
    Walls
    {
        type            zeroGradient;
    }
    back
    {
        type            empty;
    }
    front
    {
        type            empty;
    }
}


// ************************************************************************* //
