/*--------------------------------*- C++ -*----------------------------------*\
| =========                 |                                                 |
| \\      /  F ield         | OpenFOAM: The Open Source CFD Toolbox           |
|  \\    /   O peration     | Version:  2312                                  |
|   \\  /    A nd           | Website:  www.openfoam.com                      |
|    \\/     M anipulation  |                                                 |
\*---------------------------------------------------------------------------*/
FoamFile
{
    version     2.0;
    format      ascii;
    arch        "LSB;label=32;scalar=64";
    class       volScalarField;
    location    "110";
    object      p;
}
// * * * * * * * * * * * * * * * * * * * * * * * * * * * * * * * * * * * * * //

dimensions      [0 2 -2 0 0 0 0];

internalField   nonuniform List<scalar> 
4800
(
1.27515e-11
-1.08624e-06
-1.938e-06
-2.62898e-06
-3.19692e-06
-3.68849e-06
-4.11522e-06
-4.48834e-06
-4.82128e-06
-5.12281e-06
-5.39792e-06
-5.64694e-06
-5.86294e-06
-6.28253e-06
-7.83457e-06
1.38999e-08
-1.07212e-06
-1.92414e-06
-2.61585e-06
-3.18509e-06
-3.67849e-06
-4.10788e-06
-4.48452e-06
-4.82265e-06
-5.13296e-06
-5.42506e-06
-5.71228e-06
-6.00683e-06
-6.41441e-06
-7.16972e-06
2.8139e-08
-1.05746e-06
-1.90975e-06
-2.60239e-06
-3.17264e-06
-3.66689e-06
-4.0985e-06
-4.47806e-06
-4.82025e-06
-5.13671e-06
-5.43817e-06
-5.73848e-06
-6.04383e-06
-6.36045e-06
-6.66204e-06
4.20551e-08
-1.04261e-06
-1.89475e-06
-2.58783e-06
-3.15904e-06
-3.6529e-06
-4.08601e-06
-4.46718e-06
-4.81067e-06
-5.12778e-06
-5.42657e-06
-5.71246e-06
-5.9759e-06
-6.18477e-06
-6.2691e-06
5.69302e-08
-1.02621e-06
-1.87768e-06
-2.57049e-06
-3.1429e-06
-3.63466e-06
-4.0678e-06
-4.44872e-06
-4.78977e-06
-5.10057e-06
-5.38448e-06
-5.63761e-06
-5.83998e-06
-5.95292e-06
-5.92221e-06
7.41632e-08
-1.00684e-06
-1.85704e-06
-2.54873e-06
-3.12175e-06
-3.61049e-06
-4.04085e-06
-4.41842e-06
-4.75213e-06
-5.0487e-06
-5.30672e-06
-5.51627e-06
-5.65567e-06
-5.69539e-06
-5.60785e-06
9.61103e-08
-9.82252e-07
-1.83048e-06
-2.52007e-06
-3.09165e-06
-3.57711e-06
-4.00152e-06
-4.37105e-06
-4.69155e-06
-4.96619e-06
-5.19039e-06
-5.35283e-06
-5.4368e-06
-5.42689e-06
-5.3159e-06
1.27053e-07
-9.48427e-07
-1.79395e-06
-2.48035e-06
-3.04833e-06
-3.52869e-06
-3.94393e-06
-4.30032e-06
-4.60162e-06
-4.84835e-06
-5.03527e-06
-5.15361e-06
-5.19445e-06
-5.15446e-06
-5.03765e-06
1.73855e-07
-8.98937e-07
-1.74113e-06
-2.42312e-06
-2.98553e-06
-3.45784e-06
-3.86014e-06
-4.19876e-06
-4.47612e-06
-4.69194e-06
-4.84268e-06
-4.92431e-06
-4.9352e-06
-4.87977e-06
-4.76664e-06
2.46166e-07
-8.24565e-07
-1.66297e-06
-2.33928e-06
-2.8941e-06
-3.35531e-06
-3.74117e-06
-4.05841e-06
-4.30936e-06
-4.49468e-06
-4.61402e-06
-4.66824e-06
-4.66101e-06
-4.60061e-06
-4.49659e-06
3.55996e-07
-7.1345e-07
-1.54771e-06
-2.21709e-06
-2.76235e-06
-3.21001e-06
-3.57708e-06
-3.8712e-06
-4.09603e-06
-4.2544e-06
-4.34936e-06
-4.38567e-06
-4.37e-06
-4.3119e-06
-4.22026e-06
5.17174e-07
-5.51517e-07
-1.38123e-06
-2.04251e-06
-2.57664e-06
-3.00945e-06
-3.35723e-06
-3.62907e-06
-3.83089e-06
-3.96814e-06
-4.04672e-06
-4.07376e-06
-4.05725e-06
-4.00655e-06
-3.92931e-06
7.45782e-07
-3.22241e-07
-1.14699e-06
-1.7994e-06
-2.32157e-06
-2.73997e-06
-3.0704e-06
-3.32354e-06
-3.50784e-06
-3.63121e-06
-3.70143e-06
-3.72678e-06
-3.7154e-06
-3.67582e-06
-3.61444e-06
1.06147e-06
-5.43665e-09
-8.24864e-07
-1.46854e-06
-1.97971e-06
-2.38614e-06
-2.70365e-06
-2.94416e-06
-3.11828e-06
-3.23573e-06
-3.30536e-06
-3.33568e-06
-3.33442e-06
-3.30907e-06
-3.265e-06
1.48783e-06
4.23493e-07
-3.9033e-07
-1.02684e-06
-1.53003e-06
-1.92928e-06
-2.24046e-06
-2.47637e-06
-2.64893e-06
-2.7689e-06
-2.84553e-06
-2.88709e-06
-2.90067e-06
-2.89281e-06
-2.86807e-06
2.0507e-06
9.92096e-07
1.83804e-07
-4.47164e-07
-9.4803e-07
-1.34728e-06
-1.66071e-06
-1.90138e-06
-2.08181e-06
-2.2131e-06
-2.30442e-06
-2.36355e-06
-2.39699e-06
-2.41054e-06
-2.40823e-06
2.77411e-06
1.72675e-06
9.2383e-07
2.9412e-07
-2.11083e-07
-6.18725e-07
-9.43585e-07
-1.19884e-06
-1.39714e-06
-1.54918e-06
-1.6635e-06
-1.74728e-06
-1.80649e-06
-1.84641e-06
-1.87084e-06
3.67454e-06
2.64774e-06
1.85012e-06
1.21506e-06
6.97305e-07
2.72924e-07
-7.21181e-08
-3.51683e-07
-5.7816e-07
-7.61173e-07
-9.08141e-07
-1.02538e-06
-1.11836e-06
-1.19189e-06
-1.24962e-06
4.75099e-06
3.76008e-06
2.97035e-06
2.32403e-06
1.78595e-06
1.3379e-06
9.6518e-07
6.52719e-07
3.88717e-07
1.65105e-07
-2.41342e-08
-1.84366e-07
-3.20544e-07
-4.37113e-07
-5.3755e-07
5.97393e-06
5.03114e-06
4.25459e-06
3.60328e-06
3.0454e-06
2.5714e-06
2.16575e-06
1.81392e-06
1.50578e-06
1.23483e-06
9.96217e-07
7.85318e-07
5.9768e-07
4.29302e-07
2.76813e-07
7.22093e-06
6.32661e-06
5.5634e-06
4.90344e-06
4.32793e-06
3.82457e-06
3.37929e-06
2.98046e-06
2.62068e-06
2.29513e-06
1.99965e-06
1.73013e-06
1.48273e-06
1.25414e-06
1.04151e-06
8.29537e-06
7.45306e-06
6.70485e-06
6.03398e-06
5.44139e-06
4.91198e-06
4.43088e-06
3.98965e-06
3.58363e-06
3.20903e-06
2.86191e-06
2.53859e-06
2.2359e-06
1.95121e-06
1.68218e-06
9.09164e-06
8.28659e-06
7.55852e-06
6.89801e-06
6.2988e-06
5.74978e-06
5.24145e-06
4.76825e-06
4.32642e-06
3.91245e-06
3.52289e-06
3.15471e-06
2.80537e-06
2.47283e-06
2.15516e-06
9.66577e-06
8.90106e-06
8.19687e-06
7.54727e-06
6.94434e-06
6.38188e-06
5.85455e-06
5.358e-06
4.88866e-06
4.44342e-06
4.01955e-06
3.61474e-06
3.22704e-06
2.85484e-06
2.49664e-06
1.0072e-05
9.34157e-06
8.65934e-06
8.01899e-06
7.41576e-06
6.84619e-06
6.30651e-06
5.79308e-06
5.30284e-06
4.83336e-06
4.38258e-06
3.9488e-06
3.5305e-06
3.12646e-06
2.73552e-06
1.03499e-05
9.64764e-06
8.98394e-06
8.35353e-06
7.75352e-06
7.18132e-06
6.63395e-06
6.1086e-06
5.60297e-06
5.11526e-06
4.64394e-06
4.18774e-06
3.74554e-06
3.31645e-06
2.89963e-06
1.05266e-05
9.85377e-06
9.20785e-06
8.58815e-06
7.99316e-06
7.42081e-06
6.86887e-06
6.33536e-06
5.81863e-06
5.31737e-06
4.83047e-06
4.35703e-06
3.89628e-06
3.44764e-06
3.01056e-06
1.06427e-05
9.991e-06
9.36093e-06
8.75165e-06
8.16223e-06
7.59113e-06
7.03678e-06
6.49781e-06
5.97311e-06
5.46176e-06
4.96301e-06
4.47631e-06
4.00117e-06
3.53729e-06
3.08436e-06
1.07139e-05
1.00811e-05
9.46516e-06
8.86555e-06
8.28176e-06
7.71269e-06
7.15728e-06
6.61468e-06
6.08417e-06
5.56521e-06
5.05736e-06
4.56033e-06
4.0739e-06
3.59802e-06
3.13258e-06
1.07561e-05
1.014e-05
9.53654e-06
8.94571e-06
8.36726e-06
7.80051e-06
7.24481e-06
6.69972e-06
6.16486e-06
5.63999e-06
5.12495e-06
4.6197e-06
4.12424e-06
3.63873e-06
3.16323e-06
1.07804e-05
1.01788e-05
9.58632e-06
9.0033e-06
8.42972e-06
7.86524e-06
7.30962e-06
6.7627e-06
6.22443e-06
5.69481e-06
5.17392e-06
4.66194e-06
4.15907e-06
3.66563e-06
3.18187e-06
1.0794e-05
1.02051e-05
9.62215e-06
9.04596e-06
8.47668e-06
7.91428e-06
7.35883e-06
6.81048e-06
6.26938e-06
5.73579e-06
5.20998e-06
4.69233e-06
4.1832e-06
3.68308e-06
3.19235e-06
1.08017e-05
1.02237e-05
9.64906e-06
9.07878e-06
8.51321e-06
7.95262e-06
7.39734e-06
6.84773e-06
6.30419e-06
5.76715e-06
5.23708e-06
4.71452e-06
4.19999e-06
3.6941e-06
3.19737e-06
1.08062e-05
1.02377e-05
9.67028e-06
9.10508e-06
8.54268e-06
7.98361e-06
7.42841e-06
6.87765e-06
6.33191e-06
5.7918e-06
5.25796e-06
4.73106e-06
4.21177e-06
3.70081e-06
3.19882e-06
1.08093e-05
1.0249e-05
9.68784e-06
9.127e-06
8.56729e-06
8.00945e-06
7.45423e-06
6.90236e-06
6.3546e-06
5.8117e-06
5.27446e-06
4.74367e-06
4.22013e-06
3.70465e-06
3.19799e-06
1.08119e-05
1.02587e-05
9.70295e-06
9.14583e-06
8.58838e-06
8.03153e-06
7.47619e-06
6.92324e-06
6.37359e-06
5.82815e-06
5.28782e-06
4.75352e-06
4.22615e-06
3.70662e-06
3.19577e-06
1.08143e-05
1.02675e-05
9.71626e-06
9.16231e-06
8.60676e-06
8.05068e-06
7.49513e-06
6.94114e-06
6.38974e-06
5.84197e-06
5.29884e-06
4.76137e-06
4.23055e-06
3.70739e-06
3.19279e-06
1.08169e-05
1.02755e-05
9.72826e-06
9.17702e-06
8.62305e-06
8.06758e-06
7.51178e-06
6.95679e-06
6.40378e-06
5.85386e-06
5.30817e-06
4.7678e-06
4.23384e-06
3.70736e-06
3.18935e-06
1.08198e-05
1.02835e-05
9.7398e-06
9.19102e-06
8.63846e-06
8.08348e-06
7.52737e-06
6.97139e-06
6.41679e-06
5.86479e-06
5.31662e-06
4.77346e-06
4.23645e-06
3.70677e-06
3.18547e-06
1.08231e-05
1.02915e-05
9.75133e-06
9.20487e-06
8.65361e-06
8.09897e-06
7.54236e-06
6.98523e-06
6.42893e-06
5.87482e-06
5.3242e-06
4.77835e-06
4.23851e-06
3.7059e-06
3.18155e-06
-8.98718e-06
-6.65217e-06
-5.23548e-06
-4.28746e-06
-3.53936e-06
-2.97859e-06
-2.55843e-06
-2.24742e-06
-2.02341e-06
-1.8678e-06
-1.76414e-06
-1.69708e-06
-1.65165e-06
-1.61298e-06
-1.56569e-06
-1.49482e-06
-1.38689e-06
-1.2338e-06
-1.03637e-06
-8.14055e-07
-6.04186e-07
-4.49279e-07
-3.71808e-07
-2.93487e-07
-1.12034e-07
2.36829e-07
7.8243e-07
1.53966e-06
2.5035e-06
3.67325e-06
5.04544e-06
6.60215e-06
8.32412e-06
1.01839e-05
1.21426e-05
1.41536e-05
1.61623e-05
1.81048e-05
1.9903e-05
2.14583e-05
2.26213e-05
2.31842e-05
2.26818e-05
2.07155e-05
1.55829e-05
-7.40663e-06
-6.15211e-06
-5.0605e-06
-4.20708e-06
-3.50326e-06
-2.95684e-06
-2.54189e-06
-2.23336e-06
-2.01124e-06
-1.85766e-06
-1.7563e-06
-1.69172e-06
-1.64884e-06
-1.61268e-06
-1.5678e-06
-1.49926e-06
-1.39361e-06
-1.24267e-06
-1.04689e-06
-8.24881e-07
-6.12423e-07
-4.49905e-07
-3.59488e-07
-2.66384e-07
-7.15975e-08
2.8765e-07
8.39958e-07
1.60072e-06
2.56384e-06
3.72815e-06
5.08953e-06
6.62733e-06
8.31988e-06
1.01373e-05
1.20369e-05
1.39672e-05
1.58664e-05
1.76602e-05
1.92524e-05
2.05145e-05
2.12434e-05
2.11133e-05
1.94722e-05
1.55889e-05
8.21007e-06
-6.58122e-06
-5.77179e-06
-4.88231e-06
-4.11649e-06
-3.46051e-06
-2.93399e-06
-2.527e-06
-2.22203e-06
-2.00199e-06
-1.85023e-06
-1.7508e-06
-1.68828e-06
-1.64751e-06
-1.61346e-06
-1.57064e-06
-1.50413e-06
-1.40056e-06
-1.25168e-06
-1.05753e-06
-8.35872e-07
-6.20639e-07
-4.49872e-07
-3.4526e-07
-2.35898e-07
-2.65305e-08
3.43839e-07
9.0286e-07
1.66645e-06
2.62711e-06
3.78279e-06
5.12908e-06
6.64157e-06
8.29552e-06
1.00582e-05
1.18822e-05
1.37101e-05
1.54719e-05
1.70823e-05
1.84263e-05
1.93534e-05
1.96304e-05
1.8906e-05
1.66082e-05
1.2388e-05
5.98743e-06
-6.07142e-06
-5.46728e-06
-4.73763e-06
-4.0402e-06
-3.42968e-06
-2.92369e-06
-2.52407e-06
-2.22129e-06
-2.00156e-06
-1.84982e-06
-1.75067e-06
-1.68879e-06
-1.64899e-06
-1.61615e-06
-1.57471e-06
-1.50976e-06
-1.40799e-06
-1.261e-06
-1.0684e-06
-8.4697e-07
-6.28647e-07
-4.48852e-07
-3.28643e-07
-2.01342e-07
2.42476e-08
4.07113e-07
9.73722e-07
1.74058e-06
2.698e-06
3.8429e-06
5.17125e-06
6.6528e-06
8.2595e-06
9.95511e-06
1.16869e-05
1.33908e-05
1.49881e-05
1.63815e-05
1.74501e-05
1.80277e-05
1.7891e-05
1.67494e-05
1.42412e-05
1.02105e-05
4.92903e-06
-5.68776e-06
-5.20862e-06
-4.60504e-06
-3.98755e-06
-3.41854e-06
-2.93258e-06
-2.53911e-06
-2.23633e-06
-2.01421e-06
-1.85967e-06
-1.75815e-06
-1.69459e-06
-1.65383e-06
-1.62069e-06
-1.5795e-06
-1.51532e-06
-1.41487e-06
-1.2696e-06
-1.07855e-06
-8.57405e-07
-6.35864e-07
-4.46403e-07
-3.09261e-07
-1.62498e-07
8.06281e-08
4.76781e-07
1.05097e-06
1.8206e-06
2.77131e-06
3.90269e-06
5.20832e-06
6.6506e-06
8.19911e-06
9.81359e-06
1.14358e-05
1.29952e-05
1.44062e-05
1.55656e-05
1.63475e-05
1.65958e-05
1.6124e-05
1.47335e-05
1.22513e-05
8.6846e-06
4.37582e-06
-5.37719e-06
-4.98502e-06
-4.47985e-06
-3.94519e-06
-3.42493e-06
-2.96043e-06
-2.57417e-06
-2.27038e-06
-2.04348e-06
-1.88313e-06
-1.77605e-06
-1.7078e-06
-1.66346e-06
-1.62783e-06
-1.58521e-06
-1.52056e-06
-1.42066e-06
-1.27673e-06
-1.08719e-06
-8.66415e-07
-6.41615e-07
-4.4196e-07
-2.8663e-07
-1.19044e-07
1.42658e-07
5.52522e-07
1.13356e-06
1.90402e-06
2.84239e-06
3.95938e-06
5.23419e-06
6.62632e-06
8.10398e-06
9.62181e-06
1.11167e-05
1.25129e-05
1.37209e-05
1.46372e-05
1.51424e-05
1.51044e-05
1.43886e-05
1.28863e-05
1.05561e-05
7.50497e-06
4.03772e-06
-5.10452e-06
-4.78067e-06
-4.36212e-06
-3.89711e-06
-3.4335e-06
-3.00038e-06
-2.62614e-06
-2.32261e-06
-2.09026e-06
-1.92205e-06
-1.80645e-06
-1.73025e-06
-1.67926e-06
-1.63847e-06
-1.59221e-06
-1.52544e-06
-1.425e-06
-1.28182e-06
-1.0936e-06
-8.73262e-07
-6.45201e-07
-4.34934e-07
-2.60279e-07
-7.07156e-08
2.10255e-07
6.34006e-07
1.22056e-06
1.9858e-06
2.91136e-06
4.00951e-06
5.24172e-06
6.57175e-06
7.96488e-06
9.36995e-06
1.07205e-05
1.19385e-05
1.29334e-05
1.36096e-05
1.3863e-05
1.35936e-05
1.27202e-05
1.12051e-05
9.08165e-06
6.48655e-06
3.65994e-06
-4.8494e-06
-4.58037e-06
-4.23553e-06
-3.84102e-06
-3.43123e-06
-3.03918e-06
-2.68512e-06
-2.38625e-06
-2.15072e-06
-1.97477e-06
-1.8489e-06
-1.76208e-06
-1.70149e-06
-1.65275e-06
-1.60042e-06
-1.5296e-06
-1.4273e-06
-1.28413e-06
-1.097e-06
-8.77155e-07
-6.45924e-07
-4.24814e-07
-2.29944e-07
-1.76131e-08
2.82908e-07
7.1939e-07
1.30939e-06
2.06263e-06
2.97806e-06
4.04413e-06
5.22145e-06
6.47726e-06
7.7711e-06
9.0475e-06
1.02387e-05
1.12692e-05
1.20495e-05
1.24995e-05
1.25364e-05
1.20941e-05
1.11359e-05
9.67076e-06
7.76569e-06
5.55077e-06
3.20562e-06
-4.60156e-06
-4.37722e-06
-4.09372e-06
-3.76455e-06
-3.41194e-06
-3.06267e-06
-2.73681e-06
-2.44949e-06
-2.21634e-06
-2.03553e-06
-1.8995e-06
-1.80066e-06
-1.72843e-06
-1.66941e-06
-1.60879e-06
-1.53207e-06
-1.42658e-06
-1.28272e-06
-1.09651e-06
-8.7738e-07
-6.43284e-07
-4.11442e-07
-1.95813e-07
3.9249e-08
3.59425e-07
8.028e-07
1.39566e-06
2.13802e-06
3.03343e-06
4.05177e-06
5.16258e-06
6.33084e-06
7.51024e-06
8.64346e-06
9.66363e-06
1.04973e-05
1.10758e-05
1.13236e-05
1.1185e-05
1.06243e-05
9.63695e-06
8.25724e-06
6.56046e-06
4.65723e-06
2.6786e-06
-4.3538e-06
-4.16677e-06
-3.93413e-06
-3.66241e-06
-3.36529e-06
-3.06096e-06
-2.76721e-06
-2.49976e-06
-2.27677e-06
-2.09541e-06
-1.95088e-06
-1.84044e-06
-1.75596e-06
-1.68542e-06
-1.61506e-06
-1.53111e-06
-1.42151e-06
-1.27654e-06
-1.0914e-06
-8.73533e-07
-6.37274e-07
-3.95523e-07
-1.58978e-07
9.7867e-08
4.34406e-07
8.81827e-07
1.47565e-06
2.20499e-06
3.06113e-06
4.02014e-06
5.05257e-06
6.11842e-06
7.16875e-06
8.14708e-06
8.99104e-06
9.6359e-06
1.00223e-05
1.00967e-05
9.82378e-06
9.19116e-06
8.21381e-06
6.93603e-06
5.42846e-06
3.77973e-06
2.0848e-06
-4.09882e-06
-3.94375e-06
-3.75361e-06
-3.53115e-06
-3.28457e-06
-3.02414e-06
-2.76463e-06
-2.52616e-06
-2.31914e-06
-2.14107e-06
-1.99236e-06
-1.87328e-06
-1.77795e-06
-1.69625e-06
-1.61595e-06
-1.52445e-06
-1.41058e-06
-1.26476e-06
-1.08141e-06
-8.65922e-07
-6.2881e-07
-3.78804e-07
-1.23164e-07
1.56182e-07
4.9963e-07
9.56503e-07
1.54085e-06
2.24113e-06
3.04738e-06
3.93631e-06
4.8759e-06
5.82427e-06
6.73281e-06
7.54829e-06
8.21545e-06
8.68092e-06
8.89732e-06
8.82971e-06
8.46055e-06
7.79267e-06
6.85071e-06
5.67956e-06
4.33984e-06
2.90023e-06
1.42974e-06
-3.82846e-06
-3.70155e-06
-3.54749e-06
-3.36718e-06
-3.16474e-06
-2.94845e-06
-2.72881e-06
-2.51992e-06
-2.3294e-06
-2.15975e-06
-2.01327e-06
-1.8905e-06
-1.78757e-06
-1.6968e-06
-1.60795e-06
-1.50997e-06
-1.39284e-06
-1.24736e-06
-1.06742e-06
-8.56244e-07
-6.20775e-07
-3.64549e-07
-9.35199e-08
2.01669e-07
5.55989e-07
1.00905e-06
1.57167e-06
2.23291e-06
2.97811e-06
3.78296e-06
4.61454e-06
5.43202e-06
6.18959e-06
6.83976e-06
7.33636e-06
7.63722e-06
7.70864e-06
7.53037e-06
7.09755e-06
6.42171e-06
5.53027e-06
4.46376e-06
3.27153e-06
2.00589e-06
7.17257e-07
-3.53373e-06
-3.4325e-06
-3.31021e-06
-3.16698e-06
-3.00505e-06
-2.82973e-06
-2.64838e-06
-2.46949e-06
-2.29993e-06
-2.1444e-06
-2.00575e-06
-1.88466e-06
-1.77874e-06
-1.68263e-06
-1.58834e-06
-1.48658e-06
-1.36864e-06
-1.22598e-06
-1.05226e-06
-8.48526e-07
-6.18088e-07
-3.59771e-07
-7.95162e-08
2.2409e-07
5.84178e-07
1.02419e-06
1.55344e-06
2.16241e-06
2.83287e-06
3.5394e-06
4.24993e-06
4.92671e-06
5.52942e-06
6.01798e-06
6.35593e-06
6.51178e-06
6.46438e-06
6.20429e-06
5.73446e-06
5.07008e-06
4.23719e-06
3.26998e-06
2.20728e-06
1.08849e-06
-4.9324e-08
-3.20455e-06
-3.12768e-06
-3.0344e-06
-2.92457e-06
-2.79921e-06
-2.66143e-06
-2.51601e-06
-2.36856e-06
-2.22457e-06
-2.0885e-06
-1.96325e-06
-1.84979e-06
-1.74687e-06
-1.65097e-06
-1.5562e-06
-1.45518e-06
-1.34057e-06
-1.2047e-06
-1.04137e-06
-8.49678e-07
-6.2997e-07
-3.75392e-07
-9.68645e-08
2.1183e-07
5.65323e-07
9.8084e-07
1.4643e-06
2.00661e-06
2.58859e-06
3.18463e-06
3.76505e-06
4.29742e-06
4.74818e-06
5.08577e-06
5.28143e-06
5.31476e-06
5.17432e-06
4.85773e-06
4.37186e-06
3.73217e-06
2.96128e-06
2.08669e-06
1.13822e-06
1.45283e-07
-8.64757e-07
-2.82897e-06
-2.77641e-06
-2.71093e-06
-2.63236e-06
-2.54105e-06
-2.43875e-06
-2.32845e-06
-2.21393e-06
-2.09914e-06
-1.98755e-06
-1.88169e-06
-1.78263e-06
-1.68988e-06
-1.60136e-06
-1.51309e-06
-1.41942e-06
-1.31423e-06
-1.19095e-06
-1.04385e-06
-8.70387e-07
-6.68245e-07
-4.28991e-07
-1.57697e-07
1.41693e-07
4.75582e-07
8.54246e-07
1.27909e-06
1.7411e-06
2.22266e-06
2.69985e-06
3.14803e-06
3.54064e-06
3.8501e-06
4.05076e-06
4.12443e-06
4.05947e-06
3.85057e-06
3.49918e-06
3.01341e-06
2.4072e-06
1.69903e-06
9.10212e-07
6.31815e-08
-8.20253e-07
-1.71987e-06
-2.39298e-06
-2.36649e-06
-2.3296e-06
-2.2823e-06
-2.22468e-06
-2.15772e-06
-2.08325e-06
-2.00371e-06
-1.92177e-06
-1.83993e-06
-1.76007e-06
-1.68329e-06
-1.60951e-06
-1.53718e-06
-1.4639e-06
-1.38615e-06
-1.29878e-06
-1.19606e-06
-1.07289e-06
-9.25582e-07
-7.49894e-07
-5.36321e-07
-2.86827e-07
-1.17323e-08
2.88233e-07
6.16445e-07
9.71006e-07
1.34208e-06
1.71508e-06
2.07348e-06
2.39667e-06
2.65984e-06
2.84061e-06
2.92415e-06
2.90003e-06
2.7616e-06
2.50691e-06
2.13913e-06
1.66607e-06
1.09933e-06
4.53324e-07
-2.55943e-07
-1.01189e-06
-1.79848e-06
-2.60076e-06
-1.8834e-06
-1.88653e-06
-1.88119e-06
-1.86752e-06
-1.84561e-06
-1.81606e-06
-1.77995e-06
-1.73884e-06
-1.69442e-06
-1.64838e-06
-1.6021e-06
-1.55618e-06
-1.51106e-06
-1.46615e-06
-1.41916e-06
-1.36764e-06
-1.30796e-06
-1.23548e-06
-1.14578e-06
-1.03449e-06
-8.96306e-07
-7.2168e-07
-5.10422e-07
-2.7537e-07
-2.38055e-08
2.41308e-07
5.14699e-07
7.87513e-07
1.05507e-06
1.30373e-06
1.51142e-06
1.65717e-06
1.72979e-06
1.72134e-06
1.62501e-06
1.43682e-06
1.15673e-06
7.88365e-07
3.38388e-07
-1.84174e-07
-7.68576e-07
-1.40309e-06
-2.07569e-06
-2.77469e-06
-3.48907e-06
-1.29591e-06
-1.33396e-06
-1.36493e-06
-1.38921e-06
-1.40707e-06
-1.41899e-06
-1.42567e-06
-1.42793e-06
-1.42708e-06
-1.42382e-06
-1.41911e-06
-1.41481e-06
-1.40943e-06
-1.40164e-06
-1.39286e-06
-1.38081e-06
-1.36069e-06
-1.32966e-06
-1.28465e-06
-1.22093e-06
-1.13272e-06
-1.01152e-06
-8.56133e-07
-6.78484e-07
-4.87098e-07
-2.91296e-07
-1.03447e-07
7.19563e-08
2.42367e-07
3.91368e-07
4.95114e-07
5.44559e-07
5.3508e-07
4.60792e-07
3.16574e-07
1.00308e-07
-1.87077e-07
-5.42309e-07
-9.6029e-07
-1.43443e-06
-1.95703e-06
-2.51972e-06
-3.11395e-06
-3.73132e-06
-4.3638e-06
-6.2676e-07
-7.08383e-07
-7.83703e-07
-8.53414e-07
-9.18113e-07
-9.78331e-07
-1.03461e-06
-1.08753e-06
-1.13784e-06
-1.18609e-06
-1.23298e-06
-1.27914e-06
-1.32348e-06
-1.36652e-06
-1.40934e-06
-1.44833e-06
-1.47965e-06
-1.50235e-06
-1.51409e-06
-1.51003e-06
-1.48467e-06
-1.4316e-06
-1.34857e-06
-1.2447e-06
-1.12761e-06
-1.00552e-06
-8.79772e-07
-7.96756e-07
-7.11879e-07
-6.53015e-07
-6.32405e-07
-6.52534e-07
-7.17574e-07
-8.33069e-07
-1.00266e-06
-1.22722e-06
-1.50567e-06
-1.83561e-06
-2.21355e-06
-2.635e-06
-3.09464e-06
-3.58667e-06
-4.10514e-06
-4.64414e-06
-5.19789e-06
1.34295e-07
-2.50266e-09
-1.34336e-07
-2.61503e-07
-3.84625e-07
-5.04335e-07
-6.21168e-07
-7.35566e-07
-8.47963e-07
-9.58766e-07
-1.06832e-06
-1.17695e-06
-1.28465e-06
-1.39112e-06
-1.4955e-06
-1.59592e-06
-1.69103e-06
-1.77956e-06
-1.85873e-06
-1.92444e-06
-1.97199e-06
-1.99784e-06
-1.99844e-06
-1.97674e-06
-1.94688e-06
-1.91868e-06
-1.89017e-06
-1.82773e-06
-1.7995e-06
-1.80609e-06
-1.84076e-06
-1.90351e-06
-1.9994e-06
-2.13325e-06
-2.30732e-06
-2.52202e-06
-2.77677e-06
-3.07028e-06
-3.4005e-06
-3.76457e-06
-4.15904e-06
-4.58012e-06
-5.02383e-06
-5.48614e-06
-5.96297e-06
8.39103e-07
6.42345e-07
4.50147e-07
2.6199e-07
7.71454e-08
-1.05021e-07
-2.84984e-07
-4.63084e-07
-6.39603e-07
-8.14786e-07
-9.88787e-07
-1.16168e-06
-1.33323e-06
-1.5029e-06
-1.67024e-06
-1.83454e-06
-1.99443e-06
-2.14778e-06
-2.29215e-06
-2.42445e-06
-2.54155e-06
-2.64126e-06
-2.71697e-06
-2.76811e-06
-2.80329e-06
-2.82173e-06
-2.83579e-06
-2.84718e-06
-2.87636e-06
-2.92456e-06
-2.98932e-06
-3.07295e-06
-3.17988e-06
-3.3135e-06
-3.47568e-06
-3.66733e-06
-3.88869e-06
-4.13938e-06
-4.41835e-06
-4.72398e-06
-5.05426e-06
-5.40687e-06
-5.77928e-06
-6.16886e-06
-6.57292e-06
1.42319e-06
1.16926e-06
9.19256e-07
6.72842e-07
4.29448e-07
1.88571e-07
-5.01387e-08
-2.8689e-07
-5.2181e-07
-7.54966e-07
-9.86355e-07
-1.21588e-06
-1.44332e-06
-1.66833e-06
-1.89038e-06
-2.10854e-06
-2.32126e-06
-2.52679e-06
-2.72312e-06
-2.90795e-06
-3.07903e-06
-3.23377e-06
-3.36478e-06
-3.46917e-06
-3.54962e-06
-3.6139e-06
-3.66353e-06
-3.71717e-06
-3.77766e-06
-3.84545e-06
-3.92296e-06
-4.01362e-06
-4.12049e-06
-4.24589e-06
-4.39165e-06
-4.55908e-06
-4.74884e-06
-4.96107e-06
-5.1954e-06
-5.45112e-06
-5.72718e-06
-6.02231e-06
-6.335e-06
-6.66366e-06
-7.00656e-06
1.84724e-06
1.54419e-06
1.24488e-06
9.49096e-07
6.56467e-07
3.66684e-07
7.95725e-08
-2.04924e-07
-4.86793e-07
-7.6597e-07
-1.04235e-06
-1.31574e-06
-1.58586e-06
-1.85221e-06
-2.11409e-06
-2.37049e-06
-2.62015e-06
-2.8616e-06
-3.0931e-06
-3.31271e-06
-3.51836e-06
-3.70808e-06
-3.87361e-06
-4.00922e-06
-4.1171e-06
-4.20626e-06
-4.28475e-06
-4.35968e-06
-4.43315e-06
-4.50847e-06
-4.5896e-06
-4.6796e-06
-4.78085e-06
-4.89544e-06
-5.02523e-06
-5.17161e-06
-5.33549e-06
-5.51734e-06
-5.71731e-06
-5.93527e-06
-6.1708e-06
-6.42327e-06
-6.69184e-06
-6.97552e-06
-7.27324e-06
2.14785e-06
1.80398e-06
1.46401e-06
1.12787e-06
7.95358e-07
4.66383e-07
1.40943e-07
-1.80873e-07
-4.98924e-07
-8.13031e-07
-1.12297e-06
-1.42844e-06
-1.72902e-06
-2.02413e-06
-2.31303e-06
-2.5948e-06
-2.86834e-06
-3.13233e-06
-3.38525e-06
-3.62543e-06
-3.85117e-06
-4.06089e-06
-4.24576e-06
-4.39935e-06
-4.52569e-06
-4.6326e-06
-4.7268e-06
-4.8122e-06
-4.8929e-06
-4.97306e-06
-5.05605e-06
-5.14449e-06
-5.24067e-06
-5.34669e-06
-5.46432e-06
-5.59501e-06
-5.7398e-06
-5.89949e-06
-6.07457e-06
-6.2653e-06
-6.4717e-06
-6.69357e-06
-6.93053e-06
-7.18206e-06
-7.44753e-06
2.35374e-06
1.97711e-06
1.60478e-06
1.2368e-06
8.73175e-07
5.1398e-07
1.59378e-07
-1.90403e-07
-5.35108e-07
-8.74448e-07
-1.2081e-06
-1.53565e-06
-1.85662e-06
-2.1704e-06
-2.47627e-06
-2.77338e-06
-3.06074e-06
-3.33718e-06
-3.60145e-06
-3.85217e-06
-4.08803e-06
-4.3076e-06
-4.50227e-06
-4.66682e-06
-4.80463e-06
-4.92273e-06
-5.02574e-06
-5.1183e-06
-5.20478e-06
-5.28872e-06
-5.37304e-06
-5.46031e-06
-5.55286e-06
-5.65272e-06
-5.76166e-06
-5.88117e-06
-6.01247e-06
-6.15657e-06
-6.3142e-06
-6.48589e-06
-6.67197e-06
-6.87256e-06
-7.08761e-06
-7.31696e-06
-7.56033e-06
2.49176e-06
2.08938e-06
1.69185e-06
1.29935e-06
9.12044e-07
5.30169e-07
1.54027e-07
-2.16042e-07
-5.79688e-07
-9.36534e-07
-1.28618e-06
-1.62815e-06
-1.96194e-06
-2.28693e-06
-2.60244e-06
-2.90769e-06
-3.20181e-06
-3.48384e-06
-3.75275e-06
-4.00746e-06
-4.24699e-06
-4.47013e-06
-4.66899e-06
-4.83881e-06
-4.98408e-06
-5.10893e-06
-5.21823e-06
-5.31646e-06
-5.4074e-06
-5.49423e-06
-5.57979e-06
-5.66665e-06
-5.75707e-06
-5.85307e-06
-5.95641e-06
-6.06867e-06
-6.19117e-06
-6.32504e-06
-6.4712e-06
-6.63039e-06
-6.80313e-06
-6.98981e-06
-7.19064e-06
-7.4057e-06
-7.63497e-06
2.58227e-06
2.15991e-06
1.74303e-06
1.33193e-06
9.26909e-07
5.28341e-07
1.36633e-07
-2.47789e-07
-6.24501e-07
-9.93064e-07
-1.35302e-06
-1.70387e-06
-2.04509e-06
-2.37608e-06
-2.69621e-06
-3.00479e-06
-3.30109e-06
-3.58431e-06
-3.85369e-06
-4.10837e-06
-4.34768e-06
-4.57072e-06
-4.77057e-06
-4.94314e-06
-5.09207e-06
-5.22136e-06
-5.33526e-06
-5.43765e-06
-5.53199e-06
-5.62133e-06
-5.70841e-06
-5.79569e-06
-5.88537e-06
-5.97946e-06
-6.07973e-06
-6.1878e-06
-6.30506e-06
-6.43276e-06
-6.57193e-06
-6.72347e-06
-6.88808e-06
-7.06633e-06
-7.25862e-06
-7.46524e-06
-7.68634e-06
2.64015e-06
2.20233e-06
1.77065e-06
1.34551e-06
9.27324e-07
5.16568e-07
1.13732e-07
-2.80695e-07
-6.66235e-07
-1.0424e-06
-1.40871e-06
-1.76464e-06
-2.10967e-06
-2.44323e-06
-2.76478e-06
-3.07369e-06
-3.36938e-06
-3.6512e-06
-3.9186e-06
-4.17094e-06
-4.40783e-06
-4.62867e-06
-4.82743e-06
-5.0007e-06
-5.15155e-06
-5.28369e-06
-5.40075e-06
-5.50622e-06
-5.60335e-06
-5.69501e-06
-5.78379e-06
-5.87205e-06
-5.96196e-06
-6.05548e-06
-6.15441e-06
-6.26039e-06
-6.37488e-06
-6.4992e-06
-6.6345e-06
-6.78178e-06
-6.9419e-06
-7.11556e-06
-7.30331e-06
-7.50559e-06
-7.72271e-06
2.67583e-06
2.22595e-06
1.78286e-06
1.34705e-06
9.19011e-07
4.99313e-07
8.85046e-08
-3.1288e-07
-7.04321e-07
-1.0853e-06
-1.45532e-06
-1.81384e-06
-2.16038e-06
-2.49441e-06
-2.81542e-06
-3.1229e-06
-3.41638e-06
-3.69536e-06
-3.95946e-06
-4.20822e-06
-4.44152e-06
-4.65893e-06
-4.85535e-06
-5.02805e-06
-5.17962e-06
-5.31343e-06
-5.43262e-06
-5.5404e-06
-5.63979e-06
-5.73348e-06
-5.82394e-06
-5.91342e-06
-6.00406e-06
-6.09779e-06
-6.19643e-06
-6.30164e-06
-6.41493e-06
-6.5377e-06
-6.67117e-06
-6.81645e-06
-6.97449e-06
-7.14612e-06
-7.33202e-06
-7.53271e-06
-7.74865e-06
2.69645e-06
2.23699e-06
1.78495e-06
1.34086e-06
9.05324e-07
4.78958e-07
6.23548e-08
-3.43914e-07
-7.39298e-07
-1.12326e-06
-1.49528e-06
-1.85486e-06
-2.2015e-06
-2.53473e-06
-2.85411e-06
-3.1592e-06
-3.44965e-06
-3.72506e-06
-3.98521e-06
-4.22982e-06
-4.45894e-06
-4.67229e-06
-4.86569e-06
-5.037e-06
-5.18841e-06
-5.32305e-06
-5.4436e-06
-5.55303e-06
-5.65417e-06
-5.74953e-06
-5.84146e-06
-5.93216e-06
-6.0237e-06
-6.11802e-06
-6.21692e-06
-6.32211e-06
-6.43513e-06
-6.55743e-06
-6.69032e-06
-6.83499e-06
-6.99248e-06
-7.16369e-06
-7.34941e-06
-7.55026e-06
-7.76678e-06
2.70686e-06
2.23963e-06
1.78037e-06
1.32972e-06
8.88324e-07
4.56852e-07
3.59312e-08
-3.7384e-07
-7.71887e-07
-1.15766e-06
-1.53065e-06
-1.89034e-06
-2.23628e-06
-2.56804e-06
-2.88522e-06
-3.18747e-06
-3.47452e-06
-3.74609e-06
-4.00209e-06
-4.24234e-06
-4.46708e-06
-4.67616e-06
-4.86618e-06
-5.03557e-06
-5.18615e-06
-5.32106e-06
-5.44239e-06
-5.5529e-06
-5.65529e-06
-5.75193e-06
-5.84505e-06
-5.93681e-06
-6.02922e-06
-6.12421e-06
-6.22359e-06
-6.32909e-06
-6.44231e-06
-6.56473e-06
-6.69774e-06
-6.84257e-06
-7.00036e-06
-7.17209e-06
-7.35861e-06
-7.56062e-06
-7.77874e-06
2.71044e-06
2.23672e-06
1.77151e-06
1.31549e-06
8.69378e-07
4.33871e-07
9.62229e-09
-4.02744e-07
-8.0264e-07
-1.18951e-06
-1.56283e-06
-1.92212e-06
-2.26694e-06
-2.59691e-06
-2.91168e-06
-3.21095e-06
-3.49454e-06
-3.76227e-06
-4.01413e-06
-4.25008e-06
-4.47048e-06
-4.67528e-06
-4.86181e-06
-5.02899e-06
-5.17824e-06
-5.31302e-06
-5.43469e-06
-5.54581e-06
-5.64901e-06
-5.74655e-06
-5.84055e-06
-5.93312e-06
-6.02624e-06
-6.12182e-06
-6.2217e-06
-6.32761e-06
-6.4412e-06
-6.56399e-06
-6.69742e-06
-6.8428e-06
-7.00131e-06
-7.17402e-06
-7.36183e-06
-7.56552e-06
-7.78574e-06
2.70954e-06
2.23027e-06
1.76001e-06
1.29949e-06
8.49463e-07
4.10653e-07
-1.62592e-08
-4.30633e-07
-8.31865e-07
-1.2194e-06
-1.59271e-06
-1.95134e-06
-2.29488e-06
-2.62296e-06
-2.93529e-06
-3.23165e-06
-3.51189e-06
-3.77593e-06
-4.02384e-06
-4.25567e-06
-4.47189e-06
-4.67256e-06
-4.85565e-06
-5.02042e-06
-5.16817e-06
-5.30246e-06
-5.42414e-06
-5.53547e-06
-5.63913e-06
-5.73721e-06
-5.8318e-06
-5.92491e-06
-6.01853e-06
-6.11455e-06
-6.21481e-06
-6.32108e-06
-6.43502e-06
-6.55823e-06
-6.69217e-06
-6.83822e-06
-6.99761e-06
-7.17146e-06
-7.36075e-06
-7.56629e-06
-7.7888e-06
2.7058e-06
2.22171e-06
1.74707e-06
1.28267e-06
8.29295e-07
3.87695e-07
-4.14317e-08
-4.57428e-07
-8.59684e-07
-1.24764e-06
-1.62078e-06
-1.97865e-06
-2.32087e-06
-2.6471e-06
-2.95711e-06
-3.2507e-06
-3.5278e-06
-3.78838e-06
-4.03261e-06
-4.2606e-06
-4.47289e-06
-4.66964e-06
-4.84942e-06
-5.0116e-06
-5.15801e-06
-5.29147e-06
-5.41293e-06
-5.52417e-06
-5.62797e-06
-5.72631e-06
-5.8212e-06
-5.91462e-06
-6.00851e-06
-6.10478e-06
-6.20528e-06
-6.31177e-06
-6.42599e-06
-6.54954e-06
-6.68394e-06
-6.83063e-06
-6.99088e-06
-7.16587e-06
-7.35663e-06
-7.56401e-06
-7.78876e-06
2.70037e-06
2.212e-06
1.7335e-06
1.2657e-06
8.09407e-07
3.65387e-07
-6.56419e-08
-4.83008e-07
-8.86094e-07
-1.27434e-06
-1.64723e-06
-2.00434e-06
-2.3453e-06
-2.66981e-06
-2.97765e-06
-3.26868e-06
-3.54289e-06
-3.80031e-06
-4.04114e-06
-4.2656e-06
-4.47425e-06
-4.66735e-06
-4.84395e-06
-5.00358e-06
-5.14878e-06
-5.28124e-06
-5.40222e-06
-5.51318e-06
-5.61689e-06
-5.71526e-06
-5.81023e-06
-5.90374e-06
-5.99771e-06
-6.09405e-06
-6.1946e-06
-6.30119e-06
-6.41554e-06
-6.53931e-06
-6.67408e-06
-6.8213e-06
-6.98232e-06
-7.15834e-06
-7.35044e-06
-7.55954e-06
-7.78639e-06
2.69404e-06
2.20186e-06
1.71993e-06
1.2491e-06
7.90219e-07
3.4406e-07
-8.86398e-08
-5.07198e-07
-9.10993e-07
-1.29946e-06
-1.67211e-06
-2.0285e-06
-2.36829e-06
-2.69121e-06
-2.99708e-06
-3.2858e-06
-3.55739e-06
-3.81193e-06
-4.04969e-06
-4.27093e-06
-4.47626e-06
-4.666e-06
-4.8396e-06
-4.99686e-06
-5.14088e-06
-5.27229e-06
-5.39257e-06
-5.50315e-06
-5.60661e-06
-5.70484e-06
-5.79972e-06
-5.89314e-06
-5.98703e-06
-6.08327e-06
-6.18375e-06
-6.29028e-06
-6.40463e-06
-6.52851e-06
-6.6635e-06
-6.81113e-06
-6.97277e-06
-7.14968e-06
-7.34297e-06
-7.5536e-06
-7.78235e-06
2.68738e-06
2.19179e-06
1.70679e-06
1.23326e-06
7.72067e-07
3.24004e-07
-1.1018e-07
-5.29796e-07
-9.34215e-07
-1.32288e-06
-1.69529e-06
-2.05103e-06
-2.38978e-06
-2.71128e-06
-3.01539e-06
-3.30203e-06
-3.57127e-06
-3.82323e-06
-4.05823e-06
-4.27658e-06
-4.47893e-06
-4.66562e-06
-4.83646e-06
-4.99164e-06
-5.13432e-06
-5.26471e-06
-5.38421e-06
-5.49437e-06
-5.59748e-06
-5.69544e-06
-5.79009e-06
-5.8833e-06
-5.97698e-06
-6.07302e-06
-6.17329e-06
-6.27966e-06
-6.3939e-06
-6.51775e-06
-6.65285e-06
-6.80075e-06
-6.96288e-06
-7.14052e-06
-7.33482e-06
-7.54677e-06
-7.7772e-06
2.6806e-06
2.18193e-06
1.69416e-06
1.2182e-06
7.54924e-07
3.05146e-07
-1.30374e-07
-5.50941e-07
-9.55923e-07
-1.34476e-06
-1.71696e-06
-2.07213e-06
-2.40995e-06
-2.73018e-06
-3.03271e-06
-3.31749e-06
-3.58462e-06
-3.83427e-06
-4.0668e-06
-4.28255e-06
-4.4822e-06
-4.66612e-06
-4.83443e-06
-4.98773e-06
-5.12899e-06
-5.25843e-06
-5.37715e-06
-5.4868e-06
-5.58949e-06
-5.6871e-06
-5.78143e-06
-5.87433e-06
-5.9677e-06
-6.06343e-06
-6.1634e-06
-6.2695e-06
-6.38353e-06
-6.50726e-06
-6.64236e-06
-6.79042e-06
-6.95289e-06
-7.13111e-06
-7.32626e-06
-7.53935e-06
-7.77125e-06
2.67351e-06
2.17188e-06
1.68146e-06
1.20318e-06
7.37912e-07
2.86495e-07
-1.50305e-07
-5.71784e-07
-9.77309e-07
-1.36632e-06
-1.73834e-06
-2.09297e-06
-2.42991e-06
-2.74894e-06
-3.04998e-06
-3.33301e-06
-3.59815e-06
-3.84562e-06
-4.07579e-06
-4.28907e-06
-4.48617e-06
-4.66744e-06
-4.83331e-06
-4.98475e-06
-5.12462e-06
-5.25305e-06
-5.371e-06
-5.48005e-06
-5.58223e-06
-5.6794e-06
-5.77331e-06
-5.86581e-06
-5.95877e-06
-6.0541e-06
-6.15368e-06
-6.25941e-06
-6.37313e-06
-6.49663e-06
-6.63163e-06
-6.77974e-06
-6.94245e-06
-7.12114e-06
-7.31702e-06
-7.53114e-06
-7.76438e-06
2.66657e-06
2.16211e-06
1.66913e-06
1.18858e-06
7.21357e-07
2.68317e-07
-1.6976e-07
-5.9216e-07
-9.98248e-07
-1.38746e-06
-1.75933e-06
-2.11346e-06
-2.44957e-06
-2.76747e-06
-3.06708e-06
-3.34842e-06
-3.61165e-06
-3.85702e-06
-4.08494e-06
-4.29586e-06
-4.49052e-06
-4.66928e-06
-4.83285e-06
-4.9825e-06
-5.12097e-06
-5.24832e-06
-5.36544e-06
-5.47388e-06
-5.5756e-06
-5.67232e-06
-5.76581e-06
-5.85788e-06
-5.9504e-06
-6.04528e-06
-6.14442e-06
-6.24974e-06
-6.3631e-06
-6.48632e-06
-6.62116e-06
-6.76925e-06
-6.93214e-06
-7.11123e-06
-7.30775e-06
-7.52279e-06
-7.75726e-06
-8.46817e-06
-1.33295e-05
-1.30942e-05
-1.29651e-05
-1.32301e-05
-1.37382e-05
-1.44254e-05
-1.52525e-05
-1.61967e-05
-1.72447e-05
-1.83862e-05
-1.96117e-05
-2.09109e-05
-2.2271e-05
-2.36768e-05
-4.47788e-06
-9.70952e-06
-1.12423e-05
-1.20454e-05
-1.2745e-05
-1.34618e-05
-1.42586e-05
-1.51488e-05
-1.61313e-05
-1.72028e-05
-1.83586e-05
-1.95925e-05
-2.0896e-05
-2.22578e-05
-2.36636e-05
-1.90779e-06
-7.1415e-06
-9.71914e-06
-1.11706e-05
-1.22382e-05
-1.3165e-05
-1.40799e-05
-1.5039e-05
-1.60631e-05
-1.71601e-05
-1.83313e-05
-1.95738e-05
-2.08816e-05
-2.22449e-05
-2.36503e-05
-6.14716e-07
-5.38929e-06
-8.42411e-06
-1.03252e-05
-1.17084e-05
-1.28446e-05
-1.38873e-05
-1.4923e-05
-1.59933e-05
-1.7118e-05
-1.83055e-05
-1.9557e-05
-2.0869e-05
-2.22333e-05
-2.36379e-05
8.05551e-08
-3.98202e-06
-7.14169e-06
-9.39766e-06
-1.10905e-05
-1.24555e-05
-1.36502e-05
-1.4781e-05
-1.59095e-05
-1.70692e-05
-1.82769e-05
-1.95394e-05
-2.08563e-05
-2.22218e-05
-2.36252e-05
5.46313e-07
-2.88796e-06
-5.94319e-06
-8.40989e-06
-1.03715e-05
-1.19712e-05
-1.33416e-05
-1.45918e-05
-1.5797e-05
-1.70038e-05
-1.82392e-05
-1.95168e-05
-2.08408e-05
-2.22083e-05
-2.36105e-05
7.99055e-07
-2.11289e-06
-4.93908e-06
-7.45392e-06
-9.59294e-06
-1.1397e-05
-1.29483e-05
-1.43368e-05
-1.56385e-05
-1.69084e-05
-1.81828e-05
-1.94826e-05
-2.08178e-05
-2.21894e-05
-2.35912e-05
8.30667e-07
-1.64778e-06
-4.19111e-06
-6.62311e-06
-8.82793e-06
-1.0772e-05
-1.24805e-05
-1.40092e-05
-1.54205e-05
-1.67687e-05
-1.8095e-05
-1.94267e-05
-2.07795e-05
-2.21589e-05
-2.35623e-05
6.74084e-07
-1.45042e-06
-3.70735e-06
-5.97798e-06
-8.15031e-06
-1.01549e-05
-1.19723e-05
-1.36211e-05
-1.51407e-05
-1.6575e-05
-1.79638e-05
-1.93372e-05
-2.07153e-05
-2.21079e-05
-2.35161e-05
3.66267e-07
-1.47142e-06
-3.4648e-06
-5.54058e-06
-7.61155e-06
-9.60273e-06
-1.14696e-05
-1.32009e-05
-1.48107e-05
-1.63273e-05
-1.77822e-05
-1.92039e-05
-2.0614e-05
-2.20253e-05
-2.34422e-05
-6.32342e-08
-1.66741e-06
-3.42858e-06
-5.30442e-06
-7.2347e-06
-9.15526e-06
-1.10143e-05
-1.27821e-05
-1.4452e-05
-1.60346e-05
-1.75499e-05
-1.90203e-05
-2.04657e-05
-2.18996e-05
-2.33286e-05
-5.93371e-07
-2.00474e-06
-3.56412e-06
-5.2489e-06
-7.02092e-06
-8.83228e-06
-1.06356e-05
-1.23943e-05
-1.40875e-05
-1.57108e-05
-1.72716e-05
-1.87838e-05
-2.02624e-05
-2.17196e-05
-2.31622e-05
-1.20888e-06
-2.45815e-06
-3.84188e-06
-5.34958e-06
-6.95904e-06
-8.638e-06
-1.03492e-05
-1.20574e-05
-1.37357e-05
-1.53688e-05
-1.69531e-05
-1.84929e-05
-1.99969e-05
-2.14735e-05
-2.29284e-05
-1.89625e-06
-3.00668e-06
-4.23631e-06
-5.58183e-06
-7.03172e-06
-8.56629e-06
-1.01595e-05
-1.17826e-05
-1.34089e-05
-1.50181e-05
-1.65981e-05
-1.8145e-05
-1.96602e-05
-2.11475e-05
-2.26095e-05
-2.64048e-06
-3.62984e-06
-4.72289e-06
-5.92031e-06
-7.21732e-06
-8.60326e-06
-1.00619e-05
-1.15728e-05
-1.31137e-05
-1.46642e-05
-1.62083e-05
-1.77359e-05
-1.92421e-05
-2.07254e-05
-2.2185e-05
-3.42337e-06
-4.30521e-06
-5.27575e-06
-6.33761e-06
-7.48994e-06
-8.72805e-06
-1.00431e-05
-1.14224e-05
-1.28502e-05
-1.43093e-05
-1.5784e-05
-1.72614e-05
-1.87323e-05
-2.01909e-05
-2.16327e-05
-4.22293e-06
-5.0073e-06
-5.86625e-06
-6.80311e-06
-7.81907e-06
-8.91302e-06
-1.00812e-05
-1.1317e-05
-1.26108e-05
-1.39507e-05
-1.5324e-05
-1.67184e-05
-1.81235e-05
-1.9531e-05
-2.09335e-05
-5.01477e-06
-5.70831e-06
-6.46343e-06
-7.28343e-06
-8.17034e-06
-9.12495e-06
-1.01466e-05
-1.12329e-05
-1.23793e-05
-1.35791e-05
-1.48241e-05
-1.61051e-05
-1.74131e-05
-1.87399e-05
-2.00769e-05
-5.76904e-06
-6.37564e-06
-7.0321e-06
-7.74125e-06
-8.50527e-06
-9.32583e-06
-1.0204e-05
-1.11398e-05
-1.21325e-05
-1.31795e-05
-1.42771e-05
-1.54204e-05
-1.66038e-05
-1.78215e-05
-1.90664e-05
-6.45617e-06
-6.97845e-06
-7.54011e-06
-8.1434e-06
-8.79034e-06
-9.48288e-06
-1.02229e-05
-1.10119e-05
-1.18512e-05
-1.27413e-05
-1.36824e-05
-1.46733e-05
-1.57131e-05
-1.67992e-05
-1.79292e-05
-6.9929e-06
-7.43763e-06
-7.91384e-06
-8.42299e-06
-8.96674e-06
-9.54701e-06
-1.01659e-05
-1.08255e-05
-1.15284e-05
-1.22766e-05
-1.30728e-05
-1.39188e-05
-1.48171e-05
-1.57695e-05
-1.67766e-05
-7.36486e-06
-7.74455e-06
-8.15016e-06
-8.58286e-06
-9.04416e-06
-9.53588e-06
-1.00601e-05
-1.06193e-05
-1.12162e-05
-1.18539e-05
-1.25358e-05
-1.32659e-05
-1.40484e-05
-1.4888e-05
-1.57904e-05
-7.58599e-06
-7.91821e-06
-8.27317e-06
-8.65182e-06
-9.05555e-06
-9.48608e-06
-9.94546e-06
-1.04361e-05
-1.09608e-05
-1.1523e-05
-1.21265e-05
-1.2776e-05
-1.3477e-05
-1.42355e-05
-1.50584e-05
-7.72788e-06
-8.02647e-06
-8.34585e-06
-8.68699e-06
-9.05119e-06
-9.44011e-06
-9.85566e-06
-1.03002e-05
-1.07763e-05
-1.12875e-05
-1.18377e-05
-1.24316e-05
-1.3075e-05
-1.37743e-05
-1.4537e-05
-7.81859e-06
-8.09449e-06
-8.39015e-06
-8.70651e-06
-9.04487e-06
-9.40674e-06
-9.79393e-06
-1.02086e-05
-1.06532e-05
-1.1131e-05
-1.16456e-05
-1.22016e-05
-1.28045e-05
-1.34604e-05
-1.41763e-05
-7.87933e-06
-8.14109e-06
-8.42208e-06
-8.72326e-06
-9.04586e-06
-9.39129e-06
-9.76117e-06
-1.01574e-05
-1.05824e-05
-1.10388e-05
-1.15302e-05
-1.20606e-05
-1.26347e-05
-1.32582e-05
-1.39373e-05
-7.92283e-06
-8.17671e-06
-8.4496e-06
-8.74247e-06
-9.05645e-06
-9.39283e-06
-9.75304e-06
-1.01388e-05
-1.05521e-05
-1.09955e-05
-1.14718e-05
-1.19847e-05
-1.25382e-05
-1.31373e-05
-1.3788e-05
-7.95557e-06
-8.20596e-06
-8.47531e-06
-8.76459e-06
-9.07482e-06
-9.40715e-06
-9.76282e-06
-1.01433e-05
-1.05503e-05
-1.0986e-05
-1.14527e-05
-1.19536e-05
-1.2492e-05
-1.30722e-05
-1.36991e-05
-7.98073e-06
-8.23053e-06
-8.49938e-06
-8.78817e-06
-9.09784e-06
-9.42936e-06
-9.78379e-06
-1.01624e-05
-1.05665e-05
-1.09979e-05
-1.14587e-05
-1.19512e-05
-1.24782e-05
-1.30433e-05
-1.36505e-05
-7.99986e-06
-8.25091e-06
-8.52113e-06
-8.81137e-06
-9.12243e-06
-9.45514e-06
-9.81037e-06
-1.01891e-05
-1.05925e-05
-1.10219e-05
-1.1479e-05
-1.19656e-05
-1.24839e-05
-1.30368e-05
-1.36275e-05
-8.01383e-06
-8.26718e-06
-8.53987e-06
-8.83265e-06
-9.14623e-06
-9.48127e-06
-9.83848e-06
-1.02186e-05
-1.06226e-05
-1.10514e-05
-1.15062e-05
-1.19886e-05
-1.25e-05
-1.30429e-05
-1.36197e-05
-8.02336e-06
-8.27952e-06
-8.55519e-06
-8.85107e-06
-9.16772e-06
-9.50568e-06
-9.86549e-06
-1.02477e-05
-1.0653e-05
-1.1082e-05
-1.15355e-05
-1.20148e-05
-1.25207e-05
-1.30554e-05
-1.36203e-05
-8.0291e-06
-8.28823e-06
-8.56707e-06
-8.86621e-06
-9.18614e-06
-9.52724e-06
-9.8899e-06
-1.02745e-05
-1.06814e-05
-1.11111e-05
-1.15641e-05
-1.2041e-05
-1.25425e-05
-1.30702e-05
-1.36249e-05
-8.03171e-06
-8.29377e-06
-8.57572e-06
-8.8781e-06
-9.20126e-06
-9.5455e-06
-9.91106e-06
-1.02981e-05
-1.07069e-05
-1.11375e-05
-1.15903e-05
-1.20655e-05
-1.25634e-05
-1.30851e-05
-1.36309e-05
-8.03182e-06
-8.29664e-06
-8.58153e-06
-8.88697e-06
-9.21322e-06
-9.56047e-06
-9.92882e-06
-1.03183e-05
-1.07289e-05
-1.11606e-05
-1.16134e-05
-1.20873e-05
-1.25822e-05
-1.30988e-05
-1.3637e-05
-8.03003e-06
-8.29737e-06
-8.58497e-06
-8.89323e-06
-9.22235e-06
-9.5724e-06
-9.94337e-06
-1.03352e-05
-1.07476e-05
-1.11804e-05
-1.16333e-05
-1.21062e-05
-1.25986e-05
-1.31109e-05
-1.36424e-05
-8.02689e-06
-8.29648e-06
-8.58652e-06
-8.89733e-06
-9.22905e-06
-9.58166e-06
-9.95504e-06
-1.03489e-05
-1.0763e-05
-1.11969e-05
-1.16502e-05
-1.21222e-05
-1.26126e-05
-1.31211e-05
-1.36469e-05
-8.02271e-06
-8.29434e-06
-8.58657e-06
-8.8997e-06
-9.23378e-06
-9.58874e-06
-9.96433e-06
-1.03602e-05
-1.07759e-05
-1.12108e-05
-1.16643e-05
-1.21358e-05
-1.26243e-05
-1.31296e-05
-1.36504e-05
-8.01751e-06
-8.29103e-06
-8.58534e-06
-8.90068e-06
-9.23705e-06
-9.59425e-06
-9.97198e-06
-1.03697e-05
-1.0787e-05
-1.12229e-05
-1.16768e-05
-1.21477e-05
-1.26347e-05
-1.31371e-05
-1.36532e-05
-8.01192e-06
-8.28719e-06
-8.5834e-06
-8.90075e-06
-9.23916e-06
-9.59844e-06
-9.97817e-06
-1.03778e-05
-1.07965e-05
-1.12335e-05
-1.16878e-05
-1.21584e-05
-1.26439e-05
-1.31435e-05
-1.36553e-05
5.02771e-09
5.28242e-09
6.68418e-09
9.39915e-09
1.37087e-08
1.99748e-08
2.85183e-08
3.95365e-08
5.30815e-08
6.90724e-08
8.7329e-08
1.07612e-07
1.29661e-07
1.53234e-07
1.78145e-07
2.04314e-07
2.31825e-07
2.61012e-07
2.92588e-07
3.27813e-07
3.68578e-07
4.1748e-07
4.79614e-07
5.6104e-07
6.66792e-07
8.01714e-07
9.70215e-07
1.17522e-06
1.41687e-06
1.69196e-06
1.99853e-06
2.33074e-06
2.66952e-06
2.99754e-06
3.29755e-06
3.55403e-06
3.75434e-06
3.89083e-06
3.96346e-06
3.98014e-06
3.95549e-06
3.90798e-06
3.85425e-06
3.81542e-06
3.80173e-06
3.50517e-09
2.92442e-09
4.04183e-09
6.98027e-09
1.19981e-08
1.93667e-08
2.9308e-08
4.19837e-08
5.74906e-08
7.5868e-08
9.71053e-08
1.21153e-07
1.47939e-07
1.77382e-07
2.09414e-07
2.44018e-07
2.81269e-07
3.21421e-07
3.65035e-07
4.13177e-07
4.67582e-07
5.30987e-07
6.07546e-07
7.01082e-07
8.15414e-07
9.54804e-07
1.12304e-06
1.32254e-06
1.55384e-06
1.81531e-06
2.10167e-06
2.40014e-06
2.69983e-06
2.98875e-06
3.25233e-06
3.47581e-06
3.64821e-06
3.76524e-06
3.82943e-06
3.84946e-06
3.83805e-06
3.80913e-06
3.77508e-06
3.74508e-06
3.72459e-06
6.40975e-10
-2.31075e-09
-2.65338e-09
-6.36437e-10
3.79669e-09
1.08893e-08
2.08369e-08
3.37866e-08
4.98477e-08
6.90943e-08
9.15703e-08
1.17295e-07
1.46262e-07
1.78441e-07
2.1377e-07
2.5215e-07
2.93455e-07
3.3755e-07
3.84369e-07
4.34059e-07
4.87175e-07
5.45286e-07
6.11448e-07
6.89355e-07
7.84217e-07
9.02454e-07
1.0501e-06
1.23158e-06
1.44876e-06
1.70043e-06
1.9824e-06
2.28407e-06
2.59201e-06
2.89101e-06
3.16476e-06
3.39814e-06
3.57988e-06
3.70479e-06
3.77467e-06
3.7976e-06
3.78583e-06
3.75297e-06
3.71127e-06
3.66796e-06
3.6241e-06
-5.25909e-09
-1.16096e-08
-1.40865e-08
-1.3521e-08
-1.01743e-08
-3.8492e-09
5.63224e-09
1.8396e-08
3.45485e-08
5.41793e-08
7.73586e-08
1.04131e-07
1.34502e-07
1.68408e-07
2.05674e-07
2.45957e-07
2.8867e-07
3.32914e-07
3.77452e-07
4.20756e-07
4.61248e-07
4.98392e-07
5.34665e-07
5.7594e-07
6.30958e-07
7.10264e-07
8.23826e-07
9.78561e-07
1.17784e-06
1.42085e-06
1.70291e-06
2.01445e-06
2.34099e-06
2.66548e-06
2.96939e-06
3.23501e-06
3.4482e-06
3.60083e-06
3.69219e-06
3.72865e-06
3.72182e-06
3.68587e-06
3.63453e-06
3.57525e-06
3.50701e-06
-1.60469e-08
-2.60945e-08
-3.10024e-08
-3.22122e-08
-3.03186e-08
-2.51731e-08
-1.66236e-08
-4.57041e-09
1.10836e-08
3.04358e-08
5.35716e-08
8.05458e-08
1.11346e-07
1.45833e-07
1.83647e-07
2.24072e-07
2.65855e-07
3.07e-07
3.44584e-07
3.74693e-07
3.9271e-07
3.94965e-07
3.83624e-07
3.69267e-07
3.66471e-07
3.9191e-07
4.60268e-07
5.79648e-07
7.54358e-07
9.84438e-07
1.26688e-06
1.59137e-06
1.94373e-06
2.30543e-06
2.65547e-06
2.97262e-06
3.23826e-06
3.4393e-06
3.5704e-06
3.63467e-06
3.64232e-06
3.6084e-06
3.54919e-06
3.47375e-06
3.38046e-06
-3.331e-08
-4.6886e-08
-5.42289e-08
-5.73287e-08
-5.7087e-08
-5.34e-08
-4.61426e-08
-3.52427e-08
-2.06129e-08
-2.14995e-09
2.0244e-08
4.66283e-08
7.69659e-08
1.11025e-07
1.48228e-07
1.87421e-07
2.26564e-07
2.6234e-07
2.8977e-07
3.02022e-07
2.90794e-07
2.48469e-07
1.77158e-07
9.49343e-08
2.46908e-08
-1.08529e-08
3.957e-09
7.9803e-08
2.2468e-07
4.34727e-07
7.14263e-07
1.05176e-06
1.43217e-06
1.83624e-06
2.24118e-06
2.6223e-06
2.95572e-06
3.22191e-06
3.40903e-06
3.51507e-06
3.54771e-06
3.52255e-06
3.45891e-06
3.3683e-06
3.24912e-06
-5.79504e-08
-7.46929e-08
-8.4327e-08
-8.93075e-08
-9.07956e-08
-8.87228e-08
-8.29884e-08
-7.35436e-08
-6.03067e-08
-4.31633e-08
-2.19963e-08
3.2682e-09
3.25809e-08
6.56334e-08
1.01642e-07
1.3902e-07
1.74918e-07
2.04622e-07
2.20913e-07
2.13736e-07
1.70801e-07
8.0188e-08
-5.58389e-08
-2.09387e-07
-3.49232e-07
-4.5209e-07
-5.00015e-07
-4.7472e-07
-3.65607e-07
-1.66185e-07
1.10417e-07
4.57279e-07
8.61504e-07
1.30479e-06
1.76394e-06
2.21181e-06
2.61964e-06
2.96083e-06
3.21564e-06
3.37513e-06
3.44278e-06
3.43373e-06
3.37015e-06
3.26621e-06
3.12066e-06
-9.02666e-08
-1.09778e-07
-1.21509e-07
-1.28304e-07
-1.31531e-07
-1.31143e-07
-1.27057e-07
-1.19242e-07
-1.07613e-07
-9.20352e-08
-7.23569e-08
-4.8468e-08
-2.03989e-08
1.15082e-08
4.63204e-08
8.20843e-08
1.15209e-07
1.39645e-07
1.45926e-07
1.20611e-07
4.74046e-08
-8.99346e-08
-2.89987e-07
-5.15094e-07
-7.26005e-07
-8.92558e-07
-9.89898e-07
-1.00138e-06
-9.19272e-07
-7.41391e-07
-4.74142e-07
-1.24943e-07
2.94402e-07
7.67399e-07
1.27199e-06
1.7803e-06
2.26002e-06
2.67806e-06
3.00608e-06
3.22676e-06
3.33756e-06
3.35156e-06
3.29287e-06
3.17812e-06
3.00652e-06
-1.3011e-07
-1.52046e-07
-1.65682e-07
-1.74202e-07
-1.79133e-07
-1.80433e-07
-1.7803e-07
-1.71901e-07
-1.61951e-07
-1.48011e-07
-1.29877e-07
-1.07376e-07
-8.04751e-08
-4.94914e-08
-1.54222e-08
1.95234e-08
5.11523e-08
7.2245e-08
7.12208e-08
3.11568e-08
-6.78278e-08
-2.45564e-07
-5.03228e-07
-7.91994e-07
-1.06348e-06
-1.28157e-06
-1.41954e-06
-1.46206e-06
-1.40322e-06
-1.24259e-06
-9.85781e-07
-6.39813e-07
-2.14604e-07
2.76166e-07
8.13118e-07
1.36956e-06
1.91164e-06
2.40121e-06
2.80165e-06
3.08664e-06
3.24593e-06
3.28871e-06
3.23969e-06
3.11724e-06
2.92102e-06
-1.77036e-07
-2.01143e-07
-2.16527e-07
-2.26682e-07
-2.33252e-07
-2.36189e-07
-2.35422e-07
-2.30932e-07
-2.22603e-07
-2.10221e-07
-1.93514e-07
-1.72214e-07
-1.46184e-07
-1.15646e-07
-8.15665e-08
-4.62745e-08
-1.43881e-08
5.93577e-09
1.27742e-09
-4.88969e-08
-1.67329e-07
-3.76407e-07
-6.81751e-07
-1.02271e-06
-1.34184e-06
-1.59882e-06
-1.76629e-06
-1.83026e-06
-1.78692e-06
-1.63844e-06
-1.39103e-06
-1.05139e-06
-6.27404e-07
-1.2946e-07
4.26702e-07
1.01713e-06
1.60847e-06
2.15959e-06
2.62643e-06
2.97433e-06
3.18433e-06
3.26004e-06
3.22504e-06
3.09851e-06
2.88028e-06
-2.30438e-07
-2.5657e-07
-2.7359e-07
-2.85298e-07
-2.93426e-07
-2.97904e-07
-2.98661e-07
-2.95672e-07
-2.88799e-07
-2.77776e-07
-2.62243e-07
-2.41815e-07
-2.16209e-07
-1.85492e-07
-1.50503e-07
-1.1355e-07
-7.94826e-08
-5.71329e-08
-6.12159e-08
-1.15169e-07
-2.46139e-07
-4.80192e-07
-8.19821e-07
-1.20025e-06
-1.55375e-06
-1.8367e-06
-2.0216e-06
-2.09641e-06
-2.06012e-06
-1.91774e-06
-1.67655e-06
-1.34317e-06
-9.23662e-07
-4.25248e-07
1.40209e-07
7.52327e-07
1.37994e-06
1.98101e-06
2.50435e-06
2.9103e-06
3.17055e-06
3.28155e-06
3.2643e-06
3.13765e-06
2.90111e-06
-2.89661e-07
-3.17778e-07
-3.3637e-07
-3.49561e-07
-3.59152e-07
-3.65041e-07
-3.67151e-07
-3.65456e-07
-3.59789e-07
-3.49827e-07
-3.3512e-07
-3.15145e-07
-2.8944e-07
-2.57862e-07
-2.21043e-07
-1.81145e-07
-1.43065e-07
-1.16105e-07
-1.15937e-07
-1.67118e-07
-3.0324e-07
-5.55545e-07
-9.18015e-07
-1.32472e-06
-1.69999e-06
-1.99689e-06
-2.18818e-06
-2.26416e-06
-2.22684e-06
-2.08388e-06
-1.84391e-06
-1.51362e-06
-1.09769e-06
-6.00695e-07
-3.10227e-08
5.94584e-07
1.24821e-06
1.88918e-06
2.45738e-06
2.91425e-06
3.22234e-06
3.36947e-06
3.37287e-06
3.25016e-06
2.99981e-06
-3.54085e-07
-3.84238e-07
-4.04385e-07
-4.19003e-07
-4.29951e-07
-4.37089e-07
-4.40334e-07
-4.39661e-07
-4.34881e-07
-4.25617e-07
-4.11323e-07
-3.91333e-07
-3.64979e-07
-3.31868e-07
-2.92368e-07
-2.48385e-07
-2.04705e-07
-1.70878e-07
-1.63379e-07
-2.07678e-07
-3.43097e-07
-6.02356e-07
-9.78354e-07
-1.40057e-06
-1.78672e-06
-2.08732e-06
-2.27572e-06
-2.34463e-06
-2.2989e-06
-2.14857e-06
-1.90355e-06
-1.57076e-06
-1.15393e-06
-6.55773e-07
-8.20356e-08
5.53496e-07
1.22588e-06
1.89871e-06
2.50666e-06
3.00503e-06
3.35659e-06
3.53922e-06
3.56529e-06
3.4504e-06
3.19116e-06
-4.23194e-07
-4.5551e-07
-4.7723e-07
-4.93224e-07
-5.05409e-07
-5.13601e-07
-5.17717e-07
-5.1774e-07
-5.13472e-07
-5.04488e-07
-4.90156e-07
-4.69665e-07
-4.42129e-07
-4.06868e-07
-3.63953e-07
-3.14953e-07
-2.64407e-07
-2.21912e-07
-2.04665e-07
-2.39734e-07
-3.67584e-07
-6.24766e-07
-1.00651e-06
-1.43496e-06
-1.82301e-06
-2.11892e-06
-2.29694e-06
-2.35197e-06
-2.29133e-06
-2.127e-06
-1.87001e-06
-1.5275e-06
-1.10273e-06
-5.97308e-07
-1.52698e-08
6.31783e-07
1.32054e-06
2.0159e-06
2.66368e-06
3.19913e-06
3.58797e-06
3.80413e-06
3.85411e-06
3.75069e-06
3.48749e-06
-4.96606e-07
-5.3127e-07
-5.54607e-07
-5.71924e-07
-5.85204e-07
-5.94215e-07
-5.98886e-07
-5.99227e-07
-5.95042e-07
-5.8588e-07
-5.71036e-07
-5.49567e-07
-5.2036e-07
-4.82415e-07
-4.35501e-07
-3.80782e-07
-3.22444e-07
-2.69945e-07
-2.40896e-07
-2.63892e-07
-3.79833e-07
-6.29061e-07
-1.00916e-06
-1.43598e-06
-1.81878e-06
-2.10331e-06
-2.26504e-06
-2.30067e-06
-2.21948e-06
-2.03493e-06
-1.75882e-06
-1.39855e-06
-9.57252e-07
-4.36123e-07
1.61575e-07
8.25463e-07
1.53311e-06
2.25006e-06
2.93283e-06
3.50406e-06
3.92602e-06
4.17436e-06
4.2493e-06
4.16075e-06
3.8982e-06
-5.74099e-07
-6.11334e-07
-6.36346e-07
-6.54918e-07
-6.69115e-07
-6.7866e-07
-6.8351e-07
-6.83726e-07
-6.79144e-07
-6.69309e-07
-6.53466e-07
-6.30567e-07
-5.99273e-07
-5.58196e-07
-5.06862e-07
-4.45963e-07
-3.79244e-07
-3.15879e-07
-2.7353e-07
-2.8217e-07
-3.83315e-07
-6.20271e-07
-9.92775e-07
-1.41183e-06
-1.78296e-06
-2.05132e-06
-2.19228e-06
-2.20408e-06
-2.09749e-06
-1.88696e-06
-1.58479e-06
-1.19854e-06
-7.31461e-07
-1.84892e-07
4.37843e-07
1.12654e-06
1.85963e-06
2.60407e-06
3.31431e-06
3.92163e-06
4.37828e-06
4.65776e-06
4.75805e-06
4.6875e-06
4.42954e-06
-6.5562e-07
-6.95673e-07
-7.22415e-07
-7.42146e-07
-7.57026e-07
-7.66748e-07
-7.71324e-07
-7.70898e-07
-7.65377e-07
-7.54333e-07
-7.36988e-07
-7.12235e-07
-6.78542e-07
-6.33997e-07
-5.77969e-07
-5.10662e-07
-4.35287e-07
-3.60644e-07
-3.04061e-07
-2.96935e-07
-3.81194e-07
-6.02576e-07
-9.62691e-07
-1.36923e-06
-1.72448e-06
-1.97272e-06
-2.08936e-06
-2.07374e-06
-1.93758e-06
-1.69589e-06
-1.36112e-06
-9.4095e-07
-4.38863e-07
1.43252e-07
8.01343e-07
1.52478e-06
2.29237e-06
3.07011e-06
3.81012e-06
4.45345e-06
4.94597e-06
5.25786e-06
5.38428e-06
5.33511e-06
5.08425e-06
-7.41286e-07
-7.84416e-07
-8.12928e-07
-8.33666e-07
-8.48919e-07
-8.58363e-07
-8.62107e-07
-8.60429e-07
-8.53353e-07
-8.40519e-07
-8.21146e-07
-7.94145e-07
-7.57794e-07
-7.09664e-07
-6.48784e-07
-5.75043e-07
-4.91015e-07
-4.05098e-07
-3.33761e-07
-3.10075e-07
-3.76236e-07
-5.79563e-07
-9.23802e-07
-1.31423e-06
-1.65036e-06
-1.8755e-06
-1.9651e-06
-1.91917e-06
-1.74993e-06
-1.47249e-06
-1.09922e-06
-6.37754e-07
-9.18916e-08
5.3568e-07
1.23974e-06
2.00851e-06
2.82004e-06
3.63944e-06
4.41817e-06
5.09859e-06
5.62682e-06
5.97483e-06
6.12915e-06
6.10563e-06
5.8624e-06
-8.31384e-07
-8.77855e-07
-9.08141e-07
-9.29659e-07
-9.44861e-07
-9.53442e-07
-9.55662e-07
-9.52003e-07
-9.42671e-07
-9.27421e-07
-9.05485e-07
-8.75944e-07
-8.36662e-07
-7.84838e-07
-7.19251e-07
-6.39219e-07
-5.46758e-07
-4.50018e-07
-3.63542e-07
-3.23279e-07
-3.70517e-07
-5.54212e-07
-8.80092e-07
-1.25169e-06
-1.56622e-06
-1.76606e-06
-1.82655e-06
-1.74802e-06
-1.54276e-06
-1.22565e-06
-8.08677e-07
-2.99307e-07
2.9835e-07
9.80696e-07
1.74106e-06
2.56598e-06
3.4319e-06
4.3026e-06
5.12894e-06
5.85292e-06
6.41944e-06
6.8053e-06
6.9911e-06
6.99398e-06
6.76552e-06
-9.26376e-07
-9.76448e-07
-1.00846e-06
-1.03042e-06
-1.04499e-06
-1.05195e-06
-1.05179e-06
-1.04527e-06
-1.03287e-06
-1.01455e-06
-9.89613e-07
-9.57151e-07
-9.14555e-07
-8.5921e-07
-7.89229e-07
-7.03198e-07
-6.02682e-07
-4.96038e-07
-3.94082e-07
-3.37655e-07
-3.657e-07
-5.28792e-07
-8.34581e-07
-1.18535e-06
-1.47645e-06
-1.64939e-06
-1.67922e-06
-1.56629e-06
-1.32261e-06
-9.62526e-07
-4.97426e-07
6.55624e-08
7.22098e-07
1.46766e-06
2.29397e-06
3.18555e-06
4.11669e-06
5.0492e-06
5.93265e-06
6.70836e-06
7.3193e-06
7.74321e-06
7.96341e-06
7.98804e-06
7.79309e-06
-1.02691e-06
-1.08083e-06
-1.11443e-06
-1.13634e-06
-1.14952e-06
-1.15387e-06
-1.15024e-06
-1.1398e-06
-1.1234e-06
-1.10126e-06
-1.07284e-06
-1.03705e-06
-9.91111e-07
-9.32504e-07
-8.58404e-07
-7.66867e-07
-6.58791e-07
-5.41323e-07
-4.27697e-07
-3.54039e-07
-3.62934e-07
-5.0493e-07
-7.8946e-07
-1.11798e-06
-1.38436e-06
-1.52922e-06
-1.52724e-06
-1.37855e-06
-1.09457e-06
-6.8887e-07
-1.72012e-07
4.49365e-07
1.17081e-06
1.98694e-06
2.88787e-06
3.85593e-06
4.86288e-06
5.86801e-06
6.81884e-06
7.6553e-06
8.31766e-06
8.7823e-06
9.03984e-06
9.08811e-06
8.93218e-06
-1.13382e-06
-1.19184e-06
-1.22678e-06
-1.24794e-06
-1.25867e-06
-1.25916e-06
-1.25072e-06
-1.23511e-06
-1.21362e-06
-1.18684e-06
-1.15435e-06
-1.11496e-06
-1.0659e-06
-1.00418e-06
-9.26393e-07
-8.29982e-07
-7.15097e-07
-5.87963e-07
-4.62649e-07
-3.72828e-07
-3.62921e-07
-4.83691e-07
-7.4623e-07
-1.05153e-06
-1.29229e-06
-1.40827e-06
-1.3737e-06
-1.18825e-06
-8.62577e-07
-4.09245e-07
1.62196e-07
8.45748e-07
1.63699e-06
2.52982e-06
3.51283e-06
4.56613e-06
5.65879e-06
6.74717e-06
7.77612e-06
8.68343e-06
9.40425e-06
9.91571e-06
1.02182e-05
1.02982e-05
1.0176e-05
-1.24818e-06
-1.31052e-06
-1.3464e-06
-1.36583e-06
-1.37273e-06
-1.36773e-06
-1.35285e-06
-1.33057e-06
-1.30279e-06
-1.27048e-06
-1.2334e-06
-1.19024e-06
-1.13816e-06
-1.07364e-06
-9.92719e-07
-8.92168e-07
-7.71319e-07
-6.35614e-07
-4.99112e-07
-3.94133e-07
-3.65985e-07
-4.65676e-07
-7.05829e-07
-9.87306e-07
-1.20185e-06
-1.28844e-06
-1.22078e-06
-9.97968e-07
-6.29655e-07
-1.27279e-07
5.00775e-07
1.24929e-06
2.11403e-06
3.08835e-06
4.15949e-06
5.30548e-06
6.49265e-06
7.67422e-06
8.79186e-06
9.78032e-06
1.05685e-05
1.11315e-05
1.14832e-05
1.16029e-05
1.15225e-05
-1.37135e-06
-1.4382e-06
-1.47437e-06
-1.49071e-06
-1.49195e-06
-1.47943e-06
-1.45614e-06
-1.42547e-06
-1.39006e-06
-1.35133e-06
-1.30915e-06
-1.26211e-06
-1.20714e-06
-1.14024e-06
-1.05683e-06
-9.52927e-07
-8.27072e-07
-6.83828e-07
-5.36982e-07
-4.17831e-07
-3.72154e-07
-4.51121e-07
-6.68756e-07
-9.26069e-07
-1.11407e-06
-1.17101e-06
-1.07006e-06
-8.09562e-07
-3.9811e-07
1.54137e-07
8.40066e-07
1.65534e-06
2.59606e-06
3.65522e-06
4.81899e-06
6.06351e-06
7.35257e-06
8.63619e-06
9.85233e-06
1.0932e-05
1.17992e-05
1.24193e-05
1.28229e-05
1.29862e-05
1.29526e-05
-1.50503e-06
-1.57651e-06
-1.61199e-06
-1.62337e-06
-1.61655e-06
-1.59398e-06
-1.55994e-06
-1.51899e-06
-1.4745e-06
-1.42844e-06
-1.38072e-06
-1.32974e-06
-1.27213e-06
-1.20335e-06
-1.11813e-06
-1.01174e-06
-8.81842e-07
-7.32134e-07
-5.75911e-07
-4.43616e-07
-3.8123e-07
-4.39984e-07
-6.35176e-07
-8.68213e-07
-1.02957e-06
-1.05683e-06
-9.22612e-07
-6.24424e-07
-1.69712e-07
4.32689e-07
1.17701e-06
2.05987e-06
3.0778e-06
4.22369e-06
5.48286e-06
6.82998e-06
8.22656e-06
9.61959e-06
1.09428e-05
1.21223e-05
1.30814e-05
1.37715e-05
1.42278e-05
1.44418e-05
1.44589e-05
-1.65137e-06
-1.7275e-06
-1.76081e-06
-1.76466e-06
-1.74671e-06
-1.71094e-06
-1.66347e-06
-1.61015e-06
-1.55516e-06
-1.5009e-06
-1.44727e-06
-1.39239e-06
-1.33246e-06
-1.26234e-06
-1.17604e-06
-1.06804e-06
-9.35091e-07
-7.80002e-07
-6.1543e-07
-4.71052e-07
-3.92853e-07
-4.32028e-07
-6.05023e-07
-8.13862e-07
-9.48662e-07
-9.46399e-07
-7.7916e-07
-4.43543e-07
5.41777e-08
7.06504e-07
1.50905e-06
2.45936e-06
3.55454e-06
4.7875e-06
6.14308e-06
7.59485e-06
9.1026e-06
1.06106e-05
1.20484e-05
1.33363e-05
1.43969e-05
1.51741e-05
1.56864e-05
1.59582e-05
1.60333e-05
-1.81316e-06
-1.89368e-06
-1.92264e-06
-1.91547e-06
-1.88244e-06
-1.82977e-06
-1.76584e-06
-1.69789e-06
-1.63105e-06
-1.56782e-06
-1.50804e-06
-1.4494e-06
-1.38755e-06
-1.31668e-06
-1.23006e-06
-1.12131e-06
-9.86287e-07
-8.26883e-07
-6.55014e-07
-4.99628e-07
-4.06566e-07
-4.26888e-07
-5.78078e-07
-7.62959e-07
-8.71457e-07
-8.40003e-07
-6.40186e-07
-2.67639e-07
2.72502e-07
9.74061e-07
1.834e-06
2.85077e-06
4.02204e-06
5.34091e-06
6.79203e-06
8.34839e-06
9.96867e-06
1.15952e-05
1.3154e-05
1.45595e-05
1.57296e-05
1.66053e-05
1.71851e-05
1.75224e-05
1.76646e-05
-1.99398e-06
-2.0782e-06
-2.09954e-06
-2.07663e-06
-2.02359e-06
-1.94974e-06
-1.86597e-06
-1.78116e-06
-1.70115e-06
-1.6284e-06
-1.5624e-06
-1.50025e-06
-1.43696e-06
-1.36598e-06
-1.27977e-06
-1.17111e-06
-1.03495e-06
-8.72253e-07
-6.94127e-07
-5.28806e-07
-4.21861e-07
-4.24134e-07
-5.54031e-07
-7.15336e-07
-7.97935e-07
-7.37778e-07
-5.06002e-07
-9.72382e-08
4.84436e-07
1.23412e-06
2.15005e-06
3.23146e-06
4.47654e-06
5.8787e-06
7.42263e-06
9.08125e-06
1.08129e-05
1.25589e-05
1.42427e-05
1.57737e-05
1.70629e-05
1.80456e-05
1.87077e-05
1.91194e-05
1.93412e-05
-2.19858e-06
-2.28492e-06
-2.29378e-06
-2.24887e-06
-2.16977e-06
-2.06983e-06
-1.96269e-06
-1.85886e-06
-1.76463e-06
-1.68199e-06
-1.60989e-06
-1.54463e-06
-1.48043e-06
-1.40997e-06
-1.32487e-06
-1.2171e-06
-1.08067e-06
-9.15648e-07
-7.3227e-07
-5.58063e-07
-4.38227e-07
-4.23308e-07
-5.32528e-07
-6.70763e-07
-7.27995e-07
-6.3976e-07
-3.768e-07
6.7276e-08
6.89338e-07
1.48567e-06
2.45566e-06
3.59916e-06
4.91478e-06
6.39622e-06
8.0284e-06
9.78464e-06
1.16237e-05
1.34872e-05
1.5297e-05
1.69588e-05
1.83756e-05
1.94754e-05
2.02367e-05
2.0734e-05
2.10521e-05
-2.43329e-06
-2.51858e-06
-2.50781e-06
-2.4326e-06
-2.32013e-06
-2.18868e-06
-2.05478e-06
-1.93007e-06
-1.8208e-06
-1.7282e-06
-1.65029e-06
-1.58241e-06
-1.51788e-06
-1.44856e-06
-1.36524e-06
-1.25907e-06
-1.12316e-06
-9.56692e-07
-7.69007e-07
-5.8692e-07
-4.55184e-07
-4.23967e-07
-5.13209e-07
-6.28985e-07
-6.61493e-07
-5.45926e-07
-2.52686e-07
2.25632e-07
8.86712e-07
1.72791e-06
2.74959e-06
3.95199e-06
5.33397e-06
6.88944e-06
8.60362e-06
1.04506e-05
1.23903e-05
1.43657e-05
1.62991e-05
1.80939e-05
1.96459e-05
2.08733e-05
2.17487e-05
2.23479e-05
2.27853e-05
-2.70684e-06
-2.7849e-06
-2.744e-06
-2.62768e-06
-2.47348e-06
-2.30482e-06
-2.14095e-06
-1.99396e-06
-1.86922e-06
-1.76687e-06
-1.68362e-06
-1.61369e-06
-1.54943e-06
-1.48182e-06
-1.40088e-06
-1.29693e-06
-1.16224e-06
-9.95108e-07
-8.03985e-07
-6.1497e-07
-4.72298e-07
-4.25699e-07
-4.95729e-07
-5.89745e-07
-5.98269e-07
-4.56214e-07
-1.33712e-07
3.77643e-07
1.07619e-06
1.9602e-06
3.03084e-06
4.28842e-06
5.73185e-06
7.35503e-06
9.14342e-06
1.1072e-05
1.31027e-05
1.51807e-05
1.72311e-05
1.91569e-05
2.08488e-05
2.22154e-05
2.32178e-05
2.39395e-05
2.45283e-05
-3.03134e-06
-3.09048e-06
-3.00422e-06
-2.83337e-06
-2.62801e-06
-2.41656e-06
-2.22005e-06
-2.04988e-06
-1.90976e-06
-1.79813e-06
-1.71016e-06
-1.6388e-06
-1.57537e-06
-1.51001e-06
-1.43193e-06
-1.33073e-06
-1.19784e-06
-1.03072e-06
-8.36941e-07
-6.41881e-07
-4.89206e-07
-4.28144e-07
-4.79777e-07
-5.52802e-07
-5.38158e-07
-3.70543e-07
-1.98821e-08
5.23193e-07
1.25749e-06
2.18208e-06
3.29864e-06
4.6073e-06
6.10667e-06
7.79038e-06
9.6439e-06
1.16432e-05
1.37522e-05
1.59199e-05
1.80754e-05
2.01247e-05
2.19564e-05
2.3471e-05
2.46152e-05
2.54833e-05
2.62691e-05
-3.42402e-06
-3.44254e-06
-3.28914e-06
-3.04846e-06
-2.78127e-06
-2.52206e-06
-2.29109e-06
-2.09753e-06
-1.94254e-06
-1.82237e-06
-1.7304e-06
-1.65823e-06
-1.59614e-06
-1.53346e-06
-1.45866e-06
-1.36061e-06
-1.22998e-06
-1.06346e-06
-8.67706e-07
-6.67406e-07
-5.05611e-07
-4.30997e-07
-4.6508e-07
-5.17938e-07
-4.81e-07
-2.88819e-07
8.88322e-08
6.62224e-07
1.43046e-06
2.39321e-06
3.55249e-06
4.90782e-06
6.4572e-06
8.19363e-06
1.01022e-05
1.21596e-05
1.43319e-05
1.65723e-05
1.88158e-05
2.09743e-05
2.29382e-05
2.46045e-05
2.59041e-05
2.69469e-05
2.79969e-05
-3.90964e-06
-3.84854e-06
-3.59818e-06
-3.26911e-06
-2.93023e-06
-2.61951e-06
-2.35335e-06
-2.13697e-06
-1.96807e-06
-1.84026e-06
-1.74504e-06
-1.67263e-06
-1.61231e-06
-1.55264e-06
-1.4814e-06
-1.38679e-06
-1.2588e-06
-1.09332e-06
-8.9619e-07
-6.91377e-07
-5.21292e-07
-4.34013e-07
-4.5141e-07
-4.8496e-07
-4.26649e-07
-2.10939e-07
1.92483e-07
7.94729e-07
1.59501e-06
2.59343e-06
3.79207e-06
5.1895e-06
6.78273e-06
8.56371e-06
1.05167e-05
1.26184e-05
1.48368e-05
1.71293e-05
1.94377e-05
2.16828e-05
2.37617e-05
2.55742e-05
2.70374e-05
2.82857e-05
2.97001e-05
-4.52297e-06
-4.31194e-06
-3.92883e-06
-3.49038e-06
-3.07134e-06
-2.70724e-06
-2.40653e-06
-2.16867e-06
-1.98715e-06
-1.8527e-06
-1.75493e-06
-1.68275e-06
-1.62452e-06
-1.56807e-06
-1.50055e-06
-1.40958e-06
-1.28446e-06
-1.12039e-06
-9.22375e-07
-7.13692e-07
-5.36088e-07
-4.37002e-07
-4.3858e-07
-4.53705e-07
-3.74973e-07
-1.36807e-07
2.91132e-07
9.20728e-07
1.75111e-06
2.78264e-06
4.01724e-06
5.45214e-06
7.08297e-06
8.90014e-06
1.08865e-05
1.30181e-05
1.5264e-05
1.75849e-05
1.99297e-05
2.22298e-05
2.43933e-05
2.63317e-05
2.79534e-05
2.94343e-05
3.13608e-05
-5.3115e-06
-4.82851e-06
-4.27052e-06
-3.70549e-06
-3.20066e-06
-2.78382e-06
-2.45071e-06
-2.19341e-06
-2.00077e-06
-1.8607e-06
-1.76101e-06
-1.68943e-06
-1.63346e-06
-1.58032e-06
-1.51657e-06
-1.4293e-06
-1.3072e-06
-1.1448e-06
-9.463e-07
-7.34311e-07
-5.49896e-07
-4.39822e-07
-4.26441e-07
-4.24034e-07
-3.25846e-07
-6.63246e-08
3.84849e-07
1.04025e-06
1.89873e-06
2.96078e-06
4.22789e-06
5.69558e-06
7.35775e-06
9.2028e-06
1.12114e-05
1.33582e-05
1.5612e-05
1.79356e-05
2.02834e-05
2.25973e-05
2.47993e-05
2.68218e-05
2.85711e-05
3.0291e-05
3.29352e-05
-6.32095e-06
-5.38932e-06
-4.60756e-06
-3.90533e-06
-3.31409e-06
-2.84823e-06
-2.48639e-06
-2.21224e-06
-2.01015e-06
-1.8654e-06
-1.76428e-06
-1.6935e-06
-1.63986e-06
-1.58999e-06
-1.52997e-06
-1.44636e-06
-1.32732e-06
-1.16675e-06
-9.68074e-07
-7.53255e-07
-5.62669e-07
-4.4238e-07
-4.14875e-07
-3.95818e-07
-2.79136e-07
6.53903e-10
4.73789e-07
1.15346e-06
2.03806e-06
3.12805e-06
4.42429e-06
5.92021e-06
7.6076e-06
9.47237e-06
1.14923e-05
1.36398e-05
1.58817e-05
1.81808e-05
2.04942e-05
2.27715e-05
2.49482e-05
2.69837e-05
2.87891e-05
3.0714e-05
3.43535e-05
-7.651e-06
-5.97961e-06
-4.91802e-06
-4.08018e-06
-3.4093e-06
-2.90126e-06
-2.51537e-06
-2.22705e-06
-2.01688e-06
-1.86809e-06
-1.76574e-06
-1.69575e-06
-1.64431e-06
-1.59756e-06
-1.54113e-06
-1.4611e-06
-1.34511e-06
-1.18648e-06
-9.87877e-07
-7.7063e-07
-5.7443e-07
-4.44635e-07
-4.03811e-07
-3.68962e-07
-2.3469e-07
6.43933e-08
5.58404e-07
1.26106e-06
2.17015e-06
3.28595e-06
4.60848e-06
6.12874e-06
7.83608e-06
9.71344e-06
1.17351e-05
1.38699e-05
1.60814e-05
1.83295e-05
2.05696e-05
2.27528e-05
2.48225e-05
2.67602e-05
2.84866e-05
3.05309e-05
3.55807e-05
-9.41993e-06
-6.56825e-06
-5.17043e-06
-4.22175e-06
-3.48873e-06
-2.94749e-06
-2.54194e-06
-2.24113e-06
-2.02322e-06
-1.87013e-06
-1.76608e-06
-1.69639e-06
-1.64671e-06
-1.60277e-06
-1.54972e-06
-1.47321e-06
-1.36036e-06
-1.20387e-06
-1.00568e-06
-7.86435e-07
-5.85158e-07
-4.46543e-07
-3.9324e-07
-3.43525e-07
-1.92594e-07
1.24878e-07
6.38879e-07
1.36358e-06
2.29601e-06
3.43619e-06
4.78315e-06
6.32519e-06
8.04901e-06
9.93423e-06
1.1951e-05
1.40637e-05
1.62308e-05
1.84068e-05
2.05404e-05
2.25734e-05
2.44432e-05
2.612e-05
2.75122e-05
2.94196e-05
3.6175e-05
-1.09216e-05
-6.94957e-06
-5.30548e-06
-4.31167e-06
-3.54859e-06
-2.98604e-06
-2.56567e-06
-2.25418e-06
-2.02897e-06
-1.87142e-06
-1.76529e-06
-1.69544e-06
-1.64709e-06
-1.60555e-06
-1.55558e-06
-1.4824e-06
-1.37267e-06
-1.21849e-06
-1.02108e-06
-8.00401e-07
-5.94725e-07
-4.48047e-07
-3.83124e-07
-3.19606e-07
-1.53366e-07
1.80786e-07
7.12687e-07
1.45689e-06
2.40956e-06
3.57044e-06
4.93748e-06
6.49627e-06
8.23082e-06
1.01174e-05
1.21218e-05
1.42035e-05
1.6315e-05
1.8403e-05
2.04057e-05
2.22496e-05
2.38275e-05
2.50467e-05
2.56834e-05
2.64843e-05
3.2401e-05
)
;

boundaryField
{
    inlet
    {
        type            uniformJump;
        patchType       cyclic;
        jump            uniform -2.5e-05;
        value           nonuniform List<scalar> 
40
(
6.61591e-07
6.75151e-07
6.88904e-07
7.0206e-07
7.15883e-07
7.31839e-07
7.52469e-07
7.82388e-07
8.28899e-07
9.01999e-07
1.01372e-06
1.1775e-06
1.40871e-06
1.72596e-06
2.15143e-06
2.70902e-06
3.42029e-06
4.2988e-06
5.3423e-06
6.52238e-06
7.72218e-06
8.75249e-06
9.51663e-06
1.00644e-05
1.04479e-05
1.07063e-05
1.08693e-05
1.09718e-05
1.10317e-05
1.10643e-05
1.10803e-05
1.10869e-05
1.10884e-05
1.10876e-05
1.10862e-05
1.10847e-05
1.10837e-05
1.10832e-05
1.10833e-05
1.10839e-05
)
;
        jumpTable       table;
        jumpTableCoeffs
        {
            values          
4
(
(0 -2.5e-05)
(25 -2.5e-05)
(25.5 -0.0001)
(26 -2.5e-05)
)
;
        }
    }
    outlet
    {
        type            uniformJump;
        patchType       cyclic;
        value           nonuniform List<scalar> 
40
(
-2.43384e-05
-2.43248e-05
-2.43111e-05
-2.42979e-05
-2.42841e-05
-2.42682e-05
-2.42475e-05
-2.42176e-05
-2.41711e-05
-2.4098e-05
-2.39863e-05
-2.38225e-05
-2.35913e-05
-2.3274e-05
-2.28486e-05
-2.2291e-05
-2.15797e-05
-2.07012e-05
-1.96577e-05
-1.84776e-05
-1.72778e-05
-1.62475e-05
-1.54834e-05
-1.49356e-05
-1.45521e-05
-1.42937e-05
-1.41307e-05
-1.40282e-05
-1.39683e-05
-1.39357e-05
-1.39197e-05
-1.39131e-05
-1.39116e-05
-1.39124e-05
-1.39138e-05
-1.39153e-05
-1.39163e-05
-1.39168e-05
-1.39167e-05
-1.39161e-05
)
;
    }
    Walls
    {
        type            zeroGradient;
    }
    back
    {
        type            empty;
    }
    front
    {
        type            empty;
    }
}


// ************************************************************************* //
