/*--------------------------------*- C++ -*----------------------------------*\
| =========                 |                                                 |
| \\      /  F ield         | OpenFOAM: The Open Source CFD Toolbox           |
|  \\    /   O peration     | Version:  2312                                  |
|   \\  /    A nd           | Website:  www.openfoam.com                      |
|    \\/     M anipulation  |                                                 |
\*---------------------------------------------------------------------------*/
FoamFile
{
    version     2.0;
    format      ascii;
    arch        "LSB;label=32;scalar=64";
    class       volScalarField;
    location    "175.25";
    object      p;
}
// * * * * * * * * * * * * * * * * * * * * * * * * * * * * * * * * * * * * * //

dimensions      [0 2 -2 0 0 0 0];

internalField   nonuniform List<scalar> 
4800
(
-1.53365e-11
-1.06559e-06
-1.92909e-06
-2.65252e-06
-3.26813e-06
-3.81198e-06
-4.2921e-06
-4.7187e-06
-5.10349e-06
-5.45365e-06
-5.774e-06
-6.0649e-06
-6.31858e-06
-6.77364e-06
-8.37918e-06
1.23825e-08
-1.05263e-06
-1.91586e-06
-2.6395e-06
-3.25593e-06
-3.80127e-06
-4.2837e-06
-4.71367e-06
-5.10374e-06
-5.463e-06
-5.80097e-06
-6.13127e-06
-6.46619e-06
-6.91213e-06
-7.70867e-06
2.52555e-08
-1.03897e-06
-1.90192e-06
-2.62593e-06
-3.24231e-06
-3.78844e-06
-4.27273e-06
-4.70535e-06
-5.0995e-06
-5.46511e-06
-5.81281e-06
-6.15669e-06
-6.50307e-06
-6.85742e-06
-7.19199e-06
3.81187e-08
-1.02472e-06
-1.88686e-06
-2.61084e-06
-3.2267e-06
-3.77259e-06
-4.25795e-06
-4.69173e-06
-5.08702e-06
-5.4532e-06
-5.79811e-06
-6.12711e-06
-6.43029e-06
-6.67415e-06
-6.78636e-06
5.22662e-08
-1.00848e-06
-1.86914e-06
-2.59218e-06
-3.20777e-06
-3.75147e-06
-4.23647e-06
-4.66931e-06
-5.06168e-06
-5.42109e-06
-5.75039e-06
-6.04531e-06
-6.28512e-06
-6.42981e-06
-6.42336e-06
6.9173e-08
-9.88733e-07
-1.84716e-06
-2.56811e-06
-3.18324e-06
-3.72277e-06
-4.20476e-06
-4.63339e-06
-5.01752e-06
-5.36173e-06
-5.66379e-06
-5.91311e-06
-6.08718e-06
-6.15543e-06
-6.0893e-06
9.12673e-08
-9.63127e-07
-1.81843e-06
-2.53605e-06
-3.14879e-06
-3.68326e-06
-4.15856e-06
-4.57819e-06
-4.94774e-06
-5.26848e-06
-5.53476e-06
-5.73448e-06
-5.85022e-06
-5.86592e-06
-5.77414e-06
1.22788e-07
-9.27659e-07
-1.77892e-06
-2.49184e-06
-3.09946e-06
-3.62725e-06
-4.09179e-06
-4.49688e-06
-4.84538e-06
-5.13609e-06
-5.36262e-06
-5.51549e-06
-5.58525e-06
-5.56835e-06
-5.46899e-06
1.70314e-07
-8.76143e-07
-1.72247e-06
-2.42917e-06
-3.02916e-06
-3.54696e-06
-3.99645e-06
-4.38172e-06
-4.70386e-06
-4.961e-06
-5.14852e-06
-5.26178e-06
-5.29889e-06
-5.26432e-06
-5.16711e-06
2.42822e-07
-7.99988e-07
-1.64061e-06
-2.33947e-06
-2.93024e-06
-3.43338e-06
-3.86369e-06
-4.22483e-06
-4.51753e-06
-4.74105e-06
-4.89405e-06
-4.97697e-06
-4.99337e-06
-4.95179e-06
-4.86228e-06
3.51143e-07
-6.88502e-07
-1.52265e-06
-2.21187e-06
-2.78959e-06
-3.27613e-06
-3.68426e-06
-4.01883e-06
-4.28185e-06
-4.47489e-06
-4.6002e-06
-4.66221e-06
-4.66767e-06
-4.62645e-06
-4.54793e-06
5.07368e-07
-5.29412e-07
-1.35622e-06
-2.0342e-06
-2.59661e-06
-3.06437e-06
-3.44909e-06
-3.75727e-06
-3.99323e-06
-4.1613e-06
-4.26672e-06
-4.31645e-06
-4.3186e-06
-4.28285e-06
-4.21732e-06
7.25145e-07
-3.08722e-07
-1.12721e-06
-1.793e-06
-2.33873e-06
-2.78722e-06
-3.14966e-06
-3.43441e-06
-3.64839e-06
-3.79846e-06
-3.89189e-06
-3.93683e-06
-3.94158e-06
-3.91496e-06
-3.86379e-06
1.0207e-06
-9.86132e-09
-8.19096e-07
-1.46974e-06
-2.00191e-06
-2.43321e-06
-2.77705e-06
-3.04389e-06
-3.24288e-06
-3.3827e-06
-3.47174e-06
-3.51843e-06
-3.53065e-06
-3.51616e-06
-3.48063e-06
1.41328e-06
3.87128e-07
-4.13531e-07
-1.05239e-06
-1.57114e-06
-1.98927e-06
-2.32058e-06
-2.57703e-06
-2.76929e-06
-2.90705e-06
-2.99907e-06
-3.05358e-06
-3.0778e-06
-3.07847e-06
-3.06036e-06
1.92355e-06
9.04492e-07
1.11682e-07
-5.19367e-07
-1.02986e-06
-1.44093e-06
-1.76755e-06
-2.02255e-06
-2.21721e-06
-2.36142e-06
-2.46385e-06
-2.53226e-06
-2.57324e-06
-2.59268e-06
-2.59475e-06
2.56986e-06
1.56138e-06
7.75857e-07
1.47304e-07
-3.6228e-07
-7.74592e-07
-1.10571e-06
-1.36908e-06
-1.57587e-06
-1.73555e-06
-1.85626e-06
-1.94523e-06
-2.00849e-06
-2.0513e-06
-2.07746e-06
3.36416e-06
2.37063e-06
1.5898e-06
9.57744e-07
4.41325e-07
1.91833e-08
-3.26084e-07
-6.08125e-07
-8.37353e-07
-1.02228e-06
-1.17026e-06
-1.28786e-06
-1.38061e-06
-1.45324e-06
-1.50929e-06
4.30601e-06
3.33198e-06
2.555e-06
1.91435e-06
1.38499e-06
9.44789e-07
5.75754e-07
2.65039e-07
3.43992e-09
-2.16423e-07
-4.01034e-07
-5.56255e-07
-6.87121e-07
-7.97905e-07
-8.91943e-07
5.36546e-06
4.43776e-06
3.65957e-06
3.00827e-06
2.46027e-06
1.99425e-06
1.59342e-06
1.24619e-06
9.44444e-07
6.81746e-07
4.5236e-07
2.51114e-07
7.35254e-08
-8.4198e-08
-2.25243e-07
6.42015e-06
5.52663e-06
4.76202e-06
4.10452e-06
3.53587e-06
3.03854e-06
2.59918e-06
2.20862e-06
1.86005e-06
1.5478e-06
1.26683e-06
1.01275e-06
7.81702e-07
5.70433e-07
3.76099e-07
7.32116e-06
6.45576e-06
5.70176e-06
5.0417e-06
4.4558e-06
3.9304e-06
3.45639e-06
3.02686e-06
2.63593e-06
2.2785e-06
1.95017e-06
1.64721e-06
1.36637e-06
1.10493e-06
8.60429e-07
7.98123e-06
7.15487e-06
6.41887e-06
5.75898e-06
5.1613e-06
4.61616e-06
4.11668e-06
3.65718e-06
3.23254e-06
2.83834e-06
2.47084e-06
2.12694e-06
1.80396e-06
1.49963e-06
1.21191e-06
8.46167e-06
7.67256e-06
6.95453e-06
6.29794e-06
5.69431e-06
5.13667e-06
4.61928e-06
4.13721e-06
3.68618e-06
3.26256e-06
2.86332e-06
2.48593e-06
2.12819e-06
1.78831e-06
1.46461e-06
8.80173e-06
8.04416e-06
7.34373e-06
6.69405e-06
6.08952e-06
5.52482e-06
4.99518e-06
4.49652e-06
4.0254e-06
3.57896e-06
3.15476e-06
2.75078e-06
2.36527e-06
1.9968e-06
1.64407e-06
9.03402e-06
8.30454e-06
7.62186e-06
6.98147e-06
6.37935e-06
5.81138e-06
5.27379e-06
4.76337e-06
4.27741e-06
3.81368e-06
3.37025e-06
2.94556e-06
2.53825e-06
2.14723e-06
1.77147e-06
9.18862e-06
8.48465e-06
7.81912e-06
7.18884e-06
6.59091e-06
6.02221e-06
5.47983e-06
4.96128e-06
4.4645e-06
3.98778e-06
3.52965e-06
3.08893e-06
2.66461e-06
2.2559e-06
1.86204e-06
9.2894e-06
8.60826e-06
7.95857e-06
7.33832e-06
6.74548e-06
6.17764e-06
5.63259e-06
5.10851e-06
4.60384e-06
4.11733e-06
3.64791e-06
3.19475e-06
2.75712e-06
2.33451e-06
1.9264e-06
9.35382e-06
8.69276e-06
8.05738e-06
7.44667e-06
6.85917e-06
6.29304e-06
5.74667e-06
5.21877e-06
4.70825e-06
4.21425e-06
3.73605e-06
3.27309e-06
2.82493e-06
2.39129e-06
1.97186e-06
9.39422e-06
8.7507e-06
8.1281e-06
7.52617e-06
6.94382e-06
6.3797e-06
5.83276e-06
5.30215e-06
4.78718e-06
4.28729e-06
3.80208e-06
3.33125e-06
2.87461e-06
2.43206e-06
2.00347e-06
9.41914e-06
8.79088e-06
8.17958e-06
7.58551e-06
7.00786e-06
6.44577e-06
5.89864e-06
5.366e-06
4.84747e-06
4.34281e-06
3.85185e-06
3.37455e-06
2.9109e-06
2.461e-06
2.02488e-06
9.43437e-06
8.81937e-06
8.21797e-06
7.63078e-06
7.05729e-06
6.49708e-06
5.94991e-06
5.41562e-06
4.89413e-06
4.38545e-06
3.88966e-06
3.40689e-06
2.93733e-06
2.48122e-06
2.03875e-06
9.44372e-06
8.84023e-06
8.24745e-06
7.66622e-06
7.09633e-06
6.53775e-06
5.99055e-06
5.45483e-06
4.93078e-06
4.41863e-06
3.91864e-06
3.43115e-06
2.95649e-06
2.49505e-06
2.04712e-06
9.44962e-06
8.85616e-06
8.27084e-06
7.69472e-06
7.12791e-06
6.5707e-06
6.02341e-06
5.4864e-06
4.96005e-06
4.44481e-06
3.94112e-06
3.44947e-06
2.97033e-06
2.50421e-06
2.05153e-06
9.45361e-06
8.86889e-06
8.28999e-06
7.71826e-06
7.15406e-06
6.59796e-06
6.0505e-06
5.51225e-06
4.98381e-06
4.46578e-06
3.95877e-06
3.46341e-06
2.98029e-06
2.51003e-06
2.05313e-06
9.45662e-06
8.87944e-06
8.3061e-06
7.73812e-06
7.17613e-06
6.6209e-06
6.07319e-06
5.53377e-06
5.00339e-06
4.48282e-06
3.97281e-06
3.47411e-06
2.98742e-06
2.51345e-06
2.05281e-06
9.45908e-06
8.88844e-06
8.3199e-06
7.75512e-06
7.19497e-06
6.64042e-06
6.0924e-06
5.55185e-06
5.01969e-06
4.4968e-06
3.98408e-06
3.48237e-06
2.99247e-06
2.5152e-06
2.05122e-06
9.4613e-06
8.89638e-06
8.33199e-06
7.76995e-06
7.21135e-06
6.65731e-06
6.10895e-06
5.56733e-06
5.03351e-06
4.50851e-06
3.9933e-06
3.48885e-06
2.99604e-06
2.51576e-06
2.04875e-06
9.46354e-06
8.9039e-06
8.34329e-06
7.78373e-06
7.2265e-06
6.67288e-06
6.12412e-06
5.58143e-06
5.04598e-06
4.51892e-06
4.00132e-06
3.49422e-06
2.9986e-06
2.51542e-06
2.04551e-06
9.46582e-06
8.91119e-06
8.35416e-06
7.79693e-06
7.2409e-06
6.68754e-06
6.13826e-06
5.59441e-06
5.05729e-06
4.52817e-06
4.00824e-06
3.49863e-06
3.0004e-06
2.51458e-06
2.04197e-06
-9.59694e-06
-7.22766e-06
-5.78885e-06
-4.82785e-06
-4.06935e-06
-3.49762e-06
-3.06424e-06
-2.73552e-06
-2.48752e-06
-2.30015e-06
-2.15582e-06
-2.03829e-06
-1.93189e-06
-1.82152e-06
-1.69241e-06
-1.53182e-06
-1.33003e-06
-1.08731e-06
-8.16109e-07
-5.51517e-07
-3.52713e-07
-2.91268e-07
-4.01576e-07
-5.75606e-07
-6.74505e-07
-6.17067e-07
-3.58771e-07
1.1912e-07
8.29094e-07
1.77325e-06
2.95314e-06
4.35926e-06
5.97103e-06
7.762e-06
9.69174e-06
1.1711e-05
1.3762e-05
1.57778e-05
1.76791e-05
1.93661e-05
2.06982e-05
2.14759e-05
2.1264e-05
1.96895e-05
1.5221e-05
-7.97829e-06
-6.71374e-06
-5.60949e-06
-4.74701e-06
-4.03286e-06
-3.47572e-06
-3.04739e-06
-2.72074e-06
-2.47406e-06
-2.28802e-06
-2.14521e-06
-2.02932e-06
-1.92457e-06
-1.81578e-06
-1.68823e-06
-1.52923e-06
-1.32914e-06
-1.08823e-06
-8.18594e-07
-5.5429e-07
-3.52889e-07
-2.83857e-07
-3.81429e-07
-5.4113e-07
-6.27387e-07
-5.60291e-07
-2.95917e-07
1.84437e-07
8.93034e-07
1.83128e-06
2.99971e-06
4.38683e-06
5.96931e-06
7.7184e-06
9.59016e-06
1.15307e-05
1.34753e-05
1.53469e-05
1.70499e-05
1.84557e-05
1.93694e-05
1.94799e-05
1.8172e-05
1.471e-05
7.94342e-06
-7.13326e-06
-6.32101e-06
-5.42575e-06
-4.65309e-06
-3.98822e-06
-3.45135e-06
-3.03094e-06
-2.70746e-06
-2.46224e-06
-2.27727e-06
-2.13557e-06
-2.02086e-06
-1.91731e-06
-1.80971e-06
-1.6834e-06
-1.52578e-06
-1.32733e-06
-1.08836e-06
-8.20499e-07
-5.56727e-07
-3.52778e-07
-2.75657e-07
-3.59275e-07
-5.03082e-07
-5.75304e-07
-4.97578e-07
-2.26805e-07
2.55556e-07
9.61316e-07
1.89105e-06
3.04389e-06
4.40597e-06
5.95033e-06
7.64541e-06
9.44294e-06
1.12832e-05
1.30937e-05
1.47859e-05
1.62478e-05
1.73275e-05
1.77999e-05
1.73275e-05
1.53709e-05
1.15198e-05
5.55777e-06
-6.60659e-06
-6.00473e-06
-5.27336e-06
-4.57138e-06
-3.95334e-06
-3.4375e-06
-3.02456e-06
-2.70299e-06
-2.45755e-06
-2.27191e-06
-2.12974e-06
-2.0149e-06
-1.9115e-06
-1.8043e-06
-1.67868e-06
-1.5221e-06
-1.32517e-06
-1.08815e-06
-8.22218e-07
-5.5908e-07
-3.52489e-07
-2.66696e-07
-3.35123e-07
-4.61428e-07
-5.1801e-07
-4.28169e-07
-1.49892e-07
3.35053e-07
1.03776e-06
1.95745e-06
3.09196e-06
4.42409e-06
5.9223e-06
7.55167e-06
9.25883e-06
1.09775e-05
1.26271e-05
1.41088e-05
1.52984e-05
1.6034e-05
1.6096e-05
1.52003e-05
1.29979e-05
9.30113e-06
4.35568e-06
-6.20519e-06
-5.73206e-06
-5.12848e-06
-4.51006e-06
-3.93501e-06
-3.43959e-06
-3.03313e-06
-2.71144e-06
-2.46317e-06
-2.27415e-06
-2.12906e-06
-2.01198e-06
-1.90703e-06
-1.79893e-06
-1.67313e-06
-1.51712e-06
-1.32156e-06
-1.08669e-06
-8.231e-07
-5.60995e-07
-3.5192e-07
-2.56981e-07
-3.08922e-07
-4.16087e-07
-4.55602e-07
-3.52554e-07
-6.63832e-08
4.20729e-07
1.11871e-06
2.02426e-06
3.13645e-06
4.4311e-06
5.87261e-06
7.4225e-06
9.02204e-06
1.05987e-05
1.2065e-05
1.33153e-05
1.42221e-05
1.46301e-05
1.43539e-05
1.31947e-05
1.09797e-05
7.69833e-06
3.66423e-06
-5.87364e-06
-5.49009e-06
-4.98742e-06
-4.45343e-06
-3.92964e-06
-3.45675e-06
-3.0578e-06
-2.73505e-06
-2.4817e-06
-2.28645e-06
-2.13551e-06
-2.01351e-06
-1.9047e-06
-1.7939e-06
-1.66664e-06
-1.51042e-06
-1.31599e-06
-1.08343e-06
-8.22716e-07
-5.62205e-07
-3.5099e-07
-2.46561e-07
-2.8075e-07
-3.67148e-07
-3.8831e-07
-2.71215e-07
2.28148e-08
5.11167e-07
1.20051e-06
2.0872e-06
3.17218e-06
4.41937e-06
5.79173e-06
7.24685e-06
8.72104e-06
1.01367e-05
1.14025e-05
1.24115e-05
1.30427e-05
1.31622e-05
1.26337e-05
1.13445e-05
9.2471e-06
6.43432e-06
3.19148e-06
-5.57682e-06
-5.26262e-06
-4.84905e-06
-4.38524e-06
-3.92047e-06
-3.481e-06
-3.09422e-06
-2.7721e-06
-2.5131e-06
-2.30972e-06
-2.15041e-06
-2.02072e-06
-1.90544e-06
-1.78975e-06
-1.65941e-06
-1.50197e-06
-1.30823e-06
-1.07814e-06
-8.20865e-07
-5.62607e-07
-3.49747e-07
-2.35628e-07
-2.50886e-07
-3.14961e-07
-3.16692e-07
-1.84938e-07
1.16659e-07
6.04071e-07
1.27764e-06
2.14556e-06
3.19441e-06
4.38191e-06
5.67158e-06
7.01607e-06
8.3479e-06
9.58674e-06
1.06411e-05
1.14107e-05
1.17884e-05
1.16712e-05
1.09735e-05
9.65179e-06
7.73139e-06
5.33729e-06
2.69685e-06
-5.29399e-06
-5.03493e-06
-4.6965e-06
-4.30457e-06
-3.89377e-06
-3.49648e-06
-3.13167e-06
-2.81545e-06
-2.55268e-06
-2.3414e-06
-2.17266e-06
-2.03323e-06
-1.90914e-06
-1.78642e-06
-1.65132e-06
-1.49155e-06
-1.29806e-06
-1.0706e-06
-8.17461e-07
-5.62258e-07
-3.48454e-07
-2.24657e-07
-2.19967e-07
-2.60305e-07
-2.42002e-07
-9.51608e-08
2.12687e-07
6.9177e-07
1.35104e-06
2.19612e-06
3.19457e-06
4.30945e-06
5.50258e-06
6.72099e-06
7.89557e-06
8.94686e-06
9.78796e-06
1.033e-05
1.04871e-05
1.01889e-05
9.39308e-06
8.10193e-06
6.37444e-06
4.33168e-06
2.14456e-06
-5.01443e-06
-4.7999e-06
-4.52331e-06
-4.19751e-06
-3.84469e-06
-3.49011e-06
-3.15485e-06
-2.85342e-06
-2.59121e-06
-2.37489e-06
-2.19807e-06
-2.04831e-06
-1.91399e-06
-1.78268e-06
-1.64152e-06
-1.4786e-06
-1.28511e-06
-1.06067e-06
-8.12612e-07
-5.61478e-07
-3.47755e-07
-2.14611e-07
-1.89243e-07
-2.04633e-07
-1.66163e-07
-4.5411e-09
3.03668e-07
7.73764e-07
1.4202e-06
2.226e-06
3.16096e-06
4.19138e-06
5.27373e-06
6.35201e-06
7.35809e-06
8.21663e-06
8.85107e-06
9.18707e-06
9.16233e-06
8.7357e-06
7.89654e-06
6.67243e-06
5.13165e-06
3.37789e-06
1.53623e-06
-4.73097e-06
-4.55321e-06
-4.32734e-06
-4.05915e-06
-3.76194e-06
-3.45368e-06
-3.1524e-06
-2.87066e-06
-2.61704e-06
-2.40154e-06
-2.21985e-06
-2.06081e-06
-1.91628e-06
-1.77599e-06
-1.62837e-06
-1.46211e-06
-1.26894e-06
-1.04839e-06
-8.06857e-07
-5.61022e-07
-3.48897e-07
-2.07236e-07
-1.60957e-07
-1.50815e-07
-8.9818e-08
7.93236e-08
3.85764e-07
8.50561e-07
1.46833e-06
2.22107e-06
3.08249e-06
4.01546e-06
4.97322e-06
5.89979e-06
6.73124e-06
7.39945e-06
7.84063e-06
7.99801e-06
7.83086e-06
7.32095e-06
6.47728e-06
5.33803e-06
3.96794e-06
2.45034e-06
8.76008e-07
-4.43699e-06
-4.29048e-06
-4.10663e-06
-3.88766e-06
-3.64097e-06
-3.37851e-06
-3.11432e-06
-2.85668e-06
-2.62027e-06
-2.41105e-06
-2.22796e-06
-2.06338e-06
-1.91074e-06
-1.76276e-06
-1.60961e-06
-1.44091e-06
-1.2492e-06
-1.03406e-06
-8.01274e-07
-5.62661e-07
-3.54071e-07
-2.05437e-07
-1.38835e-07
-1.0426e-07
-2.23148e-08
1.52929e-07
4.5831e-07
9.03898e-07
1.48105e-06
2.17113e-06
2.94659e-06
3.76839e-06
4.58939e-06
5.35618e-06
6.01155e-06
6.49923e-06
6.76706e-06
6.77577e-06
6.50275e-06
5.94535e-06
5.12264e-06
4.07417e-06
2.85569e-06
1.53184e-06
1.68595e-07
-4.12591e-06
-4.00671e-06
-3.8584e-06
-3.6814e-06
-3.47946e-06
-3.26004e-06
-3.0328e-06
-2.80564e-06
-2.5899e-06
-2.39325e-06
-2.21381e-06
-2.04771e-06
-1.89154e-06
-1.73928e-06
-1.58309e-06
-1.41429e-06
-1.22641e-06
-1.01903e-06
-7.96242e-07
-5.70116e-07
-3.67159e-07
-2.1377e-07
-1.28626e-07
-7.10593e-08
2.67281e-08
2.09288e-07
5.05239e-07
9.20679e-07
1.44631e-06
2.06194e-06
2.73837e-06
3.43669e-06
4.11202e-06
4.71631e-06
5.20165e-06
5.52223e-06
5.64e-06
5.53012e-06
5.18288e-06
4.60481e-06
3.81844e-06
2.85977e-06
1.77423e-06
6.10951e-07
-5.81914e-07
-3.79132e-06
-3.69676e-06
-3.57929e-06
-3.43858e-06
-3.27626e-06
-3.09674e-06
-2.90644e-06
-2.71259e-06
-2.52205e-06
-2.34105e-06
-2.17057e-06
-2.00943e-06
-1.85505e-06
-1.70314e-06
-1.54796e-06
-1.38288e-06
-1.20235e-06
-1.00594e-06
-7.96632e-07
-5.87228e-07
-3.93324e-07
-2.3884e-07
-1.38559e-07
-6.12602e-08
4.857e-08
2.31666e-07
5.09582e-07
8.85065e-07
1.34746e-06
1.87644e-06
2.44241e-06
3.00835e-06
3.53414e-06
3.9796e-06
4.30559e-06
4.47758e-06
4.47023e-06
4.26957e-06
3.87406e-06
3.29451e-06
2.55284e-06
1.67947e-06
7.10076e-07
-3.18481e-07
-1.37091e-06
-3.42702e-06
-3.35549e-06
-3.2658e-06
-3.15738e-06
-3.0307e-06
-2.88824e-06
-2.73414e-06
-2.57339e-06
-2.41098e-06
-2.25114e-06
-2.09595e-06
-1.94592e-06
-1.7996e-06
-1.65399e-06
-1.50536e-06
-1.34916e-06
-1.18108e-06
-1.00032e-06
-8.10263e-07
-6.19259e-07
-4.39919e-07
-2.89726e-07
-1.79789e-07
-8.80757e-08
2.79917e-08
2.02805e-07
4.53021e-07
7.78397e-07
1.16619e-06
1.59755e-06
2.04525e-06
2.47503e-06
2.85498e-06
3.15117e-06
3.33344e-06
3.37843e-06
3.27073e-06
3.0038e-06
2.58055e-06
2.01272e-06
1.31954e-06
5.25417e-07
-3.4238e-07
-1.25647e-06
-2.19093e-06
-3.02642e-06
-2.97766e-06
-2.91431e-06
-2.83587e-06
-2.74227e-06
-2.63476e-06
-2.51583e-06
-2.38875e-06
-2.25693e-06
-2.12344e-06
-1.9902e-06
-1.85792e-06
-1.72645e-06
-1.59447e-06
-1.45982e-06
-1.31916e-06
-1.16946e-06
-1.01027e-06
-8.44175e-07
-6.76617e-07
-5.17753e-07
-3.78496e-07
-2.66683e-07
-1.68316e-07
-5.3893e-08
1.03057e-07
3.15274e-07
5.80513e-07
8.84257e-07
1.21147e-06
1.53759e-06
1.83733e-06
2.08033e-06
2.24134e-06
2.29989e-06
2.24129e-06
2.05697e-06
1.74496e-06
1.30997e-06
7.62821e-07
1.19187e-07
-6.02076e-07
-1.38059e-06
-2.1962e-06
-3.02988e-06
-2.58262e-06
-2.55799e-06
-2.52144e-06
-2.47265e-06
-2.41139e-06
-2.33823e-06
-2.25457e-06
-2.16244e-06
-2.06419e-06
-1.9617e-06
-1.8572e-06
-1.75123e-06
-1.64219e-06
-1.53059e-06
-1.41886e-06
-1.30203e-06
-1.17772e-06
-1.04637e-06
-9.10253e-07
-7.72945e-07
-6.40654e-07
-5.2005e-07
-4.16429e-07
-3.22003e-07
-2.19033e-07
-8.97475e-08
7.49574e-08
2.73771e-07
4.8731e-07
7.12706e-07
9.24536e-07
1.10039e-06
1.21998e-06
1.26567e-06
1.22384e-06
1.08556e-06
8.46666e-07
5.07644e-07
7.34805e-08
-4.46842e-07
-1.04121e-06
-1.69555e-06
-2.39493e-06
-3.12466e-06
-3.87082e-06
-2.09065e-06
-2.09319e-06
-2.08584e-06
-2.06847e-06
-2.0409e-06
-2.00342e-06
-1.95674e-06
-1.90222e-06
-1.84098e-06
-1.77505e-06
-1.7029e-06
-1.62635e-06
-1.55353e-06
-1.47738e-06
-1.39634e-06
-1.31048e-06
-1.21921e-06
-1.12344e-06
-1.02442e-06
-9.24074e-07
-8.25472e-07
-7.32109e-07
-6.47762e-07
-5.6976e-07
-4.89945e-07
-3.99438e-07
-2.88923e-07
-1.7235e-07
-3.11018e-08
9.91314e-08
2.04572e-07
2.72404e-07
2.89472e-07
2.43714e-07
1.2609e-07
-6.85967e-08
-3.41951e-07
-6.92414e-07
-1.11556e-06
-1.60445e-06
-2.15016e-06
-2.74249e-06
-3.37072e-06
-4.02424e-06
-4.69293e-06
-1.55299e-06
-1.58733e-06
-1.61326e-06
-1.63091e-06
-1.6403e-06
-1.64162e-06
-1.63527e-06
-1.62194e-06
-1.60228e-06
-1.5772e-06
-1.54731e-06
-1.51496e-06
-1.48268e-06
-1.44755e-06
-1.40575e-06
-1.36005e-06
-1.31123e-06
-1.25941e-06
-1.20474e-06
-1.1482e-06
-1.09088e-06
-1.03447e-06
-9.80738e-07
-9.2963e-07
-8.84959e-07
-8.42349e-07
-7.96432e-07
-7.29201e-07
-6.68524e-07
-6.2707e-07
-6.11366e-07
-6.29469e-07
-6.90663e-07
-8.03161e-07
-9.72638e-07
-1.20199e-06
-1.49166e-06
-1.83995e-06
-2.24334e-06
-2.69676e-06
-3.19388e-06
-3.72758e-06
-4.29031e-06
-4.87454e-06
-5.47293e-06
-9.73961e-07
-1.04743e-06
-1.1134e-06
-1.17227e-06
-1.22436e-06
-1.26993e-06
-1.30934e-06
-1.34303e-06
-1.37157e-06
-1.39567e-06
-1.41611e-06
-1.43361e-06
-1.44836e-06
-1.45966e-06
-1.46736e-06
-1.47234e-06
-1.47468e-06
-1.47408e-06
-1.4705e-06
-1.46429e-06
-1.45553e-06
-1.44531e-06
-1.43342e-06
-1.42094e-06
-1.41675e-06
-1.41564e-06
-1.40968e-06
-1.40628e-06
-1.41755e-06
-1.44702e-06
-1.49863e-06
-1.57878e-06
-1.69404e-06
-1.84954e-06
-2.04862e-06
-2.29306e-06
-2.58305e-06
-2.9173e-06
-3.29323e-06
-3.70728e-06
-4.15517e-06
-4.63206e-06
-5.13283e-06
-5.65221e-06
-6.18499e-06
-3.55105e-07
-4.77759e-07
-5.9393e-07
-7.03814e-07
-8.07838e-07
-9.06435e-07
-9.99991e-07
-1.08886e-06
-1.17341e-06
-1.25403e-06
-1.33107e-06
-1.40478e-06
-1.47543e-06
-1.54326e-06
-1.60832e-06
-1.67059e-06
-1.72973e-06
-1.78554e-06
-1.83793e-06
-1.88637e-06
-1.93155e-06
-1.97296e-06
-2.01032e-06
-2.04868e-06
-2.08471e-06
-2.1129e-06
-2.14399e-06
-2.192e-06
-2.25514e-06
-2.3323e-06
-2.42739e-06
-2.54574e-06
-2.69156e-06
-2.86773e-06
-3.07632e-06
-3.31868e-06
-3.59516e-06
-3.905e-06
-4.24655e-06
-4.61749e-06
-5.01506e-06
-5.43612e-06
-5.87731e-06
-6.33507e-06
-6.80578e-06
1.93253e-07
1.76092e-08
-1.51789e-07
-3.15311e-07
-4.73494e-07
-6.26807e-07
-7.75585e-07
-9.20077e-07
-1.0605e-06
-1.19706e-06
-1.32998e-06
-1.45946e-06
-1.5857e-06
-1.70873e-06
-1.82844e-06
-1.94458e-06
-2.05685e-06
-2.16493e-06
-2.26829e-06
-2.36673e-06
-2.46017e-06
-2.54822e-06
-2.63018e-06
-2.69709e-06
-2.76942e-06
-2.83144e-06
-2.90095e-06
-2.98263e-06
-3.07443e-06
-3.17701e-06
-3.29373e-06
-3.4281e-06
-3.58284e-06
-3.76015e-06
-3.9618e-06
-4.18902e-06
-4.44226e-06
-4.7212e-06
-5.02489e-06
-5.352e-06
-5.70086e-06
-6.06955e-06
-6.45589e-06
-6.85755e-06
-7.27209e-06
6.2757e-07
4.01819e-07
1.82168e-07
-3.16618e-08
-2.4012e-07
-4.43583e-07
-6.42297e-07
-8.36409e-07
-1.02603e-06
-1.21128e-06
-1.39225e-06
-1.56901e-06
-1.74158e-06
-1.90985e-06
-2.07363e-06
-2.23262e-06
-2.38648e-06
-2.53469e-06
-2.67693e-06
-2.81284e-06
-2.94235e-06
-3.06743e-06
-3.18519e-06
-3.29455e-06
-3.37512e-06
-3.46105e-06
-3.5522e-06
-3.64849e-06
-3.75152e-06
-3.86351e-06
-3.98676e-06
-4.12351e-06
-4.27586e-06
-4.44565e-06
-4.63439e-06
-4.84312e-06
-5.07238e-06
-5.32218e-06
-5.59215e-06
-5.88158e-06
-6.18953e-06
-6.51485e-06
-6.85616e-06
-7.21198e-06
-7.58073e-06
9.3595e-07
6.67339e-07
4.05076e-07
1.48968e-07
-1.01293e-07
-3.45937e-07
-5.8509e-07
-8.188e-07
-1.04709e-06
-1.26997e-06
-1.48744e-06
-1.69947e-06
-1.90596e-06
-2.10675e-06
-2.30159e-06
-2.49016e-06
-2.67206e-06
-2.84687e-06
-3.01428e-06
-3.17397e-06
-3.32634e-06
-3.47254e-06
-3.60661e-06
-3.72523e-06
-3.82969e-06
-3.93061e-06
-4.0304e-06
-4.13185e-06
-4.23809e-06
-4.35144e-06
-4.47377e-06
-4.60698e-06
-4.75293e-06
-4.91324e-06
-5.08918e-06
-5.28168e-06
-5.49131e-06
-5.71833e-06
-5.96272e-06
-6.22425e-06
-6.50242e-06
-6.79657e-06
-7.10581e-06
-7.42916e-06
-7.76553e-06
1.15277e-06
8.48713e-07
5.51526e-07
2.61126e-07
-2.26451e-08
-2.99876e-07
-5.70575e-07
-8.34697e-07
-1.09218e-06
-1.34297e-06
-1.58697e-06
-1.8241e-06
-2.05421e-06
-2.2771e-06
-2.49252e-06
-2.70015e-06
-2.89968e-06
-3.09074e-06
-3.27313e-06
-3.4467e-06
-3.61174e-06
-3.76873e-06
-3.91253e-06
-4.04056e-06
-4.1559e-06
-4.26353e-06
-4.36766e-06
-4.47206e-06
-4.57967e-06
-4.69269e-06
-4.813e-06
-4.94241e-06
-5.08259e-06
-5.23496e-06
-5.40067e-06
-5.58064e-06
-5.77558e-06
-5.98594e-06
-6.21195e-06
-6.45363e-06
-6.7108e-06
-6.9831e-06
-7.27001e-06
-7.5709e-06
-7.88504e-06
1.30329e-06
9.70822e-07
6.45917e-07
3.28599e-07
1.88438e-08
-2.83312e-07
-5.77774e-07
-8.64419e-07
-1.14313e-06
-1.41379e-06
-1.67628e-06
-1.93046e-06
-2.17617e-06
-2.41323e-06
-2.64141e-06
-2.86045e-06
-3.07014e-06
-3.27025e-06
-3.46069e-06
-3.64142e-06
-3.81273e-06
-3.97528e-06
-4.12481e-06
-4.25833e-06
-4.37855e-06
-4.49028e-06
-4.5978e-06
-4.70444e-06
-4.81288e-06
-4.92535e-06
-5.04384e-06
-5.1701e-06
-5.30569e-06
-5.45196e-06
-5.61006e-06
-5.78096e-06
-5.96546e-06
-6.16415e-06
-6.37743e-06
-6.60552e-06
-6.84846e-06
-7.10614e-06
-7.37826e-06
-7.66445e-06
-7.96423e-06
1.40777e-06
1.05297e-06
7.06507e-07
3.68497e-07
3.90277e-08
-2.81763e-07
-5.93702e-07
-8.9661e-07
-1.19033e-06
-1.47471e-06
-1.74961e-06
-2.01489e-06
-2.27041e-06
-2.51598e-06
-2.75148e-06
-2.97671e-06
-3.19158e-06
-3.396e-06
-3.59004e-06
-3.77379e-06
-3.94776e-06
-4.1126e-06
-4.26456e-06
-4.40066e-06
-4.5239e-06
-4.6387e-06
-4.7487e-06
-4.85694e-06
-4.96601e-06
-5.07822e-06
-5.19553e-06
-5.31965e-06
-5.45212e-06
-5.59426e-06
-5.74729e-06
-5.91222e-06
-6.08992e-06
-6.28108e-06
-6.48624e-06
-6.70573e-06
-6.93977e-06
-7.18839e-06
-7.4515e-06
-7.72891e-06
-8.02033e-06
1.48034e-06
1.10818e-06
7.45129e-07
3.91395e-07
4.71535e-08
-2.87379e-07
-6.11971e-07
-9.26406e-07
-1.2305e-06
-1.5241e-06
-1.80706e-06
-2.07924e-06
-2.34053e-06
-2.5908e-06
-2.83e-06
-3.05803e-06
-3.27492e-06
-3.4807e-06
-3.6756e-06
-3.85991e-06
-4.03445e-06
-4.19935e-06
-4.3517e-06
-4.48905e-06
-4.61428e-06
-4.73116e-06
-4.84292e-06
-4.95244e-06
-5.06226e-06
-5.17462e-06
-5.29143e-06
-5.41441e-06
-5.54509e-06
-5.68483e-06
-5.83486e-06
-5.99626e-06
-6.16994e-06
-6.35665e-06
-6.55703e-06
-6.77153e-06
-7.00047e-06
-7.24405e-06
-7.50232e-06
-7.77522e-06
-8.06261e-06
1.53059e-06
1.14492e-06
7.69125e-07
4.03461e-07
4.81771e-08
-2.96446e-07
-6.3014e-07
-9.52669e-07
-1.26384e-06
-1.56349e-06
-1.85149e-06
-2.12772e-06
-2.39212e-06
-2.64461e-06
-2.88521e-06
-3.11393e-06
-3.33091e-06
-3.5363e-06
-3.73046e-06
-3.91377e-06
-4.08701e-06
-4.25114e-06
-4.40286e-06
-4.5406e-06
-4.66693e-06
-4.78514e-06
-4.89818e-06
-5.00879e-06
-5.1194e-06
-5.23217e-06
-5.34898e-06
-5.47154e-06
-5.60141e-06
-5.73995e-06
-5.88842e-06
-6.04792e-06
-6.21943e-06
-6.40377e-06
-6.60165e-06
-6.81363e-06
-7.04015e-06
-7.28148e-06
-7.5378e-06
-7.80916e-06
-8.09551e-06
1.56487e-06
1.16861e-06
7.8293e-07
4.08135e-07
4.45379e-08
-3.07537e-07
-6.47798e-07
-9.76001e-07
-1.29195e-06
-1.59549e-06
-1.8865e-06
-2.16491e-06
-2.43068e-06
-2.68382e-06
-2.92441e-06
-3.15254e-06
-3.36846e-06
-3.57243e-06
-3.76492e-06
-3.94641e-06
-4.11777e-06
-4.28004e-06
-4.43041e-06
-4.56787e-06
-4.69464e-06
-4.81359e-06
-4.9275e-06
-5.03895e-06
-5.15027e-06
-5.26352e-06
-5.38058e-06
-5.50315e-06
-5.63275e-06
-5.7708e-06
-5.91857e-06
-6.07721e-06
-6.24775e-06
-6.43108e-06
-6.62799e-06
-6.8391e-06
-7.06493e-06
-7.30586e-06
-7.56213e-06
-7.83387e-06
-8.12111e-06
1.5875e-06
1.18279e-06
7.89316e-07
4.07423e-07
3.74744e-08
-3.20175e-07
-6.65222e-07
-9.9742e-07
-1.31658e-06
-1.62255e-06
-1.91524e-06
-2.19461e-06
-2.46066e-06
-2.71348e-06
-2.95319e-06
-3.17999e-06
-3.3942e-06
-3.59616e-06
-3.78646e-06
-3.96566e-06
-4.1348e-06
-4.29457e-06
-4.44313e-06
-4.57979e-06
-4.70645e-06
-4.82566e-06
-4.94005e-06
-5.05206e-06
-5.16391e-06
-5.27759e-06
-5.39494e-06
-5.51764e-06
-5.64725e-06
-5.78517e-06
-5.93274e-06
-6.09113e-06
-6.26142e-06
-6.44457e-06
-6.64142e-06
-6.85266e-06
-7.07887e-06
-7.3205e-06
-7.57787e-06
-7.85117e-06
-8.14049e-06
1.60152e-06
1.18994e-06
7.90191e-07
4.02666e-07
2.77692e-08
-3.3413e-07
-6.82723e-07
-1.01776e-06
-1.33907e-06
-1.6465e-06
-1.94001e-06
-2.21957e-06
-2.48525e-06
-2.73716e-06
-2.97551e-06
-3.20057e-06
-3.41271e-06
-3.61236e-06
-3.8002e-06
-3.97685e-06
-4.14353e-06
-4.30055e-06
-4.44698e-06
-4.58247e-06
-4.70859e-06
-4.82766e-06
-4.94219e-06
-5.05447e-06
-5.16662e-06
-5.28057e-06
-5.39813e-06
-5.52097e-06
-5.65064e-06
-5.7886e-06
-5.93618e-06
-6.09462e-06
-6.26504e-06
-6.44844e-06
-6.64572e-06
-6.85763e-06
-7.08482e-06
-7.32778e-06
-7.58689e-06
-7.8624e-06
-8.15444e-06
1.60921e-06
1.19191e-06
7.86998e-07
3.94903e-07
1.60568e-08
-3.49161e-07
-7.00441e-07
-1.03754e-06
-1.36029e-06
-1.66857e-06
-1.96234e-06
-2.24163e-06
-2.50654e-06
-2.75723e-06
-2.99397e-06
-3.21708e-06
-3.42701e-06
-3.62425e-06
-3.80951e-06
-3.98345e-06
-4.14695e-06
-4.30178e-06
-4.44592e-06
-4.57998e-06
-4.70525e-06
-4.82387e-06
-4.93824e-06
-5.05052e-06
-5.16273e-06
-5.27676e-06
-5.39439e-06
-5.51727e-06
-5.64697e-06
-5.78497e-06
-5.93263e-06
-6.09122e-06
-6.2619e-06
-6.44574e-06
-6.64367e-06
-6.8565e-06
-7.08493e-06
-7.32951e-06
-7.59066e-06
-7.86866e-06
-8.16369e-06
1.61229e-06
1.19014e-06
7.80882e-07
3.84991e-07
2.9129e-09
-3.64968e-07
-7.18342e-07
-1.05697e-06
-1.3807e-06
-1.68942e-06
-1.98313e-06
-2.26189e-06
-2.52582e-06
-2.77516e-06
-3.01019e-06
-3.2313e-06
-3.43899e-06
-3.63381e-06
-3.81653e-06
-3.98783e-06
-4.14886e-06
-4.30077e-06
-4.44247e-06
-4.57495e-06
-4.69917e-06
-4.81709e-06
-4.93105e-06
-5.0431e-06
-5.15516e-06
-5.26909e-06
-5.38662e-06
-5.50941e-06
-5.63905e-06
-5.77702e-06
-5.92471e-06
-6.08343e-06
-6.2544e-06
-6.4387e-06
-6.63733e-06
-6.85115e-06
-7.08089e-06
-7.32715e-06
-7.5904e-06
-7.87095e-06
-8.16901e-06
1.6121e-06
1.18575e-06
7.72766e-07
3.7365e-07
-1.11395e-08
-3.81217e-07
-7.36274e-07
-1.07608e-06
-1.40049e-06
-1.70942e-06
-2.00288e-06
-2.28096e-06
-2.54384e-06
-2.79177e-06
-3.02509e-06
-3.24424e-06
-3.44975e-06
-3.64224e-06
-3.82249e-06
-3.99127e-06
-4.14981e-06
-4.29893e-06
-4.43816e-06
-4.569e-06
-4.69204e-06
-4.8091e-06
-4.92247e-06
-5.0341e-06
-5.14583e-06
-5.25948e-06
-5.37677e-06
-5.49935e-06
-5.6288e-06
-5.76663e-06
-5.91427e-06
-6.07307e-06
-6.24425e-06
-6.42897e-06
-6.62825e-06
-6.84301e-06
-7.07401e-06
-7.32189e-06
-7.58717e-06
-7.87018e-06
-8.17114e-06
1.60965e-06
1.17961e-06
7.63385e-07
3.61478e-07
-2.56367e-08
-3.97572e-07
-7.54022e-07
-1.09476e-06
-1.41966e-06
-1.72865e-06
-2.02177e-06
-2.29913e-06
-2.56094e-06
-2.8075e-06
-3.03917e-06
-3.25644e-06
-3.45988e-06
-3.65015e-06
-3.82808e-06
-3.99445e-06
-4.15058e-06
-4.29702e-06
-4.43393e-06
-4.56309e-06
-4.68488e-06
-4.80095e-06
-4.91362e-06
-5.02468e-06
-5.13595e-06
-5.24919e-06
-5.3661e-06
-5.48834e-06
-5.6175e-06
-5.7551e-06
-5.9026e-06
-6.06136e-06
-6.23267e-06
-6.41771e-06
-6.61755e-06
-6.83314e-06
-7.06528e-06
-7.31466e-06
-7.58181e-06
-7.8671e-06
-8.17078e-06
1.60573e-06
1.17243e-06
7.53337e-07
3.48983e-07
-4.01574e-08
-4.13694e-07
-7.71325e-07
-1.11283e-06
-1.43809e-06
-1.74707e-06
-2.03981e-06
-2.31645e-06
-2.57723e-06
-2.82248e-06
-3.0526e-06
-3.26811e-06
-3.46962e-06
-3.65783e-06
-3.83358e-06
-3.99769e-06
-4.15153e-06
-4.29541e-06
-4.43024e-06
-4.55771e-06
-4.6782e-06
-4.79325e-06
-4.90512e-06
-5.01553e-06
-5.12624e-06
-5.23898e-06
-5.35542e-06
-5.47723e-06
-5.60601e-06
-5.74328e-06
-5.89054e-06
-6.04919e-06
-6.22053e-06
-6.40579e-06
-6.60607e-06
-6.82236e-06
-7.0555e-06
-7.30621e-06
-7.57505e-06
-7.86241e-06
-8.16855e-06
1.60093e-06
1.16473e-06
7.43104e-07
3.36592e-07
-5.43257e-08
-4.29258e-07
-7.87906e-07
-1.13006e-06
-1.45561e-06
-1.76452e-06
-2.05687e-06
-2.33283e-06
-2.59265e-06
-2.83667e-06
-3.06537e-06
-3.27926e-06
-3.479e-06
-3.6653e-06
-3.83906e-06
-4.0011e-06
-4.15278e-06
-4.29435e-06
-4.42725e-06
-4.55305e-06
-4.67225e-06
-4.78629e-06
-4.89734e-06
-5.00705e-06
-5.11714e-06
-5.22931e-06
-5.34522e-06
-5.46654e-06
-5.59487e-06
-5.73175e-06
-5.87871e-06
-6.03715e-06
-6.20844e-06
-6.39382e-06
-6.59443e-06
-6.81129e-06
-7.04528e-06
-7.29714e-06
-7.56747e-06
-7.85667e-06
-8.16502e-06
1.59556e-06
1.15676e-06
7.32865e-07
3.24427e-07
-6.80689e-08
-4.44234e-07
-8.0377e-07
-1.14648e-06
-1.47225e-06
-1.78108e-06
-2.07305e-06
-2.34836e-06
-2.60728e-06
-2.85019e-06
-3.07756e-06
-3.28996e-06
-3.48807e-06
-3.67264e-06
-3.84455e-06
-4.00469e-06
-4.15437e-06
-4.29386e-06
-4.42491e-06
-4.54912e-06
-4.66706e-06
-4.78012e-06
-4.89032e-06
-4.99931e-06
-5.10874e-06
-5.2203e-06
-5.33564e-06
-5.45642e-06
-5.58424e-06
-5.72069e-06
-5.86727e-06
-6.02546e-06
-6.19661e-06
-6.38202e-06
-6.58286e-06
-6.80018e-06
-7.03488e-06
-7.28773e-06
-7.55936e-06
-7.85019e-06
-8.16053e-06
1.58955e-06
1.14827e-06
7.22214e-07
3.11951e-07
-8.20351e-08
-4.59357e-07
-8.1972e-07
-1.16293e-06
-1.4889e-06
-1.79762e-06
-2.08922e-06
-2.36388e-06
-2.62192e-06
-2.86374e-06
-3.08983e-06
-3.3008e-06
-3.49734e-06
-3.68021e-06
-3.85035e-06
-4.00864e-06
-4.15639e-06
-4.2939e-06
-4.42306e-06
-4.54571e-06
-4.66239e-06
-4.77443e-06
-4.88375e-06
-4.99195e-06
-5.10067e-06
-5.21156e-06
-5.32626e-06
-5.44644e-06
-5.57369e-06
-5.70963e-06
-5.85578e-06
-6.01362e-06
-6.18457e-06
-6.36994e-06
-6.57092e-06
-6.78859e-06
-7.02391e-06
-7.27766e-06
-7.55048e-06
-7.84283e-06
-8.15503e-06
1.58341e-06
1.13976e-06
7.11629e-07
2.99595e-07
-9.58488e-08
-4.7431e-07
-8.35495e-07
-1.17922e-06
-1.50539e-06
-1.81403e-06
-2.10527e-06
-2.37932e-06
-2.63651e-06
-2.87728e-06
-3.10214e-06
-3.31171e-06
-3.50672e-06
-3.68796e-06
-3.85638e-06
-4.01287e-06
-4.15876e-06
-4.29429e-06
-4.42158e-06
-4.54265e-06
-4.6581e-06
-4.76914e-06
-4.87759e-06
-4.98501e-06
-5.093e-06
-5.20321e-06
-5.31726e-06
-5.4368e-06
-5.56347e-06
-5.69886e-06
-5.84454e-06
-6.00202e-06
-6.17272e-06
-6.35799e-06
-6.55907e-06
-6.77705e-06
-7.01293e-06
-7.2675e-06
-7.54143e-06
-7.83521e-06
-8.14915e-06
-7.62002e-06
-1.27308e-05
-1.28291e-05
-1.29066e-05
-1.33126e-05
-1.3922e-05
-1.46804e-05
-1.5554e-05
-1.65224e-05
-1.75731e-05
-1.86961e-05
-1.98823e-05
-2.11228e-05
-2.24095e-05
-2.37365e-05
-4.12736e-06
-9.3748e-06
-1.10832e-05
-1.2033e-05
-1.28499e-05
-1.36579e-05
-1.45209e-05
-1.54548e-05
-1.64598e-05
-1.7533e-05
-1.86698e-05
-1.98641e-05
-2.11089e-05
-2.23974e-05
-2.37247e-05
-1.91182e-06
-7.04178e-06
-9.67596e-06
-1.12189e-05
-1.23763e-05
-1.33799e-05
-1.43534e-05
-1.53519e-05
-1.6396e-05
-1.74931e-05
-1.86442e-05
-1.98467e-05
-2.10957e-05
-2.23857e-05
-2.37128e-05
-8.83061e-07
-5.49911e-06
-8.50863e-06
-1.04508e-05
-1.18925e-05
-1.30866e-05
-1.41771e-05
-1.52459e-05
-1.63323e-05
-1.74548e-05
-1.86208e-05
-1.98315e-05
-2.10843e-05
-2.23753e-05
-2.37016e-05
-3.97633e-07
-4.28734e-06
-7.3727e-06
-9.62098e-06
-1.13366e-05
-1.27355e-05
-1.39632e-05
-1.51181e-05
-1.62573e-05
-1.74113e-05
-1.85955e-05
-1.98158e-05
-2.1073e-05
-2.23649e-05
-2.36898e-05
-1.04991e-07
-3.37848e-06
-6.33014e-06
-8.7474e-06
-1.06955e-05
-1.23019e-05
-1.36866e-05
-1.49487e-05
-1.61568e-05
-1.73531e-05
-1.85621e-05
-1.97958e-05
-2.1059e-05
-2.23524e-05
-2.36759e-05
1.15764e-09
-2.76483e-06
-5.47524e-06
-7.91227e-06
-1.00069e-05
-1.17906e-05
-1.33351e-05
-1.47203e-05
-1.60147e-05
-1.72676e-05
-1.85112e-05
-1.97646e-05
-2.10376e-05
-2.23343e-05
-2.3657e-05
-8.81219e-08
-2.43456e-06
-4.86069e-06
-7.19942e-06
-9.33732e-06
-1.12373e-05
-1.29178e-05
-1.44266e-05
-1.58183e-05
-1.71409e-05
-1.84309e-05
-1.97126e-05
-2.10012e-05
-2.23047e-05
-2.36282e-05
-3.43374e-07
-2.34825e-06
-4.49187e-06
-6.66285e-06
-8.7539e-06
-1.06961e-05
-1.24667e-05
-1.40789e-05
-1.55654e-05
-1.69642e-05
-1.83096e-05
-1.96285e-05
-2.09395e-05
-2.22547e-05
-2.35822e-05
-7.31165e-07
-2.45993e-06
-4.34599e-06
-6.32125e-06
-8.30316e-06
-1.02192e-05
-1.20242e-05
-1.37037e-05
-1.52673e-05
-1.67374e-05
-1.8141e-05
-1.95027e-05
-2.08422e-05
-2.21741e-05
-2.35092e-05
-1.22412e-06
-2.72873e-06
-4.38929e-06
-6.16692e-06
-8.00514e-06
-9.84272e-06
-1.16288e-05
-1.33325e-05
-1.4944e-05
-1.64696e-05
-1.79251e-05
-1.93294e-05
-2.07001e-05
-2.20523e-05
-2.33983e-05
-1.80192e-06
-3.12222e-06
-4.58797e-06
-6.17875e-06
-7.8591e-06
-9.58376e-06
-1.1307e-05
-1.29922e-05
-1.46169e-05
-1.61738e-05
-1.76668e-05
-1.91068e-05
-2.05066e-05
-2.18797e-05
-2.32381e-05
-2.44865e-06
-3.61491e-06
-4.91226e-06
-6.3315e-06
-7.85221e-06
-9.44417e-06
-1.10718e-05
-1.27005e-05
-1.43029e-05
-1.58621e-05
-1.73718e-05
-1.8834e-05
-2.02556e-05
-2.16462e-05
-2.30162e-05
-3.1491e-06
-4.18449e-06
-5.33535e-06
-6.59905e-06
-7.96514e-06
-9.41535e-06
-1.0925e-05
-1.24663e-05
-1.40126e-05
-1.55429e-05
-1.70437e-05
-1.85093e-05
-1.994e-05
-2.13404e-05
-2.27178e-05
-3.88572e-06
-4.80826e-06
-5.83069e-06
-6.954e-06
-8.17398e-06
-9.48084e-06
-1.08593e-05
-1.22897e-05
-1.37505e-05
-1.52208e-05
-1.66842e-05
-1.81295e-05
-1.95514e-05
-2.09492e-05
-2.23261e-05
-4.63759e-06
-5.4614e-06
-6.37026e-06
-7.3669e-06
-8.45073e-06
-9.61752e-06
-1.08591e-05
-1.21633e-05
-1.35148e-05
-1.48969e-05
-1.62935e-05
-1.76915e-05
-1.90818e-05
-2.04595e-05
-2.18234e-05
-5.38066e-06
-6.11672e-06
-6.92404e-06
-7.80597e-06
-8.76381e-06
-9.79668e-06
-1.09012e-05
-1.20711e-05
-1.32971e-05
-1.45679e-05
-1.58707e-05
-1.71935e-05
-1.85262e-05
-1.98616e-05
-2.11951e-05
-6.08887e-06
-6.74532e-06
-7.46052e-06
-8.23777e-06
-9.07915e-06
-9.98561e-06
-1.09567e-05
-1.19902e-05
-1.30819e-05
-1.42254e-05
-1.54129e-05
-1.66353e-05
-1.78844e-05
-1.91524e-05
-2.0434e-05
-6.73397e-06
-7.31666e-06
-7.94701e-06
-8.62787e-06
-9.3615e-06
-1.01497e-05
-1.09936e-05
-1.18935e-05
-1.28488e-05
-1.38573e-05
-1.49154e-05
-1.60186e-05
-1.71619e-05
-1.83392e-05
-1.95458e-05
-7.29159e-06
-7.80525e-06
-8.35686e-06
-8.94872e-06
-9.58299e-06
-1.02617e-05
-1.09869e-05
-1.17602e-05
-1.25831e-05
-1.34564e-05
-1.43803e-05
-1.53541e-05
-1.63765e-05
-1.74458e-05
-1.85587e-05
-7.70133e-06
-8.15433e-06
-8.63798e-06
-9.15387e-06
-9.70385e-06
-1.029e-05
-1.09145e-05
-1.15797e-05
-1.22881e-05
-1.30422e-05
-1.38443e-05
-1.46967e-05
-1.56014e-05
-1.65602e-05
-1.75753e-05
-7.96389e-06
-8.36804e-06
-8.79794e-06
-9.25483e-06
-9.74032e-06
-1.02564e-05
-1.08052e-05
-1.13893e-05
-1.20115e-05
-1.26749e-05
-1.33831e-05
-1.41396e-05
-1.49486e-05
-1.58142e-05
-1.67389e-05
-8.11618e-06
-8.4861e-06
-8.87888e-06
-9.29554e-06
-9.73755e-06
-1.02067e-05
-1.07051e-05
-1.12352e-05
-1.17998e-05
-1.24022e-05
-1.30463e-05
-1.37362e-05
-1.44771e-05
-1.52746e-05
-1.61343e-05
-8.21351e-06
-8.56024e-06
-8.92808e-06
-9.31798e-06
-9.73127e-06
-1.01696e-05
-1.06348e-05
-1.11293e-05
-1.16556e-05
-1.2217e-05
-1.28171e-05
-1.34605e-05
-1.41523e-05
-1.48985e-05
-1.57052e-05
-8.27856e-06
-8.61064e-06
-8.96283e-06
-9.33601e-06
-9.73138e-06
-1.01504e-05
-1.05948e-05
-1.10666e-05
-1.15681e-05
-1.21024e-05
-1.26729e-05
-1.32836e-05
-1.39393e-05
-1.46456e-05
-1.54083e-05
-8.32664e-06
-8.65051e-06
-8.9939e-06
-9.35765e-06
-9.74284e-06
-1.01507e-05
-1.05828e-05
-1.10409e-05
-1.15269e-05
-1.20436e-05
-1.25939e-05
-1.31814e-05
-1.38104e-05
-1.44851e-05
-1.52121e-05
-8.3653e-06
-8.68552e-06
-9.02496e-06
-9.38438e-06
-9.76472e-06
-1.01671e-05
-1.05927e-05
-1.1043e-05
-1.15197e-05
-1.20251e-05
-1.25617e-05
-1.31327e-05
-1.37416e-05
-1.43925e-05
-1.50888e-05
-8.39759e-06
-8.71729e-06
-9.05607e-06
-9.4146e-06
-9.79367e-06
-1.01942e-05
-1.06171e-05
-1.10636e-05
-1.15352e-05
-1.20336e-05
-1.25608e-05
-1.31195e-05
-1.37127e-05
-1.43435e-05
-1.50152e-05
-8.42454e-06
-8.74576e-06
-9.08599e-06
-9.44583e-06
-9.82592e-06
-1.02269e-05
-1.06496e-05
-1.10949e-05
-1.1564e-05
-1.20581e-05
-1.2579e-05
-1.31286e-05
-1.37092e-05
-1.43236e-05
-1.49744e-05
-8.44646e-06
-8.77041e-06
-9.11338e-06
-9.47587e-06
-9.85835e-06
-1.02613e-05
-1.06853e-05
-1.1131e-05
-1.15993e-05
-1.2091e-05
-1.26074e-05
-1.31501e-05
-1.37208e-05
-1.43217e-05
-1.49545e-05
-8.46357e-06
-8.79091e-06
-9.13732e-06
-9.50319e-06
-9.88884e-06
-1.02946e-05
-1.07208e-05
-1.11679e-05
-1.16364e-05
-1.21269e-05
-1.26403e-05
-1.31777e-05
-1.37403e-05
-1.43299e-05
-1.49474e-05
-8.47625e-06
-8.80725e-06
-9.1574e-06
-9.52696e-06
-9.91615e-06
-1.03251e-05
-1.0754e-05
-1.1203e-05
-1.16724e-05
-1.21626e-05
-1.26739e-05
-1.32072e-05
-1.37631e-05
-1.43432e-05
-1.49477e-05
-8.48501e-06
-8.8197e-06
-9.17362e-06
-9.54695e-06
-9.93975e-06
-1.0352e-05
-1.07838e-05
-1.1235e-05
-1.17058e-05
-1.2196e-05
-1.2706e-05
-1.3236e-05
-1.37865e-05
-1.43586e-05
-1.49517e-05
-8.49045e-06
-8.82869e-06
-9.18626e-06
-9.56324e-06
-9.95959e-06
-1.03752e-05
-1.08098e-05
-1.12634e-05
-1.17356e-05
-1.22263e-05
-1.27354e-05
-1.32629e-05
-1.38088e-05
-1.43743e-05
-1.49572e-05
-8.49318e-06
-8.83474e-06
-9.19574e-06
-9.57619e-06
-9.9759e-06
-1.03946e-05
-1.08321e-05
-1.12879e-05
-1.17617e-05
-1.22531e-05
-1.27617e-05
-1.32872e-05
-1.38292e-05
-1.43891e-05
-1.4963e-05
-8.49378e-06
-8.8384e-06
-9.20257e-06
-9.5862e-06
-9.98905e-06
-1.04108e-05
-1.08509e-05
-1.13089e-05
-1.17843e-05
-1.22764e-05
-1.27847e-05
-1.33085e-05
-1.38474e-05
-1.44024e-05
-1.49685e-05
-8.4928e-06
-8.84017e-06
-9.20721e-06
-9.59375e-06
-9.99946e-06
-1.04239e-05
-1.08665e-05
-1.13266e-05
-1.18034e-05
-1.22963e-05
-1.28045e-05
-1.33271e-05
-1.38634e-05
-1.4414e-05
-1.49734e-05
-8.49059e-06
-8.84047e-06
-9.21012e-06
-9.59933e-06
-1.00077e-05
-1.04346e-05
-1.08794e-05
-1.13414e-05
-1.18197e-05
-1.23134e-05
-1.28215e-05
-1.33431e-05
-1.38771e-05
-1.44239e-05
-1.49777e-05
-8.48727e-06
-8.83954e-06
-9.2117e-06
-9.60347e-06
-1.00143e-05
-1.04437e-05
-1.08907e-05
-1.13546e-05
-1.18343e-05
-1.23287e-05
-1.28369e-05
-1.33576e-05
-1.38896e-05
-1.44328e-05
-1.49815e-05
-8.48342e-06
-8.83789e-06
-9.21233e-06
-9.60644e-06
-1.00197e-05
-1.04513e-05
-1.09005e-05
-1.13663e-05
-1.18475e-05
-1.23429e-05
-1.28513e-05
-1.33712e-05
-1.39014e-05
-1.44413e-05
-1.4985e-05
-4.10424e-07
-4.08802e-07
-4.07093e-07
-4.05063e-07
-4.02423e-07
-3.98825e-07
-3.93978e-07
-3.8773e-07
-3.80097e-07
-3.71234e-07
-3.614e-07
-3.50922e-07
-3.40139e-07
-3.29377e-07
-3.18896e-07
-3.08849e-07
-2.99216e-07
-2.89721e-07
-2.79701e-07
-2.67939e-07
-2.52574e-07
-2.31009e-07
-1.98014e-07
-1.47242e-07
-7.34379e-08
2.84213e-08
1.62937e-07
3.33273e-07
5.3998e-07
7.80043e-07
1.05162e-06
1.34905e-06
1.6545e-06
1.95081e-06
2.22119e-06
2.45064e-06
2.62639e-06
2.74083e-06
2.79401e-06
2.79389e-06
2.75513e-06
2.69605e-06
2.63314e-06
2.58942e-06
2.57587e-06
-4.13727e-07
-4.12733e-07
-4.11193e-07
-4.08646e-07
-4.04797e-07
-3.99461e-07
-3.92454e-07
-3.83667e-07
-3.73079e-07
-3.60751e-07
-3.46795e-07
-3.31374e-07
-3.1469e-07
-2.96961e-07
-2.78399e-07
-2.59174e-07
-2.39365e-07
-2.18879e-07
-1.97313e-07
-1.73764e-07
-1.46646e-07
-1.13361e-07
-6.93479e-08
-9.92634e-09
6.91727e-08
1.72465e-07
3.04018e-07
4.66576e-07
6.60963e-07
8.85832e-07
1.13647e-06
1.40094e-06
1.66813e-06
1.92655e-06
2.16187e-06
2.35927e-06
2.50806e-06
2.60398e-06
2.64959e-06
2.6536e-06
2.62887e-06
2.58944e-06
2.54789e-06
2.51435e-06
2.49389e-06
-4.15441e-07
-4.16539e-07
-4.16274e-07
-4.14516e-07
-4.11019e-07
-4.05569e-07
-3.98039e-07
-3.88359e-07
-3.76505e-07
-3.62502e-07
-3.46424e-07
-3.28387e-07
-3.08549e-07
-2.87113e-07
-2.64331e-07
-2.40511e-07
-2.16014e-07
-1.91226e-07
-1.66487e-07
-1.41943e-07
-1.17345e-07
-9.14354e-08
-6.05749e-08
-1.97056e-08
3.70767e-08
1.16538e-07
2.25074e-07
3.67473e-07
5.45999e-07
7.59778e-07
1.00496e-06
1.27143e-06
1.54623e-06
1.81437e-06
2.05974e-06
2.26726e-06
2.42564e-06
2.52962e-06
2.58095e-06
2.58781e-06
2.56267e-06
2.51944e-06
2.47065e-06
2.42381e-06
2.38025e-06
-4.17175e-07
-4.22444e-07
-4.24495e-07
-4.24036e-07
-4.21294e-07
-4.16139e-07
-4.08465e-07
-3.98227e-07
-3.85416e-07
-3.70059e-07
-3.52219e-07
-3.32009e-07
-3.09607e-07
-2.85288e-07
-2.59467e-07
-2.32765e-07
-2.06086e-07
-1.80684e-07
-1.58201e-07
-1.40613e-07
-1.29987e-07
-1.2737e-07
-1.29549e-07
-1.28746e-07
-1.15238e-07
-7.80286e-08
-6.67425e-09
1.06173e-07
2.64329e-07
4.67421e-07
7.11018e-07
9.86077e-07
1.27848e-06
1.57141e-06
1.84645e-06
2.08586e-06
2.27536e-06
2.40668e-06
2.47906e-06
2.499e-06
2.47843e-06
2.43192e-06
2.37351e-06
2.31084e-06
2.24316e-06
-4.24376e-07
-4.33037e-07
-4.37298e-07
-4.38323e-07
-4.36636e-07
-4.32136e-07
-4.24735e-07
-4.14409e-07
-4.01163e-07
-3.85023e-07
-3.66054e-07
-3.44378e-07
-3.20221e-07
-2.93972e-07
-2.6629e-07
-2.38241e-07
-2.11489e-07
-1.88513e-07
-1.72795e-07
-1.68887e-07
-1.82119e-07
-2.16902e-07
-2.702e-07
-3.28924e-07
-3.77182e-07
-3.97725e-07
-3.7517e-07
-3.00963e-07
-1.70607e-07
1.69774e-08
2.58819e-07
5.45042e-07
8.61812e-07
1.19078e-06
1.51098e-06
1.80109e-06
2.04224e-06
2.22115e-06
2.33246e-06
2.37944e-06
2.37277e-06
2.32795e-06
2.2616e-06
2.18295e-06
2.09057e-06
-4.36991e-07
-4.49114e-07
-4.55635e-07
-4.58267e-07
-4.57828e-07
-4.5425e-07
-4.4746e-07
-4.3746e-07
-4.24262e-07
-4.0789e-07
-3.88407e-07
-3.65948e-07
-3.4079e-07
-3.13454e-07
-2.84873e-07
-2.56631e-07
-2.31286e-07
-2.12778e-07
-2.06826e-07
-2.21133e-07
-2.64983e-07
-3.46996e-07
-4.64113e-07
-5.95117e-07
-7.15393e-07
-8.01255e-07
-8.36374e-07
-8.09785e-07
-7.13742e-07
-5.48338e-07
-3.11976e-07
-1.50138e-08
3.27925e-07
6.97704e-07
1.07145e-06
1.42425e-06
1.73195e-06
1.97478e-06
2.14094e-06
2.2287e-06
2.2463e-06
2.20986e-06
2.13903e-06
2.04542e-06
1.92762e-06
-4.56423e-07
-4.71693e-07
-4.80365e-07
-4.84612e-07
-4.85506e-07
-4.83006e-07
-4.77051e-07
-4.6766e-07
-4.54844e-07
-4.38619e-07
-4.19033e-07
-3.9622e-07
-3.70491e-07
-3.42484e-07
-3.13395e-07
-2.85323e-07
-2.61754e-07
-2.48182e-07
-2.52771e-07
-2.86726e-07
-3.63648e-07
-4.96748e-07
-6.82827e-07
-8.9012e-07
-1.08497e-06
-1.24283e-06
-1.34532e-06
-1.37344e-06
-1.31468e-06
-1.16609e-06
-9.36215e-07
-6.3243e-07
-2.67668e-07
1.39632e-07
5.65985e-07
9.8389e-07
1.36427e-06
1.6804e-06
1.91265e-06
2.05255e-06
2.10426e-06
2.08351e-06
2.01273e-06
1.90611e-06
1.76251e-06
-4.83303e-07
-5.01342e-07
-5.11989e-07
-5.178e-07
-5.20052e-07
-5.1871e-07
-5.13721e-07
-5.05106e-07
-4.92869e-07
-4.76997e-07
-4.57505e-07
-4.34502e-07
-4.08298e-07
-3.79601e-07
-3.49812e-07
-3.21486e-07
-2.98976e-07
-2.89288e-07
-3.03062e-07
-3.55207e-07
-4.63767e-07
-6.46485e-07
-9.01155e-07
-1.18535e-06
-1.45684e-06
-1.6842e-06
-1.84174e-06
-1.91187e-06
-1.886e-06
-1.76133e-06
-1.54348e-06
-1.2396e-06
-8.61548e-07
-4.26204e-07
4.38576e-08
5.20263e-07
9.70393e-07
1.36113e-06
1.66449e-06
1.86384e-06
1.9575e-06
1.95919e-06
1.89321e-06
1.77609e-06
1.60711e-06
-5.17738e-07
-5.38213e-07
-5.50666e-07
-5.57973e-07
-5.61565e-07
-5.61404e-07
-5.57427e-07
-5.4965e-07
-5.38052e-07
-5.22578e-07
-5.03187e-07
-4.79925e-07
-4.53057e-07
-4.23297e-07
-3.92168e-07
-3.62568e-07
-3.39593e-07
-3.31611e-07
-3.51622e-07
-4.18355e-07
-5.54133e-07
-7.80159e-07
-1.09739e-06
-1.45118e-06
-1.78953e-06
-2.07476e-06
-2.2789e-06
-2.38552e-06
-2.38775e-06
-2.28409e-06
-2.0796e-06
-1.78114e-06
-1.399e-06
-9.47528e-07
-4.46894e-07
7.55762e-08
5.85702e-07
1.04544e-06
1.41873e-06
1.68023e-06
1.82077e-06
1.85032e-06
1.79368e-06
1.66901e-06
1.47596e-06
-5.59497e-07
-5.82172e-07
-5.96292e-07
-6.05027e-07
-6.09922e-07
-6.10913e-07
-6.07923e-07
-6.00949e-07
-5.89933e-07
-5.7476e-07
-5.55311e-07
-5.31535e-07
-5.03604e-07
-4.72164e-07
-4.38761e-07
-4.06507e-07
-3.81065e-07
-3.71959e-07
-3.94292e-07
-4.70694e-07
-6.27481e-07
-8.87701e-07
-1.25794e-06
-1.67037e-06
-2.0632e-06
-2.39413e-06
-2.63423e-06
-2.76814e-06
-2.79086e-06
-2.70341e-06
-2.51146e-06
-2.22177e-06
-1.84284e-06
-1.38602e-06
-8.68026e-07
-3.13592e-07
2.4356e-07
7.62432e-07
1.19967e-06
1.52181e-06
1.71122e-06
1.77239e-06
1.72907e-06
1.60011e-06
1.38526e-06
-6.08153e-07
-6.32898e-07
-6.48598e-07
-6.58704e-07
-6.64847e-07
-6.66924e-07
-6.64833e-07
-6.58545e-07
-6.47954e-07
-6.32874e-07
-6.13084e-07
-5.88409e-07
-5.58877e-07
-5.25003e-07
-4.88256e-07
-4.51823e-07
-4.2175e-07
-4.0847e-07
-4.28718e-07
-5.08259e-07
-6.7862e-07
-9.67245e-07
-1.37721e-06
-1.83596e-06
-2.27044e-06
-2.63463e-06
-2.89909e-06
-3.05012e-06
-3.08531e-06
-3.00849e-06
-2.82649e-06
-2.54616e-06
-2.17433e-06
-1.71933e-06
-1.1941e-06
-6.19888e-07
-2.83068e-08
5.38691e-07
1.03059e-06
1.40887e-06
1.64674e-06
1.74172e-06
1.71505e-06
1.58526e-06
1.35174e-06
-6.63202e-07
-6.89993e-07
-7.07234e-07
-7.18668e-07
-7.25994e-07
-7.29059e-07
-7.27727e-07
-7.21939e-07
-7.11537e-07
-6.96254e-07
-6.75754e-07
-6.49711e-07
-6.17974e-07
-5.80866e-07
-5.39698e-07
-4.97601e-07
-4.60828e-07
-4.40522e-07
-4.54764e-07
-5.30974e-07
-7.06608e-07
-1.01755e-06
-1.45581e-06
-1.94803e-06
-2.41196e-06
-2.79784e-06
-3.07606e-06
-3.23505e-06
-3.27522e-06
-3.20313e-06
-3.027e-06
-2.75385e-06
-2.38918e-06
-1.93864e-06
-1.41167e-06
-8.25853e-07
-2.09592e-07
3.96365e-07
9.32168e-07
1.3603e-06
1.64475e-06
1.77446e-06
1.7671e-06
1.64003e-06
1.39166e-06
-7.24144e-07
-7.53048e-07
-7.71839e-07
-7.84573e-07
-7.93008e-07
-7.96931e-07
-7.96173e-07
-7.90643e-07
-7.80131e-07
-7.64284e-07
-7.42648e-07
-7.14731e-07
-6.80169e-07
-6.3905e-07
-5.9246e-07
-5.43367e-07
-4.98077e-07
-4.68233e-07
-4.73104e-07
-5.41681e-07
-7.16779e-07
-1.03828e-06
-1.49586e-06
-2.01102e-06
-2.49381e-06
-2.89153e-06
-3.17471e-06
-3.33395e-06
-3.37247e-06
-3.29921e-06
-3.12376e-06
-2.85336e-06
-2.49249e-06
-2.04474e-06
-1.51675e-06
-9.22998e-07
-2.88796e-07
3.49162e-07
9.24043e-07
1.39389e-06
1.72155e-06
1.88577e-06
1.8997e-06
1.77884e-06
1.51988e-06
-7.90551e-07
-8.21715e-07
-8.42099e-07
-8.56112e-07
-8.65569e-07
-8.7019e-07
-8.69774e-07
-8.64208e-07
-8.53231e-07
-8.36416e-07
-8.13186e-07
-7.8288e-07
-7.44895e-07
-6.99055e-07
-6.46175e-07
-5.88971e-07
-5.33677e-07
-4.9225e-07
-4.85058e-07
-5.43184e-07
-7.11341e-07
-1.03372e-06
-1.50302e-06
-2.03209e-06
-2.52496e-06
-2.92653e-06
-3.2076e-06
-3.36085e-06
-3.39195e-06
-3.31183e-06
-3.13119e-06
-2.85743e-06
-2.49437e-06
-2.04422e-06
-1.5116e-06
-9.08611e-07
-2.58722e-07
4.0272e-07
1.01769e-06
1.52569e-06
1.89156e-06
2.08889e-06
2.1255e-06
2.01424e-06
1.74907e-06
-8.62106e-07
-8.95735e-07
-9.17786e-07
-9.33054e-07
-9.43424e-07
-9.48543e-07
-9.4819e-07
-9.42238e-07
-9.30395e-07
-9.12165e-07
-8.86868e-07
-8.53675e-07
-8.11722e-07
-7.60547e-07
-7.00674e-07
-6.34486e-07
-5.68048e-07
-5.13469e-07
-4.91943e-07
-5.36423e-07
-6.93188e-07
-1.01043e-06
-1.48399e-06
-2.0194e-06
-2.51523e-06
-2.9143e-06
-3.18776e-06
-3.33003e-06
-3.34875e-06
-3.25635e-06
-3.06427e-06
-2.78004e-06
-2.40704e-06
-1.94681e-06
-1.4027e-06
-7.85404e-07
-1.1728e-07
5.664e-07
1.21862e-06
1.7633e-06
2.16433e-06
2.39405e-06
2.45472e-06
2.35642e-06
2.08932e-06
-9.38633e-07
-9.74973e-07
-9.98778e-07
-1.01526e-06
-1.0264e-06
-1.03177e-06
-1.03113e-06
-1.02439e-06
-1.01122e-06
-9.91099e-07
-9.63253e-07
-9.26711e-07
-8.80313e-07
-8.23296e-07
-7.55909e-07
-6.80118e-07
-6.01742e-07
-5.32914e-07
-4.95408e-07
-5.23666e-07
-6.65835e-07
-9.73524e-07
-1.44546e-06
-1.98059e-06
-2.47377e-06
-2.8656e-06
-3.12726e-06
-3.25457e-06
-3.25661e-06
-3.14681e-06
-2.93702e-06
-2.63472e-06
-2.24312e-06
-1.76347e-06
-1.19891e-06
-5.59519e-07
1.33207e-07
8.44168e-07
1.52804e-06
2.11124e-06
2.54747e-06
2.80935e-06
2.89523e-06
2.81311e-06
2.54803e-06
-1.0201e-06
-1.05943e-06
-1.08507e-06
-1.10271e-06
-1.11441e-06
-1.1197e-06
-1.11837e-06
-1.11034e-06
-1.09534e-06
-1.0728e-06
-1.04191e-06
-1.00161e-06
-9.50396e-07
-8.87125e-07
-8.1189e-07
-7.26126e-07
-6.35345e-07
-5.51609e-07
-4.97098e-07
-5.07403e-07
-6.32641e-07
-9.27213e-07
-1.39258e-06
-1.923e-06
-2.4092e-06
-2.79001e-06
-3.03659e-06
-3.14571e-06
-3.12732e-06
-2.99537e-06
-2.76173e-06
-2.43375e-06
-2.01455e-06
-1.50555e-06
-9.10231e-07
-2.38865e-07
4.87046e-07
1.23194e-06
1.94751e-06
2.57145e-06
3.04475e-06
3.33995e-06
3.45208e-06
3.38941e-06
3.12946e-06
-1.10664e-06
-1.14924e-06
-1.17679e-06
-1.19546e-06
-1.20744e-06
-1.21224e-06
-1.20968e-06
-1.19979e-06
-1.18236e-06
-1.15685e-06
-1.12238e-06
-1.07798e-06
-1.02172e-06
-9.5186e-07
-8.68623e-07
-7.72752e-07
-6.69396e-07
-5.70476e-07
-4.98412e-07
-4.89763e-07
-5.96436e-07
-8.75264e-07
-1.3304e-06
-1.85261e-06
-2.3285e-06
-2.69544e-06
-2.92441e-06
-3.01267e-06
-2.9706e-06
-2.81214e-06
-2.5489e-06
-2.18791e-06
-1.73229e-06
-1.18389e-06
-5.47071e-07
1.66911e-07
9.35785e-07
1.72332e-06
2.47894e-06
3.14175e-06
3.65451e-06
3.98778e-06
4.12726e-06
4.08903e-06
3.83465e-06
-1.19853e-06
-1.24471e-06
-1.27421e-06
-1.2937e-06
-1.30558e-06
-1.30932e-06
-1.30487e-06
-1.29242e-06
-1.27189e-06
-1.2428e-06
-1.20423e-06
-1.15538e-06
-1.09382e-06
-1.0173e-06
-9.26066e-07
-8.20168e-07
-7.0433e-07
-5.90272e-07
-5.00474e-07
-4.72455e-07
-5.59531e-07
-8.20815e-07
-1.26308e-06
-1.77423e-06
-2.2373e-06
-2.58824e-06
-2.79763e-06
-2.86286e-06
-2.79426e-06
-2.60539e-06
-2.30728e-06
-1.9065e-06
-1.40614e-06
-8.08665e-07
-1.19695e-07
6.47921e-07
1.4703e-06
2.30978e-06
3.11452e-06
3.82277e-06
4.37705e-06
4.74929e-06
4.91853e-06
4.91409e-06
4.66368e-06
-1.29624e-06
-1.3463e-06
-1.37771e-06
-1.39772e-06
-1.40894e-06
-1.4109e-06
-1.40373e-06
-1.38786e-06
-1.36345e-06
-1.33014e-06
-1.2871e-06
-1.23331e-06
-1.16602e-06
-1.08323e-06
-9.84109e-07
-8.68432e-07
-7.40436e-07
-6.11518e-07
-5.04222e-07
-4.56714e-07
-5.23716e-07
-7.66288e-07
-1.19375e-06
-1.69167e-06
-2.14004e-06
-2.47336e-06
-2.66161e-06
-2.70203e-06
-2.60447e-06
-2.38178e-06
-2.04413e-06
-1.59746e-06
-1.04479e-06
-3.89287e-07
3.61968e-07
1.1941e-06
2.081e-06
2.98291e-06
3.84635e-06
4.60792e-06
5.2087e-06
5.62285e-06
5.83007e-06
5.84495e-06
5.62165e-06
-1.40041e-06
-1.45463e-06
-1.48785e-06
-1.5079e-06
-1.51772e-06
-1.51693e-06
-1.50599e-06
-1.48568e-06
-1.45645e-06
-1.41821e-06
-1.37018e-06
-1.31108e-06
-1.23809e-06
-1.14918e-06
-1.04248e-06
-9.1746e-07
-7.77826e-07
-6.34568e-07
-5.10213e-07
-4.43458e-07
-4.90286e-07
-7.13459e-07
-1.12473e-06
-1.60785e-06
-2.04009e-06
-2.35453e-06
-2.52045e-06
-2.53459e-06
-2.40605e-06
-2.14664e-06
-1.76544e-06
-1.2676e-06
-6.5598e-07
6.55597e-08
8.88373e-07
1.79531e-06
2.75761e-06
3.73273e-06
4.66488e-06
5.48958e-06
6.14367e-06
6.60045e-06
6.84628e-06
6.88331e-06
6.70165e-06
-1.51187e-06
-1.57054e-06
-1.60533e-06
-1.62474e-06
-1.63213e-06
-1.62735e-06
-1.61132e-06
-1.58532e-06
-1.55023e-06
-1.50623e-06
-1.45264e-06
-1.38801e-06
-1.30953e-06
-1.21462e-06
-1.10078e-06
-9.6702e-07
-8.16405e-07
-6.59562e-07
-5.18763e-07
-4.33264e-07
-4.60101e-07
-6.63556e-07
-1.05769e-06
-1.52485e-06
-1.93989e-06
-2.23452e-06
-2.37716e-06
-2.36389e-06
-2.20272e-06
-1.90421e-06
-1.47616e-06
-9.22753e-07
-2.4661e-07
5.47816e-07
1.45033e-06
2.44142e-06
3.4894e-06
4.54856e-06
5.56019e-06
6.45748e-06
7.17213e-06
7.67675e-06
7.96619e-06
8.03218e-06
7.88805e-06
-1.6317e-06
-1.69506e-06
-1.73101e-06
-1.74882e-06
-1.7524e-06
-1.74204e-06
-1.71929e-06
-1.68613e-06
-1.64398e-06
-1.59337e-06
-1.5337e-06
-1.46339e-06
-1.37952e-06
-1.27892e-06
-1.15852e-06
-1.01674e-06
-8.55968e-07
-6.86371e-07
-5.29963e-07
-4.26402e-07
-4.3365e-07
-6.17353e-07
-9.93724e-07
-1.44411e-06
-1.84116e-06
-2.11528e-06
-2.23396e-06
-2.19241e-06
-1.99736e-06
-1.65791e-06
-1.18042e-06
-5.68012e-07
1.77094e-07
1.04995e-06
2.03894e-06
3.12226e-06
4.26523e-06
5.41871e-06
6.52058e-06
7.5008e-06
8.28442e-06
8.84327e-06
9.1841e-06
9.28722e-06
9.17913e-06
-1.76125e-06
-1.8295e-06
-1.86598e-06
-1.88081e-06
-1.87876e-06
-1.86079e-06
-1.82935e-06
-1.78734e-06
-1.7368e-06
-1.67868e-06
-1.61245e-06
-1.53637e-06
-1.44727e-06
-1.34142e-06
-1.21512e-06
-1.06613e-06
-8.96137e-07
-7.14743e-07
-5.43688e-07
-4.2289e-07
-4.11123e-07
-5.75257e-07
-9.3351e-07
-1.36656e-06
-1.74506e-06
-1.9982e-06
-2.09244e-06
-2.02202e-06
-1.79219e-06
-1.41049e-06
-8.81721e-07
-2.07821e-07
6.09473e-07
1.56489e-06
2.64559e-06
3.82765e-06
5.07353e-06
6.33062e-06
7.53293e-06
8.60653e-06
9.47009e-06
1.00876e-05
1.04832e-05
1.06309e-05
1.05699e-05
-1.90223e-06
-1.9755e-06
-2.01148e-06
-2.02145e-06
-2.01137e-06
-1.98326e-06
-1.94082e-06
-1.88805e-06
-1.82768e-06
-1.76117e-06
-1.68795e-06
-1.60606e-06
-1.51199e-06
-1.40142e-06
-1.26996e-06
-1.11465e-06
-9.36428e-07
-7.443e-07
-5.59645e-07
-4.22546e-07
-3.92475e-07
-5.37395e-07
-8.77386e-07
-1.29276e-06
-1.65235e-06
-1.88421e-06
-1.95373e-06
-1.8541e-06
-1.58894e-06
-1.1642e-06
-5.83017e-07
1.53887e-07
1.04536e-06
2.08596e-06
3.26187e-06
4.54739e-06
5.90242e-06
7.27097e-06
8.58273e-06
9.75891e-06
1.07158e-05
1.1402e-05
1.18534e-05
1.20517e-05
1.20428e-05
-2.05681e-06
-2.13507e-06
-2.16905e-06
-2.17155e-06
-2.15034e-06
-2.10894e-06
-2.05283e-06
-1.98718e-06
-1.91558e-06
-1.83981e-06
-1.75924e-06
-1.67162e-06
-1.57293e-06
-1.45824e-06
-1.32241e-06
-1.16172e-06
-9.76311e-07
-7.74567e-07
-5.77423e-07
-4.25047e-07
-3.77488e-07
-5.0369e-07
-8.25451e-07
-1.22297e-06
-1.56347e-06
-1.77391e-06
-1.81862e-06
-1.68967e-06
-1.38899e-06
-9.20877e-07
-2.86851e-07
5.13624e-07
1.48001e-06
2.60687e-06
3.87968e-06
5.27138e-06
6.73977e-06
8.22588e-06
9.65484e-06
1.09419e-05
1.20033e-05
1.27767e-05
1.3285e-05
1.35416e-05
1.35904e-05
-2.22776e-06
-2.31072e-06
-2.34042e-06
-2.33192e-06
-2.2956e-06
-2.23717e-06
-2.16435e-06
-2.08357e-06
-1.99937e-06
-1.91358e-06
-1.82547e-06
-1.73227e-06
-1.62943e-06
-1.51128e-06
-1.3719e-06
-1.20679e-06
-1.01525e-06
-8.05031e-07
-5.96549e-07
-4.29975e-07
-3.6583e-07
-4.73921e-07
-7.77638e-07
-1.15729e-06
-1.47865e-06
-1.6677e-06
-1.68766e-06
-1.5295e-06
-1.1934e-06
-6.82067e-07
4.58844e-09
8.68294e-07
1.90912e-06
3.12174e-06
4.49124e-06
5.98968e-06
7.5734e-06
9.18112e-06
1.07341e-05
1.21416e-05
1.33151e-05
1.41898e-05
1.47655e-05
1.50882e-05
1.52035e-05
-2.41868e-06
-2.50554e-06
-2.52761e-06
-2.50331e-06
-2.44687e-06
-2.36709e-06
-2.27415e-06
-2.17605e-06
-2.07794e-06
-1.98157e-06
-1.88585e-06
-1.78739e-06
-1.68093e-06
-1.56002e-06
-1.41794e-06
-1.24936e-06
-1.05275e-06
-8.35183e-07
-6.16524e-07
-4.36868e-07
-3.57096e-07
-4.47778e-07
-7.33765e-07
-1.09566e-06
-1.39799e-06
-1.5658e-06
-1.56124e-06
-1.37417e-06
-1.00304e-06
-4.49043e-07
2.89422e-07
1.21517e-06
2.3288e-06
3.62519e-06
5.08926e-06
6.69269e-06
8.39114e-06
1.0122e-05
1.18037e-05
1.33401e-05
1.46361e-05
1.5621e-05
1.62783e-05
1.66766e-05
1.68706e-05
-2.63429e-06
-2.72338e-06
-2.73283e-06
-2.68633e-06
-2.60365e-06
-2.49757e-06
-2.38091e-06
-2.26334e-06
-2.15025e-06
-2.04297e-06
-1.93979e-06
-1.83652e-06
-1.72704e-06
-1.60412e-06
-1.46015e-06
-1.28904e-06
-1.08837e-06
-8.64557e-07
-6.36869e-07
-4.45252e-07
-3.50856e-07
-4.249e-07
-6.93584e-07
-1.03797e-06
-1.32149e-06
-1.46831e-06
-1.4396e-06
-1.2241e-06
-8.18589e-07
-2.22867e-07
5.6605e-07
1.55189e-06
2.73563e-06
4.11235e-06
5.66697e-06
7.3713e-06
9.18114e-06
1.10337e-05
1.28459e-05
1.45172e-05
1.59447e-05
1.70503e-05
1.78079e-05
1.82919e-05
1.85805e-05
-2.88096e-06
-2.96891e-06
-2.95841e-06
-2.88127e-06
-2.76502e-06
-2.62705e-06
-2.48324e-06
-2.34432e-06
-2.21544e-06
-2.09721e-06
-1.98693e-06
-1.87939e-06
-1.76758e-06
-1.64336e-06
-1.49832e-06
-1.32554e-06
-1.12176e-06
-8.92755e-07
-6.57147e-07
-4.5468e-07
-3.46678e-07
-4.04912e-07
-6.56812e-07
-9.84024e-07
-1.24905e-06
-1.37528e-06
-1.3229e-06
-1.07962e-06
-6.40593e-07
-4.40467e-09
8.33131e-07
1.87643e-06
3.12665e-06
4.57895e-06
6.21836e-06
8.01717e-06
9.93211e-06
1.19015e-05
1.38424e-05
1.56517e-05
1.72189e-05
1.84562e-05
1.93311e-05
1.99173e-05
2.03225e-05
-3.16743e-06
-3.24781e-06
-3.2067e-06
-3.08783e-06
-2.92945e-06
-2.75389e-06
-2.57968e-06
-2.41794e-06
-2.27291e-06
-2.14397e-06
-2.02711e-06
-1.91597e-06
-1.80251e-06
-1.67772e-06
-1.53235e-06
-1.35869e-06
-1.1527e-06
-9.19461e-07
-6.76987e-07
-4.64745e-07
-3.44158e-07
-3.87446e-07
-6.23156e-07
-9.33623e-07
-1.18058e-06
-1.28668e-06
-1.21122e-06
-9.40939e-07
-4.69467e-07
2.05647e-07
1.08957e-06
2.18714e-06
3.4994e-06
5.02141e-06
6.73826e-06
8.62293e-06
1.06337e-05
1.27113e-05
1.4775e-05
1.67212e-05
1.84341e-05
1.98155e-05
2.08219e-05
2.15313e-05
2.20846e-05
-3.50593e-06
-3.56671e-06
-3.47968e-06
-3.30487e-06
-3.09495e-06
-2.87616e-06
-2.66887e-06
-2.4834e-06
-2.32231e-06
-2.18319e-06
-2.06045e-06
-1.94643e-06
-1.83201e-06
-1.70732e-06
-1.56227e-06
-1.38846e-06
-1.18103e-06
-9.4445e-07
-6.9609e-07
-4.75102e-07
-3.42932e-07
-3.72153e-07
-5.92325e-07
-8.8655e-07
-1.11594e-06
-1.20246e-06
-1.10461e-06
-8.08212e-07
-3.0552e-07
4.06755e-07
1.33452e-06
2.48271e-06
3.85193e-06
5.43687e-06
7.22246e-06
9.18238e-06
1.12769e-05
1.34503e-05
1.56256e-05
1.77025e-05
1.95622e-05
2.10982e-05
2.22518e-05
2.31096e-05
2.38557e-05
-3.91385e-06
-3.93276e-06
-3.77691e-06
-3.53175e-06
-3.25895e-06
-2.99181e-06
-2.74958e-06
-2.5402e-06
-2.36362e-06
-2.21513e-06
-2.08732e-06
-1.97114e-06
-1.85641e-06
-1.7324e-06
-1.58827e-06
-1.41491e-06
-1.20672e-06
-9.67585e-07
-7.14235e-07
-4.85466e-07
-3.42681e-07
-3.58719e-07
-5.64045e-07
-8.42587e-07
-1.05496e-06
-1.12252e-06
-1.00305e-06
-6.81514e-07
-1.48959e-07
5.98534e-07
1.56736e-06
2.7622e-06
4.18283e-06
5.82323e-06
7.6678e-06
9.69072e-06
1.18544e-05
1.41069e-05
1.63776e-05
1.85718e-05
2.05726e-05
2.22689e-05
2.35854e-05
2.46211e-05
2.56263e-05
-4.41627e-06
-4.35349e-06
-4.09842e-06
-3.76369e-06
-3.41813e-06
-3.09882e-06
-2.82092e-06
-2.58824e-06
-2.39717e-06
-2.24031e-06
-2.10828e-06
-1.99063e-06
-1.87616e-06
-1.75333e-06
-1.61058e-06
-1.43817e-06
-1.22982e-06
-9.88806e-07
-7.31273e-07
-4.95615e-07
-3.43142e-07
-3.46866e-07
-5.38062e-07
-8.01524e-07
-9.97493e-07
-1.04676e-06
-9.0649e-07
-5.6087e-07
9.4574e-11
7.80741e-07
1.78768e-06
3.02499e-06
4.49119e-06
6.17913e-06
8.07223e-06
1.01447e-05
1.23605e-05
1.46723e-05
1.7016e-05
1.93062e-05
2.14325e-05
2.32862e-05
2.47768e-05
2.60237e-05
2.73872e-05
-5.0485e-06
-4.83184e-06
-4.44159e-06
-3.9956e-06
-3.5687e-06
-3.19533e-06
-2.88241e-06
-2.62782e-06
-2.42364e-06
-2.25949e-06
-2.12407e-06
-2.00557e-06
-1.89182e-06
-1.77054e-06
-1.62953e-06
-1.45846e-06
-1.25041e-06
-1.00811e-06
-7.47115e-07
-5.05386e-07
-3.44096e-07
-3.36353e-07
-5.14147e-07
-7.63162e-07
-9.43373e-07
-9.75059e-07
-8.14858e-07
-4.46267e-07
1.41579e-07
9.53224e-07
1.99524e-06
3.27071e-06
4.7765e-06
6.50389e-06
8.43468e-06
1.05424e-05
1.27921e-05
1.51397e-05
1.75287e-05
1.98844e-05
2.21078e-05
2.41018e-05
2.57656e-05
2.72549e-05
2.91238e-05
-5.85896e-06
-5.3635e-06
-4.79512e-06
-4.22047e-06
-3.70653e-06
-3.27974e-06
-2.934e-06
-2.65961e-06
-2.44393e-06
-2.27362e-06
-2.13555e-06
-2.01669e-06
-1.90399e-06
-1.78452e-06
-1.64549e-06
-1.47604e-06
-1.26866e-06
-1.02556e-06
-7.61718e-07
-5.14659e-07
-3.45371e-07
-3.26977e-07
-4.92092e-07
-7.27308e-07
-8.9243e-07
-9.07281e-07
-7.28055e-07
-3.37656e-07
2.75477e-07
1.11589e-06
2.18986e-06
3.49913e-06
5.03848e-06
6.79715e-06
8.7547e-06
1.08831e-05
1.31473e-05
1.55053e-05
1.79066e-05
2.02876e-05
2.25641e-05
2.46603e-05
2.64723e-05
2.82171e-05
3.07978e-05
-6.89343e-06
-5.93957e-06
-5.14296e-06
-4.42892e-06
-3.82734e-06
-3.35093e-06
-2.97613e-06
-2.68463e-06
-2.45918e-06
-2.28377e-06
-2.14366e-06
-2.02479e-06
-1.91335e-06
-1.79582e-06
-1.6589e-06
-1.49125e-06
-1.28478e-06
-1.04126e-06
-7.75101e-07
-5.23368e-07
-3.46834e-07
-3.18569e-07
-4.71719e-07
-6.93783e-07
-8.4449e-07
-8.4325e-07
-6.4591e-07
-2.34865e-07
4.01962e-07
1.26894e-06
2.37178e-06
3.71054e-06
5.27753e-06
7.05947e-06
9.03301e-06
1.11676e-05
1.34265e-05
1.5768e-05
1.81446e-05
2.05016e-05
2.27693e-05
2.49004e-05
2.67964e-05
2.87723e-05
3.23464e-05
-8.25379e-06
-6.54424e-06
-5.46263e-06
-4.61098e-06
-3.92868e-06
-3.40962e-06
-3.01056e-06
-2.70473e-06
-2.471e-06
-2.29124e-06
-2.14943e-06
-2.03067e-06
-1.92052e-06
-1.80495e-06
-1.67018e-06
-1.50442e-06
-1.29908e-06
-1.05544e-06
-7.87403e-07
-5.31547e-07
-3.48419e-07
-3.10995e-07
-4.52883e-07
-6.62464e-07
-7.99426e-07
-7.82791e-07
-5.68131e-07
-1.37417e-07
5.21779e-07
1.41347e-06
2.5426e-06
3.9072e-06
5.49673e-06
7.29495e-06
9.27489e-06
1.14025e-05
1.36376e-05
1.59362e-05
1.82499e-05
2.05263e-05
2.27048e-05
2.47641e-05
2.66184e-05
2.87564e-05
3.37501e-05
-1.00593e-05
-7.14529e-06
-5.72168e-06
-4.75789e-06
-4.01276e-06
-3.46021e-06
-3.0414e-06
-2.72305e-06
-2.48153e-06
-2.29731e-06
-2.15351e-06
-2.03457e-06
-1.92549e-06
-1.81176e-06
-1.67916e-06
-1.51545e-06
-1.31152e-06
-1.06816e-06
-7.98711e-07
-5.39255e-07
-3.50092e-07
-3.04137e-07
-4.35482e-07
-6.33358e-07
-7.57355e-07
-7.26066e-07
-4.94826e-07
-4.52485e-08
6.35313e-07
1.5504e-06
2.70402e-06
4.09199e-06
5.70061e-06
7.51041e-06
9.49014e-06
1.16012e-05
1.37988e-05
1.60335e-05
1.8251e-05
2.03925e-05
2.23896e-05
2.42181e-05
2.57861e-05
2.78562e-05
3.46101e-05
-1.15887e-05
-7.53239e-06
-5.8594e-06
-4.85057e-06
-4.07553e-06
-3.50162e-06
-3.068e-06
-2.73903e-06
-2.49024e-06
-2.30153e-06
-2.15549e-06
-2.03606e-06
-1.92777e-06
-1.8157e-06
-1.68519e-06
-1.52359e-06
-1.32131e-06
-1.07867e-06
-8.08432e-07
-5.46115e-07
-3.51666e-07
-2.9782e-07
-4.19209e-07
-6.06076e-07
-7.18075e-07
-6.73452e-07
-4.27396e-07
3.8764e-08
7.37772e-07
1.67262e-06
2.84633e-06
4.25244e-06
5.87414e-06
7.68863e-06
9.66029e-06
1.17456e-05
1.38937e-05
1.6048e-05
1.81441e-05
2.01074e-05
2.1836e-05
2.32398e-05
2.41109e-05
2.51827e-05
3.13024e-05
)
;

boundaryField
{
    inlet
    {
        type            uniformJump;
        patchType       cyclic;
        jump            uniform -2.5e-05;
        value           nonuniform List<scalar> 
40
(
6.31732e-07
6.43835e-07
6.56214e-07
6.68254e-07
6.81222e-07
6.96653e-07
7.17152e-07
7.47287e-07
7.94066e-07
8.66813e-07
9.76406e-07
1.13461e-06
1.35449e-06
1.65145e-06
2.04362e-06
2.55008e-06
3.18738e-06
3.96509e-06
4.88009e-06
5.9034e-06
6.92241e-06
7.79115e-06
8.42346e-06
8.87822e-06
9.19671e-06
9.41096e-06
9.54992e-06
9.63712e-06
9.68972e-06
9.71985e-06
9.73586e-06
9.74334e-06
9.746e-06
9.7462e-06
9.7453e-06
9.74406e-06
9.74284e-06
9.74181e-06
9.74103e-06
9.74043e-06
)
;
        jumpTable       table;
        jumpTableCoeffs
        {
            values          
4
(
(0 -2.5e-05)
(25 -2.5e-05)
(25.5 -0.0001)
(26 -2.5e-05)
)
;
        }
    }
    outlet
    {
        type            uniformJump;
        patchType       cyclic;
        value           nonuniform List<scalar> 
40
(
-2.43683e-05
-2.43562e-05
-2.43438e-05
-2.43317e-05
-2.43188e-05
-2.43033e-05
-2.42828e-05
-2.42527e-05
-2.42059e-05
-2.41332e-05
-2.40236e-05
-2.38654e-05
-2.36455e-05
-2.33485e-05
-2.29564e-05
-2.24499e-05
-2.18126e-05
-2.10349e-05
-2.01199e-05
-1.90966e-05
-1.80776e-05
-1.72089e-05
-1.65765e-05
-1.61218e-05
-1.58033e-05
-1.5589e-05
-1.54501e-05
-1.53629e-05
-1.53103e-05
-1.52802e-05
-1.52641e-05
-1.52567e-05
-1.5254e-05
-1.52538e-05
-1.52547e-05
-1.52559e-05
-1.52572e-05
-1.52582e-05
-1.5259e-05
-1.52596e-05
)
;
    }
    Walls
    {
        type            zeroGradient;
    }
    back
    {
        type            empty;
    }
    front
    {
        type            empty;
    }
}


// ************************************************************************* //
