/*--------------------------------*- C++ -*----------------------------------*\
| =========                 |                                                 |
| \\      /  F ield         | OpenFOAM: The Open Source CFD Toolbox           |
|  \\    /   O peration     | Version:  2312                                  |
|   \\  /    A nd           | Website:  www.openfoam.com                      |
|    \\/     M anipulation  |                                                 |
\*---------------------------------------------------------------------------*/
FoamFile
{
    version     2.0;
    format      ascii;
    arch        "LSB;label=32;scalar=64";
    class       volScalarField;
    location    "168.5";
    object      p;
}
// * * * * * * * * * * * * * * * * * * * * * * * * * * * * * * * * * * * * * //

dimensions      [0 2 -2 0 0 0 0];

internalField   nonuniform List<scalar> 
4800
(
6.83211e-13
-1.28178e-06
-2.29247e-06
-3.10813e-06
-3.78102e-06
-4.34087e-06
-4.82461e-06
-5.24478e-06
-5.61264e-06
-5.94068e-06
-6.23656e-06
-6.50162e-06
-6.73033e-06
-7.15602e-06
-8.6996e-06
1.63327e-08
-1.26426e-06
-2.27468e-06
-3.09069e-06
-3.76471e-06
-4.32642e-06
-4.813e-06
-5.23711e-06
-5.61043e-06
-5.9474e-06
-6.26046e-06
-6.56387e-06
-6.87122e-06
-7.28825e-06
-8.05091e-06
3.32557e-08
-1.24598e-06
-2.25613e-06
-3.07262e-06
-3.74789e-06
-4.31115e-06
-4.79926e-06
-5.22666e-06
-5.60441e-06
-5.94774e-06
-6.2704e-06
-6.58735e-06
-6.90618e-06
-7.23497e-06
-7.5507e-06
5.00032e-08
-1.22742e-06
-2.2369e-06
-3.0535e-06
-3.72951e-06
-4.29432e-06
-4.78241e-06
-5.21171e-06
-5.59145e-06
-5.93569e-06
-6.25602e-06
-6.55917e-06
-6.83709e-06
-7.05971e-06
-7.15967e-06
6.79797e-08
-1.20704e-06
-2.21533e-06
-3.03156e-06
-3.70757e-06
-4.27384e-06
-4.76022e-06
-5.18893e-06
-5.56714e-06
-5.90556e-06
-6.21148e-06
-6.48257e-06
-6.70037e-06
-6.82795e-06
-6.81274e-06
8.85593e-08
-1.18345e-06
-2.18996e-06
-3.00518e-06
-3.68024e-06
-4.24634e-06
-4.73047e-06
-5.15469e-06
-5.52618e-06
-5.85109e-06
-6.13171e-06
-6.35994e-06
-6.51551e-06
-6.57016e-06
-6.49725e-06
1.13958e-07
-1.1545e-06
-2.15856e-06
-2.97187e-06
-3.64479e-06
-4.20884e-06
-4.68861e-06
-5.1043e-06
-5.46272e-06
-5.76649e-06
-6.01397e-06
-6.19573e-06
-6.29636e-06
-6.30135e-06
-6.2041e-06
1.48227e-07
-1.11634e-06
-2.11725e-06
-2.92753e-06
-3.59667e-06
-4.15566e-06
-4.62807e-06
-5.0311e-06
-5.37055e-06
-5.64721e-06
-5.85813e-06
-5.99637e-06
-6.05419e-06
-6.02898e-06
-5.92526e-06
1.97905e-07
-1.06274e-06
-2.05983e-06
-2.86578e-06
-3.52917e-06
-4.0804e-06
-4.5415e-06
-4.92743e-06
-5.24342e-06
-5.49001e-06
-5.66554e-06
-5.76763e-06
-5.79579e-06
-5.75513e-06
-5.65474e-06
2.7221e-07
-9.84706e-07
-1.97733e-06
-2.77755e-06
-3.433e-06
-3.97358e-06
-4.4198e-06
-4.78516e-06
-5.07539e-06
-5.29242e-06
-5.43741e-06
-5.51275e-06
-5.5232e-06
-5.47778e-06
-5.38655e-06
3.82581e-07
-8.7063e-07
-1.85798e-06
-2.65099e-06
-3.29634e-06
-3.82362e-06
-4.25239e-06
-4.59564e-06
-4.86063e-06
-5.05171e-06
-5.17333e-06
-5.23159e-06
-5.23428e-06
-5.19172e-06
-5.11333e-06
5.42057e-07
-7.06784e-07
-1.68765e-06
-2.47188e-06
-3.10527e-06
-3.61735e-06
-4.02766e-06
-4.34977e-06
-4.59286e-06
-4.76398e-06
-4.87033e-06
-4.9204e-06
-4.92325e-06
-4.88903e-06
-4.82595e-06
7.6554e-07
-4.77205e-07
-1.44988e-06
-2.2238e-06
-2.84402e-06
-3.34032e-06
-3.7332e-06
-4.03766e-06
-4.26456e-06
-4.42306e-06
-4.5223e-06
-4.57192e-06
-4.58116e-06
-4.55934e-06
-4.51342e-06
1.0708e-06
-1.62708e-07
-1.12506e-06
-1.88743e-06
-2.49436e-06
-2.97608e-06
-3.3548e-06
-3.64717e-06
-3.86521e-06
-4.01914e-06
-4.11904e-06
-4.17492e-06
-4.19568e-06
-4.18958e-06
-4.16253e-06
1.47866e-06
2.59572e-07
-6.89864e-07
-1.43987e-06
-2.03466e-06
-2.50498e-06
-2.8746e-06
-3.16185e-06
-3.3792e-06
-3.53678e-06
-3.64474e-06
-3.71298e-06
-3.7499e-06
-3.76283e-06
-3.75678e-06
2.01125e-06
8.14775e-07
-1.18219e-07
-8.55583e-07
-1.44063e-06
-1.90459e-06
-2.27156e-06
-2.56112e-06
-2.78589e-06
-2.95509e-06
-3.07818e-06
-3.16461e-06
-3.22232e-06
-3.2579e-06
-3.27578e-06
2.68807e-06
1.52633e-06
6.15264e-07
-1.09171e-07
-6.88487e-07
-1.15311e-06
-1.52372e-06
-1.82318e-06
-2.06303e-06
-2.25138e-06
-2.39659e-06
-2.50731e-06
-2.59096e-06
-2.65352e-06
-2.69905e-06
3.521e-06
2.40997e-06
1.529e-06
8.19631e-07
2.42121e-07
-2.3319e-07
-6.1114e-07
-9.27758e-07
-1.19058e-06
-1.4056e-06
-1.58032e-06
-1.7226e-06
-1.8391e-06
-1.93498e-06
-2.01385e-06
4.50843e-06
3.4668e-06
2.62594e-06
1.93712e-06
1.36697e-06
8.85078e-07
4.84617e-07
1.40759e-07
-1.51948e-07
-3.99862e-07
-6.10708e-07
-7.91788e-07
-9.48776e-07
-1.08585e-06
-1.20609e-06
5.62527e-06
4.67053e-06
3.87956e-06
3.21679e-06
2.65734e-06
2.1813e-06
1.74848e-06
1.37401e-06
1.04925e-06
7.6564e-07
5.15237e-07
2.91436e-07
8.97075e-08
-9.32035e-08
-2.60202e-07
6.76118e-06
5.89949e-06
5.16341e-06
4.5242e-06
3.96112e-06
3.46121e-06
3.01627e-06
2.61804e-06
2.26058e-06
1.93697e-06
1.64067e-06
1.36724e-06
1.11385e-06
8.78099e-07
6.57368e-07
7.73617e-06
6.9581e-06
6.27149e-06
5.66056e-06
5.10877e-06
4.60081e-06
4.12759e-06
3.7002e-06
3.3121e-06
2.95236e-06
2.61457e-06
2.29639e-06
1.99636e-06
1.71252e-06
1.44241e-06
8.47211e-06
7.75682e-06
7.10809e-06
6.51346e-06
5.96267e-06
5.4499e-06
4.97324e-06
4.53146e-06
4.1189e-06
3.729e-06
3.35794e-06
3.00399e-06
2.66575e-06
2.34144e-06
2.02908e-06
9.00515e-06
8.33872e-06
7.72027e-06
7.14244e-06
6.60037e-06
6.09182e-06
5.61241e-06
5.15835e-06
4.72586e-06
4.31202e-06
3.91452e-06
3.53163e-06
3.16182e-06
2.80372e-06
2.45591e-06
9.38112e-06
8.75382e-06
8.16225e-06
7.60228e-06
7.07076e-06
6.56429e-06
6.08028e-06
5.6156e-06
5.16816e-06
4.73622e-06
4.31791e-06
3.91164e-06
3.51618e-06
3.13057e-06
2.75382e-06
9.63815e-06
9.04278e-06
8.474e-06
7.92891e-06
7.40518e-06
6.90086e-06
6.41364e-06
5.94175e-06
5.48375e-06
5.03813e-06
4.60346e-06
4.17862e-06
3.76276e-06
3.35521e-06
2.95528e-06
9.80793e-06
9.23834e-06
8.68807e-06
8.15554e-06
7.63881e-06
7.137e-06
6.64837e-06
6.17172e-06
5.70586e-06
5.24967e-06
4.80221e-06
4.36278e-06
3.9308e-06
3.50583e-06
3.08742e-06
9.91608e-06
9.36744e-06
8.83262e-06
8.31117e-06
7.80068e-06
7.30161e-06
6.81252e-06
6.33248e-06
5.86064e-06
5.39631e-06
4.9389e-06
4.48799e-06
4.04323e-06
3.6044e-06
3.17127e-06
9.98258e-06
9.4513e-06
8.92936e-06
8.41645e-06
7.91253e-06
7.41629e-06
6.92721e-06
6.44474e-06
5.96838e-06
5.49773e-06
5.03248e-06
4.57244e-06
4.11746e-06
3.66752e-06
3.22256e-06
1.00222e-05
9.50547e-06
8.9945e-06
8.4893e-06
7.99067e-06
7.49703e-06
7.00821e-06
6.52397e-06
6.04409e-06
5.56841e-06
5.09683e-06
4.62938e-06
4.16608e-06
3.70709e-06
3.25249e-06
1.00451e-05
9.54077e-06
9.03923e-06
8.54097e-06
8.04658e-06
7.5552e-06
7.06671e-06
6.5811e-06
6.09836e-06
5.61853e-06
5.14173e-06
4.66812e-06
4.19791e-06
3.73138e-06
3.26877e-06
1.00583e-05
9.56448e-06
9.07104e-06
8.57875e-06
8.08802e-06
7.59858e-06
7.11039e-06
6.62362e-06
6.13845e-06
5.6551e-06
5.17384e-06
4.695e-06
4.2189e-06
3.74597e-06
3.27655e-06
1.00661e-05
9.58134e-06
9.09486e-06
8.60768e-06
8.1201e-06
7.6323e-06
7.14432e-06
6.65651e-06
6.1692e-06
5.68278e-06
5.19763e-06
4.71423e-06
4.23302e-06
3.75454e-06
3.27922e-06
1.00713e-05
9.59429e-06
9.11381e-06
8.63075e-06
8.1461e-06
7.65967e-06
7.1718e-06
6.68301e-06
6.19377e-06
5.7046e-06
5.21601e-06
4.72857e-06
4.24285e-06
3.75946e-06
3.27895e-06
1.00752e-05
9.60508e-06
9.1298e-06
8.65054e-06
8.16808e-06
7.68277e-06
7.19492e-06
6.70518e-06
6.21417e-06
5.7225e-06
5.2308e-06
4.73975e-06
4.25e-06
3.76225e-06
3.27712e-06
1.00789e-05
9.61464e-06
9.14388e-06
8.6678e-06
8.1873e-06
7.70284e-06
7.21494e-06
6.72428e-06
6.23162e-06
5.73767e-06
5.24316e-06
4.74885e-06
4.25547e-06
3.7638e-06
3.27455e-06
1.00825e-05
9.62342e-06
9.15655e-06
8.68314e-06
8.2044e-06
7.72059e-06
7.23255e-06
6.74101e-06
6.24683e-06
5.7508e-06
5.25374e-06
4.75649e-06
4.25985e-06
3.76468e-06
3.27173e-06
1.00863e-05
9.63171e-06
9.1682e-06
8.6971e-06
8.21979e-06
7.73653e-06
7.2483e-06
6.75592e-06
6.26033e-06
5.76242e-06
5.26305e-06
4.76313e-06
4.26354e-06
3.76518e-06
3.26887e-06
1.00905e-05
9.64005e-06
9.17963e-06
8.71065e-06
8.23456e-06
7.75179e-06
7.26332e-06
6.77009e-06
6.27313e-06
5.77341e-06
5.27183e-06
4.76936e-06
4.26692e-06
3.76549e-06
3.26595e-06
1.00949e-05
9.64863e-06
9.19121e-06
8.72426e-06
8.24934e-06
7.76697e-06
7.27822e-06
6.78411e-06
6.28572e-06
5.78401e-06
5.28013e-06
4.77512e-06
4.26996e-06
3.7657e-06
3.26319e-06
-9.88472e-06
-7.60989e-06
-6.22307e-06
-5.29153e-06
-4.55316e-06
-3.99546e-06
-3.57453e-06
-3.26136e-06
-3.0364e-06
-2.88372e-06
-2.78981e-06
-2.74247e-06
-2.73018e-06
-2.74197e-06
-2.76702e-06
-2.79539e-06
-2.81812e-06
-2.83065e-06
-2.83514e-06
-2.84406e-06
-2.8819e-06
-2.96714e-06
-3.06883e-06
-3.076e-06
-2.89462e-06
-2.47471e-06
-1.79808e-06
-8.68799e-07
3.01476e-07
1.69839e-06
3.30506e-06
5.10054e-06
7.05806e-06
9.14339e-06
1.13153e-05
1.35259e-05
1.57204e-05
1.78362e-05
1.97983e-05
2.15095e-05
2.2829e-05
2.35526e-05
2.32275e-05
2.14529e-05
1.66257e-05
-8.31642e-06
-7.10423e-06
-6.03944e-06
-5.20313e-06
-4.50835e-06
-3.96541e-06
-3.55011e-06
-3.23985e-06
-3.01723e-06
-2.86708e-06
-2.77608e-06
-2.73198e-06
-2.72317e-06
-2.73857e-06
-2.76731e-06
-2.79938e-06
-2.8258e-06
-2.84183e-06
-2.84923e-06
-2.85949e-06
-2.89558e-06
-2.97401e-06
-3.0636e-06
-3.05679e-06
-2.86275e-06
-2.43281e-06
-1.74907e-06
-8.15721e-07
3.55175e-07
1.74852e-06
3.34614e-06
5.12535e-06
7.05716e-06
9.10451e-06
1.12225e-05
1.33582e-05
1.54498e-05
1.74238e-05
1.9188e-05
2.06154e-05
2.15092e-05
2.15498e-05
2.00977e-05
1.6392e-05
9.26153e-06
-7.49472e-06
-6.71619e-06
-5.85207e-06
-5.10232e-06
-4.45571e-06
-3.93327e-06
-3.52654e-06
-3.22047e-06
-3.0006e-06
-2.85298e-06
-2.76473e-06
-2.72366e-06
-2.71812e-06
-2.73694e-06
-2.7692e-06
-2.80486e-06
-2.8349e-06
-2.85441e-06
-2.86469e-06
-2.87616e-06
-2.91007e-06
-2.98072e-06
-3.05664e-06
-3.03415e-06
-2.8261e-06
-2.38537e-06
-1.69445e-06
-7.57822e-07
4.11901e-07
1.79864e-06
3.38259e-06
5.13885e-06
7.03567e-06
9.03246e-06
1.10798e-05
1.31187e-05
1.5079e-05
1.68753e-05
1.83981e-05
1.94972e-05
1.99442e-05
1.93938e-05
1.72881e-05
1.32071e-05
6.96205e-06
-6.9828e-06
-6.40309e-06
-5.69716e-06
-5.01515e-06
-4.41395e-06
-3.91279e-06
-3.51428e-06
-3.21132e-06
-2.9927e-06
-2.84604e-06
-2.75908e-06
-2.71982e-06
-2.71655e-06
-2.73804e-06
-2.77327e-06
-2.81214e-06
-2.84555e-06
-2.86837e-06
-2.88139e-06
-2.8938e-06
-2.92502e-06
-2.98676e-06
-3.04724e-06
-3.00705e-06
-2.78307e-06
-2.32994e-06
-1.63067e-06
-6.90256e-07
4.77844e-07
1.85624e-06
3.42303e-06
5.15053e-06
7.00356e-06
8.93723e-06
1.08968e-05
1.28166e-05
1.46179e-05
1.62045e-05
1.74545e-05
1.82072e-05
1.82408e-05
1.72666e-05
1.49271e-05
1.10351e-05
5.86601e-06
-6.59633e-06
-6.13624e-06
-5.5526e-06
-4.95145e-06
-4.39162e-06
-3.91122e-06
-3.51993e-06
-3.21827e-06
-2.99855e-06
-2.85032e-06
-2.76231e-06
-2.7228e-06
-2.72008e-06
-2.74285e-06
-2.78001e-06
-2.82133e-06
-2.8576e-06
-2.8834e-06
-2.89891e-06
-2.91196e-06
-2.93986e-06
-2.99153e-06
-3.03476e-06
-2.97499e-06
-2.73356e-06
-2.26712e-06
-1.55932e-06
-6.15939e-07
5.48413e-07
1.91474e-06
3.45859e-06
5.14906e-06
6.94711e-06
8.80314e-06
1.06569e-05
1.24363e-05
1.40554e-05
1.5411e-05
1.63774e-05
1.6801e-05
1.6496e-05
1.5263e-05
1.29288e-05
9.4895e-06
5.27998e-06
-6.2821e-06
-5.90644e-06
-5.417e-06
-4.89766e-06
-4.38729e-06
-3.92907e-06
-3.54633e-06
-3.24537e-06
-3.02251e-06
-2.87002e-06
-2.77812e-06
-2.73565e-06
-2.73108e-06
-2.75312e-06
-2.79058e-06
-2.8331e-06
-2.87131e-06
-2.89943e-06
-2.91696e-06
-2.93013e-06
-2.95394e-06
-2.99421e-06
-3.01825e-06
-2.93703e-06
-2.67689e-06
-2.19669e-06
-1.4809e-06
-5.36357e-07
6.20752e-07
1.9696e-06
3.48279e-06
5.12581e-06
6.85553e-06
8.61766e-06
1.03468e-05
1.19659e-05
1.33846e-05
1.44985e-05
1.51888e-05
1.53237e-05
1.47687e-05
1.34135e-05
1.12152e-05
8.27552e-06
4.89545e-06
-6.00633e-06
-5.69678e-06
-5.2923e-06
-4.84037e-06
-4.38695e-06
-3.96023e-06
-3.59128e-06
-3.29294e-06
-3.06653e-06
-2.90793e-06
-2.80956e-06
-2.76124e-06
-2.75198e-06
-2.77073e-06
-2.80632e-06
-2.84828e-06
-2.88704e-06
-2.91643e-06
-2.93517e-06
-2.94768e-06
-2.96643e-06
-2.99376e-06
-2.99654e-06
-2.89205e-06
-2.61218e-06
-2.1182e-06
-1.39555e-06
-4.52615e-07
6.92466e-07
2.01701e-06
3.48997e-06
5.07318e-06
6.71954e-06
8.37051e-06
9.9568e-06
1.13986e-05
1.26058e-05
1.34789e-05
1.39154e-05
1.38146e-05
1.30946e-05
1.17165e-05
9.71237e-06
7.21644e-06
4.46789e-06
-5.74943e-06
-5.49312e-06
-5.16102e-06
-4.77838e-06
-4.37903e-06
-3.99337e-06
-3.6462e-06
-3.35575e-06
-3.12798e-06
-2.96346e-06
-2.85733e-06
-2.80087e-06
-2.78416e-06
-2.7969e-06
-2.82813e-06
-2.86736e-06
-2.90492e-06
-2.93417e-06
-2.95298e-06
-2.96379e-06
-2.97625e-06
-2.989e-06
-2.96839e-06
-2.83902e-06
-2.53873e-06
-2.03174e-06
-1.30422e-06
-3.67202e-07
7.59785e-07
2.05157e-06
3.4725e-06
4.98166e-06
6.52831e-06
8.05071e-06
9.47766e-06
1.07299e-05
1.1723e-05
1.23673e-05
1.25834e-05
1.2304e-05
1.14917e-05
1.01547e-05
8.35924e-06
6.23496e-06
3.96178e-06
-5.50144e-06
-5.28894e-06
-5.01728e-06
-4.6993e-06
-4.35723e-06
-4.01617e-06
-3.69883e-06
-3.42353e-06
-3.19898e-06
-3.03146e-06
-2.91853e-06
-2.85299e-06
-2.8269e-06
-2.8313e-06
-2.8558e-06
-2.89007e-06
-2.92449e-06
-2.95198e-06
-2.96952e-06
-2.97737e-06
-2.98222e-06
-2.9787e-06
-2.9327e-06
-2.77727e-06
-2.45659e-06
-1.93841e-06
-1.20985e-06
-2.84634e-07
8.1763e-07
2.06528e-06
3.42002e-06
4.83923e-06
6.26919e-06
7.64664e-06
8.90114e-06
9.95758e-06
1.07398e-05
1.11792e-05
1.12149e-05
1.08109e-05
9.96232e-06
8.70321e-06
7.10894e-06
5.29053e-06
3.38009e-06
-5.25541e-06
-5.07996e-06
-4.85891e-06
-4.59838e-06
-4.31218e-06
-4.01854e-06
-3.73714e-06
-3.48265e-06
-3.26766e-06
-3.10287e-06
-2.98655e-06
-2.91268e-06
-2.87663e-06
-2.87138e-06
-2.88742e-06
-2.91488e-06
-2.9444e-06
-2.96855e-06
-2.98349e-06
-2.98715e-06
-2.98309e-06
-2.96183e-06
-2.88895e-06
-2.70689e-06
-2.36754e-06
-1.8415e-06
-1.11879e-06
-2.09267e-07
8.58049e-07
2.04654e-06
3.31929e-06
4.6317e-06
5.92837e-06
7.14686e-06
8.22066e-06
9.08267e-06
9.66981e-06
9.92963e-06
9.82494e-06
9.34263e-06
8.49763e-06
7.33442e-06
5.92421e-06
4.35651e-06
2.72766e-06
-5.00394e-06
-4.86083e-06
-4.68274e-06
-4.4724e-06
-4.23797e-06
-3.99235e-06
-3.7502e-06
-3.52104e-06
-3.32212e-06
-3.16756e-06
-3.05214e-06
-2.97192e-06
-2.92697e-06
-2.91222e-06
-2.91919e-06
-2.93883e-06
-2.96228e-06
-2.98197e-06
-2.99327e-06
-2.99182e-06
-2.97795e-06
-2.93803e-06
-2.83771e-06
-2.6302e-06
-2.27484e-06
-1.75158e-06
-1.03502e-06
-1.47889e-07
8.67552e-07
1.97991e-06
3.15416e-06
4.34307e-06
5.49162e-06
6.541e-06
7.43154e-06
8.10682e-06
8.51804e-06
8.62924e-06
8.42164e-06
7.89775e-06
7.08239e-06
6.02095e-06
4.77484e-06
3.41387e-06
2.00847e-06
-4.73806e-06
-4.62408e-06
-4.48325e-06
-4.31659e-06
-4.12854e-06
-3.92737e-06
-3.72317e-06
-3.52708e-06
-3.35391e-06
-3.21294e-06
-3.10144e-06
-3.01957e-06
-2.96921e-06
-2.94694e-06
-2.94578e-06
-2.95786e-06
-2.97511e-06
-2.99002e-06
-2.99731e-06
-2.99057e-06
-2.96673e-06
-2.90866e-06
-2.78077e-06
-2.55144e-06
-2.19258e-06
-1.67342e-06
-9.63033e-07
-1.17476e-07
8.26334e-07
1.84695e-06
2.90644e-06
3.95658e-06
4.94555e-06
5.82077e-06
6.53173e-06
7.03385e-06
7.2925e-06
7.28553e-06
7.00722e-06
6.46911e-06
5.69901e-06
4.73811e-06
3.63665e-06
2.44808e-06
1.22417e-06
-4.447e-06
-4.36006e-06
-4.25245e-06
-4.12442e-06
-3.97831e-06
-3.81942e-06
-3.65568e-06
-3.49594e-06
-3.34989e-06
-3.22455e-06
-3.12224e-06
-3.04502e-06
-2.99428e-06
-2.96803e-06
-2.96124e-06
-2.9675e-06
-2.97978e-06
-2.99083e-06
-2.99481e-06
-2.9838e-06
-2.95103e-06
-2.87788e-06
-2.72406e-06
-2.48162e-06
-2.12844e-06
-1.6062e-06
-9.29029e-07
-1.45397e-07
7.13712e-07
1.62777e-06
2.55725e-06
3.45644e-06
4.27929e-06
4.98136e-06
5.5225e-06
5.8702e-06
6.00097e-06
5.90358e-06
5.58064e-06
5.04761e-06
4.331e-06
3.46564e-06
2.49125e-06
1.44829e-06
3.75047e-07
-4.11798e-06
-4.05704e-06
-3.98016e-06
-3.8874e-06
-3.77999e-06
-3.66135e-06
-3.5369e-06
-3.41295e-06
-3.29607e-06
-3.19223e-06
-3.10566e-06
-3.03899e-06
-2.99343e-06
-2.9681e-06
-2.9598e-06
-2.96369e-06
-2.97386e-06
-2.98357e-06
-2.9865e-06
-2.97386e-06
-2.93543e-06
-2.85213e-06
-2.68344e-06
-2.43012e-06
-2.08172e-06
-1.58387e-06
-9.6066e-07
-2.54965e-07
5.07983e-07
1.30149e-06
2.08864e-06
2.82983e-06
3.48622e-06
4.02287e-06
4.40952e-06
4.62407e-06
4.6513e-06
4.48775e-06
4.14053e-06
3.62549e-06
2.96565e-06
2.18906e-06
1.32635e-06
4.07922e-07
-5.3783e-07
-3.73533e-06
-3.70053e-06
-3.65336e-06
-3.59397e-06
-3.523e-06
-3.44255e-06
-3.35612e-06
-3.26814e-06
-3.1834e-06
-3.1067e-06
-3.04202e-06
-2.99203e-06
-2.95811e-06
-2.9402e-06
-2.93646e-06
-2.94345e-06
-2.95638e-06
-2.96918e-06
-2.97537e-06
-2.96578e-06
-2.92786e-06
-2.84187e-06
-2.67262e-06
-2.41793e-06
-2.0825e-06
-1.6315e-06
-1.08024e-06
-4.65071e-07
1.868e-07
8.47642e-07
1.48588e-06
2.06871e-06
2.56524e-06
2.94974e-06
3.20268e-06
3.30622e-06
3.25254e-06
3.04336e-06
2.68731e-06
2.19849e-06
1.59561e-06
9.00446e-07
1.36185e-07
-6.74525e-07
-1.51058e-06
-3.27982e-06
-3.27281e-06
-3.25606e-06
-3.22989e-06
-3.19472e-06
-3.15188e-06
-3.10367e-06
-3.05315e-06
-3.00379e-06
-2.95914e-06
-2.92238e-06
-2.89593e-06
-2.88129e-06
-2.87889e-06
-2.88774e-06
-2.9055e-06
-2.92849e-06
-2.95119e-06
-2.96744e-06
-2.9682e-06
-2.93988e-06
-2.86257e-06
-2.70658e-06
-2.47073e-06
-2.16417e-06
-1.77273e-06
-1.30867e-06
-7.99705e-07
-2.72323e-07
2.49313e-07
7.38997e-07
1.16987e-06
1.52146e-06
1.77586e-06
1.91503e-06
1.92814e-06
1.81394e-06
1.57644e-06
1.22336e-06
7.65966e-07
2.18686e-07
-4.01999e-07
-1.07885e-06
-1.79514e-06
-2.53522e-06
-2.73199e-06
-2.75579e-06
-2.77186e-06
-2.78069e-06
-2.78273e-06
-2.77892e-06
-2.77079e-06
-2.76046e-06
-2.75033e-06
-2.74296e-06
-2.7407e-06
-2.7456e-06
-2.75904e-06
-2.78175e-06
-2.81325e-06
-2.85181e-06
-2.89443e-06
-2.93626e-06
-2.97236e-06
-2.9939e-06
-2.98734e-06
-2.93415e-06
-2.80924e-06
-2.61223e-06
-2.35532e-06
-2.03938e-06
-1.67441e-06
-1.2817e-06
-8.84096e-07
-5.01916e-07
-1.55709e-07
1.38072e-07
3.65501e-07
5.09397e-07
5.5518e-07
4.99191e-07
3.43644e-07
9.25147e-08
-2.4846e-07
-6.70973e-07
-1.16428e-06
-1.7162e-06
-2.31417e-06
-2.94601e-06
-3.6002e-06
-2.08074e-06
-2.1397e-06
-2.19239e-06
-2.23956e-06
-2.28188e-06
-2.32014e-06
-2.35544e-06
-2.38923e-06
-2.42314e-06
-2.45902e-06
-2.49851e-06
-2.54329e-06
-2.59439e-06
-2.65268e-06
-2.71791e-06
-2.78984e-06
-2.86513e-06
-2.93656e-06
-3.00435e-06
-3.05997e-06
-3.09037e-06
-3.07949e-06
-3.0063e-06
-2.87071e-06
-2.68551e-06
-2.45868e-06
-2.20094e-06
-1.92735e-06
-1.65489e-06
-1.40347e-06
-1.18619e-06
-1.01325e-06
-8.90709e-07
-8.3823e-07
-8.64558e-07
-9.69001e-07
-1.1488e-06
-1.40143e-06
-1.72326e-06
-2.10839e-06
-2.54899e-06
-3.03632e-06
-3.56149e-06
-4.11584e-06
-4.69103e-06
-1.31484e-06
-1.41641e-06
-1.51255e-06
-1.60435e-06
-1.69277e-06
-1.77867e-06
-1.86297e-06
-1.9467e-06
-2.03107e-06
-2.11739e-06
-2.20683e-06
-2.3007e-06
-2.3996e-06
-2.50439e-06
-2.61459e-06
-2.72931e-06
-2.85124e-06
-2.97107e-06
-3.08381e-06
-3.18758e-06
-3.27169e-06
-3.32276e-06
-3.32282e-06
-3.27002e-06
-3.17533e-06
-3.04899e-06
-2.90182e-06
-2.74503e-06
-2.59043e-06
-2.45364e-06
-2.34429e-06
-2.26432e-06
-2.2286e-06
-2.24795e-06
-2.32479e-06
-2.45783e-06
-2.6464e-06
-2.89003e-06
-3.1865e-06
-3.53152e-06
-3.91954e-06
-4.3446e-06
-4.80071e-06
-5.28188e-06
-5.78219e-06
-4.1761e-07
-5.70277e-07
-7.19339e-07
-8.6539e-07
-1.00934e-06
-1.15212e-06
-1.29463e-06
-1.43772e-06
-1.58228e-06
-1.72922e-06
-1.87945e-06
-2.03374e-06
-2.19284e-06
-2.3569e-06
-2.52632e-06
-2.7002e-06
-2.8782e-06
-3.05857e-06
-3.23311e-06
-3.40003e-06
-3.55318e-06
-3.68316e-06
-3.77377e-06
-3.8191e-06
-3.8267e-06
-3.80679e-06
-3.76741e-06
-3.71844e-06
-3.67351e-06
-3.63464e-06
-3.60328e-06
-3.59312e-06
-3.6225e-06
-3.69266e-06
-3.80016e-06
-3.94502e-06
-4.12958e-06
-4.35492e-06
-4.61965e-06
-4.92075e-06
-5.25468e-06
-5.61781e-06
-6.00641e-06
-6.41654e-06
-6.84411e-06
4.45549e-07
2.37704e-07
3.25722e-08
-1.70544e-07
-3.72618e-07
-5.74601e-07
-7.77318e-07
-9.81494e-07
-1.18781e-06
-1.39694e-06
-1.60955e-06
-1.82625e-06
-2.04754e-06
-2.27371e-06
-2.50481e-06
-2.74036e-06
-2.97954e-06
-3.22027e-06
-3.459e-06
-3.69303e-06
-3.91799e-06
-4.12781e-06
-4.30653e-06
-4.44382e-06
-4.54399e-06
-4.61474e-06
-4.66298e-06
-4.69804e-06
-4.7289e-06
-4.75852e-06
-4.79405e-06
-4.84682e-06
-4.92288e-06
-5.02139e-06
-5.14202e-06
-5.28749e-06
-5.46075e-06
-5.66283e-06
-5.89295e-06
-6.14957e-06
-6.43093e-06
-6.73514e-06
-7.06003e-06
-7.40315e-06
-7.76188e-06
1.18009e-06
9.2041e-07
6.62235e-07
4.05121e-07
1.48266e-07
-1.09161e-07
-3.67865e-07
-6.2842e-07
-8.91342e-07
-1.15713e-06
-1.42627e-06
-1.69921e-06
-1.97629e-06
-2.25766e-06
-2.54327e-06
-2.83265e-06
-3.1249e-06
-3.41872e-06
-3.71211e-06
-4.00237e-06
-4.28608e-06
-4.55925e-06
-4.80572e-06
-5.01202e-06
-5.17996e-06
-5.31599e-06
-5.42778e-06
-5.52193e-06
-5.60261e-06
-5.68493e-06
-5.76876e-06
-5.86178e-06
-5.96442e-06
-6.07743e-06
-6.20391e-06
-6.34709e-06
-6.5089e-06
-6.69004e-06
-6.89058e-06
-7.11026e-06
-7.34853e-06
-7.60451e-06
-7.87709e-06
-8.16489e-06
-8.46643e-06
1.72346e-06
1.41973e-06
1.11673e-06
8.14112e-07
5.11253e-07
2.07534e-07
-9.75572e-08
-4.04422e-07
-7.13416e-07
-1.02488e-06
-1.33913e-06
-1.65644e-06
-1.977e-06
-2.30082e-06
-2.62775e-06
-2.95735e-06
-3.28892e-06
-3.62139e-06
-3.95308e-06
-4.28176e-06
-4.60484e-06
-4.91945e-06
-5.20935e-06
-5.45955e-06
-5.67112e-06
-5.85049e-06
-6.00462e-06
-6.13932e-06
-6.26035e-06
-6.36877e-06
-6.47871e-06
-6.59027e-06
-6.70386e-06
-6.8225e-06
-6.94958e-06
-7.08739e-06
-7.2373e-06
-7.40032e-06
-7.57722e-06
-7.76843e-06
-7.97399e-06
-8.19366e-06
-8.42695e-06
-8.67319e-06
-8.93159e-06
2.11394e-06
1.77337e-06
1.4331e-06
1.09287e-06
7.52267e-07
4.10898e-07
6.84565e-08
-2.75283e-07
-6.20516e-07
-9.67425e-07
-1.31617e-06
-1.66687e-06
-2.01956e-06
-2.37413e-06
-2.73037e-06
-3.08783e-06
-3.44583e-06
-3.80335e-06
-4.159e-06
-4.51106e-06
-4.85751e-06
-5.19596e-06
-5.51062e-06
-5.78659e-06
-6.02483e-06
-6.23122e-06
-6.41144e-06
-6.57052e-06
-6.71348e-06
-6.84589e-06
-6.97196e-06
-7.09408e-06
-7.21513e-06
-7.33812e-06
-7.46545e-06
-7.59892e-06
-7.74007e-06
-7.89025e-06
-8.05052e-06
-8.22162e-06
-8.40395e-06
-8.59772e-06
-8.80292e-06
-9.01938e-06
-9.24681e-06
2.38218e-06
2.01165e-06
1.64127e-06
1.27091e-06
9.00356e-07
5.29411e-07
1.57971e-07
-2.14026e-07
-5.86628e-07
-9.59866e-07
-1.33376e-06
-1.70828e-06
-2.08334e-06
-2.45872e-06
-2.83412e-06
-3.20906e-06
-3.58286e-06
-3.95461e-06
-4.3232e-06
-4.68718e-06
-5.04491e-06
-5.39433e-06
-5.72074e-06
-6.01017e-06
-6.26345e-06
-6.48593e-06
-6.68278e-06
-6.8601e-06
-7.01736e-06
-7.16326e-06
-7.29986e-06
-7.43031e-06
-7.55757e-06
-7.684e-06
-7.8116e-06
-7.94225e-06
-8.07765e-06
-8.21925e-06
-8.36823e-06
-8.52552e-06
-8.69184e-06
-8.86768e-06
-9.0534e-06
-9.24917e-06
-9.45506e-06
2.5598e-06
2.16534e-06
1.77112e-06
1.37713e-06
9.83317e-07
5.89696e-07
1.96321e-07
-1.96724e-07
-5.89352e-07
-9.81468e-07
-1.37296e-06
-1.76367e-06
-2.15341e-06
-2.54186e-06
-2.92867e-06
-3.3133e-06
-3.69515e-06
-4.07339e-06
-4.44707e-06
-4.81496e-06
-5.17571e-06
-5.52763e-06
-5.85739e-06
-6.15238e-06
-6.41335e-06
-6.64487e-06
-6.85104e-06
-7.03535e-06
-7.20666e-06
-7.36237e-06
-7.50712e-06
-7.64427e-06
-7.77633e-06
-7.90551e-06
-8.03385e-06
-8.16326e-06
-8.29543e-06
-8.43183e-06
-8.57374e-06
-8.72225e-06
-8.87826e-06
-9.04251e-06
-9.21558e-06
-9.39789e-06
-9.58979e-06
2.67295e-06
2.25955e-06
1.84664e-06
1.43433e-06
1.02273e-06
6.12003e-07
2.02339e-07
-2.06053e-07
-6.12974e-07
-1.01821e-06
-1.42156e-06
-1.82274e-06
-2.22148e-06
-2.61741e-06
-3.01011e-06
-3.39906e-06
-3.78367e-06
-4.1632e-06
-4.53682e-06
-4.90349e-06
-5.26215e-06
-5.61138e-06
-5.93937e-06
-6.23511e-06
-6.49926e-06
-6.73571e-06
-6.94813e-06
-7.14022e-06
-7.31671e-06
-7.47887e-06
-7.62963e-06
-7.77177e-06
-7.90765e-06
-8.03945e-06
-8.16917e-06
-8.29865e-06
-8.42954e-06
-8.56336e-06
-8.70144e-06
-8.84497e-06
-8.995e-06
-9.15242e-06
-9.31798e-06
-9.49231e-06
-9.67592e-06
2.7417e-06
2.31337e-06
1.88587e-06
1.45943e-06
1.03429e-06
6.10745e-07
1.89091e-07
-2.30361e-07
-6.47318e-07
-1.06148e-06
-1.47254e-06
-1.88015e-06
-2.28397e-06
-2.68358e-06
-3.07853e-06
-3.4683e-06
-3.85234e-06
-4.22995e-06
-4.60045e-06
-4.96293e-06
-5.3166e-06
-5.66024e-06
-5.9836e-06
-6.27726e-06
-6.54171e-06
-6.78025e-06
-6.99608e-06
-7.19251e-06
-7.373e-06
-7.53962e-06
-7.69471e-06
-7.84071e-06
-7.97987e-06
-8.11424e-06
-8.24575e-06
-8.37616e-06
-8.50711e-06
-8.64014e-06
-8.77662e-06
-8.91783e-06
-9.0649e-06
-9.21884e-06
-9.38052e-06
-9.55073e-06
-9.73013e-06
2.78091e-06
2.34071e-06
1.90175e-06
1.46434e-06
1.02884e-06
5.95627e-07
1.65112e-07
-2.62325e-07
-6.86312e-07
-1.10647e-06
-1.52243e-06
-1.93377e-06
-2.34011e-06
-2.74098e-06
-3.13593e-06
-3.52443e-06
-3.90596e-06
-4.27989e-06
-4.64563e-06
-5.00242e-06
-5.34964e-06
-5.68626e-06
-6.00354e-06
-6.2935e-06
-6.55647e-06
-6.79522e-06
-7.01258e-06
-7.21148e-06
-7.39472e-06
-7.56444e-06
-7.72272e-06
-7.87178e-06
-8.01371e-06
-8.15047e-06
-8.28388e-06
-8.41567e-06
-8.54748e-06
-8.68082e-06
-8.81713e-06
-8.95772e-06
-9.1038e-06
-9.25647e-06
-9.4167e-06
-9.58539e-06
-9.76331e-06
2.80103e-06
2.35127e-06
1.90314e-06
1.45707e-06
1.01348e-06
5.72867e-07
1.35687e-07
-2.97607e-07
-7.26578e-07
-1.15079e-06
-1.56979e-06
-1.98315e-06
-2.39042e-06
-2.79112e-06
-3.18478e-06
-3.57088e-06
-3.94893e-06
-4.31835e-06
-4.67863e-06
-5.0291e-06
-5.36934e-06
-5.69842e-06
-6.00901e-06
-6.29447e-06
-6.55492e-06
-6.79272e-06
-7.0104e-06
-7.21054e-06
-7.39552e-06
-7.5674e-06
-7.72805e-06
-7.87948e-06
-8.02369e-06
-8.16253e-06
-8.29777e-06
-8.43109e-06
-8.56411e-06
-8.69837e-06
-8.8353e-06
-8.97628e-06
-9.12256e-06
-9.27532e-06
-9.43562e-06
-9.60442e-06
-9.7826e-06
2.80916e-06
2.35152e-06
1.89591e-06
1.44283e-06
9.92792e-07
5.46347e-07
1.04016e-07
-3.33697e-07
-7.66295e-07
-1.19329e-06
-1.6142e-06
-2.02853e-06
-2.43582e-06
-2.83556e-06
-3.22728e-06
-3.61048e-06
-3.98467e-06
-4.34931e-06
-4.70398e-06
-5.0481e-06
-5.38134e-06
-5.70293e-06
-6.00676e-06
-6.28738e-06
-6.54478e-06
-6.78096e-06
-6.99819e-06
-7.19875e-06
-7.38471e-06
-7.55807e-06
-7.72043e-06
-7.87364e-06
-8.01965e-06
-8.16024e-06
-8.2971e-06
-8.4319e-06
-8.56622e-06
-8.70162e-06
-8.83955e-06
-8.98143e-06
-9.12855e-06
-9.28216e-06
-9.44337e-06
-9.61322e-06
-9.79264e-06
2.81004e-06
2.34576e-06
1.88389e-06
1.42499e-06
9.69652e-07
5.18473e-07
7.20218e-08
-3.69146e-07
-8.0449e-07
-1.23348e-06
-1.65559e-06
-2.07031e-06
-2.47713e-06
-2.87555e-06
-3.26509e-06
-3.64524e-06
-4.01555e-06
-4.37552e-06
-4.72477e-06
-5.06278e-06
-5.38935e-06
-5.70377e-06
-6.00108e-06
-6.27685e-06
-6.53098e-06
-6.76521e-06
-6.98154e-06
-7.182e-06
-7.36831e-06
-7.54263e-06
-7.70622e-06
-7.86073e-06
-8.00813e-06
-8.15011e-06
-8.28833e-06
-8.42441e-06
-8.55994e-06
-8.69648e-06
-8.83552e-06
-8.97847e-06
-9.12671e-06
-9.28149e-06
-9.44402e-06
-9.61536e-06
-9.79652e-06
2.80676e-06
2.33676e-06
1.86952e-06
1.40567e-06
9.4586e-07
4.90716e-07
4.08555e-08
-4.03125e-07
-8.40644e-07
-1.27114e-06
-1.69405e-06
-2.10884e-06
-2.51499e-06
-2.91198e-06
-3.29931e-06
-3.67651e-06
-4.04313e-06
-4.39871e-06
-4.7429e-06
-5.07524e-06
-5.3956e-06
-5.70337e-06
-5.99455e-06
-6.26564e-06
-6.51651e-06
-6.74864e-06
-6.96383e-06
-7.16387e-06
-7.35009e-06
-7.52495e-06
-7.68943e-06
-7.84483e-06
-7.99325e-06
-8.13629e-06
-8.27557e-06
-8.4127e-06
-8.54927e-06
-8.68683e-06
-8.82689e-06
-8.97091e-06
-9.12028e-06
-9.27633e-06
-9.44028e-06
-9.61326e-06
-9.79632e-06
2.80126e-06
2.32626e-06
1.85435e-06
1.3862e-06
9.22512e-07
4.63957e-07
1.11851e-08
-4.3517e-07
-8.74494e-07
-1.30619e-06
-1.72968e-06
-2.14441e-06
-2.54982e-06
-2.94541e-06
-3.33067e-06
-3.70512e-06
-4.06834e-06
-4.41989e-06
-4.75946e-06
-5.08663e-06
-5.40134e-06
-5.70304e-06
-5.98856e-06
-6.25527e-06
-6.50298e-06
-6.733e-06
-6.94695e-06
-7.1462e-06
-7.33226e-06
-7.50735e-06
-7.67243e-06
-7.82839e-06
-7.9775e-06
-8.12131e-06
-8.26138e-06
-8.39932e-06
-8.5367e-06
-8.67509e-06
-8.81603e-06
-8.96099e-06
-9.11141e-06
-9.26863e-06
-9.43395e-06
-9.60852e-06
-9.79344e-06
2.79478e-06
2.31534e-06
1.83929e-06
1.36734e-06
9.00246e-07
4.38696e-07
-1.66209e-08
-4.65041e-07
-9.05921e-07
-1.33864e-06
-1.76259e-06
-2.1772e-06
-2.58192e-06
-2.9762e-06
-3.35956e-06
-3.73153e-06
-4.09167e-06
-4.4396e-06
-4.77501e-06
-5.09754e-06
-5.40715e-06
-5.70336e-06
-5.98375e-06
-6.24639e-06
-6.49115e-06
-6.71912e-06
-6.93179e-06
-7.13011e-06
-7.31601e-06
-7.49111e-06
-7.65645e-06
-7.81274e-06
-7.9623e-06
-8.10662e-06
-8.24725e-06
-8.38576e-06
-8.52375e-06
-8.66277e-06
-8.8044e-06
-8.95013e-06
-9.10143e-06
-9.25969e-06
-9.42622e-06
-9.60224e-06
-9.78886e-06
2.78806e-06
2.30465e-06
1.8249e-06
1.34958e-06
8.79445e-07
4.15231e-07
-4.23474e-08
-4.92599e-07
-9.34855e-07
-1.36847e-06
-1.79283e-06
-2.20733e-06
-2.61141e-06
-3.00453e-06
-3.3862e-06
-3.75594e-06
-4.11336e-06
-4.45805e-06
-4.78976e-06
-5.10815e-06
-5.41321e-06
-5.70451e-06
-5.98027e-06
-6.23923e-06
-6.48125e-06
-6.7073e-06
-6.91867e-06
-7.11605e-06
-7.30173e-06
-7.47674e-06
-7.64205e-06
-7.79854e-06
-7.94835e-06
-8.09299e-06
-8.23398e-06
-8.37287e-06
-8.51127e-06
-8.65075e-06
-8.79288e-06
-8.9392e-06
-9.09121e-06
-9.25032e-06
-9.41788e-06
-9.59515e-06
-9.78328e-06
2.78152e-06
2.29456e-06
1.81152e-06
1.33318e-06
8.60336e-07
3.93744e-07
-6.58536e-08
-5.17742e-07
-9.61231e-07
-1.39566e-06
-1.82038e-06
-2.2348e-06
-2.63833e-06
-3.03043e-06
-3.41062e-06
-3.77841e-06
-4.13341e-06
-4.47526e-06
-4.8037e-06
-5.11844e-06
-5.41949e-06
-5.70643e-06
-5.97804e-06
-6.23369e-06
-6.47324e-06
-6.69751e-06
-6.90766e-06
-7.10421e-06
-7.28944e-06
-7.4643e-06
-7.62947e-06
-7.78606e-06
-7.93598e-06
-8.08079e-06
-8.22197e-06
-8.36109e-06
-8.49974e-06
-8.6395e-06
-8.78198e-06
-8.92873e-06
-9.08127e-06
-9.24105e-06
-9.40947e-06
-9.58779e-06
-9.7772e-06
2.7753e-06
2.28514e-06
1.79913e-06
1.31807e-06
8.42778e-07
3.74045e-07
-8.7373e-08
-5.40739e-07
-9.85346e-07
-1.42051e-06
-1.84558e-06
-2.25994e-06
-2.66301e-06
-3.05423e-06
-3.43311e-06
-3.79919e-06
-4.15208e-06
-4.49142e-06
-4.81698e-06
-5.12847e-06
-5.42596e-06
-5.70901e-06
-5.9769e-06
-6.22954e-06
-6.46685e-06
-6.68949e-06
-6.89852e-06
-7.09433e-06
-7.27905e-06
-7.45367e-06
-7.61864e-06
-7.77522e-06
-7.92515e-06
-8.07e-06
-8.21125e-06
-8.35045e-06
-8.48921e-06
-8.62912e-06
-8.7718e-06
-8.91883e-06
-9.07176e-06
-9.23206e-06
-9.40115e-06
-9.58035e-06
-9.77086e-06
2.76915e-06
2.27593e-06
1.78708e-06
1.30342e-06
8.25799e-07
3.55019e-07
-1.0814e-07
-5.62923e-07
-1.00861e-06
-1.44449e-06
-1.86991e-06
-2.28425e-06
-2.6869e-06
-3.07731e-06
-3.45499e-06
-3.81949e-06
-4.17041e-06
-4.50741e-06
-4.83028e-06
-5.13875e-06
-5.4329e-06
-5.71231e-06
-5.97667e-06
-6.22645e-06
-6.46162e-06
-6.68269e-06
-6.89062e-06
-7.08569e-06
-7.26989e-06
-7.44418e-06
-7.60894e-06
-7.76541e-06
-7.91525e-06
-8.06003e-06
-8.20124e-06
-8.34043e-06
-8.47919e-06
-8.61914e-06
-8.76191e-06
-8.9091e-06
-9.06229e-06
-9.22298e-06
-9.39263e-06
-9.57257e-06
-9.76405e-06
2.76334e-06
2.26719e-06
1.77559e-06
1.2894e-06
8.09483e-07
3.36677e-07
-1.28215e-07
-5.84417e-07
-1.03119e-06
-1.46781e-06
-1.8936e-06
-2.30794e-06
-2.71021e-06
-3.09986e-06
-3.47639e-06
-3.83935e-06
-4.18837e-06
-4.52312e-06
-4.8434e-06
-5.14899e-06
-5.43997e-06
-5.71594e-06
-5.97704e-06
-6.22424e-06
-6.45741e-06
-6.67693e-06
-6.88368e-06
-7.07782e-06
-7.26147e-06
-7.43538e-06
-7.59989e-06
-7.75617e-06
-7.90596e-06
-8.05072e-06
-8.1919e-06
-8.33106e-06
-8.46979e-06
-8.60973e-06
-8.75254e-06
-8.89984e-06
-9.05322e-06
-9.21424e-06
-9.38436e-06
-9.56495e-06
-9.75728e-06
-7.02362e-06
-1.20321e-05
-1.1939e-05
-1.18906e-05
-1.22131e-05
-1.27685e-05
-1.34982e-05
-1.43674e-05
-1.5357e-05
-1.64576e-05
-1.76637e-05
-1.89716e-05
-2.03781e-05
-2.18791e-05
-2.3467e-05
-3.22414e-06
-8.49975e-06
-1.01169e-05
-1.09818e-05
-1.17326e-05
-1.24945e-05
-1.33329e-05
-1.42648e-05
-1.52925e-05
-1.64165e-05
-1.76369e-05
-1.8953e-05
-2.03634e-05
-2.18655e-05
-2.34525e-05
-7.64708e-07
-6.0033e-06
-8.62565e-06
-1.01221e-05
-1.12333e-05
-1.22015e-05
-1.31564e-05
-1.41564e-05
-1.52254e-05
-1.63747e-05
-1.76102e-05
-1.89348e-05
-2.03491e-05
-2.18519e-05
-2.34377e-05
4.34297e-07
-4.31322e-06
-7.36225e-06
-9.29457e-06
-1.07133e-05
-1.18863e-05
-1.29667e-05
-1.4042e-05
-1.51565e-05
-1.63333e-05
-1.75848e-05
-1.89182e-05
-2.03363e-05
-2.18396e-05
-2.34235e-05
1.05754e-06
-2.9592e-06
-6.11499e-06
-8.38855e-06
-1.01078e-05
-1.15039e-05
-1.27332e-05
-1.3902e-05
-1.50739e-05
-1.62851e-05
-1.75566e-05
-1.89005e-05
-2.03232e-05
-2.1827e-05
-2.34088e-05
1.46853e-06
-1.92007e-06
-4.95735e-06
-7.42718e-06
-9.40465e-06
-1.10287e-05
-1.24295e-05
-1.37154e-05
-1.49627e-05
-1.62204e-05
-1.75192e-05
-1.8878e-05
-2.03073e-05
-2.18124e-05
-2.3392e-05
1.667e-06
-1.19937e-06
-3.99785e-06
-6.5031e-06
-8.64709e-06
-1.04674e-05
-1.20436e-05
-1.34645e-05
-1.48064e-05
-1.61262e-05
-1.74633e-05
-1.8844e-05
-2.0284e-05
-2.17924e-05
-2.33705e-05
1.64374e-06
-7.88416e-07
-3.29754e-06
-5.70993e-06
-7.90943e-06
-9.86076e-06
-1.15874e-05
-1.31439e-05
-1.45925e-05
-1.59889e-05
-1.7377e-05
-1.87889e-05
-2.02459e-05
-2.17613e-05
-2.33397e-05
1.43091e-06
-6.46385e-07
-2.86469e-06
-5.10812e-06
-7.26607e-06
-9.26908e-06
-1.1097e-05
-1.27678e-05
-1.43205e-05
-1.58004e-05
-1.72494e-05
-1.87019e-05
-2.01833e-05
-2.17107e-05
-2.32923e-05
1.06396e-06
-7.25443e-07
-2.67689e-06
-4.71971e-06
-6.76875e-06
-8.75016e-06
-1.06198e-05
-1.23663e-05
-1.40043e-05
-1.55626e-05
-1.70752e-05
-1.85741e-05
-2.0086e-05
-2.16305e-05
-2.32188e-05
5.70516e-07
-9.84127e-07
-2.70069e-06
-4.53907e-06
-6.44125e-06
-8.34482e-06
-1.01991e-05
-1.19753e-05
-1.36673e-05
-1.5287e-05
-1.68564e-05
-1.84012e-05
-1.99459e-05
-2.15104e-05
-2.31078e-05
-3.08641e-08
-1.39142e-06
-2.90393e-06
-4.54767e-06
-6.28659e-06
-8.07477e-06
-9.86658e-06
-1.16266e-05
-1.33355e-05
-1.49903e-05
-1.66004e-05
-1.8183e-05
-1.97573e-05
-2.13411e-05
-2.29477e-05
-7.28278e-07
-1.92559e-06
-3.26064e-06
-4.72451e-06
-6.29687e-06
-7.94748e-06
-9.641e-06
-1.1344e-05
-1.30312e-05
-1.46894e-05
-1.63171e-05
-1.79217e-05
-1.9516e-05
-2.11135e-05
-2.27258e-05
-1.51266e-06
-2.5703e-06
-3.75e-06
-5.04969e-06
-6.45946e-06
-7.96151e-06
-9.53176e-06
-1.11435e-05
-1.2772e-05
-1.43992e-05
-1.60154e-05
-1.76198e-05
-1.92177e-05
-2.08174e-05
-2.24274e-05
-2.37453e-06
-3.31077e-06
-4.35328e-06
-5.50369e-06
-6.75855e-06
-8.10884e-06
-9.54018e-06
-1.10341e-05
-1.25706e-05
-1.41315e-05
-1.57034e-05
-1.72793e-05
-1.88579e-05
-2.04419e-05
-2.20356e-05
-3.3018e-06
-4.13086e-06
-5.05096e-06
-6.06546e-06
-7.17455e-06
-8.37488e-06
-9.65925e-06
-1.10168e-05
-1.24336e-05
-1.38952e-05
-1.53882e-05
-1.69026e-05
-1.84326e-05
-1.99762e-05
-2.15335e-05
-4.27927e-06
-5.01177e-06
-5.82101e-06
-6.71085e-06
-7.68322e-06
-8.73803e-06
-9.87283e-06
-1.10825e-05
-1.23593e-05
-1.36934e-05
-1.50743e-05
-1.64925e-05
-1.79405e-05
-1.94132e-05
-2.09074e-05
-5.28916e-06
-5.93229e-06
-6.63886e-06
-7.41254e-06
-8.25585e-06
-9.17031e-06
-1.01562e-05
-1.12122e-05
-1.23353e-05
-1.35204e-05
-1.47611e-05
-1.60505e-05
-1.73822e-05
-1.87503e-05
-2.01504e-05
-6.30326e-06
-6.86156e-06
-7.47107e-06
-8.13488e-06
-8.85545e-06
-9.63482e-06
-1.04746e-05
-1.13758e-05
-1.23382e-05
-1.33608e-05
-1.4441e-05
-1.55754e-05
-1.67604e-05
-1.79919e-05
-1.92661e-05
-7.29016e-06
-7.76624e-06
-8.28234e-06
-8.84086e-06
-9.44392e-06
-1.00935e-05
-1.07918e-05
-1.15407e-05
-1.23419e-05
-1.31966e-05
-1.41055e-05
-1.50687e-05
-1.60858e-05
-1.71558e-05
-1.82774e-05
-8.13726e-06
-8.53728e-06
-8.96848e-06
-9.43236e-06
-9.9305e-06
-1.04647e-05
-1.10371e-05
-1.16499e-05
-1.23055e-05
-1.30064e-05
-1.37551e-05
-1.45541e-05
-1.54059e-05
-1.63128e-05
-1.72766e-05
-8.78261e-06
-9.11873e-06
-9.47914e-06
-9.86507e-06
-1.0278e-05
-1.07195e-05
-1.11917e-05
-1.16966e-05
-1.2237e-05
-1.28159e-05
-1.34365e-05
-1.41026e-05
-1.48186e-05
-1.55891e-05
-1.6419e-05
-9.20311e-06
-9.49171e-06
-9.80043e-06
-1.01302e-05
-1.04824e-05
-1.08584e-05
-1.12603e-05
-1.169e-05
-1.21503e-05
-1.26442e-05
-1.31754e-05
-1.37482e-05
-1.43677e-05
-1.50399e-05
-1.5771e-05
-9.48619e-06
-9.74057e-06
-1.00123e-05
-1.03022e-05
-1.06116e-05
-1.0942e-05
-1.12951e-05
-1.1673e-05
-1.20783e-05
-1.25139e-05
-1.29836e-05
-1.34918e-05
-1.40437e-05
-1.46456e-05
-1.53043e-05
-9.67209e-06
-9.90276e-06
-1.0149e-05
-1.04118e-05
-1.06923e-05
-1.0992e-05
-1.13127e-05
-1.16562e-05
-1.20249e-05
-1.24218e-05
-1.28503e-05
-1.33147e-05
-1.38201e-05
-1.43725e-05
-1.49785e-05
-9.79234e-06
-1.00077e-05
-1.02376e-05
-1.0483e-05
-1.07452e-05
-1.10255e-05
-1.13256e-05
-1.16473e-05
-1.19928e-05
-1.23648e-05
-1.27666e-05
-1.32019e-05
-1.36755e-05
-1.41929e-05
-1.47603e-05
-9.86996e-06
-1.00763e-05
-1.02966e-05
-1.05319e-05
-1.07833e-05
-1.10523e-05
-1.13403e-05
-1.16491e-05
-1.19806e-05
-1.23372e-05
-1.2722e-05
-1.31382e-05
-1.35901e-05
-1.40825e-05
-1.46209e-05
-9.91988e-06
-1.01218e-05
-1.03372e-05
-1.05674e-05
-1.08134e-05
-1.10766e-05
-1.13583e-05
-1.16601e-05
-1.19837e-05
-1.23314e-05
-1.27057e-05
-1.31095e-05
-1.35464e-05
-1.40207e-05
-1.45369e-05
-9.95165e-06
-1.01521e-05
-1.03659e-05
-1.05944e-05
-1.08385e-05
-1.10995e-05
-1.13787e-05
-1.16774e-05
-1.19973e-05
-1.23401e-05
-1.27082e-05
-1.31039e-05
-1.35304e-05
-1.39911e-05
-1.449e-05
-9.97134e-06
-1.01722e-05
-1.03865e-05
-1.06154e-05
-1.08598e-05
-1.1121e-05
-1.14e-05
-1.16981e-05
-1.20167e-05
-1.23573e-05
-1.27218e-05
-1.31123e-05
-1.35313e-05
-1.39816e-05
-1.44666e-05
-9.98284e-06
-1.01853e-05
-1.04012e-05
-1.06317e-05
-1.08778e-05
-1.11405e-05
-1.14207e-05
-1.17197e-05
-1.20384e-05
-1.23784e-05
-1.2741e-05
-1.31281e-05
-1.35415e-05
-1.39837e-05
-1.44572e-05
-9.9887e-06
-1.01933e-05
-1.04114e-05
-1.06443e-05
-1.08926e-05
-1.11575e-05
-1.14397e-05
-1.17402e-05
-1.20601e-05
-1.24003e-05
-1.27621e-05
-1.31468e-05
-1.35561e-05
-1.39917e-05
-1.44556e-05
-9.99065e-06
-1.01975e-05
-1.04182e-05
-1.06535e-05
-1.09044e-05
-1.11718e-05
-1.14563e-05
-1.17588e-05
-1.20801e-05
-1.24211e-05
-1.27826e-05
-1.31658e-05
-1.35717e-05
-1.40019e-05
-1.44577e-05
-9.98988e-06
-1.01991e-05
-1.04221e-05
-1.066e-05
-1.09135e-05
-1.11834e-05
-1.14702e-05
-1.17748e-05
-1.20978e-05
-1.24397e-05
-1.28013e-05
-1.31834e-05
-1.35867e-05
-1.40123e-05
-1.44611e-05
-9.98726e-06
-1.01986e-05
-1.0424e-05
-1.06642e-05
-1.09202e-05
-1.11924e-05
-1.14816e-05
-1.17882e-05
-1.21128e-05
-1.24558e-05
-1.28176e-05
-1.31989e-05
-1.36e-05
-1.40217e-05
-1.44645e-05
-9.98343e-06
-1.01967e-05
-1.04242e-05
-1.06666e-05
-1.09248e-05
-1.11993e-05
-1.14905e-05
-1.17991e-05
-1.21252e-05
-1.24692e-05
-1.28314e-05
-1.32121e-05
-1.36114e-05
-1.40298e-05
-1.44674e-05
-9.97888e-06
-1.01939e-05
-1.04232e-05
-1.06676e-05
-1.09277e-05
-1.12042e-05
-1.14974e-05
-1.18077e-05
-1.21352e-05
-1.24803e-05
-1.28428e-05
-1.3223e-05
-1.36208e-05
-1.40363e-05
-1.44694e-05
-9.97385e-06
-1.01903e-05
-1.04213e-05
-1.06674e-05
-1.09294e-05
-1.12076e-05
-1.15026e-05
-1.18144e-05
-1.21433e-05
-1.24893e-05
-1.28522e-05
-1.32321e-05
-1.36285e-05
-1.40415e-05
-1.44706e-05
-9.96823e-06
-1.01861e-05
-1.04185e-05
-1.06663e-05
-1.09299e-05
-1.12099e-05
-1.15065e-05
-1.18199e-05
-1.21501e-05
-1.24969e-05
-1.28602e-05
-1.32398e-05
-1.36351e-05
-1.40457e-05
-1.4471e-05
-9.96254e-06
-1.01816e-05
-1.04154e-05
-1.06646e-05
-1.09298e-05
-1.12113e-05
-1.15094e-05
-1.18242e-05
-1.21555e-05
-1.25033e-05
-1.2867e-05
-1.32462e-05
-1.36404e-05
-1.4049e-05
-1.4471e-05
-1.66729e-06
-1.6685e-06
-1.66999e-06
-1.6714e-06
-1.67229e-06
-1.67224e-06
-1.67087e-06
-1.66795e-06
-1.66334e-06
-1.65703e-06
-1.64907e-06
-1.63957e-06
-1.62863e-06
-1.61635e-06
-1.60272e-06
-1.58766e-06
-1.57087e-06
-1.55184e-06
-1.52963e-06
-1.50277e-06
-1.46914e-06
-1.4259e-06
-1.36762e-06
-1.28796e-06
-1.1818e-06
-1.04427e-06
-8.71016e-07
-6.59255e-07
-4.09155e-07
-1.24054e-07
1.94101e-07
5.39413e-07
8.91728e-07
1.23356e-06
1.54744e-06
1.81748e-06
2.03101e-06
2.18007e-06
2.2642e-06
2.2908e-06
2.27385e-06
2.23117e-06
2.18021e-06
2.14112e-06
2.12401e-06
-1.66389e-06
-1.66592e-06
-1.66727e-06
-1.66787e-06
-1.66746e-06
-1.66574e-06
-1.66243e-06
-1.65736e-06
-1.65035e-06
-1.64131e-06
-1.63014e-06
-1.61681e-06
-1.60126e-06
-1.58343e-06
-1.56323e-06
-1.54049e-06
-1.51494e-06
-1.4861e-06
-1.45313e-06
-1.41469e-06
-1.36869e-06
-1.31203e-06
-1.24005e-06
-1.14858e-06
-1.03375e-06
-8.91368e-07
-7.17785e-07
-5.10793e-07
-2.70112e-07
2.45687e-09
3.01109e-07
6.12254e-07
9.25241e-07
1.22779e-06
1.50504e-06
1.74216e-06
1.9277e-06
2.05696e-06
2.13202e-06
2.16099e-06
2.15612e-06
2.13102e-06
2.09804e-06
2.06634e-06
2.04301e-06
-1.66002e-06
-1.66448e-06
-1.66716e-06
-1.66847e-06
-1.66841e-06
-1.66671e-06
-1.66319e-06
-1.65766e-06
-1.64999e-06
-1.64007e-06
-1.62778e-06
-1.61303e-06
-1.59574e-06
-1.57581e-06
-1.55318e-06
-1.52777e-06
-1.49952e-06
-1.46833e-06
-1.43396e-06
-1.39591e-06
-1.35319e-06
-1.30369e-06
-1.24357e-06
-1.16863e-06
-1.07365e-06
-9.52322e-07
-7.98852e-07
-6.09142e-07
-3.81682e-07
-1.18035e-07
1.77257e-07
4.93065e-07
8.1553e-07
1.12924e-06
1.4177e-06
1.66558e-06
1.86131e-06
1.99926e-06
2.08065e-06
2.11295e-06
2.1079e-06
2.0789e-06
2.03841e-06
1.99385e-06
1.94608e-06
-1.65729e-06
-1.66503e-06
-1.66971e-06
-1.67232e-06
-1.67319e-06
-1.67214e-06
-1.66901e-06
-1.66367e-06
-1.65602e-06
-1.64594e-06
-1.63334e-06
-1.61811e-06
-1.6002e-06
-1.57957e-06
-1.55629e-06
-1.53055e-06
-1.50276e-06
-1.47355e-06
-1.44384e-06
-1.4147e-06
-1.38714e-06
-1.36095e-06
-1.33247e-06
-1.29513e-06
-1.24017e-06
-1.15731e-06
-1.03691e-06
-8.72569e-07
-6.61405e-07
-4.0471e-07
-1.07633e-07
2.19617e-07
5.62192e-07
9.0282e-07
1.2228e-06
1.50426e-06
1.73277e-06
1.89971e-06
2.0037e-06
2.05038e-06
2.05075e-06
2.01882e-06
1.9686e-06
1.90789e-06
1.83537e-06
-1.65787e-06
-1.66912e-06
-1.67607e-06
-1.68032e-06
-1.68252e-06
-1.68258e-06
-1.68038e-06
-1.67585e-06
-1.66892e-06
-1.6595e-06
-1.6475e-06
-1.63285e-06
-1.61554e-06
-1.59566e-06
-1.57348e-06
-1.54959e-06
-1.52506e-06
-1.50162e-06
-1.48182e-06
-1.469e-06
-1.46703e-06
-1.47854e-06
-1.4997e-06
-1.51895e-06
-1.5218e-06
-1.49199e-06
-1.41537e-06
-1.28458e-06
-1.09594e-06
-8.49756e-07
-5.5009e-07
-2.07898e-07
1.62329e-07
5.41873e-07
9.09648e-07
1.24431e-06
1.52694e-06
1.74389e-06
1.88906e-06
1.96465e-06
1.98019e-06
1.95053e-06
1.89235e-06
1.81525e-06
1.71727e-06
-1.66344e-06
-1.67801e-06
-1.68724e-06
-1.69326e-06
-1.69702e-06
-1.69851e-06
-1.69764e-06
-1.69442e-06
-1.68881e-06
-1.68075e-06
-1.67017e-06
-1.65704e-06
-1.64141e-06
-1.62351e-06
-1.60386e-06
-1.58354e-06
-1.5644e-06
-1.5495e-06
-1.54335e-06
-1.5521e-06
-1.58305e-06
-1.64245e-06
-1.72588e-06
-1.81401e-06
-1.88418e-06
-1.91422e-06
-1.88931e-06
-1.79984e-06
-1.63938e-06
-1.40961e-06
-1.11038e-06
-7.53042e-07
-3.52774e-07
7.10912e-08
4.95747e-07
8.96402e-07
1.24887e-06
1.53298e-06
1.73594e-06
1.8547e-06
1.89613e-06
1.87563e-06
1.81303e-06
1.7205e-06
1.59609e-06
-1.675e-06
-1.69253e-06
-1.7039e-06
-1.71167e-06
-1.71709e-06
-1.72017e-06
-1.7209e-06
-1.71932e-06
-1.71543e-06
-1.70921e-06
-1.7006e-06
-1.68962e-06
-1.67637e-06
-1.6612e-06
-1.6449e-06
-1.62902e-06
-1.61624e-06
-1.61101e-06
-1.62002e-06
-1.65246e-06
-1.71936e-06
-1.83088e-06
-1.98164e-06
-2.1422e-06
-2.28165e-06
-2.37757e-06
-2.41306e-06
-2.37081e-06
-2.24105e-06
-2.02171e-06
-1.7237e-06
-1.35496e-06
-9.28753e-07
-4.63466e-07
1.76948e-08
4.87481e-07
9.16764e-07
1.27824e-06
1.55104e-06
1.72501e-06
1.80269e-06
1.79897e-06
1.73662e-06
1.63062e-06
1.47931e-06
-1.69296e-06
-1.71305e-06
-1.72635e-06
-1.73581e-06
-1.74289e-06
-1.74764e-06
-1.75008e-06
-1.75031e-06
-1.74837e-06
-1.74425e-06
-1.73791e-06
-1.72938e-06
-1.7188e-06
-1.70663e-06
-1.69387e-06
-1.68246e-06
-1.6759e-06
-1.67993e-06
-1.70345e-06
-1.75885e-06
-1.86079e-06
-2.02343e-06
-2.24113e-06
-2.4744e-06
-2.68447e-06
-2.8425e-06
-2.92504e-06
-2.91705e-06
-2.81258e-06
-2.61148e-06
-2.32017e-06
-1.9466e-06
-1.50278e-06
-1.00523e-06
-4.76017e-07
5.68185e-08
5.6057e-07
1.00136e-06
1.34971e-06
1.58691e-06
1.70933e-06
1.72973e-06
1.67283e-06
1.55615e-06
1.37847e-06
-1.71727e-06
-1.73956e-06
-1.75459e-06
-1.76565e-06
-1.77433e-06
-1.78073e-06
-1.78491e-06
-1.78699e-06
-1.78705e-06
-1.78508e-06
-1.78107e-06
-1.77502e-06
-1.76708e-06
-1.75777e-06
-1.74821e-06
-1.74069e-06
-1.73933e-06
-1.75106e-06
-1.78683e-06
-1.86233e-06
-1.99532e-06
-2.20336e-06
-2.48186e-06
-2.78007e-06
-3.05032e-06
-3.25823e-06
-3.37904e-06
-3.3995e-06
-3.31564e-06
-3.12867e-06
-2.84479e-06
-2.4714e-06
-2.0186e-06
-1.50017e-06
-9.35653e-07
-3.52005e-07
2.16491e-07
7.30981e-07
1.15378e-06
1.45721e-06
1.62985e-06
1.68045e-06
1.63422e-06
1.51042e-06
1.30822e-06
-1.74757e-06
-1.7718e-06
-1.78839e-06
-1.80094e-06
-1.81115e-06
-1.81912e-06
-1.82495e-06
-1.82881e-06
-1.83077e-06
-1.83085e-06
-1.829e-06
-1.82523e-06
-1.81965e-06
-1.81276e-06
-1.80575e-06
-1.80109e-06
-1.80341e-06
-1.82057e-06
-1.86532e-06
-1.9568e-06
-2.11495e-06
-2.35998e-06
-2.68958e-06
-3.04145e-06
-3.35891e-06
-3.60397e-06
-3.75175e-06
-3.7907e-06
-3.71912e-06
-3.54073e-06
-3.26243e-06
-2.89136e-06
-2.43569e-06
-1.90619e-06
-1.31905e-06
-6.98719e-07
-7.8993e-08
4.98466e-07
9.88909e-07
1.35656e-06
1.58137e-06
1.66639e-06
1.63553e-06
1.50872e-06
1.28515e-06
-1.78336e-06
-1.80938e-06
-1.8274e-06
-1.84134e-06
-1.85297e-06
-1.86238e-06
-1.86971e-06
-1.87515e-06
-1.8788e-06
-1.88067e-06
-1.8807e-06
-1.87883e-06
-1.87515e-06
-1.87006e-06
-1.86474e-06
-1.86174e-06
-1.866e-06
-1.88607e-06
-1.93592e-06
-2.03763e-06
-2.2146e-06
-2.4904e-06
-2.85812e-06
-3.25118e-06
-3.60257e-06
-3.87174e-06
-4.03415e-06
-4.08054e-06
-4.01211e-06
-3.83537e-06
-3.55838e-06
-3.18833e-06
-2.73186e-06
-2.19701e-06
-1.59657e-06
-9.51715e-07
-2.94154e-07
3.33814e-07
8.81036e-07
1.30705e-06
1.58286e-06
1.70439e-06
1.69271e-06
1.5672e-06
1.3265e-06
-1.82407e-06
-1.85183e-06
-1.87121e-06
-1.88644e-06
-1.89936e-06
-1.91006e-06
-1.91868e-06
-1.92543e-06
-1.93046e-06
-1.93375e-06
-1.93524e-06
-1.93481e-06
-1.93244e-06
-1.92845e-06
-1.92392e-06
-1.92138e-06
-1.92588e-06
-1.94651e-06
-1.9981e-06
-2.10375e-06
-2.29304e-06
-2.5927e-06
-2.98795e-06
-3.40908e-06
-3.78174e-06
-4.0629e-06
-4.22863e-06
-4.27228e-06
-4.19815e-06
-4.0154e-06
-3.73357e-06
-3.36014e-06
-2.90081e-06
-2.36152e-06
-1.75217e-06
-1.09071e-06
-4.05748e-07
2.62003e-07
8.5364e-07
1.32988e-06
1.65333e-06
1.81163e-06
1.82184e-06
1.70183e-06
1.44887e-06
-1.86918e-06
-1.89872e-06
-1.91943e-06
-1.93588e-06
-1.94996e-06
-1.96174e-06
-1.97137e-06
-1.97912e-06
-1.98513e-06
-1.98942e-06
-1.99187e-06
-1.99232e-06
-1.99065e-06
-1.98705e-06
-1.98245e-06
-1.97925e-06
-1.98251e-06
-2.00165e-06
-2.05219e-06
-2.15746e-06
-2.35425e-06
-2.66698e-06
-3.08078e-06
-3.51931e-06
-3.90232e-06
-4.18512e-06
-4.34462e-06
-4.37678e-06
-4.28885e-06
-4.09242e-06
-3.79848e-06
-3.41508e-06
-2.9475e-06
-2.40042e-06
-1.78171e-06
-1.10679e-06
-4.01493e-07
2.9777e-07
9.28186e-07
1.4446e-06
1.81048e-06
2.00422e-06
2.03794e-06
1.92721e-06
1.66701e-06
-1.91829e-06
-1.94973e-06
-1.97176e-06
-1.98936e-06
-2.00446e-06
-2.01708e-06
-2.02741e-06
-2.03576e-06
-2.04231e-06
-2.04708e-06
-2.04996e-06
-2.05072e-06
-2.04913e-06
-2.04524e-06
-2.03979e-06
-2.03501e-06
-2.03583e-06
-2.05179e-06
-2.09912e-06
-2.2022e-06
-2.39945e-06
-2.71708e-06
-3.14186e-06
-3.58876e-06
-3.97308e-06
-4.24918e-06
-4.39468e-06
-4.40812e-06
-4.2993e-06
-4.08188e-06
-3.76821e-06
-3.36698e-06
-2.88354e-06
-2.32209e-06
-1.68936e-06
-9.98994e-07
-2.75283e-07
4.46863e-07
1.1155e-06
1.66733e-06
2.06905e-06
2.29573e-06
2.35376e-06
2.25567e-06
1.99298e-06
-1.97111e-06
-2.00463e-06
-2.02802e-06
-2.04669e-06
-2.06263e-06
-2.07582e-06
-2.08649e-06
-2.095e-06
-2.10158e-06
-2.10629e-06
-2.10902e-06
-2.10951e-06
-2.10742e-06
-2.10262e-06
-2.0957e-06
-2.0886e-06
-2.08607e-06
-2.09763e-06
-2.13996e-06
-2.23858e-06
-2.43152e-06
-2.74892e-06
-3.17759e-06
-3.62527e-06
-4.00372e-06
-4.26661e-06
-4.39194e-06
-4.38079e-06
-4.24502e-06
-3.99994e-06
-3.659e-06
-3.2316e-06
-2.72351e-06
-2.13909e-06
-1.48477e-06
-7.73315e-07
-2.8144e-08
7.16467e-07
1.41875e-06
2.00494e-06
2.43826e-06
2.69622e-06
2.77913e-06
2.6967e-06
2.43569e-06
-2.02752e-06
-2.06334e-06
-2.08814e-06
-2.10779e-06
-2.12436e-06
-2.13781e-06
-2.14838e-06
-2.15654e-06
-2.16259e-06
-2.16667e-06
-2.16867e-06
-2.16833e-06
-2.16521e-06
-2.15898e-06
-2.15007e-06
-2.14015e-06
-2.13368e-06
-2.14002e-06
-2.17605e-06
-2.2681e-06
-2.45419e-06
-2.76728e-06
-3.19416e-06
-3.63664e-06
-4.00363e-06
-4.24779e-06
-4.34852e-06
-4.30817e-06
-4.14034e-06
-3.86162e-06
-3.48632e-06
-3.02451e-06
-2.4826e-06
-1.86556e-06
-1.18026e-06
-4.39488e-07
3.34078e-07
1.10713e-06
1.83703e-06
2.45781e-06
2.92497e-06
3.2131e-06
3.32091e-06
3.25687e-06
3.00076e-06
-2.08758e-06
-2.12594e-06
-2.15218e-06
-2.17271e-06
-2.18966e-06
-2.20296e-06
-2.21294e-06
-2.22017e-06
-2.22508e-06
-2.22788e-06
-2.22856e-06
-2.22687e-06
-2.22227e-06
-2.21417e-06
-2.20294e-06
-2.18989e-06
-2.17915e-06
-2.17985e-06
-2.20885e-06
-2.29296e-06
-2.47053e-06
-2.77639e-06
-3.19672e-06
-3.62948e-06
-3.98088e-06
-4.20262e-06
-4.27508e-06
-4.20181e-06
-3.99765e-06
-3.68003e-06
-3.2639e-06
-2.7599e-06
-2.17519e-06
-1.51566e-06
-7.89156e-07
-9.09628e-09
8.02044e-07
1.61058e-06
2.37072e-06
3.02608e-06
3.52982e-06
3.84928e-06
3.98254e-06
3.94012e-06
3.69032e-06
-2.1515e-06
-2.19265e-06
-2.22038e-06
-2.24162e-06
-2.25861e-06
-2.27127e-06
-2.28005e-06
-2.28568e-06
-2.28875e-06
-2.28962e-06
-2.28836e-06
-2.28484e-06
-2.27841e-06
-2.26812e-06
-2.25435e-06
-2.23809e-06
-2.22302e-06
-2.21797e-06
-2.23968e-06
-2.31516e-06
-2.48307e-06
-2.77945e-06
-3.19012e-06
-3.60974e-06
-3.94239e-06
-4.1389e-06
-4.18034e-06
-4.07122e-06
-3.82717e-06
-3.46613e-06
-3.00341e-06
-2.45012e-06
-1.81416e-06
-1.10253e-06
-3.24405e-07
5.05547e-07
1.36402e-06
2.21658e-06
3.01688e-06
3.71056e-06
4.24864e-06
4.60383e-06
4.76463e-06
4.74822e-06
4.50436e-06
-2.21965e-06
-2.26386e-06
-2.29308e-06
-2.31479e-06
-2.33139e-06
-2.3428e-06
-2.34964e-06
-2.35287e-06
-2.35333e-06
-2.35155e-06
-2.3477e-06
-2.34189e-06
-2.33332e-06
-2.32078e-06
-2.30437e-06
-2.28496e-06
-2.26571e-06
-2.2551e-06
-2.26956e-06
-2.33623e-06
-2.49388e-06
-2.77931e-06
-3.17811e-06
-3.5821e-06
-3.89364e-06
-4.06282e-06
-4.07121e-06
-3.92395e-06
-3.63711e-06
-3.22884e-06
-2.71453e-06
-2.10563e-06
-1.41071e-06
-6.37947e-07
2.01926e-07
1.09256e-06
2.00909e-06
2.91582e-06
3.76586e-06
4.5041e-06
5.08072e-06
5.4741e-06
5.66629e-06
5.67364e-06
5.44621e-06
-2.29259e-06
-2.34011e-06
-2.37077e-06
-2.39263e-06
-2.40823e-06
-2.4176e-06
-2.4216e-06
-2.42151e-06
-2.41848e-06
-2.4133e-06
-2.40631e-06
-2.3978e-06
-2.38665e-06
-2.3718e-06
-2.35301e-06
-2.33067e-06
-2.30757e-06
-2.29177e-06
-2.29932e-06
-2.35734e-06
-2.50453e-06
-2.77817e-06
-3.16354e-06
-3.55013e-06
-3.83882e-06
-3.97917e-06
-3.953e-06
-3.76585e-06
-3.43389e-06
-2.97522e-06
-2.4051e-06
-1.73512e-06
-9.74428e-07
-1.32332e-07
7.78795e-07
1.74062e-06
2.72621e-06
3.69803e-06
4.60781e-06
5.39902e-06
6.02076e-06
6.45359e-06
6.67961e-06
6.70766e-06
6.51344e-06
-2.37102e-06
-2.42212e-06
-2.45412e-06
-2.47562e-06
-2.48945e-06
-2.49578e-06
-2.49582e-06
-2.4913e-06
-2.48378e-06
-2.4744e-06
-2.46372e-06
-2.45201e-06
-2.43813e-06
-2.42104e-06
-2.40013e-06
-2.37524e-06
-2.34879e-06
-2.32832e-06
-2.32955e-06
-2.37926e-06
-2.51615e-06
-2.77757e-06
-3.14848e-06
-3.51639e-06
-3.78104e-06
-3.89148e-06
-3.82967e-06
-3.60128e-06
-3.22244e-06
-2.71084e-06
-2.08146e-06
-1.34583e-06
-5.13519e-07
4.05132e-07
1.39612e-06
2.43899e-06
3.50437e-06
4.55222e-06
5.53217e-06
6.38725e-06
7.06176e-06
7.53548e-06
7.7987e-06
7.84993e-06
7.69298e-06
-2.45585e-06
-2.5108e-06
-2.54391e-06
-2.56437e-06
-2.57539e-06
-2.5774e-06
-2.57212e-06
-2.56185e-06
-2.54871e-06
-2.53424e-06
-2.51925e-06
-2.50397e-06
-2.48739e-06
-2.46827e-06
-2.44551e-06
-2.41857e-06
-2.3894e-06
-2.36496e-06
-2.3605e-06
-2.40249e-06
-2.52942e-06
-2.77851e-06
-3.13429e-06
-3.48268e-06
-3.72244e-06
-3.80224e-06
-3.70405e-06
-3.43352e-06
-3.00646e-06
-2.44002e-06
-1.7487e-06
-9.43756e-07
-3.5039e-08
9.66259e-07
2.0446e-06
3.17738e-06
4.33264e-06
5.46742e-06
6.5287e-06
7.45741e-06
8.19271e-06
8.71416e-06
9.02224e-06
9.10456e-06
8.97975e-06
-2.54822e-06
-2.60727e-06
-2.64112e-06
-2.65959e-06
-2.66642e-06
-2.66248e-06
-2.65021e-06
-2.63268e-06
-2.61267e-06
-2.59217e-06
-2.57228e-06
-2.55319e-06
-2.53394e-06
-2.51302e-06
-2.48885e-06
-2.46049e-06
-2.42929e-06
-2.40168e-06
-2.39229e-06
-2.42722e-06
-2.54468e-06
-2.78154e-06
-3.1218e-06
-3.45009e-06
-3.66444e-06
-3.71315e-06
-3.57813e-06
-3.26489e-06
-2.78873e-06
-2.16613e-06
-1.41092e-06
-5.33956e-07
4.54852e-07
1.54364e-06
2.71551e-06
3.94584e-06
5.20001e-06
6.43197e-06
7.58547e-06
8.59833e-06
9.40329e-06
9.97812e-06
1.03357e-05
1.04571e-05
1.03717e-05
-2.64954e-06
-2.71293e-06
-2.74693e-06
-2.76208e-06
-2.7629e-06
-2.75097e-06
-2.72975e-06
-2.7032e-06
-2.67495e-06
-2.64749e-06
-2.62213e-06
-2.59907e-06
-2.57724e-06
-2.55483e-06
-2.5298e-06
-2.50069e-06
-2.46826e-06
-2.43829e-06
-2.42481e-06
-2.45344e-06
-2.56199e-06
-2.78685e-06
-3.11141e-06
-3.41926e-06
-3.60788e-06
-3.62527e-06
-3.45323e-06
-3.09702e-06
-2.57131e-06
-1.8918e-06
-1.0715e-06
-1.20742e-07
9.5068e-07
2.13044e-06
3.40053e-06
4.73452e-06
6.09527e-06
7.43357e-06
8.68945e-06
9.79691e-06
1.06832e-05
1.13168e-05
1.17275e-05
1.18917e-05
1.18511e-05
-2.76156e-06
-2.82948e-06
-2.86271e-06
-2.8727e-06
-2.86516e-06
-2.84273e-06
-2.81018e-06
-2.77274e-06
-2.73479e-06
-2.69943e-06
-2.66812e-06
-2.641e-06
-2.61677e-06
-2.59328e-06
-2.56797e-06
-2.53884e-06
-2.50599e-06
-2.47454e-06
-2.45782e-06
-2.48093e-06
-2.5812e-06
-2.79438e-06
-3.1032e-06
-3.39044e-06
-3.55322e-06
-3.53927e-06
-3.33024e-06
-2.93109e-06
-2.35578e-06
-1.61912e-06
-7.33249e-07
2.92139e-07
1.44751e-06
2.72029e-06
4.09165e-06
5.53366e-06
7.00697e-06
8.45929e-06
9.82646e-06
1.10376e-05
1.20184e-05
1.27229e-05
1.31883e-05
1.34027e-05
1.34115e-05
-2.8865e-06
-2.95904e-06
-2.99009e-06
-2.99243e-06
-2.97348e-06
-2.93745e-06
-2.89089e-06
-2.84047e-06
-2.79138e-06
-2.74724e-06
-2.7096e-06
-2.6784e-06
-2.65206e-06
-2.62796e-06
-2.60301e-06
-2.57459e-06
-2.54214e-06
-2.51007e-06
-2.49099e-06
-2.50937e-06
-2.602e-06
-2.8039e-06
-3.09706e-06
-3.36366e-06
-3.50062e-06
-3.45548e-06
-3.20972e-06
-2.76792e-06
-2.1433e-06
-1.34978e-06
-3.98542e-07
7.01385e-07
1.94084e-06
3.30719e-06
4.7811e-06
6.33356e-06
7.92344e-06
9.49575e-06
1.0982e-05
1.23053e-05
1.33911e-05
1.41845e-05
1.47072e-05
1.49793e-05
1.50444e-05
-3.0272e-06
-3.10419e-06
-3.13095e-06
-3.12221e-06
-3.088e-06
-3.0347e-06
-2.97114e-06
-2.90548e-06
-2.84387e-06
-2.7902e-06
-2.74597e-06
-2.71082e-06
-2.68272e-06
-2.65854e-06
-2.63458e-06
-2.60763e-06
-2.57637e-06
-2.54452e-06
-2.52392e-06
-2.53835e-06
-2.62399e-06
-2.81506e-06
-3.0927e-06
-3.33876e-06
-3.45009e-06
-3.37407e-06
-3.09201e-06
-2.6081e-06
-1.93483e-06
-1.08517e-06
-6.94282e-08
1.10406e-06
2.42654e-06
3.88551e-06
5.46139e-06
7.1246e-06
8.83285e-06
1.05291e-05
1.21411e-05
1.35863e-05
1.4785e-05
1.56799e-05
1.62713e-05
1.66089e-05
1.67398e-05
-3.1873e-06
-3.26812e-06
-3.28741e-06
-3.26299e-06
-3.20869e-06
-3.13387e-06
-3.05e-06
-2.96687e-06
-2.89145e-06
-2.82769e-06
-2.77679e-06
-2.73792e-06
-2.7085e-06
-2.6848e-06
-2.66249e-06
-2.6377e-06
-2.60839e-06
-2.57754e-06
-2.55622e-06
-2.56745e-06
-2.64675e-06
-2.82743e-06
-3.08982e-06
-3.31554e-06
-3.40153e-06
-3.29508e-06
-2.97733e-06
-2.45207e-06
-1.73108e-06
-8.26458e-07
2.52318e-07
1.49754e-06
2.90088e-06
4.45001e-06
6.12541e-06
7.8974e-06
9.72329e-06
1.15449e-05
1.32873e-05
1.48626e-05
1.61844e-05
1.71896e-05
1.78645e-05
1.82773e-05
1.84864e-05
-3.37157e-06
-3.45476e-06
-3.46183e-06
-3.41558e-06
-3.33531e-06
-3.23399e-06
-3.12644e-06
-3.02375e-06
-2.93346e-06
-2.85923e-06
-2.80177e-06
-2.75956e-06
-2.72932e-06
-2.70667e-06
-2.68661e-06
-2.66463e-06
-2.63795e-06
-2.60882e-06
-2.5875e-06
-2.59624e-06
-2.66983e-06
-2.84062e-06
-3.08804e-06
-3.29371e-06
-3.35479e-06
-3.21848e-06
-2.86581e-06
-2.30017e-06
-1.53268e-06
-5.74649e-07
5.65156e-07
1.87954e-06
3.36049e-06
4.9959e-06
6.7665e-06
8.64298e-06
1.0583e-05
1.25284e-05
1.44028e-05
1.61141e-05
1.75679e-05
1.86939e-05
1.94702e-05
1.99693e-05
2.02735e-05
-3.58638e-06
-3.66884e-06
-3.65668e-06
-3.58046e-06
-3.46684e-06
-3.33411e-06
-3.19938e-06
-3.07529e-06
-2.96934e-06
-2.88457e-06
-2.82085e-06
-2.77576e-06
-2.74524e-06
-2.7242e-06
-2.70696e-06
-2.68836e-06
-2.66491e-06
-2.63813e-06
-2.61747e-06
-2.62436e-06
-2.69283e-06
-2.8542e-06
-3.08703e-06
-3.27304e-06
-3.3097e-06
-3.14424e-06
-2.75754e-06
-2.15266e-06
-1.34013e-06
-3.30584e-07
8.67761e-07
2.24805e-06
3.80243e-06
5.51894e-06
7.37866e-06
9.35299e-06
1.14008e-05
1.3465e-05
1.54696e-05
1.73197e-05
1.89138e-05
2.01716e-05
2.10652e-05
2.16676e-05
2.20898e-05
-3.8404e-06
-3.91606e-06
-3.87439e-06
-3.75756e-06
-3.60253e-06
-3.43263e-06
-3.26765e-06
-3.12077e-06
-2.9988e-06
-2.9037e-06
-2.83417e-06
-2.78676e-06
-2.75651e-06
-2.7376e-06
-2.72367e-06
-2.70893e-06
-2.68922e-06
-2.6653e-06
-2.64586e-06
-2.65148e-06
-2.71538e-06
-2.86783e-06
-3.08647e-06
-3.25326e-06
-3.26612e-06
-3.0723e-06
-2.65259e-06
-2.00976e-06
-1.15385e-06
-9.49742e-08
1.15902e-06
2.60138e-06
4.22422e-06
6.01551e-06
7.95665e-06
1.002e-05
1.21662e-05
1.43406e-05
1.64692e-05
1.8457e-05
2.0197e-05
2.15989e-05
2.26236e-05
2.33504e-05
2.39232e-05
-4.14564e-06
-4.20297e-06
-4.11683e-06
-3.94619e-06
-3.74057e-06
-3.528e-06
-3.33017e-06
-3.15966e-06
-3.02176e-06
-2.91681e-06
-2.84209e-06
-2.79295e-06
-2.76351e-06
-2.74719e-06
-2.73698e-06
-2.72649e-06
-2.71088e-06
-2.69025e-06
-2.67249e-06
-2.67735e-06
-2.73719e-06
-2.8812e-06
-3.08609e-06
-3.23419e-06
-3.22392e-06
-3.00261e-06
-2.55101e-06
-1.87166e-06
-9.74205e-07
1.31599e-07
1.43803e-06
2.93818e-06
4.62384e-06
6.48267e-06
8.49617e-06
1.06377e-05
1.28699e-05
1.51419e-05
1.73835e-05
1.95024e-05
2.1389e-05
2.29451e-05
2.41165e-05
2.49928e-05
2.57624e-05
-4.5191e-06
-4.53669e-06
-4.38455e-06
-4.14527e-06
-3.87851e-06
-3.61845e-06
-3.38602e-06
-3.19172e-06
-3.03843e-06
-2.92437e-06
-2.84517e-06
-2.79491e-06
-2.76675e-06
-2.75339e-06
-2.7472e-06
-2.74123e-06
-2.73001e-06
-2.71298e-06
-2.69727e-06
-2.70178e-06
-2.75803e-06
-2.89406e-06
-3.08568e-06
-3.21566e-06
-3.18299e-06
-2.93515e-06
-2.45285e-06
-1.73849e-06
-8.01458e-07
3.48685e-07
1.7041e-06
3.25744e-06
4.99981e-06
6.91822e-06
8.99394e-06
1.1201e-05
1.35045e-05
1.58573e-05
1.81953e-05
2.04318e-05
2.24589e-05
2.41742e-05
2.55075e-05
2.65626e-05
2.75967e-05
-4.98514e-06
-4.92469e-06
-4.67693e-06
-4.35091e-06
-4.01338e-06
-3.70218e-06
-3.43451e-06
-3.21704e-06
-3.04932e-06
-2.92708e-06
-2.84413e-06
-2.7933e-06
-2.76682e-06
-2.75669e-06
-2.75472e-06
-2.75342e-06
-2.74675e-06
-2.73353e-06
-2.72016e-06
-2.72466e-06
-2.77772e-06
-2.90623e-06
-3.08508e-06
-3.19753e-06
-3.14327e-06
-2.8699e-06
-2.35816e-06
-1.61039e-06
-6.35821e-07
5.55955e-07
1.95675e-06
3.55846e-06
5.35116e-06
7.32075e-06
9.44781e-06
1.17066e-05
1.40641e-05
1.64775e-05
1.88894e-05
2.12219e-05
2.33732e-05
2.52439e-05
2.67493e-05
2.8016e-05
2.94159e-05
-5.57781e-06
-5.36974e-06
-4.99187e-06
-4.55824e-06
-4.14165e-06
-3.77752e-06
-3.47529e-06
-3.23603e-06
-3.0552e-06
-2.92579e-06
-2.83981e-06
-2.78887e-06
-2.76435e-06
-2.75762e-06
-2.75994e-06
-2.76336e-06
-2.76132e-06
-2.75202e-06
-2.74116e-06
-2.74594e-06
-2.79617e-06
-2.91758e-06
-3.08415e-06
-3.17973e-06
-3.1047e-06
-2.80686e-06
-2.26698e-06
-1.48744e-06
-4.77469e-07
7.53158e-07
2.19563e-06
3.8408e-06
5.6773e-06
7.68946e-06
9.8566e-06
1.21526e-05
1.45453e-05
1.69957e-05
1.94533e-05
2.18508e-05
2.40974e-05
2.61052e-05
2.77799e-05
2.92879e-05
3.12031e-05
-6.34359e-06
-5.86801e-06
-5.31845e-06
-4.76043e-06
-4.25933e-06
-3.84297e-06
-3.50839e-06
-3.2494e-06
-3.05703e-06
-2.92149e-06
-2.83311e-06
-2.78242e-06
-2.76001e-06
-2.75671e-06
-2.76329e-06
-2.7714e-06
-2.77394e-06
-2.76858e-06
-2.76034e-06
-2.76561e-06
-2.81331e-06
-2.92802e-06
-3.08282e-06
-3.1622e-06
-3.06725e-06
-2.74602e-06
-2.17937e-06
-1.36977e-06
-3.2657e-07
9.40054e-07
2.42044e-06
4.10408e-06
5.97781e-06
8.02388e-06
1.02197e-05
1.25378e-05
1.4946e-05
1.74075e-05
1.98775e-05
2.22993e-05
2.45963e-05
2.67013e-05
2.85178e-05
3.02774e-05
3.29162e-05
-7.32736e-06
-6.41019e-06
-5.6411e-06
-4.94838e-06
-4.36224e-06
-3.89742e-06
-3.53418e-06
-3.25812e-06
-3.05588e-06
-2.91519e-06
-2.82494e-06
-2.7747e-06
-2.75446e-06
-2.75451e-06
-2.76524e-06
-2.77788e-06
-2.78489e-06
-2.78341e-06
-2.77783e-06
-2.78371e-06
-2.82913e-06
-2.93752e-06
-3.08104e-06
-3.14487e-06
-3.03086e-06
-2.68734e-06
-2.09525e-06
-1.25729e-06
-1.83047e-07
1.11674e-06
2.63131e-06
4.34852e-06
6.25299e-06
8.32445e-06
1.05377e-05
1.28628e-05
1.52664e-05
1.77115e-05
2.01564e-05
2.25525e-05
2.48368e-05
2.69698e-05
2.88601e-05
3.08418e-05
3.44878e-05
-8.62577e-06
-6.98173e-06
-5.93806e-06
-5.11232e-06
-4.44793e-06
-3.9415e-06
-3.55434e-06
-3.26394e-06
-3.05329e-06
-2.90813e-06
-2.81622e-06
-2.76643e-06
-2.74819e-06
-2.7514e-06
-2.76606e-06
-2.78302e-06
-2.79433e-06
-2.79664e-06
-2.7937e-06
-2.8003e-06
-2.84367e-06
-2.94608e-06
-3.07885e-06
-3.12779e-06
-2.99553e-06
-2.63066e-06
-2.01428e-06
-1.14935e-06
-4.58634e-08
1.28473e-06
2.83037e-06
4.57696e-06
6.5066e-06
8.59596e-06
1.08165e-05
1.31351e-05
1.55149e-05
1.79166e-05
2.02972e-05
2.26101e-05
2.47999e-05
2.68519e-05
2.86847e-05
3.08108e-05
3.58894e-05
-1.03535e-05
-7.55103e-06
-6.17794e-06
-5.24388e-06
-4.51873e-06
-3.97976e-06
-3.57318e-06
-3.27027e-06
-3.05166e-06
-2.90184e-06
-2.80783e-06
-2.75797e-06
-2.74125e-06
-2.74719e-06
-2.76543e-06
-2.78648e-06
-2.80196e-06
-2.808e-06
-2.80775e-06
-2.81522e-06
-2.8568e-06
-2.9537e-06
-3.07639e-06
-3.11127e-06
-2.96165e-06
-2.57633e-06
-1.93658e-06
-1.04569e-06
8.58585e-08
1.44574e-06
3.02043e-06
4.79371e-06
6.74488e-06
8.84715e-06
1.10681e-05
1.33702e-05
1.57119e-05
1.80485e-05
2.03308e-05
2.25047e-05
2.4506e-05
2.63138e-05
2.78372e-05
2.9862e-05
3.66955e-05
-1.18154e-05
-7.9147e-06
-6.30189e-06
-5.32453e-06
-4.57068e-06
-4.01116e-06
-3.59018e-06
-3.27674e-06
-3.05076e-06
-2.89625e-06
-2.79985e-06
-2.74952e-06
-2.7339e-06
-2.74218e-06
-2.76365e-06
-2.78849e-06
-2.80793e-06
-2.8176e-06
-2.82009e-06
-2.82858e-06
-2.86865e-06
-2.96041e-06
-3.07365e-06
-3.09551e-06
-2.93e-06
-2.52616e-06
-1.86545e-06
-9.51512e-07
2.04617e-07
1.58971e-06
3.18874e-06
4.98334e-06
6.94999e-06
9.05838e-06
1.12719e-05
1.35483e-05
1.58401e-05
1.80951e-05
2.02537e-05
2.2245e-05
2.39687e-05
2.53346e-05
2.61279e-05
2.70902e-05
3.31865e-05
)
;

boundaryField
{
    inlet
    {
        type            uniformJump;
        patchType       cyclic;
        jump            uniform -2.5e-05;
        value           nonuniform List<scalar> 
40
(
7.6648e-07
7.81927e-07
7.97799e-07
8.13237e-07
8.29595e-07
8.48302e-07
8.71743e-07
9.04267e-07
9.5278e-07
1.02673e-06
1.13739e-06
1.29716e-06
1.51985e-06
1.82172e-06
2.22155e-06
2.73887e-06
3.39032e-06
4.1853e-06
5.12116e-06
6.17394e-06
7.24231e-06
8.15856e-06
8.85055e-06
9.35044e-06
9.70129e-06
9.93893e-06
1.00935e-05
1.01896e-05
1.02463e-05
1.02778e-05
1.0294e-05
1.03014e-05
1.03042e-05
1.03051e-05
1.03054e-05
1.03058e-05
1.03066e-05
1.03079e-05
1.03097e-05
1.0312e-05
)
;
        jumpTable       table;
        jumpTableCoeffs
        {
            values          
4
(
(0 -2.5e-05)
(25 -2.5e-05)
(25.5 -0.0001)
(26 -2.5e-05)
)
;
        }
    }
    outlet
    {
        type            uniformJump;
        patchType       cyclic;
        value           nonuniform List<scalar> 
40
(
-2.42335e-05
-2.42181e-05
-2.42022e-05
-2.41868e-05
-2.41704e-05
-2.41517e-05
-2.41283e-05
-2.40957e-05
-2.40472e-05
-2.39733e-05
-2.38626e-05
-2.37028e-05
-2.34801e-05
-2.31783e-05
-2.27785e-05
-2.22611e-05
-2.16097e-05
-2.08147e-05
-1.98788e-05
-1.88261e-05
-1.77577e-05
-1.68414e-05
-1.61495e-05
-1.56496e-05
-1.52987e-05
-1.50611e-05
-1.49065e-05
-1.48104e-05
-1.47537e-05
-1.47222e-05
-1.4706e-05
-1.46986e-05
-1.46958e-05
-1.46949e-05
-1.46946e-05
-1.46942e-05
-1.46934e-05
-1.46921e-05
-1.46903e-05
-1.4688e-05
)
;
    }
    Walls
    {
        type            zeroGradient;
    }
    back
    {
        type            empty;
    }
    front
    {
        type            empty;
    }
}


// ************************************************************************* //
