/*--------------------------------*- C++ -*----------------------------------*\
| =========                 |                                                 |
| \\      /  F ield         | OpenFOAM: The Open Source CFD Toolbox           |
|  \\    /   O peration     | Version:  2312                                  |
|   \\  /    A nd           | Website:  www.openfoam.com                      |
|    \\/     M anipulation  |                                                 |
\*---------------------------------------------------------------------------*/
FoamFile
{
    version     2.0;
    format      ascii;
    arch        "LSB;label=32;scalar=64";
    class       volScalarField;
    location    "12.5";
    object      p;
}
// * * * * * * * * * * * * * * * * * * * * * * * * * * * * * * * * * * * * * //

dimensions      [0 2 -2 0 0 0 0];

internalField   nonuniform List<scalar> 
4800
(
-1.16452e-12
-1.40655e-06
-2.57835e-06
-3.57148e-06
-4.42395e-06
-5.16088e-06
-5.80656e-06
-6.37851e-06
-6.88511e-06
-7.33864e-06
-7.74772e-06
-8.11444e-06
-8.43245e-06
-8.93255e-06
-1.05619e-05
1.53969e-08
-1.38854e-06
-2.55852e-06
-3.55049e-06
-4.40297e-06
-5.14097e-06
-5.78919e-06
-6.36514e-06
-6.87771e-06
-7.34096e-06
-7.76869e-06
-8.17643e-06
-8.57892e-06
-9.08286e-06
-9.93599e-06
3.18373e-08
-1.36921e-06
-2.5373e-06
-3.5283e-06
-4.38066e-06
-5.11952e-06
-5.76862e-06
-6.34757e-06
-6.86491e-06
-7.33521e-06
-7.77371e-06
-8.19675e-06
-8.61362e-06
-9.03364e-06
-9.43659e-06
4.88628e-08
-1.34869e-06
-2.51436e-06
-3.50387e-06
-4.35551e-06
-5.09523e-06
-5.74351e-06
-6.32368e-06
-6.84312e-06
-7.31462e-06
-7.75118e-06
-8.16069e-06
-8.53623e-06
-8.84807e-06
-9.02837e-06
6.79746e-08
-1.32521e-06
-2.4877e-06
-3.47495e-06
-4.32497e-06
-5.06446e-06
-5.71153e-06
-6.28938e-06
-6.80686e-06
-7.27228e-06
-7.69384e-06
-8.07008e-06
-8.38297e-06
-8.59519e-06
-8.65294e-06
9.06465e-08
-1.2972e-06
-2.45558e-06
-3.4396e-06
-4.28684e-06
-5.02375e-06
-5.66878e-06
-6.24054e-06
-6.74989e-06
-7.20067e-06
-7.59526e-06
-7.92603e-06
-8.17272e-06
-8.30655e-06
-8.30002e-06
1.19056e-07
-1.26248e-06
-2.41564e-06
-3.39513e-06
-4.23795e-06
-4.96995e-06
-5.60929e-06
-6.17129e-06
-6.66542e-06
-7.09282e-06
-7.45141e-06
-7.73191e-06
-7.91881e-06
-7.99733e-06
-7.96073e-06
1.56857e-07
-1.21743e-06
-2.36409e-06
-3.33737e-06
-4.17355e-06
-4.89767e-06
-5.52684e-06
-6.07398e-06
-6.54609e-06
-6.943e-06
-7.26109e-06
-7.49337e-06
-7.63216e-06
-7.675e-06
-7.62694e-06
2.09562e-07
-1.15663e-06
-2.29529e-06
-3.26028e-06
-4.087e-06
-4.79952e-06
-5.41373e-06
-5.94042e-06
-6.38489e-06
-6.7472e-06
-7.025e-06
-7.21584e-06
-7.31953e-06
-7.34178e-06
-7.29266e-06
2.84416e-07
-1.07275e-06
-2.20162e-06
-3.15578e-06
-3.96974e-06
-4.6665e-06
-5.26092e-06
-5.76245e-06
-6.1758e-06
-6.50289e-06
-6.74446e-06
-6.9029e-06
-6.98352e-06
-6.99624e-06
-6.95238e-06
3.89666e-07
-9.57021e-07
-2.0738e-06
-3.01412e-06
-3.81163e-06
-4.48848e-06
-5.05892e-06
-5.53213e-06
-5.91389e-06
-6.20849e-06
-6.42037e-06
-6.55589e-06
-6.62355e-06
-6.63474e-06
-6.60025e-06
5.33658e-07
-8.00054e-07
-1.90162e-06
-2.82456e-06
-3.60191e-06
-4.25527e-06
-4.79899e-06
-5.24311e-06
-5.59545e-06
-5.86277e-06
-6.05266e-06
-6.17407e-06
-6.23687e-06
-6.25236e-06
-6.23008e-06
7.24561e-07
-5.92242e-07
-1.67458e-06
-2.57622e-06
-3.32997e-06
-3.95745e-06
-4.47379e-06
-4.89059e-06
-5.21771e-06
-5.46435e-06
-5.64009e-06
-5.75511e-06
-5.81946e-06
-5.84354e-06
-5.83559e-06
9.70552e-07
-3.23664e-07
-1.3819e-06
-2.25818e-06
-2.98564e-06
-3.58645e-06
-4.0769e-06
-4.4702e-06
-4.77794e-06
-5.01099e-06
-5.17991e-06
-5.2951e-06
-5.36611e-06
-5.40215e-06
-5.41028e-06
1.27962e-06
1.5712e-08
-1.01274e-06
-1.85976e-06
-2.5592e-06
-3.13414e-06
-3.60195e-06
-3.97706e-06
-4.27209e-06
-4.49846e-06
-4.66712e-06
-4.78805e-06
-4.86995e-06
-4.92087e-06
-4.94683e-06
1.65856e-06
4.34968e-07
-5.57276e-07
-1.37145e-06
-2.0421e-06
-2.59314e-06
-3.04262e-06
-3.40531e-06
-3.69408e-06
-3.92056e-06
-4.09489e-06
-4.22635e-06
-4.32284e-06
-4.39137e-06
-4.43716e-06
2.11079e-06
9.39997e-07
-8.86256e-09
-7.86902e-07
-1.42866e-06
-1.95835e-06
-2.39405e-06
-2.75022e-06
-3.03907e-06
-3.27135e-06
-3.45643e-06
-3.60278e-06
-3.71746e-06
-3.80651e-06
-3.8745e-06
2.63372e-06
1.5303e-06
6.32735e-07
-1.0598e-07
-7.18912e-07
-1.22959e-06
-1.65536e-06
-2.00973e-06
-2.30379e-06
-2.54699e-06
-2.74742e-06
-2.9128e-06
-3.04939e-06
-3.16236e-06
-3.25567e-06
3.21657e-06
2.19572e-06
1.35772e-06
6.61671e-07
7.77937e-08
-4.1544e-07
-8.33764e-07
-1.18919e-06
-1.49143e-06
-1.7488e-06
-1.96828e-06
-2.15605e-06
-2.3175e-06
-2.45723e-06
-2.57886e-06
3.83823e-06
2.91322e-06
2.14219e-06
1.49197e-06
9.37621e-07
4.60759e-07
4.79325e-08
-3.10909e-07
-6.23654e-07
-8.969e-07
-1.13657e-06
-1.34777e-06
-1.53526e-06
-1.70311e-06
-1.85467e-06
4.43569e-06
3.60936e-06
2.9065e-06
2.30193e-06
1.77621e-06
1.31469e-06
9.06475e-07
5.43331e-07
2.18801e-07
-7.23345e-08
-3.34419e-07
-5.71419e-07
-7.87511e-07
-9.8607e-07
-1.1699e-06
4.92559e-06
4.18489e-06
3.54128e-06
2.97633e-06
2.47549e-06
2.0276e-06
1.62416e-06
1.25859e-06
9.25491e-07
6.20208e-07
3.38474e-07
7.70832e-08
-1.65795e-07
-3.92388e-07
-6.05167e-07
5.2919e-06
4.61786e-06
4.02029e-06
3.48584e-06
3.00379e-06
2.56569e-06
2.16484e-06
1.79585e-06
1.45425e-06
1.13633e-06
8.39049e-07
5.60103e-07
2.97222e-07
4.85161e-08
-1.87918e-07
5.5593e-06
4.9373e-06
4.376e-06
3.86583e-06
3.39893e-06
2.96887e-06
2.57033e-06
2.19892e-06
1.851e-06
1.52361e-06
1.21425e-06
9.20811e-07
6.41401e-07
3.74409e-07
1.1828e-07
5.75232e-06
5.17105e-06
4.63867e-06
4.14818e-06
3.69374e-06
3.27039e-06
2.87383e-06
2.5005e-06
2.14739e-06
1.81203e-06
1.49232e-06
1.18645e-06
8.92927e-07
6.10429e-07
3.3767e-07
5.89032e-06
5.34112e-06
4.83184e-06
4.35723e-06
3.91286e-06
3.49482e-06
3.09965e-06
2.7244e-06
2.36661e-06
2.02423e-06
1.69551e-06
1.37905e-06
1.07358e-06
7.78017e-07
4.91301e-07
5.98812e-06
5.46439e-06
4.97356e-06
4.51167e-06
4.07531e-06
3.66135e-06
3.26697e-06
2.88978e-06
2.52778e-06
2.17928e-06
1.84284e-06
1.5174e-06
1.20185e-06
8.95312e-07
5.96894e-07
6.05692e-06
5.55362e-06
5.07762e-06
4.62594e-06
4.19595e-06
3.7851e-06
3.3911e-06
3.01203e-06
2.64627e-06
2.29249e-06
1.94947e-06
1.61637e-06
1.29226e-06
9.76427e-07
6.68151e-07
6.10507e-06
5.61836e-06
5.15441e-06
4.71103e-06
4.28615e-06
3.87769e-06
3.4838e-06
3.10295e-06
2.73384e-06
2.37534e-06
2.02676e-06
1.6871e-06
1.35567e-06
1.03194e-06
7.15317e-07
6.13871e-06
5.66569e-06
5.21168e-06
4.77514e-06
4.3544e-06
3.94778e-06
3.55382e-06
3.17132e-06
2.79929e-06
2.43677e-06
2.0832e-06
1.73784e-06
1.40013e-06
1.06965e-06
7.45936e-07
6.16232e-06
5.70077e-06
5.25509e-06
4.82425e-06
4.40691e-06
4.00172e-06
3.60757e-06
3.22353e-06
2.84878e-06
2.48283e-06
2.12492e-06
1.77461e-06
1.43149e-06
1.09523e-06
7.65433e-07
6.17911e-06
5.72729e-06
5.28868e-06
4.86265e-06
4.44812e-06
4.04408e-06
3.64968e-06
3.26424e-06
2.88717e-06
2.51804e-06
2.15633e-06
1.80172e-06
1.4539e-06
1.11263e-06
7.77595e-07
6.19133e-06
5.74787e-06
5.31532e-06
4.89339e-06
4.48121e-06
4.07808e-06
3.68339e-06
3.29665e-06
2.91751e-06
2.54557e-06
2.18052e-06
1.82215e-06
1.47022e-06
1.12459e-06
7.85e-07
6.20052e-06
5.7643e-06
5.33699e-06
4.91856e-06
4.50838e-06
4.10598e-06
3.71098e-06
3.32307e-06
2.94204e-06
2.56761e-06
2.19961e-06
1.83792e-06
1.48238e-06
1.13292e-06
7.89357e-07
6.20769e-06
5.77779e-06
5.35503e-06
4.93961e-06
4.53113e-06
4.12934e-06
3.73403e-06
3.34503e-06
2.9623e-06
2.58565e-06
2.21503e-06
1.85039e-06
1.49167e-06
1.13884e-06
7.91779e-07
6.2135e-06
5.78912e-06
5.37032e-06
4.95752e-06
4.55049e-06
4.1492e-06
3.75355e-06
3.36357e-06
2.97931e-06
2.60068e-06
2.22772e-06
1.86048e-06
1.49893e-06
1.14312e-06
7.92976e-07
6.21835e-06
5.7988e-06
5.38344e-06
4.9729e-06
4.56711e-06
4.16624e-06
3.77025e-06
3.37939e-06
2.99374e-06
2.61334e-06
2.23831e-06
1.86875e-06
1.50471e-06
1.14627e-06
7.93403e-07
6.22252e-06
5.80721e-06
5.39486e-06
4.98627e-06
4.58155e-06
4.18098e-06
3.78467e-06
3.39304e-06
3.00614e-06
2.62415e-06
2.24728e-06
1.87566e-06
1.50941e-06
1.14862e-06
7.93328e-07
6.22638e-06
5.815e-06
5.40543e-06
4.99863e-06
4.59487e-06
4.19453e-06
3.79796e-06
3.40555e-06
3.01746e-06
2.63397e-06
2.25536e-06
1.88182e-06
1.51348e-06
1.15049e-06
7.92889e-07
6.22997e-06
5.82252e-06
5.41563e-06
5.01056e-06
4.60775e-06
4.20769e-06
3.81078e-06
3.41757e-06
3.02831e-06
2.64334e-06
2.26297e-06
1.88744e-06
1.51704e-06
1.15195e-06
7.92267e-07
-1.19283e-05
-9.68868e-06
-8.31133e-06
-7.38695e-06
-6.64525e-06
-6.07273e-06
-5.62426e-06
-5.2689e-06
-4.98619e-06
-4.76021e-06
-4.57826e-06
-4.42994e-06
-4.30663e-06
-4.20174e-06
-4.11103e-06
-4.03435e-06
-3.97702e-06
-3.95418e-06
-3.99278e-06
-4.13715e-06
-4.44321e-06
-4.9656e-06
-5.65506e-06
-6.30587e-06
-6.76294e-06
-6.94996e-06
-6.82977e-06
-6.39084e-06
-5.63376e-06
-4.56626e-06
-3.20223e-06
-1.56307e-06
3.20927e-07
2.41019e-06
4.65657e-06
7.00479e-06
9.39372e-06
1.17565e-05
1.40178e-05
1.60872e-05
1.78392e-05
1.91104e-05
1.95301e-05
1.87784e-05
1.56444e-05
-1.03129e-05
-9.15339e-06
-8.11168e-06
-7.28816e-06
-6.59205e-06
-6.03519e-06
-5.5924e-06
-5.23934e-06
-4.95798e-06
-4.73329e-06
-4.55284e-06
-4.40628e-06
-4.28501e-06
-4.18246e-06
-4.09445e-06
-4.02088e-06
-3.96707e-06
-3.94805e-06
-3.99031e-06
-4.13718e-06
-4.44301e-06
-4.96057e-06
-5.64048e-06
-6.28004e-06
-6.72699e-06
-6.90623e-06
-6.78082e-06
-6.3392e-06
-5.58214e-06
-4.51802e-06
-3.16184e-06
-1.53658e-06
3.25484e-07
2.38234e-06
4.58272e-06
6.8671e-06
9.16818e-06
1.14097e-05
1.35009e-05
1.53253e-05
1.67073e-05
1.7377e-05
1.68068e-05
1.42463e-05
8.72657e-06
-9.46559e-06
-8.73523e-06
-7.90429e-06
-7.17189e-06
-6.52643e-06
-5.99122e-06
-5.55739e-06
-5.20821e-06
-4.9288e-06
-4.70556e-06
-4.52659e-06
-4.38173e-06
-4.26247e-06
-4.16229e-06
-4.07708e-06
-4.00684e-06
-3.95691e-06
-3.94213e-06
-3.98849e-06
-4.13818e-06
-4.4437e-06
-4.95559e-06
-5.62432e-06
-6.25063e-06
-6.68565e-06
-6.85577e-06
-6.72449e-06
-6.28032e-06
-5.5244e-06
-4.46598e-06
-3.12154e-06
-1.51612e-06
3.15483e-07
2.32809e-06
4.46644e-06
6.66566e-06
8.85095e-06
1.09351e-05
1.28116e-05
1.43398e-05
1.53168e-05
1.5437e-05
1.42274e-05
1.11689e-05
6.16836e-06
-8.92271e-06
-8.39266e-06
-7.72141e-06
-7.06186e-06
-6.46478e-06
-5.95253e-06
-5.52819e-06
-5.18245e-06
-4.90407e-06
-4.68121e-06
-4.50274e-06
-4.35876e-06
-4.24089e-06
-4.14267e-06
-4.06008e-06
-3.99314e-06
-3.94721e-06
-3.93692e-06
-3.98764e-06
-4.14029e-06
-4.44534e-06
-4.95081e-06
-5.60681e-06
-6.21787e-06
-6.63881e-06
-6.79773e-06
-6.65879e-06
-6.21078e-06
-5.45547e-06
-4.40339e-06
-3.07302e-06
-1.49204e-06
3.01465e-07
2.25837e-06
4.31857e-06
6.41103e-06
8.45299e-06
1.03469e-05
1.19737e-05
1.31811e-05
1.37657e-05
1.34606e-05
1.19435e-05
8.97425e-06
4.80505e-06
-8.4991e-06
-8.08933e-06
-7.54163e-06
-6.96542e-06
-6.41324e-06
-5.9239e-06
-5.50905e-06
-5.16571e-06
-4.88681e-06
-4.66268e-06
-4.48314e-06
-4.33874e-06
-4.22129e-06
-4.12438e-06
-4.04405e-06
-3.98036e-06
-3.9386e-06
-3.93311e-06
-3.98854e-06
-4.14432e-06
-4.4486e-06
-4.94652e-06
-5.58782e-06
-6.18135e-06
-6.58613e-06
-6.73219e-06
-6.58461e-06
-6.13269e-06
-5.37917e-06
-4.33622e-06
-3.02475e-06
-1.47558e-06
2.69398e-07
2.15665e-06
4.12091e-06
6.08507e-06
7.95937e-06
9.63905e-06
1.1e-05
1.18929e-05
1.21413e-05
1.15516e-05
9.95446e-06
7.30837e-06
3.88946e-06
-8.14128e-06
-7.81389e-06
-7.36179e-06
-6.86767e-06
-6.36839e-06
-5.90496e-06
-5.50126e-06
-5.16024e-06
-4.87976e-06
-4.65271e-06
-4.47032e-06
-4.32389e-06
-4.20552e-06
-4.10897e-06
-4.03034e-06
-3.96966e-06
-3.93216e-06
-3.93172e-06
-3.99217e-06
-4.15113e-06
-4.45417e-06
-4.9431e-06
-5.56727e-06
-6.14063e-06
-6.52693e-06
-6.65853e-06
-6.50166e-06
-6.04648e-06
-5.29702e-06
-4.26747e-06
-2.98159e-06
-1.47374e-06
2.1008e-07
2.01178e-06
3.86119e-06
5.6762e-06
7.36257e-06
8.81333e-06
9.9082e-06
1.05161e-05
1.0502e-05
9.75062e-06
8.20623e-06
5.93593e-06
3.19338e-06
-7.81449e-06
-7.5503e-06
-7.18281e-06
-6.75685e-06
-6.31554e-06
-5.88843e-06
-5.50033e-06
-5.16479e-06
-4.88361e-06
-4.65306e-06
-4.46652e-06
-4.3165e-06
-4.19579e-06
-4.09845e-06
-4.02073e-06
-3.96267e-06
-3.92933e-06
-3.93408e-06
-3.99969e-06
-4.16174e-06
-4.46281e-06
-4.94096e-06
-5.54514e-06
-6.09528e-06
-6.46057e-06
-6.57598e-06
-6.40936e-06
-5.95202e-06
-5.20972e-06
-4.19905e-06
-2.94699e-06
-1.49172e-06
1.16618e-07
1.8157e-06
3.53143e-06
5.17877e-06
6.66279e-06
7.8805e-06
8.72434e-06
9.08971e-06
8.8877e-06
8.06734e-06
6.64232e-06
4.71801e-06
2.5009e-06
-7.49847e-06
-7.28443e-06
-6.9879e-06
-6.63148e-06
-6.24643e-06
-5.86023e-06
-5.49764e-06
-5.17367e-06
-4.89531e-06
-4.66272e-06
-4.47207e-06
-4.31776e-06
-4.19369e-06
-4.09458e-06
-4.01702e-06
-3.96112e-06
-3.93178e-06
-3.94174e-06
-4.01253e-06
-4.17734e-06
-4.47543e-06
-4.9406e-06
-5.52142e-06
-6.04492e-06
-6.38644e-06
-6.48401e-06
-6.30746e-06
-5.84978e-06
-5.11885e-06
-4.13406e-06
-2.92582e-06
-1.53612e-06
-1.89625e-08
1.56004e-06
3.12466e-06
4.58988e-06
5.86459e-06
6.85572e-06
7.47447e-06
7.64596e-06
7.32186e-06
6.49556e-06
5.21474e-06
3.58656e-06
1.76859e-06
-7.18302e-06
-7.00971e-06
-6.7716e-06
-6.47908e-06
-6.15174e-06
-5.81224e-06
-5.48216e-06
-5.17744e-06
-4.90783e-06
-4.67706e-06
-4.48442e-06
-4.32664e-06
-4.19928e-06
-4.09813e-06
-4.0204e-06
-3.96644e-06
-3.94105e-06
-3.95624e-06
-4.03213e-06
-4.19919e-06
-4.49296e-06
-4.9425e-06
-5.49611e-06
-5.98923e-06
-6.30419e-06
-6.3825e-06
-6.19648e-06
-5.74131e-06
-5.02745e-06
-4.07732e-06
-2.92476e-06
-1.61528e-06
-2.05804e-07
1.2363e-06
2.63515e-06
3.90928e-06
4.97579e-06
5.75588e-06
6.18216e-06
6.20736e-06
5.81364e-06
5.02003e-06
3.88541e-06
2.50387e-06
9.92426e-07
-6.86163e-06
-6.72246e-06
-6.53272e-06
-6.29643e-06
-6.02496e-06
-5.7347e-06
-5.44304e-06
-5.16496e-06
-4.91131e-06
-4.68826e-06
-4.4979e-06
-4.33944e-06
-4.21046e-06
-4.10819e-06
-4.03084e-06
-3.9792e-06
-3.95808e-06
-3.97871e-06
-4.05966e-06
-4.2283e-06
-4.51617e-06
-4.94708e-06
-5.46925e-06
-5.92808e-06
-6.21388e-06
-6.27208e-06
-6.07802e-06
-5.62962e-06
-4.94029e-06
-4.03557e-06
-2.95239e-06
-1.73888e-06
-4.53515e-07
8.36752e-07
2.0593e-06
3.13968e-06
4.00655e-06
4.59756e-06
4.86592e-06
4.7866e-06
4.36149e-06
3.62136e-06
2.6237e-06
1.44543e-06
1.72651e-07
-6.52839e-06
-6.41896e-06
-6.27006e-06
-6.08267e-06
-5.86284e-06
-5.62144e-06
-5.37159e-06
-5.12604e-06
-4.89531e-06
-4.68678e-06
-4.50453e-06
-4.35001e-06
-4.22281e-06
-4.12188e-06
-4.04666e-06
-3.99864e-06
-3.98275e-06
-4.00942e-06
-4.09555e-06
-4.26513e-06
-4.54538e-06
-4.95449e-06
-5.44091e-06
-5.8617e-06
-6.11637e-06
-6.15465e-06
-5.95536e-06
-5.51973e-06
-4.86442e-06
-4.01776e-06
-3.01897e-06
-1.9175e-06
-7.71402e-07
3.5531e-07
1.39615e-06
2.28644e-06
2.96821e-06
3.39538e-06
3.53849e-06
3.3883e-06
2.9575e-06
2.2796e-06
1.40501e-06
3.94179e-07
-6.89573e-07
-6.17723e-06
-6.09469e-06
-5.98123e-06
-5.83654e-06
-5.66348e-06
-5.46883e-06
-5.26191e-06
-5.0528e-06
-4.85077e-06
-4.66329e-06
-4.4956e-06
-4.35076e-06
-4.2302e-06
-4.13453e-06
-4.06451e-06
-4.02248e-06
-4.01358e-06
-4.04746e-06
-4.1392e-06
-4.30925e-06
-4.58022e-06
-4.96461e-06
-5.41144e-06
-5.79116e-06
-6.01391e-06
-6.03407e-06
-5.83413e-06
-5.41927e-06
-4.80939e-06
-4.03495e-06
-3.13612e-06
-2.16182e-06
-1.16744e-06
-2.11563e-07
6.47778e-07
1.35727e-06
1.87242e-06
2.16136e-06
2.20771e-06
2.01197e-06
1.59123e-06
9.76786e-07
2.10197e-07
-6.62146e-07
-1.59355e-06
-5.80198e-06
-5.74456e-06
-5.66279e-06
-5.55594e-06
-5.42513e-06
-5.27439e-06
-5.11001e-06
-4.93952e-06
-4.77049e-06
-4.60978e-06
-4.46293e-06
-4.33401e-06
-4.22582e-06
-4.14039e-06
-4.07978e-06
-4.04714e-06
-4.04782e-06
-4.0907e-06
-4.18889e-06
-4.35924e-06
-4.61966e-06
-4.97705e-06
-5.38179e-06
-5.71898e-06
-5.911e-06
-5.91696e-06
-5.72296e-06
-5.33875e-06
-4.78729e-06
-4.09985e-06
-3.31576e-06
-2.48129e-06
-1.64692e-06
-8.63814e-07
-1.80194e-07
3.62157e-07
7.30952e-07
9.05647e-07
8.78536e-07
6.55152e-07
2.52982e-07
-3.01172e-07
-9.74419e-07
-1.73171e-06
-2.53854e-06
-5.39638e-06
-5.3631e-06
-5.31055e-06
-5.23799e-06
-5.14572e-06
-5.03601e-06
-4.91299e-06
-4.78203e-06
-4.64901e-06
-4.51975e-06
-4.39949e-06
-4.2927e-06
-4.203e-06
-4.13351e-06
-4.0873e-06
-4.06824e-06
-4.08177e-06
-4.13604e-06
-4.24197e-06
-4.41299e-06
-4.66219e-06
-4.99157e-06
-5.3538e-06
-5.64978e-06
-5.81529e-06
-5.81334e-06
-5.63358e-06
-5.29136e-06
-4.81195e-06
-4.22553e-06
-3.56849e-06
-2.88239e-06
-2.21101e-06
-1.5969e-06
-1.07825e-06
-6.86359e-07
-4.43665e-07
-3.62107e-07
-4.44588e-07
-6.83725e-07
-1.06383e-06
-1.56327e-06
-2.1568e-06
-2.81828e-06
-3.52225e-06
-4.95349e-06
-4.94419e-06
-4.91952e-06
-4.879e-06
-4.82258e-06
-4.75153e-06
-4.66853e-06
-4.57733e-06
-4.48232e-06
-4.38818e-06
-4.29951e-06
-4.22068e-06
-4.15562e-06
-4.10809e-06
-4.08178e-06
-4.08107e-06
-4.1113e-06
-4.17982e-06
-4.29536e-06
-4.46825e-06
-4.70645e-06
-5.00874e-06
-5.33036e-06
-5.5911e-06
-5.73806e-06
-5.73568e-06
-5.57969e-06
-5.29183e-06
-4.89748e-06
-4.42348e-06
-3.9015e-06
-3.36684e-06
-2.85554e-06
-2.4013e-06
-2.03303e-06
-1.77316e-06
-1.63669e-06
-1.63109e-06
-1.7557e-06
-2.0033e-06
-2.36115e-06
-2.81262e-06
-3.33888e-06
-3.9207e-06
-4.53933e-06
-4.46579e-06
-4.48113e-06
-4.48416e-06
-4.47465e-06
-4.45255e-06
-4.41865e-06
-4.37469e-06
-4.3233e-06
-4.2677e-06
-4.21155e-06
-4.15868e-06
-4.11301e-06
-4.07841e-06
-4.05877e-06
-4.0581e-06
-4.08081e-06
-4.13209e-06
-4.21806e-06
-4.346e-06
-4.52283e-06
-4.75242e-06
-5.03072e-06
-5.31804e-06
-5.55433e-06
-5.69146e-06
-5.69542e-06
-5.57627e-06
-5.35622e-06
-5.05746e-06
-4.7026e-06
-4.31772e-06
-3.93119e-06
-3.57121e-06
-3.26331e-06
-3.02859e-06
-2.88261e-06
-2.83502e-06
-2.89027e-06
-3.04697e-06
-3.29896e-06
-3.63644e-06
-4.04711e-06
-4.51731e-06
-5.03313e-06
-5.58091e-06
-3.92709e-06
-3.96851e-06
-3.99997e-06
-4.02154e-06
-4.03335e-06
-4.03598e-06
-4.03068e-06
-4.01932e-06
-4.0043e-06
-3.9884e-06
-3.97475e-06
-3.96667e-06
-3.96771e-06
-3.98149e-06
-4.01197e-06
-4.06324e-06
-4.1401e-06
-4.24742e-06
-4.39108e-06
-4.57521e-06
-4.80132e-06
-5.06409e-06
-5.32946e-06
-5.54679e-06
-5.6778e-06
-5.70556e-06
-5.64008e-06
-5.49976e-06
-5.30271e-06
-5.06771e-06
-4.81542e-06
-4.56752e-06
-4.34505e-06
-4.16669e-06
-4.0475e-06
-3.99798e-06
-4.02381e-06
-4.1283e-06
-4.31015e-06
-4.56465e-06
-4.88468e-06
-5.26153e-06
-5.68561e-06
-6.14706e-06
-6.63607e-06
-3.335e-06
-3.40476e-06
-3.46629e-06
-3.51997e-06
-3.56619e-06
-3.6056e-06
-3.63919e-06
-3.66837e-06
-3.69495e-06
-3.7211e-06
-3.7493e-06
-3.78233e-06
-3.82317e-06
-3.87507e-06
-3.94149e-06
-4.02614e-06
-4.13295e-06
-4.26604e-06
-4.42927e-06
-4.62554e-06
-4.8548e-06
-5.1124e-06
-5.36642e-06
-5.5742e-06
-5.71442e-06
-5.78209e-06
-5.78319e-06
-5.72967e-06
-5.63536e-06
-5.51543e-06
-5.38585e-06
-5.26261e-06
-5.16072e-06
-5.09328e-06
-5.07072e-06
-5.1005e-06
-5.18742e-06
-5.33259e-06
-5.53489e-06
-5.79129e-06
-6.09712e-06
-6.44661e-06
-6.83326e-06
-7.25027e-06
-7.69073e-06
-2.68808e-06
-2.78925e-06
-2.88358e-06
-2.97159e-06
-3.05398e-06
-3.13151e-06
-3.20513e-06
-3.27598e-06
-3.34548e-06
-3.41536e-06
-3.48758e-06
-3.56438e-06
-3.64825e-06
-3.74188e-06
-3.84815e-06
-3.97013e-06
-4.11097e-06
-4.27378e-06
-4.46127e-06
-4.67525e-06
-4.91534e-06
-5.1772e-06
-5.43302e-06
-5.6496e-06
-5.81718e-06
-5.93569e-06
-6.00831e-06
-6.0419e-06
-6.04614e-06
-6.03241e-06
-6.01256e-06
-5.99805e-06
-5.99925e-06
-6.02499e-06
-6.0824e-06
-6.17712e-06
-6.31273e-06
-6.49005e-06
-6.70851e-06
-6.96635e-06
-7.26081e-06
-7.58829e-06
-7.9446e-06
-8.32523e-06
-8.72544e-06
-1.99564e-06
-2.13028e-06
-2.25956e-06
-2.38399e-06
-2.50439e-06
-2.62166e-06
-2.73673e-06
-2.85059e-06
-2.96441e-06
-3.07954e-06
-3.19755e-06
-3.32022e-06
-3.44951e-06
-3.58757e-06
-3.73665e-06
-3.89915e-06
-4.07744e-06
-4.27381e-06
-4.49022e-06
-4.72787e-06
-4.98655e-06
-5.26353e-06
-5.53653e-06
-5.77996e-06
-5.98831e-06
-6.16276e-06
-6.30548e-06
-6.42066e-06
-6.51464e-06
-6.59519e-06
-6.67054e-06
-6.7486e-06
-6.83645e-06
-6.94012e-06
-7.06423e-06
-7.21199e-06
-7.38613e-06
-7.58842e-06
-7.8193e-06
-8.07811e-06
-8.36338e-06
-8.67307e-06
-9.00468e-06
-9.35541e-06
-9.72216e-06
-1.34426e-06
-1.51327e-06
-1.67791e-06
-1.83876e-06
-1.99673e-06
-2.15274e-06
-2.30768e-06
-2.46244e-06
-2.61801e-06
-2.7755e-06
-2.93618e-06
-3.10147e-06
-3.27293e-06
-3.45224e-06
-3.64116e-06
-3.84153e-06
-4.05517e-06
-4.28383e-06
-4.52905e-06
-4.79196e-06
-5.07306e-06
-5.37198e-06
-5.67118e-06
-5.94836e-06
-6.1986e-06
-6.42335e-06
-6.62455e-06
-6.80526e-06
-6.9698e-06
-7.12336e-06
-7.27144e-06
-7.41934e-06
-7.57182e-06
-7.73287e-06
-7.90587e-06
-8.0938e-06
-8.29882e-06
-8.52216e-06
-8.76442e-06
-9.02566e-06
-9.30538e-06
-9.60264e-06
-9.91613e-06
-1.02442e-05
-1.05851e-05
-8.09206e-07
-1.00872e-06
-1.20477e-06
-1.39788e-06
-1.58885e-06
-1.7785e-06
-1.96767e-06
-2.15715e-06
-2.34779e-06
-2.54054e-06
-2.73647e-06
-2.93673e-06
-3.1426e-06
-3.35543e-06
-3.57665e-06
-3.80773e-06
-4.05016e-06
-4.30542e-06
-4.57495e-06
-4.86005e-06
-5.16195e-06
-5.48188e-06
-5.80464e-06
-6.1093e-06
-6.3913e-06
-6.65232e-06
-6.89435e-06
-7.11995e-06
-7.33236e-06
-7.53523e-06
-7.73238e-06
-7.92747e-06
-8.12389e-06
-8.32469e-06
-8.53263e-06
-8.74996e-06
-8.97821e-06
-9.21836e-06
-9.47106e-06
-9.73665e-06
-1.00151e-05
-1.03061e-05
-1.06091e-05
-1.09231e-05
-1.12472e-05
-4.1642e-07
-6.40903e-07
-8.62482e-07
-1.08167e-06
-1.29917e-06
-1.5157e-06
-1.73197e-06
-1.94868e-06
-2.16656e-06
-2.38642e-06
-2.60917e-06
-2.83579e-06
-3.06735e-06
-3.30498e-06
-3.54987e-06
-3.80328e-06
-4.06653e-06
-4.34095e-06
-4.62798e-06
-4.92909e-06
-5.24589e-06
-5.58017e-06
-5.91805e-06
-6.24001e-06
-6.54197e-06
-6.82584e-06
-7.09363e-06
-7.34764e-06
-7.59044e-06
-7.82479e-06
-8.05349e-06
-8.27925e-06
-8.50458e-06
-8.73179e-06
-8.96287e-06
-9.19943e-06
-9.44291e-06
-9.69431e-06
-9.95432e-06
-1.02234e-05
-1.05017e-05
-1.07893e-05
-1.10859e-05
-1.13911e-05
-1.17043e-05
-1.30711e-07
-3.76079e-07
-6.18857e-07
-8.59513e-07
-1.09865e-06
-1.33689e-06
-1.57482e-06
-1.81304e-06
-2.05217e-06
-2.29294e-06
-2.53611e-06
-2.78252e-06
-3.03309e-06
-3.2888e-06
-3.55068e-06
-3.81983e-06
-4.09746e-06
-4.38482e-06
-4.68331e-06
-4.99445e-06
-5.31992e-06
-5.6616e-06
-6.00676e-06
-6.33755e-06
-6.65052e-06
-6.9477e-06
-7.23104e-06
-7.50257e-06
-7.76443e-06
-8.01881e-06
-8.26784e-06
-8.51359e-06
-8.758e-06
-9.00283e-06
-9.2496e-06
-9.49965e-06
-9.75421e-06
-1.00142e-05
-1.02804e-05
-1.05531e-05
-1.08328e-05
-1.11196e-05
-1.14134e-05
-1.17141e-05
-1.20213e-05
7.14399e-08
-1.91365e-07
-4.51677e-07
-7.09913e-07
-9.66596e-07
-1.22224e-06
-1.47733e-06
-1.73239e-06
-1.98795e-06
-2.24464e-06
-2.50313e-06
-2.76414e-06
-3.02849e-06
-3.297e-06
-3.57063e-06
-3.85034e-06
-4.13724e-06
-4.4325e-06
-4.73746e-06
-5.05354e-06
-5.38242e-06
-5.72584e-06
-6.07231e-06
-6.40585e-06
-6.72363e-06
-7.02761e-06
-7.31961e-06
-7.60143e-06
-7.87486e-06
-8.1417e-06
-8.40367e-06
-8.66241e-06
-8.91944e-06
-9.17621e-06
-9.43397e-06
-9.69378e-06
-9.95672e-06
-1.02236e-05
-1.0495e-05
-1.07716e-05
-1.10536e-05
-1.13412e-05
-1.16346e-05
-1.19337e-05
-1.22383e-05
2.10674e-07
-6.65754e-08
-3.41281e-07
-6.13815e-07
-8.84622e-07
-1.15412e-06
-1.42272e-06
-1.69086e-06
-1.95901e-06
-2.22772e-06
-2.49756e-06
-2.76919e-06
-3.0433e-06
-3.32065e-06
-3.60207e-06
-3.88844e-06
-4.18078e-06
-4.48015e-06
-4.78782e-06
-5.10508e-06
-5.43353e-06
-5.77476e-06
-6.11851e-06
-6.45079e-06
-6.76925e-06
-7.0757e-06
-7.37176e-06
-7.659e-06
-7.93902e-06
-8.21331e-06
-8.48332e-06
-8.75038e-06
-9.01575e-06
-9.28058e-06
-9.54596e-06
-9.81308e-06
-1.00825e-05
-1.03549e-05
-1.06309e-05
-1.09112e-05
-1.1196e-05
-1.14855e-05
-1.178e-05
-1.20795e-05
-1.23838e-05
3.04248e-07
1.50315e-08
-2.71494e-07
-5.55659e-07
-8.37834e-07
-1.11836e-06
-1.39757e-06
-1.67585e-06
-1.95362e-06
-2.23134e-06
-2.50953e-06
-2.78878e-06
-3.06969e-06
-3.35294e-06
-3.63927e-06
-3.9295e-06
-4.22454e-06
-4.52537e-06
-4.83314e-06
-5.14904e-06
-5.47456e-06
-5.8111e-06
-6.14967e-06
-6.47819e-06
-6.79469e-06
-7.10077e-06
-7.39783e-06
-7.68732e-06
-7.97063e-06
-8.24907e-06
-8.52386e-06
-8.79615e-06
-9.067e-06
-9.33737e-06
-9.60824e-06
-9.88058e-06
-1.01549e-05
-1.04318e-05
-1.07119e-05
-1.09957e-05
-1.12836e-05
-1.15757e-05
-1.18723e-05
-1.21735e-05
-1.24792e-05
3.65428e-07
6.6258e-08
-2.30009e-07
-5.23666e-07
-8.15013e-07
-1.10433e-06
-1.39189e-06
-1.67803e-06
-1.96313e-06
-2.2476e-06
-2.53191e-06
-2.81655e-06
-3.10209e-06
-3.38914e-06
-3.67837e-06
-3.9705e-06
-4.26639e-06
-4.5669e-06
-4.8731e-06
-5.18606e-06
-5.50716e-06
-5.83764e-06
-6.16966e-06
-6.49298e-06
-6.80594e-06
-7.10986e-06
-7.40601e-06
-7.6957e-06
-7.9802e-06
-8.26063e-06
-8.53808e-06
-8.81354e-06
-9.08794e-06
-9.36211e-06
-9.63683e-06
-9.91304e-06
-1.01912e-05
-1.04719e-05
-1.07556e-05
-1.10427e-05
-1.13337e-05
-1.16288e-05
-1.19281e-05
-1.22318e-05
-1.254e-05
4.0411e-07
9.66253e-08
-2.07707e-07
-5.09143e-07
-8.07921e-07
-1.10427e-06
-1.39843e-06
-1.69069e-06
-1.9814e-06
-2.27093e-06
-2.55969e-06
-2.84813e-06
-3.13677e-06
-3.42614e-06
-3.71687e-06
-4.00962e-06
-4.30515e-06
-4.60425e-06
-4.9079e-06
-5.21705e-06
-5.53299e-06
-5.85675e-06
-6.18165e-06
-6.49909e-06
-6.80764e-06
-7.10838e-06
-7.40249e-06
-7.69117e-06
-7.97554e-06
-8.25661e-06
-8.53534e-06
-8.81259e-06
-9.08922e-06
-9.36602e-06
-9.64351e-06
-9.92265e-06
-1.02039e-05
-1.04876e-05
-1.07744e-05
-1.10647e-05
-1.13588e-05
-1.1657e-05
-1.19594e-05
-1.22662e-05
-1.25774e-05
4.27549e-07
1.13079e-07
-1.97973e-07
-5.05824e-07
-8.10664e-07
-1.11268e-06
-1.41209e-06
-1.70917e-06
-2.00421e-06
-2.29754e-06
-2.58956e-06
-2.88066e-06
-3.17132e-06
-3.46203e-06
-3.75336e-06
-4.0459e-06
-4.34035e-06
-4.63743e-06
-4.93803e-06
-5.24299e-06
-5.5535e-06
-5.87043e-06
-6.18813e-06
-6.49951e-06
-6.80327e-06
-7.10035e-06
-7.39184e-06
-7.67882e-06
-7.9623e-06
-8.24319e-06
-8.52232e-06
-8.80048e-06
-9.0784e-06
-9.35675e-06
-9.63654e-06
-9.91798e-06
-1.02016e-05
-1.0488e-05
-1.07776e-05
-1.10708e-05
-1.13678e-05
-1.1669e-05
-1.19746e-05
-1.22847e-05
-1.25993e-05
4.40928e-07
1.20545e-07
-1.96152e-07
-5.09342e-07
-8.19175e-07
-1.12581e-06
-1.42946e-06
-1.73035e-06
-2.02877e-06
-2.32502e-06
-2.61944e-06
-2.91241e-06
-3.20437e-06
-3.49576e-06
-3.78711e-06
-4.07897e-06
-4.37196e-06
-4.66673e-06
-4.9641e-06
-5.2648e-06
-5.56996e-06
-5.88026e-06
-6.191e-06
-6.49643e-06
-6.79538e-06
-7.08867e-06
-7.3773e-06
-7.66225e-06
-7.94443e-06
-8.22464e-06
-8.50366e-06
-8.78219e-06
-9.06092e-06
-9.34048e-06
-9.6217e-06
-9.90492e-06
-1.01906e-05
-1.04792e-05
-1.07712e-05
-1.1067e-05
-1.13668e-05
-1.1671e-05
-1.19797e-05
-1.22931e-05
-1.26112e-05
4.47839e-07
1.22407e-07
-1.99076e-07
-5.16754e-07
-8.3075e-07
-1.14121e-06
-1.44832e-06
-1.75229e-06
-2.05339e-06
-2.35189e-06
-2.64812e-06
-2.94242e-06
-3.2352e-06
-3.52687e-06
-3.81791e-06
-4.10882e-06
-4.40018e-06
-4.69258e-06
-4.98675e-06
-5.28334e-06
-5.58338e-06
-5.88742e-06
-6.19165e-06
-6.49143e-06
-6.78574e-06
-7.07531e-06
-7.36107e-06
-7.64389e-06
-7.92457e-06
-8.20386e-06
-8.48246e-06
-8.76103e-06
-9.04018e-06
-9.32052e-06
-9.60281e-06
-9.88747e-06
-1.01748e-05
-1.04653e-05
-1.07594e-05
-1.10576e-05
-1.136e-05
-1.1667e-05
-1.19787e-05
-1.22952e-05
-1.26168e-05
4.50699e-07
1.20918e-07
-2.0466e-07
-5.26154e-07
-8.43663e-07
-1.15732e-06
-1.4673e-06
-1.77381e-06
-2.07707e-06
-2.37736e-06
-2.67498e-06
-2.97025e-06
-3.26353e-06
-3.55523e-06
-3.84578e-06
-4.13565e-06
-4.42535e-06
-4.71542e-06
-5.00654e-06
-5.29927e-06
-5.59455e-06
-5.89282e-06
-6.19103e-06
-6.48557e-06
-6.77553e-06
-7.06158e-06
-7.34457e-06
-7.62527e-06
-7.90441e-06
-8.18267e-06
-8.46069e-06
-8.73911e-06
-9.01844e-06
-9.29926e-06
-9.58239e-06
-9.86823e-06
-1.01569e-05
-1.0449e-05
-1.07451e-05
-1.10453e-05
-1.135e-05
-1.16596e-05
-1.19741e-05
-1.22936e-05
-1.26184e-05
4.51094e-07
1.17537e-07
-2.1158e-07
-5.3635e-07
-8.56861e-07
-1.17324e-06
-1.48564e-06
-1.79426e-06
-2.09931e-06
-2.40105e-06
-2.69975e-06
-2.99574e-06
-3.28934e-06
-3.58093e-06
-3.87091e-06
-4.1597e-06
-4.4478e-06
-4.73569e-06
-5.02396e-06
-5.31313e-06
-5.60404e-06
-5.89704e-06
-6.18978e-06
-6.47951e-06
-6.76547e-06
-7.04827e-06
-7.32866e-06
-7.60734e-06
-7.88496e-06
-8.16217e-06
-8.43955e-06
-8.71771e-06
-8.99711e-06
-9.27811e-06
-9.56202e-06
-9.84879e-06
-1.01386e-05
-1.04321e-05
-1.07298e-05
-1.10319e-05
-1.13387e-05
-1.16505e-05
-1.19676e-05
-1.22899e-05
-1.26177e-05
4.50039e-07
1.13179e-07
-2.19019e-07
-5.46631e-07
-8.69734e-07
-1.18845e-06
-1.50292e-06
-1.81332e-06
-2.11987e-06
-2.42281e-06
-2.7224e-06
-3.01892e-06
-3.31272e-06
-3.60412e-06
-3.8935e-06
-4.18127e-06
-4.46786e-06
-4.75372e-06
-5.03939e-06
-5.32532e-06
-5.61227e-06
-5.90051e-06
-6.1883e-06
-6.47366e-06
-6.75599e-06
-7.0358e-06
-7.3138e-06
-7.59059e-06
-7.86679e-06
-8.14297e-06
-8.41968e-06
-8.69755e-06
-8.97677e-06
-9.25802e-06
-9.5426e-06
-9.83005e-06
-1.01208e-05
-1.04155e-05
-1.07146e-05
-1.10183e-05
-1.1327e-05
-1.16409e-05
-1.19603e-05
-1.22851e-05
-1.26157e-05
4.48176e-07
1.08415e-07
-2.2648e-07
-5.56571e-07
-8.8193e-07
-1.20266e-06
-1.51892e-06
-1.83086e-06
-2.13868e-06
-2.44263e-06
-2.74294e-06
-3.03989e-06
-3.3338e-06
-3.62498e-06
-3.91378e-06
-4.20058e-06
-4.48579e-06
-4.7698e-06
-5.05311e-06
-5.33611e-06
-5.61951e-06
-5.90347e-06
-6.1868e-06
-6.46824e-06
-6.74728e-06
-7.0244e-06
-7.30021e-06
-7.57528e-06
-7.85014e-06
-8.12535e-06
-8.40142e-06
-8.6789e-06
-8.95788e-06
-9.23953e-06
-9.52451e-06
-9.81248e-06
-1.0104e-05
-1.03998e-05
-1.07001e-05
-1.10052e-05
-1.13156e-05
-1.16313e-05
-1.19527e-05
-1.22799e-05
-1.26129e-05
4.45907e-07
1.03599e-07
-2.33657e-07
-5.65914e-07
-8.93237e-07
-1.21573e-06
-1.53352e-06
-1.84679e-06
-2.1557e-06
-2.4605e-06
-2.76141e-06
-3.05871e-06
-3.35268e-06
-3.64363e-06
-3.93189e-06
-4.2178e-06
-4.50175e-06
-4.78409e-06
-5.06529e-06
-5.34567e-06
-5.6259e-06
-5.90605e-06
-6.18541e-06
-6.46334e-06
-6.73944e-06
-7.01415e-06
-7.288e-06
-7.56151e-06
-7.83516e-06
-8.10947e-06
-8.38492e-06
-8.662e-06
-8.94086e-06
-9.22273e-06
-9.50794e-06
-9.79638e-06
-1.00886e-05
-1.03853e-05
-1.06866e-05
-1.0993e-05
-1.13048e-05
-1.16222e-05
-1.19454e-05
-1.22745e-05
-1.26097e-05
4.43431e-07
9.88644e-08
-2.40476e-07
-5.74639e-07
-9.03685e-07
-1.22771e-06
-1.54685e-06
-1.86126e-06
-2.17112e-06
-2.47664e-06
-2.77806e-06
-3.07564e-06
-3.36964e-06
-3.66036e-06
-3.94812e-06
-4.23322e-06
-4.51603e-06
-4.79688e-06
-5.07618e-06
-5.35424e-06
-5.63164e-06
-5.90838e-06
-6.18416e-06
-6.45893e-06
-6.73243e-06
-7.00498e-06
-7.27707e-06
-7.54916e-06
-7.82172e-06
-8.09521e-06
-8.3701e-06
-8.64681e-06
-8.92558e-06
-9.20751e-06
-9.4929e-06
-9.78176e-06
-1.00746e-05
-1.0372e-05
-1.06742e-05
-1.09817e-05
-1.12947e-05
-1.16135e-05
-1.19383e-05
-1.22692e-05
-1.26064e-05
4.40724e-07
9.40372e-08
-2.47252e-07
-5.83192e-07
-9.1384e-07
-1.23929e-06
-1.55967e-06
-1.87513e-06
-2.18585e-06
-2.49204e-06
-2.79391e-06
-3.09172e-06
-3.38574e-06
-3.67622e-06
-3.96348e-06
-4.24781e-06
-4.52954e-06
-4.80897e-06
-5.08649e-06
-5.36236e-06
-5.6371e-06
-5.91063e-06
-6.18299e-06
-6.45478e-06
-6.72582e-06
-6.99635e-06
-7.26678e-06
-7.53752e-06
-7.80903e-06
-8.08173e-06
-8.35607e-06
-8.63242e-06
-8.91106e-06
-9.19298e-06
-9.47856e-06
-9.76778e-06
-1.00612e-05
-1.03592e-05
-1.06623e-05
-1.09707e-05
-1.12849e-05
-1.1605e-05
-1.19313e-05
-1.22638e-05
-1.26028e-05
4.3799e-07
8.9279e-08
-2.53898e-07
-5.91575e-07
-9.238e-07
-1.25066e-06
-1.57227e-06
-1.88878e-06
-2.20036e-06
-2.50721e-06
-2.80953e-06
-3.10758e-06
-3.40159e-06
-3.69183e-06
-3.97859e-06
-4.26214e-06
-4.54278e-06
-4.82079e-06
-5.09652e-06
-5.3702e-06
-5.64232e-06
-5.91274e-06
-6.18197e-06
-6.45093e-06
-6.7195e-06
-6.98796e-06
-7.25673e-06
-7.52615e-06
-7.79661e-06
-8.06851e-06
-8.34227e-06
-8.61826e-06
-8.89673e-06
-9.17864e-06
-9.46439e-06
-9.75396e-06
-1.00478e-05
-1.03465e-05
-1.06504e-05
-1.09598e-05
-1.12752e-05
-1.15966e-05
-1.19243e-05
-1.22585e-05
-1.25993e-05
-4.42256e-06
-9.95325e-06
-1.06563e-05
-1.10824e-05
-1.17196e-05
-1.24956e-05
-1.33785e-05
-1.43495e-05
-1.53987e-05
-1.65229e-05
-1.77226e-05
-1.90012e-05
-2.03659e-05
-2.1829e-05
-2.34092e-05
-1.8862e-06
-7.1294e-06
-9.12036e-06
-1.0298e-05
-1.12997e-05
-1.22549e-05
-1.32332e-05
-1.42595e-05
-1.53424e-05
-1.64874e-05
-1.76998e-05
-1.89857e-05
-2.03539e-05
-2.18177e-05
-2.33965e-05
-3.76601e-07
-5.25465e-06
-7.93066e-06
-9.59519e-06
-1.08857e-05
-1.201e-05
-1.30852e-05
-1.41688e-05
-1.52864e-05
-1.64528e-05
-1.76779e-05
-1.89709e-05
-2.03422e-05
-2.18064e-05
-2.33833e-05
1.84691e-07
-4.08504e-06
-6.98681e-06
-8.96079e-06
-1.04801e-05
-1.17615e-05
-1.29352e-05
-1.40785e-05
-1.52324e-05
-1.64206e-05
-1.76584e-05
-1.89581e-05
-2.03321e-05
-2.17959e-05
-2.33702e-05
3.15115e-07
-3.19861e-06
-6.09823e-06
-8.29539e-06
-1.00263e-05
-1.14716e-05
-1.27575e-05
-1.39722e-05
-1.51702e-05
-1.63848e-05
-1.76376e-05
-1.8945e-05
-2.03217e-05
-2.17849e-05
-2.33559e-05
3.17823e-07
-2.60269e-06
-5.32026e-06
-7.6136e-06
-9.51344e-06
-1.11194e-05
-1.25308e-05
-1.38327e-05
-1.50874e-05
-1.63369e-05
-1.761e-05
-1.8928e-05
-2.03088e-05
-2.17716e-05
-2.33389e-05
1.72239e-07
-2.2714e-06
-4.72506e-06
-6.98578e-06
-8.97623e-06
-1.07115e-05
-1.22461e-05
-1.3646e-05
-1.49705e-05
-1.62661e-05
-1.75676e-05
-1.89013e-05
-2.02892e-05
-2.1753e-05
-2.33167e-05
-1.39163e-07
-2.18838e-06
-4.35269e-06
-6.48393e-06
-8.47449e-06
-1.02822e-05
-1.19149e-05
-1.3409e-05
-1.48101e-05
-1.61616e-05
-1.75005e-05
-1.8857e-05
-2.02566e-05
-2.1724e-05
-2.32854e-05
-5.93051e-07
-2.32121e-06
-4.20677e-06
-6.15453e-06
-8.0682e-06
-9.88175e-06
-1.15689e-05
-1.31356e-05
-1.46076e-05
-1.60181e-05
-1.74007e-05
-1.87864e-05
-2.02031e-05
-2.16779e-05
-2.32388e-05
-1.16315e-06
-2.63202e-06
-4.26732e-06
-6.01329e-06
-7.79882e-06
-9.55852e-06
-1.1249e-05
-1.28536e-05
-1.43774e-05
-1.58395e-05
-1.72657e-05
-1.86838e-05
-2.01215e-05
-2.1607e-05
-2.31696e-05
-1.82844e-06
-3.08708e-06
-4.50536e-06
-6.05337e-06
-7.68468e-06
-9.34653e-06
-1.09933e-05
-1.25955e-05
-1.41424e-05
-1.56389e-05
-1.71003e-05
-1.85482e-05
-2.00073e-05
-2.15048e-05
-2.30702e-05
-2.57403e-06
-3.66046e-06
-4.89291e-06
-6.25742e-06
-7.72662e-06
-9.26344e-06
-1.08289e-05
-1.23904e-05
-1.39279e-05
-1.54344e-05
-1.69151e-05
-1.83836e-05
-1.98595e-05
-2.13669e-05
-2.29337e-05
-3.38951e-06
-4.33319e-06
-5.40687e-06
-6.60593e-06
-7.91617e-06
-9.3145e-06
-1.07722e-05
-1.22605e-05
-1.37561e-05
-1.5245e-05
-1.67235e-05
-1.81975e-05
-1.96801e-05
-2.11908e-05
-2.27542e-05
-4.266e-06
-5.09023e-06
-6.0281e-06
-7.08019e-06
-8.24069e-06
-9.4971e-06
-1.08311e-05
-1.22209e-05
-1.36454e-05
-1.50881e-05
-1.65396e-05
-1.79989e-05
-1.9473e-05
-2.09756e-05
-2.25266e-05
-5.1937e-06
-5.91742e-06
-6.73906e-06
-7.66184e-06
-8.6849e-06
-9.80294e-06
-1.1006e-05
-1.22802e-05
-1.36095e-05
-1.49788e-05
-1.63767e-05
-1.77977e-05
-1.92432e-05
-2.07213e-05
-2.22465e-05
-6.16059e-06
-6.79955e-06
-7.52181e-06
-8.33167e-06
-9.23089e-06
-1.02186e-05
-1.12907e-05
-1.24401e-05
-1.36566e-05
-1.49293e-05
-1.62476e-05
-1.76046e-05
-1.89977e-05
-2.04302e-05
-2.19111e-05
-7.15322e-06
-7.72055e-06
-8.35784e-06
-9.06951e-06
-9.85845e-06
-1.07261e-05
-1.16723e-05
-1.26946e-05
-1.37882e-05
-1.49466e-05
-1.61626e-05
-1.743e-05
-1.87449e-05
-2.01072e-05
-2.15211e-05
-8.15559e-06
-8.66236e-06
-9.22695e-06
-9.8534e-06
-1.05449e-05
-1.13038e-05
-1.2132e-05
-1.303e-05
-1.3997e-05
-1.50305e-05
-1.6127e-05
-1.72827e-05
-1.84944e-05
-1.97606e-05
-2.10821e-05
-9.14643e-06
-9.60194e-06
-1.01043e-05
-1.0657e-05
-1.12628e-05
-1.19243e-05
-1.26443e-05
-1.34247e-05
-1.4267e-05
-1.51718e-05
-1.61387e-05
-1.71666e-05
-1.82543e-05
-1.94007e-05
-2.06051e-05
-1.01062e-05
-1.0518e-05
-1.09667e-05
-1.1455e-05
-1.19854e-05
-1.25602e-05
-1.31821e-05
-1.38538e-05
-1.45776e-05
-1.53559e-05
-1.61904e-05
-1.70823e-05
-1.80324e-05
-1.90412e-05
-2.01081e-05
-1.09403e-05
-1.13177e-05
-1.17239e-05
-1.21608e-05
-1.26301e-05
-1.31339e-05
-1.36746e-05
-1.42546e-05
-1.48768e-05
-1.55437e-05
-1.62583e-05
-1.7023e-05
-1.78402e-05
-1.87119e-05
-1.96391e-05
-1.15829e-05
-1.19361e-05
-1.23115e-05
-1.27106e-05
-1.31348e-05
-1.3586e-05
-1.40661e-05
-1.45773e-05
-1.51221e-05
-1.57032e-05
-1.63237e-05
-1.69865e-05
-1.7695e-05
-1.8452e-05
-1.92601e-05
-1.2027e-05
-1.2364e-05
-1.27189e-05
-1.30926e-05
-1.34866e-05
-1.39021e-05
-1.43409e-05
-1.48048e-05
-1.52961e-05
-1.58172e-05
-1.63711e-05
-1.69608e-05
-1.75897e-05
-1.82614e-05
-1.89792e-05
-1.23366e-05
-1.26637e-05
-1.30055e-05
-1.33627e-05
-1.37365e-05
-1.41281e-05
-1.45389e-05
-1.49705e-05
-1.54247e-05
-1.5904e-05
-1.64107e-05
-1.6948e-05
-1.75192e-05
-1.81278e-05
-1.87775e-05
-1.25498e-05
-1.28714e-05
-1.32054e-05
-1.35524e-05
-1.39134e-05
-1.42893e-05
-1.46815e-05
-1.50913e-05
-1.55203e-05
-1.59706e-05
-1.64444e-05
-1.69445e-05
-1.74739e-05
-1.80361e-05
-1.86349e-05
-1.26943e-05
-1.30136e-05
-1.33436e-05
-1.36849e-05
-1.40383e-05
-1.44046e-05
-1.4785e-05
-1.51806e-05
-1.55928e-05
-1.60234e-05
-1.64743e-05
-1.69481e-05
-1.74474e-05
-1.79755e-05
-1.85358e-05
-1.27905e-05
-1.31099e-05
-1.34386e-05
-1.37775e-05
-1.4127e-05
-1.44881e-05
-1.48615e-05
-1.52482e-05
-1.56496e-05
-1.6067e-05
-1.65022e-05
-1.69574e-05
-1.74349e-05
-1.79376e-05
-1.84684e-05
-1.28535e-05
-1.31744e-05
-1.35039e-05
-1.38425e-05
-1.41909e-05
-1.45496e-05
-1.49194e-05
-1.5301e-05
-1.56957e-05
-1.61045e-05
-1.6529e-05
-1.6971e-05
-1.74324e-05
-1.79158e-05
-1.84238e-05
-1.28939e-05
-1.32173e-05
-1.35488e-05
-1.38888e-05
-1.42377e-05
-1.4596e-05
-1.49644e-05
-1.53436e-05
-1.57343e-05
-1.61377e-05
-1.65548e-05
-1.69873e-05
-1.74368e-05
-1.79054e-05
-1.83952e-05
-1.29192e-05
-1.32458e-05
-1.358e-05
-1.39222e-05
-1.42727e-05
-1.4632e-05
-1.50005e-05
-1.53788e-05
-1.57675e-05
-1.61675e-05
-1.65796e-05
-1.70053e-05
-1.74457e-05
-1.79025e-05
-1.83776e-05
-1.29347e-05
-1.32647e-05
-1.3602e-05
-1.39469e-05
-1.42997e-05
-1.46607e-05
-1.50302e-05
-1.54086e-05
-1.57965e-05
-1.61944e-05
-1.66032e-05
-1.70237e-05
-1.7457e-05
-1.79045e-05
-1.83674e-05
-1.29438e-05
-1.32773e-05
-1.36178e-05
-1.39656e-05
-1.4321e-05
-1.4684e-05
-1.5055e-05
-1.54342e-05
-1.5822e-05
-1.62189e-05
-1.66252e-05
-1.70419e-05
-1.74695e-05
-1.79092e-05
-1.8362e-05
-1.29488e-05
-1.32856e-05
-1.36293e-05
-1.39801e-05
-1.43381e-05
-1.47034e-05
-1.50761e-05
-1.54564e-05
-1.58446e-05
-1.62408e-05
-1.66455e-05
-1.70591e-05
-1.74821e-05
-1.79154e-05
-1.83595e-05
-1.29513e-05
-1.32912e-05
-1.3638e-05
-1.39916e-05
-1.43521e-05
-1.47196e-05
-1.50941e-05
-1.54757e-05
-1.58645e-05
-1.62605e-05
-1.6664e-05
-1.70751e-05
-1.74943e-05
-1.79221e-05
-1.83587e-05
-1.29521e-05
-1.3295e-05
-1.36445e-05
-1.40007e-05
-1.43637e-05
-1.47334e-05
-1.51097e-05
-1.54925e-05
-1.5882e-05
-1.62779e-05
-1.66805e-05
-1.70897e-05
-1.75056e-05
-1.79287e-05
-1.83589e-05
-1.29519e-05
-1.32974e-05
-1.36495e-05
-1.40082e-05
-1.43734e-05
-1.4745e-05
-1.5123e-05
-1.55071e-05
-1.58973e-05
-1.62933e-05
-1.66952e-05
-1.71027e-05
-1.75159e-05
-1.79349e-05
-1.83595e-05
-1.29511e-05
-1.3299e-05
-1.36533e-05
-1.40142e-05
-1.43815e-05
-1.47549e-05
-1.51344e-05
-1.55197e-05
-1.59106e-05
-1.63068e-05
-1.67081e-05
-1.71143e-05
-1.75251e-05
-1.79406e-05
-1.83603e-05
-1.29499e-05
-1.32999e-05
-1.36563e-05
-1.40192e-05
-1.43883e-05
-1.47634e-05
-1.51443e-05
-1.55307e-05
-1.59222e-05
-1.63186e-05
-1.67194e-05
-1.71245e-05
-1.75333e-05
-1.79457e-05
-1.83611e-05
-1.29483e-05
-1.33003e-05
-1.36587e-05
-1.40235e-05
-1.43944e-05
-1.47711e-05
-1.51533e-05
-1.55407e-05
-1.59329e-05
-1.63295e-05
-1.673e-05
-1.7134e-05
-1.75409e-05
-1.79505e-05
-1.83618e-05
-1.29466e-05
-1.33005e-05
-1.36607e-05
-1.40272e-05
-1.43997e-05
-1.4778e-05
-1.51615e-05
-1.555e-05
-1.59429e-05
-1.63397e-05
-1.67399e-05
-1.71429e-05
-1.75481e-05
-1.79549e-05
-1.83626e-05
-4.16978e-06
-4.16943e-06
-4.17324e-06
-4.18052e-06
-4.19063e-06
-4.20291e-06
-4.21709e-06
-4.23301e-06
-4.25059e-06
-4.26989e-06
-4.291e-06
-4.31406e-06
-4.33922e-06
-4.36653e-06
-4.39601e-06
-4.42749e-06
-4.46065e-06
-4.49489e-06
-4.5292e-06
-4.56202e-06
-4.59116e-06
-4.61374e-06
-4.62401e-06
-4.61507e-06
-4.58156e-06
-4.51854e-06
-4.42155e-06
-4.28759e-06
-4.11627e-06
-3.91045e-06
-3.67184e-06
-3.40597e-06
-3.12999e-06
-2.86006e-06
-2.61199e-06
-2.40008e-06
-2.23681e-06
-2.13006e-06
-2.08074e-06
-2.08235e-06
-2.12196e-06
-2.18255e-06
-2.24773e-06
-2.29571e-06
-2.31559e-06
-4.16435e-06
-4.16472e-06
-4.16784e-06
-4.17313e-06
-4.1801e-06
-4.18872e-06
-4.19873e-06
-4.21004e-06
-4.22262e-06
-4.23652e-06
-4.25182e-06
-4.2686e-06
-4.28698e-06
-4.30703e-06
-4.32881e-06
-4.35231e-06
-4.37735e-06
-4.40357e-06
-4.43023e-06
-4.45607e-06
-4.47906e-06
-4.49619e-06
-4.50163e-06
-4.4893e-06
-4.45458e-06
-4.39307e-06
-4.30093e-06
-4.1757e-06
-4.01677e-06
-3.82556e-06
-3.60677e-06
-3.37197e-06
-3.13163e-06
-2.89668e-06
-2.68088e-06
-2.49858e-06
-2.36032e-06
-2.27092e-06
-2.22897e-06
-2.22727e-06
-2.25435e-06
-2.29699e-06
-2.34277e-06
-2.3819e-06
-2.40817e-06
-4.15063e-06
-4.15339e-06
-4.15748e-06
-4.16285e-06
-4.16935e-06
-4.17686e-06
-4.1853e-06
-4.19463e-06
-4.2049e-06
-4.21617e-06
-4.22854e-06
-4.24216e-06
-4.25716e-06
-4.27372e-06
-4.29204e-06
-4.31233e-06
-4.33479e-06
-4.35959e-06
-4.38676e-06
-4.41603e-06
-4.4466e-06
-4.47655e-06
-4.50019e-06
-4.51021e-06
-4.50027e-06
-4.46394e-06
-4.39529e-06
-4.29007e-06
-4.1465e-06
-3.96565e-06
-3.75148e-06
-3.5139e-06
-3.26534e-06
-3.02004e-06
-2.79341e-06
-2.60003e-06
-2.45117e-06
-2.35276e-06
-2.30434e-06
-2.29934e-06
-2.32669e-06
-2.37324e-06
-2.42639e-06
-2.47834e-06
-2.52812e-06
-4.13273e-06
-4.13855e-06
-4.14422e-06
-4.15017e-06
-4.15661e-06
-4.16349e-06
-4.17083e-06
-4.17867e-06
-4.18714e-06
-4.19635e-06
-4.20649e-06
-4.21776e-06
-4.23042e-06
-4.24482e-06
-4.26143e-06
-4.28084e-06
-4.30389e-06
-4.33165e-06
-4.36542e-06
-4.40665e-06
-4.45661e-06
-4.51537e-06
-4.57673e-06
-4.6299e-06
-4.66474e-06
-4.67102e-06
-4.63903e-06
-4.5623e-06
-4.43782e-06
-4.26634e-06
-4.05271e-06
-3.80583e-06
-3.53926e-06
-3.26906e-06
-3.01287e-06
-2.78779e-06
-2.60804e-06
-2.48249e-06
-2.41324e-06
-2.39539e-06
-2.41847e-06
-2.4686e-06
-2.53155e-06
-2.59915e-06
-2.67245e-06
-4.11398e-06
-4.1232e-06
-4.13065e-06
-4.13747e-06
-4.14422e-06
-4.15093e-06
-4.15768e-06
-4.16462e-06
-4.17193e-06
-4.1798e-06
-4.18849e-06
-4.19831e-06
-4.20967e-06
-4.22316e-06
-4.23956e-06
-4.26006e-06
-4.28629e-06
-4.32059e-06
-4.36605e-06
-4.42649e-06
-4.50615e-06
-4.60798e-06
-4.72495e-06
-4.84018e-06
-4.93765e-06
-5.0015e-06
-5.01724e-06
-4.97748e-06
-4.87877e-06
-4.72104e-06
-4.50776e-06
-4.24875e-06
-3.95748e-06
-3.65152e-06
-3.35092e-06
-3.07629e-06
-2.84622e-06
-2.67444e-06
-2.56749e-06
-2.52365e-06
-2.53363e-06
-2.58258e-06
-2.65367e-06
-2.73705e-06
-2.8344e-06
-4.09724e-06
-4.10944e-06
-4.11865e-06
-4.12648e-06
-4.13378e-06
-4.14065e-06
-4.14724e-06
-4.15376e-06
-4.16045e-06
-4.16761e-06
-4.17556e-06
-4.18472e-06
-4.19568e-06
-4.20926e-06
-4.22666e-06
-4.24969e-06
-4.28099e-06
-4.32436e-06
-4.38506e-06
-4.46986e-06
-4.58658e-06
-4.74184e-06
-4.92743e-06
-5.11774e-06
-5.28849e-06
-5.41723e-06
-5.48914e-06
-5.49488e-06
-5.42835e-06
-5.29113e-06
-5.08186e-06
-4.81112e-06
-4.49318e-06
-4.14646e-06
-3.793e-06
-3.45693e-06
-3.162e-06
-2.92818e-06
-2.76819e-06
-2.6851e-06
-2.67193e-06
-2.71315e-06
-2.78891e-06
-2.88698e-06
-3.00917e-06
-4.08402e-06
-4.09886e-06
-4.1097e-06
-4.11855e-06
-4.1265e-06
-4.13371e-06
-4.14038e-06
-4.14678e-06
-4.15323e-06
-4.16006e-06
-4.1677e-06
-4.17667e-06
-4.18771e-06
-4.2019e-06
-4.22085e-06
-4.24703e-06
-4.28411e-06
-4.33753e-06
-4.41491e-06
-4.5263e-06
-4.68346e-06
-4.89707e-06
-5.15748e-06
-5.42798e-06
-5.67501e-06
-5.87545e-06
-6.01345e-06
-6.07251e-06
-6.04249e-06
-5.92087e-06
-5.71688e-06
-5.43796e-06
-5.09687e-06
-4.71166e-06
-4.30524e-06
-3.90453e-06
-3.53817e-06
-3.23282e-06
-3.00863e-06
-2.87505e-06
-2.82892e-06
-2.85501e-06
-2.93073e-06
-3.04138e-06
-3.18862e-06
-4.07546e-06
-4.09255e-06
-4.10484e-06
-4.11465e-06
-4.12328e-06
-4.13092e-06
-4.13778e-06
-4.14421e-06
-4.15058e-06
-4.15726e-06
-4.16475e-06
-4.17366e-06
-4.18487e-06
-4.19968e-06
-4.22009e-06
-4.24919e-06
-4.29168e-06
-4.3546e-06
-4.44803e-06
-4.58549e-06
-4.78285e-06
-5.05476e-06
-5.3909e-06
-5.74302e-06
-6.06926e-06
-6.34099e-06
-6.53539e-06
-6.63715e-06
-6.63938e-06
-6.54067e-06
-6.34699e-06
-6.0656e-06
-5.70845e-06
-5.29251e-06
-4.84038e-06
-4.3803e-06
-3.9446e-06
-3.56607e-06
-3.27262e-06
-3.08127e-06
-2.9943e-06
-2.9983e-06
-3.06889e-06
-3.1892e-06
-3.36069e-06
-4.07212e-06
-4.09114e-06
-4.1047e-06
-4.11541e-06
-4.12469e-06
-4.13275e-06
-4.13983e-06
-4.14631e-06
-4.15259e-06
-4.15909e-06
-4.16635e-06
-4.17505e-06
-4.18618e-06
-4.20121e-06
-4.22249e-06
-4.25364e-06
-4.30032e-06
-4.37108e-06
-4.47837e-06
-4.63927e-06
-4.87377e-06
-5.1995e-06
-5.60704e-06
-6.03531e-06
-6.43311e-06
-6.76609e-06
-7.00942e-06
-7.14904e-06
-7.17976e-06
-7.10105e-06
-6.91827e-06
-6.63854e-06
-6.27265e-06
-5.83584e-06
-5.34925e-06
-4.84082e-06
-4.34474e-06
-3.89845e-06
-3.53713e-06
-3.28567e-06
-3.1531e-06
-3.12949e-06
-3.19011e-06
-3.31668e-06
-3.5105e-06
-4.07421e-06
-4.09493e-06
-4.10963e-06
-4.12116e-06
-4.13104e-06
-4.13946e-06
-4.14669e-06
-4.15311e-06
-4.15916e-06
-4.16529e-06
-4.17205e-06
-4.18017e-06
-4.1907e-06
-4.20527e-06
-4.22646e-06
-4.25838e-06
-4.30749e-06
-4.38371e-06
-4.50171e-06
-4.6821e-06
-4.94897e-06
-5.32124e-06
-5.79245e-06
-6.2878e-06
-6.74646e-06
-7.12989e-06
-7.41254e-06
-7.5815e-06
-7.63321e-06
-7.56923e-06
-7.39542e-06
-7.11901e-06
-6.74971e-06
-6.30082e-06
-5.79121e-06
-5.24721e-06
-4.70305e-06
-4.19888e-06
-3.77609e-06
-3.4667e-06
-3.28714e-06
-3.23243e-06
-3.27902e-06
-3.40826e-06
-3.62165e-06
-4.08172e-06
-4.10402e-06
-4.11977e-06
-4.13205e-06
-4.14245e-06
-4.15113e-06
-4.15836e-06
-4.16454e-06
-4.1701e-06
-4.17553e-06
-4.18136e-06
-4.18836e-06
-4.19762e-06
-4.21085e-06
-4.23082e-06
-4.262e-06
-4.31157e-06
-4.3906e-06
-4.51568e-06
-4.71059e-06
-5.00327e-06
-5.41681e-06
-5.94104e-06
-6.49294e-06
-7.00104e-06
-7.42361e-06
-7.73477e-06
-7.92318e-06
-7.98753e-06
-7.93188e-06
-7.76317e-06
-7.48912e-06
-7.11866e-06
-6.66326e-06
-6.13933e-06
-5.57083e-06
-4.99053e-06
-4.43942e-06
-3.96453e-06
-3.6024e-06
-3.3771e-06
-3.28975e-06
-3.31928e-06
-3.44774e-06
-3.67738e-06
-4.09452e-06
-4.11837e-06
-4.13514e-06
-4.14812e-06
-4.15896e-06
-4.16777e-06
-4.1748e-06
-4.18046e-06
-4.18519e-06
-4.18947e-06
-4.19386e-06
-4.1991e-06
-4.2063e-06
-4.21723e-06
-4.23478e-06
-4.26371e-06
-4.31174e-06
-4.391e-06
-4.51968e-06
-4.72393e-06
-5.03531e-06
-5.48494e-06
-6.0528e-06
-6.64989e-06
-7.19641e-06
-7.64738e-06
-7.97691e-06
-8.17558e-06
-8.24461e-06
-8.19055e-06
-8.02186e-06
-7.74697e-06
-7.37442e-06
-6.91423e-06
-6.38055e-06
-5.7948e-06
-5.18735e-06
-4.59817e-06
-4.0813e-06
-3.67295e-06
-3.40453e-06
-3.28436e-06
-3.29478e-06
-3.41931e-06
-3.66167e-06
-4.11246e-06
-4.13794e-06
-4.15573e-06
-4.16939e-06
-4.18056e-06
-4.18933e-06
-4.19591e-06
-4.20073e-06
-4.20422e-06
-4.20685e-06
-4.20918e-06
-4.21196e-06
-4.21628e-06
-4.22393e-06
-4.23789e-06
-4.26313e-06
-4.30782e-06
-4.38497e-06
-4.51421e-06
-4.72322e-06
-5.04875e-06
-5.52622e-06
-6.12939e-06
-6.76204e-06
-7.33732e-06
-7.80744e-06
-8.14676e-06
-8.34785e-06
-8.41451e-06
-8.35561e-06
-8.18126e-06
-7.90073e-06
-7.52252e-06
-7.05567e-06
-6.51261e-06
-5.91257e-06
-5.28344e-06
-4.66199e-06
-4.10872e-06
-3.66121e-06
-3.35293e-06
-3.20063e-06
-3.19062e-06
-3.30847e-06
-3.56006e-06
-4.13543e-06
-4.16271e-06
-4.18157e-06
-4.19586e-06
-4.20727e-06
-4.2158e-06
-4.22165e-06
-4.22523e-06
-4.227e-06
-4.22742e-06
-4.22706e-06
-4.22665e-06
-4.22726e-06
-4.2307e-06
-4.24e-06
-4.26028e-06
-4.30007e-06
-4.37312e-06
-4.50041e-06
-4.71147e-06
-5.04652e-06
-5.54354e-06
-6.17476e-06
-6.83529e-06
-7.43134e-06
-7.91313e-06
-8.25538e-06
-8.45255e-06
-8.51085e-06
-8.44126e-06
-8.25538e-06
-7.9634e-06
-7.57402e-06
-7.09576e-06
-6.53994e-06
-5.92412e-06
-5.2747e-06
-4.62672e-06
-4.03601e-06
-3.55267e-06
-3.20842e-06
-3.0253e-06
-2.99403e-06
-3.10271e-06
-3.36027e-06
-4.16343e-06
-4.1927e-06
-4.21272e-06
-4.22763e-06
-4.23914e-06
-4.2472e-06
-4.25197e-06
-4.25388e-06
-4.25339e-06
-4.25101e-06
-4.24729e-06
-4.24296e-06
-4.23908e-06
-4.23745e-06
-4.24115e-06
-4.25539e-06
-4.28901e-06
-4.35639e-06
-4.47973e-06
-4.69061e-06
-5.03094e-06
-5.5414e-06
-6.1949e-06
-6.87667e-06
-7.48704e-06
-7.9747e-06
-8.3146e-06
-8.50279e-06
-8.54777e-06
-8.46221e-06
-8.259e-06
-7.94917e-06
-7.5419e-06
-7.04535e-06
-6.47053e-06
-5.83391e-06
-5.16105e-06
-4.48735e-06
-3.85874e-06
-3.33991e-06
-2.96175e-06
-2.74832e-06
-2.69478e-06
-2.79185e-06
-3.05243e-06
-4.19653e-06
-4.22806e-06
-4.24934e-06
-4.26482e-06
-4.27628e-06
-4.28358e-06
-4.28687e-06
-4.2866e-06
-4.28328e-06
-4.27745e-06
-4.2697e-06
-4.26076e-06
-4.25165e-06
-4.24421e-06
-4.2415e-06
-4.24885e-06
-4.27532e-06
-4.33585e-06
-4.45367e-06
-4.66215e-06
-5.00483e-06
-5.52489e-06
-6.19566e-06
-6.89319e-06
-7.51293e-06
-8.00172e-06
-8.33505e-06
-8.51058e-06
-8.53817e-06
-8.43192e-06
-8.2058e-06
-7.8715e-06
-7.43857e-06
-6.91569e-06
-6.31372e-06
-5.64884e-06
-4.94587e-06
-4.2415e-06
-3.57606e-06
-3.01878e-06
-2.60654e-06
-2.36215e-06
-2.28508e-06
-2.36803e-06
-2.629e-06
-4.23494e-06
-4.26903e-06
-4.29166e-06
-4.30765e-06
-4.31885e-06
-4.32503e-06
-4.32636e-06
-4.32334e-06
-4.31656e-06
-4.3066e-06
-4.29414e-06
-4.27994e-06
-4.26494e-06
-4.25103e-06
-4.24132e-06
-4.24112e-06
-4.25976e-06
-4.31261e-06
-4.4238e-06
-4.62825e-06
-4.97125e-06
-5.49808e-06
-6.18186e-06
-6.89093e-06
-7.51619e-06
-8.00283e-06
-8.32662e-06
-8.48636e-06
-8.49305e-06
-8.36184e-06
-8.10739e-06
-7.74195e-06
-7.27551e-06
-6.71734e-06
-6.0787e-06
-5.37605e-06
-4.63489e-06
-3.89195e-06
-3.18748e-06
-2.58876e-06
-2.13821e-06
-1.86141e-06
-1.75954e-06
-1.82569e-06
-2.08488e-06
-4.27898e-06
-4.31595e-06
-4.34003e-06
-4.35643e-06
-4.36708e-06
-4.3717e-06
-4.37049e-06
-4.36405e-06
-4.35307e-06
-4.33828e-06
-4.32042e-06
-4.30038e-06
-4.27892e-06
-4.258e-06
-4.24084e-06
-4.23269e-06
-4.24305e-06
-4.28773e-06
-4.3916e-06
-4.59099e-06
-4.93281e-06
-5.46418e-06
-6.1579e-06
-6.8753e-06
-7.50314e-06
-7.98512e-06
-8.29705e-06
-8.43851e-06
-8.42131e-06
-8.26122e-06
-7.97333e-06
-7.57022e-06
-7.06234e-06
-6.45966e-06
-5.77429e-06
-5.02363e-06
-4.23378e-06
-3.44171e-06
-2.69485e-06
-2.05073e-06
-1.55673e-06
-1.24381e-06
-1.11528e-06
-1.16107e-06
-1.41757e-06
-4.32913e-06
-4.36931e-06
-4.39491e-06
-4.41153e-06
-4.42125e-06
-4.42373e-06
-4.41926e-06
-4.40861e-06
-4.39264e-06
-4.37223e-06
-4.34829e-06
-4.32183e-06
-4.29353e-06
-4.26519e-06
-4.24028e-06
-4.22396e-06
-4.22586e-06
-4.26215e-06
-4.35835e-06
-4.5521e-06
-4.89173e-06
-5.42603e-06
-6.12735e-06
-6.85065e-06
-7.47883e-06
-7.95419e-06
-8.25242e-06
-8.37356e-06
-8.32987e-06
-8.13735e-06
-7.8112e-06
-7.36418e-06
-6.80711e-06
-6.15077e-06
-5.40844e-06
-4.59896e-06
-3.7499e-06
-2.89978e-06
-2.09847e-06
-1.40282e-06
-8.64393e-07
-5.10041e-07
-3.51664e-07
-3.72171e-07
-6.25952e-07
-4.38598e-06
-4.42973e-06
-4.45687e-06
-4.47344e-06
-4.48168e-06
-4.48127e-06
-4.47267e-06
-4.45688e-06
-4.43502e-06
-4.40818e-06
-4.37755e-06
-4.34406e-06
-4.30845e-06
-4.27259e-06
-4.23981e-06
-4.21528e-06
-4.20874e-06
-4.23661e-06
-4.32515e-06
-4.51295e-06
-4.84979e-06
-5.38587e-06
-6.09302e-06
-6.82033e-06
-7.44713e-06
-7.91434e-06
-8.1974e-06
-8.2965e-06
-8.224e-06
-7.99582e-06
-7.62698e-06
-7.13019e-06
-6.5166e-06
-5.79779e-06
-4.98846e-06
-4.1093e-06
-3.18997e-06
-2.27123e-06
-1.40497e-06
-6.50037e-07
-6.13876e-08
3.38243e-07
5.31695e-07
5.35086e-07
2.94105e-07
-4.45031e-06
-4.49798e-06
-4.52663e-06
-4.54271e-06
-4.54874e-06
-4.54448e-06
-4.53065e-06
-4.50862e-06
-4.47985e-06
-4.44578e-06
-4.40774e-06
-4.36666e-06
-4.32349e-06
-4.2801e-06
-4.23948e-06
-4.20689e-06
-4.19209e-06
-4.21181e-06
-4.29279e-06
-4.47463e-06
-4.80835e-06
-5.34541e-06
-6.05702e-06
-6.78685e-06
-7.41089e-06
-7.86873e-06
-8.13539e-06
-8.21099e-06
-8.10763e-06
-7.84088e-06
-7.42533e-06
-6.87343e-06
-6.19655e-06
-5.40709e-06
-4.52125e-06
-3.5619e-06
-2.56125e-06
-1.56287e-06
-6.21311e-07
2.02102e-07
8.49079e-07
1.2964e-06
1.52953e-06
1.55645e-06
1.34148e-06
-4.52306e-06
-4.57503e-06
-4.60501e-06
-4.61998e-06
-4.62281e-06
-4.61346e-06
-4.59306e-06
-4.56349e-06
-4.52669e-06
-4.48443e-06
-4.43829e-06
-4.38925e-06
-4.33844e-06
-4.28749e-06
-4.23922e-06
-4.19888e-06
-4.17621e-06
-4.18814e-06
-4.26189e-06
-4.43793e-06
-4.76842e-06
-5.3059e-06
-6.02088e-06
-6.75203e-06
-7.37217e-06
-7.81964e-06
-8.06886e-06
-8.11966e-06
-7.98366e-06
-7.67579e-06
-7.20997e-06
-6.59826e-06
-5.85207e-06
-4.98458e-06
-4.01356e-06
-2.96419e-06
-1.87159e-06
-7.82599e-07
2.44926e-07
1.14663e-06
1.85991e-06
2.35875e-06
2.63462e-06
2.68659e-06
2.50999e-06
-4.60542e-06
-4.66205e-06
-4.69304e-06
-4.70598e-06
-4.70429e-06
-4.68826e-06
-4.65966e-06
-4.62105e-06
-4.57494e-06
-4.52352e-06
-4.46865e-06
-4.41141e-06
-4.35287e-06
-4.29448e-06
-4.23891e-06
-4.19126e-06
-4.16123e-06
-4.16589e-06
-4.23285e-06
-4.40339e-06
-4.73067e-06
-5.26819e-06
-5.98566e-06
-6.71711e-06
-7.33241e-06
-7.76861e-06
-7.99951e-06
-8.02442e-06
-7.85424e-06
-7.50306e-06
-6.98397e-06
-6.30844e-06
-5.48782e-06
-4.53597e-06
-3.47219e-06
-2.32402e-06
-1.12961e-06
6.05827e-08
1.18496e-06
2.17549e-06
2.96281e-06
3.51995e-06
3.84575e-06
3.93025e-06
3.78823e-06
-4.69885e-06
-4.76045e-06
-4.7919e-06
-4.80152e-06
-4.79353e-06
-4.76884e-06
-4.73008e-06
-4.68071e-06
-4.62392e-06
-4.56239e-06
-4.49822e-06
-4.43254e-06
-4.36631e-06
-4.30077e-06
-4.23834e-06
-4.18395e-06
-4.14718e-06
-4.1452e-06
-4.20591e-06
-4.37135e-06
-4.69553e-06
-5.23283e-06
-5.95205e-06
-6.68291e-06
-7.29254e-06
-7.71672e-06
-7.92853e-06
-7.9266e-06
-7.72097e-06
-7.32471e-06
-6.74992e-06
-6.00736e-06
-5.10823e-06
-4.06693e-06
-2.90415e-06
-1.64971e-06
-3.448e-07
9.56425e-07
2.18826e-06
3.27835e-06
4.14935e-06
4.77159e-06
5.15572e-06
5.28118e-06
5.17554e-06
-4.80516e-06
-4.87197e-06
-4.90296e-06
-4.90747e-06
-4.89087e-06
-4.85504e-06
-4.80379e-06
-4.74179e-06
-4.67283e-06
-4.60031e-06
-4.52634e-06
-4.45208e-06
-4.37832e-06
-4.30601e-06
-4.23727e-06
-4.1768e-06
-4.13399e-06
-4.12606e-06
-4.18117e-06
-4.34197e-06
-4.66325e-06
-5.20012e-06
-5.92044e-06
-6.64995e-06
-7.25316e-06
-7.66466e-06
-7.85671e-06
-7.82719e-06
-7.58511e-06
-7.14241e-06
-6.51012e-06
-5.6982e-06
-4.71759e-06
-3.58312e-06
-2.31669e-06
-9.50143e-07
4.72459e-07
1.89335e-06
3.24248e-06
4.44269e-06
5.40967e-06
6.10239e-06
6.54909e-06
6.72339e-06
6.66615e-06
-4.92662e-06
-4.99872e-06
-5.02784e-06
-5.02474e-06
-4.99656e-06
-4.94652e-06
-4.88015e-06
-4.80342e-06
-4.7209e-06
-4.63648e-06
-4.55232e-06
-4.46949e-06
-4.38847e-06
-4.30989e-06
-4.23547e-06
-4.16964e-06
-4.12155e-06
-4.10843e-06
-4.1586e-06
-4.31526e-06
-4.63388e-06
-5.1702e-06
-5.89105e-06
-6.61849e-06
-7.21462e-06
-7.61287e-06
-7.78463e-06
-7.72692e-06
-7.44767e-06
-6.95762e-06
-6.26666e-06
-5.38396e-06
-4.32012e-06
-3.09027e-06
-1.71727e-06
-2.34686e-07
1.31096e-06
2.85856e-06
4.33344e-06
5.65273e-06
6.72958e-06
7.50614e-06
8.01688e-06
8.24774e-06
8.24536e-06
-5.0661e-06
-5.14328e-06
-5.16835e-06
-5.15424e-06
-5.11062e-06
-5.04275e-06
-4.95837e-06
-4.86465e-06
-4.76721e-06
-4.67013e-06
-4.57555e-06
-4.48429e-06
-4.39642e-06
-4.31212e-06
-4.23272e-06
-4.16228e-06
-4.10971e-06
-4.09218e-06
-4.1381e-06
-4.29117e-06
-4.6074e-06
-5.14305e-06
-5.86392e-06
-6.58868e-06
-7.17714e-06
-7.56163e-06
-7.71268e-06
-7.62637e-06
-7.30952e-06
-6.77163e-06
-6.0215e-06
-5.06752e-06
-3.91993e-06
-2.59405e-06
-1.11348e-06
4.86978e-07
2.15886e-06
3.8383e-06
5.44615e-06
6.89305e-06
8.09047e-06
8.97071e-06
9.54952e-06
9.84616e-06
9.90606e-06
-5.22724e-06
-5.30877e-06
-5.32654e-06
-5.2968e-06
-5.23289e-06
-5.14306e-06
-5.03736e-06
-4.92446e-06
-4.81085e-06
-4.70055e-06
-4.59552e-06
-4.4961e-06
-4.40188e-06
-4.31251e-06
-4.22885e-06
-4.15459e-06
-4.09833e-06
-4.07716e-06
-4.11953e-06
-4.26955e-06
-4.58367e-06
-5.1186e-06
-5.83904e-06
-6.56053e-06
-7.14082e-06
-7.51114e-06
-7.64117e-06
-7.52604e-06
-7.17142e-06
-6.58565e-06
-5.77649e-06
-4.75162e-06
-3.521e-06
-2.10004e-06
-5.12831e-07
1.20504e-06
3.00393e-06
4.81804e-06
6.56476e-06
8.14881e-06
9.47571e-06
1.04737e-05
1.11338e-05
1.15063e-05
1.16399e-05
-5.41481e-06
-5.499e-06
-5.5046e-06
-5.45303e-06
-5.36294e-06
-5.24638e-06
-5.11588e-06
-4.98177e-06
-4.85096e-06
-4.72715e-06
-4.61182e-06
-4.50469e-06
-4.4047e-06
-4.31095e-06
-4.22377e-06
-4.14646e-06
-4.08729e-06
-4.06323e-06
-4.10273e-06
-4.25022e-06
-4.56253e-06
-5.0967e-06
-5.8163e-06
-6.53401e-06
-7.10568e-06
-7.46153e-06
-7.57035e-06
-7.42635e-06
-7.03408e-06
-6.4008e-06
-5.53336e-06
-4.43886e-06
-3.12708e-06
-1.61355e-06
7.73925e-08
1.90983e-06
3.83377e-06
5.78261e-06
7.6716e-06
9.40062e-06
1.08679e-05
1.19943e-05
1.27539e-05
1.32138e-05
1.34364e-05
-5.63508e-06
-5.71857e-06
-5.70482e-06
-5.62324e-06
-5.49989e-06
-5.35123e-06
-5.19264e-06
-5.03556e-06
-4.88679e-06
-4.74946e-06
-4.6242e-06
-4.50994e-06
-4.40487e-06
-4.30745e-06
-4.21748e-06
-4.13785e-06
-4.0765e-06
-4.05025e-06
-4.08753e-06
-4.233e-06
-4.54379e-06
-5.07716e-06
-5.79556e-06
-6.50906e-06
-7.07174e-06
-7.41288e-06
-7.50042e-06
-7.32768e-06
-6.89815e-06
-6.21811e-06
-5.29369e-06
-4.13162e-06
-2.74164e-06
-1.13948e-06
6.50373e-07
2.59213e-06
4.63623e-06
6.71658e-06
8.74794e-06
1.06269e-05
1.22439e-05
1.35112e-05
1.43917e-05
1.49537e-05
1.52862e-05
-5.89661e-06
-5.97293e-06
-5.92934e-06
-5.80721e-06
-5.6422e-06
-5.45597e-06
-5.26622e-06
-5.0848e-06
-4.91778e-06
-4.76722e-06
-4.63262e-06
-4.5119e-06
-4.40246e-06
-4.30208e-06
-4.21003e-06
-4.12876e-06
-4.06591e-06
-4.03812e-06
-4.07376e-06
-4.21769e-06
-4.52722e-06
-5.05978e-06
-5.77668e-06
-6.48558e-06
-7.03898e-06
-7.36526e-06
-7.43159e-06
-7.23039e-06
-6.76422e-06
-6.03854e-06
-5.05895e-06
-3.83204e-06
-2.36778e-06
-6.82231e-07
1.19996e-06
3.24343e-06
5.3998e-06
7.60479e-06
9.77461e-06
1.18049e-05
1.35798e-05
1.5001e-05
1.60219e-05
1.67081e-05
1.71804e-05
-6.21126e-06
-6.26834e-06
-6.1798e-06
-6.00364e-06
-5.78795e-06
-5.55865e-06
-5.33519e-06
-5.12864e-06
-4.94355e-06
-4.78037e-06
-4.63718e-06
-4.51079e-06
-4.3977e-06
-4.29505e-06
-4.20154e-06
-4.11927e-06
-4.05551e-06
-4.02676e-06
-4.06129e-06
-4.2041e-06
-4.51263e-06
-5.04437e-06
-5.7595e-06
-6.46347e-06
-7.00737e-06
-7.31875e-06
-7.36402e-06
-7.13481e-06
-6.63285e-06
-5.86294e-06
-4.83041e-06
-3.54199e-06
-2.00816e-06
-2.45576e-07
1.72085e-06
3.85628e-06
6.11405e-06
8.43287e-06
1.07325e-05
1.29105e-05
1.48478e-05
1.64368e-05
1.76158e-05
1.84539e-05
1.91098e-05
-6.59588e-06
-6.61173e-06
-6.45618e-06
-6.21117e-06
-5.93424e-06
-5.65708e-06
-5.39819e-06
-5.16646e-06
-4.96398e-06
-4.78907e-06
-4.63818e-06
-4.50692e-06
-4.3909e-06
-4.2866e-06
-4.19222e-06
-4.10947e-06
-4.04532e-06
-4.01611e-06
-4.05e-06
-4.19207e-06
-4.49982e-06
-5.03074e-06
-5.74386e-06
-6.44264e-06
-6.97688e-06
-7.27339e-06
-7.29787e-06
-7.04123e-06
-6.50451e-06
-5.69206e-06
-4.60916e-06
-3.26302e-06
-1.66496e-06
1.67448e-07
2.20876e-06
4.42453e-06
6.77006e-06
9.18788e-06
1.16032e-05
1.39189e-05
1.60167e-05
1.77838e-05
1.91405e-05
2.01634e-05
2.10676e-05
-7.07464e-06
-7.01034e-06
-6.75714e-06
-6.4255e-06
-6.07767e-06
-5.74902e-06
-5.45414e-06
-5.19797e-06
-4.97921e-06
-4.79368e-06
-4.63606e-06
-4.50073e-06
-4.38244e-06
-4.27704e-06
-4.18227e-06
-4.0995e-06
-4.0354e-06
-4.00615e-06
-4.03978e-06
-4.18143e-06
-4.48859e-06
-5.01869e-06
-5.7296e-06
-6.42299e-06
-6.9475e-06
-7.22924e-06
-7.2333e-06
-6.94994e-06
-6.37965e-06
-5.52653e-06
-4.3961e-06
-2.99637e-06
-1.33986e-06
5.5456e-07
2.66049e-06
4.94355e-06
7.3608e-06
9.85895e-06
1.237e-05
1.48054e-05
1.7053e-05
1.90009e-05
2.05529e-05
2.17989e-05
2.30495e-05
-7.68137e-06
-7.46474e-06
-7.08115e-06
-6.64124e-06
-6.21419e-06
-5.83234e-06
-5.50228e-06
-5.22318e-06
-4.98967e-06
-4.79478e-06
-4.6314e-06
-4.49273e-06
-4.37273e-06
-4.2667e-06
-4.17193e-06
-4.0895e-06
-4.0258e-06
-3.99685e-06
-4.03055e-06
-4.17204e-06
-4.47879e-06
-5.00805e-06
-5.7166e-06
-6.40444e-06
-6.91919e-06
-7.18636e-06
-7.17044e-06
-6.86118e-06
-6.25864e-06
-5.3669e-06
-4.19199e-06
-2.74303e-06
-1.03411e-06
9.14128e-07
3.07384e-06
5.41015e-06
7.88125e-06
1.04377e-05
1.30188e-05
1.55469e-05
1.79211e-05
2.00398e-05
2.17952e-05
2.3304e-05
2.50476e-05
-8.46287e-06
-7.97136e-06
-7.41538e-06
-6.85092e-06
-6.33932e-06
-5.9051e-06
-5.5422e-06
-5.24246e-06
-4.99598e-06
-4.79303e-06
-4.6248e-06
-4.48344e-06
-4.36221e-06
-4.2559e-06
-4.16145e-06
-4.07962e-06
-4.01659e-06
-3.98821e-06
-4.02224e-06
-4.1638e-06
-4.47025e-06
-4.99867e-06
-5.70471e-06
-6.38688e-06
-6.8919e-06
-7.14474e-06
-7.10939e-06
-6.77513e-06
-6.14181e-06
-5.21365e-06
-3.99747e-06
-2.5038e-06
-7.48711e-07
1.24495e-06
3.44731e-06
5.8222e-06
8.32803e-06
1.09181e-05
1.3538e-05
1.61221e-05
1.85843e-05
2.08443e-05
2.27905e-05
2.45888e-05
2.70344e-05
-9.46061e-06
-8.52152e-06
-7.74391e-06
-7.04486e-06
-6.44846e-06
-5.96581e-06
-5.57396e-06
-5.25645e-06
-4.99896e-06
-4.78921e-06
-4.61695e-06
-4.47344e-06
-4.35132e-06
-4.245e-06
-4.15105e-06
-4.07002e-06
-4.00784e-06
-3.98022e-06
-4.01478e-06
-4.15658e-06
-4.46286e-06
-4.99042e-06
-5.69381e-06
-6.37022e-06
-6.86558e-06
-7.10434e-06
-7.05012e-06
-6.69184e-06
-6.02922e-06
-5.06689e-06
-3.81268e-06
-2.27885e-06
-4.83827e-07
1.54688e-06
3.78074e-06
6.17941e-06
8.7002e-06
1.12972e-05
1.39205e-05
1.65137e-05
1.90076e-05
2.13513e-05
2.34399e-05
2.55242e-05
2.89612e-05
-1.07722e-05
-9.09724e-06
-8.04403e-06
-7.21279e-06
-6.53871e-06
-6.01475e-06
-5.59897e-06
-5.26672e-06
-4.99996e-06
-4.78442e-06
-4.60869e-06
-4.46335e-06
-4.34055e-06
-4.23433e-06
-4.14099e-06
-4.06085e-06
-3.99963e-06
-3.97289e-06
-4.00809e-06
-4.15024e-06
-4.45642e-06
-4.98314e-06
-5.68389e-06
-6.35456e-06
-6.84039e-06
-7.06538e-06
-6.99277e-06
-6.61125e-06
-5.92057e-06
-4.92592e-06
-3.63639e-06
-2.06629e-06
-2.36702e-07
1.82369e-06
4.07907e-06
6.48791e-06
9.00488e-06
1.15825e-05
1.41713e-05
1.67196e-05
1.91695e-05
2.15002e-05
2.36253e-05
2.59603e-05
3.08315e-05
-1.2507e-05
-9.66471e-06
-8.28289e-06
-7.34525e-06
-6.61162e-06
-6.05584e-06
-5.62104e-06
-5.2763e-06
-5.0012e-06
-4.78016e-06
-4.60101e-06
-4.45377e-06
-4.33021e-06
-4.22406e-06
-4.13136e-06
-4.05216e-06
-3.99198e-06
-3.96619e-06
-4.00211e-06
-4.14463e-06
-4.45074e-06
-4.9767e-06
-5.67501e-06
-6.34034e-06
-6.81711e-06
-7.02886e-06
-6.93846e-06
-6.53441e-06
-5.81664e-06
-4.791e-06
-3.46801e-06
-1.86421e-06
-3.6457e-09
2.08149e-06
4.35146e-06
6.76065e-06
9.25953e-06
1.17964e-05
1.43176e-05
1.67675e-05
1.90855e-05
2.12537e-05
2.31951e-05
2.5606e-05
3.23489e-05
-1.3961e-05
-1.00164e-05
-8.40001e-06
-7.42279e-06
-6.66257e-06
-6.08736e-06
-5.63892e-06
-5.28405e-06
-5.00161e-06
-4.77548e-06
-4.59305e-06
-4.44398e-06
-4.31971e-06
-4.21371e-06
-4.12174e-06
-4.04365e-06
-3.98473e-06
-3.96014e-06
-3.997e-06
-4.14003e-06
-4.44602e-06
-4.97096e-06
-5.66662e-06
-6.32675e-06
-6.79514e-06
-6.99491e-06
-6.88863e-06
-6.46468e-06
-5.72317e-06
-4.67073e-06
-3.31933e-06
-1.68771e-06
1.97104e-07
2.29936e-06
4.57522e-06
6.97452e-06
9.44251e-06
1.19212e-05
1.43484e-05
1.6655e-05
1.87568e-05
2.05745e-05
2.19456e-05
2.35846e-05
3.00968e-05
)
;

boundaryField
{
    inlet
    {
        type            uniformJump;
        patchType       cyclic;
        jump            uniform -2.5e-05;
        value           nonuniform List<scalar> 
40
(
7.9539e-07
8.09427e-07
8.24259e-07
8.3933e-07
8.56043e-07
8.75887e-07
9.0116e-07
9.35738e-07
9.85375e-07
1.0574e-06
1.15974e-06
1.29999e-06
1.48518e-06
1.72197e-06
2.01656e-06
2.37371e-06
2.79483e-06
3.27583e-06
3.80575e-06
4.36504e-06
4.89828e-06
5.33277e-06
5.65634e-06
5.89087e-06
6.05873e-06
6.17728e-06
6.25986e-06
6.31657e-06
6.35494e-06
6.38055e-06
6.39745e-06
6.40856e-06
6.41591e-06
6.42089e-06
6.4244e-06
6.427e-06
6.42904e-06
6.43074e-06
6.43227e-06
6.4337e-06
)
;
        jumpTable       table;
        jumpTableCoeffs
        {
            values          
4
(
(0 -2.5e-05)
(25 -2.5e-05)
(25.5 -0.0001)
(26 -2.5e-05)
)
;
        }
    }
    outlet
    {
        type            uniformJump;
        patchType       cyclic;
        value           nonuniform List<scalar> 
40
(
-2.42046e-05
-2.41906e-05
-2.41757e-05
-2.41607e-05
-2.4144e-05
-2.41241e-05
-2.40988e-05
-2.40643e-05
-2.40146e-05
-2.39426e-05
-2.38403e-05
-2.37e-05
-2.35148e-05
-2.3278e-05
-2.29834e-05
-2.26263e-05
-2.22052e-05
-2.17242e-05
-2.11942e-05
-2.0635e-05
-2.01017e-05
-1.96672e-05
-1.93437e-05
-1.91091e-05
-1.89413e-05
-1.88227e-05
-1.87401e-05
-1.86834e-05
-1.86451e-05
-1.86194e-05
-1.86025e-05
-1.85914e-05
-1.85841e-05
-1.85791e-05
-1.85756e-05
-1.8573e-05
-1.8571e-05
-1.85693e-05
-1.85677e-05
-1.85663e-05
)
;
    }
    Walls
    {
        type            zeroGradient;
    }
    back
    {
        type            empty;
    }
    front
    {
        type            empty;
    }
}


// ************************************************************************* //
