/*--------------------------------*- C++ -*----------------------------------*\
| =========                 |                                                 |
| \\      /  F ield         | OpenFOAM: The Open Source CFD Toolbox           |
|  \\    /   O peration     | Version:  2312                                  |
|   \\  /    A nd           | Website:  www.openfoam.com                      |
|    \\/     M anipulation  |                                                 |
\*---------------------------------------------------------------------------*/
FoamFile
{
    version     2.0;
    format      ascii;
    arch        "LSB;label=32;scalar=64";
    class       volScalarField;
    location    "176.25";
    object      p;
}
// * * * * * * * * * * * * * * * * * * * * * * * * * * * * * * * * * * * * * //

dimensions      [0 2 -2 0 0 0 0];

internalField   nonuniform List<scalar> 
4800
(
-4.30027e-13
-1.56589e-06
-2.82577e-06
-3.85535e-06
-4.70859e-06
-5.42534e-06
-6.03177e-06
-6.55704e-06
-7.01725e-06
-7.42218e-06
-7.78289e-06
-8.10339e-06
-8.37934e-06
-8.8407e-06
-1.04114e-05
1.92573e-08
-1.5439e-06
-2.80236e-06
-3.83158e-06
-4.68525e-06
-5.40362e-06
-6.01279e-06
-6.54234e-06
-7.00869e-06
-7.42308e-06
-7.80164e-06
-8.16161e-06
-8.51833e-06
-8.97859e-06
-9.78354e-06
3.95232e-08
-1.52069e-06
-2.7777e-06
-3.80662e-06
-4.66093e-06
-5.38085e-06
-5.99251e-06
-6.52427e-06
-6.99546e-06
-7.41697e-06
-7.80573e-06
-8.18028e-06
-8.55001e-06
-8.92558e-06
-9.2878e-06
5.99908e-08
-1.49679e-06
-2.75195e-06
-3.7802e-06
-4.63472e-06
-5.35554e-06
-5.96959e-06
-6.5014e-06
-6.9744e-06
-7.39779e-06
-7.78468e-06
-8.14593e-06
-8.47538e-06
-8.74489e-06
-8.88949e-06
8.22536e-08
-1.47037e-06
-2.72311e-06
-3.75014e-06
-4.60425e-06
-5.32504e-06
-5.94012e-06
-6.47105e-06
-6.94096e-06
-7.35917e-06
-7.73203e-06
-8.06123e-06
-8.33021e-06
-8.50343e-06
-8.52947e-06
1.07697e-07
-1.43999e-06
-2.68961e-06
-3.7147e-06
-4.56752e-06
-5.287e-06
-5.90036e-06
-6.42866e-06
-6.89041e-06
-7.29475e-06
-7.6424e-06
-7.92829e-06
-8.13399e-06
-8.23232e-06
-8.19728e-06
1.38373e-07
-1.4036e-06
-2.64929e-06
-3.67148e-06
-4.52171e-06
-5.23806e-06
-5.84688e-06
-6.36799e-06
-6.81653e-06
-7.19882e-06
-7.51289e-06
-7.75143e-06
-7.90069e-06
-7.94717e-06
-7.88488e-06
1.77966e-07
-1.35764e-06
-2.59846e-06
-3.61649e-06
-4.46237e-06
-5.17309e-06
-5.77393e-06
-6.28287e-06
-6.71233e-06
-7.06655e-06
-7.34324e-06
-7.53709e-06
-7.64188e-06
-7.65609e-06
-7.58503e-06
2.32353e-07
-1.29631e-06
-2.53119e-06
-3.54349e-06
-4.38282e-06
-5.08489e-06
-5.67382e-06
-6.16585e-06
-6.57145e-06
-6.89454e-06
-7.13478e-06
-7.29122e-06
-7.3648e-06
-7.36185e-06
-7.29246e-06
3.09667e-07
-1.21139e-06
-2.43899e-06
-3.44367e-06
-4.27388e-06
-4.96401e-06
-5.53719e-06
-6.00854e-06
-6.38781e-06
-6.68018e-06
-6.88875e-06
-7.01729e-06
-7.07196e-06
-7.06309e-06
-7.00187e-06
4.19708e-07
-1.09241e-06
-2.31085e-06
-3.30556e-06
-4.12384e-06
-4.79893e-06
-5.3533e-06
-5.80192e-06
-6.15513e-06
-6.42059e-06
-6.60477e-06
-6.71535e-06
-6.76154e-06
-6.75502e-06
-6.70641e-06
5.73141e-07
-9.27348e-07
-2.13379e-06
-3.1156e-06
-3.91908e-06
-4.57659e-06
-5.11056e-06
-5.53671e-06
-5.86698e-06
-6.11153e-06
-6.27971e-06
-6.38163e-06
-6.42781e-06
-6.42978e-06
-6.39697e-06
7.81406e-07
-7.028e-07
-1.89317e-06
-2.85857e-06
-3.64452e-06
-4.28294e-06
-4.79675e-06
-5.20301e-06
-5.51548e-06
-5.74638e-06
-5.90697e-06
-6.00844e-06
-6.06139e-06
-6.0765e-06
-6.06196e-06
1.05708e-06
-4.03519e-07
-1.5723e-06
-2.51724e-06
-3.28335e-06
-3.90248e-06
-4.39825e-06
-4.78906e-06
-5.09014e-06
-5.31498e-06
-5.47571e-06
-5.58371e-06
-5.64896e-06
-5.68096e-06
-5.68681e-06
1.41349e-06
-1.26696e-08
-1.15246e-06
-2.07222e-06
-2.81646e-06
-3.41715e-06
-3.8984e-06
-4.27936e-06
-4.57591e-06
-4.80194e-06
-4.96962e-06
-5.08984e-06
-5.17193e-06
-5.22419e-06
-5.25267e-06
1.86319e-06
4.8656e-07
-6.14446e-07
-1.50325e-06
-2.22346e-06
-2.80681e-06
-3.27739e-06
-3.65425e-06
-3.95292e-06
-4.1867e-06
-4.36709e-06
-4.50432e-06
-4.60699e-06
-4.6825e-06
-4.73607e-06
2.41549e-06
1.10807e-06
5.846e-08
-7.92181e-07
-1.48544e-06
-2.05192e-06
-2.5148e-06
-2.89219e-06
-3.19856e-06
-3.44601e-06
-3.6447e-06
-3.80357e-06
-3.93007e-06
-4.03168e-06
-4.1131e-06
3.07319e-06
1.85876e-06
8.75948e-07
7.252e-08
-5.8954e-07
-1.13828e-06
-1.59478e-06
-1.97526e-06
-2.29248e-06
-2.55722e-06
-2.77842e-06
-2.96325e-06
-3.11843e-06
-3.25011e-06
-3.36337e-06
3.82959e-06
2.73356e-06
1.83474e-06
1.08925e-06
4.64377e-07
-6.39698e-08
-5.13561e-07
-8.97729e-07
-1.22669e-06
-1.5092e-06
-1.75308e-06
-1.96531e-06
-2.15223e-06
-2.31783e-06
-2.46655e-06
4.66465e-06
3.70944e-06
2.91021e-06
2.23303e-06
1.65199e-06
1.14796e-06
7.07157e-07
3.19486e-07
-2.26786e-08
-3.25063e-07
-5.92777e-07
-8.31345e-07
-1.04637e-06
-1.24397e-06
-1.42708e-06
5.50182e-06
4.69259e-06
3.99757e-06
3.39248e-06
2.85853e-06
2.3821e-06
1.95344e-06
1.56544e-06
1.21285e-06
8.90644e-07
5.93956e-07
3.21617e-07
7.25275e-08
-1.58884e-07
-3.79536e-07
6.21371e-06
5.52942e-06
4.92493e-06
4.38396e-06
3.89358e-06
3.4446e-06
3.03073e-06
2.64749e-06
2.29084e-06
1.95813e-06
1.6467e-06
1.35003e-06
1.06391e-06
7.90498e-07
5.32224e-07
6.76212e-06
6.16986e-06
5.63183e-06
5.13753e-06
4.67868e-06
4.24949e-06
3.84582e-06
3.46454e-06
3.10271e-06
2.75731e-06
2.42571e-06
2.10607e-06
1.79981e-06
1.50417e-06
1.21779e-06
7.16518e-06
6.64002e-06
6.15075e-06
5.69128e-06
5.25655e-06
4.84296e-06
4.44773e-06
4.06853e-06
3.70327e-06
3.35035e-06
3.0085e-06
2.6769e-06
2.35196e-06
2.0348e-06
1.72345e-06
7.45405e-06
6.97753e-06
6.52451e-06
6.09161e-06
5.67574e-06
5.27466e-06
4.88647e-06
4.50952e-06
4.1424e-06
3.78373e-06
3.43214e-06
3.08658e-06
2.74615e-06
2.41023e-06
2.0778e-06
7.65526e-06
7.21414e-06
6.78815e-06
6.3754e-06
5.97392e-06
5.58233e-06
5.19927e-06
4.82348e-06
4.45378e-06
4.08892e-06
3.72818e-06
3.37119e-06
3.01727e-06
2.66573e-06
2.31604e-06
7.79102e-06
7.37589e-06
6.97005e-06
6.57236e-06
6.18157e-06
5.79676e-06
5.41696e-06
5.04117e-06
4.6685e-06
4.29831e-06
3.93015e-06
3.56386e-06
3.19863e-06
2.83416e-06
2.47014e-06
7.87978e-06
7.48399e-06
7.09323e-06
6.70677e-06
6.32385e-06
5.94387e-06
5.56612e-06
5.18991e-06
4.81467e-06
4.44024e-06
4.06571e-06
3.69133e-06
3.31654e-06
2.94126e-06
2.56528e-06
7.93614e-06
7.55505e-06
7.17572e-06
6.79777e-06
6.42078e-06
6.04436e-06
5.66797e-06
5.29116e-06
4.91352e-06
4.53483e-06
4.15516e-06
3.77395e-06
3.39115e-06
3.00681e-06
2.62085e-06
7.97115e-06
7.6015e-06
7.23105e-06
6.85973e-06
6.48736e-06
6.11361e-06
5.7381e-06
5.36055e-06
4.98073e-06
4.59847e-06
4.21406e-06
3.82703e-06
3.43745e-06
3.04546e-06
2.6511e-06
7.99278e-06
7.63228e-06
7.26892e-06
6.90292e-06
6.53419e-06
6.16247e-06
5.78751e-06
5.40917e-06
5.02737e-06
4.64203e-06
4.2534e-06
3.86136e-06
3.46596e-06
3.06744e-06
2.66593e-06
8.00647e-06
7.6535e-06
7.29595e-06
6.93431e-06
6.56851e-06
6.19836e-06
5.82373e-06
5.4446e-06
5.06097e-06
4.67287e-06
4.28057e-06
3.88417e-06
3.48372e-06
3.07955e-06
2.67186e-06
8.01579e-06
7.66913e-06
7.31646e-06
6.95846e-06
6.59506e-06
6.22615e-06
5.8517e-06
5.4718e-06
5.08649e-06
4.69591e-06
4.30035e-06
3.90015e-06
3.49525e-06
3.08613e-06
2.67305e-06
8.02289e-06
7.68164e-06
7.33313e-06
6.97822e-06
6.61682e-06
6.24891e-06
5.87454e-06
5.49387e-06
5.10704e-06
4.71423e-06
4.31572e-06
3.91218e-06
3.50333e-06
3.08983e-06
2.67198e-06
8.029e-06
7.69244e-06
7.34754e-06
6.99528e-06
6.63557e-06
6.26846e-06
5.8941e-06
5.5127e-06
5.12449e-06
4.72958e-06
4.32852e-06
3.92197e-06
3.50958e-06
3.09217e-06
2.67009e-06
8.03473e-06
7.70227e-06
7.36053e-06
7.01056e-06
6.65228e-06
6.28584e-06
5.91144e-06
5.52934e-06
5.13985e-06
4.74299e-06
4.33979e-06
3.93043e-06
3.51489e-06
3.09398e-06
2.66812e-06
8.04032e-06
7.71147e-06
7.37247e-06
7.02448e-06
6.66743e-06
6.30154e-06
5.92706e-06
5.54431e-06
5.15364e-06
4.75503e-06
4.34996e-06
3.93803e-06
3.51968e-06
3.09565e-06
2.6664e-06
8.04592e-06
7.72027e-06
7.38369e-06
7.0374e-06
6.68139e-06
6.31595e-06
5.94136e-06
5.558e-06
5.16624e-06
4.76609e-06
4.35925e-06
3.94504e-06
3.52418e-06
3.09735e-06
2.66506e-06
8.05185e-06
7.7292e-06
7.39487e-06
7.05015e-06
6.69508e-06
6.33001e-06
5.9553e-06
5.57134e-06
5.17853e-06
4.77697e-06
4.36832e-06
3.95199e-06
3.52874e-06
3.09927e-06
2.66406e-06
8.05778e-06
7.73803e-06
7.40592e-06
7.0628e-06
6.70877e-06
6.34421e-06
5.96937e-06
5.5848e-06
5.19096e-06
4.78799e-06
4.37755e-06
3.95912e-06
3.53344e-06
3.10129e-06
2.66338e-06
-1.16976e-05
-9.48917e-06
-8.1311e-06
-7.21493e-06
-6.48148e-06
-5.91938e-06
-5.487e-06
-5.15786e-06
-4.91531e-06
-4.74691e-06
-4.64312e-06
-4.5961e-06
-4.59945e-06
-4.64845e-06
-4.73985e-06
-4.87258e-06
-5.04784e-06
-5.27177e-06
-5.55477e-06
-5.91463e-06
-6.36867e-06
-6.91718e-06
-7.44879e-06
-7.77613e-06
-7.79133e-06
-7.45119e-06
-6.75613e-06
-5.72759e-06
-4.39004e-06
-2.76963e-06
-8.94777e-07
1.20256e-06
3.48543e-06
5.91132e-06
8.43242e-06
1.09961e-05
1.3545e-05
1.60161e-05
1.83364e-05
2.04144e-05
2.21191e-05
2.32642e-05
2.34372e-05
2.22216e-05
1.82552e-05
-1.01183e-05
-8.96372e-06
-7.92963e-06
-7.11056e-06
-6.42163e-06
-5.87522e-06
-5.44903e-06
-5.12319e-06
-4.88332e-06
-4.71781e-06
-4.61741e-06
-4.57427e-06
-4.58199e-06
-4.63581e-06
-4.73242e-06
-4.87068e-06
-5.05165e-06
-5.28123e-06
-5.56921e-06
-5.93234e-06
-6.38632e-06
-6.92957e-06
-7.45045e-06
-7.76516e-06
-7.7688e-06
-7.41891e-06
-6.71639e-06
-5.68298e-06
-4.34341e-06
-2.72439e-06
-8.55419e-07
1.22998e-06
3.49276e-06
5.88771e-06
8.36344e-06
1.08625e-05
1.33205e-05
1.56638e-05
1.78027e-05
1.96162e-05
2.09192e-05
2.14133e-05
2.0514e-05
1.73692e-05
1.09716e-05
-9.28671e-06
-8.55393e-06
-7.72293e-06
-6.99078e-06
-6.35114e-06
-5.82645e-06
-5.40973e-06
-5.08879e-06
-4.85232e-06
-4.69001e-06
-4.59314e-06
-4.554e-06
-4.5662e-06
-4.625e-06
-4.72702e-06
-4.87104e-06
-5.05798e-06
-5.29342e-06
-5.58648e-06
-5.95272e-06
-6.40601e-06
-6.94261e-06
-7.45066e-06
-7.75056e-06
-7.74089e-06
-7.38016e-06
-6.66986e-06
-5.6322e-06
-4.29229e-06
-2.67764e-06
-8.1917e-07
1.24758e-06
3.4809e-06
5.83215e-06
8.24546e-06
1.06573e-05
1.29951e-05
1.51733e-05
1.70846e-05
1.85831e-05
1.94525e-05
1.93624e-05
1.77946e-05
1.41766e-05
8.45929e-06
-8.75778e-06
-8.21876e-06
-7.54545e-06
-6.88138e-06
-6.28845e-06
-5.78671e-06
-5.37952e-06
-5.06286e-06
-4.82875e-06
-4.66848e-06
-4.57405e-06
-4.53798e-06
-4.55396e-06
-4.61725e-06
-4.72439e-06
-4.87402e-06
-5.06688e-06
-5.30818e-06
-5.60626e-06
-5.97534e-06
-6.42723e-06
-6.95575e-06
-7.4487e-06
-7.73123e-06
-7.70575e-06
-7.3319e-06
-6.61204e-06
-5.56907e-06
-4.22881e-06
-2.61993e-06
-7.75233e-07
1.26716e-06
3.46215e-06
5.75688e-06
8.09015e-06
1.03917e-05
1.25801e-05
1.45586e-05
1.62071e-05
1.73656e-05
1.78219e-05
1.72905e-05
1.54261e-05
1.19742e-05
7.23322e-06
-8.35182e-06
-7.92748e-06
-7.37389e-06
-6.79246e-06
-6.24295e-06
-5.76336e-06
-5.3651e-06
-5.05156e-06
-4.81812e-06
-4.65801e-06
-4.56424e-06
-4.52966e-06
-4.54812e-06
-4.61491e-06
-4.72645e-06
-4.88119e-06
-5.07962e-06
-5.32648e-06
-5.62922e-06
-6.00052e-06
-6.44991e-06
-6.96847e-06
-7.4437e-06
-7.70626e-06
-7.66284e-06
-7.27434e-06
-6.54426e-06
-5.4965e-06
-4.1578e-06
-2.55836e-06
-7.33308e-07
1.2762e-06
3.42124e-06
5.64421e-06
7.87832e-06
1.00466e-05
1.206e-05
1.38142e-05
1.51854e-05
1.60127e-05
1.61201e-05
1.53036e-05
1.33882e-05
1.03408e-05
6.47774e-06
-8.01639e-06
-7.67255e-06
-7.21016e-06
-6.71179e-06
-6.21271e-06
-5.75665e-06
-5.36961e-06
-5.05945e-06
-4.82547e-06
-4.6636e-06
-4.56833e-06
-4.53315e-06
-4.55226e-06
-4.62103e-06
-4.73572e-06
-4.89458e-06
-5.09776e-06
-5.34946e-06
-5.65607e-06
-6.02849e-06
-6.47378e-06
-6.97992e-06
-7.43431e-06
-7.67405e-06
-7.61057e-06
-7.20624e-06
-6.46599e-06
-5.41497e-06
-4.0812e-06
-2.49672e-06
-6.99401e-07
1.26625e-06
3.34716e-06
5.48094e-06
7.59549e-06
9.60836e-06
1.14255e-05
1.29398e-05
1.40287e-05
1.45655e-05
1.44063e-05
1.34376e-05
1.16096e-05
9.00557e-06
5.91114e-06
-7.71809e-06
-7.43748e-06
-7.05858e-06
-6.62732e-06
-6.18389e-06
-5.76201e-06
-5.39188e-06
-5.08781e-06
-4.85378e-06
-4.68914e-06
-4.59055e-06
-4.55256e-06
-4.57013e-06
-4.63892e-06
-4.755e-06
-4.91643e-06
-5.12302e-06
-5.37828e-06
-5.6874e-06
-6.0593e-06
-6.49828e-06
-6.98891e-06
-7.41877e-06
-7.63248e-06
-7.54676e-06
-7.12561e-06
-6.37576e-06
-5.32398e-06
-3.99978e-06
-2.43751e-06
-6.78056e-07
1.23052e-06
3.23103e-06
5.25667e-06
7.23115e-06
9.06879e-06
1.06748e-05
1.19467e-05
1.27771e-05
1.3064e-05
1.27189e-05
1.16969e-05
1.00224e-05
7.81824e-06
5.31496e-06
-7.43777e-06
-7.2081e-06
-6.89988e-06
-6.53671e-06
-6.15008e-06
-5.77038e-06
-5.42533e-06
-5.13299e-06
-4.90202e-06
-4.73563e-06
-4.63312e-06
-4.59068e-06
-4.60474e-06
-4.67149e-06
-4.78686e-06
-4.94886e-06
-5.15697e-06
-5.41394e-06
-5.7236e-06
-6.09266e-06
-6.52243e-06
-6.9938e-06
-7.39486e-06
-7.57911e-06
-7.46902e-06
-7.03049e-06
-6.27253e-06
-5.22379e-06
-3.91551e-06
-2.38472e-06
-6.75607e-07
1.16038e-06
3.06243e-06
4.96033e-06
6.77553e-06
8.42239e-06
9.81032e-06
1.08476e-05
1.14475e-05
1.15391e-05
1.10792e-05
1.00699e-05
8.5714e-06
6.7066e-06
4.65092e-06
-7.1661e-06
-6.97868e-06
-6.72977e-06
-6.43098e-06
-6.10326e-06
-5.77138e-06
-5.45946e-06
-5.18646e-06
-4.96422e-06
-4.79966e-06
-4.69467e-06
-4.64748e-06
-4.65703e-06
-4.72017e-06
-4.83278e-06
-4.99317e-06
-5.20056e-06
-5.45689e-06
-5.76452e-06
-6.12774e-06
-6.54473e-06
-6.9924e-06
-7.35997e-06
-7.51129e-06
-7.37508e-06
-6.91938e-06
-6.15619e-06
-5.11616e-06
-3.83229e-06
-2.34467e-06
-7.0088e-07
1.04486e-06
2.82921e-06
4.58025e-06
6.21982e-06
7.66618e-06
8.83755e-06
9.65758e-06
1.00627e-05
1.00112e-05
9.49284e-06
8.53647e-06
7.21306e-06
5.63004e-06
3.91771e-06
-6.89684e-06
-6.74575e-06
-6.54716e-06
-6.30634e-06
-6.03621e-06
-5.75506e-06
-5.48271e-06
-5.23679e-06
-5.03039e-06
-4.87332e-06
-4.7692e-06
-4.71883e-06
-4.72474e-06
-4.7838e-06
-4.89206e-06
-5.04883e-06
-5.25322e-06
-5.50632e-06
-5.80894e-06
-6.1628e-06
-6.56289e-06
-6.98196e-06
-7.31122e-06
-7.42655e-06
-7.26321e-06
-6.79187e-06
-6.02835e-06
-5.00514e-06
-3.75665e-06
-2.32641e-06
-7.65338e-07
8.70905e-07
2.51817e-06
4.10512e-06
5.5571e-06
6.79994e-06
7.76428e-06
8.39134e-06
8.63941e-06
8.49029e-06
7.95427e-06
7.07199e-06
5.91173e-06
4.56132e-06
3.11684e-06
-6.62309e-06
-6.50447e-06
-6.34939e-06
-6.15999e-06
-5.94385e-06
-5.71359e-06
-5.48474e-06
-5.27218e-06
-5.08879e-06
-4.94578e-06
-4.84595e-06
-4.79626e-06
-4.8019e-06
-4.85801e-06
-4.96106e-06
-5.11279e-06
-5.31224e-06
-5.55958e-06
-5.85409e-06
-6.19487e-06
-6.57375e-06
-6.95931e-06
-7.24588e-06
-7.32324e-06
-7.13314e-06
-6.64965e-06
-5.89356e-06
-4.89826e-06
-3.69844e-06
-2.34211e-06
-8.83103e-07
6.23713e-07
2.11575e-06
3.52483e-06
4.78279e-06
5.82592e-06
6.59915e-06
7.06081e-06
7.18747e-06
6.97707e-06
6.45072e-06
5.65106e-06
4.63776e-06
3.48004e-06
2.24887e-06
-6.33588e-06
-6.24735e-06
-6.13092e-06
-5.9873e-06
-5.82084e-06
-5.63982e-06
-5.45606e-06
-5.28104e-06
-5.12767e-06
-5.00401e-06
-4.91321e-06
-4.86999e-06
-4.87987e-06
-4.93494e-06
-5.0329e-06
-5.17913e-06
-5.37241e-06
-5.61195e-06
-5.89553e-06
-6.21976e-06
-6.57347e-06
-6.92129e-06
-7.16217e-06
-7.20149e-06
-6.987e-06
-6.49782e-06
-5.76097e-06
-4.80797e-06
-3.6712e-06
-2.40711e-06
-1.07055e-06
2.87688e-07
1.60918e-06
2.83141e-06
3.895e-06
4.74831e-06
5.3505e-06
5.67469e-06
5.71068e-06
5.46619e-06
4.96612e-06
4.24975e-06
3.36642e-06
2.36956e-06
1.31184e-06
-6.02373e-06
-5.96392e-06
-5.8828e-06
-5.78058e-06
-5.65967e-06
-5.52546e-06
-5.38639e-06
-5.25135e-06
-5.13097e-06
-5.03085e-06
-4.95877e-06
-4.93016e-06
-4.94644e-06
-5.00105e-06
-5.09689e-06
-5.23907e-06
-5.42607e-06
-5.65671e-06
-5.92739e-06
-6.23243e-06
-6.55815e-06
-6.86555e-06
-7.06036e-06
-7.06438e-06
-6.83031e-06
-6.34576e-06
-5.64783e-06
-4.74996e-06
-3.69174e-06
-2.54004e-06
-1.34558e-06
-1.52262e-07
9.87866e-07
2.02e-06
2.89489e-06
3.57288e-06
4.02584e-06
4.23835e-06
4.20874e-06
3.94919e-06
3.48412e-06
2.84714e-06
2.07752e-06
1.21602e-06
3.01851e-07
-5.6723e-06
-5.6406e-06
-5.59266e-06
-5.52861e-06
-5.4498e-06
-5.35976e-06
-5.26417e-06
-5.16998e-06
-5.08465e-06
-5.01639e-06
-4.97137e-06
-4.95886e-06
-4.98295e-06
-5.04299e-06
-5.14145e-06
-5.28211e-06
-5.46391e-06
-5.68573e-06
-5.9429e-06
-6.22759e-06
-6.52459e-06
-6.79167e-06
-6.94417e-06
-6.91953e-06
-6.67088e-06
-6.2161e-06
-5.57199e-06
-4.73862e-06
-3.78126e-06
-2.7631e-06
-1.72679e-06
-7.0941e-07
2.44445e-07
1.08941e-06
1.78663e-06
2.30705e-06
2.63249e-06
2.75567e-06
2.67956e-06
2.4173e-06
1.99049e-06
1.42645e-06
7.5559e-07
8.66632e-09
-7.85057e-07
-5.26319e-06
-5.25984e-06
-5.24409e-06
-5.21624e-06
-5.17715e-06
-5.12916e-06
-5.07622e-06
-5.02352e-06
-4.97706e-06
-4.94338e-06
-4.92812e-06
-4.93726e-06
-4.97606e-06
-5.04744e-06
-5.15315e-06
-5.29582e-06
-5.47514e-06
-5.68993e-06
-5.93515e-06
-6.20067e-06
-6.47088e-06
-6.70234e-06
-6.82154e-06
-6.7766e-06
-6.53663e-06
-6.12877e-06
-5.53849e-06
-4.79515e-06
-3.96716e-06
-3.10052e-06
-2.23173e-06
-1.39415e-06
-6.24728e-07
4.16428e-08
5.76266e-07
9.58734e-07
1.17733e-06
1.22966e-06
1.12095e-06
8.63476e-07
4.74765e-07
-2.39702e-08
-6.09627e-07
-1.25921e-06
-1.9509e-06
-4.77359e-06
-4.79978e-06
-4.81647e-06
-4.82422e-06
-4.82377e-06
-4.81679e-06
-4.8061e-06
-4.79549e-06
-4.78946e-06
-4.79292e-06
-4.81071e-06
-4.84778e-06
-4.90891e-06
-4.99776e-06
-5.11619e-06
-5.26614e-06
-5.44794e-06
-5.65991e-06
-5.89743e-06
-6.14891e-06
-6.39798e-06
-6.60422e-06
-6.70241e-06
-6.65817e-06
-6.45239e-06
-6.08175e-06
-5.57396e-06
-4.95805e-06
-4.27719e-06
-3.5704e-06
-2.87146e-06
-2.21108e-06
-1.61797e-06
-1.11713e-06
-7.28303e-07
-4.65059e-07
-3.34539e-07
-3.37584e-07
-4.68568e-07
-7.17408e-07
-1.07045e-06
-1.51168e-06
-2.02397e-06
-2.5904e-06
-3.19482e-06
-4.18017e-06
-4.23785e-06
-4.28813e-06
-4.33192e-06
-4.37012e-06
-4.40405e-06
-4.43572e-06
-4.4679e-06
-4.50394e-06
-4.54759e-06
-4.60282e-06
-4.6737e-06
-4.76404e-06
-4.87714e-06
-5.0152e-06
-5.17967e-06
-5.37122e-06
-5.58758e-06
-5.82449e-06
-6.07066e-06
-6.31086e-06
-6.5078e-06
-6.60714e-06
-6.5826e-06
-6.41542e-06
-6.12674e-06
-5.72798e-06
-5.2492e-06
-4.72333e-06
-4.1808e-06
-3.65108e-06
-3.16012e-06
-2.72964e-06
-2.37739e-06
-2.11675e-06
-1.95612e-06
-1.89913e-06
-1.94587e-06
-2.09215e-06
-2.33057e-06
-2.65114e-06
-3.04213e-06
-3.49112e-06
-3.98584e-06
-4.51455e-06
-3.46387e-06
-3.55621e-06
-3.6424e-06
-3.72381e-06
-3.80172e-06
-3.87737e-06
-3.95233e-06
-4.02867e-06
-4.10895e-06
-4.19605e-06
-4.29305e-06
-4.40312e-06
-4.52922e-06
-4.67414e-06
-4.84002e-06
-5.02797e-06
-5.23872e-06
-5.46943e-06
-5.7168e-06
-5.97031e-06
-6.21347e-06
-6.42891e-06
-6.5594e-06
-6.57243e-06
-6.47999e-06
-6.2899e-06
-6.01529e-06
-5.6808e-06
-5.31283e-06
-4.93522e-06
-4.57018e-06
-4.23727e-06
-3.95265e-06
-3.72918e-06
-3.57691e-06
-3.50304e-06
-3.50723e-06
-3.58967e-06
-3.7469e-06
-3.9746e-06
-4.26627e-06
-4.61362e-06
-5.0078e-06
-5.44019e-06
-5.9024e-06
-2.60431e-06
-2.73554e-06
-2.86184e-06
-2.98471e-06
-3.10566e-06
-3.22604e-06
-3.3472e-06
-3.47082e-06
-3.59887e-06
-3.73357e-06
-3.87727e-06
-4.03242e-06
-4.20138e-06
-4.38639e-06
-4.58936e-06
-4.81097e-06
-5.05203e-06
-5.31016e-06
-5.58105e-06
-5.86084e-06
-6.12878e-06
-6.37644e-06
-6.56791e-06
-6.66021e-06
-6.658e-06
-6.57975e-06
-6.44053e-06
-6.2578e-06
-6.04926e-06
-5.83203e-06
-5.62199e-06
-5.43335e-06
-5.27849e-06
-5.16617e-06
-5.10323e-06
-5.09635e-06
-5.15034e-06
-5.25992e-06
-5.42407e-06
-5.64081e-06
-5.90592e-06
-6.21392e-06
-6.55906e-06
-6.93563e-06
-7.33779e-06
-1.60159e-06
-1.77224e-06
-1.94037e-06
-2.10709e-06
-2.27379e-06
-2.44184e-06
-2.61255e-06
-2.78734e-06
-2.96773e-06
-3.15541e-06
-3.35216e-06
-3.55988e-06
-3.78042e-06
-4.01552e-06
-4.26666e-06
-4.53453e-06
-4.8195e-06
-5.12023e-06
-5.43362e-06
-5.75674e-06
-6.07978e-06
-6.38492e-06
-6.64916e-06
-6.83644e-06
-6.94959e-06
-7.00037e-06
-7.00435e-06
-6.97206e-06
-6.91499e-06
-6.84559e-06
-6.77604e-06
-6.71713e-06
-6.67722e-06
-6.66438e-06
-6.6837e-06
-6.73482e-06
-6.81972e-06
-6.94479e-06
-7.11109e-06
-7.31569e-06
-7.55486e-06
-7.8255e-06
-8.12473e-06
-8.44924e-06
-8.79506e-06
-5.95028e-07
-8.08905e-07
-1.02186e-06
-1.23472e-06
-1.44893e-06
-1.666e-06
-1.88728e-06
-2.11397e-06
-2.34729e-06
-2.58852e-06
-2.83911e-06
-3.10058e-06
-3.37443e-06
-3.66204e-06
-3.9646e-06
-4.28286e-06
-4.61718e-06
-4.96707e-06
-5.33078e-06
-5.70575e-06
-6.08515e-06
-6.46015e-06
-6.80551e-06
-7.09176e-06
-7.31681e-06
-7.48954e-06
-7.61906e-06
-7.71329e-06
-7.7813e-06
-7.83272e-06
-7.87646e-06
-7.92024e-06
-7.96989e-06
-8.03074e-06
-8.10792e-06
-8.20509e-06
-8.3247e-06
-8.4685e-06
-8.63731e-06
-8.83045e-06
-9.04681e-06
-9.28537e-06
-9.5448e-06
-9.82316e-06
-1.0118e-05
2.8048e-07
2.78441e-08
-2.26651e-07
-4.82712e-07
-7.41214e-07
-1.00367e-06
-1.27144e-06
-1.54558e-06
-1.82703e-06
-2.11686e-06
-2.41629e-06
-2.72656e-06
-3.04893e-06
-3.38453e-06
-3.73437e-06
-4.09922e-06
-4.47947e-06
-4.87507e-06
-5.28495e-06
-5.70736e-06
-6.13908e-06
-6.57503e-06
-6.98943e-06
-7.35423e-06
-7.66551e-06
-7.92855e-06
-8.14983e-06
-8.3363e-06
-8.49528e-06
-8.63414e-06
-8.7594e-06
-8.87679e-06
-8.99192e-06
-9.109e-06
-9.23198e-06
-9.36603e-06
-9.51267e-06
-9.67271e-06
-9.84599e-06
-1.0033e-05
-1.02344e-05
-1.04504e-05
-1.06805e-05
-1.09236e-05
-1.11785e-05
9.34762e-07
6.49722e-07
3.61744e-07
7.07916e-08
-2.23994e-07
-5.2384e-07
-8.29811e-07
-1.14272e-06
-1.46336e-06
-1.79261e-06
-2.13147e-06
-2.48097e-06
-2.84212e-06
-3.21585e-06
-3.60302e-06
-4.00432e-06
-4.42018e-06
-4.85071e-06
-5.2954e-06
-5.75325e-06
-6.22238e-06
-6.69965e-06
-7.16044e-06
-7.57682e-06
-7.94404e-06
-8.26623e-06
-8.54874e-06
-8.79739e-06
-9.01802e-06
-9.21631e-06
-9.39751e-06
-9.56644e-06
-9.72748e-06
-9.88408e-06
-1.00395e-05
-1.01964e-05
-1.0358e-05
-1.0525e-05
-1.06982e-05
-1.08788e-05
-1.1068e-05
-1.12661e-05
-1.1473e-05
-1.16885e-05
-1.19123e-05
1.4135e-06
1.10084e-06
7.84456e-07
4.63933e-07
1.38514e-07
-1.92638e-07
-5.30256e-07
-8.74977e-07
-1.22745e-06
-1.5884e-06
-1.95861e-06
-2.33887e-06
-2.72999e-06
-3.1327e-06
-3.54769e-06
-3.97554e-06
-4.41664e-06
-4.87112e-06
-5.33879e-06
-5.81898e-06
-6.31049e-06
-6.81129e-06
-7.29816e-06
-7.74418e-06
-8.14488e-06
-8.50401e-06
-8.82595e-06
-9.11542e-06
-9.37709e-06
-9.61552e-06
-9.83488e-06
-1.0039e-05
-1.02311e-05
-1.04143e-05
-1.05914e-05
-1.07653e-05
-1.09379e-05
-1.11107e-05
-1.12852e-05
-1.14627e-05
-1.16442e-05
-1.18303e-05
-1.20214e-05
-1.22177e-05
-1.24195e-05
1.74554e-06
1.40987e-06
1.06969e-06
7.24602e-07
3.74056e-07
1.75201e-08
-3.4551e-07
-7.15513e-07
-1.09299e-06
-1.47847e-06
-1.87255e-06
-2.2758e-06
-2.68883e-06
-3.11217e-06
-3.54634e-06
-3.99177e-06
-4.44876e-06
-4.91742e-06
-5.39764e-06
-5.88893e-06
-6.39044e-06
-6.90066e-06
-7.39825e-06
-7.85841e-06
-8.2771e-06
-8.65764e-06
-9.00363e-06
-9.31886e-06
-9.60711e-06
-9.872e-06
-1.01169e-05
-1.03448e-05
-1.05586e-05
-1.07608e-05
-1.09536e-05
-1.11401e-05
-1.13217e-05
-1.15001e-05
-1.16769e-05
-1.18533e-05
-1.20303e-05
-1.22087e-05
-1.23893e-05
-1.25727e-05
-1.27594e-05
1.96542e-06
1.61071e-06
1.25096e-06
8.85899e-07
5.15175e-07
1.38453e-07
-2.44585e-07
-6.34253e-07
-1.03088e-06
-1.43484e-06
-1.84651e-06
-2.26629e-06
-2.69458e-06
-3.13175e-06
-3.57814e-06
-4.03401e-06
-4.49957e-06
-4.97483e-06
-5.45971e-06
-5.95376e-06
-6.45634e-06
-6.96621e-06
-7.46426e-06
-7.92821e-06
-8.35445e-06
-8.74582e-06
-9.10528e-06
-9.43589e-06
-9.74068e-06
-1.00225e-05
-1.02842e-05
-1.05284e-05
-1.07575e-05
-1.09744e-05
-1.11782e-05
-1.13742e-05
-1.15632e-05
-1.17467e-05
-1.1926e-05
-1.21026e-05
-1.22774e-05
-1.24515e-05
-1.26258e-05
-1.28011e-05
-1.2978e-05
2.10426e-06
1.73382e-06
1.35809e-06
9.76903e-07
5.90067e-07
1.97411e-07
-2.01214e-07
-6.05964e-07
-1.01702e-06
-1.43459e-06
-1.85889e-06
-2.29014e-06
-2.72858e-06
-3.1744e-06
-3.62779e-06
-4.08886e-06
-4.5577e-06
-5.03424e-06
-5.51835e-06
-6.00961e-06
-6.50748e-06
-7.01091e-06
-7.50301e-06
-7.96421e-06
-8.3913e-06
-8.78664e-06
-9.15259e-06
-9.49164e-06
-9.80626e-06
-1.00988e-05
-1.03716e-05
-1.06265e-05
-1.08655e-05
-1.10902e-05
-1.13055e-05
-1.15095e-05
-1.17046e-05
-1.18925e-05
-1.20748e-05
-1.22526e-05
-1.24272e-05
-1.25996e-05
-1.27708e-05
-1.29416e-05
-1.31129e-05
2.18671e-06
1.80334e-06
1.4146e-06
1.02043e-06
6.20771e-07
2.15606e-07
-1.95074e-07
-6.11291e-07
-1.03309e-06
-1.46055e-06
-1.89373e-06
-2.3327e-06
-2.77755e-06
-3.22833e-06
-3.68509e-06
-4.1478e-06
-4.61645e-06
-5.09086e-06
-5.57087e-06
-6.05603e-06
-6.54589e-06
-7.03948e-06
-7.52208e-06
-7.97681e-06
-8.40077e-06
-8.79581e-06
-9.16383e-06
-9.50688e-06
-9.82697e-06
-1.0126e-05
-1.04059e-05
-1.06683e-05
-1.09149e-05
-1.11475e-05
-1.13686e-05
-1.15785e-05
-1.17787e-05
-1.19709e-05
-1.21562e-05
-1.23361e-05
-1.25117e-05
-1.26841e-05
-1.28543e-05
-1.30234e-05
-1.31922e-05
2.23174e-06
1.83772e-06
1.43836e-06
1.0337e-06
6.23803e-07
2.08789e-07
-2.11242e-07
-6.36204e-07
-1.06603e-06
-1.50065e-06
-1.94003e-06
-2.3841e-06
-2.83282e-06
-3.2861e-06
-3.74388e-06
-4.20603e-06
-4.67241e-06
-5.14279e-06
-5.61692e-06
-6.09434e-06
-6.57464e-06
-7.05689e-06
-7.52842e-06
-7.97484e-06
-8.39348e-06
-8.78573e-06
-9.15317e-06
-9.49746e-06
-9.82023e-06
-1.01231e-05
-1.04075e-05
-1.0675e-05
-1.0927e-05
-1.1165e-05
-1.13909e-05
-1.16055e-05
-1.181e-05
-1.20058e-05
-1.21943e-05
-1.23766e-05
-1.25539e-05
-1.27275e-05
-1.28982e-05
-1.30673e-05
-1.32357e-05
2.25318e-06
1.85029e-06
1.44217e-06
1.02894e-06
6.10778e-07
1.87903e-07
-2.39493e-07
-6.71227e-07
-1.10713e-06
-1.54704e-06
-1.99078e-06
-2.43821e-06
-2.88915e-06
-3.34343e-06
-3.80087e-06
-4.26123e-06
-4.7243e-06
-5.18974e-06
-5.65728e-06
-6.12641e-06
-6.59675e-06
-7.06737e-06
-7.52748e-06
-7.96492e-06
-8.37722e-06
-8.76541e-06
-9.13077e-06
-9.47466e-06
-9.79839e-06
-1.01032e-05
-1.03905e-05
-1.06614e-05
-1.09172e-05
-1.11592e-05
-1.13889e-05
-1.16072e-05
-1.18153e-05
-1.20144e-05
-1.22057e-05
-1.23906e-05
-1.257e-05
-1.27453e-05
-1.29174e-05
-1.30875e-05
-1.32567e-05
2.26052e-06
1.85016e-06
1.4347e-06
1.01435e-06
5.89395e-07
1.60113e-07
-2.73218e-07
-7.10332e-07
-1.15097e-06
-1.59488e-06
-2.0418e-06
-2.49148e-06
-2.94367e-06
-3.39808e-06
-3.85446e-06
-4.31247e-06
-4.77182e-06
-5.23212e-06
-5.69302e-06
-6.15397e-06
-6.61462e-06
-7.07403e-06
-7.52308e-06
-7.9516e-06
-8.35728e-06
-8.74087e-06
-9.10342e-06
-9.446e-06
-9.76967e-06
-1.00754e-05
-1.03644e-05
-1.06376e-05
-1.08961e-05
-1.1141e-05
-1.13736e-05
-1.1595e-05
-1.18061e-05
-1.2008e-05
-1.22019e-05
-1.23892e-05
-1.25708e-05
-1.2748e-05
-1.29219e-05
-1.30936e-05
-1.32643e-05
2.26002e-06
1.84326e-06
1.42155e-06
9.95186e-07
5.64509e-07
1.29878e-07
-3.08366e-07
-7.49883e-07
-1.19434e-06
-1.6414e-06
-2.09074e-06
-2.54201e-06
-2.99489e-06
-3.449e-06
-3.90401e-06
-4.35953e-06
-4.81516e-06
-5.27048e-06
-5.72506e-06
-6.17833e-06
-6.62994e-06
-7.07892e-06
-7.51765e-06
-7.9377e-06
-8.33693e-06
-8.71587e-06
-9.07534e-06
-9.41617e-06
-9.73919e-06
-1.00452e-05
-1.03351e-05
-1.06098e-05
-1.08703e-05
-1.11174e-05
-1.13523e-05
-1.15761e-05
-1.17897e-05
-1.19939e-05
-1.21902e-05
-1.23796e-05
-1.25633e-05
-1.27424e-05
-1.29182e-05
-1.30917e-05
-1.32641e-05
2.2556e-06
1.83328e-06
1.40616e-06
9.74606e-07
5.39021e-07
9.98191e-08
-3.42598e-07
-7.87829e-07
-1.23547e-06
-1.68513e-06
-2.1364e-06
-2.58888e-06
-3.04215e-06
-3.49579e-06
-3.94939e-06
-4.40248e-06
-4.85462e-06
-5.30531e-06
-5.7541e-06
-6.20036e-06
-6.64373e-06
-7.08323e-06
-7.51256e-06
-7.9248e-06
-8.31799e-06
-8.69248e-06
-9.04888e-06
-9.38781e-06
-9.70989e-06
-1.00158e-05
-1.03062e-05
-1.05819e-05
-1.08437e-05
-1.10926e-05
-1.13292e-05
-1.1555e-05
-1.17706e-05
-1.19768e-05
-1.2175e-05
-1.23663e-05
-1.25519e-05
-1.27328e-05
-1.29104e-05
-1.30857e-05
-1.32599e-05
2.24959e-06
1.82238e-06
1.39052e-06
9.54417e-07
5.14546e-07
7.1362e-08
-3.7468e-07
-8.23123e-07
-1.27351e-06
-1.72538e-06
-2.17828e-06
-2.63173e-06
-3.08527e-06
-3.53841e-06
-3.99067e-06
-4.44153e-06
-4.8905e-06
-5.33703e-06
-5.7806e-06
-6.22058e-06
-6.65656e-06
-7.08757e-06
-7.50845e-06
-7.91363e-06
-8.30131e-06
-8.67167e-06
-9.02516e-06
-9.3622e-06
-9.68325e-06
-9.98881e-06
-1.02795e-05
-1.05559e-05
-1.08187e-05
-1.10687e-05
-1.13069e-05
-1.15341e-05
-1.17515e-05
-1.19593e-05
-1.21591e-05
-1.2352e-05
-1.25392e-05
-1.27217e-05
-1.29009e-05
-1.30778e-05
-1.32536e-05
2.24331e-06
1.81175e-06
1.37568e-06
9.35554e-07
4.91891e-07
4.51871e-08
-4.04055e-07
-8.5533e-07
-1.30813e-06
-1.76195e-06
-2.21627e-06
-2.67057e-06
-3.12433e-06
-3.577e-06
-4.02806e-06
-4.47694e-06
-4.92309e-06
-5.36591e-06
-5.80487e-06
-6.23927e-06
-6.6687e-06
-7.09217e-06
-7.50553e-06
-7.90438e-06
-8.28711e-06
-8.65374e-06
-9.00455e-06
-9.33981e-06
-9.65982e-06
-9.96496e-06
-1.02557e-05
-1.05326e-05
-1.07962e-05
-1.10472e-05
-1.12864e-05
-1.1515e-05
-1.17337e-05
-1.19428e-05
-1.2144e-05
-1.23382e-05
-1.25267e-05
-1.27106e-05
-1.28911e-05
-1.30694e-05
-1.32468e-05
2.23741e-06
1.80198e-06
1.36215e-06
9.18445e-07
4.71402e-07
2.15616e-08
-4.30532e-07
-8.84331e-07
-1.33929e-06
-1.79484e-06
-2.25044e-06
-2.7055e-06
-3.15947e-06
-3.61175e-06
-4.06177e-06
-4.50891e-06
-4.95258e-06
-5.39216e-06
-5.82705e-06
-6.25655e-06
-6.68021e-06
-7.09703e-06
-7.50372e-06
-7.89697e-06
-8.2753e-06
-8.63861e-06
-8.98701e-06
-9.32063e-06
-9.63966e-06
-9.94437e-06
-1.02351e-05
-1.05123e-05
-1.07766e-05
-1.10282e-05
-1.12684e-05
-1.14981e-05
-1.17178e-05
-1.1928e-05
-1.21302e-05
-1.23256e-05
-1.25152e-05
-1.27002e-05
-1.28818e-05
-1.30613e-05
-1.32399e-05
2.2322e-06
1.79331e-06
1.35014e-06
9.03242e-07
4.53186e-07
5.48357e-10
-4.5409e-07
-9.10145e-07
-1.36703e-06
-1.82414e-06
-2.28089e-06
-2.73666e-06
-3.19085e-06
-3.64282e-06
-4.09195e-06
-4.53759e-06
-4.97912e-06
-5.41586e-06
-5.84721e-06
-6.27243e-06
-6.69104e-06
-7.10203e-06
-7.50287e-06
-7.89119e-06
-8.26565e-06
-8.62602e-06
-8.97229e-06
-9.30445e-06
-9.62259e-06
-9.92687e-06
-1.02176e-05
-1.0495e-05
-1.07598e-05
-1.1012e-05
-1.12529e-05
-1.14835e-05
-1.1704e-05
-1.19151e-05
-1.21182e-05
-1.23144e-05
-1.25049e-05
-1.26908e-05
-1.28733e-05
-1.30538e-05
-1.32335e-05
2.22769e-06
1.7857e-06
1.33953e-06
8.89765e-07
4.37005e-07
-1.81439e-08
-4.7507e-07
-9.33155e-07
-1.39178e-06
-1.85031e-06
-2.30811e-06
-2.76455e-06
-3.21896e-06
-3.67069e-06
-4.11907e-06
-4.56343e-06
-5.00311e-06
-5.43739e-06
-5.86565e-06
-6.28712e-06
-6.7013e-06
-7.10715e-06
-7.50278e-06
-7.88671e-06
-8.25775e-06
-8.61553e-06
-8.95991e-06
-9.29078e-06
-9.60813e-06
-9.91204e-06
-1.02027e-05
-1.04803e-05
-1.07455e-05
-1.09982e-05
-1.12397e-05
-1.14711e-05
-1.16922e-05
-1.1904e-05
-1.21078e-05
-1.23047e-05
-1.24959e-05
-1.26825e-05
-1.28658e-05
-1.3047e-05
-1.32276e-05
2.22368e-06
1.77872e-06
1.3297e-06
8.77209e-07
4.21877e-07
-3.56607e-08
-4.94764e-07
-9.54787e-07
-1.41507e-06
-1.87497e-06
-2.33379e-06
-2.79088e-06
-3.24554e-06
-3.69709e-06
-4.14482e-06
-4.58802e-06
-5.026e-06
-5.45803e-06
-5.88344e-06
-6.30144e-06
-6.71152e-06
-7.11258e-06
-7.50335e-06
-7.88317e-06
-8.25101e-06
-8.60637e-06
-8.949e-06
-9.27867e-06
-9.59529e-06
-9.89884e-06
-1.01894e-05
-1.04672e-05
-1.07327e-05
-1.0986e-05
-1.1228e-05
-1.14599e-05
-1.16817e-05
-1.18941e-05
-1.20984e-05
-1.22959e-05
-1.24876e-05
-1.26748e-05
-1.28587e-05
-1.30406e-05
-1.32219e-05
2.22016e-06
1.77236e-06
1.32055e-06
8.65383e-07
4.07512e-07
-5.23924e-08
-5.13659e-07
-9.75609e-07
-1.43755e-06
-1.8988e-06
-2.35865e-06
-2.81639e-06
-3.27131e-06
-3.72267e-06
-4.16974e-06
-4.6118e-06
-5.04811e-06
-5.47793e-06
-5.90057e-06
-6.31524e-06
-6.72141e-06
-7.11797e-06
-7.50429e-06
-7.88045e-06
-8.24537e-06
-8.59847e-06
-8.93941e-06
-9.26791e-06
-9.58377e-06
-9.8869e-06
-1.01773e-05
-1.04552e-05
-1.07209e-05
-1.09745e-05
-1.12171e-05
-1.14495e-05
-1.16718e-05
-1.18848e-05
-1.20897e-05
-1.22878e-05
-1.24801e-05
-1.26678e-05
-1.28523e-05
-1.30348e-05
-1.32166e-05
-3.92837e-06
-9.3831e-06
-9.7619e-06
-9.98982e-06
-1.05085e-05
-1.12183e-05
-1.20764e-05
-1.30586e-05
-1.41535e-05
-1.53583e-05
-1.66746e-05
-1.81073e-05
-1.96633e-05
-2.13515e-05
-2.31804e-05
-7.36811e-07
-6.16453e-06
-8.05533e-06
-9.127e-06
-1.00492e-05
-1.09557e-05
-1.1918e-05
-1.29606e-05
-1.40922e-05
-1.53196e-05
-1.66497e-05
-1.809e-05
-1.96493e-05
-2.13378e-05
-2.31645e-05
1.26294e-06
-3.94559e-06
-6.69011e-06
-8.32987e-06
-9.58262e-06
-1.06808e-05
-1.17521e-05
-1.28589e-05
-1.40295e-05
-1.52809e-05
-1.66251e-05
-1.80732e-05
-1.96357e-05
-2.1324e-05
-2.31481e-05
2.13567e-06
-2.48994e-06
-5.55873e-06
-7.58033e-06
-9.10765e-06
-1.03913e-05
-1.15776e-05
-1.27538e-05
-1.39665e-05
-1.52432e-05
-1.66022e-05
-1.80581e-05
-1.96235e-05
-2.13112e-05
-2.3132e-05
2.50208e-06
-1.34722e-06
-4.46197e-06
-6.77177e-06
-8.56175e-06
-1.00443e-05
-1.13651e-05
-1.26265e-05
-1.38917e-05
-1.51999e-05
-1.6577e-05
-1.80421e-05
-1.96109e-05
-2.12978e-05
-2.31149e-05
2.70481e-06
-5.18611e-07
-3.47212e-06
-5.92743e-06
-7.93501e-06
-9.61664e-06
-1.10905e-05
-1.24574e-05
-1.37911e-05
-1.51416e-05
-1.65434e-05
-1.80216e-05
-1.95956e-05
-2.12823e-05
-2.30953e-05
2.71234e-06
5.19418e-09
-2.68404e-06
-5.13493e-06
-7.27083e-06
-9.11776e-06
-1.07444e-05
-1.22312e-05
-1.36498e-05
-1.50565e-05
-1.64929e-05
-1.79905e-05
-1.95733e-05
-2.12616e-05
-2.30709e-05
2.51316e-06
2.3482e-07
-2.15177e-06
-4.48233e-06
-6.64162e-06
-8.58933e-06
-1.03415e-05
-1.19454e-05
-1.34581e-05
-1.4933e-05
-1.6415e-05
-1.79403e-05
-1.95376e-05
-2.12306e-05
-2.30376e-05
2.13607e-06
2.07687e-07
-1.8818e-06
-4.02567e-06
-6.11849e-06
-8.09093e-06
-9.91945e-06
-1.16171e-05
-1.32184e-05
-1.47658e-05
-1.63013e-05
-1.78622e-05
-1.94801e-05
-2.1182e-05
-2.2989e-05
1.61175e-06
-3.28777e-08
-1.85282e-06
-3.78497e-06
-5.75054e-06
-7.67897e-06
-9.52612e-06
-1.12786e-05
-1.29477e-05
-1.45603e-05
-1.61497e-05
-1.775e-05
-1.93932e-05
-2.11077e-05
-2.2917e-05
9.63053e-07
-4.50203e-07
-2.03436e-06
-3.75526e-06
-5.56101e-06
-7.39388e-06
-9.20564e-06
-1.09676e-05
-1.26728e-05
-1.43316e-05
-1.59659e-05
-1.7603e-05
-1.92719e-05
-2.10002e-05
-2.28125e-05
2.03805e-07
-1.01837e-06
-2.39873e-06
-3.92112e-06
-5.5548e-06
-7.25884e-06
-8.99133e-06
-1.0719e-05
-1.24232e-05
-1.41009e-05
-1.57622e-05
-1.74257e-05
-1.91147e-05
-2.0854e-05
-2.2667e-05
-6.59108e-07
-1.72117e-06
-2.92542e-06
-4.26639e-06
-5.72813e-06
-7.28502e-06
-8.90598e-06
-1.05608e-05
-1.22266e-05
-1.38913e-05
-1.55548e-05
-1.72268e-05
-1.89235e-05
-2.0665e-05
-2.24721e-05
-1.62237e-06
-2.5485e-06
-3.59999e-06
-4.77736e-06
-6.07415e-06
-7.47655e-06
-8.96461e-06
-1.05154e-05
-1.21074e-05
-1.3725e-05
-1.53609e-05
-1.7017e-05
-1.87022e-05
-2.04309e-05
-2.22197e-05
-2.68302e-06
-3.49255e-06
-4.41093e-06
-5.44173e-06
-6.58409e-06
-7.83226e-06
-9.17551e-06
-1.05991e-05
-1.20866e-05
-1.36232e-05
-1.51985e-05
-1.68087e-05
-1.84566e-05
-2.01504e-05
-2.19017e-05
-3.83643e-06
-4.54496e-06
-5.34672e-06
-6.24644e-06
-7.24622e-06
-8.34522e-06
-9.53925e-06
-1.08207e-05
-1.21794e-05
-1.3604e-05
-1.50848e-05
-1.66154e-05
-1.81941e-05
-1.9824e-05
-2.15119e-05
-5.07699e-06
-5.69665e-06
-6.39499e-06
-7.17682e-06
-8.04541e-06
-9.00248e-06
-1.00479e-05
-1.11792e-05
-1.23917e-05
-1.36788e-05
-1.50333e-05
-1.64494e-05
-1.79235e-05
-1.94552e-05
-2.10471e-05
-6.39449e-06
-6.93456e-06
-7.53965e-06
-8.21411e-06
-8.96133e-06
-9.78404e-06
-1.06842e-05
-1.16624e-05
-1.27179e-05
-1.38483e-05
-1.505e-05
-1.63194e-05
-1.76532e-05
-1.90497e-05
-2.05091e-05
-7.76567e-06
-8.23283e-06
-8.75227e-06
-9.32752e-06
-9.96152e-06
-1.0657e-05
-1.14166e-05
-1.22425e-05
-1.31361e-05
-1.40981e-05
-1.5128e-05
-1.62248e-05
-1.73873e-05
-1.86143e-05
-1.99054e-05
-9.16216e-06
-9.56006e-06
-9.99825e-06
-1.04795e-05
-1.1006e-05
-1.15801e-05
-1.22042e-05
-1.28809e-05
-1.36126e-05
-1.44015e-05
-1.52492e-05
-1.61572e-05
-1.71264e-05
-1.81576e-05
-1.92514e-05
-1.04298e-05
-1.07655e-05
-1.11314e-05
-1.15291e-05
-1.19603e-05
-1.24265e-05
-1.29299e-05
-1.34728e-05
-1.40577e-05
-1.46871e-05
-1.5364e-05
-1.60908e-05
-1.68706e-05
-1.77061e-05
-1.85999e-05
-1.1446e-05
-1.17307e-05
-1.20369e-05
-1.23659e-05
-1.2719e-05
-1.30976e-05
-1.35035e-05
-1.39387e-05
-1.44054e-05
-1.49064e-05
-1.54447e-05
-1.60236e-05
-1.66471e-05
-1.73195e-05
-1.80452e-05
-1.21452e-05
-1.23911e-05
-1.26528e-05
-1.29312e-05
-1.32274e-05
-1.35427e-05
-1.38785e-05
-1.42367e-05
-1.46193e-05
-1.5029e-05
-1.54688e-05
-1.59422e-05
-1.64537e-05
-1.70085e-05
-1.76121e-05
-1.26279e-05
-1.28457e-05
-1.30751e-05
-1.33169e-05
-1.35721e-05
-1.3842e-05
-1.4128e-05
-1.44317e-05
-1.47552e-05
-1.51009e-05
-1.54717e-05
-1.58714e-05
-1.63044e-05
-1.67761e-05
-1.72925e-05
-1.29505e-05
-1.31484e-05
-1.3355e-05
-1.35711e-05
-1.37977e-05
-1.40362e-05
-1.42877e-05
-1.45541e-05
-1.48372e-05
-1.51393e-05
-1.54634e-05
-1.58131e-05
-1.61925e-05
-1.66072e-05
-1.70628e-05
-1.31578e-05
-1.33426e-05
-1.35341e-05
-1.37332e-05
-1.39409e-05
-1.41585e-05
-1.43875e-05
-1.46293e-05
-1.4886e-05
-1.51596e-05
-1.54532e-05
-1.57698e-05
-1.61136e-05
-1.64898e-05
-1.69034e-05
-1.32861e-05
-1.34631e-05
-1.36454e-05
-1.3834e-05
-1.40301e-05
-1.42349e-05
-1.44498e-05
-1.46764e-05
-1.49166e-05
-1.51724e-05
-1.54466e-05
-1.57421e-05
-1.60626e-05
-1.64129e-05
-1.67975e-05
-1.33622e-05
-1.35352e-05
-1.37125e-05
-1.38954e-05
-1.4085e-05
-1.42826e-05
-1.44895e-05
-1.47074e-05
-1.49379e-05
-1.51831e-05
-1.54455e-05
-1.57277e-05
-1.60332e-05
-1.63661e-05
-1.67305e-05
-1.34048e-05
-1.35763e-05
-1.37516e-05
-1.3932e-05
-1.41186e-05
-1.43127e-05
-1.45157e-05
-1.47291e-05
-1.49545e-05
-1.51939e-05
-1.54494e-05
-1.57235e-05
-1.60194e-05
-1.63404e-05
-1.66902e-05
-1.34263e-05
-1.35981e-05
-1.37733e-05
-1.39532e-05
-1.41391e-05
-1.43322e-05
-1.45338e-05
-1.47454e-05
-1.49686e-05
-1.52051e-05
-1.54569e-05
-1.57262e-05
-1.60158e-05
-1.63285e-05
-1.66676e-05
-1.34353e-05
-1.36082e-05
-1.37843e-05
-1.39651e-05
-1.41515e-05
-1.4345e-05
-1.45468e-05
-1.47583e-05
-1.49809e-05
-1.52163e-05
-1.54663e-05
-1.57328e-05
-1.60182e-05
-1.63249e-05
-1.66558e-05
-1.34368e-05
-1.36113e-05
-1.3789e-05
-1.39712e-05
-1.4159e-05
-1.43536e-05
-1.45564e-05
-1.47686e-05
-1.49916e-05
-1.5227e-05
-1.54762e-05
-1.5741e-05
-1.60236e-05
-1.63258e-05
-1.66502e-05
-1.34344e-05
-1.36106e-05
-1.379e-05
-1.39738e-05
-1.41632e-05
-1.43594e-05
-1.45635e-05
-1.47769e-05
-1.50008e-05
-1.52366e-05
-1.54857e-05
-1.57495e-05
-1.60299e-05
-1.63286e-05
-1.66476e-05
-1.34299e-05
-1.36078e-05
-1.37889e-05
-1.39744e-05
-1.41654e-05
-1.43631e-05
-1.45687e-05
-1.47834e-05
-1.50084e-05
-1.52448e-05
-1.54941e-05
-1.57573e-05
-1.60361e-05
-1.63319e-05
-1.66463e-05
-1.34245e-05
-1.3604e-05
-1.37867e-05
-1.39737e-05
-1.41662e-05
-1.43654e-05
-1.45725e-05
-1.47885e-05
-1.50145e-05
-1.52517e-05
-1.55011e-05
-1.5764e-05
-1.60415e-05
-1.63348e-05
-1.66453e-05
-1.3419e-05
-1.35999e-05
-1.37839e-05
-1.39723e-05
-1.41662e-05
-1.43667e-05
-1.45751e-05
-1.47922e-05
-1.50192e-05
-1.52571e-05
-1.55068e-05
-1.57694e-05
-1.60458e-05
-1.63369e-05
-1.66439e-05
-1.34137e-05
-1.35957e-05
-1.37809e-05
-1.39704e-05
-1.41655e-05
-1.43673e-05
-1.45767e-05
-1.47949e-05
-1.50228e-05
-1.52613e-05
-1.55113e-05
-1.57736e-05
-1.6049e-05
-1.63382e-05
-1.66422e-05
-1.34087e-05
-1.35917e-05
-1.37778e-05
-1.39683e-05
-1.41645e-05
-1.43672e-05
-1.45777e-05
-1.47968e-05
-1.50254e-05
-1.52645e-05
-1.55147e-05
-1.57767e-05
-1.60512e-05
-1.63388e-05
-1.66401e-05
-1.34038e-05
-1.35876e-05
-1.37746e-05
-1.3966e-05
-1.4163e-05
-1.43667e-05
-1.4578e-05
-1.4798e-05
-1.50273e-05
-1.52668e-05
-1.55172e-05
-1.5779e-05
-1.60528e-05
-1.63387e-05
-1.66375e-05
-1.33992e-05
-1.35838e-05
-1.37715e-05
-1.39637e-05
-1.41615e-05
-1.4366e-05
-1.45781e-05
-1.47987e-05
-1.50286e-05
-1.52686e-05
-1.55191e-05
-1.57807e-05
-1.60537e-05
-1.63382e-05
-1.66346e-05
-4.59803e-06
-4.60066e-06
-4.60666e-06
-4.61524e-06
-4.62571e-06
-4.63758e-06
-4.65044e-06
-4.66398e-06
-4.67799e-06
-4.69234e-06
-4.70693e-06
-4.72172e-06
-4.73662e-06
-4.7515e-06
-4.76616e-06
-4.78026e-06
-4.79325e-06
-4.80433e-06
-4.81225e-06
-4.81519e-06
-4.81067e-06
-4.79545e-06
-4.76341e-06
-4.70749e-06
-4.62219e-06
-4.50245e-06
-4.34378e-06
-4.14341e-06
-3.90175e-06
-3.62222e-06
-3.30675e-06
-2.96161e-06
-2.60766e-06
-2.26245e-06
-1.94378e-06
-1.66804e-06
-1.44827e-06
-1.29301e-06
-1.20336e-06
-1.17258e-06
-1.18733e-06
-1.23013e-06
-1.28275e-06
-1.32671e-06
-1.34773e-06
-4.58789e-06
-4.59119e-06
-4.59618e-06
-4.60281e-06
-4.61072e-06
-4.61957e-06
-4.62909e-06
-4.63904e-06
-4.64926e-06
-4.65956e-06
-4.6698e-06
-4.67985e-06
-4.68953e-06
-4.69867e-06
-4.70701e-06
-4.7142e-06
-4.71975e-06
-4.72291e-06
-4.72256e-06
-4.71696e-06
-4.7036e-06
-4.67885e-06
-4.63686e-06
-4.57228e-06
-4.48075e-06
-4.35791e-06
-4.2001e-06
-4.00517e-06
-3.773e-06
-3.50552e-06
-3.20897e-06
-2.89746e-06
-2.58186e-06
-2.27495e-06
-1.99206e-06
-1.74839e-06
-1.55599e-06
-1.42025e-06
-1.33981e-06
-1.30723e-06
-1.31068e-06
-1.33655e-06
-1.37194e-06
-1.40723e-06
-1.43631e-06
-4.5723e-06
-4.57805e-06
-4.58416e-06
-4.59104e-06
-4.5987e-06
-4.60691e-06
-4.61548e-06
-4.62427e-06
-4.63315e-06
-4.64199e-06
-4.65066e-06
-4.65905e-06
-4.667e-06
-4.67438e-06
-4.68102e-06
-4.68675e-06
-4.69133e-06
-4.69447e-06
-4.69568e-06
-4.69408e-06
-4.68822e-06
-4.67533e-06
-4.64982e-06
-4.60567e-06
-4.53699e-06
-4.43732e-06
-4.30085e-06
-4.12366e-06
-3.90454e-06
-3.64537e-06
-3.35106e-06
-3.03337e-06
-2.70671e-06
-2.38691e-06
-2.09093e-06
-1.83458e-06
-1.63011e-06
-1.48396e-06
-1.39581e-06
-1.35899e-06
-1.36225e-06
-1.3921e-06
-1.43546e-06
-1.48429e-06
-1.538e-06
-4.55363e-06
-4.56246e-06
-4.57027e-06
-4.57804e-06
-4.58613e-06
-4.59444e-06
-4.60286e-06
-4.61133e-06
-4.6198e-06
-4.62819e-06
-4.63644e-06
-4.64449e-06
-4.65229e-06
-4.65982e-06
-4.66713e-06
-4.67439e-06
-4.68192e-06
-4.69023e-06
-4.70001e-06
-4.71199e-06
-4.72664e-06
-4.74293e-06
-4.75474e-06
-4.75283e-06
-4.7276e-06
-4.66858e-06
-4.56621e-06
-4.41439e-06
-4.21077e-06
-3.95733e-06
-3.65976e-06
-3.32891e-06
-2.98014e-06
-2.63121e-06
-2.30128e-06
-2.00879e-06
-1.76895e-06
-1.59139e-06
-1.47864e-06
-1.42606e-06
-1.42322e-06
-1.45598e-06
-1.50946e-06
-1.57497e-06
-1.65374e-06
-4.53486e-06
-4.54687e-06
-4.5566e-06
-4.56561e-06
-4.5746e-06
-4.58356e-06
-4.59247e-06
-4.60137e-06
-4.61028e-06
-4.61922e-06
-4.62819e-06
-4.63723e-06
-4.64641e-06
-4.65591e-06
-4.66609e-06
-4.67761e-06
-4.69155e-06
-4.70959e-06
-4.7341e-06
-4.7681e-06
-4.8148e-06
-4.87582e-06
-4.94391e-06
-5.0039e-06
-5.04017e-06
-5.03643e-06
-4.97857e-06
-4.85999e-06
-4.67781e-06
-4.43346e-06
-4.13151e-06
-3.78363e-06
-3.4049e-06
-3.01449e-06
-2.63394e-06
-2.2852e-06
-1.98811e-06
-1.75757e-06
-1.6011e-06
-1.5178e-06
-1.4988e-06
-1.52906e-06
-1.59077e-06
-1.67315e-06
-1.77788e-06
-4.51804e-06
-4.53304e-06
-4.54472e-06
-4.55513e-06
-4.56528e-06
-4.57526e-06
-4.58514e-06
-4.59505e-06
-4.60512e-06
-4.61542e-06
-4.62607e-06
-4.6372e-06
-4.64905e-06
-4.66204e-06
-4.67688e-06
-4.69482e-06
-4.71784e-06
-4.74905e-06
-4.79286e-06
-4.85505e-06
-4.94219e-06
-5.0592e-06
-5.19711e-06
-5.33188e-06
-5.43958e-06
-5.49778e-06
-5.49226e-06
-5.41465e-06
-5.26004e-06
-5.03e-06
-4.72639e-06
-4.36122e-06
-3.95007e-06
-3.51263e-06
-3.0721e-06
-2.65396e-06
-2.28344e-06
-1.98224e-06
-1.76488e-06
-1.63603e-06
-1.58969e-06
-1.6102e-06
-1.67639e-06
-1.7746e-06
-1.90638e-06
-4.50459e-06
-4.5222e-06
-4.53568e-06
-4.5475e-06
-4.55893e-06
-4.57013e-06
-4.58127e-06
-4.59257e-06
-4.60423e-06
-4.61644e-06
-4.6294e-06
-4.64336e-06
-4.65871e-06
-4.67612e-06
-4.69669e-06
-4.72225e-06
-4.75579e-06
-4.80188e-06
-4.8672e-06
-4.96057e-06
-5.0921e-06
-5.27036e-06
-5.48399e-06
-5.69767e-06
-5.87871e-06
-6.00489e-06
-6.06052e-06
-6.02947e-06
-5.90358e-06
-5.68309e-06
-5.37918e-06
-5.00061e-06
-4.56115e-06
-4.07948e-06
-3.57924e-06
-3.08841e-06
-2.63729e-06
-2.25491e-06
-1.96418e-06
-1.77719e-06
-1.69252e-06
-1.69509e-06
-1.76063e-06
-1.87243e-06
-2.03165e-06
-4.49527e-06
-4.51509e-06
-4.53017e-06
-4.54333e-06
-4.55605e-06
-4.56855e-06
-4.58107e-06
-4.59393e-06
-4.60741e-06
-4.6218e-06
-4.63737e-06
-4.6545e-06
-4.67373e-06
-4.69593e-06
-4.72257e-06
-4.75605e-06
-4.80029e-06
-4.86133e-06
-4.94815e-06
-5.0727e-06
-5.24858e-06
-5.48805e-06
-5.77768e-06
-6.07081e-06
-6.32669e-06
-6.51727e-06
-6.62061e-06
-6.62354e-06
-6.5221e-06
-6.31798e-06
-6.01877e-06
-5.63308e-06
-5.1733e-06
-4.65633e-06
-4.10476e-06
-3.54746e-06
-3.01838e-06
-2.55315e-06
-2.18344e-06
-1.93006e-06
-1.79808e-06
-1.77472e-06
-1.83376e-06
-1.95585e-06
-2.14158e-06
-4.49036e-06
-4.51203e-06
-4.52851e-06
-4.54291e-06
-4.55685e-06
-4.57063e-06
-4.58453e-06
-4.59896e-06
-4.61429e-06
-4.63087e-06
-4.64909e-06
-4.66939e-06
-4.69246e-06
-4.71935e-06
-4.75183e-06
-4.7928e-06
-4.847e-06
-4.92182e-06
-5.0284e-06
-5.18193e-06
-5.39884e-06
-5.69484e-06
-6.05492e-06
-6.42017e-06
-6.74069e-06
-6.98333e-06
-7.12536e-06
-7.15607e-06
-7.07388e-06
-6.88191e-06
-6.58752e-06
-6.19886e-06
-5.72657e-06
-5.18506e-06
-4.59473e-06
-3.98352e-06
-3.38697e-06
-2.84551e-06
-2.39876e-06
-2.07652e-06
-1.89175e-06
-1.83596e-06
-1.88268e-06
-2.01084e-06
-2.22064e-06
-4.48981e-06
-4.51307e-06
-4.53077e-06
-4.54629e-06
-4.56136e-06
-4.5763e-06
-4.59147e-06
-4.60735e-06
-4.62437e-06
-4.64298e-06
-4.66362e-06
-4.68683e-06
-4.7134e-06
-4.74453e-06
-4.7822e-06
-4.82974e-06
-4.89257e-06
-4.9792e-06
-5.10272e-06
-5.28173e-06
-5.53432e-06
-5.87939e-06
-6.3007e-06
-6.72715e-06
-7.09948e-06
-7.38136e-06
-7.55062e-06
-7.59878e-06
-7.52682e-06
-7.34044e-06
-7.04778e-06
-6.65687e-06
-6.17682e-06
-5.61959e-06
-5.0027e-06
-4.35193e-06
-3.70232e-06
-3.09673e-06
-2.58125e-06
-2.19337e-06
-1.95456e-06
-1.86225e-06
-1.89162e-06
-2.02119e-06
-2.25121e-06
-4.4934e-06
-4.51808e-06
-4.53686e-06
-4.55339e-06
-4.56947e-06
-4.58541e-06
-4.60165e-06
-4.61872e-06
-4.63716e-06
-4.65744e-06
-4.68011e-06
-4.70577e-06
-4.73528e-06
-4.76996e-06
-4.81195e-06
-4.86488e-06
-4.93471e-06
-5.03085e-06
-5.16784e-06
-5.36753e-06
-5.6499e-06
-6.03749e-06
-6.5082e-06
-6.9838e-06
-7.39474e-06
-7.70278e-06
-7.88669e-06
-7.94072e-06
-7.86898e-06
-7.68003e-06
-7.3833e-06
-6.98724e-06
-6.50001e-06
-5.93155e-06
-5.2967e-06
-4.61842e-06
-3.92972e-06
-3.2737e-06
-2.70182e-06
-2.25572e-06
-1.96526e-06
-1.83497e-06
-1.8433e-06
-1.96969e-06
-2.21516e-06
-4.50082e-06
-4.52688e-06
-4.54666e-06
-4.56408e-06
-4.58101e-06
-4.59776e-06
-4.6148e-06
-4.63274e-06
-4.65217e-06
-4.67368e-06
-4.69784e-06
-4.72534e-06
-4.7571e-06
-4.79451e-06
-4.83985e-06
-4.89693e-06
-4.97212e-06
-5.07557e-06
-5.22281e-06
-5.43728e-06
-5.74418e-06
-6.16738e-06
-6.67739e-06
-7.18949e-06
-7.62656e-06
-7.94855e-06
-8.13553e-06
-8.1847e-06
-8.10345e-06
-7.90311e-06
-7.59481e-06
-7.18781e-06
-6.69003e-06
-6.11016e-06
-5.46093e-06
-4.76262e-06
-4.04535e-06
-3.35027e-06
-2.73521e-06
-2.24031e-06
-1.90288e-06
-1.73533e-06
-1.72038e-06
-1.83947e-06
-2.09535e-06
-4.51181e-06
-4.53928e-06
-4.56002e-06
-4.57825e-06
-4.59586e-06
-4.61317e-06
-4.63069e-06
-4.64908e-06
-4.66904e-06
-4.6912e-06
-4.71623e-06
-4.74488e-06
-4.77813e-06
-4.81742e-06
-4.86512e-06
-4.92518e-06
-5.00423e-06
-5.11305e-06
-5.26797e-06
-5.4922e-06
-5.82025e-06
-6.26942e-06
-6.81005e-06
-7.34807e-06
-7.80053e-06
-8.1261e-06
-8.30634e-06
-8.34147e-06
-8.24192e-06
-8.02162e-06
-7.69357e-06
-7.26812e-06
-6.75356e-06
-6.15816e-06
-5.4934e-06
-4.77757e-06
-4.03825e-06
-3.31225e-06
-2.66017e-06
-2.12697e-06
-1.74866e-06
-1.54607e-06
-1.50692e-06
-1.61532e-06
-1.87681e-06
-4.52618e-06
-4.55519e-06
-4.57687e-06
-4.59583e-06
-4.61395e-06
-4.63155e-06
-4.64916e-06
-4.66754e-06
-4.68746e-06
-4.70965e-06
-4.73487e-06
-4.76394e-06
-4.79789e-06
-4.83823e-06
-4.88737e-06
-4.94936e-06
-5.03102e-06
-5.14356e-06
-5.30414e-06
-5.53662e-06
-5.87898e-06
-6.34675e-06
-6.91083e-06
-7.4661e-06
-7.92517e-06
-8.24596e-06
-8.41165e-06
-8.42518e-06
-8.2998e-06
-8.05174e-06
-7.6958e-06
-7.24364e-06
-6.70436e-06
-6.08653e-06
-5.40114e-06
-4.66521e-06
-3.90491e-06
-3.15538e-06
-2.46705e-06
-1.90028e-06
-1.48778e-06
-1.25316e-06
-1.18965e-06
-1.2846e-06
-1.54755e-06
-4.54387e-06
-4.5746e-06
-4.59727e-06
-4.61685e-06
-4.6353e-06
-4.65286e-06
-4.67014e-06
-4.68798e-06
-4.70725e-06
-4.7288e-06
-4.75349e-06
-4.78222e-06
-4.8161e-06
-4.85669e-06
-4.90647e-06
-4.96954e-06
-5.05282e-06
-5.16782e-06
-5.33247e-06
-5.57174e-06
-5.92266e-06
-6.40486e-06
-6.98575e-06
-7.55119e-06
-8.00992e-06
-8.31946e-06
-8.4646e-06
-8.45051e-06
-8.29301e-06
-8.01031e-06
-7.61887e-06
-7.13168e-06
-6.55899e-06
-5.91013e-06
-5.19633e-06
-4.43415e-06
-3.64897e-06
-2.87522e-06
-2.15399e-06
-1.55424e-06
-1.11135e-06
-8.46549e-07
-7.58573e-07
-8.37695e-07
-1.0988e-06
-4.56498e-06
-4.59765e-06
-4.62134e-06
-4.64146e-06
-4.65999e-06
-4.67716e-06
-4.69362e-06
-4.71033e-06
-4.72829e-06
-4.74848e-06
-4.77189e-06
-4.79955e-06
-4.83264e-06
-4.87278e-06
-4.92252e-06
-4.98597e-06
-5.07015e-06
-5.18675e-06
-5.35419e-06
-5.59835e-06
-5.95544e-06
-6.44842e-06
-7.04075e-06
-7.61087e-06
-8.06386e-06
-8.35729e-06
-8.47714e-06
-8.43086e-06
-8.23612e-06
-7.91287e-06
-7.479e-06
-6.94884e-06
-6.33387e-06
-5.64457e-06
-4.893e-06
-4.09596e-06
-3.27832e-06
-2.47342e-06
-1.72315e-06
-1.0891e-06
-6.13197e-07
-3.19039e-07
-2.06767e-07
-2.67919e-07
-5.24952e-07
-4.58974e-06
-4.62459e-06
-4.64937e-06
-4.6699e-06
-4.68824e-06
-4.70458e-06
-4.71966e-06
-4.73457e-06
-4.75049e-06
-4.76857e-06
-4.78997e-06
-4.81585e-06
-4.84747e-06
-4.88654e-06
-4.93571e-06
-4.99907e-06
-5.08369e-06
-5.20135e-06
-5.3708e-06
-5.61851e-06
-5.98045e-06
-6.48147e-06
-7.08125e-06
-7.6514e-06
-8.09489e-06
-8.36866e-06
-8.4599e-06
-8.37779e-06
-8.14163e-06
-7.77276e-06
-7.29029e-06
-6.70976e-06
-6.04393e-06
-5.30462e-06
-4.50508e-06
-3.66291e-06
-2.80289e-06
-1.95901e-06
-1.17558e-06
-5.05581e-07
7.12553e-09
3.32227e-07
4.69325e-07
4.28896e-07
1.76403e-07
-4.61854e-06
-4.65585e-06
-4.68174e-06
-4.70253e-06
-4.72032e-06
-4.73531e-06
-4.74834e-06
-4.76071e-06
-4.77379e-06
-4.78896e-06
-4.80759e-06
-4.83104e-06
-4.86061e-06
-4.89812e-06
-4.94633e-06
-5.00929e-06
-5.09411e-06
-5.2126e-06
-5.38372e-06
-5.63428e-06
-6.00017e-06
-6.50711e-06
-7.11148e-06
-7.67875e-06
-8.1098e-06
-8.36125e-06
-8.42137e-06
-8.30063e-06
-8.01966e-06
-7.60088e-06
-7.06437e-06
-6.42672e-06
-5.70193e-06
-4.90321e-06
-4.04531e-06
-3.14713e-06
-2.23436e-06
-1.34185e-06
-5.14486e-07
1.96677e-07
7.45629e-07
1.10644e-06
1.27054e-06
1.25474e-06
1.00585e-06
-4.65191e-06
-4.69194e-06
-4.71899e-06
-4.7398e-06
-4.75659e-06
-4.76958e-06
-4.77977e-06
-4.78871e-06
-4.79808e-06
-4.8095e-06
-4.82461e-06
-4.84503e-06
-4.87207e-06
-4.90761e-06
-4.95463e-06
-5.01709e-06
-5.10206e-06
-5.22141e-06
-5.39413e-06
-5.64732e-06
-6.0166e-06
-6.52813e-06
-7.13509e-06
-7.69734e-06
-8.11385e-06
-8.3411e-06
-8.36817e-06
-8.20664e-06
-7.87814e-06
-7.40583e-06
-6.81054e-06
-6.1097e-06
-5.31843e-06
-4.45135e-06
-3.52486e-06
-2.55955e-06
-1.58271e-06
-6.30518e-07
2.51413e-07
1.0113e-06
1.60162e-06
2.00172e-06
2.19683e-06
2.2037e-06
1.96703e-06
-4.69052e-06
-4.73358e-06
-4.76176e-06
-4.78226e-06
-4.79746e-06
-4.80763e-06
-4.81403e-06
-4.81855e-06
-4.82321e-06
-4.83e-06
-4.84082e-06
-4.85767e-06
-4.88182e-06
-4.91511e-06
-4.96086e-06
-5.02284e-06
-5.10813e-06
-5.22852e-06
-5.40303e-06
-5.65888e-06
-6.03137e-06
-6.5467e-06
-7.15483e-06
-7.7105e-06
-8.11099e-06
-8.31265e-06
-8.30527e-06
-8.10128e-06
-7.72307e-06
-7.19422e-06
-6.53604e-06
-5.76664e-06
-4.90209e-06
-3.95834e-06
-2.95349e-06
-1.91012e-06
-8.57577e-07
1.66001e-07
1.11349e-06
1.93133e-06
2.5704e-06
3.01294e-06
3.24321e-06
3.27111e-06
3.05933e-06
-4.73521e-06
-4.7816e-06
-4.81084e-06
-4.83056e-06
-4.84339e-06
-4.84972e-06
-4.85116e-06
-4.85008e-06
-4.84896e-06
-4.8502e-06
-4.85608e-06
-4.86873e-06
-4.88958e-06
-4.92068e-06
-4.96517e-06
-5.02686e-06
-5.11274e-06
-5.23452e-06
-5.41118e-06
-5.66991e-06
-6.04567e-06
-6.56435e-06
-7.17264e-06
-7.72061e-06
-8.10401e-06
-8.2791e-06
-8.23624e-06
-7.98858e-06
-7.55886e-06
-6.97097e-06
-6.24647e-06
-5.40387e-06
-4.46e-06
-3.43205e-06
-2.3398e-06
-1.20797e-06
-6.83601e-08
1.03832e-06
2.06262e-06
2.94953e-06
3.646e-06
4.13308e-06
4.4009e-06
4.45098e-06
4.27503e-06
-4.78699e-06
-4.83704e-06
-4.86717e-06
-4.88546e-06
-4.89487e-06
-4.89606e-06
-4.89115e-06
-4.8831e-06
-4.87499e-06
-4.86974e-06
-4.86996e-06
-4.87792e-06
-4.89525e-06
-4.92424e-06
-4.96763e-06
-5.02934e-06
-5.11622e-06
-5.23986e-06
-5.41911e-06
-5.68108e-06
-6.06028e-06
-6.58206e-06
-7.18981e-06
-7.72925e-06
-8.0948e-06
-8.2426e-06
-8.16351e-06
-7.87124e-06
-7.38867e-06
-6.73978e-06
-5.94613e-06
-5.02644e-06
-3.99812e-06
-2.87937e-06
-1.69164e-06
-4.61801e-07
7.75672e-07
1.97704e-06
3.08985e-06
4.0565e-06
4.81912e-06
5.35703e-06
5.66836e-06
5.74629e-06
5.60238e-06
-4.84709e-06
-4.90114e-06
-4.93184e-06
-4.94777e-06
-4.95241e-06
-4.94683e-06
-4.93388e-06
-4.91729e-06
-4.90088e-06
-4.88812e-06
-4.88198e-06
-4.8849e-06
-4.89872e-06
-4.92563e-06
-4.96824e-06
-5.03039e-06
-5.11877e-06
-5.24482e-06
-5.42715e-06
-5.69279e-06
-6.07568e-06
-6.60044e-06
-7.20711e-06
-7.73738e-06
-8.08449e-06
-8.2045e-06
-8.08867e-06
-7.7511e-06
-7.21472e-06
-6.50336e-06
-5.63838e-06
-4.63854e-06
-3.52157e-06
-2.30656e-06
-1.01641e-06
3.1986e-07
1.66503e-06
2.97207e-06
4.18501e-06
5.24273e-06
6.08067e-06
6.6773e-06
7.04088e-06
7.15476e-06
7.04193e-06
-4.91701e-06
-4.97539e-06
-5.00614e-06
-5.01844e-06
-5.01652e-06
-5.00212e-06
-4.97911e-06
-4.95223e-06
-4.92612e-06
-4.90481e-06
-4.89171e-06
-4.88935e-06
-4.89967e-06
-4.92471e-06
-4.96692e-06
-5.03002e-06
-5.12047e-06
-5.24951e-06
-5.43548e-06
-5.70523e-06
-6.09206e-06
-6.61974e-06
-7.22488e-06
-7.74548e-06
-8.07372e-06
-8.16556e-06
-8.01266e-06
-7.62939e-06
-7.03859e-06
-6.26376e-06
-5.32595e-06
-4.24372e-06
-3.03498e-06
-1.71949e-06
-3.21388e-07
1.12834e-06
2.58976e-06
4.01247e-06
5.33655e-06
6.49668e-06
7.42116e-06
8.08231e-06
8.50299e-06
8.66025e-06
8.58952e-06
-4.9986e-06
-5.06161e-06
-5.09157e-06
-5.09845e-06
-5.08765e-06
-5.06194e-06
-5.0265e-06
-4.98737e-06
-4.95009e-06
-4.91929e-06
-4.89869e-06
-4.8909e-06
-4.89781e-06
-4.9213e-06
-4.9636e-06
-5.0282e-06
-5.12133e-06
-5.25397e-06
-5.44414e-06
-5.71843e-06
-6.10945e-06
-6.63997e-06
-7.2432e-06
-7.75369e-06
-8.06273e-06
-8.12618e-06
-7.93603e-06
-7.5069e-06
-6.86139e-06
-6.0226e-06
-5.01109e-06
-3.84515e-06
-2.54267e-06
-1.12385e-06
3.86159e-07
1.95467e-06
3.53931e-06
5.08632e-06
6.53146e-06
7.80444e-06
8.82892e-06
9.56381e-06
1.0045e-05
1.02515e-05
1.02287e-05
-5.09419e-06
-5.16201e-06
-5.18984e-06
-5.18887e-06
-5.16621e-06
-5.12613e-06
-5.07558e-06
-5.0221e-06
-4.97215e-06
-4.93098e-06
-4.90247e-06
-4.8892e-06
-4.89294e-06
-4.91528e-06
-4.95818e-06
-5.02489e-06
-5.1213e-06
-5.25815e-06
-5.45306e-06
-5.73229e-06
-6.12771e-06
-6.661e-06
-7.26194e-06
-7.76194e-06
-8.05153e-06
-8.08646e-06
-7.85907e-06
-7.38412e-06
-6.68397e-06
-5.78119e-06
-4.69582e-06
-3.44574e-06
-2.04873e-06
-5.25239e-07
1.09887e-06
2.78959e-06
4.50248e-06
6.18073e-06
7.75552e-06
9.15049e-06
1.02879e-05
1.11136e-05
1.16576e-05
1.1922e-05
1.1953e-05
-5.20668e-06
-5.27928e-06
-5.30293e-06
-5.29077e-06
-5.25247e-06
-5.19437e-06
-5.1258e-06
-5.05568e-06
-4.99163e-06
-4.93935e-06
-4.90267e-06
-4.88403e-06
-4.88491e-06
-4.90657e-06
-4.95063e-06
-5.02003e-06
-5.12034e-06
-5.26195e-06
-5.46209e-06
-5.74663e-06
-6.14663e-06
-6.68258e-06
-7.28086e-06
-7.77004e-06
-8.03999e-06
-8.04639e-06
-7.7819e-06
-7.26144e-06
-6.50701e-06
-5.54069e-06
-4.38195e-06
-3.04823e-06
-1.55715e-06
7.0807e-08
1.80932e-06
3.62354e-06
5.4675e-06
7.28197e-06
8.99389e-06
1.05205e-05
1.17807e-05
1.27141e-05
1.33291e-05
1.36606e-05
1.3755e-05
-5.33983e-06
-5.41667e-06
-5.43306e-06
-5.40517e-06
-5.34655e-06
-5.26611e-06
-5.17628e-06
-5.08739e-06
-5.00794e-06
-4.94396e-06
-4.89903e-06
-4.87525e-06
-4.87369e-06
-4.89519e-06
-4.94098e-06
-5.01364e-06
-5.11839e-06
-5.26529e-06
-5.47109e-06
-5.76124e-06
-6.16593e-06
-6.70441e-06
-7.29968e-06
-7.77774e-06
-8.02795e-06
-8.00591e-06
-7.70462e-06
-7.13912e-06
-6.33113e-06
-5.30217e-06
-4.07118e-06
-2.65524e-06
-1.07171e-06
6.58901e-07
2.51016e-06
4.44684e-06
6.42221e-06
8.37544e-06
1.02302e-05
1.18981e-05
1.32914e-05
1.43442e-05
1.50449e-05
1.54537e-05
1.56241e-05
-5.49848e-06
-5.57815e-06
-5.58261e-06
-5.53298e-06
-5.44841e-06
-5.3404e-06
-5.22614e-06
-5.11642e-06
-5.02056e-06
-4.94451e-06
-4.89144e-06
-4.86289e-06
-4.85939e-06
-4.88126e-06
-4.92931e-06
-5.00577e-06
-5.11545e-06
-5.26808e-06
-5.4799e-06
-5.7759e-06
-6.18533e-06
-6.72617e-06
-7.3181e-06
-7.78478e-06
-8.01521e-06
-7.96493e-06
-7.62727e-06
-7.01746e-06
-6.15689e-06
-5.06661e-06
-3.76512e-06
-2.26919e-06
-5.96049e-07
1.23389e-06
3.19425e-06
5.24993e-06
7.35423e-06
9.44585e-06
1.14465e-05
1.32631e-05
1.47999e-05
1.59834e-05
1.67892e-05
1.72869e-05
1.75498e-05
-5.68904e-06
-5.76848e-06
-5.7541e-06
-5.67465e-06
-5.5565e-06
-5.41702e-06
-5.27443e-06
-5.14204e-06
-5.02906e-06
-4.94088e-06
-4.87998e-06
-4.84713e-06
-4.84221e-06
-4.86499e-06
-4.91581e-06
-4.99652e-06
-5.11155e-06
-5.27025e-06
-5.48838e-06
-5.79038e-06
-6.20457e-06
-6.74757e-06
-7.33583e-06
-7.79094e-06
-8.00163e-06
-7.92339e-06
-7.54996e-06
-6.89673e-06
-5.98485e-06
-4.83496e-06
-3.46527e-06
-1.89238e-06
-1.33491e-07
1.79099e-06
3.85489e-06
6.02365e-06
8.25139e-06
1.04776e-05
1.26238e-05
1.45935e-05
1.62833e-05
1.761e-05
1.85406e-05
1.91441e-05
1.95224e-05
-5.92018e-06
-5.99336e-06
-5.95011e-06
-5.83015e-06
-5.67067e-06
-5.49379e-06
-5.32002e-06
-5.16363e-06
-5.0332e-06
-4.93312e-06
-4.86487e-06
-4.8283e-06
-4.82252e-06
-4.84671e-06
-4.90074e-06
-4.98608e-06
-5.10676e-06
-5.2718e-06
-5.49641e-06
-5.8045e-06
-6.22341e-06
-6.76835e-06
-7.35263e-06
-7.79601e-06
-7.98708e-06
-7.8813e-06
-7.4728e-06
-6.77724e-06
-5.81555e-06
-4.60812e-06
-3.173e-06
-1.52684e-06
3.12966e-07
2.32591e-06
4.48601e-06
6.75951e-06
9.10211e-06
1.14554e-05
1.37424e-05
1.5866e-05
1.77165e-05
1.92002e-05
2.02727e-05
2.10051e-05
2.15311e-05
-6.20381e-06
-6.25927e-06
-6.1728e-06
-5.99837e-06
-5.78905e-06
-5.56926e-06
-5.36187e-06
-5.18069e-06
-5.03293e-06
-4.92149e-06
-4.84654e-06
-4.80687e-06
-4.80077e-06
-4.82682e-06
-4.88442e-06
-4.97467e-06
-5.10122e-06
-5.27275e-06
-5.50394e-06
-5.81812e-06
-6.24165e-06
-6.78829e-06
-7.36832e-06
-7.79988e-06
-7.97151e-06
-7.83867e-06
-7.39595e-06
-6.65928e-06
-5.64952e-06
-4.38691e-06
-2.88954e-06
-1.17438e-06
7.40746e-07
2.83496e-06
5.08236e-06
7.45008e-06
9.89585e-06
1.23645e-05
1.47828e-05
1.70557e-05
1.90704e-05
2.0724e-05
2.19565e-05
2.28452e-05
2.35655e-05
-6.55675e-06
-6.57317e-06
-6.42069e-06
-6.17976e-06
-5.90916e-06
-5.64167e-06
-5.399e-06
-5.19296e-06
-5.02847e-06
-4.90644e-06
-4.82554e-06
-4.7834e-06
-4.77748e-06
-4.80577e-06
-4.8672e-06
-4.96254e-06
-5.09507e-06
-5.27315e-06
-5.51091e-06
-5.83112e-06
-6.25912e-06
-6.80722e-06
-7.38275e-06
-7.80244e-06
-7.9549e-06
-7.79559e-06
-7.31958e-06
-6.54319e-06
-5.48726e-06
-4.17206e-06
-2.61596e-06
-8.36488e-07
1.14775e-06
3.31521e-06
5.63974e-06
8.08923e-06
1.06236e-05
1.31918e-05
1.57261e-05
1.81369e-05
2.03125e-05
2.21448e-05
2.35562e-05
2.46338e-05
2.56168e-05
-7.00312e-06
-6.94296e-06
-6.69439e-06
-6.36876e-06
-6.02782e-06
-5.70914e-06
-5.43064e-06
-5.20042e-06
-5.02025e-06
-4.88863e-06
-4.80258e-06
-4.75857e-06
-4.75324e-06
-4.78404e-06
-4.84946e-06
-4.94996e-06
-5.08849e-06
-5.27307e-06
-5.51734e-06
-5.84344e-06
-6.27572e-06
-6.82502e-06
-7.39583e-06
-7.80367e-06
-7.93728e-06
-7.75216e-06
-7.24392e-06
-6.4293e-06
-5.32924e-06
-3.96422e-06
-2.35312e-06
-5.14333e-07
1.53241e-06
3.76446e-06
6.15504e-06
8.67236e-06
1.12784e-05
1.39262e-05
1.65552e-05
1.90843e-05
2.14077e-05
2.34194e-05
2.5025e-05
2.63289e-05
2.76774e-05
-7.57608e-06
-7.36888e-06
-6.99314e-06
-6.56073e-06
-6.14136e-06
-5.76984e-06
-5.4563e-06
-5.20339e-06
-5.00894e-06
-4.86884e-06
-4.77842e-06
-4.73305e-06
-4.72864e-06
-4.7621e-06
-4.83158e-06
-4.93722e-06
-5.08166e-06
-5.27262e-06
-5.52323e-06
-5.85503e-06
-6.29138e-06
-6.84161e-06
-7.40751e-06
-7.80357e-06
-7.91873e-06
-7.70854e-06
-7.16919e-06
-6.31792e-06
-5.17591e-06
-3.76397e-06
-2.10176e-06
-2.08854e-07
1.89353e-06
4.1812e-06
6.62618e-06
9.19637e-06
1.1855e-05
1.45593e-05
1.72555e-05
1.98737e-05
2.23192e-05
2.44968e-05
2.6301e-05
2.78681e-05
2.97343e-05
-8.32141e-06
-7.84886e-06
-7.30389e-06
-6.74865e-06
-6.24564e-06
-5.82207e-06
-5.4758e-06
-5.2024e-06
-4.99535e-06
-4.84791e-06
-4.75384e-06
-4.70754e-06
-4.70424e-06
-4.74044e-06
-4.81393e-06
-4.92459e-06
-5.07478e-06
-5.27191e-06
-5.52864e-06
-5.8659e-06
-6.30606e-06
-6.85696e-06
-7.41779e-06
-7.80218e-06
-7.89933e-06
-7.66488e-06
-7.09562e-06
-6.2094e-06
-5.02769e-06
-3.57188e-06
-1.8626e-06
7.90973e-08
2.23012e-06
4.56424e-06
7.05167e-06
9.65919e-06
1.23503e-05
1.50848e-05
1.78153e-05
2.04832e-05
2.30089e-05
2.5318e-05
2.73019e-05
2.91528e-05
3.17504e-05
-9.28318e-06
-8.37253e-06
-7.61111e-06
-6.92317e-06
-6.33619e-06
-5.86446e-06
-5.48929e-06
-5.19818e-06
-4.98035e-06
-4.82667e-06
-4.72959e-06
-4.68265e-06
-4.68057e-06
-4.71946e-06
-4.79683e-06
-4.91232e-06
-5.06802e-06
-5.27106e-06
-5.53364e-06
-5.87608e-06
-6.31976e-06
-6.87105e-06
-7.42667e-06
-7.79952e-06
-7.87913e-06
-7.62123e-06
-7.02331e-06
-6.10384e-06
-4.88474e-06
-3.38811e-06
-1.6358e-06
3.49364e-07
2.54204e-06
4.9135e-06
7.43144e-06
1.00606e-05
1.27633e-05
1.54999e-05
1.8227e-05
2.08951e-05
2.34402e-05
2.5817e-05
2.79231e-05
3.00428e-05
3.36649e-05
-1.05546e-05
-8.92483e-06
-7.89293e-06
-7.07429e-06
-6.4103e-06
-5.89741e-06
-5.49825e-06
-5.19235e-06
-4.96536e-06
-4.80626e-06
-4.7065e-06
-4.65899e-06
-4.65803e-06
-4.69943e-06
-4.78043e-06
-4.90047e-06
-5.06138e-06
-5.27003e-06
-5.53815e-06
-5.88548e-06
-6.33245e-06
-6.88395e-06
-7.43432e-06
-7.79584e-06
-7.85836e-06
-7.57775e-06
-6.95219e-06
-6.00085e-06
-4.74624e-06
-3.2113e-06
-1.41934e-06
6.04759e-07
2.83305e-06
5.23378e-06
7.77148e-06
1.04077e-05
1.3102e-05
1.58129e-05
1.84967e-05
2.11074e-05
2.35908e-05
2.59308e-05
2.80409e-05
3.03745e-05
3.54769e-05
-1.22457e-05
-9.47269e-06
-8.11739e-06
-7.19311e-06
-6.46991e-06
-5.92526e-06
-5.50693e-06
-5.18838e-06
-4.95296e-06
-4.78847e-06
-4.68572e-06
-4.63722e-06
-4.63691e-06
-4.68034e-06
-4.76455e-06
-4.88875e-06
-5.0545e-06
-5.26842e-06
-5.54178e-06
-5.89375e-06
-6.34385e-06
-6.89559e-06
-7.44105e-06
-7.79183e-06
-7.83797e-06
-7.53542e-06
-6.88306e-06
-5.90087e-06
-4.61197e-06
-3.04032e-06
-1.21086e-06
8.49281e-07
3.10925e-06
5.53386e-06
8.08382e-06
1.07166e-05
1.33873e-05
1.60496e-05
1.86549e-05
2.11513e-05
2.34782e-05
2.56215e-05
2.74942e-05
2.98292e-05
3.67997e-05
-1.36678e-05
-9.81299e-06
-8.22533e-06
-7.26074e-06
-6.5107e-06
-5.94661e-06
-5.51449e-06
-5.18562e-06
-4.94268e-06
-4.77306e-06
-4.66728e-06
-4.61757e-06
-4.61764e-06
-4.66282e-06
-4.74992e-06
-4.87795e-06
-5.04821e-06
-5.26706e-06
-5.54531e-06
-5.90155e-06
-6.35441e-06
-6.90611e-06
-7.44675e-06
-7.7875e-06
-7.81868e-06
-7.49625e-06
-6.8198e-06
-5.81008e-06
-4.4909e-06
-2.88724e-06
-1.02565e-06
1.06444e-06
3.34926e-06
5.79011e-06
8.34362e-06
1.09626e-05
1.35966e-05
1.61924e-05
1.86918e-05
2.10273e-05
2.31107e-05
2.48558e-05
2.6077e-05
2.74874e-05
3.39985e-05
)
;

boundaryField
{
    inlet
    {
        type            uniformJump;
        patchType       cyclic;
        jump            uniform -2.5e-05;
        value           nonuniform List<scalar> 
40
(
9.09779e-07
9.27354e-07
9.45723e-07
9.64009e-07
9.83701e-07
1.00621e-06
1.03373e-06
1.07017e-06
1.12165e-06
1.19635e-06
1.30361e-06
1.45308e-06
1.65464e-06
1.9187e-06
2.25587e-06
2.67563e-06
3.1842e-06
3.78204e-06
4.46208e-06
5.20663e-06
5.95098e-06
6.58424e-06
7.07503e-06
7.43636e-06
7.69565e-06
7.87592e-06
7.99674e-06
8.07466e-06
8.12295e-06
8.15177e-06
8.16848e-06
8.17815e-06
8.18408e-06
8.18828e-06
8.19187e-06
8.19539e-06
8.19904e-06
8.20291e-06
8.2072e-06
8.21159e-06
)
;
        jumpTable       table;
        jumpTableCoeffs
        {
            values          
4
(
(0 -2.5e-05)
(25 -2.5e-05)
(25.5 -0.0001)
(26 -2.5e-05)
)
;
        }
    }
    outlet
    {
        type            uniformJump;
        patchType       cyclic;
        value           nonuniform List<scalar> 
40
(
-2.40902e-05
-2.40726e-05
-2.40543e-05
-2.4036e-05
-2.40163e-05
-2.39938e-05
-2.39663e-05
-2.39298e-05
-2.38783e-05
-2.38037e-05
-2.36964e-05
-2.35469e-05
-2.33454e-05
-2.30813e-05
-2.27441e-05
-2.23244e-05
-2.18158e-05
-2.1218e-05
-2.05379e-05
-1.97934e-05
-1.9049e-05
-1.84158e-05
-1.7925e-05
-1.75636e-05
-1.73044e-05
-1.71241e-05
-1.70033e-05
-1.69253e-05
-1.6877e-05
-1.68482e-05
-1.68315e-05
-1.68219e-05
-1.68159e-05
-1.68117e-05
-1.68081e-05
-1.68046e-05
-1.6801e-05
-1.67971e-05
-1.67928e-05
-1.67884e-05
)
;
    }
    Walls
    {
        type            zeroGradient;
    }
    back
    {
        type            empty;
    }
    front
    {
        type            empty;
    }
}


// ************************************************************************* //
