/*--------------------------------*- C++ -*----------------------------------*\
| =========                 |                                                 |
| \\      /  F ield         | OpenFOAM: The Open Source CFD Toolbox           |
|  \\    /   O peration     | Version:  2312                                  |
|   \\  /    A nd           | Website:  www.openfoam.com                      |
|    \\/     M anipulation  |                                                 |
\*---------------------------------------------------------------------------*/
FoamFile
{
    version     2.0;
    format      ascii;
    arch        "LSB;label=32;scalar=64";
    class       volScalarField;
    location    "94.5";
    object      p;
}
// * * * * * * * * * * * * * * * * * * * * * * * * * * * * * * * * * * * * * //

dimensions      [0 2 -2 0 0 0 0];

internalField   nonuniform List<scalar> 
4800
(
2.54092e-14
-1.22384e-06
-2.29829e-06
-3.2556e-06
-4.11234e-06
-4.88493e-06
-5.58399e-06
-6.21296e-06
-6.78215e-06
-7.29985e-06
-7.77192e-06
-8.20022e-06
-8.57626e-06
-9.14322e-06
-1.09033e-05
1.10069e-08
-1.21034e-06
-2.28225e-06
-3.23801e-06
-4.09383e-06
-4.86719e-06
-5.56809e-06
-6.20054e-06
-6.7756e-06
-7.30354e-06
-7.79527e-06
-8.26667e-06
-8.7317e-06
-9.29937e-06
-1.02236e-05
2.30923e-08
-1.19542e-06
-2.26492e-06
-3.21877e-06
-4.07341e-06
-4.84595e-06
-5.54796e-06
-6.18292e-06
-6.76236e-06
-7.29751e-06
-7.80029e-06
-8.2869e-06
-8.76549e-06
-9.24072e-06
-9.68237e-06
3.62254e-08
-1.17867e-06
-2.24503e-06
-3.19625e-06
-4.04962e-06
-4.81981e-06
-5.52176e-06
-6.15759e-06
-6.73806e-06
-7.27381e-06
-7.77368e-06
-8.24433e-06
-8.6763e-06
-9.03353e-06
-9.2383e-06
5.18421e-08
-1.15835e-06
-2.22052e-06
-3.16805e-06
-4.01946e-06
-4.78611e-06
-5.48544e-06
-6.11964e-06
-6.69649e-06
-7.22443e-06
-7.70689e-06
-8.13994e-06
-8.50215e-06
-8.75078e-06
-8.82561e-06
7.15907e-08
-1.1327e-06
-2.18947e-06
-3.13197e-06
-3.97948e-06
-4.74199e-06
-5.43486e-06
-6.06311e-06
-6.6301e-06
-7.14046e-06
-7.59211e-06
-7.97408e-06
-8.26276e-06
-8.42566e-06
-8.43228e-06
9.79147e-08
-1.09924e-06
-2.14916e-06
-3.08494e-06
-3.92572e-06
-4.68208e-06
-5.36493e-06
-5.98104e-06
-6.53046e-06
-7.01347e-06
-7.42409e-06
-7.74961e-06
-7.97175e-06
-8.07373e-06
-8.04805e-06
1.34607e-07
-1.05424e-06
-2.0956e-06
-3.02249e-06
-3.85365e-06
-4.59946e-06
-5.26833e-06
-5.8653e-06
-6.38902e-06
-6.83657e-06
-7.20083e-06
-7.47187e-06
-7.64004e-06
-7.7021e-06
-7.66344e-06
1.86949e-07
-9.92517e-07
-2.02339e-06
-2.93862e-06
-3.75656e-06
-4.48692e-06
-5.13606e-06
-5.70711e-06
-6.19811e-06
-6.60515e-06
-6.92279e-06
-7.14631e-06
-7.27429e-06
-7.31233e-06
-7.27127e-06
2.61311e-07
-9.07701e-07
-1.92582e-06
-2.82608e-06
-3.62648e-06
-4.33599e-06
-4.95927e-06
-5.49848e-06
-5.95197e-06
-6.31713e-06
-6.59195e-06
-6.77718e-06
-6.87742e-06
-6.90281e-06
-6.8655e-06
3.64242e-07
-7.92949e-07
-1.79565e-06
-2.67703e-06
-3.4551e-06
-4.13816e-06
-4.73016e-06
-5.23344e-06
-5.64768e-06
-5.97298e-06
-6.2113e-06
-6.36775e-06
-6.45044e-06
-6.47108e-06
-6.44118e-06
5.01618e-07
-6.41789e-07
-1.62597e-06
-2.48403e-06
-3.23487e-06
-3.88633e-06
-4.44361e-06
-4.9094e-06
-5.28567e-06
-5.57573e-06
-5.78496e-06
-5.92128e-06
-5.99431e-06
-6.01561e-06
-5.99535e-06
6.78475e-07
-4.48479e-07
-1.41095e-06
-2.24076e-06
-2.96011e-06
-3.57711e-06
-4.09852e-06
-4.52774e-06
-4.86971e-06
-5.13066e-06
-5.3183e-06
-5.4419e-06
-5.51129e-06
-5.53703e-06
-5.52779e-06
8.99447e-07
-2.07538e-07
-1.14592e-06
-1.9421e-06
-2.62789e-06
-3.21086e-06
-3.697e-06
-4.09287e-06
-4.40593e-06
-4.64453e-06
-4.81762e-06
-4.93475e-06
-5.0052e-06
-5.03823e-06
-5.04111e-06
1.16916e-06
8.67215e-08
-8.14273e-07
-1.58687e-06
-2.24015e-06
-2.78924e-06
-3.24331e-06
-3.61114e-06
-3.90185e-06
-4.12506e-06
-4.29011e-06
-4.40612e-06
-4.48151e-06
-4.52423e-06
-4.54039e-06
1.49164e-06
4.33903e-07
-4.40746e-07
-1.1784e-06
-1.79882e-06
-2.31712e-06
-2.74472e-06
-3.09149e-06
-3.36715e-06
-3.58175e-06
-3.74452e-06
-3.86417e-06
-3.9482e-06
-4.00294e-06
-4.03374e-06
1.86375e-06
8.33482e-07
-1.31337e-08
-7.19548e-07
-1.31068e-06
-1.80368e-06
-2.21181e-06
-2.54551e-06
-2.81411e-06
-3.0275e-06
-3.19355e-06
-3.32039e-06
-3.41792e-06
-3.48713e-06
-3.535e-06
2.28067e-06
1.28078e-06
4.61766e-07
-2.19183e-07
-7.8796e-07
-1.2625e-06
-1.65776e-06
-1.98493e-06
-2.25431e-06
-2.47689e-06
-2.65218e-06
-2.79648e-06
-2.90457e-06
-2.99468e-06
-3.0651e-06
2.7288e-06
1.76211e-06
9.67422e-07
3.06291e-07
-2.48818e-07
-7.14419e-07
-1.10498e-06
-1.43009e-06
-1.70268e-06
-1.93873e-06
-2.14228e-06
-2.31133e-06
-2.44019e-06
-2.54245e-06
-2.62418e-06
3.19014e-06
2.25936e-06
1.48551e-06
8.36682e-07
2.87737e-07
-1.79619e-07
-5.77914e-07
-9.19979e-07
-1.21624e-06
-1.46607e-06
-1.67757e-06
-1.8583e-06
-2.01165e-06
-2.14254e-06
-2.25626e-06
3.59863e-06
2.70669e-06
1.9528e-06
1.3121e-06
7.61357e-07
2.86029e-07
-1.24782e-07
-4.81043e-07
-7.90474e-07
-1.05921e-06
-1.294e-06
-1.50134e-06
-1.68514e-06
-1.8481e-06
-1.9928e-06
3.91063e-06
3.0562e-06
2.32047e-06
1.68348e-06
1.13048e-06
6.48829e-07
2.2621e-07
-1.4583e-07
-4.74632e-07
-7.66665e-07
-1.02739e-06
-1.26114e-06
-1.47104e-06
-1.65949e-06
-1.82881e-06
4.13229e-06
3.31086e-06
2.59297e-06
1.96318e-06
1.40998e-06
9.21604e-07
4.87937e-07
1.00987e-07
-2.45712e-07
-5.57478e-07
-8.38675e-07
-1.0929e-06
-1.32319e-06
-1.532e-06
-1.72172e-06
4.29147e-06
3.50231e-06
2.802e-06
2.18117e-06
1.62941e-06
1.13646e-06
6.93853e-07
2.94819e-07
-6.61286e-08
-3.93513e-07
-6.91221e-07
-9.62507e-07
-1.21017e-06
-1.43659e-06
-1.64388e-06
4.40784e-06
3.64712e-06
2.9663e-06
2.35596e-06
1.80734e-06
1.31208e-06
8.63212e-07
4.55054e-07
8.28379e-08
-2.57381e-07
-5.68921e-07
-8.54602e-07
-1.1169e-06
-1.35786e-06
-1.57933e-06
4.49414e-06
3.76262e-06
3.10106e-06
2.50143e-06
1.957e-06
1.46112e-06
1.00794e-06
5.92637e-07
2.11223e-07
-1.39574e-07
-4.62564e-07
-7.60173e-07
-1.03455e-06
-1.28749e-06
-1.52068e-06
4.56369e-06
3.85812e-06
3.21385e-06
2.62459e-06
2.08499e-06
1.58947e-06
1.13322e-06
7.12265e-07
3.23407e-07
-3.60559e-08
-3.68539e-07
-6.76119e-07
-9.60638e-07
-1.22366e-06
-1.46674e-06
4.62001e-06
3.93743e-06
3.30877e-06
2.72927e-06
2.19455e-06
1.69991e-06
1.24145e-06
8.1604e-07
4.21096e-07
5.43853e-08
-2.86096e-07
-6.02096e-07
-8.9521e-07
-1.16681e-06
-1.41827e-06
4.66531e-06
4.003e-06
3.38829e-06
2.81769e-06
2.28754e-06
1.79402e-06
1.33398e-06
9.04985e-07
5.04962e-07
1.32122e-07
-2.15155e-07
-5.38332e-07
-8.38793e-07
-1.11772e-06
-1.37633e-06
4.7011e-06
4.05655e-06
3.45421e-06
2.89157e-06
2.36559e-06
1.87322e-06
1.41202e-06
9.80057e-07
5.75748e-07
1.97702e-07
-1.55383e-07
-4.84721e-07
-7.91482e-07
-1.07669e-06
-1.34138e-06
4.72871e-06
4.0997e-06
3.50828e-06
2.95265e-06
2.43036e-06
1.93909e-06
1.47696e-06
1.04252e-06
6.34562e-07
2.52059e-07
-1.0602e-07
-4.40656e-07
-7.5283e-07
-1.04341e-06
-1.31335e-06
4.7495e-06
4.13406e-06
3.55221e-06
3.0027e-06
2.48364e-06
1.99334e-06
1.53044e-06
1.09387e-06
6.82788e-07
2.96439e-07
-6.59501e-08
-4.05155e-07
-7.21985e-07
-1.01718e-06
-1.29158e-06
4.76477e-06
4.16116e-06
3.58767e-06
3.04345e-06
2.52718e-06
2.03772e-06
1.57414e-06
1.13573e-06
7.21922e-07
3.32233e-07
-3.38959e-08
-3.77052e-07
-6.97897e-07
-9.9705e-07
-1.27526e-06
4.7757e-06
4.18242e-06
3.61619e-06
3.07654e-06
2.56267e-06
2.0739e-06
1.60969e-06
1.16963e-06
7.53435e-07
3.6082e-07
-8.56994e-09
-3.55161e-07
-6.7948e-07
-9.82041e-07
-1.26352e-06
4.78334e-06
4.19905e-06
3.63912e-06
3.1034e-06
2.59157e-06
2.10336e-06
1.63855e-06
1.197e-06
7.78675e-07
3.83478e-07
1.12242e-08
-3.38369e-07
-6.65707e-07
-9.71213e-07
-1.25549e-06
4.7885e-06
4.21205e-06
3.65756e-06
3.12522e-06
2.61512e-06
2.12734e-06
1.66194e-06
1.21904e-06
7.98806e-07
4.01315e-07
2.65352e-08
-3.25691e-07
-6.55661e-07
-9.63721e-07
-1.25041e-06
4.79186e-06
4.22222e-06
3.6724e-06
3.14296e-06
2.63431e-06
2.14684e-06
1.68087e-06
1.23674e-06
8.1479e-07
4.1526e-07
3.82484e-08
-3.16289e-07
-6.48558e-07
-9.58832e-07
-1.24759e-06
4.79392e-06
4.23024e-06
3.68449e-06
3.15753e-06
2.65011e-06
2.16285e-06
1.69632e-06
1.25105e-06
8.27547e-07
4.26183e-07
4.7178e-08
-3.09415e-07
-6.4372e-07
-9.55947e-07
-1.24652e-06
4.79504e-06
4.2369e-06
3.69486e-06
3.17016e-06
2.66381e-06
2.17671e-06
1.7096e-06
1.26322e-06
8.38214e-07
4.35102e-07
5.42087e-08
-3.04321e-07
-6.40537e-07
-9.54589e-07
-1.24685e-06
4.79553e-06
4.24238e-06
3.70379e-06
3.18122e-06
2.67588e-06
2.18887e-06
1.72116e-06
1.27366e-06
8.47193e-07
4.42394e-07
5.97075e-08
-3.00628e-07
-6.38587e-07
-9.54264e-07
-1.24804e-06
-1.23313e-05
-9.89708e-06
-8.41257e-06
-7.42704e-06
-6.6422e-06
-6.03984e-06
-5.5664e-06
-5.18301e-06
-4.86217e-06
-4.5809e-06
-4.31994e-06
-4.06259e-06
-3.7941e-06
-3.50255e-06
-3.17905e-06
-2.8227e-06
-2.44066e-06
-2.06189e-06
-1.73501e-06
-1.54458e-06
-1.60884e-06
-2.051e-06
-2.8981e-06
-3.92476e-06
-4.89073e-06
-5.66339e-06
-6.17295e-06
-6.37922e-06
-6.2559e-06
-5.78526e-06
-4.95714e-06
-3.77347e-06
-2.25114e-06
-4.23374e-07
1.66131e-06
3.94179e-06
6.34749e-06
8.80057e-06
1.12151e-05
1.34924e-05
1.55046e-05
1.70875e-05
1.78893e-05
1.76209e-05
1.51363e-05
-1.0607e-05
-9.33859e-06
-8.21369e-06
-7.33531e-06
-6.59801e-06
-6.01098e-06
-5.54247e-06
-5.16027e-06
-4.83946e-06
-4.55793e-06
-4.29662e-06
-4.03881e-06
-3.76997e-06
-3.47804e-06
-3.15445e-06
-2.7984e-06
-2.41726e-06
-2.04004e-06
-1.71488e-06
-1.52521e-06
-1.58764e-06
-2.02285e-06
-2.85806e-06
-3.87257e-06
-4.82897e-06
-5.59503e-06
-6.10117e-06
-6.30685e-06
-6.18595e-06
-5.72092e-06
-4.90326e-06
-3.73664e-06
-2.24005e-06
-4.49132e-07
1.58468e-06
3.79642e-06
6.10987e-06
8.43837e-06
1.06815e-05
1.27155e-05
1.4364e-05
1.53614e-05
1.51992e-05
1.31458e-05
8.20661e-06
-9.70471e-06
-8.90407e-06
-8.006e-06
-7.22527e-06
-6.54066e-06
-5.9751e-06
-5.51453e-06
-5.13475e-06
-4.81423e-06
-4.53224e-06
-4.27024e-06
-4.01171e-06
-3.74209e-06
-3.44954e-06
-3.12576e-06
-2.77017e-06
-2.39033e-06
-2.01531e-06
-1.69271e-06
-1.50461e-06
-1.56565e-06
-1.99351e-06
-2.81532e-06
-3.81567e-06
-4.76054e-06
-5.51841e-06
-6.02005e-06
-6.22477e-06
-6.10657e-06
-5.64892e-06
-4.84499e-06
-3.70074e-06
-2.23793e-06
-4.95367e-07
1.4717e-06
3.59327e-06
5.78607e-06
7.95301e-06
9.97816e-06
1.17147e-05
1.29551e-05
1.33996e-05
1.2582e-05
9.97769e-06
5.43979e-06
-9.1247e-06
-8.54782e-06
-7.82165e-06
-7.11972e-06
-6.48565e-06
-5.94284e-06
-5.49052e-06
-5.1124e-06
-4.79097e-06
-4.50721e-06
-4.24336e-06
-3.98316e-06
-3.71213e-06
-3.41862e-06
-3.09451e-06
-2.73948e-06
-2.36128e-06
-1.98901e-06
-1.66959e-06
-1.48363e-06
-1.54364e-06
-1.96386e-06
-2.77111e-06
-3.75568e-06
-4.68726e-06
-5.43504e-06
-5.93038e-06
-6.13255e-06
-6.01598e-06
-5.56554e-06
-4.77662e-06
-3.65821e-06
-2.23568e-06
-5.51918e-07
1.33302e-06
3.34321e-06
5.38768e-06
7.35918e-06
9.12916e-06
1.05376e-05
1.13767e-05
1.13767e-05
1.02117e-05
7.62409e-06
3.82892e-06
-8.66592e-06
-8.2264e-06
-7.63726e-06
-7.02348e-06
-6.43584e-06
-5.91665e-06
-5.47243e-06
-5.09447e-06
-4.77025e-06
-4.48274e-06
-4.21527e-06
-3.95202e-06
-3.6787e-06
-3.3838e-06
-3.05937e-06
-2.70536e-06
-2.32963e-06
-1.96119e-06
-1.64621e-06
-1.46342e-06
-1.52294e-06
-1.93506e-06
-2.72603e-06
-3.69263e-06
-4.60885e-06
-5.34468e-06
-5.83233e-06
-6.03134e-06
-5.91685e-06
-5.47553e-06
-4.70551e-06
-3.61943e-06
-2.24684e-06
-6.35296e-07
1.14995e-06
3.02703e-06
4.89815e-06
6.64879e-06
8.14479e-06
9.22821e-06
9.71455e-06
9.40223e-06
8.111e-06
5.77855e-06
2.64717e-06
-8.27073e-06
-7.92474e-06
-7.44337e-06
-6.91699e-06
-6.38607e-06
-5.89458e-06
-5.45911e-06
-5.08094e-06
-4.75253e-06
-4.45928e-06
-4.18623e-06
-3.91831e-06
-3.64159e-06
-3.34473e-06
-3.02003e-06
-2.66765e-06
-2.29552e-06
-1.93243e-06
-1.62355e-06
-1.44537e-06
-1.5052e-06
-1.90875e-06
-2.68137e-06
-3.62732e-06
-4.52569e-06
-5.24743e-06
-5.72601e-06
-5.92154e-06
-5.81029e-06
-5.38113e-06
-4.63551e-06
-3.59016e-06
-2.27924e-06
-7.55179e-07
9.11748e-07
2.63467e-06
4.31134e-06
5.82489e-06
7.04448e-06
7.82817e-06
8.03095e-06
7.5257e-06
6.24283e-06
4.23001e-06
1.71687e-06
-7.90147e-06
-7.62593e-06
-7.23772e-06
-6.78531e-06
-6.3185e-06
-5.86382e-06
-5.44267e-06
-5.06849e-06
-4.73604e-06
-4.43618e-06
-4.15618e-06
-3.88221e-06
-3.60102e-06
-3.3017e-06
-2.97688e-06
-2.62693e-06
-2.25982e-06
-1.90392e-06
-1.60324e-06
-1.43143e-06
-1.49257e-06
-1.88716e-06
-2.63908e-06
-3.56127e-06
-4.4389e-06
-5.14406e-06
-5.61194e-06
-5.80369e-06
-5.69718e-06
-5.28398e-06
-4.56929e-06
-3.57435e-06
-2.3381e-06
-9.17632e-07
6.12648e-07
2.16282e-06
3.62987e-06
4.90061e-06
5.85605e-06
6.37999e-06
6.37128e-06
5.76582e-06
4.56313e-06
2.85275e-06
8.25182e-07
-7.53617e-06
-7.31545e-06
-7.00475e-06
-6.62832e-06
-6.21996e-06
-5.80562e-06
-5.41213e-06
-5.04727e-06
-4.71454e-06
-4.40975e-06
-4.12309e-06
-3.84272e-06
-3.55666e-06
-3.25484e-06
-2.93045e-06
-2.58416e-06
-2.22392e-06
-1.87752e-06
-1.58759e-06
-1.42427e-06
-1.48798e-06
-1.87324e-06
-2.60181e-06
-3.49663e-06
-4.3502e-06
-5.03592e-06
-5.49127e-06
-5.67909e-06
-5.57932e-06
-5.18675e-06
-4.5107e-06
-3.57709e-06
-2.42946e-06
-1.12876e-06
2.48137e-07
1.61114e-06
2.86086e-06
3.89398e-06
4.60912e-06
4.91979e-06
4.76445e-06
4.12338e-06
3.03129e-06
1.5828e-06
-7.53518e-08
-7.16348e-06
-6.9861e-06
-6.73786e-06
-6.42943e-06
-6.081e-06
-5.71487e-06
-5.35238e-06
-5.00473e-06
-4.67881e-06
-4.3733e-06
-4.08255e-06
-3.79716e-06
-3.50714e-06
-3.20389e-06
-2.88126e-06
-2.54056e-06
-2.18971e-06
-1.85573e-06
-1.57967e-06
-1.4274e-06
-1.49513e-06
-1.87075e-06
-2.57298e-06
-3.43621e-06
-4.2618e-06
-4.92491e-06
-5.36594e-06
-5.54997e-06
-5.45966e-06
-5.09349e-06
-4.46504e-06
-3.60478e-06
-2.56014e-06
-1.39448e-06
-1.8477e-07
9.82161e-07
2.01486e-06
2.82378e-06
3.3305e-06
3.47422e-06
3.22468e-06
2.58874e-06
1.61392e-06
3.84447e-07
-9.90266e-07
-6.77641e-06
-6.63413e-06
-6.43612e-06
-6.18604e-06
-5.89495e-06
-5.57855e-06
-5.25297e-06
-4.93032e-06
-4.61817e-06
-4.31839e-06
-4.02821e-06
-3.74134e-06
-3.45017e-06
-3.14802e-06
-2.82971e-06
-2.49759e-06
-2.15956e-06
-1.84167e-06
-1.58326e-06
-1.44505e-06
-1.51842e-06
-1.88409e-06
-2.55661e-06
-3.38346e-06
-4.17651e-06
-4.81327e-06
-5.23848e-06
-5.41969e-06
-5.3425e-06
-5.00964e-06
-4.43889e-06
-3.66462e-06
-2.73692e-06
-1.71949e-06
-6.86564e-07
2.81809e-07
1.10569e-06
1.7122e-06
2.04299e-06
2.0608e-06
1.75577e-06
1.14771e-06
2.84485e-07
-7.64828e-07
-1.91975e-06
-6.36996e-06
-6.25709e-06
-6.10012e-06
-5.89937e-06
-5.66007e-06
-5.392e-06
-5.10681e-06
-4.8149e-06
-4.52368e-06
-4.23661e-06
-3.9534e-06
-3.67057e-06
-3.38301e-06
-3.0861e-06
-2.77625e-06
-2.45697e-06
-2.13624e-06
-1.83894e-06
-1.60256e-06
-1.48188e-06
-1.56264e-06
-1.91794e-06
-2.5571e-06
-3.34201e-06
-4.09812e-06
-4.70461e-06
-5.11174e-06
-5.29184e-06
-5.23322e-06
-4.94192e-06
-4.4397e-06
-3.76396e-06
-2.96564e-06
-2.10633e-06
-1.25459e-06
-4.809e-07
1.48301e-07
5.76742e-07
7.63909e-07
6.89418e-07
3.55358e-07
-2.14304e-07
-9.77216e-07
-1.87927e-06
-2.86153e-06
-5.94125e-06
-5.85382e-06
-5.73113e-06
-5.57206e-06
-5.37845e-06
-5.15578e-06
-4.91176e-06
-4.65428e-06
-4.38982e-06
-4.12233e-06
-3.85319e-06
-3.58115e-06
-3.30342e-06
-3.01759e-06
-2.7218e-06
-2.42079e-06
-2.12285e-06
-1.85135e-06
-1.64187e-06
-1.5425e-06
-1.63236e-06
-1.97675e-06
-2.57893e-06
-3.31552e-06
-4.03117e-06
-4.60799e-06
-4.99203e-06
-5.17148e-06
-5.13737e-06
-4.89722e-06
-4.47464e-06
-3.90892e-06
-3.24976e-06
-2.55407e-06
-1.88234e-06
-1.29374e-06
-8.40918e-07
-5.65239e-07
-4.93213e-07
-6.34284e-07
-9.80624e-07
-1.50909e-06
-2.18484e-06
-2.96668e-06
-3.81152e-06
-5.49018e-06
-5.42537e-06
-5.33203e-06
-5.20858e-06
-5.05506e-06
-4.8741e-06
-4.67037e-06
-4.4493e-06
-4.21599e-06
-3.97419e-06
-3.72609e-06
-3.47208e-06
-3.2113e-06
-2.94346e-06
-2.66834e-06
-2.39195e-06
-2.12292e-06
-1.88281e-06
-1.70514e-06
-1.63091e-06
-1.73129e-06
-2.06421e-06
-2.6258e-06
-3.30774e-06
-3.97576e-06
-4.51833e-06
-4.88368e-06
-5.06542e-06
-5.06211e-06
-4.88299e-06
-4.54982e-06
-4.1029e-06
-3.58858e-06
-3.0568e-06
-2.55833e-06
-2.14067e-06
-1.84376e-06
-1.69678e-06
-1.7162e-06
-1.90512e-06
-2.25404e-06
-2.74304e-06
-3.34481e-06
-4.02862e-06
-4.76301e-06
-5.01961e-06
-4.97551e-06
-4.90806e-06
-4.81569e-06
-4.69762e-06
-4.55475e-06
-4.38963e-06
-4.20568e-06
-4.00661e-06
-3.79555e-06
-3.5749e-06
-3.34608e-06
-3.10967e-06
-2.86716e-06
-2.61981e-06
-2.37464e-06
-2.14075e-06
-1.93739e-06
-1.79592e-06
-1.75012e-06
-1.86192e-06
-2.18258e-06
-2.69992e-06
-3.3221e-06
-3.93783e-06
-4.4436e-06
-4.79155e-06
-4.98213e-06
-5.01358e-06
-4.90448e-06
-4.66832e-06
-4.34503e-06
-3.97589e-06
-3.60247e-06
-3.26537e-06
-3.00122e-06
-2.83908e-06
-2.79908e-06
-2.89103e-06
-3.11482e-06
-3.46152e-06
-3.91526e-06
-4.45549e-06
-5.05966e-06
-5.70493e-06
-4.53519e-06
-4.51085e-06
-4.46717e-06
-4.40284e-06
-4.3168e-06
-4.20903e-06
-4.08074e-06
-3.93394e-06
-3.77113e-06
-3.59475e-06
-3.40703e-06
-3.20998e-06
-3.00505e-06
-2.79504e-06
-2.58245e-06
-2.37478e-06
-2.18165e-06
-2.01962e-06
-1.91741e-06
-1.90224e-06
-2.02556e-06
-2.33202e-06
-2.80282e-06
-3.36137e-06
-3.92042e-06
-4.38915e-06
-4.72458e-06
-4.92934e-06
-5.01092e-06
-4.96645e-06
-4.82894e-06
-4.62834e-06
-4.39842e-06
-4.17241e-06
-3.98072e-06
-3.85038e-06
-3.80242e-06
-3.85028e-06
-3.99989e-06
-4.24994e-06
-4.59297e-06
-5.017e-06
-5.50711e-06
-6.04716e-06
-6.62073e-06
-4.04544e-06
-4.04083e-06
-4.0202e-06
-3.98246e-06
-3.9265e-06
-3.85183e-06
-3.75898e-06
-3.64912e-06
-3.52391e-06
-3.38517e-06
-3.23478e-06
-3.07496e-06
-2.9077e-06
-2.73649e-06
-2.56478e-06
-2.39991e-06
-2.2518e-06
-2.13428e-06
-2.0725e-06
-2.08854e-06
-2.22192e-06
-2.51158e-06
-2.93502e-06
-3.42858e-06
-3.92761e-06
-4.36023e-06
-4.68642e-06
-4.90683e-06
-5.03043e-06
-5.06307e-06
-5.02378e-06
-4.93807e-06
-4.83476e-06
-4.73972e-06
-4.67538e-06
-4.65977e-06
-4.70699e-06
-4.82643e-06
-5.02212e-06
-5.2927e-06
-5.63247e-06
-6.03283e-06
-6.48334e-06
-6.97273e-06
-7.48934e-06
-3.56392e-06
-3.57936e-06
-3.5821e-06
-3.57088e-06
-3.54436e-06
-3.50184e-06
-3.4436e-06
-3.37052e-06
-3.28377e-06
-3.18471e-06
-3.07484e-06
-2.9563e-06
-2.83133e-06
-2.70358e-06
-2.57711e-06
-2.45854e-06
-2.35773e-06
-2.28575e-06
-2.26329e-06
-2.30872e-06
-2.45013e-06
-2.71845e-06
-3.09582e-06
-3.52536e-06
-3.96352e-06
-4.36038e-06
-4.67977e-06
-4.91782e-06
-5.08405e-06
-5.18662e-06
-5.23752e-06
-5.25553e-06
-5.26303e-06
-5.27991e-06
-5.32162e-06
-5.40027e-06
-5.52537e-06
-5.70308e-06
-5.9359e-06
-6.22305e-06
-6.56083e-06
-6.9434e-06
-7.36368e-06
-7.81404e-06
-8.28643e-06
-3.10832e-06
-3.14615e-06
-3.17411e-06
-3.19004e-06
-3.1929e-06
-3.18204e-06
-3.1579e-06
-3.12133e-06
-3.07323e-06
-3.01463e-06
-2.94676e-06
-2.8716e-06
-2.79139e-06
-2.70947e-06
-2.63018e-06
-2.55893e-06
-2.50473e-06
-2.47627e-06
-2.48927e-06
-2.55895e-06
-2.70366e-06
-2.94932e-06
-3.28119e-06
-3.65062e-06
-4.03056e-06
-4.3915e-06
-4.70375e-06
-4.95798e-06
-5.1611e-06
-5.32241e-06
-5.45067e-06
-5.55776e-06
-5.65828e-06
-5.76617e-06
-5.89291e-06
-6.04661e-06
-6.23341e-06
-6.4577e-06
-6.72113e-06
-7.02287e-06
-7.36053e-06
-7.73064e-06
-8.12886e-06
-8.55016e-06
-8.98911e-06
-2.69625e-06
-2.76046e-06
-2.81593e-06
-2.86056e-06
-2.8933e-06
-2.91435e-06
-2.92442e-06
-2.92429e-06
-2.91462e-06
-2.89616e-06
-2.87006e-06
-2.83802e-06
-2.80211e-06
-2.76503e-06
-2.7308e-06
-2.70429e-06
-2.69465e-06
-2.70458e-06
-2.7457e-06
-2.83235e-06
-2.97676e-06
-3.19665e-06
-3.48317e-06
-3.79852e-06
-4.12619e-06
-4.45117e-06
-4.75188e-06
-5.01682e-06
-5.24847e-06
-5.45459e-06
-5.64199e-06
-5.81763e-06
-5.9902e-06
-6.16885e-06
-6.36118e-06
-6.57267e-06
-6.80747e-06
-7.06846e-06
-7.35679e-06
-7.67203e-06
-8.01276e-06
-8.377e-06
-8.76201e-06
-9.16446e-06
-9.58073e-06
-2.35869e-06
-2.4522e-06
-2.53609e-06
-2.6096e-06
-2.67285e-06
-2.72625e-06
-2.77026e-06
-2.80548e-06
-2.83258e-06
-2.85236e-06
-2.86623e-06
-2.8749e-06
-2.88006e-06
-2.88436e-06
-2.89067e-06
-2.90242e-06
-2.9221e-06
-2.95953e-06
-3.02164e-06
-3.11756e-06
-3.25562e-06
-3.44716e-06
-3.68892e-06
-3.95617e-06
-4.2388e-06
-4.52846e-06
-4.81069e-06
-5.07701e-06
-5.32659e-06
-5.56369e-06
-5.79265e-06
-6.01686e-06
-6.24073e-06
-6.46984e-06
-6.70925e-06
-6.96284e-06
-7.23312e-06
-7.52166e-06
-7.82927e-06
-8.15613e-06
-8.50161e-06
-8.86426e-06
-9.2423e-06
-9.63392e-06
-1.00369e-05
-2.1237e-06
-2.24398e-06
-2.35412e-06
-2.45444e-06
-2.54551e-06
-2.62778e-06
-2.70124e-06
-2.76589e-06
-2.82214e-06
-2.86995e-06
-2.91933e-06
-2.96053e-06
-2.99721e-06
-3.03212e-06
-3.06744e-06
-3.10568e-06
-3.15051e-06
-3.20713e-06
-3.28061e-06
-3.37731e-06
-3.50461e-06
-3.67137e-06
-3.87367e-06
-4.09713e-06
-4.34121e-06
-4.60083e-06
-4.85995e-06
-5.11621e-06
-5.36936e-06
-5.61989e-06
-5.86994e-06
-6.12196e-06
-6.37794e-06
-6.64038e-06
-6.91203e-06
-7.19521e-06
-7.49099e-06
-7.79988e-06
-8.12312e-06
-8.46161e-06
-8.81482e-06
-9.18228e-06
-9.56265e-06
-9.95508e-06
-1.03512e-05
-1.98349e-06
-2.12722e-06
-2.26101e-06
-2.38509e-06
-2.49966e-06
-2.60512e-06
-2.70211e-06
-2.7915e-06
-2.87401e-06
-2.95138e-06
-3.0136e-06
-3.07322e-06
-3.12965e-06
-3.18327e-06
-3.23589e-06
-3.28959e-06
-3.34715e-06
-3.41171e-06
-3.4874e-06
-3.58011e-06
-3.69456e-06
-3.84024e-06
-4.01694e-06
-4.20929e-06
-4.42e-06
-4.65028e-06
-4.88941e-06
-5.13105e-06
-5.37704e-06
-5.62779e-06
-5.88393e-06
-6.14647e-06
-6.4167e-06
-6.69557e-06
-6.98393e-06
-7.28308e-06
-7.59449e-06
-7.9186e-06
-8.255e-06
-8.60353e-06
-8.96511e-06
-9.3346e-06
-9.71642e-06
-1.01075e-05
-1.05149e-05
-1.89663e-06
-2.06007e-06
-2.21264e-06
-2.35447e-06
-2.48586e-06
-2.60822e-06
-2.72111e-06
-2.8251e-06
-2.92069e-06
-3.008e-06
-3.08713e-06
-3.16044e-06
-3.22881e-06
-3.29325e-06
-3.3553e-06
-3.41671e-06
-3.47991e-06
-3.5476e-06
-3.62335e-06
-3.71168e-06
-3.81777e-06
-3.94872e-06
-4.10509e-06
-4.28033e-06
-4.47296e-06
-4.67884e-06
-4.89874e-06
-5.12938e-06
-5.36901e-06
-5.61752e-06
-5.87514e-06
-6.14214e-06
-6.4189e-06
-6.70574e-06
-7.00334e-06
-7.31234e-06
-7.63323e-06
-7.96636e-06
-8.31171e-06
-8.66756e-06
-9.03453e-06
-9.41692e-06
-9.80846e-06
-1.02101e-05
-1.06219e-05
-1.83559e-06
-2.01467e-06
-2.18199e-06
-2.33792e-06
-2.48293e-06
-2.61655e-06
-2.74032e-06
-2.85449e-06
-2.95941e-06
-3.05563e-06
-3.14378e-06
-3.22491e-06
-3.30015e-06
-3.37066e-06
-3.43789e-06
-3.50354e-06
-3.56973e-06
-3.63895e-06
-3.71431e-06
-3.79991e-06
-3.9007e-06
-4.02261e-06
-4.16777e-06
-4.32967e-06
-4.50613e-06
-4.69889e-06
-4.9065e-06
-5.12703e-06
-5.35933e-06
-5.60308e-06
-5.85828e-06
-6.12506e-06
-6.40352e-06
-6.69382e-06
-6.99625e-06
-7.31116e-06
-7.63867e-06
-7.97877e-06
-8.3302e-06
-8.69543e-06
-9.07236e-06
-9.4612e-06
-9.86112e-06
-1.02715e-05
-1.06919e-05
-1.78454e-06
-1.97617e-06
-2.15505e-06
-2.32149e-06
-2.476e-06
-2.61893e-06
-2.7509e-06
-2.87238e-06
-2.98393e-06
-3.08619e-06
-3.17994e-06
-3.26614e-06
-3.34588e-06
-3.42038e-06
-3.49106e-06
-3.55956e-06
-3.62791e-06
-3.69847e-06
-3.77423e-06
-3.85894e-06
-3.95706e-06
-4.07384e-06
-4.21067e-06
-4.36342e-06
-4.53094e-06
-4.71391e-06
-4.91182e-06
-5.12396e-06
-5.34976e-06
-5.5889e-06
-5.84131e-06
-6.10695e-06
-6.38578e-06
-6.6779e-06
-6.9834e-06
-7.30224e-06
-7.63432e-06
-7.97927e-06
-8.33813e-06
-8.70977e-06
-9.09392e-06
-9.49031e-06
-9.89836e-06
-1.03174e-05
-1.07468e-05
-1.73709e-06
-1.93897e-06
-2.12718e-06
-2.30212e-06
-2.46428e-06
-2.61415e-06
-2.75227e-06
-2.87923e-06
-2.99569e-06
-3.10238e-06
-3.20017e-06
-3.29002e-06
-3.37308e-06
-3.45057e-06
-3.52397e-06
-3.5949e-06
-3.66535e-06
-3.73763e-06
-3.81458e-06
-3.89958e-06
-3.99667e-06
-4.11053e-06
-4.24231e-06
-4.38911e-06
-4.55026e-06
-4.7264e-06
-4.91762e-06
-5.12373e-06
-5.3445e-06
-5.57977e-06
-5.82944e-06
-6.09346e-06
-6.37185e-06
-6.6646e-06
-6.97167e-06
-7.29297e-06
-7.62842e-06
-7.97804e-06
-8.34166e-06
-8.71892e-06
-9.10942e-06
-9.51273e-06
-9.92829e-06
-1.03555e-05
-1.07936e-05
-1.69241e-06
-1.90288e-06
-2.0988e-06
-2.28066e-06
-2.44902e-06
-2.60441e-06
-2.74743e-06
-2.87873e-06
-2.99906e-06
-3.10923e-06
-3.21017e-06
-3.30294e-06
-3.38869e-06
-3.46874e-06
-3.54455e-06
-3.6178e-06
-3.69043e-06
-3.76469e-06
-3.84327e-06
-3.92925e-06
-4.02634e-06
-4.13871e-06
-4.26736e-06
-4.41021e-06
-4.56704e-06
-4.73849e-06
-4.9249e-06
-5.12638e-06
-5.34299e-06
-5.57477e-06
-5.82176e-06
-6.08397e-06
-6.36146e-06
-6.6542e-06
-6.96209e-06
-7.28504e-06
-7.62318e-06
-7.97618e-06
-8.34386e-06
-8.7259e-06
-9.1219e-06
-9.53138e-06
-9.95376e-06
-1.03884e-05
-1.08346e-05
-1.6519e-06
-1.8695e-06
-2.07185e-06
-2.25947e-06
-2.43295e-06
-2.59287e-06
-2.73988e-06
-2.8747e-06
-2.99816e-06
-3.11115e-06
-3.21468e-06
-3.30986e-06
-3.39792e-06
-3.48019e-06
-3.5582e-06
-3.6336e-06
-3.70837e-06
-3.78463e-06
-3.86496e-06
-3.9522e-06
-4.04978e-06
-4.16141e-06
-4.28799e-06
-4.42814e-06
-4.58181e-06
-4.74969e-06
-4.93228e-06
-5.12999e-06
-5.34312e-06
-5.57188e-06
-5.81643e-06
-6.07686e-06
-6.35324e-06
-6.6456e-06
-6.95389e-06
-7.27801e-06
-7.61806e-06
-7.9737e-06
-8.34473e-06
-8.73083e-06
-9.13159e-06
-9.54649e-06
-9.97494e-06
-1.04163e-05
-1.08697e-05
-1.61676e-06
-1.84036e-06
-2.04812e-06
-2.24056e-06
-2.41828e-06
-2.58192e-06
-2.73218e-06
-2.86987e-06
-2.99587e-06
-3.11116e-06
-3.21681e-06
-3.31398e-06
-3.40395e-06
-3.48812e-06
-3.56803e-06
-3.64536e-06
-3.72203e-06
-3.80012e-06
-3.88207e-06
-3.97054e-06
-4.0687e-06
-4.17985e-06
-4.30487e-06
-4.44287e-06
-4.59399e-06
-4.75892e-06
-4.93836e-06
-5.13294e-06
-5.34311e-06
-5.56922e-06
-5.81153e-06
-6.07021e-06
-6.34539e-06
-6.63716e-06
-6.94558e-06
-7.27065e-06
-7.61191e-06
-7.96963e-06
-8.34344e-06
-8.733e-06
-9.13788e-06
-9.55756e-06
-9.99143e-06
-1.04388e-05
-1.08989e-05
-1.58731e-06
-1.81627e-06
-2.02859e-06
-2.22504e-06
-2.40626e-06
-2.57293e-06
-2.72582e-06
-2.8658e-06
-2.99382e-06
-3.11092e-06
-3.21823e-06
-3.31698e-06
-3.40849e-06
-3.49419e-06
-3.57566e-06
-3.65457e-06
-3.73283e-06
-3.81243e-06
-3.89574e-06
-3.98521e-06
-4.0838e-06
-4.19445e-06
-4.31806e-06
-4.45418e-06
-4.60305e-06
-4.76543e-06
-4.94217e-06
-5.13402e-06
-5.34159e-06
-5.56531e-06
-5.80553e-06
-6.06252e-06
-6.33648e-06
-6.62755e-06
-6.93583e-06
-7.26131e-06
-7.60377e-06
-7.96318e-06
-8.33935e-06
-8.73191e-06
-9.14043e-06
-9.56438e-06
-1.00031e-05
-1.0456e-05
-1.09222e-05
-1.56419e-06
-1.79732e-06
-2.01352e-06
-2.21327e-06
-2.39733e-06
-2.56643e-06
-2.72139e-06
-2.86315e-06
-2.99271e-06
-3.11118e-06
-3.21973e-06
-3.31965e-06
-3.41231e-06
-3.49918e-06
-3.58183e-06
-3.66196e-06
-3.74144e-06
-3.8222e-06
-3.90651e-06
-3.99667e-06
-4.09545e-06
-4.20547e-06
-4.32767e-06
-4.46202e-06
-4.60882e-06
-4.76889e-06
-4.94321e-06
-5.13263e-06
-5.33785e-06
-5.55938e-06
-5.79766e-06
-6.05304e-06
-6.32579e-06
-6.61611e-06
-6.92413e-06
-7.24988e-06
-7.59325e-06
-7.95416e-06
-8.33236e-06
-8.72758e-06
-9.13938e-06
-9.56721e-06
-1.00104e-05
-1.04683e-05
-1.09401e-05
-1.54655e-06
-1.78331e-06
-2.00259e-06
-2.20509e-06
-2.39142e-06
-2.56243e-06
-2.71898e-06
-2.86206e-06
-2.99274e-06
-3.11217e-06
-3.2216e-06
-3.32233e-06
-3.41578e-06
-3.50344e-06
-3.58693e-06
-3.66792e-06
-3.74826e-06
-3.82983e-06
-3.91481e-06
-4.00535e-06
-4.10405e-06
-4.21328e-06
-4.33404e-06
-4.46665e-06
-4.61146e-06
-4.76939e-06
-4.94149e-06
-5.12869e-06
-5.33175e-06
-5.55126e-06
-5.78774e-06
-6.04162e-06
-6.31321e-06
-6.60277e-06
-6.91049e-06
-7.23643e-06
-7.58053e-06
-7.94271e-06
-8.32278e-06
-8.7204e-06
-9.13517e-06
-9.56655e-06
-1.00139e-05
-1.04765e-05
-1.09534e-05
-1.53373e-06
-1.77354e-06
-1.99542e-06
-2.20007e-06
-2.38821e-06
-2.56068e-06
-2.71841e-06
-2.86244e-06
-2.99388e-06
-3.11393e-06
-3.22389e-06
-3.32511e-06
-3.41904e-06
-3.50721e-06
-3.59121e-06
-3.67275e-06
-3.75363e-06
-3.83569e-06
-3.92103e-06
-4.01167e-06
-4.11007e-06
-4.21835e-06
-4.33763e-06
-4.46851e-06
-4.61141e-06
-4.76733e-06
-4.93737e-06
-5.12252e-06
-5.32357e-06
-5.54122e-06
-5.77604e-06
-6.0285e-06
-6.299e-06
-6.58785e-06
-6.89525e-06
-7.22132e-06
-7.56605e-06
-7.92937e-06
-8.31109e-06
-8.71091e-06
-9.12842e-06
-9.56309e-06
-1.00143e-05
-1.04812e-05
-1.09629e-05
-1.52495e-06
-1.7673e-06
-1.99132e-06
-2.19772e-06
-2.38726e-06
-2.56083e-06
-2.71941e-06
-2.86407e-06
-2.99597e-06
-3.11638e-06
-3.22661e-06
-3.32806e-06
-3.42221e-06
-3.51061e-06
-3.59487e-06
-3.67669e-06
-3.75784e-06
-3.84014e-06
-3.92559e-06
-4.0161e-06
-4.11401e-06
-4.22124e-06
-4.33901e-06
-4.46817e-06
-4.60924e-06
-4.76325e-06
-4.93137e-06
-5.1146e-06
-5.31381e-06
-5.52973e-06
-5.763e-06
-6.01416e-06
-6.28364e-06
-6.5718e-06
-6.87889e-06
-7.20505e-06
-7.55034e-06
-7.91468e-06
-8.29791e-06
-8.69974e-06
-9.11977e-06
-9.55746e-06
-1.00122e-05
-1.04831e-05
-1.09693e-05
-1.51944e-06
-1.76393e-06
-1.98971e-06
-2.19752e-06
-2.38815e-06
-2.56253e-06
-2.72168e-06
-2.86673e-06
-2.99886e-06
-3.1194e-06
-3.22969e-06
-3.33116e-06
-3.42533e-06
-3.51376e-06
-3.59807e-06
-3.67996e-06
-3.76118e-06
-3.84349e-06
-3.92885e-06
-4.01907e-06
-4.11636e-06
-4.22247e-06
-4.33871e-06
-4.4662e-06
-4.60551e-06
-4.75772e-06
-4.92404e-06
-5.10549e-06
-5.30298e-06
-5.51731e-06
-5.74915e-06
-5.99908e-06
-6.26761e-06
-6.55513e-06
-6.86192e-06
-7.18816e-06
-7.53393e-06
-7.8992e-06
-8.2838e-06
-8.68747e-06
-9.10981e-06
-9.55029e-06
-1.00082e-05
-1.04829e-05
-1.09732e-05
-1.51651e-06
-1.7628e-06
-1.99003e-06
-2.19896e-06
-2.39043e-06
-2.5654e-06
-2.72492e-06
-2.87017e-06
-3.00236e-06
-3.12286e-06
-3.23305e-06
-3.33439e-06
-3.42842e-06
-3.51672e-06
-3.60093e-06
-3.68272e-06
-3.76385e-06
-3.84603e-06
-3.93115e-06
-4.02096e-06
-4.11754e-06
-4.2225e-06
-4.33725e-06
-4.46312e-06
-4.60075e-06
-4.75128e-06
-4.91591e-06
-5.0957e-06
-5.2916e-06
-5.50445e-06
-5.73497e-06
-5.98378e-06
-6.25143e-06
-6.53834e-06
-6.84483e-06
-7.17114e-06
-7.51734e-06
-7.88344e-06
-8.26929e-06
-8.67463e-06
-9.09908e-06
-9.5421e-06
-1.0003e-05
-1.0481e-05
-1.09752e-05
-1.51553e-06
-1.76334e-06
-1.99177e-06
-2.2016e-06
-2.39371e-06
-2.56908e-06
-2.72883e-06
-2.87411e-06
-3.00627e-06
-3.1266e-06
-3.23657e-06
-3.33768e-06
-3.43146e-06
-3.51952e-06
-3.60352e-06
-3.6851e-06
-3.76602e-06
-3.84796e-06
-3.93275e-06
-4.02206e-06
-4.1179e-06
-4.22172e-06
-4.33502e-06
-4.45934e-06
-4.59541e-06
-4.74437e-06
-4.90744e-06
-5.0857e-06
-5.28014e-06
-5.49163e-06
-5.72093e-06
-5.96872e-06
-6.23555e-06
-6.5219e-06
-6.82812e-06
-7.15446e-06
-7.50105e-06
-7.86788e-06
-8.25485e-06
-8.66171e-06
-9.08806e-06
-9.53338e-06
-9.997e-06
-1.04781e-05
-1.09758e-05
-1.51605e-06
-1.76515e-06
-1.99457e-06
-2.20512e-06
-2.39771e-06
-2.57335e-06
-2.73318e-06
-2.87841e-06
-3.01039e-06
-3.13051e-06
-3.2402e-06
-3.34099e-06
-3.43446e-06
-3.52222e-06
-3.60591e-06
-3.68722e-06
-3.76784e-06
-3.84945e-06
-3.93385e-06
-4.02261e-06
-4.11768e-06
-4.22037e-06
-4.33227e-06
-4.45513e-06
-4.58973e-06
-4.73722e-06
-4.89884e-06
-5.0757e-06
-5.2688e-06
-5.47904e-06
-5.70723e-06
-5.95407e-06
-6.22016e-06
-6.50599e-06
-6.81196e-06
-7.13832e-06
-7.48524e-06
-7.85274e-06
-8.24072e-06
-8.64893e-06
-9.077e-06
-9.52441e-06
-9.99047e-06
-1.04744e-05
-1.09752e-05
-1.51784e-06
-1.76809e-06
-1.99838e-06
-2.20954e-06
-2.40249e-06
-2.5783e-06
-2.73812e-06
-2.88321e-06
-3.01495e-06
-3.13476e-06
-3.24407e-06
-3.34448e-06
-3.43757e-06
-3.52495e-06
-3.60828e-06
-3.68922e-06
-3.76947e-06
-3.85069e-06
-3.9346e-06
-4.02276e-06
-4.117e-06
-4.21853e-06
-4.32902e-06
-4.45042e-06
-4.58358e-06
-4.72963e-06
-4.88983e-06
-5.06531e-06
-5.2571e-06
-5.46614e-06
-5.69326e-06
-5.93918e-06
-6.20454e-06
-6.48986e-06
-6.79557e-06
-7.12195e-06
-7.46918e-06
-7.83729e-06
-8.22622e-06
-8.63573e-06
-9.06543e-06
-9.51482e-06
-9.98322e-06
-1.04698e-05
-1.09736e-05
-1.52037e-06
-1.7717e-06
-2.0028e-06
-2.21452e-06
-2.40781e-06
-2.58377e-06
-2.74358e-06
-2.88851e-06
-3.01994e-06
-3.13937e-06
-3.24825e-06
-3.3482e-06
-3.44078e-06
-3.52767e-06
-3.61054e-06
-3.69106e-06
-3.7709e-06
-3.85168e-06
-3.9351e-06
-4.02266e-06
-4.1161e-06
-4.2165e-06
-4.32558e-06
-4.44554e-06
-4.57725e-06
-4.72186e-06
-4.88062e-06
-5.0547e-06
-5.24515e-06
-5.45294e-06
-5.67893e-06
-5.92388e-06
-6.18846e-06
-6.47322e-06
-6.77862e-06
-7.10494e-06
-7.45245e-06
-7.82117e-06
-8.21103e-06
-8.62182e-06
-9.0532e-06
-9.5046e-06
-9.97536e-06
-1.04646e-05
-1.09714e-05
-3.80963e-06
-9.79596e-06
-1.09742e-05
-1.16976e-05
-1.25457e-05
-1.34766e-05
-1.44683e-05
-1.5506e-05
-1.65794e-05
-1.76822e-05
-1.88105e-05
-1.99632e-05
-2.11451e-05
-2.23704e-05
-2.36723e-05
-1.86011e-06
-7.27659e-06
-9.55423e-06
-1.09623e-05
-1.215e-05
-1.32495e-05
-1.43312e-05
-1.54212e-05
-1.65262e-05
-1.76486e-05
-1.87889e-05
-1.99488e-05
-2.11345e-05
-2.23615e-05
-2.36632e-05
-8.07938e-07
-5.68933e-06
-8.50178e-06
-1.03312e-05
-1.1776e-05
-1.30279e-05
-1.41975e-05
-1.53395e-05
-1.6476e-05
-1.76176e-05
-1.87694e-05
-1.99358e-05
-2.11249e-05
-2.23529e-05
-2.36536e-05
-5.81104e-07
-4.77319e-06
-7.7136e-06
-9.79233e-06
-1.14284e-05
-1.28148e-05
-1.40696e-05
-1.52632e-05
-1.6431e-05
-1.75911e-05
-1.87536e-05
-1.99256e-05
-2.11169e-05
-2.2345e-05
-2.36438e-05
-7.35325e-07
-4.1274e-06
-7.00629e-06
-9.24975e-06
-1.10538e-05
-1.2575e-05
-1.39237e-05
-1.51773e-05
-1.63817e-05
-1.75634e-05
-1.87379e-05
-1.99158e-05
-2.11092e-05
-2.23366e-05
-2.36326e-05
-9.82641e-07
-3.77345e-06
-6.42745e-06
-8.71395e-06
-1.06414e-05
-1.22894e-05
-1.37402e-05
-1.50654e-05
-1.63163e-05
-1.75264e-05
-1.87168e-05
-1.99028e-05
-2.1099e-05
-2.23258e-05
-2.36184e-05
-1.34753e-06
-3.6647e-06
-6.02992e-06
-8.24395e-06
-1.02214e-05
-1.19639e-05
-1.35111e-05
-1.49148e-05
-1.62221e-05
-1.74693e-05
-1.86823e-05
-1.98805e-05
-2.10819e-05
-2.23091e-05
-2.35983e-05
-1.84593e-06
-3.77502e-06
-5.83991e-06
-7.8993e-06
-9.84526e-06
-1.16286e-05
-1.32464e-05
-1.47224e-05
-1.60901e-05
-1.73818e-05
-1.86246e-05
-1.98407e-05
-2.10513e-05
-2.22813e-05
-2.35681e-05
-2.45453e-06
-4.07065e-06
-5.85437e-06
-7.71656e-06
-9.56364e-06
-1.13272e-05
-1.29741e-05
-1.45007e-05
-1.59214e-05
-1.72586e-05
-1.85356e-05
-1.9775e-05
-2.09994e-05
-2.22355e-05
-2.3522e-05
-3.14817e-06
-4.51391e-06
-6.04974e-06
-7.70426e-06
-9.40959e-06
-1.11004e-05
-1.27298e-05
-1.42738e-05
-1.57285e-05
-1.71029e-05
-1.8413e-05
-1.96777e-05
-2.09192e-05
-2.21648e-05
-2.34532e-05
-3.90551e-06
-5.0703e-06
-6.39421e-06
-7.85015e-06
-9.39429e-06
-1.09749e-05
-1.25445e-05
-1.40692e-05
-1.5531e-05
-1.6926e-05
-1.82605e-05
-1.95478e-05
-2.08067e-05
-2.20634e-05
-2.33554e-05
-4.70892e-06
-5.71105e-06
-6.85604e-06
-8.13147e-06
-9.51165e-06
-1.09605e-05
-1.24384e-05
-1.39097e-05
-1.5349e-05
-1.67423e-05
-1.80867e-05
-1.93883e-05
-2.0661e-05
-2.19278e-05
-2.32236e-05
-5.54245e-06
-6.41177e-06
-7.40625e-06
-8.52191e-06
-9.74535e-06
-1.1054e-05
-1.24189e-05
-1.38092e-05
-1.51978e-05
-1.65652e-05
-1.7901e-05
-1.92042e-05
-2.04832e-05
-2.17562e-05
-2.30538e-05
-6.3888e-06
-7.14915e-06
-8.01728e-06
-8.99384e-06
-1.00731e-05
-1.12427e-05
-1.24837e-05
-1.37731e-05
-1.5087e-05
-1.64047e-05
-1.77115e-05
-1.90009e-05
-2.02753e-05
-2.15476e-05
-2.28428e-05
-7.22724e-06
-7.8983e-06
-8.6609e-06
-9.51802e-06
-1.04685e-05
-1.15066e-05
-1.26218e-05
-1.37991e-05
-1.50203e-05
-1.62675e-05
-1.7525e-05
-1.87832e-05
-2.00396e-05
-2.13015e-05
-2.25876e-05
-8.03386e-06
-8.63244e-06
-9.30782e-06
-1.0064e-05
-1.09021e-05
-1.18209e-05
-1.28154e-05
-1.38775e-05
-1.49956e-05
-1.61563e-05
-1.73466e-05
-1.8556e-05
-1.97794e-05
-2.1019e-05
-2.22868e-05
-8.78235e-06
-9.32327e-06
-9.92795e-06
-1.06005e-05
-1.13433e-05
-1.21574e-05
-1.30417e-05
-1.3993e-05
-1.50053e-05
-1.60707e-05
-1.718e-05
-1.8325e-05
-1.95e-05
-2.07037e-05
-2.19414e-05
-9.44787e-06
-9.9441e-06
-1.0493e-05
-1.10981e-05
-1.17624e-05
-1.24879e-05
-1.32758e-05
-1.41263e-05
-1.50377e-05
-1.60067e-05
-1.70282e-05
-1.80973e-05
-1.92097e-05
-2.03637e-05
-2.15596e-05
-1.00134e-05
-1.0477e-05
-1.09835e-05
-1.15362e-05
-1.21378e-05
-1.27911e-05
-1.34984e-05
-1.42617e-05
-1.5082e-05
-1.59599e-05
-1.68944e-05
-1.78831e-05
-1.89231e-05
-2.00139e-05
-2.11564e-05
-1.04541e-05
-1.0897e-05
-1.13748e-05
-1.18902e-05
-1.24459e-05
-1.30446e-05
-1.36887e-05
-1.43819e-05
-1.51263e-05
-1.59233e-05
-1.67746e-05
-1.76819e-05
-1.86463e-05
-1.96683e-05
-2.07478e-05
-1.07613e-05
-1.11944e-05
-1.16566e-05
-1.21499e-05
-1.26768e-05
-1.32394e-05
-1.38412e-05
-1.44843e-05
-1.51719e-05
-1.59071e-05
-1.66931e-05
-1.75331e-05
-1.84298e-05
-1.93845e-05
-2.03971e-05
-1.09322e-05
-1.13677e-05
-1.18278e-05
-1.23142e-05
-1.2829e-05
-1.33744e-05
-1.39528e-05
-1.4567e-05
-1.52202e-05
-1.59157e-05
-1.66568e-05
-1.74467e-05
-1.82892e-05
-1.91857e-05
-2.01382e-05
-1.1045e-05
-1.14856e-05
-1.19483e-05
-1.24343e-05
-1.29453e-05
-1.34834e-05
-1.40503e-05
-1.46486e-05
-1.52811e-05
-1.59508e-05
-1.66608e-05
-1.74145e-05
-1.82156e-05
-1.90679e-05
-1.9968e-05
-1.11237e-05
-1.15722e-05
-1.2041e-05
-1.25309e-05
-1.30434e-05
-1.358e-05
-1.41423e-05
-1.47324e-05
-1.53525e-05
-1.60049e-05
-1.66918e-05
-1.74154e-05
-1.8184e-05
-1.90046e-05
-1.98582e-05
-1.11879e-05
-1.16449e-05
-1.21209e-05
-1.26164e-05
-1.31327e-05
-1.36706e-05
-1.42316e-05
-1.4817e-05
-1.54286e-05
-1.60687e-05
-1.67398e-05
-1.74447e-05
-1.81867e-05
-1.89634e-05
-1.9775e-05
-1.12437e-05
-1.17093e-05
-1.21927e-05
-1.26945e-05
-1.32153e-05
-1.37558e-05
-1.43169e-05
-1.48999e-05
-1.55061e-05
-1.6137e-05
-1.67943e-05
-1.74798e-05
-1.81955e-05
-1.89427e-05
-1.97228e-05
-1.1293e-05
-1.17667e-05
-1.22573e-05
-1.27652e-05
-1.32906e-05
-1.38342e-05
-1.43964e-05
-1.4978e-05
-1.55798e-05
-1.62029e-05
-1.68487e-05
-1.75185e-05
-1.82138e-05
-1.89357e-05
-1.96854e-05
-1.13359e-05
-1.18169e-05
-1.23142e-05
-1.28279e-05
-1.3358e-05
-1.39048e-05
-1.44684e-05
-1.50493e-05
-1.56478e-05
-1.62649e-05
-1.69012e-05
-1.75577e-05
-1.82353e-05
-1.8935e-05
-1.96575e-05
-1.1372e-05
-1.18599e-05
-1.23635e-05
-1.28826e-05
-1.34173e-05
-1.39673e-05
-1.45327e-05
-1.51134e-05
-1.57097e-05
-1.63219e-05
-1.69503e-05
-1.75956e-05
-1.82581e-05
-1.89385e-05
-1.96373e-05
-1.14017e-05
-1.18959e-05
-1.24054e-05
-1.29298e-05
-1.34689e-05
-1.40223e-05
-1.45896e-05
-1.51707e-05
-1.57655e-05
-1.63738e-05
-1.69958e-05
-1.76316e-05
-1.82813e-05
-1.89452e-05
-1.96234e-05
-1.14256e-05
-1.19257e-05
-1.24408e-05
-1.29703e-05
-1.35137e-05
-1.40704e-05
-1.464e-05
-1.52219e-05
-1.58158e-05
-1.64212e-05
-1.7038e-05
-1.76659e-05
-1.83047e-05
-1.89545e-05
-1.96148e-05
-1.14445e-05
-1.19502e-05
-1.24705e-05
-1.30048e-05
-1.35524e-05
-1.41126e-05
-1.46845e-05
-1.52676e-05
-1.58611e-05
-1.64644e-05
-1.7077e-05
-1.76984e-05
-1.8328e-05
-1.89656e-05
-1.96105e-05
-1.14592e-05
-1.19701e-05
-1.24954e-05
-1.30343e-05
-1.3586e-05
-1.41495e-05
-1.47239e-05
-1.53084e-05
-1.59019e-05
-1.65037e-05
-1.7113e-05
-1.7729e-05
-1.83507e-05
-1.8978e-05
-1.96095e-05
-1.14704e-05
-1.19861e-05
-1.25161e-05
-1.30594e-05
-1.3615e-05
-1.41818e-05
-1.47587e-05
-1.53447e-05
-1.59386e-05
-1.65394e-05
-1.7146e-05
-1.77575e-05
-1.83727e-05
-1.89911e-05
-1.9611e-05
-1.14788e-05
-1.1999e-05
-1.25333e-05
-1.30807e-05
-1.364e-05
-1.42099e-05
-1.47893e-05
-1.53769e-05
-1.59714e-05
-1.65715e-05
-1.71761e-05
-1.77838e-05
-1.83935e-05
-1.90042e-05
-1.96142e-05
-1.14848e-05
-1.20092e-05
-1.25476e-05
-1.30988e-05
-1.36615e-05
-1.42344e-05
-1.48162e-05
-1.54054e-05
-1.60006e-05
-1.66004e-05
-1.72033e-05
-1.7808e-05
-1.84129e-05
-1.90171e-05
-1.96184e-05
-1.1489e-05
-1.20172e-05
-1.25593e-05
-1.3114e-05
-1.36799e-05
-1.42557e-05
-1.48397e-05
-1.54305e-05
-1.60265e-05
-1.66262e-05
-1.72278e-05
-1.78299e-05
-1.84308e-05
-1.90294e-05
-1.96233e-05
-1.14919e-05
-1.20235e-05
-1.25689e-05
-1.31268e-05
-1.36957e-05
-1.42741e-05
-1.48603e-05
-1.54526e-05
-1.60495e-05
-1.66491e-05
-1.72497e-05
-1.78497e-05
-1.84472e-05
-1.90409e-05
-1.96284e-05
-1.14936e-05
-1.20286e-05
-1.25772e-05
-1.31382e-05
-1.371e-05
-1.42909e-05
-1.48792e-05
-1.54732e-05
-1.60709e-05
-1.66707e-05
-1.72705e-05
-1.78686e-05
-1.8463e-05
-1.90524e-05
-1.96339e-05
-1.14945e-05
-1.20328e-05
-1.25848e-05
-1.3149e-05
-1.37236e-05
-1.43071e-05
-1.48976e-05
-1.54932e-05
-1.60919e-05
-1.66918e-05
-1.72909e-05
-1.78873e-05
-1.84788e-05
-1.90638e-05
-1.96395e-05
-3.14252e-06
-3.13785e-06
-3.13762e-06
-3.14113e-06
-3.14786e-06
-3.15749e-06
-3.16992e-06
-3.18502e-06
-3.20282e-06
-3.22369e-06
-3.24806e-06
-3.27641e-06
-3.3092e-06
-3.34689e-06
-3.38983e-06
-3.43821e-06
-3.49203e-06
-3.55102e-06
-3.61455e-06
-3.68134e-06
-3.74937e-06
-3.8158e-06
-3.87451e-06
-3.91784e-06
-3.93958e-06
-3.93394e-06
-3.8956e-06
-3.82066e-06
-3.70781e-06
-3.55915e-06
-3.37624e-06
-3.16478e-06
-2.94021e-06
-2.71974e-06
-2.51949e-06
-2.35414e-06
-2.23704e-06
-2.1761e-06
-2.17143e-06
-2.215e-06
-2.29176e-06
-2.38303e-06
-2.4682e-06
-2.52681e-06
-2.54318e-06
-3.14603e-06
-3.14187e-06
-3.14127e-06
-3.14308e-06
-3.14686e-06
-3.15249e-06
-3.15985e-06
-3.1691e-06
-3.1805e-06
-3.19424e-06
-3.21067e-06
-3.23024e-06
-3.25343e-06
-3.28076e-06
-3.31278e-06
-3.35001e-06
-3.39289e-06
-3.44159e-06
-3.49594e-06
-3.55525e-06
-3.61808e-06
-3.6819e-06
-3.74032e-06
-3.78561e-06
-3.81192e-06
-3.81382e-06
-3.78633e-06
-3.72578e-06
-3.63053e-06
-3.50122e-06
-3.3415e-06
-3.16187e-06
-2.97408e-06
-2.78892e-06
-2.6209e-06
-2.48533e-06
-2.39288e-06
-2.34817e-06
-2.34889e-06
-2.38616e-06
-2.44649e-06
-2.51481e-06
-2.57727e-06
-2.6226e-06
-2.64543e-06
-3.13822e-06
-3.13627e-06
-3.13661e-06
-3.13842e-06
-3.14147e-06
-3.14553e-06
-3.15073e-06
-3.15717e-06
-3.16505e-06
-3.17466e-06
-3.18638e-06
-3.20068e-06
-3.21809e-06
-3.23925e-06
-3.26488e-06
-3.29581e-06
-3.33299e-06
-3.37741e-06
-3.43003e-06
-3.49162e-06
-3.56255e-06
-3.64206e-06
-3.72397e-06
-3.79844e-06
-3.85714e-06
-3.89205e-06
-3.89557e-06
-3.86183e-06
-3.78761e-06
-3.67314e-06
-3.52102e-06
-3.34123e-06
-3.14619e-06
-2.95076e-06
-2.77131e-06
-2.62346e-06
-2.51922e-06
-2.4646e-06
-2.4583e-06
-2.49202e-06
-2.55252e-06
-2.62461e-06
-2.69446e-06
-2.75346e-06
-2.79985e-06
-3.12548e-06
-3.12692e-06
-3.12877e-06
-3.13091e-06
-3.1333e-06
-3.13601e-06
-3.13905e-06
-3.14261e-06
-3.14694e-06
-3.15239e-06
-3.15942e-06
-3.16856e-06
-3.1805e-06
-3.19608e-06
-3.21637e-06
-3.24274e-06
-3.27694e-06
-3.32117e-06
-3.37813e-06
-3.45091e-06
-3.54274e-06
-3.65571e-06
-3.78329e-06
-3.91091e-06
-4.02536e-06
-4.11398e-06
-4.16472e-06
-4.16896e-06
-4.12173e-06
-4.02257e-06
-3.87614e-06
-3.6902e-06
-3.47859e-06
-3.25824e-06
-3.04807e-06
-2.86672e-06
-2.72966e-06
-2.64629e-06
-2.61812e-06
-2.6386e-06
-2.69486e-06
-2.77077e-06
-2.85073e-06
-2.9258e-06
-2.99631e-06
-3.11188e-06
-3.11691e-06
-3.12054e-06
-3.1233e-06
-3.1255e-06
-3.12718e-06
-3.12844e-06
-3.12952e-06
-3.13073e-06
-3.13246e-06
-3.13524e-06
-3.1397e-06
-3.14669e-06
-3.15732e-06
-3.17313e-06
-3.19617e-06
-3.22929e-06
-3.27634e-06
-3.34234e-06
-3.43358e-06
-3.55724e-06
-3.71938e-06
-3.91278e-06
-4.11519e-06
-4.30593e-06
-4.46568e-06
-4.5768e-06
-4.62937e-06
-4.61838e-06
-4.54164e-06
-4.40191e-06
-4.20826e-06
-3.97431e-06
-3.71862e-06
-3.46291e-06
-3.22977e-06
-3.03968e-06
-2.90754e-06
-2.83976e-06
-2.83311e-06
-2.87587e-06
-2.95067e-06
-3.03901e-06
-3.13021e-06
-3.22559e-06
-3.10042e-06
-3.10877e-06
-3.11418e-06
-3.11769e-06
-3.11988e-06
-3.12082e-06
-3.12068e-06
-3.11969e-06
-3.11822e-06
-3.1167e-06
-3.1157e-06
-3.11598e-06
-3.11854e-06
-3.12479e-06
-3.13676e-06
-3.15731e-06
-3.19056e-06
-3.24228e-06
-3.32035e-06
-3.43493e-06
-3.59792e-06
-3.82035e-06
-4.09404e-06
-4.38597e-06
-4.66534e-06
-4.90503e-06
-5.08668e-06
-5.19828e-06
-5.23189e-06
-5.1853e-06
-5.0576e-06
-4.85798e-06
-4.60094e-06
-4.30604e-06
-3.99722e-06
-3.70102e-06
-3.44361e-06
-3.24672e-06
-3.12352e-06
-3.07592e-06
-3.09456e-06
-3.16125e-06
-3.25423e-06
-3.36033e-06
-3.48106e-06
-3.09301e-06
-3.10452e-06
-3.11164e-06
-3.11591e-06
-3.11819e-06
-3.1186e-06
-3.11726e-06
-3.11448e-06
-3.1106e-06
-3.10611e-06
-3.1016e-06
-3.09791e-06
-3.0962e-06
-3.09818e-06
-3.10633e-06
-3.12436e-06
-3.15774e-06
-3.21432e-06
-3.30511e-06
-3.44459e-06
-3.64994e-06
-3.93755e-06
-4.29828e-06
-4.68555e-06
-5.05716e-06
-5.38451e-06
-5.64803e-06
-5.82773e-06
-5.90869e-06
-5.88983e-06
-5.77592e-06
-5.57475e-06
-5.29946e-06
-4.96928e-06
-4.60918e-06
-4.24862e-06
-3.91893e-06
-3.64896e-06
-3.45979e-06
-3.36015e-06
-3.3447e-06
-3.39561e-06
-3.48829e-06
-3.60695e-06
-3.75294e-06
-3.0917e-06
-3.1058e-06
-3.11442e-06
-3.11942e-06
-3.12186e-06
-3.12182e-06
-3.11945e-06
-3.11501e-06
-3.10888e-06
-3.10152e-06
-3.09354e-06
-3.08582e-06
-3.07965e-06
-3.07695e-06
-3.08067e-06
-3.0953e-06
-3.12761e-06
-3.18759e-06
-3.28945e-06
-3.4523e-06
-3.69895e-06
-4.051e-06
-4.49958e-06
-4.9839e-06
-5.45126e-06
-5.86644e-06
-6.20146e-06
-6.43717e-06
-6.56342e-06
-6.57711e-06
-6.48224e-06
-6.28599e-06
-6.00087e-06
-5.64521e-06
-5.2436e-06
-4.82668e-06
-4.4294e-06
-4.08684e-06
-3.82822e-06
-3.67023e-06
-3.61331e-06
-3.64169e-06
-3.72903e-06
-3.85738e-06
-4.02786e-06
-3.09708e-06
-3.11352e-06
-3.12351e-06
-3.12922e-06
-3.13184e-06
-3.13143e-06
-3.12808e-06
-3.12206e-06
-3.11369e-06
-3.10341e-06
-3.09181e-06
-3.07977e-06
-3.06864e-06
-3.06051e-06
-3.05869e-06
-3.06837e-06
-3.09754e-06
-3.15822e-06
-3.26776e-06
-3.45008e-06
-3.73397e-06
-4.14455e-06
-4.6761e-06
-5.25152e-06
-5.80643e-06
-6.29848e-06
-6.69693e-06
-6.98366e-06
-7.15075e-06
-7.19396e-06
-7.11895e-06
-6.93265e-06
-6.64667e-06
-6.27762e-06
-5.84831e-06
-5.38871e-06
-4.93523e-06
-4.52757e-06
-4.2025e-06
-3.98498e-06
-3.88268e-06
-3.88363e-06
-3.9613e-06
-4.09638e-06
-4.28993e-06
-3.10968e-06
-3.12826e-06
-3.13955e-06
-3.14596e-06
-3.14877e-06
-3.148e-06
-3.1437e-06
-3.13606e-06
-3.12536e-06
-3.11198e-06
-3.09646e-06
-3.07963e-06
-3.06283e-06
-3.04825e-06
-3.03948e-06
-3.04227e-06
-3.0657e-06
-3.12365e-06
-3.23645e-06
-3.43279e-06
-3.74808e-06
-4.20804e-06
-4.81404e-06
-5.4707e-06
-6.10176e-06
-6.65929e-06
-7.11117e-06
-7.44003e-06
-7.63934e-06
-7.70818e-06
-7.65231e-06
-7.47935e-06
-7.19999e-06
-6.82867e-06
-6.3854e-06
-5.89786e-06
-5.40199e-06
-4.94008e-06
-4.55564e-06
-4.28127e-06
-4.13269e-06
-4.10335e-06
-4.16803e-06
-4.30711e-06
-4.52196e-06
-3.12972e-06
-3.15036e-06
-3.16292e-06
-3.17002e-06
-3.17304e-06
-3.17191e-06
-3.16659e-06
-3.15723e-06
-3.14403e-06
-3.12728e-06
-3.10741e-06
-3.08517e-06
-3.06186e-06
-3.03969e-06
-3.0224e-06
-3.0162e-06
-3.0311e-06
-3.08263e-06
-3.19385e-06
-3.39748e-06
-3.7356e-06
-4.23976e-06
-4.90775e-06
-5.63414e-06
-6.32936e-06
-6.94075e-06
-7.4352e-06
-7.79665e-06
-8.02082e-06
-8.11017e-06
-8.07161e-06
-7.91353e-06
-7.64571e-06
-7.28018e-06
-6.8336e-06
-6.3304e-06
-5.80449e-06
-5.29892e-06
-4.86399e-06
-4.53734e-06
-4.34339e-06
-4.28235e-06
-4.33165e-06
-4.4723e-06
-4.70644e-06
-3.15723e-06
-3.17995e-06
-3.19379e-06
-3.20161e-06
-3.20484e-06
-3.20331e-06
-3.1969e-06
-3.18566e-06
-3.16971e-06
-3.14921e-06
-3.1245e-06
-3.09619e-06
-3.06547e-06
-3.03452e-06
-3.00714e-06
-2.98989e-06
-2.99352e-06
-3.03509e-06
-3.14016e-06
-3.34483e-06
-3.69565e-06
-4.23878e-06
-4.958e-06
-5.74185e-06
-6.48975e-06
-7.14426e-06
-7.67155e-06
-8.05736e-06
-8.30018e-06
-8.40545e-06
-8.38185e-06
-8.23846e-06
-7.98415e-06
-7.62854e-06
-7.1849e-06
-6.67405e-06
-6.12677e-06
-5.58504e-06
-5.10865e-06
-4.73468e-06
-4.49665e-06
-4.40318e-06
-4.43522e-06
-4.57516e-06
-4.8264e-06
-3.19215e-06
-3.21707e-06
-3.23227e-06
-3.24086e-06
-3.2443e-06
-3.2423e-06
-3.23466e-06
-3.22134e-06
-3.20232e-06
-3.17767e-06
-3.14756e-06
-3.11248e-06
-3.07346e-06
-3.03256e-06
-2.99361e-06
-2.9634e-06
-2.95331e-06
-2.98169e-06
-3.07645e-06
-3.277e-06
-3.63433e-06
-4.20548e-06
-4.96722e-06
-5.79822e-06
-6.58891e-06
-7.27754e-06
-7.82985e-06
-8.23359e-06
-8.49006e-06
-8.60742e-06
-8.59605e-06
-8.46551e-06
-8.22383e-06
-7.87843e-06
-7.43946e-06
-6.92443e-06
-6.36085e-06
-5.7871e-06
-5.27306e-06
-4.85719e-06
-4.57646e-06
-4.45005e-06
-4.46321e-06
-4.60015e-06
-4.86607e-06
-3.23442e-06
-3.26174e-06
-3.27842e-06
-3.28781e-06
-3.29145e-06
-3.28891e-06
-3.27987e-06
-3.26419e-06
-3.24176e-06
-3.2125e-06
-3.17644e-06
-3.13388e-06
-3.08568e-06
-3.03377e-06
-2.98194e-06
-2.93708e-06
-2.91114e-06
-2.92361e-06
-3.00456e-06
-3.19689e-06
-3.55569e-06
-4.14388e-06
-4.9409e-06
-5.81037e-06
-6.63573e-06
-7.35137e-06
-7.92279e-06
-8.33966e-06
-8.60591e-06
-8.73199e-06
-8.72962e-06
-8.60865e-06
-8.37623e-06
-8.03787e-06
-7.60115e-06
-7.08073e-06
-6.50206e-06
-5.90163e-06
-5.34578e-06
-4.88975e-06
-4.5687e-06
-4.40931e-06
-4.402e-06
-4.53347e-06
-4.81131e-06
-3.28401e-06
-3.314e-06
-3.33229e-06
-3.34255e-06
-3.34635e-06
-3.34313e-06
-3.33248e-06
-3.31414e-06
-3.2879e-06
-3.25355e-06
-3.21097e-06
-3.16025e-06
-3.10208e-06
-3.03822e-06
-2.97234e-06
-2.91145e-06
-2.86791e-06
-2.86224e-06
-2.9265e-06
-3.10696e-06
-3.46284e-06
-4.05954e-06
-4.88649e-06
-5.78643e-06
-6.63997e-06
-7.37717e-06
-7.96334e-06
-8.38984e-06
-8.66278e-06
-8.7944e-06
-8.79727e-06
-8.68132e-06
-8.45269e-06
-8.11538e-06
-7.67504e-06
-7.14423e-06
-6.54737e-06
-5.92138e-06
-5.3205e-06
-4.8233e-06
-4.46315e-06
-4.26993e-06
-4.24011e-06
-4.36324e-06
-4.64996e-06
-3.34095e-06
-3.37392e-06
-3.394e-06
-3.40516e-06
-3.40905e-06
-3.40499e-06
-3.39244e-06
-3.37107e-06
-3.34057e-06
-3.30063e-06
-3.25096e-06
-3.19146e-06
-3.1226e-06
-3.04599e-06
-2.96514e-06
-2.88709e-06
-2.82458e-06
-2.79907e-06
-2.84435e-06
-3.00986e-06
-3.35906e-06
-3.96213e-06
-4.80715e-06
-5.73404e-06
-6.61089e-06
-7.36563e-06
-7.96339e-06
-8.3969e-06
-8.67392e-06
-8.80784e-06
-8.81169e-06
-8.69498e-06
-8.46301e-06
-8.11869e-06
-7.66639e-06
-7.11739e-06
-6.49571e-06
-5.83896e-06
-5.19441e-06
-4.65111e-06
-4.25135e-06
-4.02261e-06
-3.96788e-06
-4.07947e-06
-4.37175e-06
-3.40537e-06
-3.44169e-06
-3.46371e-06
-3.47579e-06
-3.47965e-06
-3.47449e-06
-3.45968e-06
-3.43485e-06
-3.39959e-06
-3.3535e-06
-3.2962e-06
-3.22735e-06
-3.14717e-06
-3.05716e-06
-2.96062e-06
-2.86458e-06
-2.7821e-06
-2.73551e-06
-2.76008e-06
-2.90839e-06
-3.24773e-06
-3.85267e-06
-4.71237e-06
-5.66088e-06
-6.55703e-06
-7.3262e-06
-7.93314e-06
-8.37152e-06
-8.65017e-06
-8.78301e-06
-8.78304e-06
-8.65907e-06
-8.41557e-06
-8.05464e-06
-7.58012e-06
-7.00302e-06
-6.34712e-06
-5.65058e-06
-4.96525e-06
-4.37033e-06
-3.92524e-06
-3.65938e-06
-3.57763e-06
-3.6742e-06
-3.96857e-06
-3.47751e-06
-3.51756e-06
-3.54169e-06
-3.55463e-06
-3.55827e-06
-3.55167e-06
-3.53414e-06
-3.50529e-06
-3.46468e-06
-3.41186e-06
-3.34642e-06
-3.26774e-06
-3.17568e-06
-3.07179e-06
-2.95907e-06
-2.84448e-06
-2.74137e-06
-2.6728e-06
-2.6756e-06
-2.80507e-06
-3.13222e-06
-3.7357e-06
-4.60691e-06
-5.57309e-06
-6.48543e-06
-7.26662e-06
-7.88086e-06
-8.32224e-06
-8.60002e-06
-8.72832e-06
-8.71936e-06
-8.58112e-06
-8.31716e-06
-7.92918e-06
-7.42109e-06
-6.80438e-06
-6.10339e-06
-5.35862e-06
-4.62606e-06
-3.97702e-06
-3.48257e-06
-3.17571e-06
-3.06403e-06
-3.14161e-06
-3.43467e-06
-3.55774e-06
-3.60193e-06
-3.62828e-06
-3.64198e-06
-3.64507e-06
-3.63653e-06
-3.61568e-06
-3.58215e-06
-3.53553e-06
-3.47531e-06
-3.40121e-06
-3.3123e-06
-3.20794e-06
-3.08984e-06
-2.96065e-06
-2.82721e-06
-2.70313e-06
-2.61209e-06
-2.59248e-06
-2.70199e-06
-3.01536e-06
-3.61501e-06
-4.49486e-06
-5.47569e-06
-6.40175e-06
-7.19307e-06
-7.81302e-06
-8.25569e-06
-8.53027e-06
-8.65026e-06
-8.62696e-06
-8.46715e-06
-8.17358e-06
-7.74775e-06
-7.19424e-06
-6.52584e-06
-5.76849e-06
-4.96482e-06
-4.17476e-06
-3.47037e-06
-2.92176e-06
-2.56805e-06
-2.4234e-06
-2.47741e-06
-2.76678e-06
-3.64656e-06
-3.69531e-06
-3.72394e-06
-3.73816e-06
-3.74024e-06
-3.72911e-06
-3.70415e-06
-3.66513e-06
-3.61173e-06
-3.54352e-06
-3.46015e-06
-3.36034e-06
-3.24364e-06
-3.11119e-06
-2.96542e-06
-2.8131e-06
-2.66792e-06
-2.55434e-06
-2.51192e-06
-2.60089e-06
-2.8994e-06
-3.49346e-06
-4.37964e-06
-5.3727e-06
-6.3105e-06
-7.11038e-06
-7.73461e-06
-8.17688e-06
-8.4458e-06
-8.55377e-06
-8.51076e-06
-8.32218e-06
-7.98993e-06
-7.51556e-06
-6.90477e-06
-6.17237e-06
-5.3468e-06
-4.47356e-06
-3.6155e-06
-2.84748e-06
-2.24199e-06
-1.83684e-06
-1.65479e-06
-1.67914e-06
-1.96361e-06
-3.74466e-06
-3.79838e-06
-3.82927e-06
-3.8436e-06
-3.84399e-06
-3.82936e-06
-3.7993e-06
-3.75381e-06
-3.69276e-06
-3.61582e-06
-3.52251e-06
-3.41147e-06
-3.28237e-06
-3.13554e-06
-2.9733e-06
-2.80229e-06
-2.63619e-06
-2.50017e-06
-2.43495e-06
-2.50312e-06
-2.78609e-06
-3.37329e-06
-4.26394e-06
-5.26727e-06
-6.21513e-06
-7.02217e-06
-7.64935e-06
-8.08957e-06
-8.35035e-06
-8.44266e-06
-8.37475e-06
-8.1505e-06
-7.77094e-06
-7.23784e-06
-6.55837e-06
-5.74986e-06
-4.84397e-06
-3.88966e-06
-2.95311e-06
-2.11233e-06
-1.44308e-06
-9.8431e-07
-7.58669e-07
-7.52125e-07
-1.02167e-06
-3.85291e-06
-3.912e-06
-3.94498e-06
-3.95881e-06
-3.95654e-06
-3.93724e-06
-3.9008e-06
-3.84761e-06
-3.77786e-06
-3.69137e-06
-3.58757e-06
-3.46519e-06
-3.32351e-06
-3.16246e-06
-2.98406e-06
-2.79469e-06
-2.60815e-06
-2.45003e-06
-2.36228e-06
-2.40968e-06
-2.67676e-06
-3.25619e-06
-4.14979e-06
-5.16174e-06
-6.11823e-06
-6.93116e-06
-7.56001e-06
-7.99652e-06
-8.24678e-06
-8.31994e-06
-8.22226e-06
-7.95596e-06
-7.52119e-06
-6.92003e-06
-6.16131e-06
-5.26525e-06
-4.26719e-06
-3.22014e-06
-2.19415e-06
-1.27068e-06
-5.30324e-07
-1.48182e-08
2.59527e-07
2.95309e-07
5.83706e-08
-3.97245e-06
-4.03724e-06
-4.07197e-06
-4.08436e-06
-4.0781e-06
-4.05257e-06
-4.00819e-06
-3.94586e-06
-3.86621e-06
-3.7693e-06
-3.65452e-06
-3.5206e-06
-3.36638e-06
-3.1914e-06
-2.9973e-06
-2.79018e-06
-2.58378e-06
-2.40419e-06
-2.29439e-06
-2.32128e-06
-2.57237e-06
-3.14339e-06
-4.03867e-06
-5.05787e-06
-6.02169e-06
-6.83932e-06
-7.46859e-06
-7.89979e-06
-8.13726e-06
-8.18803e-06
-8.05619e-06
-7.74218e-06
-7.24524e-06
-6.56781e-06
-5.72048e-06
-4.7265e-06
-3.62518e-06
-2.47393e-06
-1.34717e-06
-3.30393e-07
4.88494e-07
1.06645e-06
1.39363e-06
1.46004e-06
1.26943e-06
-4.10466e-06
-4.17544e-06
-4.21127e-06
-4.22089e-06
-4.20886e-06
-4.17511e-06
-4.12083e-06
-4.0477e-06
-3.95682e-06
-3.84862e-06
-3.72241e-06
-3.57679e-06
-3.4102e-06
-3.22173e-06
-3.01255e-06
-2.78844e-06
-2.56295e-06
-2.36268e-06
-2.23153e-06
-2.23837e-06
-2.47358e-06
-3.03577e-06
-3.93168e-06
-4.9569e-06
-5.92688e-06
-6.74809e-06
-7.37656e-06
-7.80093e-06
-8.02349e-06
-8.04897e-06
-7.87915e-06
-7.51261e-06
-6.94768e-06
-6.18715e-06
-5.24336e-06
-4.14255e-06
-2.92801e-06
-1.66177e-06
-4.22932e-07
6.98277e-07
1.6052e-06
2.25271e-06
2.64218e-06
2.74981e-06
2.60043e-06
-4.25133e-06
-4.32824e-06
-4.36415e-06
-4.36909e-06
-4.3489e-06
-4.30442e-06
-4.23794e-06
-4.15207e-06
-4.0486e-06
-3.92822e-06
-3.79016e-06
-3.63281e-06
-3.45416e-06
-3.25275e-06
-3.02925e-06
-2.78902e-06
-2.5454e-06
-2.32542e-06
-2.17376e-06
-2.16118e-06
-2.38078e-06
-2.93391e-06
-3.82956e-06
-4.85972e-06
-5.83478e-06
-6.65849e-06
-7.285e-06
-7.7011e-06
-7.90687e-06
-7.90455e-06
-7.69356e-06
-7.27062e-06
-6.63315e-06
-5.78426e-06
-4.73789e-06
-3.52311e-06
-2.18701e-06
-7.96099e-07
5.65563e-07
1.8025e-06
2.80955e-06
3.53247e-06
3.98999e-06
4.15025e-06
4.0512e-06
-4.41468e-06
-4.49766e-06
-4.53205e-06
-4.52967e-06
-4.4982e-06
-4.43985e-06
-4.35851e-06
-4.25773e-06
-4.14032e-06
-4.00689e-06
-3.85668e-06
-3.6877e-06
-3.49741e-06
-3.28376e-06
-3.04679e-06
-2.79146e-06
-2.53078e-06
-2.29217e-06
-2.12099e-06
-2.08976e-06
-2.29417e-06
-2.83815e-06
-3.73279e-06
-4.76692e-06
-5.74607e-06
-6.57127e-06
-7.19473e-06
-7.60125e-06
-7.78855e-06
-7.75637e-06
-7.5017e-06
-7.01949e-06
-6.30627e-06
-5.36543e-06
-4.21233e-06
-2.87853e-06
-1.41449e-06
1.09125e-07
1.60308e-06
2.96595e-06
4.08818e-06
4.8973e-06
5.42468e-06
5.64428e-06
5.60423e-06
-4.59752e-06
-4.68616e-06
-4.71663e-06
-4.70331e-06
-4.65648e-06
-4.5805e-06
-4.48125e-06
-4.36341e-06
-4.23059e-06
-4.08341e-06
-3.92087e-06
-3.74052e-06
-3.53915e-06
-3.31404e-06
-3.06459e-06
-2.79524e-06
-2.51868e-06
-2.26263e-06
-2.07303e-06
-2.02403e-06
-2.2138e-06
-2.74866e-06
-3.64167e-06
-4.6789e-06
-5.66122e-06
-6.48695e-06
-7.10634e-06
-7.5021e-06
-7.66955e-06
-7.60585e-06
-7.30572e-06
-6.76238e-06
-5.97159e-06
-4.93695e-06
-3.67506e-06
-2.21947e-06
-6.23419e-07
1.03887e-06
2.67307e-06
4.17073e-06
5.42184e-06
6.33805e-06
6.93638e-06
7.22582e-06
7.25198e-06
-4.80349e-06
-4.89681e-06
-4.91977e-06
-4.89055e-06
-4.82324e-06
-4.72529e-06
-4.60462e-06
-4.46758e-06
-4.31801e-06
-4.15656e-06
-3.98173e-06
-3.79041e-06
-3.57866e-06
-3.34298e-06
-3.08208e-06
-2.79989e-06
-2.50868e-06
-2.23643e-06
-2.0296e-06
-1.96382e-06
-2.13958e-06
-2.66545e-06
-3.55634e-06
-4.59588e-06
-5.58053e-06
-6.40591e-06
-7.0203e-06
-7.40428e-06
-7.55073e-06
-7.45435e-06
-7.10765e-06
-6.50232e-06
-5.63348e-06
-4.50497e-06
-3.13435e-06
-1.55669e-06
1.7284e-07
1.97741e-06
3.75863e-06
5.40159e-06
6.79017e-06
7.83143e-06
8.51336e-06
8.8826e-06
8.98499e-06
-5.03732e-06
-5.13334e-06
-5.14351e-06
-5.09171e-06
-4.99765e-06
-4.87262e-06
-4.72697e-06
-4.56855e-06
-4.4012e-06
-4.2252e-06
-4.03834e-06
-3.83663e-06
-3.6153e-06
-3.37004e-06
-3.09879e-06
-2.80495e-06
-2.50036e-06
-2.21321e-06
-1.99038e-06
-1.90887e-06
-2.07134e-06
-2.58846e-06
-3.47681e-06
-4.51798e-06
-5.50419e-06
-6.32839e-06
-6.93696e-06
-7.30828e-06
-7.43288e-06
-7.30307e-06
-6.90935e-06
-6.24213e-06
-5.29606e-06
-4.07529e-06
-2.59814e-06
-9.00676e-07
9.609e-07
2.90842e-06
4.84088e-06
6.63817e-06
8.17655e-06
9.35476e-06
1.01383e-05
1.05991e-05
1.07927e-05
-5.30541e-06
-5.40031e-06
-5.3899e-06
-5.30678e-06
-5.17845e-06
-5.02053e-06
-4.84639e-06
-4.66471e-06
-4.47885e-06
-4.28835e-06
-4.08994e-06
-3.87861e-06
-3.64862e-06
-3.39479e-06
-3.11432e-06
-2.81005e-06
-2.49336e-06
-2.19261e-06
-1.95504e-06
-1.85888e-06
-2.00883e-06
-2.5175e-06
-3.40302e-06
-4.4452e-06
-5.43227e-06
-6.25456e-06
-6.85656e-06
-7.21454e-06
-7.31668e-06
-7.1531e-06
-6.71254e-06
-5.98439e-06
-4.9631e-06
-3.65325e-06
-2.07383e-06
-2.61395e-07
1.72771e-06
3.8154e-06
5.89989e-06
7.85746e-06
9.55619e-06
1.08856e-05
1.17946e-05
1.23603e-05
1.2665e-05
-5.61653e-06
-5.70323e-06
-5.66087e-06
-5.53524e-06
-5.36353e-06
-5.16686e-06
-4.96092e-06
-4.75447e-06
-4.54985e-06
-4.34524e-06
-4.13601e-06
-3.91596e-06
-3.67829e-06
-3.41697e-06
-3.12839e-06
-2.81489e-06
-2.48736e-06
-2.17429e-06
-1.92324e-06
-1.81353e-06
-1.95178e-06
-2.45237e-06
-3.33481e-06
-4.37747e-06
-5.36478e-06
-6.18451e-06
-6.77932e-06
-7.1234e-06
-7.20274e-06
-7.00543e-06
-6.51875e-06
-5.7314e-06
-4.63795e-06
-3.2436e-06
-1.56802e-06
3.52053e-07
2.461e-06
4.68224e-06
6.91534e-06
9.03545e-06
1.09036e-05
1.23987e-05
1.34576e-05
1.41494e-05
1.45935e-05
-5.98307e-06
-6.04853e-06
-5.95789e-06
-5.77547e-06
-5.55035e-06
-5.30908e-06
-5.0686e-06
-4.8365e-06
-4.61333e-06
-4.39534e-06
-4.17624e-06
-3.94848e-06
-3.70418e-06
-3.43641e-06
-3.14082e-06
-2.81924e-06
-2.48208e-06
-2.15794e-06
-1.89465e-06
-1.7725e-06
-1.89987e-06
-2.39278e-06
-3.272e-06
-4.31467e-06
-5.30167e-06
-6.11826e-06
-6.70535e-06
-7.03514e-06
-7.09155e-06
-6.86091e-06
-6.32932e-06
-5.48516e-06
-4.32348e-06
-2.85041e-06
-1.08643e-06
9.31707e-07
3.14969e-06
5.49378e-06
7.86716e-06
1.01471e-05
1.21908e-05
1.38666e-05
1.50962e-05
1.59444e-05
1.65702e-05
-6.42288e-06
-6.44367e-06
-6.28094e-06
-6.02503e-06
-5.73567e-06
-5.44453e-06
-5.16757e-06
-4.90974e-06
-4.66877e-06
-4.43845e-06
-4.21058e-06
-3.97618e-06
-3.72628e-06
-3.45309e-06
-3.15153e-06
-2.82296e-06
-2.47733e-06
-2.14332e-06
-1.86897e-06
-1.73545e-06
-1.85278e-06
-2.33844e-06
-3.21435e-06
-4.25662e-06
-5.24283e-06
-6.05578e-06
-6.63473e-06
-6.94998e-06
-6.98356e-06
-6.72027e-06
-6.14537e-06
-5.24732e-06
-4.02204e-06
-2.47697e-06
-6.33675e-07
1.47099e-06
3.78433e-06
6.2364e-06
8.73613e-06
1.11666e-05
1.33857e-05
1.52553e-05
1.6677e-05
1.77173e-05
1.85889e-05
-6.96161e-06
-6.89615e-06
-6.62771e-06
-6.27976e-06
-5.91551e-06
-5.57052e-06
-5.25635e-06
-4.97355e-06
-4.71602e-06
-4.47465e-06
-4.23922e-06
-3.99926e-06
-3.74475e-06
-3.4671e-06
-3.16053e-06
-2.82599e-06
-2.47296e-06
-2.13021e-06
-1.84593e-06
-1.70207e-06
-1.81017e-06
-2.28902e-06
-3.16159e-06
-4.20313e-06
-5.18813e-06
-5.99701e-06
-6.56751e-06
-6.8681e-06
-6.87912e-06
-6.5841e-06
-5.96782e-06
-5.0192e-06
-3.73548e-06
-2.12581e-06
-2.13249e-07
1.9649e-06
4.35742e-06
6.89863e-06
9.50477e-06
1.20682e-05
1.44536e-05
1.65229e-05
1.81577e-05
1.94317e-05
2.06467e-05
-7.63547e-06
-7.40535e-06
-6.99776e-06
-6.53368e-06
-6.08534e-06
-5.68453e-06
-5.33393e-06
-5.02774e-06
-4.75529e-06
-4.50433e-06
-4.26255e-06
-4.01806e-06
-3.75986e-06
-3.4786e-06
-3.16791e-06
-2.82832e-06
-2.46888e-06
-2.11842e-06
-1.82527e-06
-1.67206e-06
-1.77172e-06
-2.24422e-06
-3.11343e-06
-4.15395e-06
-5.13738e-06
-5.94185e-06
-6.50366e-06
-6.78961e-06
-6.77852e-06
-6.45291e-06
-5.79743e-06
-4.80187e-06
-3.46519e-06
-1.79874e-06
1.72387e-07
2.40991e-06
4.86356e-06
7.47159e-06
1.01582e-05
1.28279e-05
1.53576e-05
1.76199e-05
1.94813e-05
2.10337e-05
2.27393e-05
-8.49545e-06
-7.96876e-06
-7.37609e-06
-6.77853e-06
-6.24032e-06
-5.78442e-06
-5.39979e-06
-5.07259e-06
-4.78717e-06
-4.5281e-06
-4.28111e-06
-4.03302e-06
-3.77193e-06
-3.48783e-06
-3.17377e-06
-2.82994e-06
-2.46499e-06
-2.10777e-06
-1.80675e-06
-1.64512e-06
-1.73709e-06
-2.20369e-06
-3.06956e-06
-4.10882e-06
-5.09036e-06
-5.89014e-06
-6.4431e-06
-6.71453e-06
-6.68191e-06
-6.32704e-06
-5.63476e-06
-4.5961e-06
-3.21219e-06
-1.49707e-06
5.21586e-07
2.80374e-06
5.2991e-06
7.94884e-06
1.06844e-05
1.34234e-05
1.606e-05
1.84888e-05
2.05708e-05
2.24368e-05
2.48439e-05
-9.58663e-06
-8.57704e-06
-7.746e-06
-7.00417e-06
-6.3756e-06
-5.86868e-06
-5.45406e-06
-5.10886e-06
-4.81255e-06
-4.54681e-06
-4.29564e-06
-4.04472e-06
-3.78141e-06
-3.4951e-06
-3.1783e-06
-2.83093e-06
-2.46125e-06
-2.09814e-06
-1.79014e-06
-1.62096e-06
-1.70598e-06
-2.16712e-06
-3.02972e-06
-4.06749e-06
-5.04685e-06
-5.84168e-06
-6.38569e-06
-6.64276e-06
-6.58926e-06
-6.20653e-06
-5.47991e-06
-4.40204e-06
-2.97665e-06
-1.22095e-06
8.34173e-07
3.14603e-06
5.66304e-06
8.32744e-06
1.10757e-05
1.38369e-05
1.65243e-05
1.9065e-05
2.13267e-05
2.35146e-05
2.69153e-05
-1.10148e-05
-9.21139e-06
-8.08349e-06
-7.19981e-06
-6.48828e-06
-5.93772e-06
-5.49831e-06
-5.13825e-06
-4.83293e-06
-4.56168e-06
-4.30711e-06
-4.05396e-06
-3.78895e-06
-3.50093e-06
-3.18195e-06
-2.83165e-06
-2.45791e-06
-2.08962e-06
-1.7754e-06
-1.59939e-06
-1.67806e-06
-2.13417e-06
-2.99364e-06
-4.02988e-06
-5.00694e-06
-5.79668e-06
-6.33168e-06
-6.57456e-06
-6.50072e-06
-6.09129e-06
-5.33241e-06
-4.21868e-06
-2.75677e-06
-9.67557e-07
1.11418e-06
3.44213e-06
5.96186e-06
8.61422e-06
1.1337e-05
1.40655e-05
1.67281e-05
1.92859e-05
2.16295e-05
2.41199e-05
2.89661e-05
-1.29004e-05
-9.83634e-06
-8.35351e-06
-7.35534e-06
-6.57981e-06
-5.99537e-06
-5.53616e-06
-5.16353e-06
-4.85021e-06
-4.57392e-06
-4.31625e-06
-4.06118e-06
-3.79484e-06
-3.50559e-06
-3.18505e-06
-2.83249e-06
-2.45543e-06
-2.08268e-06
-1.76288e-06
-1.58054e-06
-1.6532e-06
-2.10453e-06
-2.96111e-06
-3.99609e-06
-4.97114e-06
-5.75607e-06
-6.28239e-06
-6.5115e-06
-6.41805e-06
-5.98303e-06
-5.19358e-06
-4.04645e-06
-2.55154e-06
-7.3374e-07
1.36769e-06
3.70188e-06
6.20994e-06
8.82867e-06
1.14924e-05
1.41344e-05
1.66836e-05
1.91114e-05
2.13279e-05
2.3981e-05
3.07884e-05
-1.44923e-05
-1.02307e-05
-8.49169e-06
-7.45021e-06
-6.64544e-06
-6.03993e-06
-5.56627e-06
-5.18332e-06
-4.8629e-06
-4.58198e-06
-4.32144e-06
-4.0647e-06
-3.79732e-06
-3.50721e-06
-3.18574e-06
-2.83169e-06
-2.45224e-06
-2.0761e-06
-1.75182e-06
-1.56408e-06
-1.63129e-06
-2.0778e-06
-2.93104e-06
-3.96434e-06
-4.93732e-06
-5.71789e-06
-6.23659e-06
-6.45382e-06
-6.34355e-06
-5.88679e-06
-5.07179e-06
-3.89744e-06
-2.37683e-06
-5.38874e-07
1.5726e-06
3.9017e-06
6.38411e-06
8.95043e-06
1.15273e-05
1.40362e-05
1.63856e-05
1.84983e-05
2.0204e-05
2.2208e-05
2.89962e-05
)
;

boundaryField
{
    inlet
    {
        type            uniformJump;
        patchType       cyclic;
        jump            uniform -2.5e-05;
        value           nonuniform List<scalar> 
40
(
6.63846e-07
6.73919e-07
6.84767e-07
6.9621e-07
7.09603e-07
7.2661e-07
7.49809e-07
7.83239e-07
8.32475e-07
9.04056e-07
1.00441e-06
1.139e-06
1.31231e-06
1.52833e-06
1.79077e-06
2.10243e-06
2.46119e-06
2.86055e-06
3.2862e-06
3.72115e-06
4.10079e-06
4.38624e-06
4.58215e-06
4.71666e-06
4.81643e-06
4.88567e-06
4.93917e-06
4.98126e-06
5.01402e-06
5.03886e-06
5.05697e-06
5.06951e-06
5.07762e-06
5.08234e-06
5.08457e-06
5.08503e-06
5.08431e-06
5.08278e-06
5.08057e-06
5.07799e-06
)
;
        jumpTable       table;
        jumpTableCoeffs
        {
            values          
4
(
(0 -2.5e-05)
(25 -2.5e-05)
(25.5 -0.0001)
(26 -2.5e-05)
)
;
        }
    }
    outlet
    {
        type            uniformJump;
        patchType       cyclic;
        value           nonuniform List<scalar> 
40
(
-2.43362e-05
-2.43261e-05
-2.43152e-05
-2.43038e-05
-2.42904e-05
-2.42734e-05
-2.42502e-05
-2.42168e-05
-2.41675e-05
-2.40959e-05
-2.39956e-05
-2.3861e-05
-2.36877e-05
-2.34717e-05
-2.32092e-05
-2.28976e-05
-2.25388e-05
-2.21394e-05
-2.17138e-05
-2.12788e-05
-2.08992e-05
-2.06138e-05
-2.04179e-05
-2.02833e-05
-2.01836e-05
-2.01143e-05
-2.00608e-05
-2.00187e-05
-1.9986e-05
-1.99611e-05
-1.9943e-05
-1.99305e-05
-1.99224e-05
-1.99177e-05
-1.99154e-05
-1.9915e-05
-1.99157e-05
-1.99172e-05
-1.99194e-05
-1.9922e-05
)
;
    }
    Walls
    {
        type            zeroGradient;
    }
    back
    {
        type            empty;
    }
    front
    {
        type            empty;
    }
}


// ************************************************************************* //
