/*--------------------------------*- C++ -*----------------------------------*\
| =========                 |                                                 |
| \\      /  F ield         | OpenFOAM: The Open Source CFD Toolbox           |
|  \\    /   O peration     | Version:  2312                                  |
|   \\  /    A nd           | Website:  www.openfoam.com                      |
|    \\/     M anipulation  |                                                 |
\*---------------------------------------------------------------------------*/
FoamFile
{
    version     2.0;
    format      ascii;
    arch        "LSB;label=32;scalar=64";
    class       volScalarField;
    location    "99";
    object      p;
}
// * * * * * * * * * * * * * * * * * * * * * * * * * * * * * * * * * * * * * //

dimensions      [0 2 -2 0 0 0 0];

internalField   nonuniform List<scalar> 
4800
(
4.09467e-13
-1.03454e-06
-1.84984e-06
-2.51461e-06
-3.06937e-06
-3.55326e-06
-3.97535e-06
-4.34763e-06
-4.6827e-06
-4.98741e-06
-5.26645e-06
-5.51987e-06
-5.74021e-06
-6.16544e-06
-7.73049e-06
1.29879e-08
-1.02146e-06
-1.83709e-06
-2.50255e-06
-3.05855e-06
-3.54422e-06
-3.96882e-06
-4.3445e-06
-4.68472e-06
-4.99825e-06
-5.2944e-06
-5.5863e-06
-5.88586e-06
-6.29887e-06
-7.06078e-06
2.62806e-08
-1.00789e-06
-1.82387e-06
-2.4903e-06
-3.04666e-06
-3.53347e-06
-3.96019e-06
-4.3386e-06
-4.68285e-06
-5.00251e-06
-5.30803e-06
-5.61302e-06
-5.92335e-06
-6.24462e-06
-6.5494e-06
3.92737e-08
-9.94075e-07
-1.80994e-06
-2.47717e-06
-3.033e-06
-3.52025e-06
-3.94836e-06
-4.32807e-06
-4.67353e-06
-4.99376e-06
-5.29649e-06
-5.58681e-06
-5.85471e-06
-6.06724e-06
-6.1533e-06
5.32215e-08
-9.78693e-07
-1.79388e-06
-2.46111e-06
-3.01666e-06
-3.50255e-06
-3.93078e-06
-4.30976e-06
-4.65254e-06
-4.96629e-06
-5.25387e-06
-5.51098e-06
-5.71707e-06
-5.83277e-06
-5.80305e-06
6.95413e-08
-9.60314e-07
-1.77417e-06
-2.44019e-06
-2.99592e-06
-3.47814e-06
-3.90419e-06
-4.27937e-06
-4.61437e-06
-4.91357e-06
-5.17483e-06
-5.38775e-06
-5.5301e-06
-5.57181e-06
-5.48488e-06
9.06361e-08
-9.36627e-07
-1.74841e-06
-2.4121e-06
-2.9665e-06
-3.44409e-06
-3.86442e-06
-4.23144e-06
-4.55265e-06
-4.82943e-06
-5.05631e-06
-5.22142e-06
-5.30761e-06
-5.29909e-06
-5.18847e-06
1.20834e-07
-9.03584e-07
-1.71253e-06
-2.37279e-06
-2.92342e-06
-3.39504e-06
-3.80567e-06
-4.15944e-06
-4.46081e-06
-4.70904e-06
-4.89795e-06
-5.01825e-06
-5.06064e-06
-5.02154e-06
-4.90491e-06
1.67022e-07
-8.54763e-07
-1.6602e-06
-2.31581e-06
-2.86057e-06
-3.32324e-06
-3.72024e-06
-4.05588e-06
-4.33258e-06
-4.5491e-06
-4.70107e-06
-4.78392e-06
-4.79573e-06
-4.74075e-06
-4.62758e-06
2.38826e-07
-7.81029e-07
-1.58248e-06
-2.23214e-06
-2.7689e-06
-3.21951e-06
-3.59923e-06
-3.91288e-06
-4.16231e-06
-4.34744e-06
-4.46715e-06
-4.52184e-06
-4.51489e-06
-4.45447e-06
-4.35012e-06
3.48169e-07
-6.70697e-07
-1.46784e-06
-2.11027e-06
-2.63694e-06
-3.07302e-06
-3.43294e-06
-3.72264e-06
-3.94501e-06
-4.10219e-06
-4.1966e-06
-4.23256e-06
-4.2165e-06
-4.15786e-06
-4.06549e-06
5.08737e-07
-5.09971e-07
-1.3025e-06
-1.93661e-06
-2.45163e-06
-2.87184e-06
-3.21129e-06
-3.47765e-06
-3.67597e-06
-3.81099e-06
-3.88803e-06
-3.91385e-06
-3.89622e-06
-3.84436e-06
-3.76591e-06
7.36427e-07
-2.82708e-07
-1.07038e-06
-1.69546e-06
-2.19832e-06
-2.60313e-06
-2.92388e-06
-3.17032e-06
-3.35001e-06
-3.47006e-06
-3.53772e-06
-3.56092e-06
-3.5476e-06
-3.50617e-06
-3.44298e-06
1.05069e-06
3.07908e-08
-7.5227e-07
-1.36766e-06
-1.86014e-06
-2.25233e-06
-2.55884e-06
-2.79137e-06
-2.95975e-06
-3.07282e-06
-3.13885e-06
-3.16605e-06
-3.16196e-06
-3.13399e-06
-3.08742e-06
1.47509e-06
4.54882e-07
-3.25336e-07
-9.32648e-07
-1.41747e-06
-1.80203e-06
-2.10114e-06
-2.32789e-06
-2.49364e-06
-2.60822e-06
-2.68024e-06
-2.7177e-06
-2.72754e-06
-2.71622e-06
-2.68823e-06
2.03558e-06
1.01785e-06
2.35805e-07
-3.65629e-07
-8.48355e-07
-1.23216e-06
-1.53241e-06
-1.76298e-06
-1.93579e-06
-2.06084e-06
-2.14664e-06
-2.20076e-06
-2.22961e-06
-2.23889e-06
-2.23256e-06
2.75613e-06
1.74718e-06
9.74812e-07
3.59968e-07
-1.30268e-07
-5.22321e-07
-8.33617e-07
-1.07856e-06
-1.26888e-06
-1.41409e-06
-1.52216e-06
-1.60015e-06
-1.65404e-06
-1.689e-06
-1.70872e-06
3.65231e-06
2.65619e-06
1.88076e-06
1.25765e-06
7.52709e-07
3.43158e-07
1.06703e-08
-2.59595e-07
-4.78571e-07
-6.54622e-07
-7.94856e-07
-9.0575e-07
-9.92847e-07
-1.06088e-06
-1.11333e-06
4.72444e-06
3.75056e-06
2.97409e-06
2.33567e-06
1.8091e-06
1.37394e-06
1.01076e-06
7.04941e-07
4.46874e-07
2.29583e-07
4.69243e-08
-1.06914e-07
-2.37048e-07
-3.47808e-07
-4.42504e-07
5.94188e-06
4.99373e-06
4.23284e-06
3.58186e-06
3.03184e-06
2.56546e-06
2.16413e-06
1.81499e-06
1.51009e-06
1.24356e-06
1.00998e-06
8.04191e-07
6.21596e-07
4.5833e-07
3.11187e-07
7.18722e-06
6.29356e-06
5.51528e-06
4.8498e-06
4.27442e-06
3.7703e-06
3.32301e-06
2.923e-06
2.5639e-06
2.24056e-06
1.94812e-06
1.68216e-06
1.43881e-06
1.2148e-06
1.00734e-06
8.25334e-06
7.38984e-06
6.61938e-06
5.94518e-06
5.34835e-06
4.8112e-06
4.3232e-06
3.87802e-06
3.4705e-06
3.09583e-06
2.74963e-06
2.4282e-06
2.12836e-06
1.84746e-06
1.58307e-06
9.03396e-06
8.2051e-06
7.45795e-06
6.78509e-06
6.17389e-06
5.61308e-06
5.09552e-06
4.61619e-06
4.17052e-06
3.75428e-06
3.36377e-06
2.99599e-06
2.64837e-06
2.31876e-06
2.00515e-06
9.60097e-06
8.8092e-06
8.0834e-06
7.41463e-06
6.79555e-06
6.21967e-06
5.68161e-06
5.17688e-06
4.70155e-06
4.25219e-06
3.8259e-06
3.42032e-06
3.0334e-06
2.66344e-06
2.30883e-06
1.0002e-05
9.24284e-06
8.5351e-06
7.87288e-06
7.25181e-06
6.66749e-06
6.11558e-06
5.59231e-06
5.09455e-06
4.61968e-06
4.16546e-06
3.73006e-06
3.31188e-06
2.90962e-06
2.52205e-06
1.02747e-05
9.54354e-06
8.85324e-06
8.20014e-06
7.58117e-06
6.99296e-06
6.43219e-06
5.89594e-06
5.38181e-06
4.88784e-06
4.41234e-06
3.95391e-06
3.51137e-06
3.08377e-06
2.67021e-06
1.04535e-05
9.74765e-06
9.07447e-06
8.43158e-06
7.8168e-06
7.22763e-06
6.66157e-06
6.11649e-06
5.59061e-06
5.08248e-06
4.59087e-06
4.1148e-06
3.65342e-06
3.20612e-06
2.77227e-06
1.05673e-05
9.88424e-06
9.22703e-06
8.59434e-06
7.98475e-06
7.39641e-06
6.82752e-06
6.27655e-06
5.74225e-06
5.22363e-06
4.71984e-06
4.23024e-06
3.75431e-06
3.29169e-06
2.84203e-06
1.06377e-05
9.97471e-06
9.33196e-06
8.70898e-06
8.10492e-06
7.51842e-06
6.94823e-06
6.39334e-06
5.85297e-06
5.32646e-06
4.81333e-06
4.31323e-06
3.82591e-06
3.35126e-06
2.88914e-06
1.068e-05
1.00345e-05
9.40464e-06
8.79065e-06
8.19198e-06
7.60771e-06
7.03708e-06
6.47952e-06
5.9346e-06
5.402e-06
4.88153e-06
4.37309e-06
3.87668e-06
3.39239e-06
2.92029e-06
1.07045e-05
1.00743e-05
9.45592e-06
8.84998e-06
8.25627e-06
7.67426e-06
7.10362e-06
6.54412e-06
5.99565e-06
5.45817e-06
4.93173e-06
4.41648e-06
3.91262e-06
3.42043e-06
2.94013e-06
1.07183e-05
1.01016e-05
9.49315e-06
8.8943e-06
8.30499e-06
7.72508e-06
7.15457e-06
6.59354e-06
6.04214e-06
5.50058e-06
4.96913e-06
4.44816e-06
3.93802e-06
3.43917e-06
2.952e-06
1.0726e-05
1.0121e-05
9.52125e-06
8.92854e-06
8.34305e-06
7.76496e-06
7.19459e-06
6.63224e-06
6.0783e-06
5.53321e-06
4.99744e-06
4.47151e-06
3.95595e-06
3.45137e-06
2.95828e-06
1.07305e-05
1.01357e-05
9.5434e-06
8.95597e-06
8.37374e-06
7.7972e-06
7.22687e-06
6.6633e-06
6.10709e-06
5.55886e-06
5.01925e-06
4.48895e-06
3.96863e-06
3.45901e-06
2.96074e-06
1.07337e-05
1.01474e-05
9.56162e-06
8.97872e-06
8.39926e-06
7.82396e-06
7.25358e-06
6.68885e-06
6.13054e-06
5.57946e-06
5.0364e-06
4.50218e-06
3.9776e-06
3.46351e-06
2.96063e-06
1.07362e-05
1.01574e-05
9.57715e-06
8.99812e-06
8.42099e-06
7.84669e-06
7.27614e-06
6.71028e-06
6.15003e-06
5.59633e-06
5.05014e-06
4.51238e-06
3.98398e-06
3.46587e-06
2.95888e-06
1.07385e-05
1.0166e-05
9.5907e-06
9.01497e-06
8.43978e-06
7.86625e-06
7.29546e-06
6.7285e-06
6.16644e-06
5.61036e-06
5.06132e-06
4.52036e-06
3.98852e-06
3.4668e-06
2.95612e-06
1.07409e-05
1.01739e-05
9.60278e-06
9.02988e-06
8.45633e-06
7.8834e-06
7.31232e-06
6.74431e-06
6.18057e-06
5.62229e-06
5.07064e-06
4.52676e-06
3.99177e-06
3.46676e-06
2.95272e-06
1.07434e-05
1.01816e-05
9.6143e-06
9.04396e-06
8.47186e-06
7.89941e-06
7.32799e-06
6.75892e-06
6.19353e-06
5.63311e-06
5.07893e-06
4.53222e-06
3.99418e-06
3.46599e-06
2.94872e-06
1.07462e-05
1.01895e-05
9.62576e-06
9.0578e-06
8.48695e-06
7.9148e-06
7.34286e-06
6.7726e-06
6.20547e-06
5.6429e-06
5.08623e-06
4.53683e-06
3.99595e-06
3.46486e-06
2.9446e-06
-8.88969e-06
-6.53175e-06
-5.10314e-06
-4.14896e-06
-3.39523e-06
-2.8313e-06
-2.40862e-06
-2.09462e-06
-1.86621e-06
-1.70384e-06
-1.59015e-06
-1.50884e-06
-1.44399e-06
-1.37972e-06
-1.29957e-06
-1.18797e-06
-1.03092e-06
-8.20674e-07
-5.61103e-07
-2.76458e-07
-1.0206e-08
1.84793e-07
2.67961e-07
3.17474e-07
4.42592e-07
7.16884e-07
1.17904e-06
1.83995e-06
2.7065e-06
3.7786e-06
5.06009e-06
6.53349e-06
8.17919e-06
9.97373e-06
1.18778e-05
1.38449e-05
1.58196e-05
1.77371e-05
1.95188e-05
2.10646e-05
2.22255e-05
2.27942e-05
2.2308e-05
2.03728e-05
1.52964e-05
-7.29754e-06
-6.03022e-06
-4.92909e-06
-4.06862e-06
-3.36092e-06
-2.81144e-06
-2.39384e-06
-2.08213e-06
-1.85539e-06
-1.6948e-06
-1.58311e-06
-1.50394e-06
-1.44125e-06
-1.37906e-06
-1.30086e-06
-1.19113e-06
-1.03595e-06
-8.27442e-07
-5.69182e-07
-2.8474e-07
-1.5722e-08
1.87198e-07
2.83514e-07
3.48034e-07
4.86399e-07
7.70944e-07
1.23991e-06
1.90391e-06
2.76928e-06
3.8352e-06
5.10544e-06
6.55953e-06
8.17486e-06
9.92601e-06
1.17699e-05
1.36552e-05
1.55193e-05
1.7287e-05
1.88624e-05
2.0115e-05
2.08425e-05
2.07203e-05
1.91002e-05
1.5256e-05
7.93467e-06
-6.46699e-06
-5.64916e-06
-4.75195e-06
-3.9802e-06
-3.32011e-06
-2.79046e-06
-2.38066e-06
-2.07228e-06
-1.84733e-06
-1.68825e-06
-1.57813e-06
-1.50061e-06
-1.43958e-06
-1.37902e-06
-1.30238e-06
-1.1942e-06
-1.04068e-06
-8.3385e-07
-5.77008e-07
-2.92831e-07
-2.09887e-08
1.90407e-07
3.01038e-07
3.8203e-07
5.34863e-07
8.30421e-07
1.30632e-06
1.97274e-06
2.83537e-06
3.89161e-06
5.14671e-06
6.57525e-06
8.15109e-06
9.84648e-06
1.16139e-05
1.33957e-05
1.51215e-05
1.67044e-05
1.80317e-05
1.89494e-05
1.92255e-05
1.85098e-05
1.62331e-05
1.20504e-05
5.69543e-06
-5.95408e-06
-5.34426e-06
-4.60825e-06
-3.90554e-06
-3.29103e-06
-2.78187e-06
-2.37925e-06
-2.07275e-06
-1.84777e-06
-1.68835e-06
-1.57811e-06
-1.5008e-06
-1.44028e-06
-1.38043e-06
-1.30468e-06
-1.1976e-06
-1.04547e-06
-8.4019e-07
-5.84734e-07
-3.00806e-07
-2.59294e-08
1.94632e-07
3.20869e-07
4.19954e-07
5.88784e-07
8.96689e-07
1.38044e-06
2.04976e-06
2.90869e-06
3.95288e-06
5.19097e-06
6.58822e-06
8.11598e-06
9.74352e-06
1.14179e-05
1.30749e-05
1.46358e-05
1.6003e-05
1.70526e-05
1.76206e-05
1.7483e-05
1.635e-05
1.3861e-05
9.86102e-06
4.61594e-06
-5.56736e-06
-5.08468e-06
-4.47612e-06
-3.85376e-06
-3.28111e-06
-2.79196e-06
-2.39525e-06
-2.08837e-06
-1.86059e-06
-1.69795e-06
-1.58492e-06
-1.50547e-06
-1.44353e-06
-1.38289e-06
-1.30691e-06
-1.20019e-06
-1.04907e-06
-8.45251e-07
-5.91331e-07
-3.07893e-07
-3.00373e-08
2.00199e-07
3.43256e-07
4.61944e-07
6.4799e-07
9.69044e-07
1.46086e-06
2.13268e-06
2.98293e-06
4.01458e-06
5.23091e-06
6.58813e-06
8.05707e-06
9.60279e-06
1.11669e-05
1.26788e-05
1.4053e-05
1.51851e-05
1.59483e-05
1.61869e-05
1.57142e-05
1.43313e-05
1.18654e-05
8.32281e-06
4.04219e-06
-5.25332e-06
-4.85863e-06
-4.35009e-06
-3.81162e-06
-3.28779e-06
-2.82009e-06
-2.43034e-06
-2.12197e-06
-1.88895e-06
-1.72006e-06
-1.601e-06
-1.51638e-06
-1.45039e-06
-1.38681e-06
-1.30898e-06
-1.2015e-06
-1.05074e-06
-8.48188e-07
-5.95967e-07
-3.1337e-07
-3.27617e-08
2.07495e-07
3.6846e-07
5.08123e-07
7.1233e-07
1.04689e-06
1.54666e-06
2.21832e-06
3.0539e-06
4.07463e-06
5.25995e-06
6.56642e-06
7.96424e-06
9.41285e-06
1.08491e-05
1.21973e-05
1.3368e-05
1.42569e-05
1.47436e-05
1.46957e-05
1.39784e-05
1.24825e-05
1.01655e-05
7.13323e-06
3.68756e-06
-4.97646e-06
-4.6509e-06
-4.22975e-06
-3.76191e-06
-3.29514e-06
-2.85906e-06
-2.48079e-06
-2.17221e-06
-1.93332e-06
-1.75609e-06
-1.62803e-06
-1.53501e-06
-1.46192e-06
-1.3928e-06
-1.31102e-06
-1.20127e-06
-1.04999e-06
-8.48343e-07
-5.97945e-07
-3.16588e-07
-3.35911e-08
2.16858e-07
3.96647e-07
5.5846e-07
7.81409e-07
1.1295e-06
1.6362e-06
2.30003e-06
3.12534e-06
4.12871e-06
5.27062e-06
6.51484e-06
7.82843e-06
9.16422e-06
1.04559e-05
1.16253e-05
1.25835e-05
1.32321e-05
1.34668e-05
1.31873e-05
1.23117e-05
1.08012e-05
8.68828e-06
6.10773e-06
3.29763e-06
-4.71619e-06
-4.44594e-06
-4.09918e-06
-3.70225e-06
-3.2896e-06
-2.89473e-06
-2.53619e-06
-2.23192e-06
-1.98948e-06
-1.804e-06
-1.6652e-06
-1.5611e-06
-1.47806e-06
-1.4007e-06
-1.31269e-06
-1.19897e-06
-1.04612e-06
-8.44966e-07
-5.96539e-07
-3.16927e-07
-3.20997e-08
2.28445e-07
4.27678e-07
6.12539e-07
8.54096e-07
1.2155e-06
1.72292e-06
2.37915e-06
3.19676e-06
4.16654e-06
5.25337e-06
6.42387e-06
7.63915e-06
8.8468e-06
9.97946e-06
1.09601e-05
1.17049e-05
1.21274e-05
1.21456e-05
1.16927e-05
1.07313e-05
9.26911e-06
7.37183e-06
5.16797e-06
2.83545e-06
-4.462e-06
-4.23664e-06
-3.95153e-06
-3.62022e-06
-3.26491e-06
-2.91232e-06
-2.5823e-06
-2.28915e-06
-2.04869e-06
-1.85776e-06
-1.70827e-06
-1.59178e-06
-1.49682e-06
-1.40905e-06
-1.31281e-06
-1.19354e-06
-1.03817e-06
-8.37223e-07
-5.91096e-07
-3.13977e-07
-2.81767e-08
2.41992e-07
4.6076e-07
6.692e-07
9.28551e-07
1.29996e-06
1.8053e-06
2.45765e-06
3.25359e-06
4.1762e-06
5.19778e-06
6.28203e-06
7.38434e-06
8.44992e-06
9.4129e-06
1.02011e-05
1.07403e-05
1.09602e-05
1.08026e-05
1.02307e-05
9.23892e-06
7.8603e-06
6.16882e-06
4.27367e-06
2.30458e-06
-4.20666e-06
-4.01854e-06
-3.78427e-06
-3.51043e-06
-3.21047e-06
-2.90298e-06
-2.605e-06
-2.33116e-06
-2.10005e-06
-1.90814e-06
-1.74975e-06
-1.62137e-06
-1.51404e-06
-1.41482e-06
-1.30915e-06
-1.18337e-06
-1.02498e-06
-8.24335e-07
-5.81232e-07
-3.07806e-07
-2.24731e-08
2.56387e-07
4.9404e-07
7.25393e-07
1.0024e-06
1.37661e-06
1.88361e-06
2.52168e-06
3.28089e-06
4.14735e-06
5.09213e-06
6.07574e-06
7.05089e-06
7.96324e-06
8.75052e-06
9.34966e-06
9.69877e-06
9.74533e-06
9.45311e-06
8.80849e-06
7.82533e-06
6.54674e-06
5.04211e-06
3.39885e-06
1.71085e-06
-3.94308e-06
-3.78666e-06
-3.5946e-06
-3.36969e-06
-3.11947e-06
-2.85588e-06
-2.59326e-06
-2.34761e-06
-2.13095e-06
-1.94164e-06
-1.77911e-06
-1.64202e-06
-1.52388e-06
-1.41377e-06
-1.29879e-06
-1.16657e-06
-1.00548e-06
-8.05972e-07
-5.67234e-07
-2.99227e-07
-1.65886e-08
2.68728e-07
5.24815e-07
7.73646e-07
1.06777e-06
1.44569e-06
1.9429e-06
2.55476e-06
3.26832e-06
4.06721e-06
4.92121e-06
5.7897e-06
6.62534e-06
7.37776e-06
7.98895e-06
8.40906e-06
8.58933e-06
8.49423e-06
8.10534e-06
7.4245e-06
6.47524e-06
5.30134e-06
3.9623e-06
2.52578e-06
1.05992e-06
-3.66366e-06
-3.53502e-06
-3.37875e-06
-3.19572e-06
-2.98999e-06
-2.76979e-06
-2.54531e-06
-2.32877e-06
-2.12849e-06
-1.94745e-06
-1.78676e-06
-1.64579e-06
-1.52018e-06
-1.4015e-06
-1.27894e-06
-1.14176e-06
-9.7947e-07
-7.82961e-07
-5.50873e-07
-2.90857e-07
-1.30321e-08
2.74807e-07
5.4471e-07
8.0873e-07
1.11351e-06
1.49171e-06
1.9699e-06
2.54427e-06
3.2003e-06
3.91813e-06
4.66728e-06
5.40808e-06
6.095e-06
6.68195e-06
7.12715e-06
7.38425e-06
7.42043e-06
7.21493e-06
6.76197e-06
6.07213e-06
5.17186e-06
4.10069e-06
2.90702e-06
1.64228e-06
3.5617e-07
-3.36036e-06
-3.25689e-06
-3.13191e-06
-2.98547e-06
-2.81963e-06
-2.63946e-06
-2.45213e-06
-2.26548e-06
-2.08617e-06
-1.91882e-06
-1.76556e-06
-1.62621e-06
-1.49792e-06
-1.37468e-06
-1.248e-06
-1.10895e-06
-9.48413e-07
-7.5805e-07
-5.36041e-07
-2.87388e-07
-1.80103e-08
2.66299e-07
5.43864e-07
8.19684e-07
1.12764e-06
1.49705e-06
1.94615e-06
2.47117e-06
3.05657e-06
3.68019e-06
4.31221e-06
4.91698e-06
5.45184e-06
5.88211e-06
6.16959e-06
6.28287e-06
6.20105e-06
5.91393e-06
5.4235e-06
4.74407e-06
3.90084e-06
2.92715e-06
1.86102e-06
7.41114e-07
-3.96119e-07
-3.02443e-06
-2.94467e-06
-2.84803e-06
-2.7343e-06
-2.60431e-06
-2.46097e-06
-2.30885e-06
-2.1532e-06
-1.99909e-06
-1.85076e-06
-1.71064e-06
-1.57907e-06
-1.45426e-06
-1.33215e-06
-1.20662e-06
-1.07058e-06
-9.16289e-07
-7.36565e-07
-5.29419e-07
-2.97186e-07
-4.19901e-08
2.3175e-07
5.10912e-07
7.89613e-07
1.09209e-06
1.4415e-06
1.84992e-06
2.31309e-06
2.81506e-06
3.33328e-06
3.83993e-06
4.30242e-06
4.69322e-06
4.97558e-06
5.12292e-06
5.11566e-06
4.94192e-06
4.59857e-06
4.09167e-06
3.43597e-06
2.65337e-06
1.77062e-06
8.16895e-07
-1.79021e-07
-1.19027e-06
-2.64586e-06
-2.5897e-06
-2.52012e-06
-2.4369e-06
-2.34023e-06
-2.23168e-06
-2.114e-06
-1.99069e-06
-1.86535e-06
-1.74117e-06
-1.62019e-06
-1.50315e-06
-1.38924e-06
-1.27579e-06
-1.15859e-06
-1.03225e-06
-8.90552e-07
-7.27708e-07
-5.41373e-07
-3.31829e-07
-9.87448e-08
1.58135e-07
4.26829e-07
6.97646e-07
9.84137e-07
1.30156e-06
1.65706e-06
2.04634e-06
2.45437e-06
2.86089e-06
3.24169e-06
3.57137e-06
3.82257e-06
3.97152e-06
4.00048e-06
3.89736e-06
3.65641e-06
3.27866e-06
2.77166e-06
2.14872e-06
1.42768e-06
6.29262e-07
-2.24651e-07
-1.11275e-06
-2.01522e-06
-2.21328e-06
-2.18242e-06
-2.14068e-06
-2.08796e-06
-2.02424e-06
-1.9503e-06
-1.86777e-06
-1.77889e-06
-1.68606e-06
-1.59143e-06
-1.49661e-06
-1.40193e-06
-1.3069e-06
-1.21077e-06
-1.11126e-06
-1.00363e-06
-8.82831e-07
-7.44661e-07
-5.86479e-07
-4.06971e-07
-2.04198e-07
2.46249e-08
2.70005e-07
5.19398e-07
7.77081e-07
1.05079e-06
1.34231e-06
1.64804e-06
1.95798e-06
2.25483e-06
2.51624e-06
2.71969e-06
2.84741e-06
2.88457e-06
2.81961e-06
2.64545e-06
2.36016e-06
1.9667e-06
1.47247e-06
8.88522e-07
2.28743e-07
-4.91332e-07
-1.25557e-06
-2.04832e-06
-2.85499e-06
-1.71655e-06
-1.71459e-06
-1.70367e-06
-1.68385e-06
-1.65511e-06
-1.61787e-06
-1.57309e-06
-1.52202e-06
-1.46631e-06
-1.40721e-06
-1.34572e-06
-1.28351e-06
-1.21843e-06
-1.14921e-06
-1.07721e-06
-9.98597e-07
-9.08656e-07
-8.04478e-07
-6.83435e-07
-5.43285e-07
-3.81094e-07
-1.92274e-07
1.61591e-08
2.29535e-07
4.44639e-07
6.62081e-07
8.80502e-07
1.10239e-06
1.31886e-06
1.51151e-06
1.66091e-06
1.75463e-06
1.7818e-06
1.73234e-06
1.59884e-06
1.37766e-06
1.0689e-06
6.75951e-07
2.05134e-07
-3.34895e-07
-9.3376e-07
-1.5801e-06
-2.26224e-06
-2.96881e-06
-3.68906e-06
-1.15428e-06
-1.18661e-06
-1.21138e-06
-1.22887e-06
-1.23928e-06
-1.2429e-06
-1.24018e-06
-1.23222e-06
-1.21904e-06
-1.20283e-06
-1.18436e-06
-1.15918e-06
-1.13301e-06
-1.10821e-06
-1.07726e-06
-1.03765e-06
-9.88952e-07
-9.292e-07
-8.55559e-07
-7.65023e-07
-6.54136e-07
-5.18507e-07
-3.62225e-07
-1.97586e-07
-3.49266e-08
1.17691e-07
2.60784e-07
4.03171e-07
5.32704e-07
6.29171e-07
6.84465e-07
6.92347e-07
6.44706e-07
5.34313e-07
3.56849e-07
1.10875e-07
-2.02723e-07
-5.80991e-07
-1.01908e-06
-1.5106e-06
-2.04806e-06
-2.62337e-06
-3.22823e-06
-3.8545e-06
-4.49436e-06
-5.2581e-07
-6.01162e-07
-6.69748e-07
-7.32155e-07
-7.88834e-07
-8.40184e-07
-8.86536e-07
-9.28434e-07
-9.66161e-07
-1.00051e-06
-1.03179e-06
-1.05923e-06
-1.08651e-06
-1.11284e-06
-1.1317e-06
-1.14289e-06
-1.14749e-06
-1.14354e-06
-1.12788e-06
-1.09733e-06
-1.04859e-06
-9.78543e-07
-8.89124e-07
-7.88572e-07
-6.86753e-07
-5.83596e-07
-5.14644e-07
-4.43445e-07
-3.93881e-07
-3.74997e-07
-3.89063e-07
-4.413e-07
-5.38296e-07
-6.84762e-07
-8.82946e-07
-1.13336e-06
-1.43521e-06
-1.78636e-06
-2.1834e-06
-2.62186e-06
-3.09652e-06
-3.60178e-06
-4.13188e-06
-4.68107e-06
-5.24374e-06
1.7448e-07
4.41061e-08
-8.06668e-08
-2.00074e-07
-3.14612e-07
-4.24783e-07
-5.30977e-07
-6.33563e-07
-7.32858e-07
-8.29248e-07
-9.23095e-07
-1.01434e-06
-1.10291e-06
-1.18796e-06
-1.26802e-06
-1.34287e-06
-1.41196e-06
-1.4731e-06
-1.52373e-06
-1.56084e-06
-1.58237e-06
-1.58617e-06
-1.57085e-06
-1.54824e-06
-1.52647e-06
-1.50248e-06
-1.45136e-06
-1.43002e-06
-1.43899e-06
-1.47195e-06
-1.52937e-06
-1.61642e-06
-1.73799e-06
-1.89681e-06
-2.09419e-06
-2.33064e-06
-2.60589e-06
-2.91869e-06
-3.26686e-06
-3.64749e-06
-4.05717e-06
-4.49219e-06
-4.94866e-06
-5.42266e-06
-5.91021e-06
8.10768e-07
6.20562e-07
4.35674e-07
2.55664e-07
7.99216e-08
-9.20769e-08
-2.60697e-07
-4.26188e-07
-5.8872e-07
-7.48387e-07
-9.05205e-07
-1.05895e-06
-1.20941e-06
-1.35645e-06
-1.49945e-06
-1.63738e-06
-1.76878e-06
-1.89201e-06
-2.005e-06
-2.10552e-06
-2.19205e-06
-2.26219e-06
-2.31368e-06
-2.35142e-06
-2.37165e-06
-2.38502e-06
-2.39613e-06
-2.42426e-06
-2.46978e-06
-2.53058e-06
-2.60896e-06
-2.70892e-06
-2.83362e-06
-2.98522e-06
-3.16527e-06
-3.37468e-06
-3.61362e-06
-3.88151e-06
-4.17714e-06
-4.49884e-06
-4.84454e-06
-5.21193e-06
-5.59851e-06
-6.00165e-06
-6.41869e-06
1.32962e-06
1.08217e-06
8.39672e-07
6.01826e-07
3.68162e-07
1.38275e-07
-8.80773e-08
-3.10999e-07
-5.30501e-07
-7.46537e-07
-9.59016e-07
-1.16778e-06
-1.3726e-06
-1.57305e-06
-1.76837e-06
-1.95739e-06
-2.13892e-06
-2.31148e-06
-2.47334e-06
-2.62288e-06
-2.75794e-06
-2.87754e-06
-2.978e-06
-3.05551e-06
-3.11592e-06
-3.16245e-06
-3.21137e-06
-3.26618e-06
-3.32808e-06
-3.39969e-06
-3.48411e-06
-3.58399e-06
-3.70166e-06
-3.83917e-06
-3.99814e-06
-4.17959e-06
-4.38393e-06
-4.61109e-06
-4.8606e-06
-5.13163e-06
-5.42306e-06
-5.7335e-06
-6.06144e-06
-6.40519e-06
-6.76306e-06
1.70241e-06
1.40575e-06
1.11409e-06
8.27289e-07
5.45035e-07
2.67106e-07
-6.58463e-09
-2.76003e-07
-5.41052e-07
-8.01585e-07
-1.05742e-06
-1.30828e-06
-1.55375e-06
-1.79326e-06
-2.026e-06
-2.25101e-06
-2.46717e-06
-2.67311e-06
-2.86738e-06
-3.04837e-06
-3.21444e-06
-3.365e-06
-3.49386e-06
-3.5958e-06
-3.67793e-06
-3.74934e-06
-3.81641e-06
-3.88172e-06
-3.94927e-06
-4.02301e-06
-4.10578e-06
-4.1998e-06
-4.30727e-06
-4.43014e-06
-4.56994e-06
-4.72773e-06
-4.90413e-06
-5.09947e-06
-5.31374e-06
-5.5467e-06
-5.79779e-06
-6.06628e-06
-6.35124e-06
-6.6516e-06
-6.96623e-06
1.96504e-06
1.6276e-06
1.29557e-06
9.68896e-07
6.47469e-07
3.31243e-07
2.02912e-08
-2.85223e-07
-5.85086e-07
-8.79044e-07
-1.16679e-06
-1.44795e-06
-1.72201e-06
-1.98835e-06
-2.24623e-06
-2.49473e-06
-2.73284e-06
-2.95934e-06
-3.173e-06
-3.37246e-06
-3.55649e-06
-3.7242e-06
-3.86862e-06
-3.98647e-06
-4.08433e-06
-4.16882e-06
-4.24433e-06
-4.31538e-06
-4.38641e-06
-4.46083e-06
-4.54127e-06
-4.63001e-06
-4.72918e-06
-4.84059e-06
-4.96572e-06
-5.10571e-06
-5.26143e-06
-5.43348e-06
-5.6222e-06
-5.82769e-06
-6.04983e-06
-6.28829e-06
-6.54258e-06
-6.81208e-06
-7.09607e-06
2.14522e-06
1.77518e-06
1.41113e-06
1.05315e-06
7.0131e-07
3.55725e-07
1.66191e-08
-3.15723e-07
-6.4099e-07
-9.58835e-07
-1.26887e-06
-1.57064e-06
-1.86362e-06
-2.14719e-06
-2.42063e-06
-2.68312e-06
-2.93377e-06
-3.17157e-06
-3.39552e-06
-3.60455e-06
-3.79771e-06
-3.97396e-06
-4.12726e-06
-4.2551e-06
-4.36221e-06
-4.45389e-06
-4.53529e-06
-4.61104e-06
-4.68485e-06
-4.7598e-06
-4.83853e-06
-4.9234e-06
-5.01646e-06
-5.11947e-06
-5.23397e-06
-5.36121e-06
-5.50224e-06
-5.65784e-06
-5.8286e-06
-6.01489e-06
-6.21688e-06
-6.43455e-06
-6.66774e-06
-6.91615e-06
-7.17938e-06
2.26734e-06
1.87176e-06
1.48287e-06
1.10089e-06
7.26024e-07
3.5854e-07
-1.21893e-09
-3.52875e-07
-6.96039e-07
-1.0303e-06
-1.35521e-06
-1.67029e-06
-1.975e-06
-2.26875e-06
-2.5509e-06
-2.82072e-06
-3.0775e-06
-3.3204e-06
-3.54869e-06
-3.76155e-06
-3.95836e-06
-4.1384e-06
-4.29609e-06
-4.4293e-06
-4.54177e-06
-4.63873e-06
-4.72493e-06
-4.80434e-06
-4.88037e-06
-4.95603e-06
-5.03397e-06
-5.11649e-06
-5.20562e-06
-5.30315e-06
-5.41065e-06
-5.52948e-06
-5.6608e-06
-5.80554e-06
-5.96446e-06
-6.13813e-06
-6.32694e-06
-6.5311e-06
-6.75071e-06
-6.9857e-06
-7.23591e-06
2.3491e-06
1.93378e-06
1.52591e-06
1.12581e-06
7.33806e-07
3.50297e-07
-2.42874e-08
-3.89499e-07
-7.44893e-07
-1.09001e-06
-1.42439e-06
-1.74754e-06
-2.05894e-06
-2.35804e-06
-2.6443e-06
-2.9171e-06
-3.17588e-06
-3.42001e-06
-3.64898e-06
-3.86224e-06
-4.05945e-06
-4.24047e-06
-4.39961e-06
-4.53544e-06
-4.65146e-06
-4.75232e-06
-4.84209e-06
-4.9244e-06
-5.0025e-06
-5.07931e-06
-5.15737e-06
-5.23894e-06
-5.32604e-06
-5.42048e-06
-5.52387e-06
-5.63764e-06
-5.76303e-06
-5.90109e-06
-6.05271e-06
-6.21863e-06
-6.39939e-06
-6.59542e-06
-6.80697e-06
-7.03417e-06
-7.27706e-06
2.40307e-06
1.97253e-06
1.55019e-06
1.13647e-06
7.318e-07
3.36659e-07
-4.84477e-08
-4.23026e-07
-7.86596e-07
-1.13868e-06
-1.47879e-06
-1.80647e-06
-2.12121e-06
-2.42255e-06
-2.71e-06
-2.98309e-06
-3.24139e-06
-3.48445e-06
-3.71198e-06
-3.92365e-06
-4.11947e-06
-4.29974e-06
-4.45824e-06
-4.59526e-06
-4.71359e-06
-4.81718e-06
-4.90964e-06
-4.99439e-06
-5.0745e-06
-5.15273e-06
-5.23152e-06
-5.3131e-06
-5.39947e-06
-5.49247e-06
-5.59373e-06
-5.70473e-06
-5.82679e-06
-5.96107e-06
-6.10856e-06
-6.27011e-06
-6.44644e-06
-6.63808e-06
-6.84545e-06
-7.06882e-06
-7.30836e-06
2.4378e-06
1.99543e-06
1.56198e-06
1.13794e-06
7.2384e-07
3.2022e-07
-7.23661e-08
-4.53393e-07
-8.22357e-07
-1.17877e-06
-1.52215e-06
-1.85205e-06
-2.16802e-06
-2.46965e-06
-2.75655e-06
-3.02834e-06
-3.28474e-06
-3.52545e-06
-3.75035e-06
-3.95928e-06
-4.15249e-06
-4.33044e-06
-4.48769e-06
-4.62501e-06
-4.74471e-06
-4.85012e-06
-4.94461e-06
-5.03136e-06
-5.11327e-06
-5.19293e-06
-5.27273e-06
-5.35484e-06
-5.44125e-06
-5.53379e-06
-5.63415e-06
-5.74385e-06
-5.86428e-06
-5.99666e-06
-6.14211e-06
-6.30157e-06
-6.47585e-06
-6.66562e-06
-6.8714e-06
-7.09357e-06
-7.3324e-06
2.45905e-06
2.00732e-06
1.56518e-06
1.1332e-06
7.11951e-07
3.02055e-07
-9.59134e-08
-4.81405e-07
-8.53903e-07
-1.21291e-06
-1.55797e-06
-1.88865e-06
-2.20456e-06
-2.50533e-06
-2.79067e-06
-3.06029e-06
-3.31403e-06
-3.55172e-06
-3.77338e-06
-3.97897e-06
-4.16878e-06
-4.34206e-06
-4.49924e-06
-4.63625e-06
-4.75656e-06
-4.8631e-06
-4.959e-06
-5.0473e-06
-5.13068e-06
-5.21163e-06
-5.29244e-06
-5.37526e-06
-5.46205e-06
-5.55468e-06
-5.65483e-06
-5.76408e-06
-5.88389e-06
-6.01555e-06
-6.16024e-06
-6.31901e-06
-6.49274e-06
-6.6822e-06
-6.88801e-06
-7.11062e-06
-7.35042e-06
2.47081e-06
2.01149e-06
1.56239e-06
1.12412e-06
6.9734e-07
2.82685e-07
-1.19241e-07
-5.07874e-07
-8.82688e-07
-1.24319e-06
-1.58895e-06
-1.91954e-06
-2.23463e-06
-2.53391e-06
-2.81716e-06
-3.08419e-06
-3.33492e-06
-3.5693e-06
-3.78748e-06
-3.98954e-06
-4.17594e-06
-4.34649e-06
-4.50088e-06
-4.6368e-06
-4.75716e-06
-4.86424e-06
-4.96104e-06
-5.05042e-06
-5.13491e-06
-5.21688e-06
-5.29857e-06
-5.38206e-06
-5.46933e-06
-5.56223e-06
-5.6625e-06
-5.77174e-06
-5.89146e-06
-6.02303e-06
-6.16769e-06
-6.32656e-06
-6.5006e-06
-6.69067e-06
-6.89744e-06
-7.12146e-06
-7.36316e-06
2.47591e-06
2.01028e-06
1.55545e-06
1.11208e-06
6.80873e-07
2.62496e-07
-1.42433e-07
-5.33338e-07
-9.0969e-07
-1.27101e-06
-1.61686e-06
-1.94689e-06
-2.26077e-06
-2.55826e-06
-2.83919e-06
-3.10347e-06
-3.3511e-06
-3.58213e-06
-3.7968e-06
-3.99533e-06
-4.17834e-06
-4.34599e-06
-4.49744e-06
-4.63177e-06
-4.75179e-06
-4.85894e-06
-4.95619e-06
-5.04624e-06
-5.13148e-06
-5.21417e-06
-5.2965e-06
-5.38051e-06
-5.46818e-06
-5.56137e-06
-5.66184e-06
-5.77123e-06
-5.8911e-06
-6.02286e-06
-6.16784e-06
-6.3272e-06
-6.50199e-06
-6.69312e-06
-6.90133e-06
-7.12723e-06
-7.3713e-06
2.47639e-06
2.0054e-06
1.54573e-06
1.0981e-06
6.63252e-07
2.41864e-07
-1.65429e-07
-5.58042e-07
-9.35448e-07
-1.29717e-06
-1.64281e-06
-1.97201e-06
-2.28451e-06
-2.58011e-06
-2.8587e-06
-3.12025e-06
-3.36484e-06
-3.59261e-06
-3.80389e-06
-3.99899e-06
-4.17868e-06
-4.34329e-06
-4.49187e-06
-4.62436e-06
-4.74377e-06
-4.85065e-06
-4.94798e-06
-5.03835e-06
-5.124e-06
-5.20712e-06
-5.28983e-06
-5.37417e-06
-5.4621e-06
-5.55547e-06
-5.65608e-06
-5.76562e-06
-5.88567e-06
-6.01772e-06
-6.16312e-06
-6.32312e-06
-6.49882e-06
-6.69117e-06
-6.901e-06
-7.12895e-06
-7.37554e-06
2.47379e-06
1.99813e-06
1.53428e-06
1.08301e-06
6.45068e-07
2.21161e-07
-1.88066e-07
-5.82023e-07
-9.60186e-07
-1.32209e-06
-1.66734e-06
-1.99563e-06
-2.30672e-06
-2.60046e-06
-2.87678e-06
-3.13572e-06
-3.37743e-06
-3.60211e-06
-3.81019e-06
-4.00204e-06
-4.17854e-06
-4.34013e-06
-4.4858e-06
-4.61662e-06
-4.73508e-06
-4.84147e-06
-4.93859e-06
-5.02898e-06
-5.11476e-06
-5.19805e-06
-5.28092e-06
-5.36538e-06
-5.45337e-06
-5.54679e-06
-5.64744e-06
-5.75704e-06
-5.87721e-06
-6.0095e-06
-6.15532e-06
-6.31594e-06
-6.49254e-06
-6.68612e-06
-6.89755e-06
-7.12751e-06
-7.37658e-06
2.4692e-06
1.98942e-06
1.5219e-06
1.06744e-06
6.26816e-07
2.00742e-07
-2.10123e-07
-6.05188e-07
-9.83929e-07
-1.34589e-06
-1.69071e-06
-2.01808e-06
-2.3278e-06
-2.61977e-06
-2.89397e-06
-3.15047e-06
-3.3895e-06
-3.61132e-06
-3.81642e-06
-4.00522e-06
-4.17872e-06
-4.33737e-06
-4.48021e-06
-4.60959e-06
-4.72681e-06
-4.83258e-06
-4.92927e-06
-5.01945e-06
-5.10514e-06
-5.18839e-06
-5.27121e-06
-5.3556e-06
-5.4435e-06
-5.53682e-06
-5.63737e-06
-5.74691e-06
-5.86711e-06
-5.99954e-06
-6.14568e-06
-6.30685e-06
-6.48426e-06
-6.67896e-06
-6.89188e-06
-7.12373e-06
-7.37511e-06
2.46344e-06
1.97999e-06
1.50921e-06
1.05192e-06
6.08928e-07
1.80953e-07
-2.31339e-07
-6.27351e-07
-1.00656e-06
-1.36853e-06
-1.7129e-06
-2.0394e-06
-2.34786e-06
-2.63819e-06
-2.91043e-06
-3.16471e-06
-3.40128e-06
-3.62047e-06
-3.82283e-06
-4.00885e-06
-4.17954e-06
-4.33538e-06
-4.47565e-06
-4.60361e-06
-4.71953e-06
-4.82453e-06
-4.92068e-06
-5.0105e-06
-5.09594e-06
-5.17897e-06
-5.26158e-06
-5.34575e-06
-5.43343e-06
-5.5265e-06
-5.62683e-06
-5.7362e-06
-5.85632e-06
-5.98879e-06
-6.13513e-06
-6.29672e-06
-6.47481e-06
-6.6705e-06
-6.88474e-06
-7.11829e-06
-7.37178e-06
2.4571e-06
1.97037e-06
1.49668e-06
1.03688e-06
5.91778e-07
1.62117e-07
-2.51434e-07
-6.48276e-07
-1.02789e-06
-1.38985e-06
-1.7338e-06
-2.0595e-06
-2.3668e-06
-2.65566e-06
-2.92613e-06
-3.17839e-06
-3.41274e-06
-3.62956e-06
-3.82945e-06
-4.01292e-06
-4.18105e-06
-4.33428e-06
-4.4723e-06
-4.59876e-06
-4.7134e-06
-4.81754e-06
-4.91311e-06
-5.00248e-06
-5.08755e-06
-5.17025e-06
-5.25254e-06
-5.33638e-06
-5.42371e-06
-5.51645e-06
-5.61646e-06
-5.72556e-06
-5.84549e-06
-5.9779e-06
-6.12434e-06
-6.28623e-06
-6.46486e-06
-6.66137e-06
-6.87675e-06
-7.1118e-06
-7.36716e-06
2.45046e-06
1.96076e-06
1.48445e-06
1.02238e-06
5.75388e-07
1.44213e-07
-2.70464e-07
-6.68046e-07
-1.04802e-06
-1.40996e-06
-1.75353e-06
-2.0785e-06
-2.38476e-06
-2.67227e-06
-2.94115e-06
-3.19159e-06
-3.42394e-06
-3.63861e-06
-3.83624e-06
-4.01741e-06
-4.18321e-06
-4.33405e-06
-4.47003e-06
-4.59491e-06
-4.70837e-06
-4.81163e-06
-4.90658e-06
-4.99542e-06
-5.08004e-06
-5.16232e-06
-5.2442e-06
-5.32762e-06
-5.41453e-06
-5.50684e-06
-5.60646e-06
-5.71521e-06
-5.83486e-06
-5.96712e-06
-6.11355e-06
-6.27563e-06
-6.45467e-06
-6.65187e-06
-6.86822e-06
-7.10457e-06
-7.36158e-06
2.44334e-06
1.9508e-06
1.47198e-06
1.00775e-06
5.58949e-07
1.26331e-07
-2.89421e-07
-6.87709e-07
-1.06802e-06
-1.42994e-06
-1.77315e-06
-2.09743e-06
-2.4027e-06
-2.68894e-06
-2.95629e-06
-3.205e-06
-3.43543e-06
-3.64806e-06
-3.84354e-06
-4.0225e-06
-4.18606e-06
-4.33462e-06
-4.46858e-06
-4.59189e-06
-4.70416e-06
-4.8065e-06
-4.90074e-06
-4.98898e-06
-5.07306e-06
-5.15484e-06
-5.23621e-06
-5.31912e-06
-5.40552e-06
-5.49732e-06
-5.59644e-06
-5.70475e-06
-5.82404e-06
-5.95605e-06
-6.10238e-06
-6.26454e-06
-6.4439e-06
-6.64167e-06
-6.85889e-06
-7.09643e-06
-7.35498e-06
2.43626e-06
1.941e-06
1.45975e-06
9.93401e-07
5.42816e-07
1.08763e-07
-3.08068e-07
-7.07076e-07
-1.08775e-06
-1.44968e-06
-1.79256e-06
-2.1162e-06
-2.42051e-06
-2.70554e-06
-2.97143e-06
-3.21846e-06
-3.44705e-06
-3.6577e-06
-3.85111e-06
-4.02794e-06
-4.18936e-06
-4.33571e-06
-4.46773e-06
-4.58946e-06
-4.7005e-06
-4.80192e-06
-4.89547e-06
-4.98311e-06
-5.06665e-06
-5.14789e-06
-5.22873e-06
-5.3111e-06
-5.39694e-06
-5.48819e-06
-5.58678e-06
-5.6946e-06
-5.81349e-06
-5.94519e-06
-6.09136e-06
-6.25355e-06
-6.43316e-06
-6.63142e-06
-6.84942e-06
-7.08805e-06
-7.34802e-06
-8.63326e-06
-1.35099e-05
-1.33068e-05
-1.31996e-05
-1.34795e-05
-1.39975e-05
-1.469e-05
-1.55176e-05
-1.64574e-05
-1.74948e-05
-1.86187e-05
-1.98181e-05
-2.10809e-05
-2.23933e-05
-2.37399e-05
-4.68927e-06
-9.9172e-06
-1.14662e-05
-1.22852e-05
-1.29972e-05
-1.37227e-05
-1.45241e-05
-1.54145e-05
-1.63922e-05
-1.74531e-05
-1.85912e-05
-1.97989e-05
-2.10662e-05
-2.23804e-05
-2.37272e-05
-2.16074e-06
-7.37734e-06
-9.95787e-06
-1.14184e-05
-1.2495e-05
-1.34286e-05
-1.4347e-05
-1.53057e-05
-1.63246e-05
-1.74107e-05
-1.8564e-05
-1.97804e-05
-2.1052e-05
-2.23679e-05
-2.37146e-05
-8.97327e-07
-5.6509e-06
-8.68004e-06
-1.05838e-05
-1.19718e-05
-1.31122e-05
-1.41569e-05
-1.51912e-05
-1.62557e-05
-1.73692e-05
-1.85386e-05
-1.97638e-05
-2.10396e-05
-2.23567e-05
-2.37029e-05
-2.26826e-07
-4.2691e-06
-7.41769e-06
-9.67008e-06
-1.1363e-05
-1.27289e-05
-1.39235e-05
-1.50516e-05
-1.61735e-05
-1.73213e-05
-1.85106e-05
-1.97466e-05
-2.10273e-05
-2.23456e-05
-2.36908e-05
2.17263e-07
-3.19847e-06
-6.23995e-06
-8.69831e-06
-1.06554e-05
-1.22524e-05
-1.362e-05
-1.48657e-05
-1.6063e-05
-1.72572e-05
-1.84737e-05
-1.97246e-05
-2.10123e-05
-2.23326e-05
-2.36768e-05
4.53397e-07
-2.44251e-06
-5.25458e-06
-7.75844e-06
-9.88946e-06
-1.16875e-05
-1.32332e-05
-1.4615e-05
-1.59073e-05
-1.71636e-05
-1.84183e-05
-1.9691e-05
-2.09897e-05
-2.23142e-05
-2.36581e-05
4.73577e-07
-1.99148e-06
-4.52169e-06
-6.9419e-06
-9.13671e-06
-1.10722e-05
-1.27726e-05
-1.42925e-05
-1.56927e-05
-1.70259e-05
-1.83317e-05
-1.96357e-05
-2.09518e-05
-2.22841e-05
-2.36297e-05
3.10261e-07
-1.80331e-06
-4.04874e-06
-6.30798e-06
-8.46954e-06
-1.0464e-05
-1.22715e-05
-1.39096e-05
-1.54163e-05
-1.68344e-05
-1.82016e-05
-1.95467e-05
-2.08877e-05
-2.22332e-05
-2.35838e-05
7.00494e-11
-1.82891e-06
-3.81259e-06
-5.87803e-06
-7.9384e-06
-9.91886e-06
-1.17746e-05
-1.34938e-05
-1.50895e-05
-1.65884e-05
-1.80209e-05
-1.94135e-05
-2.07862e-05
-2.21504e-05
-2.351e-05
-4.27442e-07
-2.02494e-06
-3.77824e-06
-5.64513e-06
-7.56557e-06
-9.4755e-06
-1.1323e-05
-1.30779e-05
-1.47326e-05
-1.62966e-05
-1.77886e-05
-1.92294e-05
-2.06371e-05
-2.2024e-05
-2.33963e-05
-9.508e-07
-2.35739e-06
-3.91069e-06
-5.58807e-06
-7.35139e-06
-9.15276e-06
-1.09447e-05
-1.26902e-05
-1.43677e-05
-1.59719e-05
-1.75089e-05
-1.89912e-05
-2.04322e-05
-2.18428e-05
-2.32295e-05
-1.55383e-06
-2.8001e-06
-4.17951e-06
-5.68145e-06
-7.2836e-06
-8.95361e-06
-1.06541e-05
-1.23494e-05
-1.4012e-05
-1.56261e-05
-1.71865e-05
-1.86966e-05
-2.01635e-05
-2.15945e-05
-2.2995e-05
-2.22162e-06
-3.33073e-06
-4.55774e-06
-5.89916e-06
-7.34329e-06
-8.87028e-06
-1.04538e-05
-1.20649e-05
-1.36763e-05
-1.5267e-05
-1.68239e-05
-1.83421e-05
-1.98215e-05
-2.1265e-05
-2.26751e-05
-2.9373e-06
-3.92694e-06
-5.01902e-06
-6.21402e-06
-7.50694e-06
-8.88692e-06
-1.03375e-05
-1.18377e-05
-1.33651e-05
-1.48985e-05
-1.64212e-05
-1.79219e-05
-1.93948e-05
-2.08375e-05
-2.22486e-05
-3.68058e-06
-4.56426e-06
-5.53544e-06
-6.59659e-06
-7.74663e-06
-8.98065e-06
-1.02896e-05
-1.16603e-05
-1.30766e-05
-1.4521e-05
-1.59769e-05
-1.74305e-05
-1.8872e-05
-2.02947e-05
-2.16935e-05
-4.42744e-06
-5.21523e-06
-6.07651e-06
-7.01446e-06
-8.0301e-06
-9.12213e-06
-1.02866e-05
-1.15164e-05
-1.28017e-05
-1.41302e-05
-1.54886e-05
-1.68638e-05
-1.8245e-05
-1.96228e-05
-2.09902e-05
-5.15147e-06
-5.85019e-06
-6.60955e-06
-7.43271e-06
-8.32162e-06
-9.27693e-06
-1.02978e-05
-1.13815e-05
-1.25233e-05
-1.37161e-05
-1.49514e-05
-1.62192e-05
-1.75104e-05
-1.88157e-05
-2.01276e-05
-5.82279e-06
-6.43655e-06
-7.09943e-06
-7.81421e-06
-8.58301e-06
-9.40743e-06
-1.02884e-05
-1.12259e-05
-1.22187e-05
-1.32644e-05
-1.43587e-05
-1.54964e-05
-1.66719e-05
-1.78781e-05
-1.91097e-05
-6.41338e-06
-6.94519e-06
-7.51593e-06
-8.12784e-06
-8.78297e-06
-9.48324e-06
-1.02304e-05
-1.10262e-05
-1.18715e-05
-1.27669e-05
-1.37122e-05
-1.47066e-05
-1.57481e-05
-1.68347e-05
-1.79648e-05
-6.85125e-06
-7.30837e-06
-7.79686e-06
-8.3182e-06
-8.87411e-06
-9.46655e-06
-1.00976e-05
-1.07696e-05
-1.14847e-05
-1.22453e-05
-1.30536e-05
-1.39119e-05
-1.48222e-05
-1.57854e-05
-1.68036e-05
-7.1363e-06
-7.53117e-06
-7.95231e-06
-8.40086e-06
-8.87838e-06
-9.38673e-06
-9.92811e-06
-1.05049e-05
-1.112e-05
-1.17764e-05
-1.24777e-05
-1.32278e-05
-1.40305e-05
-1.48913e-05
-1.58125e-05
-7.29619e-06
-7.64612e-06
-8.01941e-06
-8.41704e-06
-8.8404e-06
-9.29129e-06
-9.7718e-06
-1.02844e-05
-1.08319e-05
-1.14178e-05
-1.20461e-05
-1.27214e-05
-1.34489e-05
-1.42353e-05
-1.50866e-05
-7.39549e-06
-7.71392e-06
-8.054e-06
-8.41669e-06
-8.80334e-06
-9.21561e-06
-9.65547e-06
-1.01252e-05
-1.06277e-05
-1.11663e-05
-1.1745e-05
-1.23686e-05
-1.30427e-05
-1.37742e-05
-1.45705e-05
-7.45831e-06
-7.75582e-06
-8.07412e-06
-8.41413e-06
-8.77715e-06
-9.1647e-06
-9.57858e-06
-1.00209e-05
-1.04944e-05
-1.1002e-05
-1.15476e-05
-1.21357e-05
-1.27717e-05
-1.34618e-05
-1.4213e-05
-7.5022e-06
-7.78698e-06
-8.09213e-06
-8.41857e-06
-8.7675e-06
-9.14031e-06
-9.53859e-06
-9.96427e-06
-1.04197e-05
-1.09075e-05
-1.14313e-05
-1.1995e-05
-1.26033e-05
-1.32619e-05
-1.39763e-05
-7.53646e-06
-7.81443e-06
-8.11263e-06
-8.43195e-06
-8.77348e-06
-9.13845e-06
-9.52824e-06
-9.94453e-06
-1.03893e-05
-1.08649e-05
-1.13744e-05
-1.19211e-05
-1.25092e-05
-1.31435e-05
-1.38293e-05
-7.56488e-06
-7.84017e-06
-8.13569e-06
-8.4523e-06
-8.79095e-06
-9.15271e-06
-9.53873e-06
-9.95043e-06
-1.03895e-05
-1.08578e-05
-1.1358e-05
-1.18927e-05
-1.24656e-05
-1.30804e-05
-1.37418e-05
-7.5887e-06
-7.86404e-06
-8.15969e-06
-8.47645e-06
-8.81516e-06
-9.17668e-06
-9.56196e-06
-9.97216e-06
-1.04086e-05
-1.08729e-05
-1.1367e-05
-1.18932e-05
-1.24543e-05
-1.30535e-05
-1.36945e-05
-7.60816e-06
-7.88522e-06
-8.18274e-06
-8.50143e-06
-8.84197e-06
-9.20508e-06
-9.59148e-06
-1.00021e-05
-1.04379e-05
-1.09002e-05
-1.13904e-05
-1.19104e-05
-1.24622e-05
-1.30486e-05
-1.36723e-05
-7.62328e-06
-7.90302e-06
-8.20339e-06
-8.525e-06
-8.8684e-06
-9.23412e-06
-9.62273e-06
-1.00349e-05
-1.04713e-05
-1.09328e-05
-1.14206e-05
-1.19359e-05
-1.24804e-05
-1.30562e-05
-1.3665e-05
-7.63425e-06
-7.91713e-06
-8.22081e-06
-8.54582e-06
-8.89257e-06
-9.26144e-06
-9.65281e-06
-1.00671e-05
-1.05048e-05
-1.09664e-05
-1.14527e-05
-1.19646e-05
-1.2503e-05
-1.307e-05
-1.36661e-05
-7.64145e-06
-7.9276e-06
-8.23473e-06
-8.56328e-06
-8.91353e-06
-9.28574e-06
-9.68011e-06
-1.00968e-05
-1.05362e-05
-1.09984e-05
-1.14838e-05
-1.19931e-05
-1.25266e-05
-1.3086e-05
-1.36712e-05
-7.64539e-06
-7.93474e-06
-8.24525e-06
-8.57727e-06
-8.93099e-06
-9.30652e-06
-9.7039e-06
-1.01232e-05
-1.05643e-05
-1.10274e-05
-1.15124e-05
-1.20196e-05
-1.25491e-05
-1.31021e-05
-1.36779e-05
-7.64664e-06
-7.939e-06
-8.25271e-06
-8.58802e-06
-8.94504e-06
-9.32374e-06
-9.72405e-06
-1.01458e-05
-1.05888e-05
-1.10529e-05
-1.15378e-05
-1.20434e-05
-1.25696e-05
-1.3117e-05
-1.36849e-05
-7.6458e-06
-7.94092e-06
-8.25756e-06
-8.59593e-06
-8.956e-06
-9.33767e-06
-9.74072e-06
-1.01648e-05
-1.06097e-05
-1.10748e-05
-1.15597e-05
-1.20642e-05
-1.25875e-05
-1.31302e-05
-1.36912e-05
-7.6434e-06
-7.94101e-06
-8.26031e-06
-8.60144e-06
-8.9643e-06
-9.3487e-06
-9.75428e-06
-1.01806e-05
-1.06271e-05
-1.10933e-05
-1.15784e-05
-1.20819e-05
-1.26029e-05
-1.31416e-05
-1.36965e-05
-7.63982e-06
-7.93967e-06
-8.26138e-06
-8.60503e-06
-8.97045e-06
-9.35733e-06
-9.76524e-06
-1.01936e-05
-1.06418e-05
-1.11089e-05
-1.15943e-05
-1.2097e-05
-1.26161e-05
-1.31512e-05
-1.37007e-05
-7.63508e-06
-7.93705e-06
-8.26106e-06
-8.60713e-06
-8.97501e-06
-9.3643e-06
-9.77446e-06
-1.02048e-05
-1.06545e-05
-1.11227e-05
-1.16083e-05
-1.21104e-05
-1.26277e-05
-1.31597e-05
-1.37042e-05
-7.62986e-06
-7.93378e-06
-8.25989e-06
-8.60815e-06
-8.97828e-06
-9.36982e-06
-9.78215e-06
-1.02144e-05
-1.06658e-05
-1.1135e-05
-1.16211e-05
-1.21227e-05
-1.26384e-05
-1.31674e-05
-1.37071e-05
3.28573e-07
3.29504e-07
3.31375e-07
3.34868e-07
3.40047e-07
3.47255e-07
3.56767e-07
3.68758e-07
3.83247e-07
4.00114e-07
4.19132e-07
4.40011e-07
4.62436e-07
4.86109e-07
5.10784e-07
5.3632e-07
5.62741e-07
5.90318e-07
6.19705e-07
6.52098e-07
6.89332e-07
7.3396e-07
7.91053e-07
8.66691e-07
9.65954e-07
1.09374e-06
1.25452e-06
1.45131e-06
1.68442e-06
1.95071e-06
2.24827e-06
2.57149e-06
2.90156e-06
3.22098e-06
3.51259e-06
3.76112e-06
3.95394e-06
4.08348e-06
4.14984e-06
4.16108e-06
4.13196e-06
4.08093e-06
4.02224e-06
3.98231e-06
3.96962e-06
3.25316e-07
3.25278e-07
3.27034e-07
3.30781e-07
3.36665e-07
3.44976e-07
3.5592e-07
3.69639e-07
3.86204e-07
4.05617e-07
4.27825e-07
4.52732e-07
4.80211e-07
5.1012e-07
5.42326e-07
5.76735e-07
6.13345e-07
6.52321e-07
6.94134e-07
7.39749e-07
7.90803e-07
8.49925e-07
9.21243e-07
1.00867e-06
1.11612e-06
1.24792e-06
1.40794e-06
1.59873e-06
1.82093e-06
2.07301e-06
2.34988e-06
2.63889e-06
2.92917e-06
3.20904e-06
3.46406e-06
3.67941e-06
3.8442e-06
3.95425e-06
4.01225e-06
4.027e-06
4.01132e-06
3.97911e-06
3.94265e-06
3.91206e-06
3.89227e-06
3.21094e-07
3.18754e-07
3.1905e-07
3.21807e-07
3.27097e-07
3.35154e-07
3.4616e-07
3.60238e-07
3.77475e-07
3.97915e-07
4.21566e-07
4.48399e-07
4.78359e-07
5.11351e-07
5.47245e-07
5.85861e-07
6.26979e-07
6.70357e-07
7.15807e-07
7.63335e-07
8.13332e-07
8.67186e-07
9.27885e-07
9.99283e-07
1.08673e-06
1.19675e-06
1.3355e-06
1.50758e-06
1.715e-06
1.9567e-06
2.22863e-06
2.52037e-06
2.81868e-06
3.10844e-06
3.37344e-06
3.59856e-06
3.77258e-06
3.89038e-06
3.9539e-06
3.97138e-06
3.95524e-06
3.91922e-06
3.8756e-06
3.83172e-06
3.7885e-06
3.13671e-07
3.07881e-07
3.06052e-07
3.07378e-07
3.11625e-07
3.18987e-07
3.29633e-07
3.43676e-07
3.61202e-07
3.82276e-07
4.06932e-07
4.35174e-07
4.66956e-07
5.02151e-07
5.4051e-07
5.816e-07
6.24725e-07
6.68855e-07
7.12592e-07
7.54212e-07
7.91899e-07
8.24837e-07
8.55375e-07
8.89604e-07
9.36477e-07
1.0067e-06
1.11043e-06
1.2548e-06
1.44339e-06
1.67559e-06
1.94686e-06
2.24788e-06
2.5643e-06
2.87916e-06
3.17397e-06
3.43101e-06
3.63616e-06
3.78137e-06
3.86607e-06
3.89684e-06
3.88551e-06
3.84641e-06
3.79329e-06
3.73357e-06
3.66587e-06
3.0125e-07
2.91686e-07
2.87415e-07
2.86982e-07
2.89825e-07
2.96094e-07
3.05939e-07
3.19452e-07
3.36718e-07
3.57812e-07
3.8279e-07
4.11669e-07
4.44389e-07
4.80747e-07
5.20305e-07
5.62247e-07
6.05194e-07
6.46988e-07
6.84497e-07
7.13542e-07
7.29173e-07
7.27323e-07
7.09932e-07
6.87871e-07
6.76022e-07
6.91305e-07
7.48684e-07
8.56518e-07
1.01925e-06
1.23745e-06
1.50821e-06
1.8214e-06
2.16299e-06
2.5145e-06
2.85494e-06
3.16305e-06
3.42022e-06
3.61339e-06
3.73744e-06
3.79568e-06
3.79863e-06
3.76149e-06
3.70055e-06
3.62479e-06
3.53196e-06
2.82166e-07
2.68996e-07
2.62277e-07
2.59974e-07
2.61218e-07
2.66123e-07
2.74819e-07
2.87377e-07
3.0388e-07
3.24416e-07
3.49061e-07
3.7784e-07
4.10674e-07
4.47271e-07
4.86971e-07
5.28514e-07
5.69712e-07
6.07053e-07
6.35295e-07
6.47254e-07
6.3418e-07
5.87919e-07
5.10222e-07
4.19526e-07
3.39169e-07
2.92225e-07
2.94693e-07
3.57459e-07
4.88478e-07
6.85953e-07
9.528e-07
1.27807e-06
1.64689e-06
2.04006e-06
2.43475e-06
2.80622e-06
3.13056e-06
3.38831e-06
3.56784e-06
3.66744e-06
3.6951e-06
3.6666e-06
3.60125e-06
3.51043e-06
3.39168e-06
2.55469e-07
2.39058e-07
2.30033e-07
2.25869e-07
2.25439e-07
2.28828e-07
2.36149e-07
2.4746e-07
2.62846e-07
2.82415e-07
3.0627e-07
3.34461e-07
3.66903e-07
4.03231e-07
4.42581e-07
4.83251e-07
5.22224e-07
5.54556e-07
5.72705e-07
5.66163e-07
5.22051e-07
4.27761e-07
2.85006e-07
1.22142e-07
-2.89857e-08
-1.44605e-07
-2.06408e-07
-1.95571e-07
-1.00413e-07
8.38134e-08
3.46285e-07
6.79852e-07
1.07159e-06
1.50316e-06
1.95127e-06
2.38869e-06
2.78664e-06
3.11864e-06
3.36517e-06
3.51765e-06
3.57995e-06
3.56738e-06
3.50206e-06
3.39802e-06
3.25287e-06
2.20831e-07
2.01576e-07
1.90437e-07
1.84475e-07
1.82359e-07
1.84158e-07
1.89977e-07
1.99868e-07
2.13925e-07
2.32291e-07
2.55114e-07
2.82491e-07
3.14365e-07
3.50346e-07
3.89424e-07
4.29521e-07
4.66865e-07
4.95135e-07
5.04478e-07
4.80889e-07
4.07304e-07
2.66666e-07
5.9558e-08
-1.75772e-07
-3.99276e-07
-5.80191e-07
-6.93108e-07
-7.20772e-07
-6.54884e-07
-4.92902e-07
-2.40823e-07
9.40672e-08
4.99977e-07
9.60328e-07
1.45295e-06
1.94987e-06
2.41878e-06
2.8267e-06
3.14561e-06
3.3586e-06
3.46353e-06
3.47369e-06
3.41316e-06
3.29833e-06
3.12708e-06
1.78377e-07
1.56622e-07
1.43554e-07
1.35877e-07
1.32103e-07
1.32302e-07
1.36578e-07
1.44985e-07
1.5764e-07
1.74733e-07
1.96476e-07
2.23046e-07
2.5446e-07
2.90364e-07
3.2969e-07
3.70103e-07
4.07208e-07
4.33474e-07
4.36873e-07
3.998e-07
3.01346e-07
1.20842e-07
-1.44193e-07
-4.44142e-07
-7.29628e-07
-9.63768e-07
-1.11908e-06
-1.17952e-06
-1.13858e-06
-9.95236e-07
-7.54865e-07
-4.24369e-07
-1.37078e-08
4.63328e-07
9.87242e-07
1.53127e-06
2.06156e-06
2.54012e-06
2.93059e-06
3.20712e-06
3.35991e-06
3.39843e-06
3.34729e-06
3.22466e-06
3.02861e-06
1.28533e-07
1.04528e-07
8.96819e-08
8.03736e-08
7.49957e-08
7.36347e-08
7.64028e-08
8.33619e-08
9.46638e-08
1.10555e-07
1.31338e-07
1.57296e-07
1.8857e-07
2.24914e-07
2.65299e-07
3.07272e-07
3.45995e-07
3.72958e-07
3.74229e-07
3.28497e-07
2.11594e-07
4.67737e-10
-3.12561e-07
-6.65695e-07
-1.00031e-06
-1.27511e-06
-1.4618e-06
-1.54554e-06
-1.52183e-06
-1.39227e-06
-1.16282e-06
-8.40117e-07
-4.32087e-07
5.07839e-08
5.92692e-07
1.16965e-06
1.74833e-06
2.2877e-06
2.74389e-06
3.08269e-06
3.28559e-06
3.35648e-06
3.31895e-06
3.19196e-06
2.97354e-06
7.1893e-08
4.5779e-08
2.92597e-08
1.83925e-08
1.14817e-08
8.64278e-09
1.00011e-08
1.56337e-08
2.57322e-08
4.06133e-08
6.06809e-08
8.6358e-08
1.1795e-07
1.55387e-07
1.97778e-07
2.42695e-07
2.85053e-07
3.15623e-07
3.19093e-07
2.71215e-07
1.4304e-07
-9.24219e-08
-4.39934e-07
-8.33539e-07
-1.20406e-06
-1.50669e-06
-1.71282e-06
-1.80942e-06
-1.79472e-06
-1.67319e-06
-1.45186e-06
-1.13731e-06
-7.35589e-07
-2.53925e-07
2.95856e-07
8.93424e-07
1.50765e-06
2.09654e-06
2.6089e-06
3.00539e-06
3.25811e-06
3.36377e-06
3.34346e-06
3.21589e-06
2.97858e-06
9.1077e-09
-1.90793e-08
-3.72171e-08
-4.95838e-08
-5.79455e-08
-6.21468e-08
-6.20458e-08
-5.75484e-08
-4.84209e-08
-3.42714e-08
-1.45824e-08
1.12277e-08
4.36678e-08
8.28984e-08
1.28253e-07
1.77457e-07
2.25366e-07
2.62237e-07
2.717e-07
2.28273e-07
9.66313e-08
-1.56597e-07
-5.26943e-07
-9.47838e-07
-1.34172e-06
-1.66028e-06
-1.87495e-06
-1.97494e-06
-1.96146e-06
-1.84166e-06
-1.62391e-06
-1.31483e-06
-9.18987e-07
-4.408e-07
1.1153e-07
7.21428e-07
1.36107e-06
1.98978e-06
2.547e-06
2.99446e-06
3.29488e-06
3.4363e-06
3.43611e-06
3.31188e-06
3.05999e-06
-5.92046e-08
-8.95217e-08
-1.09268e-07
-1.23088e-07
-1.32808e-07
-1.38225e-07
-1.39181e-07
-1.35568e-07
-1.27113e-07
-1.1335e-07
-9.36447e-08
-6.72444e-08
-3.34092e-08
8.29808e-09
5.74971e-08
1.12178e-07
1.67299e-07
2.12824e-07
2.31483e-07
1.96642e-07
6.75805e-08
-1.91872e-07
-5.75704e-07
-1.01312e-06
-1.41951e-06
-1.74386e-06
-1.95793e-06
-2.05328e-06
-2.03396e-06
-1.90948e-06
-1.6895e-06
-1.38075e-06
-9.86748e-07
-5.09822e-07
4.46585e-08
6.63182e-07
1.32102e-06
1.98184e-06
2.57903e-06
3.06839e-06
3.41251e-06
3.58928e-06
3.6113e-06
3.49425e-06
3.23257e-06
-1.32519e-07
-1.65099e-07
-1.86481e-07
-2.01713e-07
-2.12685e-07
-2.19139e-07
-2.20906e-07
-2.17874e-07
-2.09739e-07
-1.95967e-07
-1.75814e-07
-1.48356e-07
-1.126e-07
-6.77951e-08
-1.39989e-08
4.71346e-08
1.10801e-07
1.66863e-07
1.97223e-07
1.73562e-07
5.37998e-08
-2.02494e-07
-5.92001e-07
-1.03666e-06
-1.44654e-06
-1.7684e-06
-1.97453e-06
-2.05865e-06
-2.02726e-06
-1.89183e-06
-1.66305e-06
-1.34779e-06
-9.48901e-07
-4.67412e-07
9.32157e-08
7.21789e-07
1.39532e-06
2.07909e-06
2.71672e-06
3.24373e-06
3.62561e-06
3.83596e-06
3.88158e-06
3.77536e-06
3.50878e-06
-2.10441e-07
-2.45476e-07
-2.68546e-07
-2.85149e-07
-2.97242e-07
-3.04515e-07
-3.06798e-07
-3.03989e-07
-2.95768e-07
-2.81554e-07
-2.60504e-07
-2.31532e-07
-1.93379e-07
-1.44943e-07
-8.59557e-08
-1.76347e-08
5.5563e-08
1.23579e-07
1.67757e-07
1.5831e-07
5.21791e-08
-1.94885e-07
-5.82578e-07
-1.02668e-06
-1.43278e-06
-1.74556e-06
-1.93797e-06
-2.00552e-06
-1.95666e-06
-1.8043e-06
-1.55984e-06
-1.23025e-06
-8.18083e-07
-3.23766e-07
2.50162e-07
8.93899e-07
1.58526e-06
2.29179e-06
2.96508e-06
3.52814e-06
3.94374e-06
4.18652e-06
4.25696e-06
4.16509e-06
3.89825e-06
-2.92734e-07
-3.30454e-07
-3.55278e-07
-3.73195e-07
-3.86244e-07
-3.94066e-07
-3.96507e-07
-3.935e-07
-3.84738e-07
-3.69611e-07
-3.472e-07
-3.1629e-07
-2.75345e-07
-2.22832e-07
-1.58232e-07
-8.22404e-08
1.13219e-09
8.20491e-08
1.41557e-07
1.48689e-07
5.92801e-08
-1.7416e-07
-5.54028e-07
-9.91072e-07
-1.38745e-06
-1.68625e-06
-1.86051e-06
-1.90719e-06
-1.83618e-06
-1.66131e-06
-1.39436e-06
-1.04234e-06
-6.07711e-07
-9.0884e-08
5.05669e-07
1.17216e-06
1.88632e-06
2.62543e-06
3.32463e-06
3.92411e-06
4.37464e-06
4.64896e-06
4.74487e-06
4.67061e-06
4.40761e-06
-3.79325e-07
-4.19985e-07
-4.46627e-07
-4.65768e-07
-4.79553e-07
-4.87582e-07
-4.89745e-07
-4.86045e-07
-4.76224e-07
-4.59672e-07
-4.35419e-07
-4.02181e-07
-3.58161e-07
-3.01241e-07
-2.30758e-07
-1.46856e-07
-5.29887e-08
4.13376e-08
1.17056e-07
1.42305e-07
7.17808e-08
-1.44465e-07
-5.11651e-07
-9.37021e-07
-1.31929e-06
-1.60019e-06
-1.75283e-06
-1.77516e-06
-1.67794e-06
-1.47546e-06
-1.17956e-06
-7.97151e-07
-3.30776e-07
2.18771e-07
8.48479e-07
1.54852e-06
2.29843e-06
3.0653e-06
3.79614e-06
4.43354e-06
4.92018e-06
5.22731e-06
5.34956e-06
5.29637e-06
5.04004e-06
-4.70312e-07
-5.14179e-07
-5.42684e-07
-5.62907e-07
-5.77128e-07
-5.84924e-07
-5.8627e-07
-5.81287e-07
-5.69815e-07
-5.51282e-07
-5.24677e-07
-4.88741e-07
-4.41414e-07
-3.80015e-07
-3.03488e-07
-2.11649e-07
-1.07255e-07
5.95461e-10
9.29161e-08
1.3718e-07
8.69848e-08
-1.09545e-07
-4.60447e-07
-8.70572e-07
-1.23537e-06
-1.49543e-06
-1.62378e-06
-1.61892e-06
-1.49202e-06
-1.25738e-06
-9.26585e-07
-5.06346e-07
6.6053e-10
5.92995e-07
1.26661e-06
2.01067e-06
2.80372e-06
3.61052e-06
4.38047e-06
5.05504e-06
5.5785e-06
5.92241e-06
6.07257e-06
6.04481e-06
5.79584e-06
-5.65961e-07
-6.13305e-07
-6.43683e-07
-6.64768e-07
-6.79011e-07
-6.86002e-07
-6.85856e-07
-6.78882e-07
-6.65081e-07
-6.43972e-07
-6.14524e-07
-5.75612e-07
-5.24684e-07
-4.58727e-07
-3.76354e-07
-2.76724e-07
-1.62018e-07
-4.08518e-08
6.8094e-08
1.31708e-07
1.0271e-07
-7.24514e-08
-4.04509e-07
-7.96564e-07
-1.14138e-06
-1.37842e-06
-1.4804e-06
-1.4461e-06
-1.28658e-06
-1.01582e-06
-6.44862e-07
-1.80066e-07
3.75747e-07
1.02034e-06
1.7483e-06
2.54707e-06
3.39341e-06
4.25057e-06
5.06801e-06
5.78626e-06
6.34864e-06
6.73072e-06
6.91232e-06
6.91245e-06
6.67596e-06
-6.66716e-07
-7.17802e-07
-7.50004e-07
-7.71618e-07
-7.85318e-07
-7.90757e-07
-7.88271e-07
-7.78446e-07
-7.61528e-07
-7.37212e-07
-7.04522e-07
-6.62248e-07
-6.07387e-07
-5.37063e-07
-4.4916e-07
-3.42071e-07
-2.17473e-07
-8.34477e-08
4.17643e-08
1.24753e-07
1.17264e-07
-3.55212e-08
-3.46921e-07
-7.18807e-07
-1.0418e-06
-1.25417e-06
-1.32823e-06
-1.26268e-06
-1.06813e-06
-7.57883e-07
-3.4223e-07
1.72989e-07
7.84863e-07
1.49033e-06
2.28238e-06
3.1464e-06
4.05689e-06
4.97509e-06
5.84932e-06
6.61929e-06
7.22636e-06
7.64693e-06
7.8636e-06
7.88567e-06
7.68155e-06
-7.73202e-07
-8.28286e-07
-8.62181e-07
-8.83836e-07
-8.96221e-07
-8.99134e-07
-8.93244e-07
-8.79527e-07
-8.5857e-07
-8.30318e-07
-7.93903e-07
-7.47898e-07
-6.89125e-07
-6.14714e-07
-5.21568e-07
-4.07539e-07
-2.73651e-07
-1.27337e-07
1.3419e-08
1.15485e-07
1.29444e-07
-4.29026e-10
-2.89928e-07
-6.4016e-07
-9.39963e-07
-1.12649e-06
-1.17145e-06
-1.07325e-06
-8.4173e-07
-4.89277e-07
-2.51776e-08
5.4539e-07
1.21953e-06
1.99337e-06
2.85832e-06
3.79748e-06
4.78276e-06
5.77288e-06
6.71409e-06
7.54465e-06
8.20321e-06
8.66475e-06
8.919e-06
8.96417e-06
8.8015e-06
-8.86248e-07
-9.45571e-07
-9.80907e-07
-1.0019e-06
-1.01193e-06
-1.01106e-06
-1.00044e-06
-9.81584e-07
-9.55527e-07
-9.22527e-07
-8.81837e-07
-8.31857e-07
-7.69405e-07
-6.9108e-07
-5.9315e-07
-4.72838e-07
-3.30405e-07
-1.72621e-07
-1.70238e-08
1.03411e-07
1.38506e-07
3.17125e-08
-2.35092e-07
-5.62649e-07
-8.38305e-07
-9.98135e-07
-1.01317e-06
-8.81315e-07
-6.11345e-07
-2.14565e-07
3.00934e-07
9.30792e-07
1.67224e-06
2.52075e-06
3.46617e-06
4.48934e-06
5.55939e-06
6.63206e-06
7.65094e-06
8.5521e-06
9.26898e-06
9.77742e-06
1.00767e-05
1.01533e-05
1.00259e-05
-1.00691e-06
-1.07069e-06
-1.10705e-06
-1.1264e-06
-1.13269e-06
-1.12643e-06
-1.10944e-06
-1.08397e-06
-1.05162e-06
-1.01301e-06
-9.67519e-07
-9.1342e-07
-8.47405e-07
-7.65505e-07
-6.63379e-07
-5.37544e-07
-3.87422e-07
-2.19115e-07
-4.95515e-08
8.83974e-08
1.4409e-07
6.02556e-08
-1.83413e-07
-4.87627e-07
-7.38498e-07
-8.71086e-07
-8.5564e-07
-6.89462e-07
-3.80012e-07
6.26047e-08
6.31665e-07
1.32375e-06
2.13636e-06
3.06446e-06
4.09653e-06
5.21123e-06
6.37492e-06
7.54013e-06
8.64721e-06
9.6292e-06
1.04132e-05
1.09733e-05
1.13218e-05
1.14382e-05
1.1353e-05
-1.13653e-06
-1.20495e-06
-1.24167e-06
-1.25801e-06
-1.25873e-06
-1.24503e-06
-1.21971e-06
-1.18591e-06
-1.14594e-06
-1.10083e-06
-1.05006e-06
-9.91741e-07
-9.22327e-07
-8.373e-07
-7.31645e-07
-6.01107e-07
-4.44286e-07
-2.66454e-07
-8.39445e-08
7.05657e-08
1.46141e-07
8.49236e-08
-1.35444e-07
-4.15932e-07
-6.41645e-07
-7.46692e-07
-7.00482e-07
-4.99655e-07
-1.50074e-07
3.39309e-07
9.63318e-07
1.71957e-06
2.60596e-06
3.61712e-06
4.74042e-06
5.95259e-06
7.21735e-06
8.48398e-06
9.68911e-06
1.0762e-05
1.16247e-05
1.22416e-05
1.26424e-05
1.28025e-05
1.27646e-05
-1.2768e-06
-1.34996e-06
-1.38605e-06
-1.39748e-06
-1.39022e-06
-1.36657e-06
-1.33057e-06
-1.28655e-06
-1.23752e-06
-1.18502e-06
-1.12852e-06
-1.06595e-06
-9.93394e-07
-9.05759e-07
-7.97299e-07
-6.62956e-07
-5.00436e-07
-3.14166e-07
-1.19809e-07
5.02226e-08
1.44837e-07
1.05721e-07
-9.14055e-08
-3.48019e-07
-5.48426e-07
-6.25846e-07
-5.48821e-07
-3.13326e-07
7.6665e-08
6.13192e-07
1.29279e-06
2.11417e-06
3.07569e-06
4.1719e-06
5.38929e-06
6.70305e-06
8.07455e-06
9.44999e-06
1.07617e-05
1.19342e-05
1.28885e-05
1.35749e-05
1.40286e-05
1.42396e-05
1.42533e-05
-1.42987e-06
-1.50775e-06
-1.5417e-06
-1.54564e-06
-1.52731e-06
-1.49054e-06
-1.44119e-06
-1.38485e-06
-1.32533e-06
-1.26457e-06
-1.202e-06
-1.13523e-06
-1.05987e-06
-9.70203e-07
-8.59704e-07
-7.22476e-07
-5.55292e-07
-3.61703e-07
-1.56639e-07
2.78097e-08
1.40523e-07
1.22855e-07
-5.12762e-08
-2.84063e-07
-4.59212e-07
-5.09115e-07
-4.01403e-07
-1.3063e-07
2.9879e-07
8.8234e-07
1.61749e-06
2.504e-06
3.5408e-06
4.72249e-06
6.03503e-06
7.45248e-06
8.9344e-06
1.04243e-05
1.18502e-05
1.31306e-05
1.41864e-05
1.49596e-05
1.54691e-05
1.57381e-05
1.58102e-05
-1.5985e-06
-1.68082e-06
-1.71041e-06
-1.70333e-06
-1.66996e-06
-1.61635e-06
-1.55062e-06
-1.47969e-06
-1.40833e-06
-1.33854e-06
-1.26968e-06
-1.19884e-06
-1.12111e-06
-1.03003e-06
-9.1828e-07
-7.79089e-07
-6.08275e-07
-4.08486e-07
-1.93876e-07
3.84898e-09
1.3365e-07
1.36665e-07
-1.48746e-08
-2.24054e-07
-3.74164e-07
-3.9683e-07
-2.58799e-07
4.60039e-08
5.15172e-07
1.1452e-06
1.93521e-06
2.88597e-06
3.99699e-06
5.26308e-06
6.66996e-06
8.19106e-06
9.78479e-06
1.13926e-05
1.2939e-05
1.43368e-05
1.55019e-05
1.63735e-05
1.69502e-05
1.72848e-05
1.74244e-05
-1.78626e-06
-1.87229e-06
-1.8942e-06
-1.87137e-06
-1.81796e-06
-1.7432e-06
-1.65769e-06
-1.56996e-06
-1.48544e-06
-1.40607e-06
-1.33083e-06
-1.25622e-06
-1.17661e-06
-1.08478e-06
-9.72552e-07
-8.32293e-07
-6.58852e-07
-4.53959e-07
-2.30952e-07
-2.11067e-08
1.24722e-07
1.47566e-07
1.80804e-08
-1.67857e-07
-2.933e-07
-2.89165e-07
-1.21354e-07
2.16911e-07
7.25003e-07
1.40051e-06
2.24409e-06
3.25742e-06
4.44048e-06
5.78842e-06
7.28696e-06
8.9094e-06
1.06138e-05
1.23405e-05
1.40115e-05
1.55345e-05
1.68185e-05
1.77971e-05
1.84557e-05
1.88648e-05
1.90842e-05
-1.9979e-06
-2.08601e-06
-2.09534e-06
-2.05041e-06
-1.97089e-06
-1.87004e-06
-1.76118e-06
-1.65449e-06
-1.55574e-06
-1.46643e-06
-1.38494e-06
-1.30696e-06
-1.22603e-06
-1.13412e-06
-1.02217e-06
-8.81696e-07
-7.06578e-07
-4.97623e-07
-2.67334e-07
-4.65154e-08
1.14255e-07
1.56004e-07
4.79219e-08
-1.1527e-07
-2.1655e-07
-1.86182e-07
1.07244e-08
3.81681e-07
9.27624e-07
1.64726e-06
2.54262e-06
3.61607e-06
4.868e-06
6.29385e-06
7.87954e-06
9.59871e-06
1.14098e-05
1.32534e-05
1.505e-05
1.67034e-05
1.81148e-05
1.92106e-05
1.99682e-05
2.04628e-05
2.07785e-05
-2.23977e-06
-2.32671e-06
-2.31622e-06
-2.24083e-06
-2.12787e-06
-1.99542e-06
-1.85981e-06
-1.73227e-06
-1.61847e-06
-1.51915e-06
-1.43172e-06
-1.35088e-06
-1.26924e-06
-1.1779e-06
-1.06695e-06
-9.27036e-07
-7.5111e-07
-5.39063e-07
-3.02555e-07
-7.18787e-08
1.0274e-07
1.62424e-07
7.50003e-08
-6.60521e-08
-1.43788e-07
-8.78728e-08
1.37321e-07
5.40002e-07
1.12253e-06
1.88462e-06
2.82952e-06
3.96005e-06
5.27676e-06
6.77535e-06
8.44197e-06
1.0251e-05
1.2162e-05
1.41169e-05
1.60367e-05
1.78228e-05
1.93692e-05
2.05925e-05
2.14643e-05
2.20606e-05
2.24955e-05
-2.52059e-06
-2.60009e-06
-2.55921e-06
-2.44245e-06
-2.28759e-06
-2.11783e-06
-1.95223e-06
-1.8024e-06
-1.67314e-06
-1.56403e-06
-1.47114e-06
-1.38802e-06
-1.30629e-06
-1.21615e-06
-1.10684e-06
-9.68181e-07
-7.92225e-07
-5.7797e-07
-3.36228e-07
-9.67638e-08
9.06222e-08
1.6724e-07
9.96582e-08
-1.99514e-08
-7.48586e-08
5.82139e-09
2.58384e-07
6.91682e-07
1.30936e-06
2.11197e-06
3.10382e-06
4.28785e-06
5.66451e-06
7.22959e-06
8.96941e-06
1.08592e-05
1.28604e-05
1.49174e-05
1.69537e-05
1.88706e-05
2.05568e-05
2.19192e-05
2.2918e-05
2.36365e-05
2.42225e-05
-2.85257e-06
-2.9128e-06
-2.82619e-06
-2.65446e-06
-2.44819e-06
-2.23551e-06
-2.03721e-06
-1.86418e-06
-1.71954e-06
-1.60111e-06
-1.5034e-06
-1.41865e-06
-1.33743e-06
-1.24906e-06
-1.14195e-06
-1.00513e-06
-8.29819e-07
-6.14136e-07
-3.68064e-07
-1.20816e-07
7.82867e-08
1.70826e-07
1.22215e-07
2.32778e-08
-9.59324e-09
9.49885e-08
3.73913e-07
8.36611e-07
1.48785e-06
2.32886e-06
3.36478e-06
4.59831e-06
6.02952e-06
7.654e-06
9.458e-06
1.14176e-05
1.34965e-05
1.56426e-05
1.77836e-05
1.98237e-05
2.16495e-05
2.31599e-05
2.43005e-05
2.51652e-05
2.59478e-05
-3.25304e-06
-3.27207e-06
-3.11766e-06
-2.87568e-06
-2.60718e-06
-2.34656e-06
-2.11371e-06
-1.91727e-06
-1.75777e-06
-1.63077e-06
-1.52897e-06
-1.44324e-06
-1.36307e-06
-1.27695e-06
-1.17249e-06
-1.038e-06
-8.63893e-07
-6.47457e-07
-3.97862e-07
-1.43763e-07
6.6049e-08
1.73502e-07
1.42957e-07
6.38666e-08
5.2179e-08
1.79737e-07
4.83948e-07
9.74745e-07
1.65785e-06
2.53497e-06
3.61189e-06
4.89066e-06
6.3706e-06
8.04675e-06
9.90493e-06
1.19219e-05
1.40634e-05
1.62815e-05
1.851e-05
2.0659e-05
2.26171e-05
2.42792e-05
2.55753e-05
2.66144e-05
2.76605e-05
-3.7469e-06
-3.68535e-06
-3.43315e-06
-3.10215e-06
-2.76149e-06
-2.4491e-06
-2.18097e-06
-1.9617e-06
-1.78829e-06
-1.65364e-06
-1.54852e-06
-1.46241e-06
-1.38376e-06
-1.30025e-06
-1.19879e-06
-1.067e-06
-8.94539e-07
-6.77917e-07
-4.25511e-07
-1.65411e-07
5.41563e-08
1.75535e-07
1.62135e-07
1.02026e-07
1.10625e-07
2.6019e-07
5.88563e-07
1.1061e-06
1.8193e-06
2.73016e-06
3.84487e-06
5.16445e-06
6.68706e-06
8.40679e-06
1.03085e-05
1.23691e-05
1.45561e-05
1.68257e-05
1.91187e-05
2.13541e-05
2.34271e-05
2.52356e-05
2.66956e-05
2.794e-05
2.93495e-05
-4.36928e-06
-4.15607e-06
-3.77011e-06
-3.32887e-06
-2.9075e-06
-2.54146e-06
-2.23867e-06
-1.9979e-06
-1.81188e-06
-1.67059e-06
-1.56288e-06
-1.47688e-06
-1.4001e-06
-1.31947e-06
-1.22122e-06
-1.09239e-06
-9.21916e-07
-7.0557e-07
-4.50967e-07
-1.85636e-07
4.27933e-08
1.7714e-07
1.79959e-07
1.37943e-07
1.65904e-07
3.36472e-07
6.87848e-07
1.23072e-06
1.97219e-06
2.91435e-06
4.0636e-06
5.41948e-06
6.9786e-06
8.73368e-06
1.0668e-05
1.27579e-05
1.49717e-05
1.72693e-05
1.95982e-05
2.18884e-05
2.4046e-05
2.59809e-05
2.75998e-05
2.90767e-05
3.0997e-05
-5.16832e-06
-4.67985e-06
-4.11781e-06
-3.54902e-06
-3.04125e-06
-2.62218e-06
-2.28688e-06
-2.02665e-06
-1.82954e-06
-1.68265e-06
-1.57299e-06
-1.48749e-06
-1.41279e-06
-1.33516e-06
-1.24025e-06
-1.1145e-06
-9.46243e-07
-7.30529e-07
-4.74249e-07
-2.04372e-07
3.20897e-08
1.78484e-07
1.96606e-07
1.71788e-07
2.18169e-07
4.08713e-07
7.81903e-07
1.34868e-06
2.11653e-06
3.08751e-06
4.26801e-06
5.65565e-06
7.24514e-06
9.02734e-06
1.09833e-05
1.30878e-05
1.5309e-05
1.76088e-05
1.99403e-05
2.22441e-05
2.44404e-05
2.64599e-05
2.82073e-05
2.99238e-05
3.25601e-05
-6.1896e-06
-5.24811e-06
-4.46049e-06
-3.75343e-06
-3.15862e-06
-2.69025e-06
-2.32612e-06
-2.04903e-06
-1.84249e-06
-1.69095e-06
-1.57986e-06
-1.49509e-06
-1.42256e-06
-1.34795e-06
-1.25635e-06
-1.13373e-06
-9.67813e-07
-7.52985e-07
-4.95446e-07
-2.21617e-07
2.21205e-08
1.7969e-07
2.12224e-07
2.03716e-07
2.67583e-07
4.77086e-07
8.70909e-07
1.46015e-06
2.25254e-06
3.24988e-06
4.45839e-06
5.87337e-06
7.4872e-06
9.28848e-06
1.12553e-05
1.336e-05
1.55689e-05
1.78437e-05
2.01406e-05
2.24077e-05
2.45789e-05
2.66123e-05
2.84173e-05
3.03398e-05
3.39694e-05
-7.53368e-06
-5.84585e-06
-4.77609e-06
-3.93237e-06
-3.25728e-06
-2.74646e-06
-2.35821e-06
-2.06695e-06
-1.85236e-06
-1.69682e-06
-1.5845e-06
-1.50049e-06
-1.43003e-06
-1.35832e-06
-1.26997e-06
-1.15044e-06
-9.8694e-07
-7.73199e-07
-5.14749e-07
-2.37473e-07
1.2883e-08
1.80832e-07
2.26922e-07
2.33857e-07
3.14322e-07
5.41862e-07
9.55302e-07
1.56582e-06
2.38118e-06
3.40286e-06
4.63668e-06
6.07522e-06
7.7082e-06
9.52154e-06
1.14897e-05
1.35813e-05
1.57595e-05
1.7983e-05
2.02066e-05
2.23796e-05
2.44443e-05
2.63811e-05
2.81094e-05
3.01539e-05
3.51915e-05
-9.32017e-06
-6.44179e-06
-5.0329e-06
-4.07746e-06
-3.33966e-06
-2.79541e-06
-2.38739e-06
-2.08363e-06
-1.86135e-06
-1.70155e-06
-1.58758e-06
-1.50385e-06
-1.43509e-06
-1.36603e-06
-1.2808e-06
-1.16439e-06
-1.00347e-06
-7.91127e-07
-5.32192e-07
-2.51985e-07
4.37618e-09
1.81973e-07
2.40766e-07
2.62222e-07
3.58369e-07
6.03079e-07
1.03529e-06
1.66616e-06
2.5034e-06
3.54802e-06
4.80535e-06
6.26493e-06
7.91364e-06
9.73435e-06
1.16972e-05
1.37664e-05
1.59001e-05
1.80514e-05
2.01684e-05
2.21916e-05
2.40572e-05
2.5735e-05
2.71325e-05
2.90457e-05
3.57901e-05
-1.08408e-05
-6.8291e-06
-5.17118e-06
-4.17035e-06
-3.40196e-06
-2.83619e-06
-2.41325e-06
-2.09877e-06
-1.8692e-06
-1.70499e-06
-1.58898e-06
-1.50509e-06
-1.43761e-06
-1.37084e-06
-1.28847e-06
-1.17507e-06
-1.01681e-06
-8.06135e-07
-5.47224e-07
-2.64768e-07
-3.20338e-09
1.83216e-07
2.53851e-07
2.88827e-07
3.99402e-07
6.59706e-07
1.10873e-06
1.75756e-06
2.61368e-06
3.67766e-06
4.95425e-06
6.42987e-06
8.08855e-06
9.91014e-06
1.18603e-05
1.38982e-05
1.5976e-05
1.80393e-05
2.00255e-05
2.18598e-05
2.34348e-05
2.46574e-05
2.53048e-05
2.61223e-05
3.20466e-05
)
;

boundaryField
{
    inlet
    {
        type            uniformJump;
        patchType       cyclic;
        jump            uniform -2.5e-05;
        value           nonuniform List<scalar> 
40
(
6.30073e-07
6.42885e-07
6.55839e-07
6.68202e-07
6.81218e-07
6.96374e-07
7.16262e-07
7.45554e-07
7.91594e-07
8.64389e-07
9.75933e-07
1.1396e-06
1.3707e-06
1.68781e-06
2.11322e-06
2.67105e-06
3.38296e-06
4.26237e-06
5.30738e-06
6.48855e-06
7.69179e-06
8.7204e-06
9.47369e-06
1.00152e-05
1.03945e-05
1.06492e-05
1.08121e-05
1.09128e-05
1.09716e-05
1.10039e-05
1.10197e-05
1.10261e-05
1.10274e-05
1.10263e-05
1.10244e-05
1.10225e-05
1.1021e-05
1.10201e-05
1.10196e-05
1.10195e-05
)
;
        jumpTable       table;
        jumpTableCoeffs
        {
            values          
4
(
(0 -2.5e-05)
(25 -2.5e-05)
(25.5 -0.0001)
(26 -2.5e-05)
)
;
        }
    }
    outlet
    {
        type            uniformJump;
        patchType       cyclic;
        value           nonuniform List<scalar> 
40
(
-2.43699e-05
-2.43571e-05
-2.43442e-05
-2.43318e-05
-2.43188e-05
-2.43036e-05
-2.42837e-05
-2.42544e-05
-2.42084e-05
-2.41356e-05
-2.40241e-05
-2.38604e-05
-2.36293e-05
-2.33122e-05
-2.28868e-05
-2.23289e-05
-2.1617e-05
-2.07376e-05
-1.96926e-05
-1.85115e-05
-1.73082e-05
-1.62796e-05
-1.55263e-05
-1.49848e-05
-1.46055e-05
-1.43508e-05
-1.41879e-05
-1.40872e-05
-1.40284e-05
-1.39961e-05
-1.39803e-05
-1.39739e-05
-1.39726e-05
-1.39737e-05
-1.39756e-05
-1.39775e-05
-1.3979e-05
-1.39799e-05
-1.39804e-05
-1.39805e-05
)
;
    }
    Walls
    {
        type            zeroGradient;
    }
    back
    {
        type            empty;
    }
    front
    {
        type            empty;
    }
}


// ************************************************************************* //
