/*--------------------------------*- C++ -*----------------------------------*\
| =========                 |                                                 |
| \\      /  F ield         | OpenFOAM: The Open Source CFD Toolbox           |
|  \\    /   O peration     | Version:  2312                                  |
|   \\  /    A nd           | Website:  www.openfoam.com                      |
|    \\/     M anipulation  |                                                 |
\*---------------------------------------------------------------------------*/
FoamFile
{
    version     2.0;
    format      ascii;
    arch        "LSB;label=32;scalar=64";
    class       volScalarField;
    location    "144";
    object      p;
}
// * * * * * * * * * * * * * * * * * * * * * * * * * * * * * * * * * * * * * //

dimensions      [0 2 -2 0 0 0 0];

internalField   nonuniform List<scalar> 
4800
(
1.81043e-13
-1.80274e-06
-3.29284e-06
-4.53969e-06
-5.59323e-06
-6.49149e-06
-7.26387e-06
-7.93278e-06
-8.52265e-06
-9.04557e-06
-9.51046e-06
-9.92337e-06
-1.02804e-05
-1.08111e-05
-1.2467e-05
2.06541e-08
-1.77787e-06
-3.26519e-06
-4.51054e-06
-5.56372e-06
-6.46286e-06
-7.23791e-06
-7.91126e-06
-8.50787e-06
-9.04118e-06
-9.5253e-06
-9.98013e-06
-1.04232e-05
-1.09629e-05
-1.1851e-05
4.27472e-08
-1.75124e-06
-3.23569e-06
-4.47957e-06
-5.53254e-06
-6.43259e-06
-7.21009e-06
-7.8859e-06
-8.48695e-06
-9.02812e-06
-9.52364e-06
-9.99448e-06
-1.04527e-05
-1.091e-05
-1.13487e-05
6.55823e-08
-1.72325e-06
-3.20433e-06
-4.44627e-06
-5.49849e-06
-6.39874e-06
-7.17754e-06
-7.85523e-06
-8.45681e-06
-8.99956e-06
-9.49382e-06
-9.95124e-06
-1.03681e-05
-1.0716e-05
-1.0929e-05
9.09262e-08
-1.69179e-06
-3.16869e-06
-4.40794e-06
-5.4586e-06
-6.35802e-06
-7.13622e-06
-7.81435e-06
-8.41244e-06
-8.94823e-06
-9.4279e-06
-9.85181e-06
-1.0205e-05
-1.04515e-05
-1.05382e-05
1.20244e-07
-1.65524e-06
-3.12699e-06
-4.36257e-06
-5.41051e-06
-6.30759e-06
-7.08285e-06
-7.75724e-06
-8.34745e-06
-8.86736e-06
-9.3196e-06
-9.69738e-06
-9.98291e-06
-1.01487e-05
-1.01681e-05
1.55515e-07
-1.61157e-06
-3.07699e-06
-4.30756e-06
-5.35115e-06
-6.24364e-06
-7.01278e-06
-7.67825e-06
-8.25428e-06
-8.74997e-06
-9.1652e-06
-9.49165e-06
-9.71576e-06
-9.82411e-06
-9.81089e-06
2.0007e-07
-1.55738e-06
-3.01503e-06
-4.23884e-06
-5.27582e-06
-6.16067e-06
-6.91956e-06
-7.57052e-06
-8.12563e-06
-8.59002e-06
-8.96364e-06
-9.24071e-06
-9.41521e-06
-9.48616e-06
-9.45974e-06
2.58936e-07
-1.4875e-06
-2.93559e-06
-4.15036e-06
-5.17779e-06
-6.05124e-06
-6.79513e-06
-7.42583e-06
-7.95324e-06
-8.3834e-06
-8.71589e-06
-8.95053e-06
-9.08886e-06
-9.13816e-06
-9.10977e-06
3.38611e-07
-1.39494e-06
-2.83109e-06
-4.0339e-06
-5.0482e-06
-5.90597e-06
-6.63006e-06
-7.23583e-06
-7.7329e-06
-8.12753e-06
-8.42337e-06
-8.62513e-06
-8.73999e-06
-8.77952e-06
-8.7564e-06
4.46209e-07
-1.27143e-06
-2.69224e-06
-3.87935e-06
-4.87636e-06
-5.71403e-06
-6.41415e-06
-6.99191e-06
-7.45782e-06
-7.82016e-06
-8.08652e-06
-8.26565e-06
-8.36802e-06
-8.40676e-06
-8.39401e-06
5.88407e-07
-1.10837e-06
-2.50893e-06
-3.67554e-06
-4.65063e-06
-5.46407e-06
-6.1373e-06
-6.68621e-06
-7.12311e-06
-7.4589e-06
-7.70416e-06
-7.87028e-06
-7.96919e-06
-8.01392e-06
-8.01538e-06
7.7074e-07
-8.97431e-07
-2.27094e-06
-3.41113e-06
-4.35944e-06
-5.14523e-06
-5.7903e-06
-6.31181e-06
-6.7241e-06
-7.0403e-06
-7.27291e-06
-7.43456e-06
-7.53727e-06
-7.59306e-06
-7.61162e-06
9.96844e-07
-6.31138e-07
-1.96831e-06
-3.07496e-06
-3.99157e-06
-4.74727e-06
-5.36453e-06
-5.86186e-06
-6.25519e-06
-6.559e-06
-6.78665e-06
-6.95086e-06
-7.06305e-06
-7.13405e-06
-7.1722e-06
1.26817e-06
-3.03941e-07
-1.59241e-06
-2.65681e-06
-3.53656e-06
-4.26034e-06
-4.85111e-06
-5.32822e-06
-5.70835e-06
-6.00634e-06
-6.23547e-06
-6.40784e-06
-6.53392e-06
-6.62321e-06
-6.68296e-06
1.58479e-06
8.68081e-08
-1.13788e-06
-2.14928e-06
-2.98598e-06
-3.67571e-06
-4.24115e-06
-4.70153e-06
-5.07325e-06
-5.3706e-06
-5.60606e-06
-5.79069e-06
-5.93385e-06
-6.04379e-06
-6.12686e-06
1.94388e-06
5.42265e-07
-6.02706e-07
-1.54927e-06
-2.33521e-06
-2.98733e-06
-3.52717e-06
-3.97268e-06
-4.33893e-06
-4.6389e-06
-4.88376e-06
-5.08326e-06
-5.2456e-06
-5.37789e-06
-5.48566e-06
2.33355e-06
1.05897e-06
1.10516e-08
-8.59061e-07
-1.58541e-06
-2.19429e-06
-2.70589e-06
-3.13586e-06
-3.49701e-06
-3.80037e-06
-4.05551e-06
-4.27072e-06
-4.45299e-06
-4.60837e-06
-4.74165e-06
2.7309e-06
1.61898e-06
6.86295e-07
-9.40461e-08
-7.50391e-07
-1.30826e-06
-1.78601e-06
-2.19647e-06
-2.54962e-06
-2.85415e-06
-3.11768e-06
-3.34696e-06
-3.54774e-06
-3.72505e-06
-3.88303e-06
3.12188e-06
2.18747e-06
1.39354e-06
7.19788e-07
1.43792e-07
-3.5537e-07
-7.92607e-07
-1.17779e-06
-1.51819e-06
-1.82001e-06
-2.0888e-06
-2.32962e-06
-2.54694e-06
-2.74468e-06
-2.92633e-06
3.47678e-06
2.71861e-06
2.06818e-06
1.50501e-06
1.01196e-06
5.74604e-07
1.82301e-07
-1.7212e-07
-4.93769e-07
-7.86851e-07
-1.05521e-06
-1.30243e-06
-1.53176e-06
-1.74612e-06
-1.94816e-06
3.75844e-06
3.1499e-06
2.61837e-06
2.14802e-06
1.7265e-06
1.34408e-06
9.93536e-07
6.69874e-07
3.69494e-07
8.94627e-08
-1.7294e-07
-4.2025e-07
-6.54836e-07
-8.78797e-07
-1.09413e-06
3.98262e-06
3.48402e-06
3.03927e-06
2.63698e-06
2.26834e-06
1.92676e-06
1.60743e-06
1.30688e-06
1.02255e-06
7.52251e-07
4.93987e-07
2.45914e-07
6.31036e-09
-2.26328e-07
-4.53444e-07
4.15415e-06
3.73417e-06
3.35123e-06
2.9976e-06
2.66718e-06
2.35554e-06
2.0594e-06
1.77626e-06
1.50412e-06
1.24126e-06
9.86142e-07
7.37378e-07
4.93698e-07
2.53999e-07
1.71799e-08
4.28524e-06
3.92029e-06
3.58095e-06
3.26199e-06
2.95915e-06
2.66934e-06
2.39014e-06
2.11956e-06
1.85597e-06
1.59797e-06
1.34432e-06
1.09398e-06
8.4599e-07
5.99514e-07
3.53703e-07
4.38518e-06
4.05824e-06
3.74932e-06
3.45472e-06
3.17126e-06
2.89663e-06
2.62891e-06
2.36645e-06
2.10788e-06
1.85206e-06
1.598e-06
1.34491e-06
1.09203e-06
8.38726e-07
5.84338e-07
4.46033e-06
4.1595e-06
3.87157e-06
3.59369e-06
3.32334e-06
3.05871e-06
2.79819e-06
2.5404e-06
2.28417e-06
2.02856e-06
1.77278e-06
1.51618e-06
1.25812e-06
9.9812e-07
7.35626e-07
4.51597e-06
4.23313e-06
3.95959e-06
3.69296e-06
3.43124e-06
3.17294e-06
2.91666e-06
2.66119e-06
2.40555e-06
2.14893e-06
1.89065e-06
1.63015e-06
1.3669e-06
1.10048e-06
8.30438e-07
4.55669e-06
4.28645e-06
4.02279e-06
3.76373e-06
3.50766e-06
3.25326e-06
2.99928e-06
2.74466e-06
2.48853e-06
2.23018e-06
1.96901e-06
1.70451e-06
1.43624e-06
1.16384e-06
8.86919e-07
4.58645e-06
4.32527e-06
4.06854e-06
3.81466e-06
3.56231e-06
3.31028e-06
3.0574e-06
2.80273e-06
2.5455e-06
2.28508e-06
2.0209e-06
1.75254e-06
1.47957e-06
1.20171e-06
9.18608e-07
4.60846e-06
4.35406e-06
4.10237e-06
3.85219e-06
3.60237e-06
3.35175e-06
3.09926e-06
2.84406e-06
2.58545e-06
2.32286e-06
2.05576e-06
1.78377e-06
1.50652e-06
1.22375e-06
9.35154e-07
4.62522e-06
4.37612e-06
4.12827e-06
3.88087e-06
3.63285e-06
3.38307e-06
3.13059e-06
2.87464e-06
2.61459e-06
2.34988e-06
2.08006e-06
1.80477e-06
1.52366e-06
1.23651e-06
9.43053e-07
4.63851e-06
4.39373e-06
4.14897e-06
3.90379e-06
3.6571e-06
3.40786e-06
3.15522e-06
2.89847e-06
2.63701e-06
2.37034e-06
2.09804e-06
1.81977e-06
1.53521e-06
1.24419e-06
9.46447e-07
4.64951e-06
4.40839e-06
4.16626e-06
3.92293e-06
3.67731e-06
3.42845e-06
3.17558e-06
2.91805e-06
2.65529e-06
2.38685e-06
2.11231e-06
1.83139e-06
1.54378e-06
1.24931e-06
9.47786e-07
4.65897e-06
4.42105e-06
4.18122e-06
3.93949e-06
3.69478e-06
3.44623e-06
3.19313e-06
2.93489e-06
2.67096e-06
2.40093e-06
2.12442e-06
1.84113e-06
1.55081e-06
1.2533e-06
9.48423e-07
4.66733e-06
4.43226e-06
4.19448e-06
3.95418e-06
3.71026e-06
3.46199e-06
3.2087e-06
2.94982e-06
2.68487e-06
2.41344e-06
2.13517e-06
1.8498e-06
1.55709e-06
1.25688e-06
9.49031e-07
4.67482e-06
4.44231e-06
4.20638e-06
3.96734e-06
3.72414e-06
3.47613e-06
3.22269e-06
2.96327e-06
2.69742e-06
2.42476e-06
2.14496e-06
1.85776e-06
1.56294e-06
1.26035e-06
9.49878e-07
4.68168e-06
4.45148e-06
4.21723e-06
3.97933e-06
3.73681e-06
3.48905e-06
3.23548e-06
2.97559e-06
2.70896e-06
2.43522e-06
2.15406e-06
1.86524e-06
1.56855e-06
1.26386e-06
9.51055e-07
4.68833e-06
4.46037e-06
4.22774e-06
3.99093e-06
3.74906e-06
3.50156e-06
3.2479e-06
2.9876e-06
2.72024e-06
2.4455e-06
2.16307e-06
1.87274e-06
1.5743e-06
1.26765e-06
9.52647e-07
4.69455e-06
4.46876e-06
4.23771e-06
4.002e-06
3.76082e-06
3.51363e-06
3.25993e-06
2.99927e-06
2.73127e-06
2.4556e-06
2.17199e-06
1.88022e-06
1.58011e-06
1.27157e-06
9.54485e-07
-1.3916e-05
-1.1717e-05
-1.03528e-05
-9.4311e-06
-8.68264e-06
-8.09667e-06
-7.6306e-06
-7.25762e-06
-6.96189e-06
-6.73265e-06
-6.56291e-06
-6.44859e-06
-6.38784e-06
-6.38211e-06
-6.43687e-06
-6.56096e-06
-6.7691e-06
-7.08728e-06
-7.54808e-06
-8.19224e-06
-9.0596e-06
-1.01626e-05
-1.13401e-05
-1.22885e-05
-1.28426e-05
-1.29511e-05
-1.261e-05
-1.18342e-05
-1.06474e-05
-9.07985e-06
-7.1661e-06
-4.94605e-06
-2.46535e-06
2.24349e-07
3.06603e-06
5.99843e-06
8.95692e-06
1.18734e-05
1.46734e-05
1.72697e-05
1.95432e-05
2.13338e-05
2.22827e-05
2.20697e-05
1.95259e-05
-1.22815e-05
-1.11585e-05
-1.01312e-05
-9.31182e-06
-8.60969e-06
-8.04001e-06
-7.58014e-06
-7.21001e-06
-6.91629e-06
-6.68916e-06
-6.52201e-06
-6.41091e-06
-6.35406e-06
-6.353e-06
-6.41332e-06
-6.54366e-06
-6.75859e-06
-7.08401e-06
-7.55178e-06
-8.20136e-06
-9.07088e-06
-1.01707e-05
-1.13397e-05
-1.22778e-05
-1.2822e-05
-1.29223e-05
-1.25745e-05
-1.1794e-05
-1.06044e-05
-9.03622e-06
-7.12511e-06
-4.91251e-06
-2.44608e-06
2.19993e-07
3.02543e-06
5.90452e-06
8.78619e-06
1.15925e-05
1.42333e-05
1.65937e-05
1.85041e-05
1.96962e-05
1.96442e-05
1.75659e-05
1.2449e-05
-1.14179e-05
-1.07158e-05
-9.90165e-06
-9.17264e-06
-8.52179e-06
-7.97492e-06
-7.52476e-06
-7.15934e-06
-6.86858e-06
-6.6441e-06
-6.4799e-06
-6.37235e-06
-6.31978e-06
-6.32386e-06
-6.39031e-06
-6.52753e-06
-6.74992e-06
-7.08326e-06
-7.55857e-06
-8.21374e-06
-9.08495e-06
-1.01801e-05
-1.13381e-05
-1.22631e-05
-1.27951e-05
-1.28854e-05
-1.25303e-05
-1.17452e-05
-1.05539e-05
-8.98745e-06
-7.08309e-06
-4.88419e-06
-2.44104e-06
1.88885e-07
2.94105e-06
5.74402e-06
8.51872e-06
1.11756e-05
1.36073e-05
1.5674e-05
1.71722e-05
1.77967e-05
1.70627e-05
1.44084e-05
9.70116e-06
-1.0854e-05
-1.03487e-05
-9.6944e-06
-9.03786e-06
-8.4361e-06
-7.91383e-06
-7.47409e-06
-7.11334e-06
-6.82502e-06
-6.60247e-06
-6.44054e-06
-6.33601e-06
-6.28735e-06
-6.29639e-06
-6.36902e-06
-6.51331e-06
-6.74343e-06
-7.08506e-06
-7.56822e-06
-8.22904e-06
-9.10147e-06
-1.01906e-05
-1.13353e-05
-1.22443e-05
-1.27611e-05
-1.28382e-05
-1.24731e-05
-1.16815e-05
-1.04874e-05
-8.92321e-06
-7.0279e-06
-4.84756e-06
-2.43591e-06
1.45423e-07
2.8267e-06
5.52981e-06
8.16696e-06
1.06372e-05
1.28189e-05
1.45579e-05
1.56469e-05
1.58132e-05
1.47193e-05
1.20923e-05
8.16256e-06
-1.04093e-05
-1.00196e-05
-9.48754e-06
-8.91508e-06
-8.36032e-06
-7.86263e-06
-7.43339e-06
-7.07693e-06
-6.79018e-06
-6.56847e-06
-6.40775e-06
-6.30535e-06
-6.25995e-06
-6.27358e-06
-6.35227e-06
-6.50365e-06
-6.74162e-06
-7.09173e-06
-7.58277e-06
-8.24882e-06
-9.12139e-06
-1.02023e-05
-1.13304e-05
-1.22202e-05
-1.27188e-05
-1.27804e-05
-1.24038e-05
-1.16052e-05
-1.04095e-05
-8.85049e-06
-6.96949e-06
-4.81585e-06
-2.44724e-06
6.99639e-08
2.66039e-06
5.23918e-06
7.71061e-06
9.96512e-06
1.18741e-05
1.32842e-05
1.4012e-05
1.38552e-05
1.26305e-05
1.02762e-05
7.051e-06
-1.00308e-05
-9.72106e-06
-9.2822e-06
-8.79158e-06
-8.29139e-06
-7.82028e-06
-7.40482e-06
-7.05381e-06
-6.76841e-06
-6.54664e-06
-6.38597e-06
-6.28461e-06
-6.24154e-06
-6.25908e-06
-6.34345e-06
-6.50167e-06
-6.74729e-06
-7.10574e-06
-7.60431e-06
-8.27464e-06
-9.14553e-06
-1.02151e-05
-1.13226e-05
-1.21891e-05
-1.26662e-05
-1.27099e-05
-1.23207e-05
-1.15157e-05
-1.03208e-05
-8.77167e-06
-6.91257e-06
-4.79642e-06
-2.48525e-06
-5.03994e-08
2.4273e-06
4.85718e-06
7.13799e-06
9.15665e-06
1.0787e-05
1.18911e-05
1.23268e-05
1.19693e-05
1.07526e-05
8.73163e-06
6.15284e-06
-9.68365e-06
-9.43532e-06
-9.07986e-06
-8.66022e-06
-8.2151e-06
-7.78198e-06
-7.38676e-06
-7.04491e-06
-6.76247e-06
-6.54081e-06
-6.37958e-06
-6.27831e-06
-6.23657e-06
-6.25712e-06
-6.3465e-06
-6.5109e-06
-6.76357e-06
-7.1298e-06
-7.635e-06
-8.30799e-06
-9.17457e-06
-1.02288e-05
-1.13104e-05
-1.21488e-05
-1.26005e-05
-1.26237e-05
-1.22208e-05
-1.14104e-05
-1.02199e-05
-8.68713e-06
-6.85957e-06
-4.7941e-06
-2.55722e-06
-2.24927e-07
2.11741e-06
4.37537e-06
6.44603e-06
8.21918e-06
9.58024e-06
1.04173e-05
1.06342e-05
1.01724e-05
9.03913e-06
7.33504e-06
5.26669e-06
-9.34865e-06
-9.14913e-06
-8.86365e-06
-8.5135e-06
-8.12833e-06
-7.73962e-06
-7.37303e-06
-7.04688e-06
-6.77163e-06
-6.55237e-06
-6.39139e-06
-6.29015e-06
-6.24918e-06
-6.27197e-06
-6.3656e-06
-6.53522e-06
-6.7939e-06
-7.16687e-06
-7.67716e-06
-8.35029e-06
-9.20891e-06
-1.02425e-05
-1.12918e-05
-1.20964e-05
-1.25183e-05
-1.25182e-05
-1.21011e-05
-1.12873e-05
-1.01062e-05
-8.59824e-06
-6.81429e-06
-4.81524e-06
-2.67172e-06
-4.63443e-07
1.72151e-06
3.78808e-06
5.6364e-06
7.1655e-06
8.27929e-06
8.89598e-06
8.96143e-06
8.46352e-06
7.44734e-06
6.02009e-06
4.34298e-06
-9.01679e-06
-8.85757e-06
-8.63067e-06
-8.34572e-06
-8.02205e-06
-7.68382e-06
-7.35423e-06
-7.05217e-06
-6.79094e-06
-6.5789e-06
-6.42117e-06
-6.32153e-06
-6.28184e-06
-6.3068e-06
-6.40424e-06
-6.57793e-06
-6.8413e-06
-7.21969e-06
-7.73277e-06
-8.40253e-06
-9.24838e-06
-1.02547e-05
-1.12641e-05
-1.20281e-05
-1.24157e-05
-1.23898e-05
-1.19587e-05
-1.1145e-05
-9.98029e-06
-8.50809e-06
-6.78255e-06
-4.86815e-06
-2.83875e-06
-7.7614e-07
1.23159e-06
3.0925e-06
4.71459e-06
6.01112e-06
6.90782e-06
7.3517e-06
7.32049e-06
6.83052e-06
5.94056e-06
4.74725e-06
3.37277e-06
-8.68255e-06
-8.5581e-06
-8.38091e-06
-8.15462e-06
-7.89062e-06
-7.60619e-06
-7.32044e-06
-7.05092e-06
-6.81196e-06
-6.61406e-06
-6.4648e-06
-6.37033e-06
-6.33402e-06
-6.36228e-06
-6.46391e-06
-6.64053e-06
-6.9073e-06
-7.28962e-06
-7.80263e-06
-8.46475e-06
-9.29178e-06
-1.02629e-05
-1.12235e-05
-1.19397e-05
-1.22882e-05
-1.22349e-05
-1.17914e-05
-1.09832e-05
-9.84454e-06
-8.42186e-06
-6.77221e-06
-4.96273e-06
-3.06902e-06
-1.17253e-06
6.41879e-07
2.28924e-06
3.68923e-06
4.77205e-06
5.48492e-06
5.79847e-06
5.71193e-06
5.2554e-06
4.48775e-06
3.48953e-06
2.35233e-06
-8.34029e-06
-8.24722e-06
-8.11319e-06
-7.9391e-06
-7.73115e-06
-7.50099e-06
-7.26333e-06
-7.03323e-06
-6.8245e-06
-6.64849e-06
-6.51447e-06
-6.43051e-06
-6.40137e-06
-6.43549e-06
-6.54244e-06
-6.72099e-06
-6.99062e-06
-7.37587e-06
-7.88514e-06
-8.53405e-06
-9.33539e-06
-1.02627e-05
-1.11649e-05
-1.18261e-05
-1.21316e-05
-1.20505e-05
-1.15985e-05
-1.08039e-05
-9.7038e-06
-8.34737e-06
-6.7934e-06
-5.11026e-06
-3.37325e-06
-1.6606e-06
-5.05868e-08
1.38199e-06
2.5707e-06
3.46282e-06
4.02408e-06
4.24226e-06
4.12884e-06
3.71804e-06
3.06245e-06
2.22636e-06
1.27825e-06
-7.98292e-06
-7.91939e-06
-7.82408e-06
-7.69681e-06
-7.54078e-06
-7.36352e-06
-7.17581e-06
-6.98982e-06
-6.81788e-06
-6.67109e-06
-6.55952e-06
-6.49233e-06
-6.47553e-06
-6.52013e-06
-6.6327e-06
-6.81241e-06
-7.08685e-06
-7.47422e-06
-7.97559e-06
-8.60523e-06
-9.37345e-06
-1.02478e-05
-1.10825e-05
-1.16821e-05
-1.19423e-05
-1.18359e-05
-1.13822e-05
-1.06122e-05
-9.56621e-06
-8.29549e-06
-6.85848e-06
-5.32281e-06
-3.76127e-06
-2.24599e-06
-8.45698e-07
3.76975e-07
1.36983e-06
2.09529e-06
2.5334e-06
2.68283e-06
2.56042e-06
2.19895e-06
1.64247e-06
9.41076e-07
1.45971e-07
-7.60158e-06
-7.56677e-06
-7.50728e-06
-7.42275e-06
-7.31478e-06
-7.18816e-06
-7.05054e-06
-6.91135e-06
-6.78101e-06
-6.66955e-06
-6.58716e-06
-6.54304e-06
-6.54439e-06
-6.60501e-06
-6.72368e-06
-6.90756e-06
-7.18841e-06
-7.5746e-06
-8.06481e-06
-8.66944e-06
-9.39732e-06
-1.02105e-05
-1.09702e-05
-1.15036e-05
-1.17187e-05
-1.15931e-05
-1.11484e-05
-1.04172e-05
-9.44367e-06
-8.28015e-06
-6.98139e-06
-5.61224e-06
-4.24107e-06
-2.93129e-06
-1.74014e-06
-7.17561e-07
9.72355e-08
6.78817e-07
1.01699e-06
1.11636e-06
9.94745e-07
6.80942e-07
2.09935e-07
-3.79842e-07
-1.04995e-06
-7.1856e-06
-7.17909e-06
-7.15357e-06
-7.10881e-06
-7.0456e-06
-6.96705e-06
-6.87855e-06
-6.78724e-06
-6.70152e-06
-6.63012e-06
-6.58236e-06
-6.56727e-06
-6.59278e-06
-6.67092e-06
-6.80292e-06
-6.99681e-06
-7.28169e-06
-7.66348e-06
-8.13752e-06
-8.71417e-06
-9.39592e-06
-1.01418e-05
-1.08228e-05
-1.12886e-05
-1.14625e-05
-1.13286e-05
-1.09076e-05
-1.02323e-05
-9.35164e-06
-8.31752e-06
-7.17622e-06
-5.98879e-06
-4.81768e-06
-3.71552e-06
-2.72751e-06
-1.89181e-06
-1.2369e-06
-7.79285e-07
-5.23165e-07
-4.61571e-07
-5.78161e-07
-8.49903e-07
-1.24913e-06
-1.74697e-06
-2.31462e-06
-6.72105e-06
-6.74305e-06
-6.7504e-06
-6.74318e-06
-6.72205e-06
-6.68911e-06
-6.64818e-06
-6.60463e-06
-6.56504e-06
-6.53674e-06
-6.52782e-06
-6.54646e-06
-6.60051e-06
-6.69943e-06
-6.85126e-06
-7.06068e-06
-7.3471e-06
-7.72106e-06
-8.179e-06
-8.72515e-06
-9.3567e-06
-1.00327e-05
-1.06366e-05
-1.10388e-05
-1.11801e-05
-1.10535e-05
-1.06743e-05
-1.00736e-05
-9.30878e-06
-8.42391e-06
-7.45453e-06
-6.45945e-06
-5.49254e-06
-4.59417e-06
-3.79872e-06
-3.13484e-06
-2.62279e-06
-2.27295e-06
-2.08622e-06
-2.05549e-06
-2.16751e-06
-2.40446e-06
-2.74509e-06
-3.16786e-06
-3.65158e-06
-6.19082e-06
-6.24175e-06
-6.28148e-06
-6.31044e-06
-6.3293e-06
-6.3397e-06
-6.34444e-06
-6.34767e-06
-6.35453e-06
-6.37089e-06
-6.40352e-06
-6.45953e-06
-6.54624e-06
-6.67226e-06
-6.84515e-06
-7.07123e-06
-7.36281e-06
-7.73005e-06
-8.17106e-06
-8.68554e-06
-9.26637e-06
-9.87496e-06
-1.04096e-05
-1.07588e-05
-1.08832e-05
-1.07843e-05
-1.0464e-05
-9.95979e-06
-9.33597e-06
-8.61277e-06
-7.82336e-06
-7.02625e-06
-6.26243e-06
-5.55921e-06
-4.94281e-06
-4.43523e-06
-4.05094e-06
-3.79639e-06
-3.6711e-06
-3.66901e-06
-3.77979e-06
-3.99011e-06
-4.28447e-06
-4.64733e-06
-5.06316e-06
-5.57659e-06
-5.657e-06
-5.72897e-06
-5.79317e-06
-5.85045e-06
-5.90221e-06
-5.95065e-06
-5.99889e-06
-6.05131e-06
-6.11275e-06
-6.18846e-06
-6.28431e-06
-6.40681e-06
-6.56312e-06
-6.76007e-06
-7.00441e-06
-7.30418e-06
-7.66708e-06
-8.09246e-06
-8.57751e-06
-9.1121e-06
-9.66365e-06
-1.01428e-05
-1.04562e-05
-1.05884e-05
-1.05357e-05
-1.02906e-05
-9.91956e-06
-9.44902e-06
-8.88583e-06
-8.28549e-06
-7.68906e-06
-7.12089e-06
-6.60049e-06
-6.1487e-06
-5.78281e-06
-5.51325e-06
-5.34417e-06
-5.27498e-06
-5.30145e-06
-5.41629e-06
-5.6098e-06
-5.87083e-06
-6.18809e-06
-6.55044e-06
-4.86029e-06
-4.97053e-06
-5.07449e-06
-5.17319e-06
-5.26779e-06
-5.35967e-06
-5.45032e-06
-5.54215e-06
-5.63836e-06
-5.74419e-06
-5.86343e-06
-6.00024e-06
-6.16007e-06
-6.34895e-06
-6.57287e-06
-6.83754e-06
-7.14868e-06
-7.51112e-06
-7.92528e-06
-8.38741e-06
-8.88566e-06
-9.39639e-06
-9.84145e-06
-1.01483e-05
-1.03119e-05
-1.03174e-05
-1.01872e-05
-9.96279e-06
-9.63691e-06
-9.24867e-06
-8.8426e-06
-8.44144e-06
-8.05777e-06
-7.70711e-06
-7.40686e-06
-7.17038e-06
-7.00518e-06
-6.91416e-06
-6.89724e-06
-6.95225e-06
-7.07491e-06
-7.25945e-06
-7.49901e-06
-7.78454e-06
-8.10684e-06
-4.02893e-06
-4.16853e-06
-4.30359e-06
-4.43513e-06
-4.56462e-06
-4.69393e-06
-4.82494e-06
-4.95987e-06
-5.09919e-06
-5.24833e-06
-5.41035e-06
-5.5884e-06
-5.78682e-06
-6.01053e-06
-6.26415e-06
-6.55232e-06
-6.87899e-06
-7.24739e-06
-7.65836e-06
-8.10758e-06
-8.58664e-06
-9.07586e-06
-9.51358e-06
-9.84737e-06
-1.00627e-05
-1.01599e-05
-1.01593e-05
-1.00654e-05
-9.90119e-06
-9.70169e-06
-9.48663e-06
-9.26657e-06
-9.05329e-06
-8.86099e-06
-8.70263e-06
-8.58741e-06
-8.52076e-06
-8.50533e-06
-8.54174e-06
-8.62917e-06
-8.76521e-06
-8.94676e-06
-9.17073e-06
-9.43211e-06
-9.72318e-06
-3.09849e-06
-3.26634e-06
-3.43125e-06
-3.59411e-06
-3.75608e-06
-3.91828e-06
-4.0828e-06
-4.25253e-06
-4.43271e-06
-4.62278e-06
-4.82451e-06
-5.04148e-06
-5.27767e-06
-5.53672e-06
-5.82199e-06
-6.13698e-06
-6.48478e-06
-6.86767e-06
-7.28651e-06
-7.73871e-06
-8.21825e-06
-8.71355e-06
-9.17517e-06
-9.55515e-06
-9.84855e-06
-1.00572e-05
-1.01805e-05
-1.02352e-05
-1.02468e-05
-1.02286e-05
-1.01875e-05
-1.01337e-05
-1.00793e-05
-1.00351e-05
-1.00094e-05
-1.00082e-05
-1.00359e-05
-1.00955e-05
-1.01887e-05
-1.03156e-05
-1.04754e-05
-1.06659e-05
-1.08828e-05
-1.11229e-05
-1.13869e-05
-2.14349e-06
-2.33661e-06
-2.52893e-06
-2.7215e-06
-2.9164e-06
-3.11508e-06
-3.31647e-06
-3.51872e-06
-3.73258e-06
-3.96002e-06
-4.20033e-06
-4.4554e-06
-4.72851e-06
-5.02266e-06
-5.34047e-06
-5.68473e-06
-6.05796e-06
-6.46214e-06
-6.89841e-06
-7.36575e-06
-7.86164e-06
-8.3797e-06
-8.88074e-06
-9.32465e-06
-9.70175e-06
-1.00104e-05
-1.02581e-05
-1.04589e-05
-1.06214e-05
-1.07503e-05
-1.08529e-05
-1.09392e-05
-1.10185e-05
-1.10976e-05
-1.11818e-05
-1.12758e-05
-1.13838e-05
-1.15083e-05
-1.16511e-05
-1.18131e-05
-1.19939e-05
-1.2194e-05
-1.24132e-05
-1.26514e-05
-1.29047e-05
-1.30571e-06
-1.51752e-06
-1.73045e-06
-1.94517e-06
-2.16237e-06
-2.38393e-06
-2.61467e-06
-2.8604e-06
-3.11316e-06
-3.37343e-06
-3.64629e-06
-3.93486e-06
-4.24088e-06
-4.56646e-06
-4.91408e-06
-5.28618e-06
-5.68501e-06
-6.11253e-06
-6.57016e-06
-7.05849e-06
-7.57684e-06
-8.1229e-06
-8.66442e-06
-9.16166e-06
-9.60507e-06
-9.99811e-06
-1.03456e-05
-1.06511e-05
-1.09184e-05
-1.11531e-05
-1.13628e-05
-1.15546e-05
-1.17342e-05
-1.19063e-05
-1.20751e-05
-1.22444e-05
-1.24173e-05
-1.25965e-05
-1.27839e-05
-1.29809e-05
-1.31887e-05
-1.34075e-05
-1.36375e-05
-1.38772e-05
-1.4127e-05
-6.78922e-07
-9.06393e-07
-1.13707e-06
-1.37209e-06
-1.61286e-06
-1.86061e-06
-2.11695e-06
-2.38288e-06
-2.65757e-06
-2.94259e-06
-3.24117e-06
-3.55538e-06
-3.88662e-06
-4.23677e-06
-4.60802e-06
-5.0025e-06
-5.42225e-06
-5.86917e-06
-6.345e-06
-6.85096e-06
-7.38765e-06
-7.95483e-06
-8.52391e-06
-9.05827e-06
-9.54989e-06
-1.00003e-05
-1.04104e-05
-1.0782e-05
-1.11196e-05
-1.14286e-05
-1.17141e-05
-1.19803e-05
-1.22312e-05
-1.24704e-05
-1.27012e-05
-1.29266e-05
-1.31491e-05
-1.3371e-05
-1.35941e-05
-1.38197e-05
-1.40489e-05
-1.42819e-05
-1.4519e-05
-1.47607e-05
-1.50069e-05
-2.20013e-07
-4.60908e-07
-7.0677e-07
-9.58307e-07
-1.21644e-06
-1.48246e-06
-1.75734e-06
-2.04135e-06
-2.3356e-06
-2.64202e-06
-2.96222e-06
-3.29753e-06
-3.64944e-06
-4.01962e-06
-4.40992e-06
-4.82214e-06
-5.25815e-06
-5.71977e-06
-6.20874e-06
-6.72657e-06
-7.27442e-06
-7.85288e-06
-8.43689e-06
-8.99292e-06
-9.51228e-06
-9.99529e-06
-1.04429e-05
-1.08578e-05
-1.12434e-05
-1.16032e-05
-1.19403e-05
-1.22577e-05
-1.25585e-05
-1.28453e-05
-1.31206e-05
-1.33868e-05
-1.36459e-05
-1.38997e-05
-1.41497e-05
-1.43971e-05
-1.46426e-05
-1.48872e-05
-1.51316e-05
-1.53764e-05
-1.56214e-05
1.05839e-07
-1.46984e-07
-4.05803e-07
-6.71382e-07
-9.44692e-07
-1.22654e-06
-1.51744e-06
-1.81824e-06
-2.13018e-06
-2.45443e-06
-2.79208e-06
-3.14434e-06
-3.51258e-06
-3.89822e-06
-4.30278e-06
-4.72782e-06
-5.17498e-06
-5.64588e-06
-6.14217e-06
-6.66534e-06
-7.21672e-06
-7.79728e-06
-8.38477e-06
-8.94842e-06
-9.47997e-06
-9.98016e-06
-1.04503e-05
-1.08923e-05
-1.13084e-05
-1.17008e-05
-1.20718e-05
-1.24237e-05
-1.27585e-05
-1.30784e-05
-1.33852e-05
-1.36806e-05
-1.39664e-05
-1.42438e-05
-1.45141e-05
-1.47783e-05
-1.50373e-05
-1.52921e-05
-1.55435e-05
-1.5792e-05
-1.60376e-05
3.26566e-07
6.28676e-08
-2.0779e-07
-4.861e-07
-7.72689e-07
-1.06802e-06
-1.3729e-06
-1.68815e-06
-2.01458e-06
-2.35304e-06
-2.7045e-06
-3.07001e-06
-3.45069e-06
-3.8477e-06
-4.2623e-06
-4.69581e-06
-5.14961e-06
-5.62509e-06
-6.12368e-06
-6.64674e-06
-7.19555e-06
-7.77108e-06
-8.3535e-06
-8.91544e-06
-9.44977e-06
-9.95725e-06
-1.04389e-05
-1.08958e-05
-1.13297e-05
-1.17422e-05
-1.21348e-05
-1.25091e-05
-1.28668e-05
-1.32092e-05
-1.35379e-05
-1.38541e-05
-1.4159e-05
-1.44539e-05
-1.47397e-05
-1.50172e-05
-1.52872e-05
-1.55506e-05
-1.58083e-05
-1.60606e-05
-1.63077e-05
4.68689e-07
1.95089e-07
-8.60659e-08
-3.75555e-07
-6.73369e-07
-9.80337e-07
-1.29714e-06
-1.62428e-06
-1.9624e-06
-2.31223e-06
-2.67457e-06
-3.05025e-06
-3.44017e-06
-3.84525e-06
-4.26654e-06
-4.70508e-06
-5.16201e-06
-5.63846e-06
-6.13565e-06
-6.65469e-06
-7.19673e-06
-7.76255e-06
-8.33475e-06
-8.8895e-06
-9.42058e-06
-9.92851e-06
-1.04139e-05
-1.08777e-05
-1.1321e-05
-1.17449e-05
-1.21507e-05
-1.25393e-05
-1.29119e-05
-1.32695e-05
-1.36133e-05
-1.39441e-05
-1.42629e-05
-1.45706e-05
-1.4868e-05
-1.51559e-05
-1.54351e-05
-1.57055e-05
-1.59687e-05
-1.62247e-05
-1.6474e-05
5.55125e-07
2.7272e-07
-1.70055e-08
-3.1664e-07
-6.24288e-07
-9.41218e-07
-1.26793e-06
-1.60482e-06
-1.95243e-06
-2.31133e-06
-2.68214e-06
-3.06551e-06
-3.46212e-06
-3.87273e-06
-4.29814e-06
-4.73916e-06
-5.1967e-06
-5.67166e-06
-6.165e-06
-6.6776e-06
-7.21042e-06
-7.76406e-06
-8.32335e-06
-8.86783e-06
-9.39201e-06
-9.89612e-06
-1.03806e-05
-1.08461e-05
-1.12935e-05
-1.17233e-05
-1.21366e-05
-1.25339e-05
-1.29161e-05
-1.32838e-05
-1.36379e-05
-1.39791e-05
-1.43079e-05
-1.46251e-05
-1.49313e-05
-1.5227e-05
-1.5513e-05
-1.57901e-05
-1.60583e-05
-1.63181e-05
-1.65702e-05
6.04013e-07
3.1339e-07
1.39866e-08
-2.92108e-07
-6.07936e-07
-9.33229e-07
-1.26815e-06
-1.61305e-06
-1.96834e-06
-2.33443e-06
-2.7118e-06
-3.10092e-06
-3.50234e-06
-3.9166e-06
-4.34432e-06
-4.7861e-06
-5.24265e-06
-5.71461e-06
-6.20275e-06
-6.7077e-06
-7.23025e-06
-7.77076e-06
-8.31616e-06
-8.84901e-06
-9.36445e-06
-9.8625e-06
-1.03434e-05
-1.08077e-05
-1.12558e-05
-1.16882e-05
-1.21054e-05
-1.25078e-05
-1.2896e-05
-1.32705e-05
-1.36317e-05
-1.39801e-05
-1.43162e-05
-1.46406e-05
-1.49536e-05
-1.52557e-05
-1.55474e-05
-1.58297e-05
-1.61024e-05
-1.6366e-05
-1.66212e-05
6.29046e-07
3.31641e-07
2.57189e-08
-2.88105e-07
-6.11144e-07
-9.43486e-07
-1.28528e-06
-1.63679e-06
-1.99831e-06
-2.37014e-06
-2.75263e-06
-3.14611e-06
-3.55098e-06
-3.96762e-06
-4.39647e-06
-4.83797e-06
-5.29262e-06
-5.76085e-06
-6.24325e-06
-6.74021e-06
-7.25237e-06
-7.77986e-06
-8.31147e-06
-8.83249e-06
-9.3386e-06
-9.82964e-06
-1.03057e-05
-1.07672e-05
-1.12142e-05
-1.1647e-05
-1.2066e-05
-1.24713e-05
-1.28633e-05
-1.32422e-05
-1.36084e-05
-1.3962e-05
-1.43036e-05
-1.46334e-05
-1.49517e-05
-1.5259e-05
-1.55556e-05
-1.58422e-05
-1.61189e-05
-1.63862e-05
-1.66445e-05
6.39722e-07
3.36493e-07
2.45012e-08
-2.95707e-07
-6.24898e-07
-9.63222e-07
-1.3108e-06
-1.66781e-06
-2.03446e-06
-2.41095e-06
-2.79751e-06
-3.19437e-06
-3.60178e-06
-4.01999e-06
-4.44928e-06
-4.88994e-06
-5.34228e-06
-5.80659e-06
-6.28323e-06
-6.77243e-06
-7.27465e-06
-7.7898e-06
-8.3084e-06
-8.8181e-06
-9.31503e-06
-9.79891e-06
-1.02698e-05
-1.07276e-05
-1.11727e-05
-1.16049e-05
-1.20244e-05
-1.24312e-05
-1.28256e-05
-1.32075e-05
-1.35771e-05
-1.39347e-05
-1.42804e-05
-1.46144e-05
-1.4937e-05
-1.52484e-05
-1.55491e-05
-1.58395e-05
-1.61199e-05
-1.63905e-05
-1.66518e-05
6.42439e-07
3.33679e-07
1.66228e-08
-3.08908e-07
-6.43361e-07
-9.86811e-07
-1.33931e-06
-1.70097e-06
-2.07192e-06
-2.45228e-06
-2.84217e-06
-3.24172e-06
-3.65107e-06
-4.07035e-06
-4.49972e-06
-4.9393e-06
-5.38927e-06
-5.84976e-06
-6.32096e-06
-6.80292e-06
-7.29596e-06
-7.7998e-06
-8.30645e-06
-8.80568e-06
-9.29401e-06
-9.77105e-06
-1.02367e-05
-1.06909e-05
-1.11336e-05
-1.15646e-05
-1.1984e-05
-1.23916e-05
-1.27874e-05
-1.31714e-05
-1.35437e-05
-1.39042e-05
-1.42531e-05
-1.45905e-05
-1.49166e-05
-1.52315e-05
-1.55356e-05
-1.58292e-05
-1.61129e-05
-1.63865e-05
-1.66507e-05
6.41304e-07
3.27944e-07
6.06351e-09
-3.24019e-07
-6.63015e-07
-1.0109e-06
-1.36764e-06
-1.7333e-06
-2.10792e-06
-2.49155e-06
-2.88425e-06
-3.28603e-06
-3.69694e-06
-4.11702e-06
-4.54628e-06
-4.98475e-06
-5.43246e-06
-5.8894e-06
-6.35562e-06
-6.83102e-06
-7.31576e-06
-7.80941e-06
-8.30532e-06
-8.79508e-06
-9.27557e-06
-9.74633e-06
-1.02071e-05
-1.06578e-05
-1.10981e-05
-1.15278e-05
-1.19467e-05
-1.23546e-05
-1.27515e-05
-1.3137e-05
-1.35113e-05
-1.38741e-05
-1.42256e-05
-1.45658e-05
-1.48947e-05
-1.52126e-05
-1.55197e-05
-1.5816e-05
-1.61025e-05
-1.63789e-05
-1.66456e-05
6.38651e-07
3.21172e-07
-4.8832e-09
-3.38952e-07
-6.81913e-07
-1.03369e-06
-1.39413e-06
-1.76326e-06
-2.14107e-06
-2.52754e-06
-2.92264e-06
-3.32633e-06
-3.73856e-06
-4.15927e-06
-4.58838e-06
-5.02579e-06
-5.47144e-06
-5.92518e-06
-6.38695e-06
-6.85649e-06
-7.33384e-06
-7.81842e-06
-8.30476e-06
-8.78606e-06
-9.25954e-06
-9.72466e-06
-1.01811e-05
-1.06285e-05
-1.10666e-05
-1.14949e-05
-1.19133e-05
-1.23214e-05
-1.27189e-05
-1.31057e-05
-1.34815e-05
-1.38463e-05
-1.41999e-05
-1.45424e-05
-1.48737e-05
-1.51942e-05
-1.55037e-05
-1.58024e-05
-1.60914e-05
-1.63702e-05
-1.66393e-05
6.35748e-07
3.14451e-07
-1.50039e-08
-3.52652e-07
-6.99114e-07
-1.05433e-06
-1.41803e-06
-1.79022e-06
-2.17083e-06
-2.55979e-06
-2.95701e-06
-3.36237e-06
-3.77575e-06
-4.197e-06
-4.62595e-06
-5.06243e-06
-5.50625e-06
-5.95716e-06
-6.41497e-06
-6.87933e-06
-7.35015e-06
-7.82671e-06
-8.3046e-06
-8.77841e-06
-9.24568e-06
-9.7058e-06
-1.01583e-05
-1.06028e-05
-1.10389e-05
-1.1466e-05
-1.18838e-05
-1.2292e-05
-1.26901e-05
-1.30778e-05
-1.3455e-05
-1.38214e-05
-1.41769e-05
-1.45213e-05
-1.48548e-05
-1.51773e-05
-1.54886e-05
-1.57899e-05
-1.6081e-05
-1.6362e-05
-1.6633e-05
6.332e-07
3.08556e-07
-2.38258e-08
-3.64706e-07
-7.14291e-07
-1.07255e-06
-1.43913e-06
-1.81402e-06
-2.19711e-06
-2.58828e-06
-2.98738e-06
-3.39422e-06
-3.80863e-06
-4.23037e-06
-4.6592e-06
-5.09487e-06
-5.53708e-06
-5.9855e-06
-6.43985e-06
-6.89966e-06
-7.36473e-06
-7.83424e-06
-8.30468e-06
-8.77191e-06
-9.23373e-06
-9.68946e-06
-1.01386e-05
-1.05805e-05
-1.10148e-05
-1.14408e-05
-1.18582e-05
-1.22663e-05
-1.26649e-05
-1.30536e-05
-1.34319e-05
-1.37997e-05
-1.41567e-05
-1.45029e-05
-1.48382e-05
-1.51626e-05
-1.54757e-05
-1.5779e-05
-1.6072e-05
-1.63547e-05
-1.66275e-05
6.31242e-07
3.03726e-07
-3.1309e-08
-3.75044e-07
-7.274e-07
-1.08833e-06
-1.45746e-06
-1.83475e-06
-2.22004e-06
-2.61317e-06
-3.01393e-06
-3.4221e-06
-3.83742e-06
-4.25962e-06
-4.68837e-06
-5.12334e-06
-5.56417e-06
-6.01044e-06
-6.46176e-06
-6.9176e-06
-7.37765e-06
-7.84098e-06
-8.3049e-06
-8.76637e-06
-9.22343e-06
-9.67534e-06
-1.01215e-05
-1.05612e-05
-1.09939e-05
-1.14191e-05
-1.1836e-05
-1.22442e-05
-1.26433e-05
-1.30327e-05
-1.34121e-05
-1.37811e-05
-1.41395e-05
-1.44872e-05
-1.4824e-05
-1.51501e-05
-1.54647e-05
-1.57699e-05
-1.60644e-05
-1.63486e-05
-1.6623e-05
6.29918e-07
2.99907e-07
-3.75861e-08
-3.83821e-07
-7.38647e-07
-1.10194e-06
-1.47334e-06
-1.85276e-06
-2.24001e-06
-2.63489e-06
-3.03715e-06
-3.44652e-06
-3.86268e-06
-4.2853e-06
-4.714e-06
-5.14839e-06
-5.58803e-06
-6.03244e-06
-6.48115e-06
-6.93352e-06
-7.38917e-06
-7.84706e-06
-8.3052e-06
-8.76156e-06
-9.21445e-06
-9.66301e-06
-1.01066e-05
-1.05444e-05
-1.09758e-05
-1.14001e-05
-1.18168e-05
-1.22251e-05
-1.26246e-05
-1.30147e-05
-1.3395e-05
-1.37651e-05
-1.41248e-05
-1.44738e-05
-1.48121e-05
-1.51395e-05
-1.54556e-05
-1.57622e-05
-1.60581e-05
-1.63437e-05
-1.66194e-05
6.29154e-07
2.96802e-07
-4.29991e-08
-3.91605e-07
-7.48754e-07
-1.11427e-06
-1.48781e-06
-1.86924e-06
-2.25835e-06
-2.65489e-06
-3.05857e-06
-3.46907e-06
-3.88604e-06
-4.30908e-06
-4.73777e-06
-5.17164e-06
-5.61023e-06
-6.05293e-06
-6.49923e-06
-6.94841e-06
-7.39999e-06
-7.85283e-06
-8.30555e-06
-8.75715e-06
-9.20616e-06
-9.65163e-06
-1.00928e-05
-1.05289e-05
-1.09591e-05
-1.13828e-05
-1.17992e-05
-1.22076e-05
-1.26075e-05
-1.29983e-05
-1.33795e-05
-1.37507e-05
-1.41116e-05
-1.44619e-05
-1.48015e-05
-1.51303e-05
-1.54477e-05
-1.57556e-05
-1.60528e-05
-1.63396e-05
-1.66165e-05
6.28811e-07
2.94196e-07
-4.79475e-08
-3.98846e-07
-7.58263e-07
-1.12596e-06
-1.5016e-06
-1.88501e-06
-2.27595e-06
-2.67412e-06
-3.0792e-06
-3.49082e-06
-3.90859e-06
-4.33205e-06
-4.76074e-06
-5.1941e-06
-5.63156e-06
-6.07252e-06
-6.51639e-06
-6.96241e-06
-7.41006e-06
-7.85811e-06
-8.30591e-06
-8.75325e-06
-9.19869e-06
-9.64126e-06
-1.00802e-05
-1.05146e-05
-1.09437e-05
-1.13667e-05
-1.17828e-05
-1.21914e-05
-1.25917e-05
-1.29832e-05
-1.33653e-05
-1.37375e-05
-1.40995e-05
-1.4451e-05
-1.47918e-05
-1.51218e-05
-1.54405e-05
-1.57497e-05
-1.60481e-05
-1.63361e-05
-1.66142e-05
-1.77072e-08
-6.15771e-06
-7.31609e-06
-8.0091e-06
-8.85449e-06
-9.81424e-06
-1.08702e-05
-1.20137e-05
-1.32428e-05
-1.45617e-05
-1.59791e-05
-1.75076e-05
-1.91647e-05
-2.09751e-05
-2.2967e-05
2.06128e-06
-3.5185e-06
-5.82823e-06
-7.2376e-06
-8.4391e-06
-9.57591e-06
-1.07267e-05
-1.19254e-05
-1.31882e-05
-1.45278e-05
-1.59575e-05
-1.74928e-05
-1.91525e-05
-2.09623e-05
-2.2951e-05
3.25704e-06
-1.81066e-06
-4.70053e-06
-6.56129e-06
-8.03774e-06
-9.33775e-06
-1.05829e-05
-1.18378e-05
-1.31347e-05
-1.44952e-05
-1.59372e-05
-1.74788e-05
-1.91407e-05
-2.09494e-05
-2.29343e-05
3.58092e-06
-7.7537e-07
-3.8211e-06
-5.96263e-06
-7.65174e-06
-9.10032e-06
-1.04397e-05
-1.17522e-05
-1.30841e-05
-1.44655e-05
-1.59194e-05
-1.74669e-05
-1.91303e-05
-2.09373e-05
-2.29175e-05
3.51071e-06
-1.75781e-08
-3.01095e-06
-5.34338e-06
-7.22418e-06
-8.82541e-06
-1.02713e-05
-1.1652e-05
-1.30262e-05
-1.44328e-05
-1.59008e-05
-1.74549e-05
-1.91198e-05
-2.09245e-05
-2.28992e-05
3.34686e-06
4.35244e-07
-2.33321e-06
-4.7237e-06
-6.74795e-06
-8.49448e-06
-1.00572e-05
-1.15205e-05
-1.29488e-05
-1.43888e-05
-1.58759e-05
-1.74394e-05
-1.9107e-05
-2.09094e-05
-2.28781e-05
3.02232e-06
6.12176e-07
-1.85674e-06
-4.17778e-06
-6.26348e-06
-8.11909e-06
-9.79235e-06
-1.1346e-05
-1.28399e-05
-1.43235e-05
-1.58373e-05
-1.74151e-05
-1.90881e-05
-2.08894e-05
-2.28519e-05
2.52657e-06
5.30108e-07
-1.6208e-06
-3.77971e-06
-5.8354e-06
-7.73928e-06
-9.4933e-06
-1.11297e-05
-1.2693e-05
-1.42282e-05
-1.57766e-05
-1.73749e-05
-1.90575e-05
-2.086e-05
-2.2817e-05
1.88403e-06
2.22622e-07
-1.62751e-06
-3.57549e-06
-5.52577e-06
-7.40976e-06
-9.19722e-06
-1.08908e-05
-1.25142e-05
-1.41012e-05
-1.56885e-05
-1.73125e-05
-1.9009e-05
-2.08156e-05
-2.27683e-05
1.11808e-06
-2.73362e-07
-1.85626e-06
-3.57998e-06
-5.3767e-06
-7.18152e-06
-8.9497e-06
-1.06623e-05
-1.23232e-05
-1.39512e-05
-1.55745e-05
-1.72251e-05
-1.89379e-05
-2.07505e-05
-2.26996e-05
2.45455e-07
-9.27156e-07
-2.27963e-06
-3.78716e-06
-5.4077e-06
-7.09111e-06
-8.79252e-06
-1.04821e-05
-1.21488e-05
-1.37971e-05
-1.54448e-05
-1.71164e-05
-1.88432e-05
-2.06611e-05
-2.26051e-05
-7.24373e-07
-1.7177e-06
-2.87366e-06
-4.18291e-06
-5.62276e-06
-7.1599e-06
-8.7578e-06
-1.03852e-05
-1.20227e-05
-1.3664e-05
-1.53165e-05
-1.6996e-05
-1.87291e-05
-2.05469e-05
-2.24809e-05
-1.78747e-06
-2.63246e-06
-3.6213e-06
-4.75337e-06
-6.01888e-06
-7.39897e-06
-8.86846e-06
-1.0401e-05
-1.19757e-05
-1.35793e-05
-1.52118e-05
-1.68789e-05
-1.86041e-05
-2.04116e-05
-2.23253e-05
-2.94277e-06
-3.66431e-06
-4.51122e-06
-5.48743e-06
-6.59098e-06
-7.81357e-06
-9.1407e-06
-1.05541e-05
-1.20359e-05
-1.35711e-05
-1.51551e-05
-1.67863e-05
-1.84811e-05
-2.02605e-05
-2.21396e-05
-4.18959e-06
-4.80836e-06
-5.53516e-06
-6.3759e-06
-7.33289e-06
-8.40465e-06
-9.58489e-06
-1.08637e-05
-1.22284e-05
-1.36675e-05
-1.51718e-05
-1.67396e-05
-1.83783e-05
-2.01024e-05
-2.19267e-05
-5.52721e-06
-6.06067e-06
-6.68627e-06
-7.41039e-06
-8.23724e-06
-9.1691e-06
-1.02053e-05
-1.13423e-05
-1.25736e-05
-1.38919e-05
-1.52903e-05
-1.67635e-05
-1.83171e-05
-1.99548e-05
-2.16915e-05
-6.95467e-06
-7.41777e-06
-7.95853e-06
-8.58286e-06
-9.29554e-06
-1.01003e-05
-1.09997e-05
-1.19944e-05
-1.30834e-05
-1.42627e-05
-1.55305e-05
-1.68805e-05
-1.83132e-05
-1.98351e-05
-2.14498e-05
-8.46398e-06
-8.87002e-06
-9.3404e-06
-9.8802e-06
-1.04936e-05
-1.11846e-05
-1.19571e-05
-1.28139e-05
-1.37574e-05
-1.4787e-05
-1.59032e-05
-1.71043e-05
-1.83871e-05
-1.97625e-05
-2.12192e-05
-1.00428e-05
-1.04023e-05
-1.08139e-05
-1.12813e-05
-1.18079e-05
-1.23973e-05
-1.30531e-05
-1.37792e-05
-1.45786e-05
-1.54541e-05
-1.64065e-05
-1.74384e-05
-1.85481e-05
-1.97401e-05
-2.10134e-05
-1.16754e-05
-1.19957e-05
-1.23558e-05
-1.27587e-05
-1.3207e-05
-1.37037e-05
-1.42516e-05
-1.4854e-05
-1.55141e-05
-1.6235e-05
-1.70193e-05
-1.78694e-05
-1.87865e-05
-1.97721e-05
-2.08273e-05
-1.31737e-05
-1.34656e-05
-1.37869e-05
-1.41393e-05
-1.45245e-05
-1.49443e-05
-1.54009e-05
-1.58967e-05
-1.64342e-05
-1.70164e-05
-1.76456e-05
-1.83244e-05
-1.9055e-05
-1.98392e-05
-2.06796e-05
-1.43873e-05
-1.46624e-05
-1.49566e-05
-1.52716e-05
-1.56086e-05
-1.5969e-05
-1.63542e-05
-1.6766e-05
-1.72062e-05
-1.76771e-05
-1.81809e-05
-1.87199e-05
-1.92969e-05
-1.99141e-05
-2.05744e-05
-1.52585e-05
-1.55192e-05
-1.57924e-05
-1.60789e-05
-1.63799e-05
-1.66961e-05
-1.70287e-05
-1.73789e-05
-1.77482e-05
-1.81384e-05
-1.85513e-05
-1.89891e-05
-1.94545e-05
-1.99502e-05
-2.04795e-05
-1.58679e-05
-1.61194e-05
-1.6378e-05
-1.66446e-05
-1.69197e-05
-1.72043e-05
-1.7499e-05
-1.7805e-05
-1.81235e-05
-1.84559e-05
-1.88039e-05
-1.91696e-05
-1.95556e-05
-1.99648e-05
-2.04006e-05
-1.62818e-05
-1.65274e-05
-1.67762e-05
-1.70287e-05
-1.72856e-05
-1.75476e-05
-1.78155e-05
-1.80902e-05
-1.83728e-05
-1.86646e-05
-1.89673e-05
-1.92828e-05
-1.96136e-05
-1.99629e-05
-2.03339e-05
-1.65511e-05
-1.67934e-05
-1.70358e-05
-1.72789e-05
-1.75235e-05
-1.77701e-05
-1.80196e-05
-1.82729e-05
-1.85309e-05
-1.87951e-05
-1.9067e-05
-1.93485e-05
-1.96421e-05
-1.99509e-05
-2.0278e-05
-1.6718e-05
-1.69589e-05
-1.71978e-05
-1.74353e-05
-1.76721e-05
-1.79089e-05
-1.81464e-05
-1.83856e-05
-1.86276e-05
-1.88737e-05
-1.91253e-05
-1.93845e-05
-1.96535e-05
-1.99353e-05
-2.02328e-05
-1.68158e-05
-1.70568e-05
-1.72944e-05
-1.7529e-05
-1.77614e-05
-1.79924e-05
-1.82227e-05
-1.84532e-05
-1.86851e-05
-1.89197e-05
-1.91584e-05
-1.94031e-05
-1.96561e-05
-1.992e-05
-2.01976e-05
-1.68691e-05
-1.71113e-05
-1.73489e-05
-1.75826e-05
-1.78131e-05
-1.8041e-05
-1.82673e-05
-1.84928e-05
-1.87187e-05
-1.89462e-05
-1.91769e-05
-1.94124e-05
-1.9655e-05
-1.99071e-05
-2.0171e-05
-1.68949e-05
-1.7139e-05
-1.73777e-05
-1.76117e-05
-1.78417e-05
-1.80684e-05
-1.82928e-05
-1.85157e-05
-1.87382e-05
-1.89616e-05
-1.91875e-05
-1.94172e-05
-1.9653e-05
-1.9897e-05
-2.01515e-05
-1.6905e-05
-1.71512e-05
-1.73915e-05
-1.76265e-05
-1.78569e-05
-1.80835e-05
-1.83072e-05
-1.8529e-05
-1.87498e-05
-1.8971e-05
-1.91938e-05
-1.94199e-05
-1.96512e-05
-1.98895e-05
-2.01371e-05
-1.69064e-05
-1.71549e-05
-1.73969e-05
-1.76333e-05
-1.78646e-05
-1.80918e-05
-1.83156e-05
-1.8537e-05
-1.87571e-05
-1.8977e-05
-1.91981e-05
-1.94218e-05
-1.96499e-05
-1.9884e-05
-2.01263e-05
-1.69038e-05
-1.71544e-05
-1.73982e-05
-1.7636e-05
-1.78684e-05
-1.80964e-05
-1.83206e-05
-1.85421e-05
-1.8762e-05
-1.89812e-05
-1.92013e-05
-1.94233e-05
-1.9649e-05
-1.98799e-05
-2.01179e-05
-1.68996e-05
-1.71521e-05
-1.73976e-05
-1.76368e-05
-1.78704e-05
-1.80992e-05
-1.8324e-05
-1.85458e-05
-1.87657e-05
-1.89846e-05
-1.92038e-05
-1.94246e-05
-1.96485e-05
-1.98767e-05
-2.01111e-05
-1.68953e-05
-1.71495e-05
-1.73965e-05
-1.7637e-05
-1.78716e-05
-1.81012e-05
-1.83266e-05
-1.85488e-05
-1.87687e-05
-1.89874e-05
-1.9206e-05
-1.94258e-05
-1.96481e-05
-1.9874e-05
-2.01053e-05
-1.68915e-05
-1.71472e-05
-1.73955e-05
-1.76371e-05
-1.78726e-05
-1.81029e-05
-1.83288e-05
-1.85513e-05
-1.87713e-05
-1.89898e-05
-1.9208e-05
-1.94268e-05
-1.96477e-05
-1.98716e-05
-2.01002e-05
-1.68884e-05
-1.71454e-05
-1.73949e-05
-1.76373e-05
-1.78737e-05
-1.81046e-05
-1.83309e-05
-1.85537e-05
-1.87737e-05
-1.8992e-05
-1.92097e-05
-1.94278e-05
-1.96474e-05
-1.98695e-05
-2.00956e-05
-1.6886e-05
-1.71442e-05
-1.73946e-05
-1.76379e-05
-1.78748e-05
-1.81063e-05
-1.8333e-05
-1.85559e-05
-1.87759e-05
-1.89941e-05
-1.92113e-05
-1.94286e-05
-1.96471e-05
-1.98676e-05
-2.00914e-05
-1.68843e-05
-1.71435e-05
-1.73947e-05
-1.76388e-05
-1.78763e-05
-1.81081e-05
-1.83351e-05
-1.85581e-05
-1.87782e-05
-1.89961e-05
-1.92129e-05
-1.94294e-05
-1.96467e-05
-1.98656e-05
-2.00873e-05
-1.68831e-05
-1.71432e-05
-1.73952e-05
-1.76398e-05
-1.78778e-05
-1.811e-05
-1.83372e-05
-1.85603e-05
-1.87802e-05
-1.89979e-05
-1.92142e-05
-1.94301e-05
-1.96464e-05
-1.98638e-05
-2.00835e-05
-7.56331e-06
-7.56551e-06
-7.57533e-06
-7.59193e-06
-7.61314e-06
-7.63925e-06
-7.66984e-06
-7.70456e-06
-7.74317e-06
-7.7855e-06
-7.83144e-06
-7.88086e-06
-7.93363e-06
-7.98951e-06
-8.04819e-06
-8.10918e-06
-8.17181e-06
-8.23506e-06
-8.29748e-06
-8.35697e-06
-8.41073e-06
-8.45513e-06
-8.4832e-06
-8.48678e-06
-8.45968e-06
-8.39636e-06
-8.29191e-06
-8.14324e-06
-7.95045e-06
-7.71682e-06
-7.44415e-06
-7.13892e-06
-6.8212e-06
-6.50856e-06
-6.21879e-06
-5.96833e-06
-5.77083e-06
-5.63537e-06
-5.56362e-06
-5.54931e-06
-5.57931e-06
-5.63595e-06
-5.70027e-06
-5.75289e-06
-5.77829e-06
-7.54843e-06
-7.55118e-06
-7.5591e-06
-7.57146e-06
-7.58885e-06
-7.61014e-06
-7.63519e-06
-7.66389e-06
-7.69614e-06
-7.73184e-06
-7.77092e-06
-7.81328e-06
-7.85882e-06
-7.9074e-06
-7.9588e-06
-8.01269e-06
-8.06855e-06
-8.1256e-06
-8.18263e-06
-8.23775e-06
-8.28822e-06
-8.33007e-06
-8.35582e-06
-8.35788e-06
-8.33084e-06
-8.26982e-06
-8.17069e-06
-8.03098e-06
-7.85026e-06
-7.63031e-06
-7.37698e-06
-7.10393e-06
-6.82275e-06
-6.54624e-06
-6.28996e-06
-6.06971e-06
-5.89793e-06
-5.78067e-06
-5.71719e-06
-5.7005e-06
-5.71883e-06
-5.75813e-06
-5.8047e-06
-5.84807e-06
-5.88159e-06
-7.52034e-06
-7.52548e-06
-7.53418e-06
-7.54655e-06
-7.56259e-06
-7.58208e-06
-7.60492e-06
-7.63106e-06
-7.66049e-06
-7.6932e-06
-7.72919e-06
-7.76847e-06
-7.81106e-06
-7.85695e-06
-7.90614e-06
-7.9586e-06
-8.01427e-06
-8.07298e-06
-8.13433e-06
-8.1975e-06
-8.26098e-06
-8.32178e-06
-8.37195e-06
-8.40197e-06
-8.40441e-06
-8.37213e-06
-8.29878e-06
-8.18004e-06
-8.01443e-06
-7.80372e-06
-7.55292e-06
-7.27373e-06
-6.98066e-06
-6.68981e-06
-6.41854e-06
-6.18331e-06
-5.99715e-06
-5.86743e-06
-5.79469e-06
-5.77283e-06
-5.79061e-06
-5.83394e-06
-5.88872e-06
-5.94594e-06
-6.00465e-06
-7.48335e-06
-7.49124e-06
-7.50124e-06
-7.51386e-06
-7.52939e-06
-7.54784e-06
-7.56924e-06
-7.59367e-06
-7.62124e-06
-7.65205e-06
-7.68623e-06
-7.72394e-06
-7.76538e-06
-7.81079e-06
-7.86052e-06
-7.91505e-06
-7.97504e-06
-8.04133e-06
-8.11494e-06
-8.19687e-06
-8.28773e-06
-8.38643e-06
-8.48357e-06
-8.565e-06
-8.61891e-06
-8.634e-06
-8.59998e-06
-8.5104e-06
-8.36283e-06
-8.15931e-06
-7.90576e-06
-7.61312e-06
-7.29695e-06
-6.97532e-06
-6.66793e-06
-6.39403e-06
-6.16994e-06
-6.00652e-06
-5.90746e-06
-5.86883e-06
-5.88021e-06
-5.92666e-06
-5.99199e-06
-6.06629e-06
-6.15034e-06
-7.44156e-06
-7.45241e-06
-7.46382e-06
-7.47697e-06
-7.4925e-06
-7.51052e-06
-7.53118e-06
-7.5547e-06
-7.58132e-06
-7.61128e-06
-7.64486e-06
-7.6824e-06
-7.72433e-06
-7.77122e-06
-7.82388e-06
-7.88347e-06
-7.95162e-06
-8.03059e-06
-8.12334e-06
-8.23341e-06
-8.36444e-06
-8.51807e-06
-8.68276e-06
-8.83666e-06
-8.96124e-06
-9.03918e-06
-9.05547e-06
-9.00328e-06
-8.88005e-06
-8.68753e-06
-8.43061e-06
-8.12108e-06
-7.77424e-06
-7.40965e-06
-7.0495e-06
-6.71676e-06
-6.43268e-06
-6.21374e-06
-6.06896e-06
-5.99836e-06
-5.9931e-06
-6.03714e-06
-6.11107e-06
-6.20262e-06
-6.31286e-06
-7.3979e-06
-7.41142e-06
-7.4243e-06
-7.43819e-06
-7.45403e-06
-7.47204e-06
-7.4925e-06
-7.51576e-06
-7.54217e-06
-7.57215e-06
-7.60612e-06
-7.64464e-06
-7.68839e-06
-7.73834e-06
-7.79583e-06
-7.8628e-06
-7.94205e-06
-8.03753e-06
-8.15455e-06
-8.29976e-06
-8.48039e-06
-8.70154e-06
-8.94874e-06
-9.18934e-06
-9.39565e-06
-9.54355e-06
-9.61834e-06
-9.61171e-06
-9.51922e-06
-9.34426e-06
-9.08743e-06
-8.76127e-06
-8.38172e-06
-7.96893e-06
-7.54689e-06
-7.14228e-06
-6.78201e-06
-6.48969e-06
-6.28169e-06
-6.16385e-06
-6.13028e-06
-6.16425e-06
-6.24272e-06
-6.35029e-06
-6.48783e-06
-7.3545e-06
-7.37032e-06
-7.38454e-06
-7.3992e-06
-7.41549e-06
-7.43374e-06
-7.45431e-06
-7.47768e-06
-7.50436e-06
-7.53488e-06
-7.56986e-06
-7.61006e-06
-7.65646e-06
-7.7104e-06
-7.77379e-06
-7.84942e-06
-7.94133e-06
-8.05531e-06
-8.19926e-06
-8.38322e-06
-8.61832e-06
-8.91343e-06
-9.2504e-06
-9.583e-06
-9.87349e-06
-1.00979e-05
-1.02409e-05
-1.02869e-05
-1.02285e-05
-1.00654e-05
-9.81001e-06
-9.47133e-06
-9.06336e-06
-8.60541e-06
-8.12207e-06
-7.6427e-06
-7.19946e-06
-6.82349e-06
-6.53975e-06
-6.36176e-06
-6.28838e-06
-6.30348e-06
-6.38082e-06
-6.5018e-06
-6.66679e-06
-7.31284e-06
-7.33055e-06
-7.34593e-06
-7.36131e-06
-7.37808e-06
-7.39664e-06
-7.41746e-06
-7.44112e-06
-7.46826e-06
-7.49956e-06
-7.53581e-06
-7.57796e-06
-7.62728e-06
-7.68548e-06
-7.75506e-06
-7.83961e-06
-7.94442e-06
-8.07712e-06
-8.2483e-06
-8.4715e-06
-8.76175e-06
-9.13181e-06
-9.55984e-06
-9.98572e-06
-1.03627e-05
-1.06615e-05
-1.08601e-05
-1.09461e-05
-1.09164e-05
-1.0773e-05
-1.05242e-05
-1.01791e-05
-9.75041e-06
-9.25614e-06
-8.72015e-06
-8.17291e-06
-7.65028e-06
-7.18995e-06
-6.82559e-06
-6.5795e-06
-6.45717e-06
-6.44497e-06
-6.51479e-06
-6.64536e-06
-6.83647e-06
-7.27383e-06
-7.29308e-06
-7.30943e-06
-7.32544e-06
-7.34264e-06
-7.3615e-06
-7.38255e-06
-7.4065e-06
-7.43408e-06
-7.46612e-06
-7.50356e-06
-7.54756e-06
-7.59963e-06
-7.66186e-06
-7.73725e-06
-7.83017e-06
-7.94709e-06
-8.09737e-06
-8.29423e-06
-8.55477e-06
-8.89754e-06
-9.33873e-06
-9.85326e-06
-1.0366e-05
-1.08202e-05
-1.11813e-05
-1.14267e-05
-1.15466e-05
-1.15406e-05
-1.14121e-05
-1.11693e-05
-1.08208e-05
-1.03785e-05
-9.85822e-06
-9.28219e-06
-8.68029e-06
-8.08992e-06
-7.55332e-06
-7.11171e-06
-6.79612e-06
-6.61993e-06
-6.57397e-06
-6.63019e-06
-6.76574e-06
-6.98002e-06
-7.23795e-06
-7.2585e-06
-7.27565e-06
-7.29218e-06
-7.30973e-06
-7.32878e-06
-7.34995e-06
-7.37402e-06
-7.40184e-06
-7.43436e-06
-7.47267e-06
-7.51811e-06
-7.57243e-06
-7.63804e-06
-7.7184e-06
-7.81861e-06
-7.94616e-06
-8.11202e-06
-8.33185e-06
-8.6264e-06
-9.01685e-06
-9.52236e-06
-1.01151e-05
-1.07046e-05
-1.12237e-05
-1.16347e-05
-1.19156e-05
-1.20591e-05
-1.20673e-05
-1.19464e-05
-1.17053e-05
-1.13533e-05
-1.0901e-05
-1.03629e-05
-9.7588e-06
-9.11689e-06
-8.47408e-06
-7.87466e-06
-7.36566e-06
-6.98526e-06
-6.75505e-06
-6.67186e-06
-6.70961e-06
-6.84539e-06
-7.07874e-06
-7.20549e-06
-7.22719e-06
-7.24502e-06
-7.26198e-06
-7.27975e-06
-7.29883e-06
-7.31989e-06
-7.3438e-06
-7.37151e-06
-7.40407e-06
-7.44273e-06
-7.48898e-06
-7.54479e-06
-7.61288e-06
-7.69711e-06
-7.80319e-06
-7.93957e-06
-8.11859e-06
-8.35805e-06
-8.6824e-06
-9.1143e-06
-9.67765e-06
-1.03381e-05
-1.09929e-05
-1.15643e-05
-1.20125e-05
-1.23165e-05
-1.2472e-05
-1.24839e-05
-1.23618e-05
-1.2116e-05
-1.17566e-05
-1.12944e-05
-1.07423e-05
-1.01184e-05
-9.4484e-06
-8.76737e-06
-8.11943e-06
-7.55629e-06
-7.11969e-06
-6.83901e-06
-6.71803e-06
-6.73419e-06
-6.86589e-06
-7.11369e-06
-7.17657e-06
-7.19938e-06
-7.21784e-06
-7.23513e-06
-7.25298e-06
-7.27189e-06
-7.29256e-06
-7.31593e-06
-7.34304e-06
-7.37508e-06
-7.41341e-06
-7.45969e-06
-7.5161e-06
-7.5856e-06
-7.67245e-06
-7.78289e-06
-7.9262e-06
-8.11596e-06
-8.3716e-06
-8.7205e-06
-9.18854e-06
-9.80327e-06
-1.05217e-05
-1.12299e-05
-1.18416e-05
-1.23152e-05
-1.26311e-05
-1.27878e-05
-1.27937e-05
-1.26613e-05
-1.24031e-05
-1.20305e-05
-1.15547e-05
-1.09883e-05
-1.03479e-05
-9.65696e-06
-8.94778e-06
-8.26244e-06
-7.6583e-06
-7.17526e-06
-6.84945e-06
-6.69218e-06
-6.68524e-06
-6.80939e-06
-7.0672e-06
-7.15131e-06
-7.17531e-06
-7.19437e-06
-7.21192e-06
-7.22969e-06
-7.24818e-06
-7.26811e-06
-7.29048e-06
-7.31645e-06
-7.3473e-06
-7.38452e-06
-7.42995e-06
-7.48596e-06
-7.55577e-06
-7.64398e-06
-7.75731e-06
-7.90576e-06
-8.10406e-06
-8.37302e-06
-8.74088e-06
-9.2419e-06
-9.90028e-06
-1.0668e-05
-1.14192e-05
-1.2061e-05
-1.25501e-05
-1.28684e-05
-1.30174e-05
-1.30088e-05
-1.28578e-05
-1.25793e-05
-1.21865e-05
-1.16915e-05
-1.1107e-05
-1.04488e-05
-9.73894e-06
-9.00714e-06
-8.29131e-06
-7.65213e-06
-7.13227e-06
-6.76717e-06
-6.57615e-06
-6.5458e-06
-6.65982e-06
-6.92384e-06
-7.12989e-06
-7.1552e-06
-7.1749e-06
-7.19263e-06
-7.21017e-06
-7.22795e-06
-7.24673e-06
-7.2676e-06
-7.29178e-06
-7.32069e-06
-7.35598e-06
-7.39963e-06
-7.45423e-06
-7.52324e-06
-7.61159e-06
-7.72645e-06
-7.87849e-06
-8.08341e-06
-8.36344e-06
-8.74781e-06
-9.27658e-06
-9.97122e-06
-1.07809e-05
-1.15672e-05
-1.22308e-05
-1.27276e-05
-1.3041e-05
-1.31752e-05
-1.3145e-05
-1.29684e-05
-1.26624e-05
-1.2242e-05
-1.17206e-05
-1.11117e-05
-1.04309e-05
-9.69901e-06
-8.94466e-06
-8.20386e-06
-7.52926e-06
-6.97621e-06
-6.57732e-06
-6.35531e-06
-6.30175e-06
-6.40372e-06
-6.671e-06
-7.11253e-06
-7.13937e-06
-7.15976e-06
-7.17761e-06
-7.19473e-06
-7.21149e-06
-7.22867e-06
-7.24745e-06
-7.26915e-06
-7.29534e-06
-7.3278e-06
-7.36874e-06
-7.42091e-06
-7.48808e-06
-7.57545e-06
-7.69067e-06
-7.84497e-06
-8.05498e-06
-8.34435e-06
-8.74395e-06
-9.29467e-06
-1.00205e-05
-1.08663e-05
-1.16813e-05
-1.23603e-05
-1.28588e-05
-1.31618e-05
-1.32759e-05
-1.32186e-05
-1.30104e-05
-1.26704e-05
-1.22151e-05
-1.16595e-05
-1.10183e-05
-1.03073e-05
-9.54705e-06
-8.76507e-06
-7.99744e-06
-7.28791e-06
-6.70155e-06
-6.27096e-06
-6.0191e-06
-5.94222e-06
-6.03044e-06
-6.29882e-06
-7.09958e-06
-7.1282e-06
-7.14937e-06
-7.16727e-06
-7.18374e-06
-7.19911e-06
-7.21419e-06
-7.23023e-06
-7.2487e-06
-7.27133e-06
-7.30009e-06
-7.33736e-06
-7.38616e-06
-7.4505e-06
-7.53593e-06
-7.6505e-06
-7.80602e-06
-8.01992e-06
-8.31712e-06
-8.73007e-06
-9.29985e-06
-1.00532e-05
-1.09304e-05
-1.1769e-05
-1.24584e-05
-1.29543e-05
-1.32428e-05
-1.3333e-05
-1.32443e-05
-1.29994e-05
-1.26192e-05
-1.21221e-05
-1.15246e-05
-1.08423e-05
-1.0092e-05
-9.29453e-06
-8.47585e-06
-7.67422e-06
-6.9301e-06
-6.3061e-06
-5.84191e-06
-5.55991e-06
-5.45925e-06
-5.53208e-06
-5.80007e-06
-7.0915e-06
-7.12219e-06
-7.14422e-06
-7.16208e-06
-7.17765e-06
-7.19119e-06
-7.20357e-06
-7.21616e-06
-7.23059e-06
-7.24879e-06
-7.27294e-06
-7.30566e-06
-7.35019e-06
-7.41085e-06
-7.4935e-06
-7.60662e-06
-7.76257e-06
-7.97951e-06
-8.28344e-06
-8.70819e-06
-9.29545e-06
-1.00739e-05
-1.09787e-05
-1.18361e-05
-1.25329e-05
-1.30231e-05
-1.32944e-05
-1.33575e-05
-1.32341e-05
-1.29482e-05
-1.25226e-05
-1.19771e-05
-1.13295e-05
-1.05968e-05
-9.79689e-06
-8.95101e-06
-8.08669e-06
-7.2409e-06
-6.45724e-06
-5.7901e-06
-5.28759e-06
-4.97316e-06
-4.84768e-06
-4.90312e-06
-5.16998e-06
-7.08885e-06
-7.12193e-06
-7.14491e-06
-7.1626e-06
-7.17692e-06
-7.18812e-06
-7.19711e-06
-7.20543e-06
-7.21495e-06
-7.22781e-06
-7.24647e-06
-7.27376e-06
-7.31324e-06
-7.36948e-06
-7.44869e-06
-7.55976e-06
-7.71558e-06
-7.935e-06
-8.24499e-06
-8.68058e-06
-9.28416e-06
-1.00855e-05
-1.1015e-05
-1.18889e-05
-1.25903e-05
-1.30727e-05
-1.33246e-05
-1.33585e-05
-1.31975e-05
-1.2867e-05
-1.2391e-05
-1.17908e-05
-1.10853e-05
-1.02928e-05
-9.43256e-06
-8.52707e-06
-7.60504e-06
-6.70391e-06
-5.87007e-06
-5.15583e-06
-4.60938e-06
-4.25707e-06
-4.10485e-06
-4.13944e-06
-4.40611e-06
-7.09231e-06
-7.12812e-06
-7.15213e-06
-7.16944e-06
-7.1821e-06
-7.19029e-06
-7.19508e-06
-7.19822e-06
-7.20185e-06
-7.20843e-06
-7.22071e-06
-7.2418e-06
-7.2755e-06
-7.32674e-06
-7.40203e-06
-7.51063e-06
-7.66599e-06
-7.88758e-06
-8.20324e-06
-8.64915e-06
-9.26823e-06
-1.0091e-05
-1.10432e-05
-1.19317e-05
-1.26358e-05
-1.31087e-05
-1.33398e-05
-1.33427e-05
-1.31417e-05
-1.27634e-05
-1.22325e-05
-1.15714e-05
-1.08003e-05
-9.93871e-06
-9.00735e-06
-8.03043e-06
-7.03837e-06
-6.07018e-06
-5.17398e-06
-4.40323e-06
-3.80808e-06
-3.41321e-06
-3.23065e-06
-3.23903e-06
-3.50658e-06
-7.10267e-06
-7.1416e-06
-7.16667e-06
-7.18332e-06
-7.19373e-06
-7.19811e-06
-7.19771e-06
-7.1946e-06
-7.19129e-06
-7.1906e-06
-7.19567e-06
-7.20981e-06
-7.23715e-06
-7.28296e-06
-7.35399e-06
-7.45991e-06
-7.61466e-06
-7.83829e-06
-8.15952e-06
-8.61542e-06
-9.2495e-06
-1.00928e-05
-1.1066e-05
-1.19676e-05
-1.2673e-05
-1.31353e-05
-1.33444e-05
-1.33149e-05
-1.30719e-05
-1.26427e-05
-1.20527e-05
-1.13251e-05
-1.0481e-05
-9.54121e-06
-8.52807e-06
-7.46783e-06
-6.39311e-06
-5.34523e-06
-4.3745e-06
-3.53693e-06
-2.88557e-06
-2.44244e-06
-2.2227e-06
-2.20988e-06
-2.46562e-06
-7.12088e-06
-7.16333e-06
-7.18945e-06
-7.20501e-06
-7.21241e-06
-7.21196e-06
-7.20518e-06
-7.19459e-06
-7.18316e-06
-7.17418e-06
-7.17118e-06
-7.17777e-06
-7.19827e-06
-7.23834e-06
-7.30498e-06
-7.40816e-06
-7.5623e-06
-7.78809e-06
-8.11487e-06
-8.58067e-06
-9.22946e-06
-1.00924e-05
-1.10856e-05
-1.1999e-05
-1.27047e-05
-1.31554e-05
-1.33415e-05
-1.32784e-05
-1.29916e-05
-1.25087e-05
-1.18558e-05
-1.10564e-05
-1.01323e-05
-9.10566e-06
-8.00053e-06
-6.84539e-06
-5.67554e-06
-4.53522e-06
-3.47773e-06
-2.56223e-06
-1.84481e-06
-1.34884e-06
-1.08654e-06
-1.04999e-06
-1.28589e-06
-7.14805e-06
-7.19444e-06
-7.2215e-06
-7.23535e-06
-7.23875e-06
-7.23215e-06
-7.21756e-06
-7.19809e-06
-7.17727e-06
-7.15897e-06
-7.14703e-06
-7.14546e-06
-7.15889e-06
-7.19308e-06
-7.25531e-06
-7.35587e-06
-7.50958e-06
-7.7377e-06
-8.07017e-06
-8.54587e-06
-9.20917e-06
-1.00912e-05
-1.11034e-05
-1.20275e-05
-1.27326e-05
-1.31709e-05
-1.33332e-05
-1.32353e-05
-1.2903e-05
-1.2364e-05
-1.16446e-05
-1.07685e-05
-9.75814e-06
-8.63674e-06
-7.43011e-06
-6.16916e-06
-4.89219e-06
-3.64692e-06
-2.49036e-06
-1.4853e-06
-6.92356e-07
-1.38368e-07
1.69797e-07
2.31275e-07
3.09346e-08
-7.18549e-06
-7.23628e-06
-7.26402e-06
-7.27529e-06
-7.27333e-06
-7.25897e-06
-7.23486e-06
-7.20486e-06
-7.17331e-06
-7.14458e-06
-7.12293e-06
-7.11276e-06
-7.11893e-06
-7.14723e-06
-7.20522e-06
-7.30342e-06
-7.45699e-06
-7.68772e-06
-8.02609e-06
-8.51178e-06
-9.18943e-06
-1.009e-05
-1.11202e-05
-1.20541e-05
-1.27577e-05
-1.31828e-05
-1.33205e-05
-1.31868e-05
-1.28075e-05
-1.22103e-05
-1.14213e-05
-1.04642e-05
-9.36204e-06
-8.13886e-06
-6.82222e-06
-5.4455e-06
-4.05025e-06
-2.68801e-06
-1.42e-06
-3.13296e-07
5.64191e-07
1.18387e-06
1.5442e-06
1.6363e-06
1.4706e-06
-7.2348e-06
-7.29044e-06
-7.31838e-06
-7.32582e-06
-7.31674e-06
-7.29257e-06
-7.2569e-06
-7.21456e-06
-7.17082e-06
-7.13055e-06
-7.09855e-06
-7.07947e-06
-7.07828e-06
-7.10085e-06
-7.15489e-06
-7.2511e-06
-7.40492e-06
-7.63861e-06
-7.98316e-06
-8.47891e-06
-9.17075e-06
-1.00893e-05
-1.11366e-05
-1.20794e-05
-1.27807e-05
-1.31918e-05
-1.33042e-05
-1.31337e-05
-1.27061e-05
-1.20489e-05
-1.11876e-05
-1.0146e-05
-8.94734e-06
-7.61651e-06
-6.18263e-06
-4.68151e-06
-3.15795e-06
-1.66752e-06
-2.76019e-07
9.44503e-07
1.91739e-06
2.61147e-06
3.03499e-06
3.16822e-06
3.03525e-06
-7.29792e-06
-7.35881e-06
-7.38615e-06
-7.38801e-06
-7.36951e-06
-7.33303e-06
-7.28338e-06
-7.22674e-06
-7.16926e-06
-7.11644e-06
-7.07352e-06
-7.04532e-06
-7.03682e-06
-7.05395e-06
-7.10445e-06
-7.19913e-06
-7.35366e-06
-7.59072e-06
-7.94174e-06
-8.44765e-06
-9.15349e-06
-1.00894e-05
-1.11529e-05
-1.21035e-05
-1.28016e-05
-1.31981e-05
-1.32843e-05
-1.30764e-05
-1.25994e-05
-1.18805e-05
-1.0945e-05
-9.81618e-06
-8.5175e-06
-7.07449e-06
-5.51769e-06
-3.88514e-06
-2.22475e-06
-5.96112e-07
9.3019e-07
2.27662e-06
3.35785e-06
4.13332e-06
4.62676e-06
4.81143e-06
4.72323e-06
-7.37729e-06
-7.44368e-06
-7.46911e-06
-7.46296e-06
-7.43206e-06
-7.3802e-06
-7.31389e-06
-7.24084e-06
-7.16803e-06
-7.10174e-06
-7.04748e-06
-7.01007e-06
-6.99449e-06
-7.00656e-06
-7.054e-06
-7.14769e-06
-7.30344e-06
-7.54431e-06
-7.90208e-06
-8.4182e-06
-9.1378e-06
-1.00905e-05
-1.11691e-05
-1.21266e-05
-1.28206e-05
-1.32016e-05
-1.32611e-05
-1.30149e-05
-1.24878e-05
-1.17062e-05
-1.0695e-05
-9.47716e-06
-8.07613e-06
-6.51797e-06
-4.83436e-06
-3.06528e-06
-1.26143e-06
5.13853e-07
2.18495e-06
3.66823e-06
4.87305e-06
5.74139e-06
6.3084e-06
6.55144e-06
6.51736e-06
-7.47594e-06
-7.54781e-06
-7.56927e-06
-7.55178e-06
-7.50467e-06
-7.43379e-06
-7.34788e-06
-7.2561e-06
-7.16651e-06
-7.08599e-06
-7.02008e-06
-6.97357e-06
-6.95123e-06
-6.95873e-06
-7.00368e-06
-7.09694e-06
-7.25443e-06
-7.49954e-06
-7.86434e-06
-8.3907e-06
-9.12378e-06
-1.00925e-05
-1.11852e-05
-1.21485e-05
-1.28376e-05
-1.32024e-05
-1.32346e-05
-1.29496e-05
-1.23717e-05
-1.15268e-05
-1.04392e-05
-9.13148e-06
-7.62708e-06
-5.95243e-06
-4.14011e-06
-2.23161e-06
-2.7989e-07
1.64848e-06
3.47288e-06
5.10257e-06
6.44493e-06
7.42713e-06
8.07088e-06
8.38357e-06
8.4119e-06
-7.59769e-06
-7.67451e-06
-7.68888e-06
-7.65548e-06
-7.58738e-06
-7.4933e-06
-7.38449e-06
-7.27174e-06
-7.1641e-06
-7.06873e-06
-6.99111e-06
-6.93574e-06
-6.90709e-06
-6.91057e-06
-6.95363e-06
-7.04706e-06
-7.2068e-06
-7.45655e-06
-7.82861e-06
-8.36519e-06
-9.1114e-06
-1.00954e-05
-1.1201e-05
-1.21692e-05
-1.28524e-05
-1.32003e-05
-1.32047e-05
-1.28805e-05
-1.22517e-05
-1.13433e-05
-1.01792e-05
-8.78178e-06
-7.17433e-06
-5.3836e-06
-3.44281e-06
-1.39443e-06
7.07037e-07
2.79262e-06
4.77755e-06
6.56435e-06
8.05444e-06
9.1694e-06
9.9024e-06
1.0296e-05
1.03982e-05
-7.74751e-06
-7.82779e-06
-7.8303e-06
-7.7749e-06
-7.67992e-06
-7.55786e-06
-7.42272e-06
-7.28693e-06
-7.1602e-06
-7.04966e-06
-6.96044e-06
-6.89662e-06
-6.86221e-06
-6.86228e-06
-6.90405e-06
-6.99821e-06
-7.16069e-06
-7.41543e-06
-7.79494e-06
-8.34165e-06
-9.1006e-06
-1.00991e-05
-1.12165e-05
-1.21884e-05
-1.28649e-05
-1.31954e-05
-1.31714e-05
-1.2808e-05
-1.21282e-05
-1.11567e-05
-9.91678e-06
-8.43076e-06
-6.72192e-06
-4.81727e-06
-2.7504e-06
-5.64277e-07
1.68592e-06
3.92996e-06
6.08031e-06
8.03392e-06
9.68442e-06
1.09453e-05
1.17867e-05
1.22742e-05
1.24668e-05
-7.93188e-06
-8.01241e-06
-7.996e-06
-7.91051e-06
-7.78153e-06
-7.62629e-06
-7.46145e-06
-7.30085e-06
-7.15432e-06
-7.02856e-06
-6.9281e-06
-6.85637e-06
-6.81682e-06
-6.8141e-06
-6.85519e-06
-6.95059e-06
-7.11623e-06
-7.37627e-06
-7.76333e-06
-8.32006e-06
-9.09129e-06
-1.01034e-05
-1.12316e-05
-1.22061e-05
-1.28751e-05
-1.31875e-05
-1.3135e-05
-1.27323e-05
-1.20019e-05
-1.0968e-05
-9.65369e-06
-8.08113e-06
-6.27381e-06
-4.25905e-06
-2.07066e-06
2.48396e-07
2.64316e-06
5.04349e-06
7.3608e-06
9.48807e-06
1.13105e-05
1.2732e-05
1.37068e-05
1.43037e-05
1.46082e-05
-8.15954e-06
-8.23397e-06
-8.18825e-06
-8.06233e-06
-7.89091e-06
-7.69703e-06
-7.49946e-06
-7.31269e-06
-7.14606e-06
-7.00538e-06
-6.89425e-06
-6.81527e-06
-6.77123e-06
-6.76635e-06
-6.8073e-06
-6.90442e-06
-7.07357e-06
-7.33911e-06
-7.73379e-06
-8.30033e-06
-9.08336e-06
-1.01082e-05
-1.1246e-05
-1.22222e-05
-1.28829e-05
-1.31768e-05
-1.30957e-05
-1.26539e-05
-1.18735e-05
-1.07785e-05
-9.39169e-06
-7.73548e-06
-5.83376e-06
-3.71424e-06
-1.41091e-06
1.03364e-06
3.56549e-06
6.11605e-06
8.59773e-06
1.09019e-05
1.29065e-05
1.45039e-05
1.56371e-05
1.6367e-05
1.68143e-05
-8.44247e-06
-8.49881e-06
-8.40858e-06
-8.22896e-06
-8.00644e-06
-7.76829e-06
-7.53544e-06
-7.32175e-06
-7.13522e-06
-6.98024e-06
-6.85917e-06
-6.77368e-06
-6.72583e-06
-6.71937e-06
-6.76067e-06
-6.85991e-06
-7.03284e-06
-7.30403e-06
-7.70629e-06
-8.2824e-06
-9.07669e-06
-1.01134e-05
-1.12597e-05
-1.22366e-05
-1.28883e-05
-1.31633e-05
-1.30536e-05
-1.25732e-05
-1.17439e-05
-1.05893e-05
-9.13246e-06
-7.39624e-06
-5.40517e-06
-3.18758e-06
-7.7771e-07
1.7824e-06
4.44055e-06
7.13101e-06
9.76946e-06
1.22488e-05
1.44428e-05
1.62332e-05
1.75463e-05
1.84413e-05
1.90767e-05
-8.79764e-06
-8.81393e-06
-8.65766e-06
-8.40891e-06
-8.12494e-06
-7.83788e-06
-7.56812e-06
-7.3275e-06
-7.12177e-06
-6.9534e-06
-6.82329e-06
-6.73207e-06
-6.68106e-06
-6.67354e-06
-6.71562e-06
-6.81728e-06
-6.99418e-06
-7.27107e-06
-7.68082e-06
-8.26618e-06
-9.07115e-06
-1.01188e-05
-1.12725e-05
-1.22492e-05
-1.28914e-05
-1.31473e-05
-1.30091e-05
-1.24907e-05
-1.16136e-05
-1.04014e-05
-8.87755e-06
-7.06558e-06
-4.99101e-06
-2.68313e-06
-1.76652e-07
2.48691e-06
5.25739e-06
8.07299e-06
1.08548e-05
1.3501e-05
1.58854e-05
1.7883e-05
1.93998e-05
2.04976e-05
2.13892e-05
-9.24917e-06
-9.18638e-06
-8.93354e-06
-8.59834e-06
-8.24309e-06
-7.90356e-06
-7.59639e-06
-7.32966e-06
-7.10593e-06
-6.92531e-06
-6.78714e-06
-6.69095e-06
-6.63738e-06
-6.62924e-06
-6.67243e-06
-6.77673e-06
-6.95769e-06
-7.24026e-06
-7.65733e-06
-8.25157e-06
-9.06664e-06
-1.01244e-05
-1.12845e-05
-1.22602e-05
-1.28922e-05
-1.31289e-05
-1.29626e-05
-1.2407e-05
-1.14835e-05
-1.0216e-05
-8.62839e-06
-6.74535e-06
-4.59374e-06
-2.20416e-06
3.87833e-07
3.14095e-06
6.00703e-06
8.9287e-06
1.18342e-05
1.46303e-05
1.7197e-05
1.94092e-05
2.11528e-05
2.24976e-05
2.37483e-05
-9.83057e-06
-9.61727e-06
-9.23437e-06
-8.79151e-06
-8.35672e-06
-7.96309e-06
-7.61942e-06
-7.32821e-06
-7.08808e-06
-6.89653e-06
-6.75128e-06
-6.65086e-06
-6.59523e-06
-6.58683e-06
-6.63136e-06
-6.73843e-06
-6.92348e-06
-7.21163e-06
-7.63578e-06
-8.2385e-06
-9.06303e-06
-1.013e-05
-1.12956e-05
-1.22695e-05
-1.28911e-05
-1.31085e-05
-1.29145e-05
-1.23226e-05
-1.13544e-05
-1.0034e-05
-8.38624e-06
-6.43719e-06
-4.21541e-06
-1.75326e-06
9.12362e-07
3.73986e-06
6.68255e-06
9.68732e-06
1.26902e-05
1.56098e-05
1.83376e-05
2.0759e-05
2.27448e-05
2.43841e-05
2.61484e-05
-1.05877e-05
-1.01027e-05
-9.54765e-06
-8.98069e-06
-8.46112e-06
-8.01434e-06
-7.63666e-06
-7.32338e-06
-7.06876e-06
-6.86767e-06
-6.71629e-06
-6.61228e-06
-6.55502e-06
-6.54663e-06
-6.59265e-06
-6.70253e-06
-6.89161e-06
-7.18517e-06
-7.61613e-06
-8.22689e-06
-9.06026e-06
-1.01357e-05
-1.13057e-05
-1.22771e-05
-1.28879e-05
-1.30862e-05
-1.2865e-05
-1.22381e-05
-1.12269e-05
-9.85633e-06
-8.15231e-06
-6.14258e-06
-3.85781e-06
-1.3326e-06
1.39426e-06
4.28008e-06
7.27876e-06
1.03404e-05
1.34085e-05
1.64142e-05
1.92658e-05
2.18707e-05
2.40939e-05
2.60654e-05
2.85639e-05
-1.15645e-05
-1.06316e-05
-9.85687e-06
-9.15592e-06
-8.55139e-06
-8.05556e-06
-7.64793e-06
-7.31563e-06
-7.04861e-06
-6.83934e-06
-6.68272e-06
-6.57565e-06
-6.51709e-06
-6.50886e-06
-6.55644e-06
-6.66912e-06
-6.86211e-06
-7.16088e-06
-7.59833e-06
-8.21666e-06
-9.05824e-06
-1.01412e-05
-1.13149e-05
-1.22832e-05
-1.28829e-05
-1.30621e-05
-1.28145e-05
-1.21536e-05
-1.11014e-05
-9.68348e-06
-7.92715e-06
-5.86217e-06
-3.52168e-06
-9.42991e-07
1.83253e-06
4.76024e-06
7.79329e-06
1.08833e-05
1.39787e-05
1.70223e-05
1.99408e-05
2.26742e-05
2.50942e-05
2.74079e-05
3.09453e-05
-1.28529e-05
-1.11876e-05
-1.01389e-05
-9.30651e-06
-8.62433e-06
-8.08679e-06
-7.65446e-06
-7.30639e-06
-7.0289e-06
-6.81257e-06
-6.65132e-06
-6.54153e-06
-6.48179e-06
-6.47375e-06
-6.5228e-06
-6.63813e-06
-6.83482e-06
-7.13851e-06
-7.58208e-06
-8.20753e-06
-9.05675e-06
-1.01466e-05
-1.13233e-05
-1.2288e-05
-1.28765e-05
-1.30369e-05
-1.27632e-05
-1.20694e-05
-1.09777e-05
-9.51473e-06
-7.70939e-06
-5.59376e-06
-3.20386e-06
-5.80185e-07
2.23263e-06
5.18695e-06
8.23358e-06
1.13231e-05
1.44055e-05
1.74296e-05
2.03369e-05
2.31016e-05
2.56184e-05
2.82556e-05
3.33028e-05
-1.45603e-05
-1.1735e-05
-1.036e-05
-9.42251e-06
-8.68121e-06
-8.1119e-06
-7.66022e-06
-7.29899e-06
-7.01223e-06
-6.78932e-06
-6.62352e-06
-6.5109e-06
-6.44978e-06
-6.44166e-06
-6.49192e-06
-6.60959e-06
-6.80962e-06
-7.1178e-06
-7.56701e-06
-8.19903e-06
-9.05538e-06
-1.01517e-05
-1.13313e-05
-1.22926e-05
-1.28703e-05
-1.30123e-05
-1.27131e-05
-1.19872e-05
-1.08571e-05
-9.3505e-06
-7.49827e-06
-5.33499e-06
-2.89983e-06
-2.36924e-07
2.60517e-06
5.57481e-06
8.61884e-06
1.16841e-05
1.4717e-05
1.76641e-05
2.04669e-05
2.31095e-05
2.5506e-05
2.83219e-05
3.54184e-05
-1.59904e-05
-1.2066e-05
-1.04588e-05
-9.48392e-06
-8.71701e-06
-8.12887e-06
-7.66368e-06
-7.29211e-06
-6.99745e-06
-6.76865e-06
-6.59868e-06
-6.48342e-06
-6.42103e-06
-6.41289e-06
-6.46435e-06
-6.58429e-06
-6.78752e-06
-7.09991e-06
-7.55433e-06
-8.19226e-06
-9.05483e-06
-1.01566e-05
-1.13384e-05
-1.22963e-05
-1.28639e-05
-1.29893e-05
-1.26672e-05
-1.19125e-05
-1.07483e-05
-9.20328e-06
-7.31025e-06
-5.1063e-06
-2.63381e-06
5.9384e-08
2.92057e-06
5.89356e-06
8.92007e-06
1.19408e-05
1.48945e-05
1.77149e-05
2.03216e-05
2.2647e-05
2.45234e-05
2.66712e-05
3.37522e-05
)
;

boundaryField
{
    inlet
    {
        type            uniformJump;
        patchType       cyclic;
        jump            uniform -2.5e-05;
        value           nonuniform List<scalar> 
40
(
1.01652e-06
1.0348e-06
1.05424e-06
1.07405e-06
1.09585e-06
1.12108e-06
1.15181e-06
1.19152e-06
1.24532e-06
1.31952e-06
1.42055e-06
1.55377e-06
1.7227e-06
1.92863e-06
2.17075e-06
2.44664e-06
2.74704e-06
3.05716e-06
3.35873e-06
3.64731e-06
3.89857e-06
4.09202e-06
4.25156e-06
4.37678e-06
4.47567e-06
4.5536e-06
4.61379e-06
4.65921e-06
4.69283e-06
4.71749e-06
4.7357e-06
4.74947e-06
4.7603e-06
4.7692e-06
4.77683e-06
4.78357e-06
4.7896e-06
4.79513e-06
4.80051e-06
4.80553e-06
)
;
        jumpTable       table;
        jumpTableCoeffs
        {
            values          
4
(
(0 -2.5e-05)
(25 -2.5e-05)
(25.5 -0.0001)
(26 -2.5e-05)
)
;
        }
    }
    outlet
    {
        type            uniformJump;
        patchType       cyclic;
        value           nonuniform List<scalar> 
40
(
-2.39835e-05
-2.39652e-05
-2.39458e-05
-2.39259e-05
-2.39042e-05
-2.38789e-05
-2.38482e-05
-2.38085e-05
-2.37547e-05
-2.36805e-05
-2.35794e-05
-2.34462e-05
-2.32773e-05
-2.30714e-05
-2.28293e-05
-2.25534e-05
-2.2253e-05
-2.19428e-05
-2.16413e-05
-2.13527e-05
-2.11014e-05
-2.0908e-05
-2.07484e-05
-2.06232e-05
-2.05243e-05
-2.04464e-05
-2.03862e-05
-2.03408e-05
-2.03072e-05
-2.02825e-05
-2.02643e-05
-2.02505e-05
-2.02397e-05
-2.02308e-05
-2.02232e-05
-2.02164e-05
-2.02104e-05
-2.02049e-05
-2.01995e-05
-2.01945e-05
)
;
    }
    Walls
    {
        type            zeroGradient;
    }
    back
    {
        type            empty;
    }
    front
    {
        type            empty;
    }
}


// ************************************************************************* //
