/*--------------------------------*- C++ -*----------------------------------*\
| =========                 |                                                 |
| \\      /  F ield         | OpenFOAM: The Open Source CFD Toolbox           |
|  \\    /   O peration     | Version:  2312                                  |
|   \\  /    A nd           | Website:  www.openfoam.com                      |
|    \\/     M anipulation  |                                                 |
\*---------------------------------------------------------------------------*/
FoamFile
{
    version     2.0;
    format      ascii;
    arch        "LSB;label=32;scalar=64";
    class       volScalarField;
    location    "100.75";
    object      p;
}
// * * * * * * * * * * * * * * * * * * * * * * * * * * * * * * * * * * * * * //

dimensions      [0 2 -2 0 0 0 0];

internalField   nonuniform List<scalar> 
4800
(
6.80205e-12
-1.86929e-06
-3.44486e-06
-4.78925e-06
-5.94561e-06
-6.94661e-06
-7.81817e-06
-8.58108e-06
-9.25888e-06
-9.86261e-06
-1.04018e-05
-1.0883e-05
-1.13012e-05
-1.18889e-05
-1.36297e-05
1.9989e-08
-1.84444e-06
-3.41647e-06
-4.75856e-06
-5.9138e-06
-6.91542e-06
-7.78933e-06
-8.55684e-06
-9.24174e-06
-9.85652e-06
-1.0416e-05
-1.09411e-05
-1.14497e-05
-1.20515e-05
-1.30064e-05
4.15957e-08
-1.81756e-06
-3.38589e-06
-4.72569e-06
-5.88003e-06
-6.88197e-06
-7.75808e-06
-8.52774e-06
-9.21733e-06
-9.84044e-06
-1.0412e-05
-1.0954e-05
-1.14789e-05
-1.19975e-05
-1.2491e-05
6.42937e-08
-1.78884e-06
-3.35282e-06
-4.68973e-06
-5.8425e-06
-6.84393e-06
-7.72096e-06
-8.49208e-06
-9.18201e-06
-9.80678e-06
-1.0377e-05
-1.09048e-05
-1.13862e-05
-1.17911e-05
-1.20495e-05
8.98946e-08
-1.75604e-06
-3.31463e-06
-4.64768e-06
-5.79783e-06
-6.79754e-06
-7.67327e-06
-8.44437e-06
-9.13002e-06
-9.74722e-06
-1.03018e-05
-1.0794e-05
-1.12081e-05
-1.1506e-05
-1.16321e-05
1.19927e-07
-1.71742e-06
-3.26933e-06
-4.59723e-06
-5.74335e-06
-6.73951e-06
-7.61126e-06
-8.37768e-06
-9.05413e-06
-9.65397e-06
-1.0179e-05
-1.06218e-05
-1.09637e-05
-1.11757e-05
-1.12296e-05
1.56369e-07
-1.67084e-06
-3.21448e-06
-4.53554e-06
-5.67558e-06
-6.66554e-06
-7.52961e-06
-8.28544e-06
-8.94577e-06
-9.51901e-06
-1.00039e-05
-1.03913e-05
-1.06669e-05
-1.08165e-05
-1.0834e-05
2.02346e-07
-1.61296e-06
-3.14635e-06
-4.45831e-06
-5.58949e-06
-6.5696e-06
-7.4212e-06
-8.16005e-06
-8.79646e-06
-9.33521e-06
-9.77441e-06
-1.01079e-05
-1.03291e-05
-1.04369e-05
-1.04379e-05
2.62269e-07
-1.53902e-06
-3.05963e-06
-4.35951e-06
-5.47819e-06
-6.44389e-06
-7.27739e-06
-7.99269e-06
-8.59814e-06
-9.09783e-06
-9.49115e-06
-9.77729e-06
-9.95768e-06
-1.00399e-05
-1.00361e-05
3.41316e-07
-1.44301e-06
-2.94743e-06
-4.23144e-06
-5.33312e-06
-6.27912e-06
-7.08864e-06
-7.77452e-06
-8.34462e-06
-8.80385e-06
-9.15552e-06
-9.40382e-06
-9.55628e-06
-9.62508e-06
-9.62384e-06
4.44286e-07
-1.3185e-06
-2.80203e-06
-4.06532e-06
-5.14466e-06
-6.0653e-06
-6.84544e-06
-7.49769e-06
-8.03088e-06
-8.45221e-06
-8.76886e-06
-8.98963e-06
-9.12532e-06
-9.18986e-06
-9.19644e-06
5.74866e-07
-1.15978e-06
-2.61583e-06
-3.85242e-06
-4.9035e-06
-5.79325e-06
-6.53975e-06
-7.15647e-06
-7.6541e-06
-8.04267e-06
-8.33251e-06
-8.53527e-06
-8.66338e-06
-8.7306e-06
-8.74889e-06
7.35155e-07
-9.62516e-07
-2.38217e-06
-3.58512e-06
-4.60187e-06
-5.4559e-06
-6.16622e-06
-6.74785e-06
-7.21363e-06
-7.57594e-06
-7.84724e-06
-8.04048e-06
-8.16829e-06
-8.24345e-06
-8.2764e-06
9.21299e-07
-7.25427e-07
-2.097e-06
-3.25787e-06
-4.23425e-06
-5.04891e-06
-5.72226e-06
-6.27115e-06
-6.71011e-06
-7.05298e-06
-7.3132e-06
-7.50389e-06
-7.63706e-06
-7.72411e-06
-7.77409e-06
1.1254e-06
-4.5014e-07
-1.76349e-06
-2.87007e-06
-3.79886e-06
-4.57122e-06
-5.20806e-06
-5.72743e-06
-6.14473e-06
-6.47427e-06
-6.72946e-06
-6.92289e-06
-7.06553e-06
-7.16735e-06
-7.23613e-06
1.34331e-06
-1.51709e-07
-1.38816e-06
-2.42608e-06
-3.29809e-06
-4.02488e-06
-4.62608e-06
-5.11913e-06
-5.51915e-06
-5.84005e-06
-6.0946e-06
-6.29439e-06
-6.44921e-06
-6.56764e-06
-6.65636e-06
1.5661e-06
1.65091e-07
-9.83187e-07
-1.94135e-06
-2.74426e-06
-3.41824e-06
-3.98244e-06
-4.45072e-06
-4.83593e-06
-5.15077e-06
-5.40705e-06
-5.61515e-06
-5.78357e-06
-5.91956e-06
-6.02881e-06
1.76797e-06
4.93228e-07
-5.62837e-07
-1.43311e-06
-2.15768e-06
-2.76971e-06
-3.29179e-06
-3.73309e-06
-4.10258e-06
-4.41085e-06
-4.6684e-06
-4.88432e-06
-5.06577e-06
-5.21867e-06
-5.34783e-06
1.91264e-06
7.98795e-07
-1.34698e-07
-9.08678e-07
-1.55333e-06
-2.10235e-06
-2.57628e-06
-2.98457e-06
-3.33372e-06
-3.63175e-06
-3.88735e-06
-4.10804e-06
-4.29952e-06
-4.46643e-06
-4.61281e-06
1.98484e-06
1.052e-06
2.59043e-07
-4.02332e-07
-9.58235e-07
-1.43867e-06
-1.85982e-06
-2.22937e-06
-2.55237e-06
-2.83504e-06
-3.08412e-06
-3.30522e-06
-3.50259e-06
-3.67973e-06
-3.83985e-06
1.9932e-06
1.23208e-06
5.85448e-07
3.6387e-08
-4.33642e-07
-8.45145e-07
-1.21028e-06
-1.53582e-06
-1.82666e-06
-2.08756e-06
-2.32312e-06
-2.53725e-06
-2.73312e-06
-2.91347e-06
-3.08086e-06
1.96064e-06
1.34476e-06
8.16257e-07
3.59418e-07
-3.86491e-08
-3.9024e-07
-7.05297e-07
-9.90601e-07
-1.25054e-06
-1.4884e-06
-1.70723e-06
-1.90991e-06
-2.099e-06
-2.27669e-06
-2.44504e-06
1.93736e-06
1.42829e-06
9.86814e-07
6.00228e-07
2.58623e-07
-4.71636e-08
-3.24965e-07
-5.80223e-07
-8.16348e-07
-1.03583e-06
-1.24105e-06
-1.43428e-06
-1.61761e-06
-1.79277e-06
-1.96136e-06
1.92764e-06
1.49607e-06
1.11761e-06
7.82025e-07
4.81077e-07
2.07749e-07
-4.35802e-08
-2.76968e-07
-4.95297e-07
-7.00848e-07
-8.95712e-07
-1.08177e-06
-1.26071e-06
-1.43392e-06
-1.60272e-06
1.93366e-06
1.55721e-06
1.2231e-06
9.23069e-07
6.50541e-07
4.00239e-07
1.67913e-07
-4.97982e-08
-2.55553e-07
-4.5149e-07
-6.39447e-07
-8.20997e-07
-9.97547e-07
-1.17028e-06
-1.34036e-06
1.95325e-06
1.61508e-06
1.31148e-06
1.03586e-06
7.82953e-07
5.48512e-07
3.28968e-07
1.21375e-07
-7.66642e-08
-2.67071e-07
-4.51468e-07
-6.31227e-07
-8.07595e-07
-9.81629e-07
-1.15438e-06
1.98097e-06
1.66916e-06
1.38637e-06
1.12723e-06
8.87327e-07
6.63032e-07
4.51248e-07
2.49391e-07
5.53346e-08
-1.32652e-07
-3.16047e-07
-4.96106e-07
-6.73979e-07
-8.50643e-07
-1.02709e-06
2.01169e-06
1.71814e-06
1.44948e-06
1.20118e-06
9.69477e-07
7.5122e-07
5.43686e-07
3.44582e-07
1.51995e-07
-3.56669e-08
-2.19781e-07
-4.01528e-07
-5.81994e-07
-7.62106e-07
-9.42809e-07
2.04184e-06
1.76115e-06
1.50208e-06
1.26081e-06
1.03412e-06
8.19222e-07
6.13682e-07
4.15432e-07
2.22724e-07
3.40802e-08
-1.51802e-07
-3.36048e-07
-5.19702e-07
-7.03654e-07
-8.88825e-07
2.06934e-06
1.79798e-06
1.54556e-06
1.30891e-06
1.08523e-06
8.72044e-07
6.67123e-07
4.68595e-07
2.74853e-07
8.45073e-08
-1.03681e-07
-2.90795e-07
-4.77845e-07
-6.65696e-07
-8.55252e-07
2.09335e-06
1.82903e-06
1.58141e-06
1.34791e-06
1.12607e-06
9.13617e-07
7.08547e-07
5.09149e-07
3.13931e-07
1.2158e-07
-6.90897e-08
-2.59124e-07
-4.49508e-07
-6.41089e-07
-8.34756e-07
2.11376e-06
1.85502e-06
1.61106e-06
1.37984e-06
1.15916e-06
9.46929e-07
7.41345e-07
5.40837e-07
3.44009e-07
1.49617e-07
-4.34774e-08
-2.3629e-07
-4.29784e-07
-6.24792e-07
-8.22194e-07
2.13087e-06
1.87673e-06
1.63572e-06
1.4063e-06
1.18641e-06
9.7417e-07
7.67952e-07
5.66304e-07
3.67915e-07
1.71601e-07
-2.37343e-08
-2.19079e-07
-4.15379e-07
-6.13457e-07
-8.14184e-07
2.14509e-06
1.89489e-06
1.65641e-06
1.42848e-06
1.2092e-06
9.96887e-07
7.90051e-07
5.87347e-07
3.87539e-07
1.89496e-07
-7.83827e-09
-2.0543e-07
-4.04208e-07
-6.0499e-07
-8.08638e-07
2.15685e-06
1.91012e-06
1.67388e-06
1.44727e-06
1.22853e-06
1.01615e-06
8.08772e-07
6.05144e-07
4.04097e-07
2.04545e-07
5.46648e-09
-1.94084e-07
-3.95021e-07
-5.98157e-07
-8.0435e-07
2.16655e-06
1.92292e-06
1.68871e-06
1.4633e-06
1.24506e-06
1.03266e-06
8.24843e-07
6.2044e-07
4.18337e-07
2.17494e-07
1.69166e-08
-1.8432e-07
-3.87121e-07
-5.92293e-07
-8.0069e-07
2.17452e-06
1.93369e-06
1.70131e-06
1.47699e-06
1.25924e-06
1.04688e-06
8.38727e-07
6.33688e-07
4.30704e-07
2.28771e-07
2.69217e-08
-1.75753e-07
-3.80148e-07
-5.87067e-07
-7.97363e-07
2.18114e-06
1.94284e-06
1.71214e-06
1.48884e-06
1.27158e-06
1.05929e-06
8.5089e-07
6.45338e-07
4.41621e-07
2.38771e-07
3.58411e-08
-1.68063e-07
-3.73827e-07
-5.82254e-07
-7.94196e-07
2.1869e-06
1.95105e-06
1.72198e-06
1.49967e-06
1.28292e-06
1.07076e-06
8.62181e-07
6.562e-07
4.5185e-07
2.4819e-07
4.42959e-08
-1.60714e-07
-3.67717e-07
-5.77514e-07
-7.90963e-07
2.19185e-06
1.95837e-06
1.73089e-06
1.50958e-06
1.29337e-06
1.08138e-06
8.72677e-07
6.6633e-07
4.61415e-07
2.57021e-07
5.22457e-08
-1.5378e-07
-3.61924e-07
-5.72983e-07
-7.87817e-07
-1.51854e-05
-1.2936e-05
-1.15369e-05
-1.05945e-05
-9.8247e-06
-9.2145e-06
-8.71761e-06
-8.30379e-06
-7.95487e-06
-7.65851e-06
-7.40698e-06
-7.19622e-06
-7.02562e-06
-6.89858e-06
-6.82435e-06
-6.81892e-06
-6.90749e-06
-7.13251e-06
-7.54422e-06
-8.2065e-06
-9.19743e-06
-1.05771e-05
-1.2184e-05
-1.36379e-05
-1.47236e-05
-1.53604e-05
-1.5516e-05
-1.51882e-05
-1.43889e-05
-1.31389e-05
-1.14656e-05
-9.40432e-06
-7.00005e-06
-4.30736e-06
-1.38925e-06
1.68511e-06
4.84258e-06
8.0074e-06
1.10996e-05
1.40305e-05
1.66866e-05
1.89232e-05
2.04201e-05
2.09278e-05
1.94575e-05
-1.34921e-05
-1.23561e-05
-1.13073e-05
-1.04721e-05
-9.7503e-06
-9.15646e-06
-8.6651e-06
-8.25321e-06
-7.90512e-06
-7.60949e-06
-7.359e-06
-7.14979e-06
-6.98143e-06
-6.85745e-06
-6.78728e-06
-6.78696e-06
-6.88165e-06
-7.11379e-06
-7.53271e-06
-8.20056e-06
-9.19419e-06
-1.0572e-05
-1.2172e-05
-1.36171e-05
-1.46949e-05
-1.53253e-05
-1.54764e-05
-1.5145e-05
-1.43433e-05
-1.30924e-05
-1.1421e-05
-9.36593e-06
-6.97411e-06
-4.30244e-06
-1.41686e-06
1.60946e-06
4.69761e-06
7.76284e-06
1.07106e-05
1.34266e-05
1.57497e-05
1.74332e-05
1.79955e-05
1.67162e-05
1.26009e-05
-1.25961e-05
-1.18955e-05
-1.10675e-05
-1.03269e-05
-9.65806e-06
-9.08732e-06
-8.60525e-06
-8.19715e-06
-7.8508e-06
-7.55639e-06
-7.30727e-06
-7.09994e-06
-6.9342e-06
-6.81378e-06
-6.74834e-06
-6.75394e-06
-6.85568e-06
-7.09599e-06
-7.52305e-06
-8.19698e-06
-9.19316e-06
-1.05678e-05
-1.21586e-05
-1.35921e-05
-1.46593e-05
-1.52814e-05
-1.54265e-05
-1.50911e-05
-1.42874e-05
-1.30375e-05
-1.13714e-05
-9.32817e-06
-6.95724e-06
-4.31867e-06
-1.48236e-06
1.47324e-06
4.46172e-06
7.38729e-06
1.01389e-05
1.25775e-05
1.4508e-05
1.5642e-05
1.55236e-05
1.36054e-05
9.68109e-06
-1.20037e-05
-1.15067e-05
-1.08451e-05
-1.01815e-05
-9.56374e-06
-9.01832e-06
-8.54653e-06
-8.14244e-06
-7.79757e-06
-7.50391e-06
-7.25569e-06
-7.04988e-06
-6.88657e-06
-6.76971e-06
-6.70921e-06
-6.72111e-06
-6.83042e-06
-7.07956e-06
-7.5154e-06
-8.19572e-06
-9.19434e-06
-1.05649e-05
-1.21445e-05
-1.35637e-05
-1.46171e-05
-1.52277e-05
-1.53637e-05
-1.50217e-05
-1.42142e-05
-1.29646e-05
-1.13051e-05
-9.27754e-06
-6.93478e-06
-4.34098e-06
-1.57102e-06
1.29026e-06
4.14805e-06
6.89533e-06
9.40677e-06
1.15277e-05
1.30555e-05
1.37249e-05
1.32071e-05
1.12196e-05
7.90772e-06
-1.15295e-05
-1.11519e-05
-1.06191e-05
-1.00409e-05
-9.47257e-06
-8.95327e-06
-8.49216e-06
-8.09206e-06
-7.7482e-06
-7.45461e-06
-7.20665e-06
-7.00191e-06
-6.84083e-06
-6.7276e-06
-6.67237e-06
-6.6911e-06
-6.80862e-06
-7.06732e-06
-7.5125e-06
-8.19916e-06
-9.1995e-06
-1.05642e-05
-1.21295e-05
-1.35309e-05
-1.45672e-05
-1.51634e-05
-1.52883e-05
-1.49386e-05
-1.41275e-05
-1.28803e-05
-1.12317e-05
-9.22719e-06
-6.92358e-06
-4.38979e-06
-1.70622e-06
1.0357e-06
3.73329e-06
6.27071e-06
8.51469e-06
1.0309e-05
1.14695e-05
1.17922e-05
1.10872e-05
9.27213e-06
6.55038e-06
-1.11164e-05
-1.08211e-05
-1.03867e-05
-9.89043e-06
-9.3806e-06
-8.88956e-06
-8.44264e-06
-8.04805e-06
-7.70547e-06
-7.4116e-06
-7.16336e-06
-6.95924e-06
-6.80017e-06
-6.6906e-06
-6.64097e-06
-6.66707e-06
-6.79345e-06
-7.06236e-06
-7.51726e-06
-8.20979e-06
-9.21053e-06
-1.05665e-05
-1.21134e-05
-1.34926e-05
-1.45078e-05
-1.50863e-05
-1.51981e-05
-1.48401e-05
-1.40269e-05
-1.27857e-05
-1.11547e-05
-9.18321e-06
-6.93266e-06
-4.47697e-06
-1.90204e-06
6.94877e-07
3.20536e-06
5.50939e-06
7.47458e-06
8.95737e-06
9.80949e-06
9.89834e-06
9.14308e-06
7.57579e-06
5.40744e-06
-1.0729e-05
-1.04956e-05
-1.0147e-05
-9.72543e-06
-9.27137e-06
-8.82039e-06
-8.39464e-06
-8.00983e-06
-7.67075e-06
-7.3775e-06
-7.12917e-06
-6.92559e-06
-6.76847e-06
-6.66266e-06
-6.61895e-06
-6.65292e-06
-6.78861e-06
-7.06823e-06
-7.5329e-06
-8.2303e-06
-9.22939e-06
-1.0573e-05
-1.2096e-05
-1.34473e-05
-1.44365e-05
-1.49935e-05
-1.50899e-05
-1.47233e-05
-1.391e-05
-1.26799e-05
-1.10749e-05
-9.14873e-06
-6.96752e-06
-4.6101e-06
-2.16704e-06
2.60401e-07
2.56169e-06
4.61871e-06
6.30896e-06
7.51217e-06
8.12272e-06
8.07015e-06
7.34556e-06
6.02993e-06
4.30764e-06
-1.03472e-05
-1.01624e-05
-9.88489e-06
-9.53507e-06
-9.14215e-06
-8.73632e-06
-8.34072e-06
-7.97294e-06
-7.64228e-06
-7.35273e-06
-7.10609e-06
-6.90407e-06
-6.74954e-06
-6.64802e-06
-6.61077e-06
-6.6532e-06
-6.79864e-06
-7.08915e-06
-7.5632e-06
-8.26372e-06
-9.25825e-06
-1.05845e-05
-1.20766e-05
-1.33933e-05
-1.43505e-05
-1.48814e-05
-1.49599e-05
-1.4585e-05
-1.37747e-05
-1.25625e-05
-1.09942e-05
-9.12796e-06
-7.03464e-06
-4.79706e-06
-2.50884e-06
-2.72249e-07
1.80461e-06
3.61188e-06
5.04397e-06
6.00884e-06
6.44057e-06
6.31515e-06
5.6622e-06
4.57365e-06
3.19684e-06
-9.9616e-06
-9.81611e-06
-9.59731e-06
-9.31356e-06
-8.98302e-06
-8.62852e-06
-8.27146e-06
-7.92949e-06
-7.6147e-06
-7.33453e-06
-7.09365e-06
-6.896e-06
-6.74607e-06
-6.65026e-06
-6.62065e-06
-6.67246e-06
-6.82811e-06
-7.12959e-06
-7.61206e-06
-8.31295e-06
-9.29904e-06
-1.06015e-05
-1.2054e-05
-1.33278e-05
-1.4246e-05
-1.4746e-05
-1.48044e-05
-1.4422e-05
-1.36197e-05
-1.24342e-05
-1.09157e-05
-9.12661e-06
-7.14153e-06
-5.04581e-06
-2.93354e-06
-9.04365e-07
9.4084e-07
2.50559e-06
3.70511e-06
4.47522e-06
4.78168e-06
4.6286e-06
4.06279e-06
3.16929e-06
2.06108e-06
-9.56659e-06
-9.45453e-06
-9.28477e-06
-9.05969e-06
-8.78929e-06
-8.48943e-06
-8.17768e-06
-7.87023e-06
-7.58013e-06
-7.31712e-06
-7.08834e-06
-6.89999e-06
-6.75843e-06
-6.6712e-06
-6.65137e-06
-6.71408e-06
-6.88072e-06
-7.19321e-06
-7.68275e-06
-8.37991e-06
-9.35269e-06
-1.06234e-05
-1.20258e-05
-1.32469e-05
-1.41186e-05
-1.45825e-05
-1.46191e-05
-1.42318e-05
-1.34442e-05
-1.22969e-05
-1.0844e-05
-9.15143e-06
-7.29595e-06
-5.36318e-06
-3.4446e-06
-1.63334e-06
-1.90791e-08
1.31815e-06
2.31466e-06
2.92983e-06
3.15156e-06
2.99918e-06
2.52213e-06
1.79206e-06
8.94463e-07
-9.15739e-06
-9.07516e-06
-8.94749e-06
-8.7741e-06
-8.55986e-06
-8.315e-06
-8.05277e-06
-7.78693e-06
-7.53002e-06
-7.29275e-06
-7.08393e-06
-6.91164e-06
-6.784e-06
-6.70973e-06
-6.70305e-06
-6.77896e-06
-6.95779e-06
-7.28142e-06
-7.77589e-06
-8.46458e-06
-9.41822e-06
-1.06478e-05
-1.19877e-05
-1.31453e-05
-1.39626e-05
-1.4386e-05
-1.44005e-05
-1.40127e-05
-1.32493e-05
-1.21544e-05
-1.07853e-05
-9.2099e-06
-7.50515e-06
-5.75406e-06
-4.04217e-06
-2.45286e-06
-1.06206e-06
6.72829e-08
8.90261e-07
1.38399e-06
1.54981e-06
1.41268e-06
1.01808e-06
4.23424e-07
-3.0703e-07
-8.72914e-06
-8.67479e-06
-8.58452e-06
-8.45718e-06
-8.29473e-06
-8.10338e-06
-7.89256e-06
-7.67324e-06
-7.45655e-06
-7.25309e-06
-7.07241e-06
-6.92383e-06
-6.81686e-06
-6.76123e-06
-6.77213e-06
-6.8643e-06
-7.05711e-06
-7.39196e-06
-7.8874e-06
-8.56237e-06
-9.49332e-06
-1.06705e-05
-1.19331e-05
-1.30161e-05
-1.37718e-05
-1.41517e-05
-1.41459e-05
-1.37647e-05
-1.30378e-05
-1.20121e-05
-1.07467e-05
-9.30959e-06
-7.77505e-06
-6.22055e-06
-4.72284e-06
-3.35342e-06
-2.17374e-06
-1.23098e-06
-5.5502e-07
-1.5672e-07
-2.79333e-08
-1.43983e-07
-4.67203e-07
-9.5105e-07
-1.54749e-06
-8.27703e-06
-8.24961e-06
-8.19372e-06
-8.10814e-06
-7.99344e-06
-7.85322e-06
-7.69396e-06
-7.52402e-06
-7.35273e-06
-7.18979e-06
-7.04475e-06
-6.92748e-06
-6.84819e-06
-6.81748e-06
-6.85093e-06
-6.96248e-06
-7.1724e-06
-7.51833e-06
-8.00703e-06
-8.66521e-06
-9.56622e-06
-1.06813e-05
-1.18536e-05
-1.28513e-05
-1.35399e-05
-1.3876e-05
-1.38551e-05
-1.34909e-05
-1.28155e-05
-1.18777e-05
-1.07364e-05
-9.45724e-06
-8.10916e-06
-6.76124e-06
-5.47949e-06
-4.32286e-06
-3.33919e-06
-2.56249e-06
-2.01165e-06
-1.69046e-06
-1.58862e-06
-1.68415e-06
-1.94644e-06
-2.34032e-06
-2.82948e-06
-7.79616e-06
-7.79528e-06
-7.77177e-06
-7.72477e-06
-7.65433e-06
-7.56256e-06
-7.45382e-06
-7.33435e-06
-7.21169e-06
-7.09427e-06
-6.99098e-06
-6.91163e-06
-6.86656e-06
-6.86665e-06
-6.92758e-06
-7.06166e-06
-7.2912e-06
-7.64586e-06
-8.12547e-06
-8.7657e-06
-9.62524e-06
-1.06656e-05
-1.1738e-05
-1.2643e-05
-1.32619e-05
-1.35577e-05
-1.35306e-05
-1.31971e-05
-1.25908e-05
-1.17603e-05
-1.07622e-05
-9.65758e-06
-8.50754e-06
-7.37068e-06
-6.30137e-06
-5.34676e-06
-4.54317e-06
-3.9144e-06
-3.47192e-06
-3.2159e-06
-3.13638e-06
-3.21533e-06
-3.42907e-06
-3.75136e-06
-4.15525e-06
-7.28051e-06
-7.30606e-06
-7.3137e-06
-7.30296e-06
-7.27387e-06
-7.22778e-06
-7.16777e-06
-7.09845e-06
-7.02582e-06
-6.95695e-06
-6.89977e-06
-6.86336e-06
-6.85767e-06
-6.89346e-06
-6.98531e-06
-7.14555e-06
-7.3935e-06
-7.75418e-06
-8.23169e-06
-8.848e-06
-9.6485e-06
-1.06062e-05
-1.15746e-05
-1.2384e-05
-1.29354e-05
-1.31988e-05
-1.31785e-05
-1.28924e-05
-1.23738e-05
-1.1669e-05
-1.08303e-05
-9.91214e-06
-8.96617e-06
-8.03937e-06
-7.17474e-06
-6.40926e-06
-5.7703e-06
-5.27432e-06
-4.92814e-06
-4.73051e-06
-4.67319e-06
-4.74241e-06
-4.92054e-06
-5.1882e-06
-5.52554e-06
-6.72365e-06
-6.77548e-06
-6.81322e-06
-6.83684e-06
-6.84652e-06
-6.84337e-06
-6.82967e-06
-6.80899e-06
-6.78604e-06
-6.76671e-06
-6.75788e-06
-6.76745e-06
-6.80447e-06
-6.87889e-06
-7.00369e-06
-7.19103e-06
-7.45644e-06
-7.82252e-06
-8.29226e-06
-8.88315e-06
-9.62079e-06
-1.04875e-05
-1.13528e-05
-1.20698e-05
-1.25614e-05
-1.2805e-05
-1.28073e-05
-1.25869e-05
-1.21744e-05
-1.16112e-05
-1.09433e-05
-1.02179e-05
-9.47634e-06
-8.75401e-06
-8.08363e-06
-7.49395e-06
-7.0057e-06
-6.6305e-06
-6.37256e-06
-6.23058e-06
-6.19856e-06
-6.26661e-06
-6.42206e-06
-6.65095e-06
-6.93883e-06
-6.11921e-06
-6.19691e-06
-6.26359e-06
-6.31959e-06
-6.36543e-06
-6.40218e-06
-6.43174e-06
-6.45698e-06
-6.48174e-06
-6.51088e-06
-6.55016e-06
-6.60621e-06
-6.68715e-06
-6.80134e-06
-6.95996e-06
-7.17223e-06
-7.45501e-06
-7.82335e-06
-8.28216e-06
-8.84326e-06
-9.52087e-06
-1.02962e-05
-1.10625e-05
-1.16973e-05
-1.2143e-05
-1.23841e-05
-1.24274e-05
-1.22906e-05
-1.20005e-05
-1.15907e-05
-1.10998e-05
-1.05674e-05
-1.00249e-05
-9.49781e-06
-9.01031e-06
-8.5843e-06
-8.23537e-06
-7.97209e-06
-7.79767e-06
-7.71153e-06
-7.70986e-06
-7.78603e-06
-7.93141e-06
-8.13631e-06
-8.39055e-06
-5.4607e-06
-5.56326e-06
-5.65728e-06
-5.74341e-06
-5.82248e-06
-5.89568e-06
-5.96474e-06
-6.03208e-06
-6.10083e-06
-6.17498e-06
-6.2594e-06
-6.3597e-06
-6.48266e-06
-6.63501e-06
-6.82361e-06
-7.06265e-06
-7.36052e-06
-7.72997e-06
-8.17601e-06
-8.70529e-06
-9.32371e-06
-1.00158e-05
-1.06964e-05
-1.12666e-05
-1.16854e-05
-1.19436e-05
-1.20475e-05
-1.20105e-05
-1.18541e-05
-1.16054e-05
-1.12938e-05
-1.09495e-05
-1.05964e-05
-1.02528e-05
-9.93706e-06
-9.66459e-06
-9.44649e-06
-9.28953e-06
-9.19702e-06
-9.16942e-06
-9.20467e-06
-9.29867e-06
-9.44592e-06
-9.64011e-06
-9.87444e-06
-4.74565e-06
-4.87057e-06
-4.98915e-06
-5.10215e-06
-5.21065e-06
-5.31601e-06
-5.41992e-06
-5.52446e-06
-5.63222e-06
-5.74638e-06
-5.87079e-06
-6.00992e-06
-6.16963e-06
-6.35611e-06
-6.57549e-06
-6.83718e-06
-7.14758e-06
-7.51656e-06
-7.9484e-06
-8.44683e-06
-9.01359e-06
-9.63744e-06
-1.02525e-05
-1.07807e-05
-1.11943e-05
-1.14892e-05
-1.16695e-05
-1.17439e-05
-1.17271e-05
-1.16409e-05
-1.15063e-05
-1.13424e-05
-1.11671e-05
-1.09962e-05
-1.08424e-05
-1.07154e-05
-1.06227e-05
-1.05703e-05
-1.05619e-05
-1.05988e-05
-1.06801e-05
-1.08036e-05
-1.09661e-05
-1.11638e-05
-1.13925e-05
-3.98909e-06
-4.13224e-06
-4.27076e-06
-4.40566e-06
-4.53825e-06
-4.67004e-06
-4.80267e-06
-4.93803e-06
-5.07838e-06
-5.22638e-06
-5.38499e-06
-5.55768e-06
-5.74792e-06
-5.95999e-06
-6.20192e-06
-6.47945e-06
-6.80003e-06
-7.16596e-06
-7.58282e-06
-8.05494e-06
-8.58254e-06
-9.15935e-06
-9.73501e-06
-1.02465e-05
-1.06761e-05
-1.10239e-05
-1.12907e-05
-1.14811e-05
-1.16059e-05
-1.16783e-05
-1.17109e-05
-1.1717e-05
-1.17107e-05
-1.17031e-05
-1.17017e-05
-1.17125e-05
-1.17416e-05
-1.17943e-05
-1.18743e-05
-1.19829e-05
-1.21202e-05
-1.22853e-05
-1.2477e-05
-1.26934e-05
-1.29321e-05
-3.24045e-06
-3.39616e-06
-3.54912e-06
-3.70028e-06
-3.85099e-06
-4.00276e-06
-4.15719e-06
-4.31596e-06
-4.48096e-06
-4.65449e-06
-4.83904e-06
-5.03808e-06
-5.25574e-06
-5.49366e-06
-5.75623e-06
-6.04634e-06
-6.37437e-06
-6.74075e-06
-7.15032e-06
-7.60701e-06
-8.11168e-06
-8.66204e-06
-9.22007e-06
-9.73741e-06
-1.02006e-05
-1.06081e-05
-1.09591e-05
-1.12566e-05
-1.15056e-05
-1.17132e-05
-1.18883e-05
-1.20408e-05
-1.21789e-05
-1.23087e-05
-1.24352e-05
-1.25639e-05
-1.26998e-05
-1.28471e-05
-1.30083e-05
-1.3185e-05
-1.33779e-05
-1.35874e-05
-1.38133e-05
-1.40548e-05
-1.43105e-05
-2.60822e-06
-2.76959e-06
-2.93012e-06
-3.09061e-06
-3.25228e-06
-3.41656e-06
-3.58493e-06
-3.75896e-06
-3.9404e-06
-4.13102e-06
-4.33309e-06
-4.54875e-06
-4.78012e-06
-5.03344e-06
-5.31406e-06
-5.62683e-06
-5.96517e-06
-6.33569e-06
-6.74537e-06
-7.19731e-06
-7.69346e-06
-8.23492e-06
-8.79216e-06
-9.32404e-06
-9.81838e-06
-1.02736e-05
-1.06889e-05
-1.10647e-05
-1.14035e-05
-1.17103e-05
-1.1991e-05
-1.2251e-05
-1.24947e-05
-1.27265e-05
-1.29512e-05
-1.31732e-05
-1.33956e-05
-1.36212e-05
-1.38519e-05
-1.40893e-05
-1.43345e-05
-1.45882e-05
-1.48507e-05
-1.51217e-05
-1.54007e-05
-2.12673e-06
-2.29178e-06
-2.4575e-06
-2.62474e-06
-2.79465e-06
-2.96855e-06
-3.1478e-06
-3.33385e-06
-3.52825e-06
-3.73268e-06
-3.94934e-06
-4.18073e-06
-4.42953e-06
-4.69961e-06
-4.99229e-06
-5.30978e-06
-5.65323e-06
-6.02821e-06
-6.43949e-06
-6.88998e-06
-7.3827e-06
-7.92059e-06
-8.4793e-06
-9.02219e-06
-9.53788e-06
-1.00249e-05
-1.0482e-05
-1.09093e-05
-1.13086e-05
-1.16829e-05
-1.20351e-05
-1.23684e-05
-1.26861e-05
-1.29921e-05
-1.32896e-05
-1.35811e-05
-1.38688e-05
-1.41544e-05
-1.44398e-05
-1.47263e-05
-1.50149e-05
-1.53064e-05
-1.5601e-05
-1.58989e-05
-1.62001e-05
-1.76989e-06
-1.938e-06
-2.10808e-06
-2.28102e-06
-2.45792e-06
-2.64e-06
-2.8285e-06
-3.02475e-06
-3.23021e-06
-3.44658e-06
-3.67569e-06
-3.91941e-06
-4.1801e-06
-4.45908e-06
-4.76014e-06
-5.08392e-06
-5.43406e-06
-5.81439e-06
-6.22827e-06
-6.6789e-06
-7.1698e-06
-7.70443e-06
-8.26183e-06
-8.80922e-06
-9.33613e-06
-9.84124e-06
-1.03237e-05
-1.07836e-05
-1.12218e-05
-1.16397e-05
-1.20392e-05
-1.24228e-05
-1.27929e-05
-1.31517e-05
-1.35011e-05
-1.38427e-05
-1.4178e-05
-1.45085e-05
-1.48355e-05
-1.516e-05
-1.54829e-05
-1.58045e-05
-1.61254e-05
-1.64457e-05
-1.67653e-05
-1.51018e-06
-1.68202e-06
-1.85692e-06
-2.03577e-06
-2.21962e-06
-2.40958e-06
-2.6068e-06
-2.81248e-06
-3.02792e-06
-3.25455e-06
-3.49384e-06
-3.74756e-06
-4.01748e-06
-4.30593e-06
-4.61427e-06
-4.94513e-06
-5.30142e-06
-5.68585e-06
-6.10141e-06
-6.55131e-06
-7.03894e-06
-7.56768e-06
-8.11925e-06
-8.66455e-06
-9.19424e-06
-9.70735e-06
-1.02032e-05
-1.06817e-05
-1.11431e-05
-1.15884e-05
-1.20191e-05
-1.24365e-05
-1.28421e-05
-1.32369e-05
-1.36222e-05
-1.3999e-05
-1.43687e-05
-1.4732e-05
-1.50899e-05
-1.54431e-05
-1.5792e-05
-1.61371e-05
-1.64787e-05
-1.68168e-05
-1.71516e-05
-1.32796e-06
-1.5044e-06
-1.68474e-06
-1.86985e-06
-2.06073e-06
-2.2584e-06
-2.46387e-06
-2.67824e-06
-2.90266e-06
-3.1384e-06
-3.38686e-06
-3.64953e-06
-3.92795e-06
-4.22385e-06
-4.53912e-06
-4.87595e-06
-5.23655e-06
-5.62333e-06
-6.03901e-06
-6.48644e-06
-6.9687e-06
-7.48882e-06
-8.03082e-06
-8.56921e-06
-9.09586e-06
-9.60993e-06
-1.01108e-05
-1.05982e-05
-1.10726e-05
-1.15344e-05
-1.19844e-05
-1.24233e-05
-1.28516e-05
-1.32703e-05
-1.36799e-05
-1.40814e-05
-1.44752e-05
-1.48621e-05
-1.52425e-05
-1.56169e-05
-1.59854e-05
-1.63485e-05
-1.67061e-05
-1.70584e-05
-1.74053e-05
-1.20518e-06
-1.38676e-06
-1.57286e-06
-1.76433e-06
-1.96212e-06
-2.16714e-06
-2.38032e-06
-2.60266e-06
-2.83525e-06
-3.07919e-06
-3.33564e-06
-3.60602e-06
-3.89155e-06
-4.19395e-06
-4.51486e-06
-4.856e-06
-5.21934e-06
-5.60699e-06
-6.02132e-06
-6.46474e-06
-6.93996e-06
-7.4496e-06
-7.97971e-06
-8.50822e-06
-9.02808e-06
-9.53853e-06
-1.0039e-05
-1.05294e-05
-1.10097e-05
-1.14802e-05
-1.1941e-05
-1.23926e-05
-1.28352e-05
-1.32693e-05
-1.36952e-05
-1.41134e-05
-1.45241e-05
-1.49277e-05
-1.53243e-05
-1.57141e-05
-1.60973e-05
-1.64739e-05
-1.68439e-05
-1.72073e-05
-1.7564e-05
-1.12579e-06
-1.31273e-06
-1.50462e-06
-1.70231e-06
-1.90668e-06
-2.11858e-06
-2.33886e-06
-2.56844e-06
-2.80828e-06
-3.05928e-06
-3.32285e-06
-3.59956e-06
-3.89112e-06
-4.19879e-06
-4.52396e-06
-4.86811e-06
-5.23297e-06
-5.62031e-06
-6.03213e-06
-6.47046e-06
-6.93764e-06
-7.43584e-06
-7.95293e-06
-8.47002e-06
-8.98102e-06
-9.4852e-06
-9.98204e-06
-1.04713e-05
-1.0953e-05
-1.14269e-05
-1.18932e-05
-1.23519e-05
-1.28031e-05
-1.3247e-05
-1.36836e-05
-1.4113e-05
-1.45353e-05
-1.49506e-05
-1.53589e-05
-1.57601e-05
-1.61542e-05
-1.65411e-05
-1.69207e-05
-1.72929e-05
-1.76574e-05
-1.07675e-06
-1.26896e-06
-1.46643e-06
-1.66999e-06
-1.88046e-06
-2.09861e-06
-2.32525e-06
-2.56124e-06
-2.80741e-06
-3.06475e-06
-3.33384e-06
-3.6161e-06
-3.91261e-06
-4.22443e-06
-4.55277e-06
-4.89893e-06
-5.26435e-06
-5.65049e-06
-6.05907e-06
-6.49173e-06
-6.95047e-06
-7.43704e-06
-7.94093e-06
-8.44615e-06
-8.94743e-06
-9.444e-06
-9.93537e-06
-1.04213e-05
-1.09015e-05
-1.13759e-05
-1.18444e-05
-1.23067e-05
-1.27629e-05
-1.32127e-05
-1.36562e-05
-1.40932e-05
-1.45235e-05
-1.49471e-05
-1.53639e-05
-1.57735e-05
-1.61759e-05
-1.65708e-05
-1.6958e-05
-1.73373e-05
-1.77084e-05
-1.04793e-06
-1.24511e-06
-1.44775e-06
-1.65666e-06
-1.87262e-06
-2.09634e-06
-2.32857e-06
-2.57009e-06
-2.82161e-06
-3.0842e-06
-3.3583e-06
-3.64514e-06
-3.94563e-06
-4.26069e-06
-4.59137e-06
-4.93876e-06
-5.30407e-06
-5.6885e-06
-6.09347e-06
-6.52032e-06
-6.97073e-06
-7.44603e-06
-7.93721e-06
-8.43085e-06
-8.92235e-06
-9.41091e-06
-9.89608e-06
-1.03776e-05
-1.08551e-05
-1.13283e-05
-1.17969e-05
-1.22608e-05
-1.27196e-05
-1.31731e-05
-1.3621e-05
-1.40632e-05
-1.44992e-05
-1.49289e-05
-1.53519e-05
-1.5768e-05
-1.61768e-05
-1.6578e-05
-1.69714e-05
-1.73566e-05
-1.77333e-05
-1.03181e-06
-1.23353e-06
-1.44085e-06
-1.65454e-06
-1.87534e-06
-2.10393e-06
-2.34102e-06
-2.58733e-06
-2.84355e-06
-3.11055e-06
-3.38881e-06
-3.6794e-06
-3.98312e-06
-4.30073e-06
-4.63314e-06
-4.98124e-06
-5.34604e-06
-5.72852e-06
-6.12984e-06
-6.55105e-06
-6.99355e-06
-7.4583e-06
-7.93766e-06
-8.42045e-06
-8.90261e-06
-9.38338e-06
-9.86231e-06
-1.03391e-05
-1.08132e-05
-1.12844e-05
-1.17523e-05
-1.22165e-05
-1.26767e-05
-1.31324e-05
-1.35833e-05
-1.40291e-05
-1.44693e-05
-1.49035e-05
-1.53314e-05
-1.57525e-05
-1.61665e-05
-1.65729e-05
-1.69714e-05
-1.73616e-05
-1.77432e-05
-1.0232e-06
-1.22898e-06
-1.44044e-06
-1.65833e-06
-1.88336e-06
-2.11618e-06
-2.35747e-06
-2.60789e-06
-2.86817e-06
-3.13898e-06
-3.42065e-06
-3.71437e-06
-4.02074e-06
-4.3404e-06
-4.6741e-06
-5.02259e-06
-5.38668e-06
-5.76717e-06
-6.16498e-06
-6.58091e-06
-7.01613e-06
-7.47123e-06
-7.93984e-06
-8.41271e-06
-8.88628e-06
-9.3598e-06
-9.83283e-06
-1.03049e-05
-1.07757e-05
-1.12447e-05
-1.17113e-05
-1.21753e-05
-1.26361e-05
-1.30932e-05
-1.35463e-05
-1.39947e-05
-1.4438e-05
-1.48758e-05
-1.53076e-05
-1.57328e-05
-1.61511e-05
-1.65619e-05
-1.69648e-05
-1.73593e-05
-1.77451e-05
-1.01868e-06
-1.22804e-06
-1.44313e-06
-1.6647e-06
-1.8934e-06
-2.12989e-06
-2.37479e-06
-2.62874e-06
-2.89243e-06
-3.16664e-06
-3.45115e-06
-3.7475e-06
-4.05609e-06
-4.37742e-06
-4.71213e-06
-5.06081e-06
-5.42414e-06
-5.80271e-06
-6.19727e-06
-6.60839e-06
-7.037e-06
-7.48343e-06
-7.94239e-06
-8.40635e-06
-8.87218e-06
-9.33914e-06
-9.80678e-06
-1.02746e-05
-1.07421e-05
-1.12089e-05
-1.16742e-05
-1.21377e-05
-1.25988e-05
-1.30569e-05
-1.35115e-05
-1.3962e-05
-1.44079e-05
-1.48487e-05
-1.52837e-05
-1.57124e-05
-1.61342e-05
-1.65488e-05
-1.69554e-05
-1.73537e-05
-1.77433e-05
-1.0162e-06
-1.22868e-06
-1.44694e-06
-1.6717e-06
-1.90359e-06
-2.14326e-06
-2.39129e-06
-2.64828e-06
-2.91506e-06
-3.19196e-06
-3.47896e-06
-3.77757e-06
-4.08806e-06
-4.41079e-06
-4.7463e-06
-5.09508e-06
-5.45764e-06
-5.83446e-06
-6.22606e-06
-6.63286e-06
-7.05555e-06
-7.49425e-06
-7.94464e-06
-8.40068e-06
-8.85961e-06
-9.32073e-06
-9.78355e-06
-1.02475e-05
-1.07121e-05
-1.11768e-05
-1.16409e-05
-1.21038e-05
-1.25651e-05
-1.30239e-05
-1.34798e-05
-1.39321e-05
-1.43802e-05
-1.48234e-05
-1.52612e-05
-1.56929e-05
-1.61179e-05
-1.65357e-05
-1.69457e-05
-1.73474e-05
-1.77403e-05
-1.01458e-06
-1.22979e-06
-1.4508e-06
-1.67832e-06
-1.91299e-06
-2.15541e-06
-2.40616e-06
-2.66584e-06
-2.93544e-06
-3.21434e-06
-3.50363e-06
-3.80418e-06
-4.1163e-06
-4.44023e-06
-4.77641e-06
-5.12523e-06
-5.48709e-06
-5.8623e-06
-6.25126e-06
-6.65421e-06
-7.07165e-06
-7.50349e-06
-7.9463e-06
-8.39533e-06
-8.84818e-06
-9.30415e-06
-9.76272e-06
-1.02233e-05
-1.06853e-05
-1.11481e-05
-1.16111e-05
-1.20736e-05
-1.25349e-05
-1.29944e-05
-1.34514e-05
-1.39052e-05
-1.43552e-05
-1.48006e-05
-1.52408e-05
-1.56752e-05
-1.6103e-05
-1.65237e-05
-1.69366e-05
-1.73413e-05
-1.77372e-05
-1.01324e-06
-1.23081e-06
-1.45421e-06
-1.68412e-06
-1.92119e-06
-2.16602e-06
-2.41914e-06
-2.68118e-06
-2.95305e-06
-3.23382e-06
-3.52511e-06
-3.82736e-06
-4.1409e-06
-4.46585e-06
-4.8026e-06
-5.15144e-06
-5.51265e-06
-5.88644e-06
-6.27306e-06
-6.67259e-06
-7.0854e-06
-7.51119e-06
-7.9473e-06
-8.39016e-06
-8.83767e-06
-9.28913e-06
-9.74398e-06
-1.02016e-05
-1.06614e-05
-1.11226e-05
-1.15846e-05
-1.20466e-05
-1.25081e-05
-1.29682e-05
-1.34262e-05
-1.38814e-05
-1.43331e-05
-1.47804e-05
-1.52228e-05
-1.56595e-05
-1.60899e-05
-1.65131e-05
-1.69288e-05
-1.73361e-05
-1.77347e-05
-1.01191e-06
-1.23152e-06
-1.45698e-06
-1.68897e-06
-1.92813e-06
-2.17503e-06
-2.43021e-06
-2.69431e-06
-2.96808e-06
-3.25059e-06
-3.54359e-06
-3.84733e-06
-4.16207e-06
-4.48791e-06
-4.82515e-06
-5.174e-06
-5.53464e-06
-5.90717e-06
-6.29173e-06
-6.68827e-06
-7.097e-06
-7.51747e-06
-7.94771e-06
-8.38515e-06
-8.828e-06
-9.27553e-06
-9.72715e-06
-1.01822e-05
-1.064e-05
-1.10999e-05
-1.15611e-05
-1.20228e-05
-1.24844e-05
-1.29451e-05
-1.3404e-05
-1.38605e-05
-1.43137e-05
-1.47628e-05
-1.52072e-05
-1.5646e-05
-1.60786e-05
-1.65042e-05
-1.69222e-05
-1.73319e-05
-1.77329e-05
-1.01049e-06
-1.23188e-06
-1.45914e-06
-1.69295e-06
-1.93392e-06
-2.18263e-06
-2.43958e-06
-2.70546e-06
-2.98084e-06
-3.26487e-06
-3.55943e-06
-3.86449e-06
-4.18028e-06
-4.50691e-06
-4.84458e-06
-5.19343e-06
-5.55356e-06
-5.92499e-06
-6.30773e-06
-6.70164e-06
-7.1068e-06
-7.52258e-06
-7.94759e-06
-8.38025e-06
-8.819e-06
-9.2631e-06
-9.71191e-06
-1.01647e-05
-1.06209e-05
-1.10796e-05
-1.15401e-05
-1.20017e-05
-1.24634e-05
-1.29246e-05
-1.33845e-05
-1.38421e-05
-1.42966e-05
-1.47474e-05
-1.51936e-05
-1.56343e-05
-1.60689e-05
-1.64966e-05
-1.69167e-05
-1.73286e-05
-1.77318e-05
-1.00886e-06
-1.23189e-06
-1.46083e-06
-1.69631e-06
-1.93895e-06
-2.18931e-06
-2.4479e-06
-2.7154e-06
-2.9923e-06
-3.27785e-06
-3.57371e-06
-3.88001e-06
-4.19679e-06
-4.52414e-06
-4.86222e-06
-5.21107e-06
-5.57073e-06
-5.94112e-06
-6.32217e-06
-6.71365e-06
-7.1155e-06
-7.52691e-06
-7.947e-06
-8.3752e-06
-8.81016e-06
-9.25108e-06
-9.6973e-06
-1.01481e-05
-1.06027e-05
-1.10604e-05
-1.15204e-05
-1.19817e-05
-1.24437e-05
-1.29055e-05
-1.33662e-05
-1.38249e-05
-1.42809e-05
-1.47332e-05
-1.51811e-05
-1.56237e-05
-1.60602e-05
-1.64899e-05
-1.69121e-05
-1.73261e-05
-1.77312e-05
-1.00718e-06
-1.23168e-06
-1.46209e-06
-1.69911e-06
-1.94334e-06
-2.19534e-06
-2.45564e-06
-2.72473e-06
-3.00311e-06
-3.2901e-06
-3.58728e-06
-3.89474e-06
-4.21248e-06
-4.54052e-06
-4.87897e-06
-5.22782e-06
-5.58701e-06
-5.95639e-06
-6.33579e-06
-6.72482e-06
-7.12334e-06
-7.53052e-06
-7.94616e-06
-8.37023e-06
-8.8016e-06
-9.23947e-06
-9.68319e-06
-1.0132e-05
-1.05852e-05
-1.10419e-05
-1.15013e-05
-1.19626e-05
-1.24248e-05
-1.28872e-05
-1.33488e-05
-1.38087e-05
-1.4266e-05
-1.47199e-05
-1.51695e-05
-1.56139e-05
-1.60523e-05
-1.6484e-05
-1.69082e-05
-1.73241e-05
-1.77312e-05
2.0657e-06
-4.53805e-06
-6.24089e-06
-7.26156e-06
-8.33347e-06
-9.45822e-06
-1.06348e-05
-1.18652e-05
-1.31533e-05
-1.45083e-05
-1.59422e-05
-1.74733e-05
-1.91254e-05
-2.09284e-05
-2.29282e-05
3.28299e-06
-2.35159e-06
-4.92961e-06
-6.56707e-06
-7.95616e-06
-9.24122e-06
-1.05044e-05
-1.17855e-05
-1.31044e-05
-1.44783e-05
-1.59235e-05
-1.74606e-05
-1.9115e-05
-2.09172e-05
-2.29135e-05
3.86128e-06
-1.03201e-06
-3.98762e-06
-5.98952e-06
-7.60932e-06
-9.03425e-06
-1.03796e-05
-1.17099e-05
-1.30588e-05
-1.44509e-05
-1.59068e-05
-1.74492e-05
-1.91052e-05
-2.09058e-05
-2.28979e-05
3.75985e-06
-3.18422e-07
-3.31095e-06
-5.51452e-06
-7.2969e-06
-8.8403e-06
-1.02627e-05
-1.16406e-05
-1.30185e-05
-1.44279e-05
-1.58934e-05
-1.74402e-05
-1.90968e-05
-2.08951e-05
-2.28819e-05
3.367e-06
1.26134e-07
-2.73482e-06
-5.04981e-06
-6.9668e-06
-8.62531e-06
-1.01309e-05
-1.1563e-05
-1.29746e-05
-1.44038e-05
-1.58801e-05
-1.74316e-05
-1.90885e-05
-2.08837e-05
-2.28643e-05
2.92871e-06
2.86064e-07
-2.30497e-06
-4.61074e-06
-6.61322e-06
-8.37401e-06
-9.96707e-06
-1.14626e-05
-1.29162e-05
-1.43714e-05
-1.58621e-05
-1.74202e-05
-1.90781e-05
-2.08699e-05
-2.28436e-05
2.35587e-06
1.97989e-07
-2.07161e-06
-4.26019e-06
-6.27293e-06
-8.09871e-06
-9.76834e-06
-1.13302e-05
-1.28333e-05
-1.43219e-05
-1.58328e-05
-1.74012e-05
-1.90622e-05
-2.08512e-05
-2.28176e-05
1.6417e-06
-1.18491e-07
-2.06292e-06
-4.06015e-06
-6.00303e-06
-7.83677e-06
-9.55208e-06
-1.11692e-05
-1.27219e-05
-1.42485e-05
-1.57852e-05
-1.73686e-05
-1.90358e-05
-2.08237e-05
-2.27831e-05
8.08556e-07
-6.31821e-07
-2.27666e-06
-4.04756e-06
-5.85715e-06
-7.63769e-06
-9.35366e-06
-1.09996e-05
-1.25899e-05
-1.41518e-05
-1.57159e-05
-1.73173e-05
-1.89938e-05
-2.07825e-05
-2.27357e-05
-1.23793e-07
-1.30835e-06
-2.69148e-06
-4.23198e-06
-5.87051e-06
-7.54675e-06
-9.21539e-06
-1.08535e-05
-1.2458e-05
-1.40425e-05
-1.56289e-05
-1.72472e-05
-1.89332e-05
-2.07237e-05
-2.2671e-05
-1.14088e-06
-2.11977e-06
-3.28039e-06
-4.60465e-06
-6.0578e-06
-7.59552e-06
-9.17535e-06
-1.07669e-05
-1.2355e-05
-1.39409e-05
-1.55363e-05
-1.7165e-05
-1.88553e-05
-2.06451e-05
-2.25856e-05
-2.23385e-06
-3.046e-06
-4.01958e-06
-5.14975e-06
-6.41951e-06
-7.80118e-06
-9.26205e-06
-1.07727e-05
-1.23122e-05
-1.38731e-05
-1.54581e-05
-1.70825e-05
-1.87704e-05
-2.05496e-05
-2.24774e-05
-3.39741e-06
-4.07387e-06
-4.89118e-06
-5.85167e-06
-6.94971e-06
-8.17112e-06
-9.49486e-06
-1.08978e-05
-1.23593e-05
-1.38672e-05
-1.54179e-05
-1.70189e-05
-1.86898e-05
-2.04481e-05
-2.23492e-05
-4.62825e-06
-5.19448e-06
-5.88217e-06
-6.69712e-06
-7.64033e-06
-8.70695e-06
-9.88636e-06
-1.11637e-05
-1.25228e-05
-1.39513e-05
-1.54417e-05
-1.69975e-05
-1.86277e-05
-2.03529e-05
-2.2209e-05
-5.92335e-06
-6.40098e-06
-6.98244e-06
-7.67484e-06
-8.48252e-06
-9.4064e-06
-1.04434e-05
-1.15866e-05
-1.28259e-05
-1.41521e-05
-1.55575e-05
-1.70416e-05
-1.86104e-05
-2.02735e-05
-2.20687e-05
-7.27908e-06
-7.68733e-06
-8.18362e-06
-8.77508e-06
-9.46729e-06
-1.02643e-05
-1.11678e-05
-1.21765e-05
-1.32869e-05
-1.44935e-05
-1.57918e-05
-1.71786e-05
-1.86597e-05
-2.02371e-05
-2.19353e-05
-8.68966e-06
-9.04628e-06
-9.47694e-06
-9.98808e-06
-1.05852e-05
-1.12733e-05
-1.20564e-05
-1.29372e-05
-1.39168e-05
-1.4994e-05
-1.61673e-05
-1.74356e-05
-1.87996e-05
-2.02666e-05
-2.18388e-05
-1.01464e-05
-1.04666e-05
-1.08488e-05
-1.12987e-05
-1.18212e-05
-1.24199e-05
-1.30989e-05
-1.3863e-05
-1.47165e-05
-1.56618e-05
-1.66991e-05
-1.7831e-05
-1.90553e-05
-2.03803e-05
-2.18061e-05
-1.16511e-05
-1.19487e-05
-1.22962e-05
-1.26983e-05
-1.31604e-05
-1.36858e-05
-1.42764e-05
-1.4937e-05
-1.56734e-05
-1.64895e-05
-1.73873e-05
-1.83705e-05
-1.94383e-05
-2.05959e-05
-2.18433e-05
-1.31929e-05
-1.34833e-05
-1.38121e-05
-1.41819e-05
-1.45944e-05
-1.50533e-05
-1.55653e-05
-1.61345e-05
-1.67637e-05
-1.74564e-05
-1.82155e-05
-1.90445e-05
-1.99455e-05
-2.09181e-05
-2.19679e-05
-1.45813e-05
-1.48736e-05
-1.51935e-05
-1.55435e-05
-1.59264e-05
-1.63478e-05
-1.68061e-05
-1.73043e-05
-1.7846e-05
-1.84343e-05
-1.90719e-05
-1.97613e-05
-2.05043e-05
-2.13015e-05
-2.21549e-05
-1.56894e-05
-1.59936e-05
-1.63182e-05
-1.66647e-05
-1.7035e-05
-1.74275e-05
-1.7847e-05
-1.82947e-05
-1.87719e-05
-1.92804e-05
-1.98226e-05
-2.03999e-05
-2.10139e-05
-2.16649e-05
-2.23534e-05
-1.65062e-05
-1.68222e-05
-1.71515e-05
-1.74948e-05
-1.78528e-05
-1.82264e-05
-1.86177e-05
-1.90272e-05
-1.94558e-05
-1.99049e-05
-2.03759e-05
-2.08699e-05
-2.1388e-05
-2.19306e-05
-2.24987e-05
-1.7086e-05
-1.74118e-05
-1.77453e-05
-1.80872e-05
-1.8438e-05
-1.87986e-05
-1.91696e-05
-1.95515e-05
-1.99449e-05
-2.03508e-05
-2.07701e-05
-2.12036e-05
-2.16521e-05
-2.21164e-05
-2.25972e-05
-1.74844e-05
-1.78187e-05
-1.81566e-05
-1.84986e-05
-1.88452e-05
-1.91966e-05
-1.9553e-05
-1.99149e-05
-2.02829e-05
-2.06576e-05
-2.10394e-05
-2.14293e-05
-2.18278e-05
-2.2236e-05
-2.26545e-05
-1.77482e-05
-1.80899e-05
-1.84323e-05
-1.87746e-05
-1.91184e-05
-1.94633e-05
-1.98095e-05
-2.01572e-05
-2.05069e-05
-2.08591e-05
-2.12142e-05
-2.1573e-05
-2.19361e-05
-2.23046e-05
-2.26792e-05
-1.7915e-05
-1.82625e-05
-1.86077e-05
-1.89525e-05
-1.9295e-05
-1.96357e-05
-1.99748e-05
-2.03127e-05
-2.06497e-05
-2.0986e-05
-2.13224e-05
-2.16593e-05
-2.19977e-05
-2.23384e-05
-2.26824e-05
-1.80153e-05
-1.83684e-05
-1.87175e-05
-1.90634e-05
-1.94054e-05
-1.97437e-05
-2.00784e-05
-2.04097e-05
-2.07379e-05
-2.10634e-05
-2.13868e-05
-2.17086e-05
-2.20296e-05
-2.23509e-05
-2.26733e-05
-1.80721e-05
-1.843e-05
-1.87827e-05
-1.91303e-05
-1.94727e-05
-1.98099e-05
-2.0142e-05
-2.04691e-05
-2.07916e-05
-2.11097e-05
-2.14241e-05
-2.17353e-05
-2.20442e-05
-2.23517e-05
-2.26586e-05
-1.81021e-05
-1.84641e-05
-1.88202e-05
-1.91699e-05
-1.95133e-05
-1.98503e-05
-2.0181e-05
-2.05056e-05
-2.08243e-05
-2.11375e-05
-2.14457e-05
-2.17494e-05
-2.20495e-05
-2.23469e-05
-2.26424e-05
-1.81165e-05
-1.84823e-05
-1.88414e-05
-1.91933e-05
-1.9538e-05
-1.98754e-05
-2.02056e-05
-2.05288e-05
-2.08451e-05
-2.11548e-05
-2.14586e-05
-2.17568e-05
-2.20505e-05
-2.23403e-05
-2.26272e-05
-1.81224e-05
-1.84918e-05
-1.88536e-05
-1.92077e-05
-1.95539e-05
-1.9892e-05
-2.02222e-05
-2.05445e-05
-2.08592e-05
-2.11666e-05
-2.14671e-05
-2.17613e-05
-2.20499e-05
-2.23338e-05
-2.26137e-05
-1.81242e-05
-1.84967e-05
-1.88611e-05
-1.92174e-05
-1.9565e-05
-1.9904e-05
-2.02344e-05
-2.05564e-05
-2.087e-05
-2.11756e-05
-2.14736e-05
-2.17646e-05
-2.20492e-05
-2.23282e-05
-2.26025e-05
-1.81243e-05
-1.84997e-05
-1.88665e-05
-1.92248e-05
-1.95738e-05
-1.99137e-05
-2.02445e-05
-2.05662e-05
-2.08791e-05
-2.11833e-05
-2.14794e-05
-2.17677e-05
-2.20489e-05
-2.23238e-05
-2.25933e-05
-1.81241e-05
-1.85021e-05
-1.88711e-05
-1.92311e-05
-1.95815e-05
-1.99223e-05
-2.02535e-05
-2.05751e-05
-2.08874e-05
-2.11905e-05
-2.14849e-05
-2.17709e-05
-2.20494e-05
-2.23207e-05
-2.25859e-05
-1.81242e-05
-1.85043e-05
-1.88755e-05
-1.92371e-05
-1.95887e-05
-1.99303e-05
-2.02619e-05
-2.05835e-05
-2.08953e-05
-2.11974e-05
-2.14904e-05
-2.17745e-05
-2.20504e-05
-2.23186e-05
-2.25801e-05
-1.81246e-05
-1.85068e-05
-1.888e-05
-1.92429e-05
-1.95956e-05
-1.99379e-05
-2.02699e-05
-2.05915e-05
-2.09028e-05
-2.12042e-05
-2.14959e-05
-2.17783e-05
-2.2052e-05
-2.23175e-05
-2.25756e-05
-1.81256e-05
-1.85096e-05
-1.88844e-05
-1.92486e-05
-1.96022e-05
-1.99452e-05
-2.02775e-05
-2.05991e-05
-2.09102e-05
-2.12108e-05
-2.15014e-05
-2.17822e-05
-2.2054e-05
-2.2317e-05
-2.25722e-05
-1.81271e-05
-1.85129e-05
-1.88891e-05
-1.92545e-05
-1.96091e-05
-1.99527e-05
-2.02853e-05
-2.0607e-05
-2.09177e-05
-2.12176e-05
-2.15071e-05
-2.17866e-05
-2.20564e-05
-2.23171e-05
-2.25694e-05
-1.81289e-05
-1.85165e-05
-1.88942e-05
-1.92608e-05
-1.96163e-05
-1.99605e-05
-2.02935e-05
-2.0615e-05
-2.09253e-05
-2.12245e-05
-2.15129e-05
-2.17909e-05
-2.2059e-05
-2.23176e-05
-2.25673e-05
-8.67461e-06
-8.67476e-06
-8.68479e-06
-8.70353e-06
-8.73009e-06
-8.76399e-06
-8.80408e-06
-8.85049e-06
-8.90317e-06
-8.96208e-06
-9.02719e-06
-9.09847e-06
-9.17585e-06
-9.25918e-06
-9.34824e-06
-9.44264e-06
-9.54175e-06
-9.6446e-06
-9.74975e-06
-9.85511e-06
-9.95781e-06
-1.00541e-05
-1.01366e-05
-1.01963e-05
-1.02266e-05
-1.02213e-05
-1.01753e-05
-1.00848e-05
-9.94945e-06
-9.77212e-06
-9.55448e-06
-9.30284e-06
-9.03564e-06
-8.77042e-06
-8.52458e-06
-8.31418e-06
-8.15332e-06
-8.05128e-06
-8.00977e-06
-8.02242e-06
-8.07573e-06
-8.15144e-06
-8.23046e-06
-8.28987e-06
-8.31776e-06
-8.66051e-06
-8.66118e-06
-8.66954e-06
-8.68454e-06
-8.70544e-06
-8.732e-06
-8.7648e-06
-8.80337e-06
-8.84766e-06
-8.89773e-06
-8.95367e-06
-9.01559e-06
-9.08359e-06
-9.15774e-06
-9.23798e-06
-9.3242e-06
-9.41608e-06
-9.51308e-06
-9.61417e-06
-9.71765e-06
-9.82093e-06
-9.9201e-06
-1.00067e-05
-1.00713e-05
-1.01077e-05
-1.01102e-05
-1.00743e-05
-9.99694e-06
-9.87705e-06
-9.71606e-06
-9.51897e-06
-9.29833e-06
-9.06635e-06
-8.83536e-06
-8.62089e-06
-8.43918e-06
-8.30255e-06
-8.21721e-06
-8.18257e-06
-8.19148e-06
-8.2318e-06
-8.28885e-06
-8.34844e-06
-8.39957e-06
-8.4331e-06
-8.62783e-06
-8.63069e-06
-8.63948e-06
-8.65365e-06
-8.67302e-06
-8.69745e-06
-8.72703e-06
-8.76182e-06
-8.80195e-06
-8.84755e-06
-8.89883e-06
-8.95601e-06
-9.01935e-06
-9.08914e-06
-9.16566e-06
-9.24924e-06
-9.34015e-06
-9.43862e-06
-9.54469e-06
-9.65796e-06
-9.77733e-06
-9.90023e-06
-1.00173e-05
-1.01161e-05
-1.01879e-05
-1.02247e-05
-1.02194e-05
-1.0167e-05
-1.00654e-05
-9.91567e-06
-9.72262e-06
-9.49732e-06
-9.25386e-06
-9.00834e-06
-8.77825e-06
-8.58037e-06
-8.42814e-06
-8.32936e-06
-8.28477e-06
-8.28817e-06
-8.32781e-06
-8.38884e-06
-8.4564e-06
-8.5208e-06
-8.58046e-06
-8.58253e-06
-8.58822e-06
-8.59786e-06
-8.61167e-06
-8.62977e-06
-8.65223e-06
-8.6792e-06
-8.71091e-06
-8.74762e-06
-8.78963e-06
-8.8373e-06
-8.89107e-06
-8.95142e-06
-9.01898e-06
-9.0945e-06
-9.17891e-06
-9.27341e-06
-9.37945e-06
-9.49872e-06
-9.63295e-06
-9.78355e-06
-9.95012e-06
-1.01215e-05
-1.02794e-05
-1.04102e-05
-1.05012e-05
-1.05414e-05
-1.05234e-05
-1.04442e-05
-1.03049e-05
-1.01113e-05
-9.87398e-06
-9.60813e-06
-9.33188e-06
-9.06519e-06
-8.82786e-06
-8.63686e-06
-8.50373e-06
-8.4325e-06
-8.41917e-06
-8.45267e-06
-8.51714e-06
-8.59544e-06
-8.67691e-06
-8.76188e-06
-8.52973e-06
-8.53824e-06
-8.54906e-06
-8.56288e-06
-8.58021e-06
-8.60124e-06
-8.62625e-06
-8.65561e-06
-8.68974e-06
-8.72909e-06
-8.77423e-06
-8.8258e-06
-8.88461e-06
-8.95168e-06
-9.02835e-06
-9.11639e-06
-9.21815e-06
-9.33677e-06
-9.47617e-06
-9.64103e-06
-9.83615e-06
-1.00643e-05
-1.03117e-05
-1.05512e-05
-1.07612e-05
-1.09232e-05
-1.1021e-05
-1.10466e-05
-1.0997e-05
-1.08727e-05
-1.06788e-05
-1.04269e-05
-1.01318e-05
-9.81321e-06
-9.49377e-06
-9.1972e-06
-8.94565e-06
-8.75653e-06
-8.63941e-06
-8.59421e-06
-8.61138e-06
-8.67378e-06
-8.7609e-06
-8.85966e-06
-8.97068e-06
-8.47306e-06
-8.48414e-06
-8.49613e-06
-8.51017e-06
-8.52705e-06
-8.54709e-06
-8.57068e-06
-8.59832e-06
-8.63056e-06
-8.66806e-06
-8.71155e-06
-8.76194e-06
-8.82037e-06
-8.88834e-06
-8.96784e-06
-9.06159e-06
-9.17335e-06
-9.30821e-06
-9.47283e-06
-9.67539e-06
-9.92485e-06
-1.02279e-05
-1.05673e-05
-1.09036e-05
-1.1205e-05
-1.1446e-05
-1.16102e-05
-1.16884e-05
-1.16755e-05
-1.1574e-05
-1.13847e-05
-1.11193e-05
-1.07937e-05
-1.04282e-05
-1.00474e-05
-9.67905e-06
-9.35117e-06
-9.08848e-06
-8.90802e-06
-8.81564e-06
-8.80465e-06
-8.85713e-06
-8.94882e-06
-9.0635e-06
-9.20154e-06
-8.41521e-06
-8.42858e-06
-8.4416e-06
-8.45589e-06
-8.47247e-06
-8.49176e-06
-8.51423e-06
-8.54051e-06
-8.5713e-06
-8.6074e-06
-8.64976e-06
-8.69954e-06
-8.75823e-06
-8.82781e-06
-8.91096e-06
-9.01145e-06
-9.1345e-06
-9.28736e-06
-9.47971e-06
-9.72363e-06
-1.00326e-05
-1.04175e-05
-1.0857e-05
-1.12964e-05
-1.16928e-05
-1.20198e-05
-1.22607e-05
-1.23996e-05
-1.24275e-05
-1.23447e-05
-1.21617e-05
-1.18874e-05
-1.15357e-05
-1.11267e-05
-1.06857e-05
-1.02434e-05
-9.83308e-06
-9.48717e-06
-9.2313e-06
-9.07899e-06
-9.0283e-06
-9.06186e-06
-9.15223e-06
-9.27999e-06
-9.445e-06
-8.35834e-06
-8.37351e-06
-8.38743e-06
-8.40193e-06
-8.41827e-06
-8.4369e-06
-8.45839e-06
-8.48347e-06
-8.51296e-06
-8.54784e-06
-8.58922e-06
-8.63851e-06
-8.69755e-06
-8.76878e-06
-8.8556e-06
-8.96276e-06
-9.09702e-06
-9.26782e-06
-9.48796e-06
-9.77362e-06
-1.01429e-05
-1.0611e-05
-1.11527e-05
-1.16973e-05
-1.21918e-05
-1.26041e-05
-1.29107e-05
-1.30982e-05
-1.31626e-05
-1.31053e-05
-1.29335e-05
-1.26558e-05
-1.22858e-05
-1.18422e-05
-1.13501e-05
-1.08414e-05
-1.03533e-05
-9.92448e-06
-9.58924e-06
-9.36972e-06
-9.27055e-06
-9.27686e-06
-9.35946e-06
-9.49633e-06
-9.68677e-06
-8.30376e-06
-8.32042e-06
-8.33506e-06
-8.34973e-06
-8.36579e-06
-8.38377e-06
-8.40428e-06
-8.42815e-06
-8.45631e-06
-8.48985e-06
-8.53009e-06
-8.57865e-06
-8.63768e-06
-8.71008e-06
-8.79989e-06
-8.91286e-06
-9.05717e-06
-9.24441e-06
-9.49049e-06
-9.81576e-06
-1.02428e-05
-1.07905e-05
-1.14305e-05
-1.20746e-05
-1.26587e-05
-1.3145e-05
-1.35091e-05
-1.37397e-05
-1.38355e-05
-1.37987e-05
-1.36369e-05
-1.33589e-05
-1.29773e-05
-1.25095e-05
-1.19792e-05
-1.1418e-05
-1.08645e-05
-1.0362e-05
-9.95182e-06
-9.66466e-06
-9.51282e-06
-9.48591e-06
-9.5549e-06
-9.69636e-06
-9.90927e-06
-8.25241e-06
-8.27036e-06
-8.28559e-06
-8.30034e-06
-8.31608e-06
-8.33334e-06
-8.35276e-06
-8.37525e-06
-8.40185e-06
-8.43375e-06
-8.47243e-06
-8.51972e-06
-8.57804e-06
-8.65072e-06
-8.7424e-06
-8.85972e-06
-9.01224e-06
-9.21353e-06
-9.48247e-06
-9.84366e-06
-1.03239e-05
-1.09443e-05
-1.16747e-05
-1.24089e-05
-1.30711e-05
-1.36195e-05
-1.40301e-05
-1.42938e-05
-1.44115e-05
-1.43881e-05
-1.42322e-05
-1.39536e-05
-1.35643e-05
-1.30805e-05
-1.25243e-05
-1.19255e-05
-1.13223e-05
-1.076e-05
-1.02853e-05
-9.93592e-06
-9.73198e-06
-9.669e-06
-9.72004e-06
-9.86175e-06
-1.00934e-05
-8.20497e-06
-8.22408e-06
-8.23982e-06
-8.25459e-06
-8.26992e-06
-8.28631e-06
-8.30446e-06
-8.3253e-06
-8.34996e-06
-8.37974e-06
-8.41625e-06
-8.4615e-06
-8.5182e-06
-8.59001e-06
-8.68214e-06
-8.80206e-06
-8.96057e-06
-9.17309e-06
-9.46123e-06
-9.85371e-06
-1.03806e-05
-1.10675e-05
-1.18781e-05
-1.26915e-05
-1.34197e-05
-1.40181e-05
-1.44633e-05
-1.47489e-05
-1.48784e-05
-1.486e-05
-1.47042e-05
-1.44219e-05
-1.40255e-05
-1.35303e-05
-1.29567e-05
-1.23323e-05
-1.16935e-05
-1.10852e-05
-1.05591e-05
-1.0156e-05
-9.90371e-06
-9.80457e-06
-9.8351e-06
-9.97343e-06
-1.02199e-05
-8.16188e-06
-8.18215e-06
-8.19838e-06
-8.21311e-06
-8.22793e-06
-8.24329e-06
-8.25989e-06
-8.27872e-06
-8.30096e-06
-8.32801e-06
-8.36159e-06
-8.40391e-06
-8.45789e-06
-8.52755e-06
-8.6186e-06
-8.73926e-06
-8.90147e-06
-9.12236e-06
-9.42586e-06
-9.84433e-06
-1.04113e-05
-1.11592e-05
-1.20402e-05
-1.29213e-05
-1.3704e-05
-1.43413e-05
-1.48104e-05
-1.51078e-05
-1.52401e-05
-1.52188e-05
-1.50565e-05
-1.47659e-05
-1.43601e-05
-1.38542e-05
-1.3267e-05
-1.2624e-05
-1.1959e-05
-1.13149e-05
-1.07493e-05
-1.03013e-05
-1.00056e-05
-9.8718e-06
-9.88073e-06
-1.0013e-05
-1.02708e-05
-8.12353e-06
-8.14505e-06
-8.16179e-06
-8.17646e-06
-8.19065e-06
-8.20477e-06
-8.21952e-06
-8.23589e-06
-8.25514e-06
-8.27875e-06
-8.30857e-06
-8.34695e-06
-8.39706e-06
-8.46323e-06
-8.55165e-06
-8.67123e-06
-8.83498e-06
-9.0616e-06
-9.37712e-06
-9.81601e-06
-1.0419e-05
-1.12204e-05
-1.21632e-05
-1.31019e-05
-1.39295e-05
-1.45962e-05
-1.50806e-05
-1.53817e-05
-1.55094e-05
-1.54782e-05
-1.53033e-05
-1.4999e-05
-1.45798e-05
-1.40605e-05
-1.34592e-05
-1.27996e-05
-1.21131e-05
-1.14383e-05
-1.08383e-05
-1.03534e-05
-1.00187e-05
-9.85224e-06
-9.83938e-06
-9.96363e-06
-1.02303e-05
-8.0903e-06
-8.11325e-06
-8.13058e-06
-8.14515e-06
-8.15859e-06
-8.17124e-06
-8.18375e-06
-8.19717e-06
-8.21279e-06
-8.23219e-06
-8.25733e-06
-8.29074e-06
-8.33581e-06
-8.39717e-06
-8.48148e-06
-8.59831e-06
-8.76165e-06
-8.99168e-06
-9.31651e-06
-9.7727e-06
-1.04069e-05
-1.12536e-05
-1.22511e-05
-1.32398e-05
-1.41044e-05
-1.47934e-05
-1.52865e-05
-1.55852e-05
-1.57026e-05
-1.5656e-05
-1.54627e-05
-1.51393e-05
-1.4701e-05
-1.41633e-05
-1.35436e-05
-1.28646e-05
-1.21559e-05
-1.14543e-05
-1.08176e-05
-1.0298e-05
-9.92814e-06
-9.73083e-06
-9.6962e-06
-9.81107e-06
-1.00845e-05
-8.0626e-06
-8.08723e-06
-8.10524e-06
-8.1197e-06
-8.13225e-06
-8.14314e-06
-8.15301e-06
-8.1629e-06
-8.1742e-06
-8.18856e-06
-8.20809e-06
-8.23549e-06
-8.27435e-06
-8.32967e-06
-8.4085e-06
-8.52109e-06
-8.68236e-06
-8.91385e-06
-9.24582e-06
-9.71735e-06
-1.03776e-05
-1.12633e-05
-1.23101e-05
-1.33424e-05
-1.4238e-05
-1.4944e-05
-1.54409e-05
-1.5733e-05
-1.58359e-05
-1.57693e-05
-1.55528e-05
-1.52044e-05
-1.47408e-05
-1.41777e-05
-1.35328e-05
-1.28277e-05
-1.20918e-05
-1.13608e-05
-1.06845e-05
-1.01287e-05
-9.72441e-06
-9.49634e-06
-9.43934e-06
-9.54345e-06
-9.82228e-06
-8.0409e-06
-8.06749e-06
-8.08632e-06
-8.10065e-06
-8.11214e-06
-8.12095e-06
-8.12768e-06
-8.13344e-06
-8.13965e-06
-8.14812e-06
-8.16108e-06
-8.18143e-06
-8.213e-06
-8.26111e-06
-8.33326e-06
-8.44034e-06
-8.59815e-06
-8.82954e-06
-9.16679e-06
-9.65137e-06
-1.03342e-05
-1.12553e-05
-1.23464e-05
-1.34172e-05
-1.43393e-05
-1.50583e-05
-1.5556e-05
-1.58384e-05
-1.59236e-05
-1.58332e-05
-1.55888e-05
-1.52097e-05
-1.47137e-05
-1.41173e-05
-1.34383e-05
-1.26984e-05
-1.19272e-05
-1.11572e-05
-1.04393e-05
-9.84105e-06
-9.4006e-06
-9.14021e-06
-9.05956e-06
-9.15128e-06
-9.43425e-06
-8.02573e-06
-8.05464e-06
-8.07442e-06
-8.08857e-06
-8.09879e-06
-8.10512e-06
-8.10817e-06
-8.10907e-06
-8.10939e-06
-8.11107e-06
-8.11651e-06
-8.12882e-06
-8.1521e-06
-8.19197e-06
-8.25641e-06
-8.35692e-06
-8.5102e-06
-8.74025e-06
-9.08134e-06
-9.57705e-06
-1.02805e-05
-1.1234e-05
-1.23652e-05
-1.34707e-05
-1.4416e-05
-1.51455e-05
-1.56416e-05
-1.59122e-05
-1.59771e-05
-1.58597e-05
-1.55829e-05
-1.51673e-05
-1.46314e-05
-1.39927e-05
-1.32695e-05
-1.24847e-05
-1.16702e-05
-1.08414e-05
-1.00841e-05
-9.43404e-06
-8.95097e-06
-8.65602e-06
-8.55005e-06
-8.62731e-06
-8.9132e-06
-8.01773e-06
-8.04933e-06
-8.0702e-06
-8.08409e-06
-8.09274e-06
-8.09612e-06
-8.09482e-06
-8.09008e-06
-8.08363e-06
-8.07758e-06
-8.07456e-06
-8.07789e-06
-8.09196e-06
-8.12272e-06
-8.17859e-06
-8.27171e-06
-8.41968e-06
-8.64746e-06
-8.99133e-06
-9.49693e-06
-1.02192e-05
-1.12029e-05
-1.23714e-05
-1.35086e-05
-1.44747e-05
-1.52127e-05
-1.57058e-05
-1.59629e-05
-1.60054e-05
-1.58579e-05
-1.55443e-05
-1.50861e-05
-1.45024e-05
-1.38116e-05
-1.3033e-05
-1.21896e-05
-1.13111e-05
-1.04347e-05
-9.62278e-06
-8.90273e-06
-8.37461e-06
-8.04056e-06
-7.90634e-06
-7.9662e-06
-8.25389e-06
-8.0176e-06
-8.05232e-06
-8.0744e-06
-8.08787e-06
-8.09458e-06
-8.09439e-06
-8.08794e-06
-8.07666e-06
-8.06246e-06
-8.04773e-06
-8.03532e-06
-8.02879e-06
-8.03286e-06
-8.0538e-06
-8.10044e-06
-8.18555e-06
-8.32773e-06
-8.5525e-06
-8.89859e-06
-9.41312e-06
-1.0153e-05
-1.1165e-05
-1.23687e-05
-1.35354e-05
-1.45205e-05
-1.52657e-05
-1.57545e-05
-1.59968e-05
-1.60149e-05
-1.58342e-05
-1.54793e-05
-1.49722e-05
-1.43327e-05
-1.35799e-05
-1.27342e-05
-1.18199e-05
-1.08686e-05
-9.92228e-06
-9.03594e-06
-8.26464e-06
-7.67496e-06
-7.2919e-06
-7.12552e-06
-7.1637e-06
-7.4529e-06
-8.02617e-06
-8.06445e-06
-8.08784e-06
-8.10065e-06
-8.10488e-06
-8.10035e-06
-8.0878e-06
-8.06891e-06
-8.04591e-06
-8.02148e-06
-7.99877e-06
-7.9816e-06
-7.975e-06
-7.98556e-06
-8.02252e-06
-8.09923e-06
-8.23498e-06
-8.45701e-06
-8.8046e-06
-9.32744e-06
-1.00841e-05
-1.1123e-05
-1.23599e-05
-1.35546e-05
-1.45573e-05
-1.53086e-05
-1.5792e-05
-1.60181e-05
-1.60098e-05
-1.5793e-05
-1.53923e-05
-1.483e-05
-1.41265e-05
-1.33017e-05
-1.23773e-05
-1.13796e-05
-1.03429e-05
-9.31229e-06
-8.34424e-06
-7.50175e-06
-6.84744e-06
-6.41025e-06
-6.20662e-06
-6.21717e-06
-6.5076e-06
-8.0444e-06
-8.08672e-06
-8.11144e-06
-8.12321e-06
-8.12424e-06
-8.11436e-06
-8.09455e-06
-8.06684e-06
-8.03384e-06
-7.99866e-06
-7.96479e-06
-7.93629e-06
-7.9185e-06
-7.91829e-06
-7.94531e-06
-8.01342e-06
-8.14271e-06
-8.3617e-06
-8.71065e-06
-9.24141e-06
-1.00142e-05
-1.1079e-05
-1.23476e-05
-1.35687e-05
-1.45877e-05
-1.53441e-05
-1.58211e-05
-1.60299e-05
-1.59932e-05
-1.5737e-05
-1.52859e-05
-1.46623e-05
-1.38868e-05
-1.29801e-05
-1.19657e-05
-1.08722e-05
-9.73706e-06
-8.60867e-06
-7.54716e-06
-6.62029e-06
-5.89291e-06
-5.39623e-06
-5.1479e-06
-5.13162e-06
-5.41246e-06
-8.07339e-06
-8.12027e-06
-8.14625e-06
-8.1564e-06
-8.15326e-06
-8.13676e-06
-8.10826e-06
-8.07031e-06
-8.02603e-06
-7.97904e-06
-7.9331e-06
-7.89272e-06
-7.86335e-06
-7.85217e-06
-7.86917e-06
-7.92871e-06
-8.05162e-06
-8.26752e-06
-8.61784e-06
-9.15627e-06
-9.94467e-06
-1.10345e-05
-1.23332e-05
-1.35794e-05
-1.46136e-05
-1.53741e-05
-1.58438e-05
-1.60337e-05
-1.59665e-05
-1.56679e-05
-1.51621e-05
-1.44712e-05
-1.3616e-05
-1.26181e-05
-1.15028e-05
-1.03015e-05
-9.05508e-06
-7.8159e-06
-6.64838e-06
-5.62475e-06
-4.81466e-06
-4.25293e-06
-3.95263e-06
-3.9077e-06
-4.16794e-06
-8.1145e-06
-8.16645e-06
-8.19347e-06
-8.20113e-06
-8.19249e-06
-8.16777e-06
-8.12888e-06
-8.07905e-06
-8.02213e-06
-7.96219e-06
-7.90342e-06
-7.85065e-06
-7.80948e-06
-7.78729e-06
-7.79438e-06
-7.84555e-06
-7.96229e-06
-8.17529e-06
-8.52706e-06
-9.07301e-06
-9.87653e-06
-1.09904e-05
-1.23181e-05
-1.3588e-05
-1.46363e-05
-1.53998e-05
-1.58611e-05
-1.60306e-05
-1.59309e-05
-1.55868e-05
-1.50221e-05
-1.42583e-05
-1.33164e-05
-1.22188e-05
-1.09927e-05
-9.67238e-06
-8.30247e-06
-6.93986e-06
-5.65372e-06
-4.52121e-06
-3.61918e-06
-2.98569e-06
-2.62918e-06
-2.55356e-06
-2.77609e-06
-8.16933e-06
-8.22685e-06
-8.25444e-06
-8.25838e-06
-8.24249e-06
-8.20751e-06
-8.15619e-06
-8.09265e-06
-8.02164e-06
-7.94762e-06
-7.87534e-06
-7.8098e-06
-7.75673e-06
-7.72368e-06
-7.72113e-06
-7.76428e-06
-7.87522e-06
-8.08561e-06
-8.439e-06
-8.99238e-06
-9.8106e-06
-1.09477e-05
-1.23029e-05
-1.35953e-05
-1.46564e-05
-1.54219e-05
-1.58734e-05
-1.60212e-05
-1.58868e-05
-1.54944e-05
-1.4867e-05
-1.40254e-05
-1.29906e-05
-1.17858e-05
-1.04401e-05
-8.99081e-06
-7.48634e-06
-5.98833e-06
-4.57111e-06
-3.31734e-06
-2.31335e-06
-1.6e-06
-1.18021e-06
-1.06783e-06
-1.24982e-06
-8.23989e-06
-8.30338e-06
-8.33072e-06
-8.32918e-06
-8.30374e-06
-8.25598e-06
-8.18978e-06
-8.11062e-06
-8.02391e-06
-7.93478e-06
-7.84839e-06
-7.76985e-06
-7.70497e-06
-7.66133e-06
-7.64956e-06
-7.68516e-06
-7.79077e-06
-7.99895e-06
-8.3542e-06
-8.91497e-06
-9.74748e-06
-1.0907e-05
-1.22884e-05
-1.36018e-05
-1.46744e-05
-1.54405e-05
-1.58811e-05
-1.60056e-05
-1.58346e-05
-1.53914e-05
-1.46978e-05
-1.37743e-05
-1.26415e-05
-1.13235e-05
-9.85104e-06
-8.2643e-06
-6.6156e-06
-4.97125e-06
-3.41092e-06
-2.02328e-06
-9.05186e-07
-1.02874e-07
3.92644e-07
5.54383e-07
4.11305e-07
-8.32862e-06
-8.39833e-06
-8.42407e-06
-8.41458e-06
-8.37657e-06
-8.31293e-06
-8.22916e-06
-8.13225e-06
-8.02823e-06
-7.92306e-06
-7.8221e-06
-7.73049e-06
-7.65401e-06
-7.60021e-06
-7.57977e-06
-7.60841e-06
-7.70923e-06
-7.91568e-06
-8.27309e-06
-8.8412e-06
-9.68757e-06
-1.08685e-05
-1.22747e-05
-1.36077e-05
-1.46905e-05
-1.5456e-05
-1.58843e-05
-1.5984e-05
-1.57746e-05
-1.52784e-05
-1.4516e-05
-1.35072e-05
-1.22726e-05
-1.08369e-05
-9.2323e-06
-7.5017e-06
-5.70094e-06
-3.90079e-06
-2.18631e-06
-6.52527e-07
5.94706e-07
1.49416e-06
2.0723e-06
2.29615e-06
2.20639e-06
-8.43859e-06
-8.51445e-06
-8.53645e-06
-8.5156e-06
-8.46116e-06
-8.37794e-06
-8.27367e-06
-8.15661e-06
-8.03383e-06
-7.91182e-06
-7.796e-06
-7.69143e-06
-7.60374e-06
-7.54031e-06
-7.51184e-06
-7.53418e-06
-7.63084e-06
-7.83606e-06
-8.19593e-06
-8.77137e-06
-9.63115e-06
-1.08325e-05
-1.22621e-05
-1.36131e-05
-1.47047e-05
-1.54683e-05
-1.58831e-05
-1.59566e-05
-1.57072e-05
-1.51561e-05
-1.4323e-05
-1.32267e-05
-1.18878e-05
-1.03316e-05
-8.59165e-06
-6.71305e-06
-4.75465e-06
-2.79119e-06
-9.13182e-07
7.77224e-07
2.17022e-06
3.18431e-06
3.84692e-06
4.14177e-06
4.11667e-06
-8.57368e-06
-8.65502e-06
-8.67001e-06
-8.63314e-06
-8.55737e-06
-8.45044e-06
-8.32222e-06
-8.18272e-06
-8.03992e-06
-7.90046e-06
-7.76971e-06
-7.65248e-06
-7.55408e-06
-7.48168e-06
-7.44587e-06
-7.46262e-06
-7.55575e-06
-7.76027e-06
-8.12292e-06
-8.70565e-06
-9.57838e-06
-1.07992e-05
-1.22507e-05
-1.36182e-05
-1.47171e-05
-1.54775e-05
-1.58775e-05
-1.59235e-05
-1.5633e-05
-1.50257e-05
-1.41204e-05
-1.29355e-05
-1.14913e-05
-9.81369e-06
-7.93744e-06
-5.90922e-06
-3.79022e-06
-1.6583e-06
3.91144e-07
2.24852e-06
3.80041e-06
4.95279e-06
5.70727e-06
6.08593e-06
6.13566e-06
-8.73886e-06
-8.82402e-06
-8.82706e-06
-8.76787e-06
-8.66478e-06
-8.52947e-06
-8.37342e-06
-8.20958e-06
-8.04568e-06
-7.88845e-06
-7.74294e-06
-7.6135e-06
-7.50503e-06
-7.42437e-06
-7.38198e-06
-7.39386e-06
-7.48411e-06
-7.68843e-06
-8.05417e-06
-8.64415e-06
-9.52934e-06
-1.07686e-05
-1.22405e-05
-1.36229e-05
-1.47276e-05
-1.54835e-05
-1.58676e-05
-1.58851e-05
-1.55524e-05
-1.48881e-05
-1.39102e-05
-1.26365e-05
-1.10875e-05
-9.28955e-06
-7.2783e-06
-5.10157e-06
-2.82197e-06
-5.19286e-07
1.70764e-06
3.74297e-06
5.46593e-06
6.77447e-06
7.639e-06
8.11508e-06
8.25429e-06
-8.94067e-06
-9.02615e-06
-9.00988e-06
-8.92004e-06
-8.78246e-06
-8.61289e-06
-8.42644e-06
-8.23609e-06
-8.05034e-06
-7.87535e-06
-7.71548e-06
-7.57448e-06
-7.45667e-06
-7.36853e-06
-7.32032e-06
-7.32805e-06
-7.41602e-06
-7.62064e-06
-7.98974e-06
-8.58688e-06
-9.48403e-06
-1.07407e-05
-1.22315e-05
-1.36273e-05
-1.47365e-05
-1.54866e-05
-1.58536e-05
-1.58418e-05
-1.54662e-05
-1.47446e-05
-1.36943e-05
-1.23328e-05
-1.06808e-05
-8.76538e-06
-6.62278e-06
-4.30148e-06
-1.86452e-06
6.07803e-07
3.01504e-06
5.2369e-06
7.14427e-06
8.6251e-06
9.62467e-06
1.02142e-05
1.0464e-05
-9.18789e-06
-9.26692e-06
-9.22055e-06
-9.08941e-06
-8.90874e-06
-8.69947e-06
-8.47921e-06
-8.2611e-06
-8.05325e-06
-7.86084e-06
-7.68728e-06
-7.53548e-06
-7.40915e-06
-7.31433e-06
-7.26105e-06
-7.26531e-06
-7.35158e-06
-7.55693e-06
-7.92963e-06
-8.53382e-06
-9.4424e-06
-1.07154e-05
-1.22236e-05
-1.36312e-05
-1.47435e-05
-1.54868e-05
-1.58359e-05
-1.57939e-05
-1.53752e-05
-1.45965e-05
-1.34747e-05
-1.20273e-05
-1.02756e-05
-8.24715e-06
-5.97906e-06
-3.51992e-06
-9.32271e-07
1.70461e-06
4.29083e-06
6.70404e-06
8.80726e-06
1.04778e-05
1.16434e-05
1.23673e-05
1.27568e-05
-9.49267e-06
-9.55262e-06
-9.46043e-06
-9.27456e-06
-9.04142e-06
-8.78688e-06
-8.53014e-06
-8.28356e-06
-8.05388e-06
-7.84476e-06
-7.65838e-06
-7.49668e-06
-7.36269e-06
-7.26197e-06
-7.20434e-06
-7.20577e-06
-7.29086e-06
-7.49732e-06
-7.87378e-06
-8.48487e-06
-9.40433e-06
-1.06926e-05
-1.22168e-05
-1.36348e-05
-1.47489e-05
-1.54842e-05
-1.58146e-05
-1.57422e-05
-1.52802e-05
-1.44451e-05
-1.32534e-05
-1.17229e-05
-9.87567e-06
-7.74032e-06
-5.35458e-06
-2.76697e-06
-3.87861e-08
2.75321e-06
5.51211e-06
8.11675e-06
1.04252e-05
1.2303e-05
1.3663e-05
1.45549e-05
1.5127e-05
-9.87219e-06
-9.89012e-06
-9.73012e-06
-9.47308e-06
-9.17718e-06
-8.87254e-06
-8.57763e-06
-8.30262e-06
-8.0519e-06
-7.82713e-06
-7.62898e-06
-7.45835e-06
-7.31755e-06
-7.21169e-06
-7.15038e-06
-7.14955e-06
-7.2339e-06
-7.44177e-06
-7.82212e-06
-8.43993e-06
-9.36971e-06
-1.06723e-05
-1.2211e-05
-1.36379e-05
-1.47526e-05
-1.5479e-05
-1.57901e-05
-1.5687e-05
-1.51822e-05
-1.42917e-05
-1.30322e-05
-1.14221e-05
-9.48465e-06
-7.24968e-06
-4.7558e-06
-2.05146e-06
8.03807e-07
3.73694e-06
6.65635e-06
9.44597e-06
1.19636e-05
1.40668e-05
1.56469e-05
1.67493e-05
1.75702e-05
-1.03509e-05
-1.02859e-05
-1.00272e-05
-9.68116e-06
-9.31221e-06
-8.95375e-06
-8.62017e-06
-8.31763e-06
-8.04721e-06
-7.80811e-06
-7.59937e-06
-7.4208e-06
-7.27403e-06
-7.16373e-06
-7.09933e-06
-7.09672e-06
-7.18073e-06
-7.39024e-06
-7.77455e-06
-8.39884e-06
-9.33836e-06
-1.06542e-05
-1.22061e-05
-1.36407e-05
-1.47548e-05
-1.54715e-05
-1.57628e-05
-1.5629e-05
-1.5082e-05
-1.41376e-05
-1.28128e-05
-1.11273e-05
-9.10555e-06
-6.77918e-06
-4.18802e-06
-1.3806e-06
1.58533e-06
4.64112e-06
7.70245e-06
1.06622e-05
1.33841e-05
1.57247e-05
1.75526e-05
1.89142e-05
2.00858e-05
-1.09632e-05
-1.07421e-05
-1.03484e-05
-9.89229e-06
-9.44183e-06
-9.02786e-06
-8.65658e-06
-8.32828e-06
-8.03993e-06
-7.78803e-06
-7.56992e-06
-7.38438e-06
-7.23241e-06
-7.1183e-06
-7.05134e-06
-7.04738e-06
-7.13132e-06
-7.34266e-06
-7.73093e-06
-8.36145e-06
-9.31012e-06
-1.06382e-05
-1.2202e-05
-1.36429e-05
-1.47555e-05
-1.54618e-05
-1.57331e-05
-1.55688e-05
-1.49805e-05
-1.39839e-05
-1.25969e-05
-1.08404e-05
-8.74093e-06
-6.33211e-06
-3.65545e-06
-7.60061e-07
2.29771e-06
5.45362e-06
8.63161e-06
1.17369e-05
1.46454e-05
1.72233e-05
1.93217e-05
2.0997e-05
2.26735e-05
-1.1756e-05
-1.1253e-05
-1.06816e-05
-1.00982e-05
-9.56086e-06
-9.09237e-06
-8.68599e-06
-8.33453e-06
-8.03038e-06
-7.7673e-06
-7.54103e-06
-7.34943e-06
-7.19296e-06
-7.07558e-06
-7.00649e-06
-7.00152e-06
-7.08565e-06
-7.29893e-06
-7.69112e-06
-8.32757e-06
-9.2848e-06
-1.06242e-05
-1.21986e-05
-1.36447e-05
-1.47549e-05
-1.54503e-05
-1.57013e-05
-1.55069e-05
-1.48783e-05
-1.38317e-05
-1.23858e-05
-1.05633e-05
-8.39306e-06
-5.91119e-06
-3.16148e-06
-1.94274e-07
2.93466e-06
6.16467e-06
9.42767e-06
1.26427e-05
1.57038e-05
1.84996e-05
2.08736e-05
2.29118e-05
2.53152e-05
-1.27736e-05
-1.18072e-05
-1.10092e-05
-1.02884e-05
-9.66399e-06
-9.14524e-06
-8.70803e-06
-8.33666e-06
-8.01903e-06
-7.74639e-06
-7.51309e-06
-7.31624e-06
-7.15587e-06
-7.03569e-06
-6.96482e-06
-6.95911e-06
-7.0436e-06
-7.25887e-06
-7.65491e-06
-8.297e-06
-9.26221e-06
-1.0612e-05
-1.21958e-05
-1.3646e-05
-1.47529e-05
-1.54368e-05
-1.56676e-05
-1.54437e-05
-1.47761e-05
-1.36817e-05
-1.21803e-05
-1.0297e-05
-8.06303e-06
-5.51772e-06
-2.70765e-06
3.1471e-07
3.49299e-06
6.76844e-06
1.00791e-05
1.33569e-05
1.65167e-05
1.9482e-05
2.21033e-05
2.45306e-05
2.79677e-05
-1.41101e-05
-1.2387e-05
-1.1307e-05
-1.04516e-05
-9.74771e-06
-9.18633e-06
-8.72378e-06
-8.33599e-06
-8.00709e-06
-7.72628e-06
-7.48688e-06
-7.28539e-06
-7.12154e-06
-6.99885e-06
-6.92642e-06
-6.92011e-06
-7.005e-06
-7.22222e-06
-7.62194e-06
-8.26933e-06
-9.242e-06
-1.06013e-05
-1.21936e-05
-1.36472e-05
-1.47501e-05
-1.54222e-05
-1.56328e-05
-1.53796e-05
-1.46741e-05
-1.35337e-05
-1.19799e-05
-1.004e-05
-7.74851e-06
-5.14825e-06
-2.28931e-06
7.72742e-07
3.97935e-06
7.27133e-06
1.05893e-05
1.38733e-05
1.70564e-05
2.01008e-05
2.28838e-05
2.57064e-05
3.06548e-05
-1.58739e-05
-1.29551e-05
-1.15396e-05
-1.0577e-05
-9.8128e-06
-9.21907e-06
-8.73684e-06
-8.33559e-06
-7.99697e-06
-7.70885e-06
-7.46382e-06
-7.25799e-06
-7.09084e-06
-6.96577e-06
-6.89183e-06
-6.88489e-06
-6.97007e-06
-7.18899e-06
-7.59201e-06
-8.24419e-06
-9.22372e-06
-1.05921e-05
-1.21925e-05
-1.36492e-05
-1.47483e-05
-1.54088e-05
-1.55994e-05
-1.53175e-05
-1.45749e-05
-1.33897e-05
-1.17854e-05
-9.79191e-06
-7.4471e-06
-4.79769e-06
-1.89799e-06
1.19229e-06
4.41081e-06
7.69519e-06
1.09839e-05
1.4217e-05
1.73322e-05
2.03093e-05
2.30528e-05
2.61798e-05
3.32877e-05
-1.73518e-05
-1.32973e-05
-1.16431e-05
-1.06437e-05
-9.8537e-06
-9.24097e-06
-8.74518e-06
-8.3335e-06
-7.9868e-06
-7.69238e-06
-7.44243e-06
-7.23282e-06
-7.06287e-06
-6.93585e-06
-6.86081e-06
-6.85362e-06
-6.93935e-06
-7.16005e-06
-7.56621e-06
-8.22266e-06
-9.20807e-06
-1.0584e-05
-1.21913e-05
-1.36505e-05
-1.47459e-05
-1.53959e-05
-1.55686e-05
-1.52612e-05
-1.44855e-05
-1.32608e-05
-1.16124e-05
-9.57272e-06
-7.18318e-06
-4.49443e-06
-1.56519e-06
1.54023e-06
4.75455e-06
8.00991e-06
1.12381e-05
1.43695e-05
1.73246e-05
2.00432e-05
2.23727e-05
2.5019e-05
3.2433e-05
)
;

boundaryField
{
    inlet
    {
        type            uniformJump;
        patchType       cyclic;
        jump            uniform -2.5e-05;
        value           nonuniform List<scalar> 
40
(
1.0359e-06
1.05324e-06
1.07187e-06
1.09118e-06
1.11279e-06
1.13819e-06
1.1694e-06
1.20963e-06
1.26328e-06
1.33517e-06
1.42934e-06
1.54871e-06
1.69298e-06
1.85617e-06
2.02833e-06
2.20402e-06
2.36363e-06
2.48092e-06
2.53469e-06
2.50849e-06
2.41917e-06
2.30363e-06
2.21935e-06
2.16524e-06
2.13959e-06
2.137e-06
2.14929e-06
2.16921e-06
2.19164e-06
2.21346e-06
2.2331e-06
2.25001e-06
2.2642e-06
2.27591e-06
2.28548e-06
2.29322e-06
2.29946e-06
2.30449e-06
2.30874e-06
2.31228e-06
)
;
        jumpTable       table;
        jumpTableCoeffs
        {
            values          
4
(
(0 -2.5e-05)
(25 -2.5e-05)
(25.5 -0.0001)
(26 -2.5e-05)
)
;
        }
    }
    outlet
    {
        type            uniformJump;
        patchType       cyclic;
        value           nonuniform List<scalar> 
40
(
-2.39641e-05
-2.39468e-05
-2.39281e-05
-2.39088e-05
-2.38872e-05
-2.38618e-05
-2.38306e-05
-2.37904e-05
-2.37367e-05
-2.36648e-05
-2.35707e-05
-2.34513e-05
-2.3307e-05
-2.31438e-05
-2.29717e-05
-2.2796e-05
-2.26364e-05
-2.25191e-05
-2.24653e-05
-2.24915e-05
-2.25808e-05
-2.26964e-05
-2.27807e-05
-2.28348e-05
-2.28604e-05
-2.2863e-05
-2.28507e-05
-2.28308e-05
-2.28084e-05
-2.27865e-05
-2.27669e-05
-2.275e-05
-2.27358e-05
-2.27241e-05
-2.27145e-05
-2.27068e-05
-2.27005e-05
-2.26955e-05
-2.26913e-05
-2.26877e-05
)
;
    }
    Walls
    {
        type            zeroGradient;
    }
    back
    {
        type            empty;
    }
    front
    {
        type            empty;
    }
}


// ************************************************************************* //
