/*--------------------------------*- C++ -*----------------------------------*\
| =========                 |                                                 |
| \\      /  F ield         | OpenFOAM: The Open Source CFD Toolbox           |
|  \\    /   O peration     | Version:  2312                                  |
|   \\  /    A nd           | Website:  www.openfoam.com                      |
|    \\/     M anipulation  |                                                 |
\*---------------------------------------------------------------------------*/
FoamFile
{
    version     2.0;
    format      ascii;
    arch        "LSB;label=32;scalar=64";
    class       volScalarField;
    location    "9";
    object      p;
}
// * * * * * * * * * * * * * * * * * * * * * * * * * * * * * * * * * * * * * //

dimensions      [0 2 -2 0 0 0 0];

internalField   nonuniform List<scalar> 
4800
(
-2.81736e-12
-1.4041e-06
-2.57393e-06
-3.56541e-06
-4.41649e-06
-5.15221e-06
-5.79686e-06
-6.36789e-06
-6.87366e-06
-7.32645e-06
-7.73485e-06
-8.1009e-06
-8.41828e-06
-8.91743e-06
-1.05445e-05
1.5364e-08
-1.38613e-06
-2.55413e-06
-3.54447e-06
-4.39556e-06
-5.13235e-06
-5.77953e-06
-6.35457e-06
-6.8663e-06
-7.32881e-06
-7.75583e-06
-8.16288e-06
-8.5647e-06
-9.06789e-06
-9.92014e-06
3.17728e-08
-1.36684e-06
-2.53296e-06
-3.52233e-06
-4.3733e-06
-5.11095e-06
-5.75901e-06
-6.33706e-06
-6.85355e-06
-7.3231e-06
-7.7609e-06
-8.18327e-06
-8.59951e-06
-9.01905e-06
-9.4219e-06
4.87674e-08
-1.34635e-06
-2.51007e-06
-3.49795e-06
-4.3482e-06
-5.0867e-06
-5.73396e-06
-6.31323e-06
-6.83183e-06
-7.30259e-06
-7.73848e-06
-8.14739e-06
-8.52244e-06
-8.83401e-06
-9.01453e-06
6.7846e-08
-1.32292e-06
-2.48346e-06
-3.46909e-06
-4.31773e-06
-5.05603e-06
-5.70205e-06
-6.27902e-06
-6.79568e-06
-7.26038e-06
-7.68132e-06
-8.05705e-06
-8.3696e-06
-8.58176e-06
-8.63985e-06
9.04792e-08
-1.29497e-06
-2.45141e-06
-3.43381e-06
-4.27968e-06
-5.01541e-06
-5.6594e-06
-6.23029e-06
-6.73886e-06
-7.18896e-06
-7.58301e-06
-7.91338e-06
-8.15988e-06
-8.29378e-06
-8.28763e-06
1.18839e-07
-1.26031e-06
-2.41155e-06
-3.38943e-06
-4.2309e-06
-4.96172e-06
-5.60005e-06
-6.16119e-06
-6.65459e-06
-7.08137e-06
-7.43951e-06
-7.71973e-06
-7.90656e-06
-7.98524e-06
-7.94902e-06
1.56575e-07
-1.21535e-06
-2.3601e-06
-3.33179e-06
-4.16663e-06
-4.8896e-06
-5.51779e-06
-6.0641e-06
-6.53553e-06
-6.93191e-06
-7.24963e-06
-7.48173e-06
-7.62053e-06
-7.66359e-06
-7.6159e-06
2.09188e-07
-1.15467e-06
-2.29144e-06
-3.25485e-06
-4.08026e-06
-4.79166e-06
-5.40492e-06
-5.93084e-06
-6.37469e-06
-6.73654e-06
-7.01407e-06
-7.2048e-06
-7.30856e-06
-7.33104e-06
-7.28227e-06
2.83919e-07
-1.07094e-06
-2.19795e-06
-3.15057e-06
-3.96323e-06
-4.65891e-06
-5.25243e-06
-5.75325e-06
-6.16605e-06
-6.49276e-06
-6.73412e-06
-6.89252e-06
-6.97324e-06
-6.98619e-06
-6.94265e-06
3.89017e-07
-9.55395e-07
-2.07034e-06
-3.00916e-06
-3.80543e-06
-4.48125e-06
-5.05084e-06
-5.52341e-06
-5.90468e-06
-6.19897e-06
-6.4107e-06
-6.54621e-06
-6.61398e-06
-6.62539e-06
-6.59119e-06
5.32832e-07
-7.98653e-07
-1.89844e-06
-2.81992e-06
-3.59607e-06
-4.24846e-06
-4.7914e-06
-5.23493e-06
-5.58686e-06
-5.85392e-06
-6.0437e-06
-6.16512e-06
-6.22804e-06
-6.24372e-06
-6.2217e-06
7.23545e-07
-5.91097e-07
-1.67172e-06
-2.57196e-06
-3.32457e-06
-3.95114e-06
-4.46676e-06
-4.88303e-06
-5.2098e-06
-5.45623e-06
-5.63189e-06
-5.74693e-06
-5.81138e-06
-5.83563e-06
-5.8279e-06
9.69342e-07
-3.228e-07
-1.3794e-06
-2.25436e-06
-2.98076e-06
-3.58072e-06
-4.07052e-06
-4.46334e-06
-4.77076e-06
-5.00363e-06
-5.17249e-06
-5.2877e-06
-5.3588e-06
-5.39499e-06
-5.40331e-06
1.27823e-06
1.62804e-08
-1.01063e-06
-1.85642e-06
-2.55489e-06
-3.12905e-06
-3.59628e-06
-3.97095e-06
-4.26568e-06
-4.4919e-06
-4.6605e-06
-4.78144e-06
-4.86342e-06
-4.91446e-06
-4.94059e-06
1.65701e-06
4.35238e-07
-5.55585e-07
-1.36864e-06
-2.0384e-06
-2.58875e-06
-3.0377e-06
-3.40003e-06
-3.68854e-06
-3.91484e-06
-4.08908e-06
-4.22054e-06
-4.3171e-06
-4.38573e-06
-4.43166e-06
2.10913e-06
9.39988e-07
-7.59095e-09
-7.8463e-07
-1.4256e-06
-1.95469e-06
-2.38991e-06
-2.74573e-06
-3.03433e-06
-3.26646e-06
-3.45145e-06
-3.5978e-06
-3.71252e-06
-3.80166e-06
-3.86976e-06
2.63204e-06
1.53006e-06
6.33621e-07
-1.04223e-07
-7.16476e-07
-1.22663e-06
-1.65198e-06
-2.00604e-06
-2.29987e-06
-2.54293e-06
-2.74328e-06
-2.90864e-06
-3.04526e-06
-3.15828e-06
-3.25168e-06
3.215e-06
2.19536e-06
1.3583e-06
6.62992e-07
7.96867e-08
-4.13101e-07
-8.3108e-07
-1.18625e-06
-1.4883e-06
-1.74555e-06
-1.96493e-06
-2.15266e-06
-2.31411e-06
-2.45388e-06
-2.57558e-06
3.8369e-06
2.91287e-06
2.14261e-06
1.49299e-06
9.39097e-07
4.62594e-07
5.00512e-08
-3.08565e-07
-6.21133e-07
-8.94246e-07
-1.13384e-06
-1.345e-06
-1.5325e-06
-1.70039e-06
-1.85199e-06
4.43477e-06
3.6092e-06
2.90694e-06
2.30284e-06
1.77747e-06
1.31623e-06
9.08234e-07
5.45256e-07
2.20855e-07
-7.01835e-08
-3.32201e-07
-5.69174e-07
-7.85273e-07
-9.83863e-07
-1.16773e-06
4.92514e-06
4.18503e-06
3.54189e-06
2.97732e-06
2.47676e-06
2.02909e-06
1.62582e-06
1.26036e-06
9.2735e-07
6.22108e-07
3.40382e-07
7.90044e-08
-1.63872e-07
-3.90485e-07
-6.03308e-07
5.29186e-06
4.61829e-06
4.0211e-06
3.48694e-06
3.00512e-06
2.56719e-06
2.16647e-06
1.79756e-06
1.45602e-06
1.13813e-06
8.40861e-07
5.619e-07
2.9899e-07
5.02445e-08
-1.86245e-07
5.5596e-06
4.93798e-06
4.37699e-06
3.86706e-06
3.40035e-06
2.97042e-06
2.57197e-06
2.20063e-06
1.85275e-06
1.52537e-06
1.21601e-06
9.22541e-07
6.43088e-07
3.76037e-07
1.19835e-07
5.75289e-06
5.17193e-06
4.6398e-06
4.14951e-06
3.69523e-06
3.27199e-06
2.87551e-06
2.50222e-06
2.14913e-06
1.81378e-06
1.49404e-06
1.18813e-06
8.94551e-07
6.1198e-07
3.39132e-07
5.89107e-06
5.34214e-06
4.83308e-06
4.35864e-06
3.9144e-06
3.49645e-06
3.10134e-06
2.72612e-06
2.36835e-06
2.02596e-06
1.6972e-06
1.38068e-06
1.07514e-06
7.79499e-07
4.92682e-07
5.98899e-06
5.46549e-06
4.97486e-06
4.51311e-06
4.07687e-06
3.66299e-06
3.26866e-06
2.89149e-06
2.52949e-06
2.18097e-06
1.84449e-06
1.51899e-06
1.20337e-06
8.9673e-07
5.98203e-07
6.05786e-06
5.55476e-06
5.07894e-06
4.62739e-06
4.1975e-06
3.78672e-06
3.39277e-06
3.01371e-06
2.64794e-06
2.29411e-06
1.95106e-06
1.61791e-06
1.29372e-06
9.77785e-07
6.69394e-07
6.10604e-06
5.61953e-06
5.15573e-06
4.71248e-06
4.28769e-06
3.87929e-06
3.48544e-06
3.10461e-06
2.73549e-06
2.37696e-06
2.02831e-06
1.68859e-06
1.35707e-06
1.03324e-06
7.16501e-07
6.13969e-06
5.66685e-06
5.21299e-06
4.77657e-06
4.35591e-06
3.94935e-06
3.55542e-06
3.17295e-06
2.80091e-06
2.43834e-06
2.08471e-06
1.73928e-06
1.40149e-06
1.07091e-06
7.4707e-07
6.1633e-06
5.70191e-06
5.25637e-06
4.82565e-06
4.40839e-06
4.00326e-06
3.60915e-06
3.22511e-06
2.85034e-06
2.48437e-06
2.12641e-06
1.77602e-06
1.43281e-06
1.09644e-06
7.66525e-07
6.18008e-06
5.72842e-06
5.28995e-06
4.86403e-06
4.44958e-06
4.04559e-06
3.65122e-06
3.2658e-06
2.88872e-06
2.51956e-06
2.15779e-06
1.80311e-06
1.45519e-06
1.11381e-06
7.78653e-07
6.19229e-06
5.74898e-06
5.31657e-06
4.89474e-06
4.48265e-06
4.07957e-06
3.68491e-06
3.29818e-06
2.91904e-06
2.54706e-06
2.18196e-06
1.82351e-06
1.47149e-06
1.12574e-06
7.86029e-07
6.20147e-06
5.7654e-06
5.33822e-06
4.91989e-06
4.50979e-06
4.10746e-06
3.71249e-06
3.32459e-06
2.94354e-06
2.56908e-06
2.20103e-06
1.83926e-06
1.48363e-06
1.13406e-06
7.90364e-07
6.20864e-06
5.77888e-06
5.35625e-06
4.94094e-06
4.53253e-06
4.1308e-06
3.73551e-06
3.34653e-06
2.96378e-06
2.5871e-06
2.21643e-06
1.85172e-06
1.4929e-06
1.13996e-06
7.92767e-07
6.21445e-06
5.79021e-06
5.37154e-06
4.95883e-06
4.55188e-06
4.15065e-06
3.75503e-06
3.36506e-06
2.98079e-06
2.60212e-06
2.22911e-06
1.86179e-06
1.50015e-06
1.14423e-06
7.93951e-07
6.21929e-06
5.79988e-06
5.38465e-06
4.9742e-06
4.5685e-06
4.16768e-06
3.77172e-06
3.38087e-06
2.99521e-06
2.61477e-06
2.23969e-06
1.87005e-06
1.50592e-06
1.14736e-06
7.94366e-07
6.22346e-06
5.80829e-06
5.39606e-06
4.98757e-06
4.58293e-06
4.18241e-06
3.78613e-06
3.39451e-06
3.0076e-06
2.62558e-06
2.24865e-06
1.87696e-06
1.51061e-06
1.14971e-06
7.94282e-07
6.22732e-06
5.81608e-06
5.40662e-06
4.99992e-06
4.59624e-06
4.19596e-06
3.79942e-06
3.40702e-06
3.01892e-06
2.6354e-06
2.25673e-06
1.88311e-06
1.51468e-06
1.15157e-06
7.93835e-07
6.23091e-06
5.8236e-06
5.41682e-06
5.01186e-06
4.60912e-06
4.20911e-06
3.81224e-06
3.41903e-06
3.02976e-06
2.64476e-06
2.26433e-06
1.88873e-06
1.51823e-06
1.15303e-06
7.93207e-07
-1.19109e-05
-9.6762e-06
-8.30167e-06
-7.37903e-06
-6.63867e-06
-6.06713e-06
-5.61943e-06
-5.26469e-06
-4.98252e-06
-4.75703e-06
-4.57555e-06
-4.42769e-06
-4.30485e-06
-4.20043e-06
-4.11021e-06
-4.03402e-06
-3.97717e-06
-3.95471e-06
-3.99349e-06
-4.13752e-06
-4.44237e-06
-4.96224e-06
-5.64801e-06
-6.2951e-06
-6.74914e-06
-6.93398e-06
-6.81244e-06
-6.37294e-06
-5.61607e-06
-4.54967e-06
-3.18775e-06
-1.55184e-06
3.27669e-07
2.41118e-06
4.65058e-06
6.99071e-06
9.37061e-06
1.17236e-05
1.39746e-05
1.60333e-05
1.77746e-05
1.9035e-05
1.94449e-05
1.86854e-05
1.55476e-05
-1.02978e-05
-9.14144e-06
-8.10211e-06
-7.28028e-06
-6.58548e-06
-6.02962e-06
-5.5876e-06
-5.23517e-06
-4.95435e-06
-4.73015e-06
-4.55017e-06
-4.40407e-06
-4.28328e-06
-4.1812e-06
-4.09368e-06
-4.0206e-06
-3.96728e-06
-3.94863e-06
-3.99106e-06
-4.13759e-06
-4.44222e-06
-4.95728e-06
-5.63356e-06
-6.26942e-06
-6.71335e-06
-6.89042e-06
-6.76366e-06
-6.32148e-06
-5.56467e-06
-4.50167e-06
-3.14764e-06
-1.52568e-06
3.31854e-07
2.38293e-06
4.57633e-06
6.85265e-06
9.14475e-06
1.13766e-05
1.34577e-05
1.52719e-05
1.66435e-05
1.73034e-05
1.67248e-05
1.41598e-05
8.64135e-06
-9.45185e-06
-8.72366e-06
-7.8948e-06
-7.16404e-06
-6.51986e-06
-5.98566e-06
-5.55262e-06
-5.20408e-06
-4.92521e-06
-4.70247e-06
-4.52397e-06
-4.37958e-06
-4.26079e-06
-4.16108e-06
-4.07638e-06
-4.00663e-06
-3.95718e-06
-3.94278e-06
-3.9893e-06
-4.13864e-06
-4.44296e-06
-4.95238e-06
-5.61751e-06
-6.24018e-06
-6.6722e-06
-6.84016e-06
-6.70754e-06
-6.26282e-06
-5.50716e-06
-4.44991e-06
-3.10768e-06
-1.5056e-06
3.21435e-07
2.32824e-06
4.45963e-06
6.65085e-06
8.82731e-06
1.0902e-05
1.27687e-05
1.4287e-05
1.52546e-05
1.53663e-05
1.415e-05
1.10888e-05
6.09009e-06
-8.9098e-06
-8.38142e-06
-7.71194e-06
-7.05398e-06
-6.45817e-06
-5.94694e-06
-5.52341e-06
-5.17833e-06
-4.90051e-06
-4.67817e-06
-4.50017e-06
-4.35666e-06
-4.23927e-06
-4.14153e-06
-4.05944e-06
-3.99299e-06
-3.94755e-06
-3.93762e-06
-3.9885e-06
-4.1408e-06
-4.44465e-06
-4.94767e-06
-5.60013e-06
-6.20759e-06
-6.62557e-06
-6.78234e-06
-6.64207e-06
-6.19352e-06
-5.43852e-06
-4.38767e-06
-3.05956e-06
-1.48198e-06
3.06915e-07
2.25801e-06
4.31128e-06
6.39586e-06
8.42916e-06
1.0314e-05
1.19315e-05
1.31297e-05
1.37059e-05
1.33935e-05
1.18713e-05
8.90015e-06
4.73234e-06
-8.48684e-06
-8.07843e-06
-7.53223e-06
-6.95748e-06
-6.40652e-06
-5.91822e-06
-5.50423e-06
-5.16158e-06
-4.88327e-06
-4.65966e-06
-4.48061e-06
-4.3367e-06
-4.21972e-06
-4.1233e-06
-4.04348e-06
-3.98029e-06
-3.93901e-06
-3.93388e-06
-3.98945e-06
-4.14486e-06
-4.44795e-06
-4.94346e-06
-5.58128e-06
-6.17126e-06
-6.57311e-06
-6.71704e-06
-6.56814e-06
-6.11572e-06
-5.36256e-06
-4.3209e-06
-3.01175e-06
-1.46605e-06
2.74297e-07
2.15576e-06
4.11316e-06
6.06959e-06
7.93553e-06
9.6065e-06
1.09588e-05
1.18434e-05
1.20843e-05
1.14887e-05
9.88747e-06
7.23998e-06
3.82236e-06
-8.12962e-06
-7.80332e-06
-7.35251e-06
-6.85966e-06
-6.36156e-06
-5.8992e-06
-5.49636e-06
-5.15607e-06
-4.87621e-06
-4.64971e-06
-4.46783e-06
-4.32189e-06
-4.20401e-06
-4.10796e-06
-4.02984e-06
-3.96967e-06
-3.93263e-06
-3.93255e-06
-3.99312e-06
-4.15171e-06
-4.45355e-06
-4.94011e-06
-5.56087e-06
-6.13074e-06
-6.51416e-06
-6.64365e-06
-6.4855e-06
-6.02986e-06
-5.28081e-06
-4.25261e-06
-2.96912e-06
-1.46478e-06
2.14391e-07
2.01034e-06
3.85303e-06
5.66054e-06
7.3389e-06
8.78145e-06
9.86826e-06
1.04688e-05
1.04483e-05
9.69194e-06
8.14442e-06
5.87306e-06
3.13148e-06
-7.80341e-06
-7.54009e-06
-7.17366e-06
-6.74882e-06
-6.30866e-06
-5.88256e-06
-5.49533e-06
-5.16055e-06
-4.88002e-06
-4.65005e-06
-4.46404e-06
-4.31454e-06
-4.19434e-06
-4.09751e-06
-4.0203e-06
-3.96274e-06
-3.92987e-06
-3.93496e-06
-4.00067e-06
-4.16233e-06
-4.4622e-06
-4.93803e-06
-5.53887e-06
-6.08561e-06
-6.44807e-06
-6.56143e-06
-6.39355e-06
-5.9358e-06
-5.19397e-06
-4.18473e-06
-2.93513e-06
-1.4834e-06
1.20305e-07
1.81372e-06
3.52292e-06
5.16306e-06
6.63951e-06
7.84961e-06
8.68616e-06
9.04498e-06
8.83748e-06
8.01301e-06
6.58548e-06
4.66032e-06
2.44383e-06
-7.48796e-06
-7.27464e-06
-6.979e-06
-6.62356e-06
-6.23953e-06
-5.85427e-06
-5.49256e-06
-5.16936e-06
-4.89167e-06
-4.65968e-06
-4.4696e-06
-4.31582e-06
-4.19228e-06
-4.09369e-06
-4.01665e-06
-3.96125e-06
-3.93237e-06
-3.94265e-06
-4.01352e-06
-4.17792e-06
-4.47482e-06
-4.93771e-06
-5.51529e-06
-6.03548e-06
-6.37426e-06
-6.46982e-06
-6.29208e-06
-5.83405e-06
-5.10366e-06
-4.12037e-06
-2.91463e-06
-1.5285e-06
-1.59245e-08
1.55756e-06
3.11589e-06
4.57428e-06
5.84194e-06
6.8261e-06
7.43832e-06
7.60406e-06
7.27526e-06
6.44552e-06
5.16263e-06
3.53369e-06
1.71608e-06
-7.1731e-06
-7.0004e-06
-6.76303e-06
-6.47134e-06
-6.14489e-06
-5.80626e-06
-5.47702e-06
-5.17305e-06
-4.90414e-06
-4.674e-06
-4.48195e-06
-4.32472e-06
-4.1979e-06
-4.09728e-06
-4.02008e-06
-3.96661e-06
-3.94167e-06
-3.95715e-06
-4.0331e-06
-4.19971e-06
-4.49232e-06
-4.93964e-06
-5.49013e-06
-5.98006e-06
-6.29237e-06
-6.36874e-06
-6.1816e-06
-5.72616e-06
-5.01292e-06
-4.06435e-06
-2.91435e-06
-1.60841e-06
-2.0343e-07
1.23335e-06
2.62622e-06
3.89398e-06
4.95399e-06
5.72779e-06
6.14827e-06
6.16846e-06
5.77071e-06
4.97418e-06
3.83778e-06
2.45552e-06
9.44227e-07
-6.85231e-06
-6.71366e-06
-6.52454e-06
-6.28896e-06
-6.01826e-06
-5.72879e-06
-5.43791e-06
-5.16056e-06
-4.90759e-06
-4.68518e-06
-4.49542e-06
-4.33754e-06
-4.2091e-06
-4.10738e-06
-4.03055e-06
-3.97939e-06
-3.9587e-06
-3.9796e-06
-4.06056e-06
-4.22875e-06
-4.51546e-06
-4.94422e-06
-5.46342e-06
-5.9192e-06
-6.20247e-06
-6.25883e-06
-6.06374e-06
-5.61516e-06
-4.92654e-06
-4.02345e-06
-2.94283e-06
-1.73282e-06
-4.51803e-07
8.33396e-07
2.05035e-06
3.12486e-06
3.98584e-06
4.57123e-06
4.8345e-06
4.75082e-06
4.32224e-06
3.57959e-06
2.58036e-06
1.40137e-06
1.28566e-07
-6.51968e-06
-6.41069e-06
-6.26232e-06
-6.07553e-06
-5.85637e-06
-5.61567e-06
-5.36653e-06
-5.12168e-06
-4.89162e-06
-4.68371e-06
-4.50207e-06
-4.34812e-06
-4.22148e-06
-4.12109e-06
-4.04638e-06
-3.99883e-06
-3.98334e-06
-4.01025e-06
-4.09635e-06
-4.26545e-06
-4.54456e-06
-4.95163e-06
-5.43524e-06
-5.85316e-06
-6.10545e-06
-6.14202e-06
-5.9418e-06
-5.50609e-06
-4.85157e-06
-4.00658e-06
-3.01035e-06
-1.91228e-06
-7.70332e-07
3.51629e-07
1.38731e-06
2.27228e-06
2.9488e-06
3.37101e-06
3.50968e-06
3.35571e-06
2.92189e-06
2.24179e-06
1.36578e-06
3.54219e-07
-7.2969e-07
-6.16915e-06
-6.087e-06
-5.97399e-06
-5.82981e-06
-5.65733e-06
-5.46329e-06
-5.25702e-06
-5.04855e-06
-4.84715e-06
-4.66029e-06
-4.49318e-06
-4.34891e-06
-4.22891e-06
-4.13375e-06
-4.06424e-06
-4.02265e-06
-4.01411e-06
-4.04819e-06
-4.13986e-06
-4.3094e-06
-4.57928e-06
-4.96172e-06
-5.40597e-06
-5.78303e-06
-6.00358e-06
-6.02219e-06
-5.82144e-06
-5.4066e-06
-4.79759e-06
-4.02485e-06
-3.12852e-06
-2.15747e-06
-1.16697e-06
-2.15473e-07
6.39191e-07
1.34393e-06
1.85448e-06
2.13912e-06
2.18163e-06
1.9826e-06
1.55924e-06
9.42841e-07
1.74945e-07
-6.98135e-07
-1.6298e-06
-5.79456e-06
-5.73747e-06
-5.65609e-06
-5.54967e-06
-5.41936e-06
-5.26915e-06
-5.10535e-06
-4.93544e-06
-4.767e-06
-4.60687e-06
-4.46059e-06
-4.33222e-06
-4.22456e-06
-4.13963e-06
-4.07949e-06
-4.04726e-06
-4.04826e-06
-4.09129e-06
-4.18937e-06
-4.3592e-06
-4.61858e-06
-4.97415e-06
-5.37657e-06
-5.71133e-06
-5.90139e-06
-5.90598e-06
-5.7113e-06
-5.32721e-06
-4.77667e-06
-4.09094e-06
-3.30925e-06
-2.47781e-06
-1.64699e-06
-8.67843e-07
-1.88402e-07
3.49737e-07
7.14527e-07
8.85614e-07
8.55247e-07
6.29031e-07
2.24556e-07
-3.3134e-07
-1.00579e-06
-1.76382e-06
-2.57101e-06
-5.38964e-06
-5.35665e-06
-5.30442e-06
-5.23224e-06
-5.14039e-06
-5.03115e-06
-4.90863e-06
-4.77819e-06
-4.64571e-06
-4.51698e-06
-4.39725e-06
-4.29098e-06
-4.20178e-06
-4.13276e-06
-4.08698e-06
-4.06829e-06
-4.08209e-06
-4.13649e-06
-4.24226e-06
-4.41276e-06
-4.66097e-06
-4.98867e-06
-5.34885e-06
-5.64274e-06
-5.80657e-06
-5.80342e-06
-5.62312e-06
-5.28111e-06
-4.80266e-06
-4.21789e-06
-3.56309e-06
-2.87976e-06
-2.21157e-06
-1.60092e-06
-1.0859e-06
-6.97706e-07
-4.58621e-07
-3.79998e-07
-4.65202e-07
-7.06757e-07
-1.08885e-06
-1.58982e-06
-2.18445e-06
-2.84666e-06
-3.55103e-06
-4.94745e-06
-4.93839e-06
-4.91401e-06
-4.8738e-06
-4.81774e-06
-4.74709e-06
-4.66452e-06
-4.57378e-06
-4.47925e-06
-4.38559e-06
-4.29741e-06
-4.21905e-06
-4.15445e-06
-4.10735e-06
-4.08142e-06
-4.08104e-06
-4.11148e-06
-4.18009e-06
-4.29544e-06
-4.46784e-06
-4.70514e-06
-5.00595e-06
-5.32574e-06
-5.58481e-06
-5.73039e-06
-5.727e-06
-5.57058e-06
-5.28301e-06
-4.88962e-06
-4.41717e-06
-3.89723e-06
-3.36502e-06
-2.85651e-06
-2.40524e-06
-2.03999e-06
-1.78303e-06
-1.64931e-06
-1.64667e-06
-1.7738e-06
-2.02346e-06
-2.38298e-06
-2.83576e-06
-3.363e-06
-3.9455e-06
-4.56455e-06
-4.46046e-06
-4.476e-06
-4.47927e-06
-4.47003e-06
-4.44825e-06
-4.41468e-06
-4.37109e-06
-4.32009e-06
-4.26491e-06
-4.20918e-06
-4.15674e-06
-4.11149e-06
-4.0773e-06
-4.05804e-06
-4.0577e-06
-4.08068e-06
-4.13213e-06
-4.21812e-06
-4.34589e-06
-4.52233e-06
-4.75109e-06
-5.02821e-06
-5.3139e-06
-5.54899e-06
-5.68487e-06
-5.68802e-06
-5.5687e-06
-5.34904e-06
-5.0512e-06
-4.69771e-06
-4.31461e-06
-3.93018e-06
-3.57254e-06
-3.26714e-06
-3.03497e-06
-2.89147e-06
-2.84626e-06
-2.90379e-06
-3.06253e-06
-3.31625e-06
-3.65514e-06
-4.06694e-06
-4.53801e-06
-5.05447e-06
-5.60267e-06
-3.92248e-06
-3.96408e-06
-3.99573e-06
-4.01753e-06
-4.02959e-06
-4.0325e-06
-4.02752e-06
-4.01649e-06
-4.00182e-06
-3.98628e-06
-3.97299e-06
-3.96528e-06
-3.96667e-06
-3.98078e-06
-4.01153e-06
-4.06302e-06
-4.14001e-06
-4.24732e-06
-4.39085e-06
-4.57466e-06
-4.8001e-06
-5.06195e-06
-5.32608e-06
-5.5422e-06
-5.67229e-06
-5.69965e-06
-5.63423e-06
-5.49437e-06
-5.29815e-06
-5.0643e-06
-4.81346e-06
-4.56728e-06
-4.34672e-06
-4.1704e-06
-4.05336e-06
-4.00597e-06
-4.03364e-06
-4.13987e-06
-4.32332e-06
-4.57922e-06
-4.90043e-06
-5.27825e-06
-5.70309e-06
-6.16511e-06
-6.65453e-06
-3.33111e-06
-3.40101e-06
-3.4627e-06
-3.51656e-06
-3.56299e-06
-3.60263e-06
-3.63648e-06
-3.66593e-06
-3.69281e-06
-3.71926e-06
-3.74777e-06
-3.78109e-06
-3.82223e-06
-3.8744e-06
-3.94105e-06
-4.02588e-06
-4.1328e-06
-4.26589e-06
-4.42902e-06
-4.62502e-06
-4.8538e-06
-5.11067e-06
-5.36379e-06
-5.57071e-06
-5.71038e-06
-5.77787e-06
-5.77914e-06
-5.72607e-06
-5.63245e-06
-5.51344e-06
-5.38499e-06
-5.26309e-06
-5.16268e-06
-5.09679e-06
-5.07578e-06
-5.1071e-06
-5.19569e-06
-5.34237e-06
-5.54598e-06
-5.80349e-06
-6.11027e-06
-6.46054e-06
-6.84783e-06
-7.26533e-06
-7.70615e-06
-2.68488e-06
-2.78616e-06
-2.88061e-06
-2.96878e-06
-3.05133e-06
-3.12906e-06
-3.20288e-06
-3.27395e-06
-3.3437e-06
-3.41382e-06
-3.48629e-06
-3.56335e-06
-3.64746e-06
-3.74131e-06
-3.84778e-06
-3.96992e-06
-4.11086e-06
-4.27371e-06
-4.46113e-06
-4.67493e-06
-4.91471e-06
-5.17608e-06
-5.43136e-06
-5.6475e-06
-5.81481e-06
-5.93327e-06
-6.00606e-06
-6.04e-06
-6.04478e-06
-6.03175e-06
-6.01276e-06
-5.99924e-06
-6.00153e-06
-6.02844e-06
-6.08706e-06
-6.18301e-06
-6.3198e-06
-6.49822e-06
-6.71766e-06
-6.97636e-06
-7.27155e-06
-7.59964e-06
-7.95646e-06
-8.33748e-06
-8.73799e-06
-1.99303e-06
-2.12776e-06
-2.25715e-06
-2.3817e-06
-2.50225e-06
-2.61968e-06
-2.73491e-06
-2.84897e-06
-2.96298e-06
-3.07832e-06
-3.19655e-06
-3.31943e-06
-3.44894e-06
-3.58719e-06
-3.73646e-06
-3.89911e-06
-4.07752e-06
-4.27397e-06
-4.49038e-06
-4.72797e-06
-4.98651e-06
-5.26328e-06
-5.53607e-06
-5.77936e-06
-5.98764e-06
-6.16212e-06
-6.30498e-06
-6.42042e-06
-6.51478e-06
-6.59584e-06
-6.67181e-06
-6.75057e-06
-6.8392e-06
-6.94369e-06
-7.06864e-06
-7.21719e-06
-7.39211e-06
-7.59515e-06
-7.82672e-06
-8.08615e-06
-8.37197e-06
-8.68212e-06
-9.01411e-06
-9.36513e-06
-9.7321e-06
-1.34216e-06
-1.51125e-06
-1.67598e-06
-1.83695e-06
-1.99504e-06
-2.15119e-06
-2.30628e-06
-2.46121e-06
-2.61696e-06
-2.77464e-06
-2.93551e-06
-3.101e-06
-3.27266e-06
-3.45216e-06
-3.64127e-06
-3.84181e-06
-4.05561e-06
-4.28439e-06
-4.52971e-06
-4.79268e-06
-5.07381e-06
-5.37273e-06
-5.67195e-06
-5.94916e-06
-6.19944e-06
-6.42426e-06
-6.62557e-06
-6.80648e-06
-6.97128e-06
-7.12518e-06
-7.27368e-06
-7.42205e-06
-7.57502e-06
-7.73659e-06
-7.91011e-06
-8.09857e-06
-8.30409e-06
-8.5279e-06
-8.77061e-06
-9.03226e-06
-9.31233e-06
-9.6099e-06
-9.92363e-06
-1.02519e-05
-1.05929e-05
-8.0741e-07
-1.007e-06
-1.20315e-06
-1.39638e-06
-1.58747e-06
-1.77727e-06
-1.96659e-06
-2.15624e-06
-2.34706e-06
-2.54e-06
-2.73612e-06
-2.93658e-06
-3.14266e-06
-3.35569e-06
-3.57712e-06
-3.8084e-06
-4.05102e-06
-4.30647e-06
-4.57617e-06
-4.86142e-06
-5.16348e-06
-5.48355e-06
-5.80643e-06
-6.1112e-06
-6.3933e-06
-6.65442e-06
-6.89656e-06
-7.12232e-06
-7.33492e-06
-7.53802e-06
-7.73543e-06
-7.93082e-06
-8.12756e-06
-8.32869e-06
-8.53695e-06
-8.75461e-06
-8.98316e-06
-9.22359e-06
-9.47655e-06
-9.74238e-06
-1.0021e-05
-1.03122e-05
-1.06153e-05
-1.09294e-05
-1.12536e-05
-4.14821e-07
-6.39396e-07
-8.61083e-07
-1.0804e-06
-1.29803e-06
-1.51472e-06
-1.73115e-06
-1.94803e-06
-2.1661e-06
-2.38615e-06
-2.60911e-06
-2.83595e-06
-3.06773e-06
-3.30558e-06
-3.5507e-06
-3.80434e-06
-4.06781e-06
-4.34246e-06
-4.62972e-06
-4.93104e-06
-5.24806e-06
-5.58254e-06
-5.92061e-06
-6.24272e-06
-6.54482e-06
-6.82881e-06
-7.09672e-06
-7.35085e-06
-7.59379e-06
-7.8283e-06
-8.05718e-06
-8.28311e-06
-8.50864e-06
-8.73605e-06
-8.96732e-06
-9.20406e-06
-9.4477e-06
-9.69924e-06
-9.95937e-06
-1.02285e-05
-1.05069e-05
-1.07946e-05
-1.10912e-05
-1.13964e-05
-1.17096e-05
-1.29246e-07
-3.74719e-07
-6.17619e-07
-8.58411e-07
-1.0977e-06
-1.3361e-06
-1.57421e-06
-1.81261e-06
-2.05195e-06
-2.29292e-06
-2.53631e-06
-2.78295e-06
-3.03376e-06
-3.2897e-06
-3.55183e-06
-3.82124e-06
-4.09912e-06
-4.38673e-06
-4.68549e-06
-4.99687e-06
-5.3226e-06
-5.66451e-06
-6.00989e-06
-6.34086e-06
-6.65398e-06
-6.95129e-06
-7.23475e-06
-7.50639e-06
-7.76836e-06
-8.02284e-06
-8.27198e-06
-8.51784e-06
-8.76235e-06
-9.00728e-06
-9.25416e-06
-9.50429e-06
-9.75893e-06
-1.0019e-05
-1.02852e-05
-1.05579e-05
-1.08376e-05
-1.11244e-05
-1.14181e-05
-1.17188e-05
-1.20259e-05
7.27989e-08
-1.90124e-07
-4.50569e-07
-7.08954e-07
-9.65799e-07
-1.22162e-06
-1.4769e-06
-1.73215e-06
-1.98793e-06
-2.24484e-06
-2.50356e-06
-2.76481e-06
-3.02941e-06
-3.29818e-06
-3.57206e-06
-3.85204e-06
-4.13921e-06
-4.43474e-06
-4.73997e-06
-5.05632e-06
-5.38546e-06
-5.72913e-06
-6.07583e-06
-6.40957e-06
-6.72751e-06
-7.03163e-06
-7.32375e-06
-7.60566e-06
-7.87918e-06
-8.1461e-06
-8.40813e-06
-8.66692e-06
-8.92399e-06
-9.18076e-06
-9.43852e-06
-9.69842e-06
-9.9614e-06
-1.02283e-05
-1.04997e-05
-1.07761e-05
-1.10581e-05
-1.13456e-05
-1.16389e-05
-1.19379e-05
-1.22424e-05
2.1194e-07
-6.54372e-08
-3.40286e-07
-6.1298e-07
-8.83958e-07
-1.15364e-06
-1.42244e-06
-1.69079e-06
-1.95916e-06
-2.2281e-06
-2.49818e-06
-2.77006e-06
-3.04443e-06
-3.32204e-06
-3.60373e-06
-3.89038e-06
-4.18299e-06
-4.48265e-06
-4.79058e-06
-5.10812e-06
-5.43684e-06
-5.77832e-06
-6.12231e-06
-6.45479e-06
-6.77341e-06
-7.08e-06
-7.37617e-06
-7.6635e-06
-7.94359e-06
-8.21794e-06
-8.48798e-06
-8.75507e-06
-9.02045e-06
-9.28529e-06
-9.55068e-06
-9.81774e-06
-1.00871e-05
-1.03595e-05
-1.06354e-05
-1.09156e-05
-1.12002e-05
-1.14897e-05
-1.1784e-05
-1.20833e-05
-1.23876e-05
3.05434e-07
1.60804e-08
-2.70597e-07
-5.5493e-07
-8.37285e-07
-1.118e-06
-1.39743e-06
-1.67592e-06
-1.95391e-06
-2.23187e-06
-2.51032e-06
-2.78981e-06
-3.07099e-06
-3.3545e-06
-3.64112e-06
-3.93162e-06
-4.22694e-06
-4.52805e-06
-4.83609e-06
-5.15227e-06
-5.47804e-06
-5.81484e-06
-6.15364e-06
-6.48235e-06
-6.79903e-06
-7.10524e-06
-7.40241e-06
-7.69198e-06
-7.97534e-06
-8.25382e-06
-8.52864e-06
-8.80094e-06
-9.07177e-06
-9.34214e-06
-9.61297e-06
-9.88523e-06
-1.01595e-05
-1.04363e-05
-1.07163e-05
-1.1e-05
-1.12877e-05
-1.15797e-05
-1.18761e-05
-1.21771e-05
-1.24827e-05
3.66542e-07
6.72284e-08
-2.29198e-07
-5.23028e-07
-8.14562e-07
-1.10407e-06
-1.39185e-06
-1.67822e-06
-1.96355e-06
-2.24826e-06
-2.53282e-06
-2.81772e-06
-3.10353e-06
-3.39084e-06
-3.68035e-06
-3.97276e-06
-4.26892e-06
-4.5697e-06
-4.87618e-06
-5.18941e-06
-5.51076e-06
-5.84148e-06
-6.17373e-06
-6.49725e-06
-6.81037e-06
-7.11442e-06
-7.41067e-06
-7.70044e-06
-7.98499e-06
-8.26546e-06
-8.54292e-06
-8.81836e-06
-9.09273e-06
-9.36687e-06
-9.64155e-06
-9.91768e-06
-1.01958e-05
-1.04763e-05
-1.07599e-05
-1.10469e-05
-1.13377e-05
-1.16326e-05
-1.19318e-05
-1.22353e-05
-1.25433e-05
4.05161e-07
9.75275e-08
-2.06969e-07
-5.08582e-07
-8.07552e-07
-1.1041e-06
-1.39848e-06
-1.69097e-06
-1.98192e-06
-2.27169e-06
-2.5607e-06
-2.8494e-06
-3.13831e-06
-3.42795e-06
-3.71895e-06
-4.01197e-06
-4.30777e-06
-4.60714e-06
-4.91106e-06
-5.22047e-06
-5.53666e-06
-5.86066e-06
-6.18577e-06
-6.50341e-06
-6.81211e-06
-7.11298e-06
-7.40719e-06
-7.69594e-06
-7.98036e-06
-8.26147e-06
-8.54019e-06
-8.81743e-06
-9.09401e-06
-9.37073e-06
-9.6482e-06
-9.92726e-06
-1.02084e-05
-1.0492e-05
-1.07787e-05
-1.10688e-05
-1.13627e-05
-1.16607e-05
-1.19629e-05
-1.22695e-05
-1.25805e-05
4.28546e-07
1.13924e-07
-1.97296e-07
-5.05328e-07
-8.10363e-07
-1.11259e-06
-1.41222e-06
-1.70952e-06
-2.0048e-06
-2.29838e-06
-2.59065e-06
-2.88202e-06
-3.17294e-06
-3.46392e-06
-3.75552e-06
-4.04832e-06
-4.34304e-06
-4.64039e-06
-4.94125e-06
-5.24646e-06
-5.55722e-06
-5.87438e-06
-6.19228e-06
-6.50384e-06
-6.80776e-06
-7.10496e-06
-7.39654e-06
-7.6836e-06
-7.96713e-06
-8.24804e-06
-8.52717e-06
-8.80532e-06
-9.08321e-06
-9.36153e-06
-9.64121e-06
-9.92255e-06
-1.02061e-05
-1.04923e-05
-1.07818e-05
-1.10748e-05
-1.13717e-05
-1.16727e-05
-1.19781e-05
-1.22879e-05
-1.26024e-05
4.41881e-07
1.21342e-07
-1.95524e-07
-5.08899e-07
-8.1893e-07
-1.12578e-06
-1.42965e-06
-1.73077e-06
-2.02943e-06
-2.32592e-06
-2.6206e-06
-2.91383e-06
-3.20605e-06
-3.49772e-06
-3.78933e-06
-4.08145e-06
-4.3747e-06
-4.66973e-06
-4.96736e-06
-5.26831e-06
-5.5737e-06
-5.88421e-06
-6.19516e-06
-6.50076e-06
-6.79986e-06
-7.09327e-06
-7.38199e-06
-7.66702e-06
-7.94925e-06
-8.22948e-06
-8.5085e-06
-8.78702e-06
-9.0657e-06
-9.34521e-06
-9.62634e-06
-9.90947e-06
-1.0195e-05
-1.04835e-05
-1.07753e-05
-1.1071e-05
-1.13706e-05
-1.16746e-05
-1.19831e-05
-1.22963e-05
-1.26142e-05
4.48754e-07
1.23165e-07
-1.9849e-07
-5.16355e-07
-8.3055e-07
-1.14122e-06
-1.44855e-06
-1.75276e-06
-2.0541e-06
-2.35285e-06
-2.64933e-06
-2.9439e-06
-3.23694e-06
-3.52887e-06
-3.82018e-06
-4.11135e-06
-4.40297e-06
-4.69562e-06
-4.99003e-06
-5.28686e-06
-5.58713e-06
-5.89139e-06
-6.19581e-06
-6.49576e-06
-6.79022e-06
-7.0799e-06
-7.36575e-06
-7.64864e-06
-7.92937e-06
-8.20868e-06
-8.48728e-06
-8.76583e-06
-9.04494e-06
-9.32522e-06
-9.60743e-06
-9.892e-06
-1.01792e-05
-1.04696e-05
-1.07635e-05
-1.10615e-05
-1.13638e-05
-1.16705e-05
-1.1982e-05
-1.22984e-05
-1.26197e-05
4.51585e-07
1.21645e-07
-2.04108e-07
-5.2579e-07
-8.43501e-07
-1.15737e-06
-1.46758e-06
-1.77432e-06
-2.07783e-06
-2.37837e-06
-2.67624e-06
-2.97176e-06
-3.26531e-06
-3.55728e-06
-3.84809e-06
-4.13821e-06
-4.42817e-06
-4.71849e-06
-5.00985e-06
-5.30281e-06
-5.59831e-06
-5.89678e-06
-6.19519e-06
-6.48989e-06
-6.77999e-06
-7.06616e-06
-7.34924e-06
-7.63001e-06
-7.90919e-06
-8.18747e-06
-8.4655e-06
-8.74389e-06
-9.02318e-06
-9.30394e-06
-9.587e-06
-9.87274e-06
-1.01613e-05
-1.04533e-05
-1.07491e-05
-1.10492e-05
-1.13538e-05
-1.16631e-05
-1.19774e-05
-1.22968e-05
-1.26213e-05
4.51956e-07
1.18238e-07
-2.11056e-07
-5.36017e-07
-8.56732e-07
-1.17332e-06
-1.48595e-06
-1.7948e-06
-2.1001e-06
-2.40209e-06
-2.70105e-06
-2.99729e-06
-3.29116e-06
-3.583e-06
-3.87324e-06
-4.1623e-06
-4.45065e-06
-4.73878e-06
-5.02729e-06
-5.31668e-06
-5.60781e-06
-5.90102e-06
-6.19394e-06
-6.48383e-06
-6.76993e-06
-7.05283e-06
-7.33331e-06
-7.61206e-06
-7.88973e-06
-8.16696e-06
-8.44435e-06
-8.72249e-06
-9.00182e-06
-9.28278e-06
-9.56662e-06
-9.85329e-06
-1.0143e-05
-1.04363e-05
-1.07338e-05
-1.10358e-05
-1.13424e-05
-1.16541e-05
-1.19709e-05
-1.2293e-05
-1.26206e-05
4.50881e-07
1.13858e-07
-2.18519e-07
-5.46323e-07
-8.69631e-07
-1.18856e-06
-1.50326e-06
-1.8139e-06
-2.1207e-06
-2.42388e-06
-2.72373e-06
-3.02051e-06
-3.31456e-06
-3.60622e-06
-3.89587e-06
-4.18389e-06
-4.47073e-06
-4.75683e-06
-5.04273e-06
-5.32888e-06
-5.61605e-06
-5.90449e-06
-6.19245e-06
-6.47797e-06
-6.76043e-06
-7.04036e-06
-7.31844e-06
-7.5953e-06
-7.87154e-06
-8.14775e-06
-8.42447e-06
-8.70231e-06
-8.98147e-06
-9.26269e-06
-9.54719e-06
-9.83453e-06
-1.01251e-05
-1.04197e-05
-1.07186e-05
-1.10222e-05
-1.13307e-05
-1.16444e-05
-1.19636e-05
-1.22882e-05
-1.26185e-05
4.49002e-07
1.09077e-07
-2.25999e-07
-5.56284e-07
-8.81849e-07
-1.2028e-06
-1.51928e-06
-1.83146e-06
-2.13954e-06
-2.44373e-06
-2.74429e-06
-3.04151e-06
-3.33567e-06
-3.62711e-06
-3.91618e-06
-4.20323e-06
-4.48868e-06
-4.77292e-06
-5.05646e-06
-5.33968e-06
-5.62329e-06
-5.90745e-06
-6.19095e-06
-6.47254e-06
-6.75171e-06
-7.02894e-06
-7.30485e-06
-7.57998e-06
-7.85489e-06
-8.13012e-06
-8.40619e-06
-8.68364e-06
-8.96258e-06
-9.24419e-06
-9.52908e-06
-9.81695e-06
-1.01084e-05
-1.0404e-05
-1.07041e-05
-1.10091e-05
-1.13193e-05
-1.16348e-05
-1.1956e-05
-1.22829e-05
-1.26157e-05
4.46721e-07
1.04247e-07
-2.33191e-07
-5.65644e-07
-8.93176e-07
-1.21589e-06
-1.53391e-06
-1.84741e-06
-2.15658e-06
-2.46163e-06
-2.7628e-06
-3.06035e-06
-3.35458e-06
-3.64579e-06
-3.9343e-06
-4.22047e-06
-4.50466e-06
-4.78723e-06
-5.06866e-06
-5.34926e-06
-5.62969e-06
-5.91003e-06
-6.18956e-06
-6.46764e-06
-6.74388e-06
-7.01869e-06
-7.29263e-06
-7.5662e-06
-7.8399e-06
-8.11423e-06
-8.38969e-06
-8.66673e-06
-8.94556e-06
-9.22739e-06
-9.51252e-06
-9.80085e-06
-1.0093e-05
-1.03895e-05
-1.06907e-05
-1.09969e-05
-1.13085e-05
-1.16257e-05
-1.19486e-05
-1.22776e-05
-1.26125e-05
4.44234e-07
9.95001e-08
-2.40024e-07
-5.74383e-07
-9.0364e-07
-1.22789e-06
-1.54726e-06
-1.86191e-06
-2.17201e-06
-2.47779e-06
-2.77947e-06
-3.0773e-06
-3.37156e-06
-3.66254e-06
-3.95055e-06
-4.2359e-06
-4.51895e-06
-4.80004e-06
-5.07957e-06
-5.35784e-06
-5.63543e-06
-5.91237e-06
-6.18831e-06
-6.46323e-06
-6.73685e-06
-7.00952e-06
-7.28169e-06
-7.55385e-06
-7.82645e-06
-8.09997e-06
-8.37486e-06
-8.65153e-06
-8.93028e-06
-9.21215e-06
-9.49747e-06
-9.78622e-06
-1.00789e-05
-1.03762e-05
-1.06783e-05
-1.09856e-05
-1.12984e-05
-1.1617e-05
-1.19416e-05
-1.22723e-05
-1.26092e-05
4.41518e-07
9.46627e-08
-2.46811e-07
-5.8295e-07
-9.1381e-07
-1.23948e-06
-1.5601e-06
-1.8758e-06
-2.18677e-06
-2.49321e-06
-2.79534e-06
-3.09341e-06
-3.38768e-06
-3.67843e-06
-3.96594e-06
-4.25051e-06
-4.53248e-06
-4.81215e-06
-5.08989e-06
-5.36597e-06
-5.6409e-06
-5.91462e-06
-6.18714e-06
-6.45908e-06
-6.73025e-06
-7.00089e-06
-7.2714e-06
-7.54221e-06
-7.81376e-06
-8.08648e-06
-8.36083e-06
-8.63714e-06
-8.91576e-06
-9.19762e-06
-9.48312e-06
-9.77224e-06
-1.00655e-05
-1.03634e-05
-1.06663e-05
-1.09746e-05
-1.12886e-05
-1.16085e-05
-1.19345e-05
-1.22669e-05
-1.26056e-05
4.38777e-07
8.98959e-08
-2.53467e-07
-5.91344e-07
-9.23783e-07
-1.25087e-06
-1.57271e-06
-1.88946e-06
-2.20129e-06
-2.50839e-06
-2.81098e-06
-3.10929e-06
-3.40355e-06
-3.69405e-06
-3.98106e-06
-4.26486e-06
-4.54574e-06
-4.82398e-06
-5.09993e-06
-5.37381e-06
-5.64613e-06
-5.91673e-06
-6.18612e-06
-6.45523e-06
-6.72393e-06
-6.99249e-06
-7.26135e-06
-7.53084e-06
-7.80134e-06
-8.07326e-06
-8.34703e-06
-8.62298e-06
-8.90143e-06
-9.18328e-06
-9.46896e-06
-9.75841e-06
-1.00521e-05
-1.03507e-05
-1.06544e-05
-1.09637e-05
-1.12788e-05
-1.16001e-05
-1.19276e-05
-1.22616e-05
-1.26021e-05
-4.50309e-06
-1.00158e-05
-1.07084e-05
-1.11282e-05
-1.17602e-05
-1.25316e-05
-1.34101e-05
-1.4377e-05
-1.54223e-05
-1.65428e-05
-1.77388e-05
-1.9014e-05
-2.03753e-05
-2.18351e-05
-2.34122e-05
-1.96143e-06
-7.19119e-06
-9.17303e-06
-1.03443e-05
-1.13406e-05
-1.2291e-05
-1.32649e-05
-1.42871e-05
-1.5366e-05
-1.65073e-05
-1.7716e-05
-1.89984e-05
-2.03633e-05
-2.18238e-05
-2.33995e-05
-4.47621e-07
-5.31509e-06
-7.9832e-06
-9.64156e-06
-1.09267e-05
-1.20461e-05
-1.31169e-05
-1.41963e-05
-1.531e-05
-1.64726e-05
-1.76941e-05
-1.89837e-05
-2.03517e-05
-2.18126e-05
-2.33863e-05
1.17816e-07
-4.14408e-06
-7.03899e-06
-9.00698e-06
-1.05209e-05
-1.17976e-05
-1.29667e-05
-1.41059e-05
-1.5256e-05
-1.64404e-05
-1.76746e-05
-1.89708e-05
-2.03415e-05
-2.18021e-05
-2.33732e-05
2.52383e-07
-3.25605e-06
-6.14974e-06
-8.34124e-06
-1.00669e-05
-1.15075e-05
-1.2789e-05
-1.39996e-05
-1.51937e-05
-1.64045e-05
-1.76537e-05
-1.89577e-05
-2.03311e-05
-2.17911e-05
-2.33589e-05
2.58721e-07
-2.65777e-06
-5.37052e-06
-7.65885e-06
-9.55381e-06
-1.11552e-05
-1.25621e-05
-1.386e-05
-1.51108e-05
-1.63565e-05
-1.76261e-05
-1.89406e-05
-2.03182e-05
-2.17778e-05
-2.33419e-05
1.17044e-07
-2.32367e-06
-4.77355e-06
-7.03002e-06
-9.01606e-06
-1.0747e-05
-1.22773e-05
-1.36731e-05
-1.49937e-05
-1.62857e-05
-1.75836e-05
-1.89139e-05
-2.02986e-05
-2.17592e-05
-2.33198e-05
-1.90407e-07
-2.23753e-06
-4.39895e-06
-6.52671e-06
-8.51342e-06
-1.03171e-05
-1.19458e-05
-1.3436e-05
-1.48332e-05
-1.61811e-05
-1.75165e-05
-1.88696e-05
-2.0266e-05
-2.17302e-05
-2.32885e-05
-6.40411e-07
-2.36708e-06
-4.25047e-06
-6.19544e-06
-8.10585e-06
-9.91585e-06
-1.15993e-05
-1.31623e-05
-1.46306e-05
-1.60375e-05
-1.74166e-05
-1.8799e-05
-2.02125e-05
-2.16841e-05
-2.3242e-05
-1.20671e-06
-2.67453e-06
-4.30821e-06
-6.05198e-06
-7.83483e-06
-9.59147e-06
-1.12787e-05
-1.28798e-05
-1.44001e-05
-1.58587e-05
-1.72815e-05
-1.86964e-05
-2.01309e-05
-2.16133e-05
-2.31729e-05
-1.86827e-06
-3.1262e-06
-4.54329e-06
-6.08961e-06
-7.71874e-06
-9.37801e-06
-1.10218e-05
-1.2621e-05
-1.41647e-05
-1.56579e-05
-1.7116e-05
-1.85607e-05
-2.00168e-05
-2.15112e-05
-2.30736e-05
-2.61018e-06
-3.69617e-06
-4.92777e-06
-6.29099e-06
-7.75847e-06
-9.29316e-06
-1.08561e-05
-1.24149e-05
-1.39494e-05
-1.54529e-05
-1.69306e-05
-1.83961e-05
-1.9869e-05
-2.13734e-05
-2.29372e-05
-3.42201e-06
-4.36545e-06
-5.43856e-06
-6.63668e-06
-7.94559e-06
-9.3422e-06
-1.07979e-05
-1.22838e-05
-1.37768e-05
-1.52629e-05
-1.67386e-05
-1.82097e-05
-1.96895e-05
-2.11973e-05
-2.27578e-05
-4.29492e-06
-5.11906e-06
-6.05657e-06
-7.10799e-06
-8.26748e-06
-9.52255e-06
-1.08548e-05
-1.22426e-05
-1.36649e-05
-1.51052e-05
-1.65541e-05
-1.80108e-05
-1.94821e-05
-2.0982e-05
-2.25303e-05
-5.21914e-06
-5.94286e-06
-6.76429e-06
-7.68662e-06
-8.70894e-06
-9.82594e-06
-1.10277e-05
-1.23002e-05
-1.36276e-05
-1.49948e-05
-1.63904e-05
-1.78091e-05
-1.92521e-05
-2.07276e-05
-2.22503e-05
-6.1826e-06
-6.82164e-06
-7.54382e-06
-8.35338e-06
-9.25206e-06
-1.0239e-05
-1.13101e-05
-1.24581e-05
-1.36732e-05
-1.4944e-05
-1.62604e-05
-1.76152e-05
-1.90061e-05
-2.04363e-05
-2.19149e-05
-7.17194e-06
-7.7394e-06
-8.37668e-06
-9.08816e-06
-9.87673e-06
-1.07438e-05
-1.16892e-05
-1.27105e-05
-1.38028e-05
-1.49598e-05
-1.61742e-05
-1.74398e-05
-1.87527e-05
-2.0113e-05
-2.15248e-05
-8.17124e-06
-8.67815e-06
-9.24276e-06
-9.86909e-06
-1.05603e-05
-1.13188e-05
-1.21464e-05
-1.30437e-05
-1.40096e-05
-1.5042e-05
-1.61372e-05
-1.72914e-05
-1.85014e-05
-1.97658e-05
-2.10855e-05
-9.15919e-06
-9.61482e-06
-1.01172e-05
-1.06698e-05
-1.12754e-05
-1.19367e-05
-1.26561e-05
-1.3436e-05
-1.42775e-05
-1.51814e-05
-1.61473e-05
-1.7174e-05
-1.82603e-05
-1.94053e-05
-2.06081e-05
-1.01163e-05
-1.05281e-05
-1.09769e-05
-1.14652e-05
-1.19954e-05
-1.257e-05
-1.31915e-05
-1.38627e-05
-1.4586e-05
-1.53636e-05
-1.61972e-05
-1.70882e-05
-1.80373e-05
-1.90449e-05
-2.01106e-05
-1.09482e-05
-1.13257e-05
-1.17319e-05
-1.21686e-05
-1.26378e-05
-1.31414e-05
-1.36818e-05
-1.42614e-05
-1.48831e-05
-1.55496e-05
-1.62635e-05
-1.70274e-05
-1.78439e-05
-1.87147e-05
-1.9641e-05
-1.15892e-05
-1.19424e-05
-1.23177e-05
-1.27167e-05
-1.31408e-05
-1.35917e-05
-1.40716e-05
-1.45824e-05
-1.51268e-05
-1.57075e-05
-1.63274e-05
-1.69897e-05
-1.76975e-05
-1.84539e-05
-1.92612e-05
-1.20322e-05
-1.23691e-05
-1.27239e-05
-1.30975e-05
-1.34912e-05
-1.39065e-05
-1.4345e-05
-1.48087e-05
-1.52996e-05
-1.58204e-05
-1.63738e-05
-1.6963e-05
-1.75914e-05
-1.82626e-05
-1.89798e-05
-1.2341e-05
-1.2668e-05
-1.30096e-05
-1.33667e-05
-1.37403e-05
-1.41317e-05
-1.45422e-05
-1.49734e-05
-1.54274e-05
-1.59063e-05
-1.64127e-05
-1.69495e-05
-1.75203e-05
-1.81284e-05
-1.87777e-05
-1.25537e-05
-1.28752e-05
-1.3209e-05
-1.35558e-05
-1.39165e-05
-1.42922e-05
-1.46841e-05
-1.50936e-05
-1.55223e-05
-1.59723e-05
-1.64457e-05
-1.69454e-05
-1.74745e-05
-1.80363e-05
-1.86347e-05
-1.26978e-05
-1.3017e-05
-1.33467e-05
-1.36878e-05
-1.40409e-05
-1.44071e-05
-1.47872e-05
-1.51824e-05
-1.55943e-05
-1.60246e-05
-1.64752e-05
-1.69487e-05
-1.74477e-05
-1.79754e-05
-1.85353e-05
-1.27938e-05
-1.31129e-05
-1.34415e-05
-1.37801e-05
-1.41294e-05
-1.44902e-05
-1.48633e-05
-1.52498e-05
-1.56508e-05
-1.60679e-05
-1.65029e-05
-1.69577e-05
-1.74349e-05
-1.79373e-05
-1.84678e-05
-1.28566e-05
-1.31772e-05
-1.35065e-05
-1.38449e-05
-1.4193e-05
-1.45514e-05
-1.49209e-05
-1.53023e-05
-1.56967e-05
-1.61052e-05
-1.65294e-05
-1.69711e-05
-1.74323e-05
-1.79154e-05
-1.84231e-05
-1.28968e-05
-1.322e-05
-1.35513e-05
-1.3891e-05
-1.42396e-05
-1.45977e-05
-1.49658e-05
-1.53447e-05
-1.57352e-05
-1.61382e-05
-1.65551e-05
-1.69874e-05
-1.74366e-05
-1.79049e-05
-1.83944e-05
-1.29221e-05
-1.32484e-05
-1.35824e-05
-1.39243e-05
-1.42745e-05
-1.46336e-05
-1.50018e-05
-1.53798e-05
-1.57683e-05
-1.6168e-05
-1.65799e-05
-1.70052e-05
-1.74454e-05
-1.7902e-05
-1.83768e-05
-1.29375e-05
-1.32672e-05
-1.36043e-05
-1.39489e-05
-1.43014e-05
-1.46621e-05
-1.50314e-05
-1.54096e-05
-1.57972e-05
-1.61949e-05
-1.66034e-05
-1.70236e-05
-1.74567e-05
-1.79039e-05
-1.83666e-05
-1.29465e-05
-1.32797e-05
-1.362e-05
-1.39676e-05
-1.43226e-05
-1.46854e-05
-1.50562e-05
-1.54351e-05
-1.58227e-05
-1.62193e-05
-1.66254e-05
-1.70418e-05
-1.74691e-05
-1.79087e-05
-1.83612e-05
-1.29515e-05
-1.32881e-05
-1.36315e-05
-1.3982e-05
-1.43397e-05
-1.47048e-05
-1.50772e-05
-1.54573e-05
-1.58452e-05
-1.62412e-05
-1.66456e-05
-1.7059e-05
-1.74818e-05
-1.79148e-05
-1.83587e-05
-1.29539e-05
-1.32936e-05
-1.36401e-05
-1.39934e-05
-1.43537e-05
-1.4721e-05
-1.50952e-05
-1.54766e-05
-1.58651e-05
-1.62608e-05
-1.6664e-05
-1.7075e-05
-1.74939e-05
-1.79215e-05
-1.8358e-05
-1.29547e-05
-1.32973e-05
-1.36466e-05
-1.40026e-05
-1.43653e-05
-1.47347e-05
-1.51107e-05
-1.54933e-05
-1.58825e-05
-1.62783e-05
-1.66806e-05
-1.70895e-05
-1.75053e-05
-1.79281e-05
-1.83581e-05
-1.29545e-05
-1.32998e-05
-1.36516e-05
-1.401e-05
-1.4375e-05
-1.47463e-05
-1.5124e-05
-1.55079e-05
-1.58978e-05
-1.62936e-05
-1.66952e-05
-1.71026e-05
-1.75156e-05
-1.79343e-05
-1.83587e-05
-1.29537e-05
-1.33013e-05
-1.36554e-05
-1.4016e-05
-1.4383e-05
-1.47562e-05
-1.51354e-05
-1.55205e-05
-1.59111e-05
-1.6307e-05
-1.67081e-05
-1.71141e-05
-1.75247e-05
-1.794e-05
-1.83595e-05
-1.29525e-05
-1.33022e-05
-1.36584e-05
-1.4021e-05
-1.43898e-05
-1.47647e-05
-1.51453e-05
-1.55314e-05
-1.59227e-05
-1.63188e-05
-1.67195e-05
-1.71243e-05
-1.75329e-05
-1.79451e-05
-1.83603e-05
-1.29509e-05
-1.33026e-05
-1.36608e-05
-1.40253e-05
-1.43959e-05
-1.47723e-05
-1.51543e-05
-1.55415e-05
-1.59334e-05
-1.63298e-05
-1.673e-05
-1.71338e-05
-1.75405e-05
-1.79499e-05
-1.83611e-05
-1.29492e-05
-1.33027e-05
-1.36627e-05
-1.4029e-05
-1.44012e-05
-1.47792e-05
-1.51625e-05
-1.55507e-05
-1.59434e-05
-1.634e-05
-1.67399e-05
-1.71427e-05
-1.75477e-05
-1.79543e-05
-1.83618e-05
-4.16692e-06
-4.16658e-06
-4.17038e-06
-4.17764e-06
-4.1877e-06
-4.19991e-06
-4.21401e-06
-4.22983e-06
-4.24731e-06
-4.26648e-06
-4.28744e-06
-4.31033e-06
-4.3353e-06
-4.3624e-06
-4.39164e-06
-4.42285e-06
-4.45572e-06
-4.48964e-06
-4.52359e-06
-4.55603e-06
-4.58477e-06
-4.60695e-06
-4.61683e-06
-4.60756e-06
-4.57381e-06
-4.51069e-06
-4.41375e-06
-4.27999e-06
-4.10905e-06
-3.90377e-06
-3.66586e-06
-3.40081e-06
-3.1257e-06
-2.85662e-06
-2.60933e-06
-2.39802e-06
-2.23515e-06
-2.12857e-06
-2.0792e-06
-2.0806e-06
-2.11989e-06
-2.18015e-06
-2.24502e-06
-2.29283e-06
-2.3127e-06
-4.16149e-06
-4.16187e-06
-4.16499e-06
-4.17025e-06
-4.17718e-06
-4.18575e-06
-4.1957e-06
-4.20692e-06
-4.21941e-06
-4.2332e-06
-4.24837e-06
-4.26501e-06
-4.28323e-06
-4.3031e-06
-4.32469e-06
-4.34797e-06
-4.37277e-06
-4.39871e-06
-4.42508e-06
-4.45057e-06
-4.47319e-06
-4.48991e-06
-4.49496e-06
-4.48227e-06
-4.44726e-06
-4.38557e-06
-4.2934e-06
-4.16828e-06
-4.00964e-06
-3.81889e-06
-3.60072e-06
-3.36664e-06
-3.12706e-06
-2.89287e-06
-2.67776e-06
-2.496e-06
-2.3581e-06
-2.26884e-06
-2.22686e-06
-2.22499e-06
-2.25183e-06
-2.29421e-06
-2.33978e-06
-2.37879e-06
-2.40503e-06
-4.14783e-06
-4.1506e-06
-4.15467e-06
-4.16002e-06
-4.16648e-06
-4.17394e-06
-4.18232e-06
-4.19158e-06
-4.20176e-06
-4.21293e-06
-4.22519e-06
-4.23867e-06
-4.25353e-06
-4.26994e-06
-4.28809e-06
-4.30818e-06
-4.33042e-06
-4.35497e-06
-4.38185e-06
-4.41076e-06
-4.44091e-06
-4.47036e-06
-4.49343e-06
-4.5029e-06
-4.49247e-06
-4.45576e-06
-4.38689e-06
-4.28166e-06
-4.13827e-06
-3.95784e-06
-3.74427e-06
-3.50744e-06
-3.25972e-06
-3.01527e-06
-2.78942e-06
-2.59668e-06
-2.44828e-06
-2.35011e-06
-2.30173e-06
-2.29661e-06
-2.32375e-06
-2.37006e-06
-2.42299e-06
-2.47478e-06
-2.52448e-06
-4.13003e-06
-4.13584e-06
-4.14149e-06
-4.14742e-06
-4.15382e-06
-4.16066e-06
-4.16794e-06
-4.17572e-06
-4.1841e-06
-4.19323e-06
-4.20326e-06
-4.21441e-06
-4.22694e-06
-4.2412e-06
-4.25764e-06
-4.27688e-06
-4.29972e-06
-4.32723e-06
-4.36068e-06
-4.40148e-06
-4.45089e-06
-4.50893e-06
-4.56944e-06
-4.62172e-06
-4.65574e-06
-4.66134e-06
-4.6289e-06
-4.55198e-06
-4.42758e-06
-4.25646e-06
-4.04346e-06
-3.7974e-06
-3.53176e-06
-3.26256e-06
-3.00731e-06
-2.78309e-06
-2.60399e-06
-2.47889e-06
-2.40984e-06
-2.392e-06
-2.41494e-06
-2.46485e-06
-2.52757e-06
-2.59497e-06
-2.66812e-06
-4.11138e-06
-4.12058e-06
-4.12801e-06
-4.1348e-06
-4.14152e-06
-4.14819e-06
-4.1549e-06
-4.16178e-06
-4.16901e-06
-4.1768e-06
-4.18539e-06
-4.1951e-06
-4.20634e-06
-4.21969e-06
-4.23595e-06
-4.25626e-06
-4.28229e-06
-4.31631e-06
-4.36138e-06
-4.42129e-06
-4.50019e-06
-4.601e-06
-4.71671e-06
-4.83062e-06
-4.92686e-06
-4.9897e-06
-5.00474e-06
-4.96461e-06
-4.86591e-06
-4.70851e-06
-4.49584e-06
-4.23768e-06
-3.94745e-06
-3.64265e-06
-3.34323e-06
-3.06971e-06
-2.84058e-06
-2.66952e-06
-2.56303e-06
-2.51937e-06
-2.52933e-06
-2.57812e-06
-2.64898e-06
-2.73213e-06
-2.82926e-06
-4.09475e-06
-4.10693e-06
-4.11611e-06
-4.12391e-06
-4.13118e-06
-4.13802e-06
-4.14456e-06
-4.15102e-06
-4.15766e-06
-4.16474e-06
-4.1726e-06
-4.18166e-06
-4.1925e-06
-4.20594e-06
-4.2232e-06
-4.24605e-06
-4.27712e-06
-4.32017e-06
-4.38042e-06
-4.46454e-06
-4.58025e-06
-4.73412e-06
-4.91798e-06
-5.10649e-06
-5.2756e-06
-5.40302e-06
-5.47399e-06
-5.47924e-06
-5.41267e-06
-5.27566e-06
-5.06697e-06
-4.79713e-06
-4.48031e-06
-4.13489e-06
-3.78281e-06
-3.44811e-06
-3.15444e-06
-2.92165e-06
-2.7624e-06
-2.67974e-06
-2.6667e-06
-2.70783e-06
-2.78337e-06
-2.88119e-06
-3.00308e-06
-4.08164e-06
-4.09644e-06
-4.10725e-06
-4.11607e-06
-4.12399e-06
-4.13118e-06
-4.13781e-06
-4.14416e-06
-4.15055e-06
-4.15732e-06
-4.16488e-06
-4.17375e-06
-4.18468e-06
-4.19874e-06
-4.21754e-06
-4.24353e-06
-4.28037e-06
-4.33343e-06
-4.41026e-06
-4.52081e-06
-4.67672e-06
-4.88854e-06
-5.14676e-06
-5.41501e-06
-5.66005e-06
-5.85887e-06
-5.99573e-06
-6.05413e-06
-6.02387e-06
-5.90258e-06
-5.69922e-06
-5.4212e-06
-5.08127e-06
-4.69742e-06
-4.29252e-06
-3.89337e-06
-3.52852e-06
-3.22449e-06
-3.00133e-06
-2.86843e-06
-2.82261e-06
-2.84872e-06
-2.92427e-06
-3.03464e-06
-3.18153e-06
-4.07316e-06
-4.09021e-06
-4.10247e-06
-4.11226e-06
-4.12086e-06
-4.12847e-06
-4.1353e-06
-4.1417e-06
-4.14801e-06
-4.15464e-06
-4.16205e-06
-4.17088e-06
-4.18198e-06
-4.19667e-06
-4.21693e-06
-4.24584e-06
-4.28807e-06
-4.3506e-06
-4.44341e-06
-4.57987e-06
-4.77573e-06
-5.04552e-06
-5.37902e-06
-5.72849e-06
-6.0524e-06
-6.32233e-06
-6.51555e-06
-6.61669e-06
-6.61875e-06
-6.52027e-06
-6.32716e-06
-6.04662e-06
-5.69058e-06
-5.27597e-06
-4.82537e-06
-4.36695e-06
-3.93291e-06
-3.55591e-06
-3.26374e-06
-3.0733e-06
-2.98683e-06
-2.99097e-06
-3.06143e-06
-3.18147e-06
-3.35255e-06
-4.06988e-06
-4.08886e-06
-4.10239e-06
-4.11308e-06
-4.12234e-06
-4.13038e-06
-4.13743e-06
-4.14388e-06
-4.15012e-06
-4.15658e-06
-4.16378e-06
-4.1724e-06
-4.18343e-06
-4.19835e-06
-4.21948e-06
-4.25044e-06
-4.29686e-06
-4.36719e-06
-4.4738e-06
-4.63358e-06
-4.86638e-06
-5.18969e-06
-5.59422e-06
-6.01951e-06
-6.41477e-06
-6.74587e-06
-6.98802e-06
-7.12705e-06
-7.15765e-06
-7.07918e-06
-6.89695e-06
-6.618e-06
-6.25312e-06
-5.81755e-06
-5.33241e-06
-4.8256e-06
-4.33122e-06
-3.88659e-06
-3.52672e-06
-3.27636e-06
-3.14446e-06
-3.12111e-06
-3.18166e-06
-3.30795e-06
-3.50134e-06
-4.07201e-06
-4.09269e-06
-4.10736e-06
-4.11887e-06
-4.12873e-06
-4.13714e-06
-4.14435e-06
-4.15076e-06
-4.15678e-06
-4.16287e-06
-4.16958e-06
-4.17763e-06
-4.18808e-06
-4.20255e-06
-4.2236e-06
-4.25534e-06
-4.30419e-06
-4.37999e-06
-4.49726e-06
-4.67644e-06
-4.94145e-06
-5.31108e-06
-5.77897e-06
-6.27108e-06
-6.72708e-06
-7.10861e-06
-7.39013e-06
-7.55859e-06
-7.61025e-06
-7.54655e-06
-7.37326e-06
-7.09755e-06
-6.72914e-06
-6.28134e-06
-5.77303e-06
-5.23054e-06
-4.68803e-06
-4.18555e-06
-3.7643e-06
-3.45614e-06
-3.27738e-06
-3.22304e-06
-3.26962e-06
-3.39859e-06
-3.61152e-06
-4.07953e-06
-4.10179e-06
-4.11752e-06
-4.12979e-06
-4.14017e-06
-4.14885e-06
-4.15607e-06
-4.16224e-06
-4.16778e-06
-4.17318e-06
-4.17898e-06
-4.18593e-06
-4.19512e-06
-4.20826e-06
-4.22812e-06
-4.25914e-06
-4.30845e-06
-4.38707e-06
-4.51142e-06
-4.70508e-06
-4.99577e-06
-5.40645e-06
-5.92718e-06
-6.47566e-06
-6.98104e-06
-7.40174e-06
-7.71185e-06
-7.89985e-06
-7.96423e-06
-7.90889e-06
-7.74068e-06
-7.46725e-06
-7.09755e-06
-6.64308e-06
-6.12028e-06
-5.55313e-06
-4.97437e-06
-4.42491e-06
-3.95155e-06
-3.59074e-06
-3.36635e-06
-3.27945e-06
-3.30904e-06
-3.43724e-06
-3.66638e-06
-4.09232e-06
-4.11614e-06
-4.13289e-06
-4.14586e-06
-4.15669e-06
-4.1655e-06
-4.17253e-06
-4.17819e-06
-4.18292e-06
-4.18719e-06
-4.19155e-06
-4.19676e-06
-4.20391e-06
-4.21476e-06
-4.23222e-06
-4.26101e-06
-4.30881e-06
-4.38767e-06
-4.51564e-06
-4.71866e-06
-5.02797e-06
-5.47456e-06
-6.03879e-06
-6.63236e-06
-7.17613e-06
-7.62528e-06
-7.95385e-06
-8.1522e-06
-8.22132e-06
-8.1676e-06
-7.99937e-06
-7.72503e-06
-7.35312e-06
-6.8937e-06
-6.36098e-06
-5.77641e-06
-5.17037e-06
-4.58276e-06
-4.06739e-06
-3.66038e-06
-3.39295e-06
-3.27331e-06
-3.28383e-06
-3.40812e-06
-3.64994e-06
-4.11023e-06
-4.13569e-06
-4.15347e-06
-4.16711e-06
-4.17829e-06
-4.18706e-06
-4.19365e-06
-4.19848e-06
-4.20197e-06
-4.20461e-06
-4.20693e-06
-4.20969e-06
-4.21398e-06
-4.22158e-06
-4.23547e-06
-4.2606e-06
-4.30509e-06
-4.38187e-06
-4.51043e-06
-4.71823e-06
-5.04165e-06
-5.51603e-06
-6.11545e-06
-6.74451e-06
-7.31703e-06
-7.78538e-06
-8.12382e-06
-8.32466e-06
-8.39146e-06
-8.3329e-06
-8.15897e-06
-7.87892e-06
-7.50124e-06
-7.03502e-06
-6.49277e-06
-5.89376e-06
-5.2659e-06
-4.64594e-06
-4.09416e-06
-3.64798e-06
-3.34073e-06
-3.18902e-06
-3.17916e-06
-3.29678e-06
-3.5478e-06
-4.13316e-06
-4.16041e-06
-4.17927e-06
-4.19356e-06
-4.20497e-06
-4.21352e-06
-4.21938e-06
-4.22298e-06
-4.22476e-06
-4.2252e-06
-4.22486e-06
-4.22444e-06
-4.22504e-06
-4.22846e-06
-4.23772e-06
-4.25791e-06
-4.29753e-06
-4.37025e-06
-4.4969e-06
-4.70678e-06
-5.03973e-06
-5.53366e-06
-6.16105e-06
-6.81794e-06
-7.41126e-06
-7.8913e-06
-8.23274e-06
-8.42969e-06
-8.48815e-06
-8.41889e-06
-8.2334e-06
-7.94182e-06
-7.55287e-06
-7.07513e-06
-6.52e-06
-5.90509e-06
-5.25683e-06
-4.61024e-06
-4.02104e-06
-3.53904e-06
-3.19584e-06
-3.01336e-06
-2.98227e-06
-3.09072e-06
-3.34769e-06
-4.1611e-06
-4.19036e-06
-4.21037e-06
-4.22528e-06
-4.23681e-06
-4.24488e-06
-4.24967e-06
-4.25161e-06
-4.25115e-06
-4.2488e-06
-4.24511e-06
-4.2408e-06
-4.23693e-06
-4.23531e-06
-4.23898e-06
-4.25317e-06
-4.28667e-06
-4.35376e-06
-4.47651e-06
-4.68624e-06
-5.02453e-06
-5.53189e-06
-6.18153e-06
-6.85964e-06
-7.46729e-06
-7.95319e-06
-8.29237e-06
-8.48034e-06
-8.52547e-06
-8.44021e-06
-8.23734e-06
-7.92785e-06
-7.52092e-06
-7.02482e-06
-6.4506e-06
-5.81482e-06
-5.14305e-06
-4.47068e-06
-3.84356e-06
-3.32608e-06
-2.94903e-06
-2.73629e-06
-2.68297e-06
-2.77982e-06
-3.03977e-06
-4.19414e-06
-4.22565e-06
-4.24693e-06
-4.26242e-06
-4.27389e-06
-4.28121e-06
-4.28453e-06
-4.2843e-06
-4.28103e-06
-4.27524e-06
-4.26754e-06
-4.25864e-06
-4.24957e-06
-4.24214e-06
-4.23945e-06
-4.24677e-06
-4.27317e-06
-4.33345e-06
-4.45074e-06
-4.65813e-06
-4.99883e-06
-5.5158e-06
-6.18269e-06
-6.87656e-06
-7.49358e-06
-7.98066e-06
-8.31323e-06
-8.48855e-06
-8.51626e-06
-8.41028e-06
-8.18443e-06
-7.85042e-06
-7.41778e-06
-6.89529e-06
-6.29388e-06
-5.6298e-06
-4.9279e-06
-4.22484e-06
-3.5609e-06
-3.00504e-06
-2.59395e-06
-2.35031e-06
-2.2735e-06
-2.35624e-06
-2.61653e-06
-4.23247e-06
-4.26655e-06
-4.28918e-06
-4.30518e-06
-4.3164e-06
-4.32261e-06
-4.32398e-06
-4.32101e-06
-4.31428e-06
-4.30438e-06
-4.29199e-06
-4.27785e-06
-4.2629e-06
-4.24904e-06
-4.23937e-06
-4.23919e-06
-4.25778e-06
-4.31044e-06
-4.42115e-06
-4.62457e-06
-4.96565e-06
-5.48943e-06
-6.16934e-06
-6.87474e-06
-7.49727e-06
-7.98223e-06
-8.30522e-06
-8.46473e-06
-8.47151e-06
-8.34051e-06
-8.08629e-06
-7.72108e-06
-7.2549e-06
-6.6971e-06
-6.05901e-06
-5.35717e-06
-4.61709e-06
-3.87548e-06
-3.17262e-06
-2.57537e-06
-2.12604e-06
-1.85005e-06
-1.74849e-06
-1.81444e-06
-2.07293e-06
-4.27644e-06
-4.31339e-06
-4.33747e-06
-4.35388e-06
-4.36456e-06
-4.36921e-06
-4.36804e-06
-4.36166e-06
-4.35076e-06
-4.33604e-06
-4.31827e-06
-4.2983e-06
-4.27692e-06
-4.25608e-06
-4.23898e-06
-4.23088e-06
-4.24123e-06
-4.28577e-06
-4.38922e-06
-4.58764e-06
-4.92761e-06
-5.45598e-06
-6.14583e-06
-6.85957e-06
-7.48468e-06
-7.96495e-06
-8.27606e-06
-8.41725e-06
-8.40009e-06
-8.24016e-06
-7.95245e-06
-7.54953e-06
-7.0419e-06
-6.4396e-06
-5.75481e-06
-5.005e-06
-4.21632e-06
-3.42568e-06
-2.68046e-06
-2.03792e-06
-1.5453e-06
-1.23326e-06
-1.1051e-06
-1.15069e-06
-1.40648e-06
-4.32651e-06
-4.36667e-06
-4.39227e-06
-4.40891e-06
-4.41865e-06
-4.42116e-06
-4.41675e-06
-4.40617e-06
-4.39029e-06
-4.36997e-06
-4.34613e-06
-4.31977e-06
-4.29157e-06
-4.26332e-06
-4.23851e-06
-4.22227e-06
-4.2242e-06
-4.2604e-06
-4.35622e-06
-4.54907e-06
-4.88691e-06
-5.41825e-06
-6.11573e-06
-6.83537e-06
-7.46081e-06
-7.93444e-06
-8.23181e-06
-8.35263e-06
-8.30892e-06
-8.11651e-06
-7.7905e-06
-7.34366e-06
-6.78685e-06
-6.13092e-06
-5.38924e-06
-4.58071e-06
-3.73292e-06
-2.88438e-06
-2.08483e-06
-1.39092e-06
-8.53976e-07
-5.00638e-07
-3.42723e-07
-3.63007e-07
-6.16085e-07
-4.38328e-06
-4.427e-06
-4.45415e-06
-4.47073e-06
-4.47899e-06
-4.47863e-06
-4.47008e-06
-4.45437e-06
-4.43261e-06
-4.40589e-06
-4.37537e-06
-4.342e-06
-4.30651e-06
-4.27079e-06
-4.23813e-06
-4.2137e-06
-4.20722e-06
-4.23505e-06
-4.32327e-06
-4.51023e-06
-4.84534e-06
-5.3785e-06
-6.08182e-06
-6.80548e-06
-7.42951e-06
-7.89498e-06
-8.17712e-06
-8.27586e-06
-8.20328e-06
-7.97515e-06
-7.60643e-06
-7.10981e-06
-6.49651e-06
-5.77819e-06
-4.96961e-06
-4.09155e-06
-3.17365e-06
-2.25667e-06
-1.39235e-06
-6.39341e-07
-5.23474e-08
3.4614e-07
5.39075e-07
5.42524e-07
3.02445e-07
-4.44752e-06
-4.49517e-06
-4.5238e-06
-4.53989e-06
-4.54596e-06
-4.54174e-06
-4.52798e-06
-4.50605e-06
-4.4774e-06
-4.44345e-06
-4.40554e-06
-4.36461e-06
-4.32158e-06
-4.27834e-06
-4.23786e-06
-4.20541e-06
-4.19071e-06
-4.21042e-06
-4.29114e-06
-4.47219e-06
-4.80424e-06
-5.33843e-06
-6.04623e-06
-6.7724e-06
-7.39366e-06
-7.84972e-06
-8.11541e-06
-8.19058e-06
-8.08709e-06
-7.82035e-06
-7.4049e-06
-6.8532e-06
-6.17666e-06
-5.38779e-06
-4.50285e-06
-3.54477e-06
-2.54578e-06
-1.54939e-06
-6.10003e-07
2.11263e-07
8.56376e-07
1.30242e-06
1.53486e-06
1.56171e-06
1.34787e-06
-4.52019e-06
-4.57212e-06
-4.60209e-06
-4.61706e-06
-4.61992e-06
-4.61062e-06
-4.59031e-06
-4.56085e-06
-4.52417e-06
-4.48206e-06
-4.43608e-06
-4.3872e-06
-4.33656e-06
-4.28578e-06
-4.23768e-06
-4.1975e-06
-4.17496e-06
-4.18693e-06
-4.26045e-06
-4.43576e-06
-4.76463e-06
-5.29928e-06
-6.01046e-06
-6.73794e-06
-7.35529e-06
-7.80092e-06
-8.04913e-06
-8.09945e-06
-7.96327e-06
-7.65538e-06
-7.18966e-06
-6.57818e-06
-5.83242e-06
-4.96565e-06
-3.99572e-06
-2.94785e-06
-1.85716e-06
-7.70435e-07
2.54634e-07
1.15392e-06
1.86512e-06
2.36249e-06
2.63756e-06
2.68942e-06
2.51379e-06
-4.60245e-06
-4.65902e-06
-4.69e-06
-4.70294e-06
-4.70128e-06
-4.68531e-06
-4.65681e-06
-4.61832e-06
-4.57236e-06
-4.52111e-06
-4.46642e-06
-4.40936e-06
-4.35101e-06
-4.29281e-06
-4.23743e-06
-4.18997e-06
-4.1601e-06
-4.16484e-06
-4.23161e-06
-4.40147e-06
-4.72717e-06
-5.2619e-06
-5.97559e-06
-6.70336e-06
-7.31584e-06
-7.75017e-06
-7.98001e-06
-8.00437e-06
-7.83397e-06
-7.48275e-06
-6.96377e-06
-6.28852e-06
-5.46845e-06
-4.51749e-06
-3.45502e-06
-2.30862e-06
-1.11643e-06
7.11759e-08
1.19277e-06
2.18059e-06
2.96557e-06
3.52103e-06
3.84596e-06
3.93037e-06
3.78916e-06
-4.69577e-06
-4.7573e-06
-4.78872e-06
-4.79834e-06
-4.79039e-06
-4.76577e-06
-4.72713e-06
-4.6779e-06
-4.62127e-06
-4.55993e-06
-4.49597e-06
-4.43049e-06
-4.36447e-06
-4.29914e-06
-4.23692e-06
-4.18275e-06
-4.14617e-06
-4.14429e-06
-4.20487e-06
-4.36966e-06
-4.69232e-06
-5.22685e-06
-5.94229e-06
-6.66947e-06
-7.27625e-06
-7.69852e-06
-7.90921e-06
-7.90669e-06
-7.7008e-06
-7.30449e-06
-6.72984e-06
-5.98765e-06
-5.0892e-06
-4.04898e-06
-2.88778e-06
-1.63541e-06
-3.33076e-07
9.65193e-07
2.19388e-06
3.2809e-06
4.14928e-06
4.76955e-06
5.15257e-06
5.27792e-06
5.17322e-06
-4.80196e-06
-4.86868e-06
-4.89963e-06
-4.90414e-06
-4.88759e-06
-4.85184e-06
-4.80073e-06
-4.73888e-06
-4.67012e-06
-4.5978e-06
-4.52405e-06
-4.45002e-06
-4.37649e-06
-4.30442e-06
-4.23592e-06
-4.17569e-06
-4.1331e-06
-4.1253e-06
-4.1803e-06
-4.34049e-06
-4.66028e-06
-5.19442e-06
-5.91097e-06
-6.63679e-06
-7.23712e-06
-7.64667e-06
-7.83756e-06
-7.80739e-06
-7.56503e-06
-7.12228e-06
-6.49017e-06
-5.67872e-06
-4.69896e-06
-3.56581e-06
-2.30124e-06
-9.37121e-07
4.82524e-07
1.90005e-06
3.2456e-06
4.44233e-06
5.40636e-06
6.09686e-06
6.54219e-06
6.71621e-06
6.65982e-06
-4.92328e-06
-4.99526e-06
-5.02433e-06
-5.02124e-06
-4.99311e-06
-4.94318e-06
-4.87695e-06
-4.80042e-06
-4.71811e-06
-4.63392e-06
-4.55e-06
-4.46742e-06
-4.38666e-06
-4.30833e-06
-4.23418e-06
-4.16861e-06
-4.12076e-06
-4.1078e-06
-4.15789e-06
-4.31398e-06
-4.63115e-06
-5.16475e-06
-5.88184e-06
-6.60558e-06
-7.19881e-06
-7.59507e-06
-7.76562e-06
-7.70723e-06
-7.42767e-06
-6.93758e-06
-6.24687e-06
-5.36476e-06
-4.30196e-06
-3.07368e-06
-1.70287e-06
-2.2309e-07
1.31917e-06
2.86295e-06
4.33379e-06
5.64914e-06
6.72262e-06
7.49672e-06
8.00587e-06
8.23631e-06
8.23464e-06
-5.06258e-06
-5.13962e-06
-5.16464e-06
-5.15055e-06
-5.107e-06
-5.03925e-06
-4.95504e-06
-4.86153e-06
-4.76433e-06
-4.66751e-06
-4.5732e-06
-4.48221e-06
-4.39461e-06
-4.3106e-06
-4.23148e-06
-4.16133e-06
-4.10903e-06
-4.09167e-06
-4.13755e-06
-4.29008e-06
-4.60488e-06
-5.13785e-06
-5.85496e-06
-6.576e-06
-7.16154e-06
-7.544e-06
-7.6938e-06
-7.60678e-06
-7.28961e-06
-6.75171e-06
-6.0019e-06
-5.04865e-06
-3.9023e-06
-2.57828e-06
-1.10024e-06
4.97003e-07
2.16505e-06
3.84017e-06
5.44349e-06
6.88597e-06
8.07953e-06
8.95695e-06
9.53397e-06
9.83002e-06
9.89052e-06
-5.22352e-06
-5.30488e-06
-5.32259e-06
-5.29288e-06
-5.22907e-06
-5.13939e-06
-5.03389e-06
-4.92123e-06
-4.80788e-06
-4.69787e-06
-4.59313e-06
-4.49401e-06
-4.40008e-06
-4.31102e-06
-4.22766e-06
-4.15371e-06
-4.09774e-06
-4.07677e-06
-4.11913e-06
-4.26863e-06
-4.58135e-06
-5.11361e-06
-5.83029e-06
-6.54806e-06
-7.1254e-06
-7.49367e-06
-7.62241e-06
-7.50654e-06
-7.1516e-06
-6.56586e-06
-5.75711e-06
-4.73312e-06
-3.50397e-06
-2.08517e-06
-5.00855e-07
1.21337e-06
3.00793e-06
4.81721e-06
6.55886e-06
8.13796e-06
9.4605e-06
1.04552e-05
1.11133e-05
1.1485e-05
1.1619e-05
-5.41083e-06
-5.49484e-06
-5.50038e-06
-5.44886e-06
-5.3589e-06
-5.24252e-06
-5.11226e-06
-4.97843e-06
-4.8479e-06
-4.72441e-06
-4.60939e-06
-4.50258e-06
-4.40292e-06
-4.30949e-06
-4.22264e-06
-4.14565e-06
-4.08679e-06
-4.06295e-06
-4.10246e-06
-4.24946e-06
-4.5604e-06
-5.09191e-06
-5.80775e-06
-6.52173e-06
-7.09044e-06
-7.44419e-06
-7.55169e-06
-7.40694e-06
-7.01436e-06
-6.38115e-06
-5.51423e-06
-4.42078e-06
-3.11071e-06
-1.59964e-06
8.80115e-08
1.91636e-06
3.83547e-06
5.77894e-06
7.66229e-06
9.38578e-06
1.08481e-05
1.19707e-05
1.2728e-05
1.3187e-05
1.34099e-05
-5.6308e-06
-5.71407e-06
-5.70028e-06
-5.61879e-06
-5.49561e-06
-5.34718e-06
-5.18887e-06
-5.0321e-06
-4.88365e-06
-4.74666e-06
-4.62174e-06
-4.50782e-06
-4.40309e-06
-4.30601e-06
-4.21639e-06
-4.1371e-06
-4.07608e-06
-4.05007e-06
-4.08738e-06
-4.23239e-06
-4.54182e-06
-5.07255e-06
-5.7872e-06
-6.49696e-06
-7.05665e-06
-7.39567e-06
-7.48188e-06
-7.30836e-06
-6.87854e-06
-6.19864e-06
-5.27484e-06
-4.114e-06
-2.72598e-06
-1.12661e-06
6.59562e-07
2.59677e-06
4.63554e-06
6.70997e-06
8.73509e-06
1.06079e-05
1.22194e-05
1.34823e-05
1.43601e-05
1.49209e-05
1.52536e-05
-5.89195e-06
-5.96803e-06
-5.92445e-06
-5.80244e-06
-5.63767e-06
-5.45172e-06
-5.2623e-06
-5.08122e-06
-4.91456e-06
-4.76436e-06
-4.63012e-06
-4.50977e-06
-4.40069e-06
-4.30067e-06
-4.20897e-06
-4.12807e-06
-4.06557e-06
-4.03804e-06
-4.07373e-06
-4.21721e-06
-4.52541e-06
-5.05534e-06
-5.76849e-06
-6.47364e-06
-7.02403e-06
-7.34818e-06
-7.41314e-06
-7.21117e-06
-6.74473e-06
-6.01926e-06
-5.04041e-06
-3.81493e-06
-2.35288e-06
-6.70456e-07
1.20767e-06
3.24613e-06
5.39667e-06
7.59518e-06
9.75815e-06
1.17816e-05
1.35503e-05
1.49666e-05
1.59842e-05
1.66689e-05
1.71412e-05
-6.20612e-06
-6.26297e-06
-6.1745e-06
-5.99852e-06
-5.78315e-06
-5.5542e-06
-5.33111e-06
-5.12495e-06
-4.94025e-06
-4.77745e-06
-4.63465e-06
-4.50864e-06
-4.39593e-06
-4.29366e-06
-4.20053e-06
-4.11863e-06
-4.05524e-06
-4.02677e-06
-4.06137e-06
-4.20375e-06
-4.51096e-06
-5.04008e-06
-5.75146e-06
-6.45168e-06
-6.99256e-06
-7.30178e-06
-7.34568e-06
-7.11569e-06
-6.61349e-06
-5.84387e-06
-4.81221e-06
-3.52541e-06
-1.99406e-06
-2.34927e-07
1.72704e-06
3.85702e-06
6.10846e-06
8.42025e-06
1.07124e-05
1.28829e-05
1.48134e-05
1.63967e-05
1.75719e-05
1.84081e-05
1.90636e-05
-6.59014e-06
-6.60578e-06
-6.4504e-06
-6.2057e-06
-5.92917e-06
-5.65243e-06
-5.39397e-06
-5.16267e-06
-4.9606e-06
-4.7861e-06
-4.63561e-06
-4.50475e-06
-4.38913e-06
-4.28523e-06
-4.19124e-06
-4.10889e-06
-4.04512e-06
-4.01621e-06
-4.05017e-06
-4.19182e-06
-4.49827e-06
-5.02659e-06
-5.73596e-06
-6.43099e-06
-6.9622e-06
-7.25654e-06
-7.27963e-06
-7.02223e-06
-6.4853e-06
-5.67321e-06
-4.59133e-06
-3.24701e-06
-1.65169e-06
1.76947e-07
2.21342e-06
4.42332e-06
6.76203e-06
9.17229e-06
1.15795e-05
1.38871e-05
1.59774e-05
1.7738e-05
1.90902e-05
2.01106e-05
2.10141e-05
-7.06813e-06
-7.00367e-06
-6.75087e-06
-6.41964e-06
-6.07233e-06
-5.74418e-06
-5.4498e-06
-5.19408e-06
-4.97576e-06
-4.79067e-06
-4.63347e-06
-4.49855e-06
-4.38067e-06
-4.27568e-06
-4.18133e-06
-4.09896e-06
-4.03526e-06
-4.00632e-06
-4.04004e-06
-4.18129e-06
-4.48717e-06
-5.01467e-06
-5.72184e-06
-6.41147e-06
-6.93294e-06
-7.2125e-06
-7.21516e-06
-6.93105e-06
-6.36059e-06
-5.50792e-06
-4.37866e-06
-2.98095e-06
-1.32744e-06
5.62899e-07
2.66363e-06
4.94042e-06
7.3504e-06
9.84048e-06
1.23429e-05
1.47696e-05
1.70088e-05
1.89494e-05
2.0496e-05
2.17389e-05
2.29882e-05
-7.67388e-06
-7.45731e-06
-7.07428e-06
-6.63499e-06
-6.20858e-06
-5.82733e-06
-5.49782e-06
-5.21922e-06
-4.98617e-06
-4.79173e-06
-4.62878e-06
-4.49054e-06
-4.37096e-06
-4.26535e-06
-4.17102e-06
-4.089e-06
-4.02572e-06
-3.99708e-06
-4.03089e-06
-4.172e-06
-4.47747e-06
-5.00415e-06
-5.70896e-06
-6.39303e-06
-6.90474e-06
-7.16972e-06
-7.15241e-06
-6.84241e-06
-6.23976e-06
-5.34856e-06
-4.17496e-06
-2.72821e-06
-1.02254e-06
9.21311e-07
3.07549e-06
5.40513e-06
7.86856e-06
1.04165e-05
1.29885e-05
1.55072e-05
1.78722e-05
1.99827e-05
2.17318e-05
2.32367e-05
2.49783e-05
-8.45409e-06
-7.96299e-06
-7.40788e-06
-6.84428e-06
-6.33348e-06
-5.89994e-06
-5.53764e-06
-5.23843e-06
-4.99244e-06
-4.78995e-06
-4.62216e-06
-4.48124e-06
-4.36045e-06
-4.25457e-06
-4.16055e-06
-4.07916e-06
-4.01656e-06
-3.98851e-06
-4.02266e-06
-4.16384e-06
-4.46904e-06
-4.99488e-06
-5.69718e-06
-6.37559e-06
-6.87756e-06
-7.1282e-06
-7.09146e-06
-6.75649e-06
-6.1231e-06
-5.19559e-06
-3.98085e-06
-2.48959e-06
-7.38001e-07
1.25099e-06
3.44749e-06
5.81539e-06
8.31318e-06
1.08943e-05
1.35047e-05
1.60788e-05
1.85312e-05
2.07821e-05
2.27208e-05
2.45142e-05
2.69567e-05
-9.45e-06
-8.51217e-06
-7.73579e-06
-7.03785e-06
-6.4424e-06
-5.96052e-06
-5.56932e-06
-5.25237e-06
-4.99538e-06
-4.7861e-06
-4.61429e-06
-4.47123e-06
-4.34956e-06
-4.24367e-06
-4.15018e-06
-4.06959e-06
-4.00785e-06
-3.98058e-06
-4.01527e-06
-4.1567e-06
-4.46173e-06
-4.98672e-06
-5.68639e-06
-6.35903e-06
-6.85134e-06
-7.08791e-06
-7.0323e-06
-6.67333e-06
-6.01071e-06
-5.04911e-06
-3.79649e-06
-2.26527e-06
-4.73967e-07
1.5518e-06
3.77952e-06
6.17089e-06
8.68332e-06
1.12711e-05
1.38844e-05
1.64673e-05
1.89507e-05
2.12844e-05
2.33645e-05
2.54426e-05
2.88748e-05
-1.07591e-05
-9.08678e-06
-8.03531e-06
-7.20544e-06
-6.53247e-06
-6.00936e-06
-5.59427e-06
-5.26259e-06
-4.99635e-06
-4.78128e-06
-4.60602e-06
-4.46113e-06
-4.33878e-06
-4.23301e-06
-4.14014e-06
-4.06045e-06
-3.99968e-06
-3.97329e-06
-4.00864e-06
-4.15043e-06
-4.45538e-06
-4.97954e-06
-5.67656e-06
-6.34348e-06
-6.82626e-06
-7.04905e-06
-6.97506e-06
-6.59288e-06
-5.90225e-06
-4.90843e-06
-3.62064e-06
-2.05332e-06
-2.27682e-07
1.82753e-06
4.07649e-06
6.47776e-06
8.98612e-06
1.15543e-05
1.41329e-05
1.66704e-05
1.91095e-05
2.14294e-05
2.35449e-05
2.58723e-05
3.07363e-05
-1.24905e-05
-9.65305e-06
-8.27363e-06
-7.33761e-06
-6.60522e-06
-6.05035e-06
-5.61627e-06
-5.27213e-06
-4.99756e-06
-4.777e-06
-4.59831e-06
-4.45153e-06
-4.32843e-06
-4.22274e-06
-4.13051e-06
-4.05178e-06
-3.99206e-06
-3.96664e-06
-4.00272e-06
-4.14489e-06
-4.44977e-06
-4.97318e-06
-5.66777e-06
-6.32935e-06
-6.80308e-06
-7.01263e-06
-6.92086e-06
-6.51619e-06
-5.79852e-06
-4.77381e-06
-3.4527e-06
-1.85186e-06
4.54998e-09
2.08427e-06
4.34758e-06
6.74897e-06
9.23902e-06
1.17662e-05
1.42771e-05
1.67161e-05
1.90228e-05
2.11799e-05
2.31108e-05
2.55125e-05
3.2244e-05
-1.39413e-05
-1.00038e-05
-8.39036e-06
-7.41493e-06
-6.65603e-06
-6.0818e-06
-5.6341e-06
-5.27986e-06
-4.99795e-06
-4.77231e-06
-4.59034e-06
-4.44172e-06
-4.31793e-06
-4.21239e-06
-4.1209e-06
-4.04329e-06
-3.98483e-06
-3.96062e-06
-3.99765e-06
-4.14034e-06
-4.44512e-06
-4.96752e-06
-5.65947e-06
-6.31585e-06
-6.78121e-06
-6.97879e-06
-6.87115e-06
-6.44659e-06
-5.70525e-06
-4.65382e-06
-3.30442e-06
-1.67592e-06
2.0455e-07
2.30119e-06
4.57021e-06
6.96151e-06
9.42051e-06
1.18894e-05
1.43061e-05
1.66019e-05
1.86923e-05
2.0499e-05
2.18593e-05
2.34882e-05
2.99865e-05
)
;

boundaryField
{
    inlet
    {
        type            uniformJump;
        patchType       cyclic;
        jump            uniform -2.5e-05;
        value           nonuniform List<scalar> 
40
(
7.93912e-07
8.07923e-07
8.22729e-07
8.37776e-07
8.54464e-07
8.74279e-07
8.99514e-07
9.34037e-07
9.83594e-07
1.05551e-06
1.15772e-06
1.29782e-06
1.48286e-06
1.71951e-06
2.01398e-06
2.37106e-06
2.79218e-06
3.27328e-06
3.80344e-06
4.36313e-06
4.8969e-06
5.33196e-06
5.65602e-06
5.89095e-06
6.05911e-06
6.17788e-06
6.26059e-06
6.31738e-06
6.3558e-06
6.38142e-06
6.39833e-06
6.40943e-06
6.41678e-06
6.42175e-06
6.42526e-06
6.42786e-06
6.4299e-06
6.43159e-06
6.43312e-06
6.43456e-06
)
;
        jumpTable       table;
        jumpTableCoeffs
        {
            values          
4
(
(0 -2.5e-05)
(25 -2.5e-05)
(25.5 -0.0001)
(26 -2.5e-05)
)
;
        }
    }
    outlet
    {
        type            uniformJump;
        patchType       cyclic;
        value           nonuniform List<scalar> 
40
(
-2.42061e-05
-2.41921e-05
-2.41773e-05
-2.41622e-05
-2.41455e-05
-2.41257e-05
-2.41005e-05
-2.4066e-05
-2.40164e-05
-2.39445e-05
-2.38423e-05
-2.37022e-05
-2.35171e-05
-2.32805e-05
-2.2986e-05
-2.26289e-05
-2.22078e-05
-2.17267e-05
-2.11966e-05
-2.06369e-05
-2.01031e-05
-1.9668e-05
-1.9344e-05
-1.9109e-05
-1.89409e-05
-1.88221e-05
-1.87394e-05
-1.86826e-05
-1.86442e-05
-1.86186e-05
-1.86017e-05
-1.85906e-05
-1.85832e-05
-1.85782e-05
-1.85747e-05
-1.85721e-05
-1.85701e-05
-1.85684e-05
-1.85669e-05
-1.85654e-05
)
;
    }
    Walls
    {
        type            zeroGradient;
    }
    back
    {
        type            empty;
    }
    front
    {
        type            empty;
    }
}


// ************************************************************************* //
