/*--------------------------------*- C++ -*----------------------------------*\
| =========                 |                                                 |
| \\      /  F ield         | OpenFOAM: The Open Source CFD Toolbox           |
|  \\    /   O peration     | Version:  2312                                  |
|   \\  /    A nd           | Website:  www.openfoam.com                      |
|    \\/     M anipulation  |                                                 |
\*---------------------------------------------------------------------------*/
FoamFile
{
    version     2.0;
    format      ascii;
    arch        "LSB;label=32;scalar=64";
    class       volScalarField;
    location    "29";
    object      p;
}
// * * * * * * * * * * * * * * * * * * * * * * * * * * * * * * * * * * * * * //

dimensions      [0 2 -2 0 0 0 0];

internalField   nonuniform List<scalar> 
4800
(
-2.23316e-13
-1.53308e-06
-2.90163e-06
-4.13021e-06
-5.23221e-06
-6.21793e-06
-7.10235e-06
-7.89942e-06
-8.61591e-06
-9.26257e-06
-9.84908e-06
-1.03796e-05
-1.08463e-05
-1.14957e-05
-1.33677e-05
1.35398e-08
-1.51512e-06
-2.8796e-06
-4.10505e-06
-5.20553e-06
-6.19115e-06
-7.07781e-06
-7.87903e-06
-8.60226e-06
-9.26016e-06
-9.86791e-06
-1.04442e-05
-1.10053e-05
-1.16621e-05
-1.26793e-05
2.87752e-08
-1.49503e-06
-2.8554e-06
-4.07773e-06
-5.17628e-06
-6.1615e-06
-7.04822e-06
-7.8521e-06
-8.58045e-06
-9.24633e-06
-9.86613e-06
-1.04588e-05
-1.10347e-05
-1.15981e-05
-1.2118e-05
4.579e-08
-1.47228e-06
-2.82775e-06
-4.04621e-06
-5.14204e-06
-6.12672e-06
-7.01146e-06
-7.81552e-06
-8.54563e-06
-9.21245e-06
-9.82921e-06
-1.0405e-05
-1.09314e-05
-1.13707e-05
-1.16415e-05
6.62912e-08
-1.44473e-06
-2.79404e-06
-4.00747e-06
-5.09929e-06
-6.08187e-06
-6.96395e-06
-7.76368e-06
-8.49e-06
-9.14892e-06
-9.74698e-06
-1.02824e-05
-1.07339e-05
-1.10572e-05
-1.11893e-05
9.20468e-08
-1.41038e-06
-2.75201e-06
-3.95883e-06
-5.04487e-06
-6.02202e-06
-6.89982e-06
-7.69087e-06
-8.40546e-06
-9.04549e-06
-9.61022e-06
-1.00903e-05
-1.04622e-05
-1.06925e-05
-1.07496e-05
1.25413e-07
-1.36672e-06
-2.69878e-06
-3.89688e-06
-4.97464e-06
-5.94301e-06
-6.81126e-06
-7.58886e-06
-8.28293e-06
-8.89265e-06
-9.41259e-06
-9.83107e-06
-1.01301e-05
-1.0293e-05
-1.03125e-05
1.69763e-07
-1.3102e-06
-2.63033e-06
-3.81691e-06
-4.8829e-06
-5.83809e-06
-6.69067e-06
-7.44757e-06
-8.11225e-06
-8.68231e-06
-9.15113e-06
-9.50958e-06
-9.74872e-06
-9.8662e-06
-9.86871e-06
2.29372e-07
-1.23626e-06
-2.54146e-06
-3.71286e-06
-4.76254e-06
-5.69889e-06
-6.52885e-06
-7.25716e-06
-7.88464e-06
-8.40898e-06
-8.82575e-06
-9.13114e-06
-9.32483e-06
-9.41389e-06
-9.41095e-06
3.08507e-07
-1.13983e-06
-2.42626e-06
-3.5777e-06
-4.60547e-06
-5.5164e-06
-6.31629e-06
-7.00844e-06
-7.59363e-06
-8.07035e-06
-8.43851e-06
-8.70029e-06
-8.86174e-06
-8.93472e-06
-8.93337e-06
4.10535e-07
-1.01669e-06
-2.2796e-06
-3.40488e-06
-4.40374e-06
-5.28217e-06
-6.04511e-06
-6.69561e-06
-7.23582e-06
-7.66715e-06
-7.99317e-06
-8.22119e-06
-8.36125e-06
-8.42691e-06
-8.43159e-06
5.37443e-07
-8.63331e-07
-2.09744e-06
-3.19039e-06
-4.15251e-06
-4.99081e-06
-5.71096e-06
-6.31681e-06
-6.81233e-06
-7.2031e-06
-7.49466e-06
-7.69831e-06
-7.82564e-06
-7.89009e-06
-7.90369e-06
6.88943e-07
-6.78984e-07
-1.87794e-06
-2.9311e-06
-3.84931e-06
-4.64164e-06
-5.3154e-06
-5.87615e-06
-6.33004e-06
-6.68481e-06
-6.95084e-06
-7.13818e-06
-7.2593e-06
-7.32681e-06
-7.35114e-06
8.60335e-07
-4.66553e-07
-1.61968e-06
-2.62587e-06
-3.49687e-06
-4.24011e-06
-4.86494e-06
-5.38159e-06
-5.79872e-06
-6.12525e-06
-6.37161e-06
-6.54927e-06
-6.66938e-06
-6.7431e-06
-6.77939e-06
1.04709e-06
-2.29811e-07
-1.32884e-06
-2.28061e-06
-3.1001e-06
-3.79314e-06
-4.37084e-06
-4.84724e-06
-5.23231e-06
-5.53547e-06
-5.76766e-06
-5.94032e-06
-6.06346e-06
-6.14616e-06
-6.19563e-06
1.2407e-06
2.34777e-08
-1.01514e-06
-1.90456e-06
-2.66788e-06
-3.31223e-06
-3.84766e-06
-4.2911e-06
-4.64983e-06
-4.93326e-06
-5.15349e-06
-5.32331e-06
-5.45188e-06
-5.54604e-06
-5.61027e-06
1.42822e-06
2.79752e-07
-6.89946e-07
-1.51545e-06
-2.21876e-06
-2.81183e-06
-3.30975e-06
-3.73017e-06
-4.07015e-06
-4.33725e-06
-4.54709e-06
-4.71329e-06
-4.84679e-06
-4.95357e-06
-5.03377e-06
1.59859e-06
5.22989e-07
-3.75776e-07
-1.13498e-06
-1.77884e-06
-2.32501e-06
-2.7933e-06
-3.18776e-06
-3.50434e-06
-3.75602e-06
-3.95951e-06
-4.12851e-06
-4.27173e-06
-4.39089e-06
-4.48589e-06
1.73792e-06
7.36168e-07
-9.19973e-08
-7.869e-07
-1.3793e-06
-1.88169e-06
-2.30711e-06
-2.66626e-06
-2.96607e-06
-3.21453e-06
-3.42223e-06
-3.59904e-06
-3.75056e-06
-3.87904e-06
-3.98627e-06
1.75935e-06
8.82797e-07
1.36277e-07
-4.95253e-07
-1.03281e-06
-1.49081e-06
-1.88059e-06
-2.21357e-06
-2.49921e-06
-2.74445e-06
-2.95524e-06
-3.13691e-06
-3.29394e-06
-3.42997e-06
-3.54791e-06
1.77843e-06
9.76559e-07
2.97677e-07
-2.7836e-07
-7.70246e-07
-1.1919e-06
-1.55445e-06
-1.86789e-06
-2.14066e-06
-2.37884e-06
-2.58692e-06
-2.76896e-06
-2.92888e-06
-3.07013e-06
-3.19554e-06
1.73991e-06
1.00589e-06
3.85694e-07
-1.46171e-07
-6.03014e-07
-9.97018e-07
-1.33889e-06
-1.6374e-06
-1.89941e-06
-2.13059e-06
-2.33526e-06
-2.51687e-06
-2.67892e-06
-2.82423e-06
-2.95489e-06
1.69217e-06
1.02205e-06
4.476e-07
-4.80476e-08
-4.76678e-07
-8.4936e-07
-1.17543e-06
-1.46244e-06
-1.71661e-06
-1.94288e-06
-2.14514e-06
-2.32655e-06
-2.48966e-06
-2.63693e-06
-2.77063e-06
1.65879e-06
1.03912e-06
5.02324e-07
3.55686e-08
-3.71622e-07
-7.28772e-07
-1.04389e-06
-1.32354e-06
-1.57304e-06
-1.79663e-06
-1.9978e-06
-2.17935e-06
-2.34377e-06
-2.49329e-06
-2.62992e-06
1.64846e-06
1.06765e-06
5.60528e-07
1.15708e-07
-2.75793e-07
-6.2207e-07
-9.2998e-07
-1.20514e-06
-1.45216e-06
-1.67479e-06
-1.87621e-06
-2.05906e-06
-2.22561e-06
-2.37782e-06
-2.51752e-06
1.65709e-06
1.10794e-06
6.24043e-07
1.9584e-07
-1.84231e-07
-5.23061e-07
-8.2652e-07
-1.09947e-06
-1.34595e-06
-1.56931e-06
-1.7724e-06
-1.95759e-06
-2.12699e-06
-2.28241e-06
-2.42559e-06
1.67983e-06
1.15624e-06
6.90528e-07
2.74898e-07
-9.69898e-08
-4.31019e-07
-7.32226e-07
-1.00481e-06
-1.25231e-06
-1.47767e-06
-1.68346e-06
-1.87186e-06
-2.04485e-06
-2.20413e-06
-2.35139e-06
1.71059e-06
1.20758e-06
7.56148e-07
3.50041e-07
-1.6087e-08
-3.47258e-07
-6.47777e-07
-9.21262e-07
-1.17079e-06
-1.39901e-06
-1.60822e-06
-1.80044e-06
-1.97752e-06
-2.14106e-06
-2.29267e-06
1.74387e-06
1.25759e-06
8.17533e-07
4.18738e-07
5.66675e-08
-2.7295e-07
-5.73776e-07
-8.48921e-07
-1.10108e-06
-1.3326e-06
-1.54558e-06
-1.74187e-06
-1.92319e-06
-2.09107e-06
-2.24705e-06
1.7758e-06
1.30334e-06
8.72548e-07
4.79494e-07
1.20329e-07
-2.08552e-07
-5.10246e-07
-7.87424e-07
-1.04244e-06
-1.27739e-06
-1.49417e-06
-1.69448e-06
-1.87995e-06
-2.05201e-06
-2.21218e-06
1.80416e-06
1.34334e-06
9.20245e-07
5.31817e-07
1.74806e-07
-1.53804e-07
-4.56615e-07
-7.35916e-07
-9.93767e-07
-1.23203e-06
-1.45242e-06
-1.65653e-06
-1.84586e-06
-2.02181e-06
-2.18582e-06
1.82805e-06
1.37715e-06
9.60572e-07
5.75975e-07
2.20637e-07
-1.07934e-07
-4.11911e-07
-6.93251e-07
-9.53754e-07
-1.19507e-06
-1.41877e-06
-1.62632e-06
-1.81914e-06
-1.99856e-06
-2.16601e-06
1.84734e-06
1.40502e-06
9.9404e-07
6.12689e-07
2.58718e-07
-6.99048e-08
-3.74985e-07
-6.58188e-07
-9.21082e-07
-1.16514e-06
-1.39178e-06
-1.60236e-06
-1.79824e-06
-1.98071e-06
-2.15113e-06
1.86241e-06
1.42756e-06
1.02144e-06
6.42891e-07
2.90087e-07
-3.86076e-08
-3.44675e-07
-6.29527e-07
-8.94524e-07
-1.14097e-06
-1.37018e-06
-1.5834e-06
-1.78193e-06
-1.96701e-06
-2.13997e-06
1.87384e-06
1.44555e-06
1.04367e-06
6.67555e-07
3.15777e-07
-1.29768e-08
-3.19902e-07
-6.06184e-07
-8.73004e-07
-1.12153e-06
-1.35294e-06
-1.56842e-06
-1.76921e-06
-1.9565e-06
-2.13162e-06
1.88227e-06
1.45971e-06
1.06156e-06
6.87593e-07
3.36728e-07
7.93659e-09
-2.99722e-07
-5.87232e-07
-8.55619e-07
-1.10592e-06
-1.33921e-06
-1.55662e-06
-1.75933e-06
-1.94849e-06
-2.12541e-06
1.88828e-06
1.47071e-06
1.07588e-06
7.03796e-07
3.53735e-07
2.49251e-08
-2.83354e-07
-5.71915e-07
-8.41641e-07
-1.09345e-06
-1.32835e-06
-1.54739e-06
-1.75171e-06
-1.94244e-06
-2.12086e-06
1.89241e-06
1.47927e-06
1.08731e-06
7.16864e-07
3.67528e-07
3.8736e-08
-2.70061e-07
-5.59522e-07
-8.30395e-07
-1.0835e-06
-1.31976e-06
-1.54018e-06
-1.74586e-06
-1.93789e-06
-2.11756e-06
1.89518e-06
1.48618e-06
1.09688e-06
7.27983e-07
3.79303e-07
5.05027e-08
-2.58802e-07
-5.49027e-07
-8.20926e-07
-1.07519e-06
-1.31268e-06
-1.53433e-06
-1.74121e-06
-1.93438e-06
-2.11515e-06
1.89692e-06
1.49187e-06
1.10528e-06
7.37901e-07
3.89896e-07
6.1141e-08
-2.48617e-07
-5.3962e-07
-8.12498e-07
-1.06787e-06
-1.30651e-06
-1.52932e-06
-1.73733e-06
-1.93163e-06
-2.11341e-06
-1.49494e-05
-1.24712e-05
-1.09481e-05
-9.9363e-06
-9.12206e-06
-8.48385e-06
-7.96641e-06
-7.53024e-06
-7.14825e-06
-6.79989e-06
-6.4695e-06
-6.14525e-06
-5.81841e-06
-5.48404e-06
-5.14148e-06
-4.79775e-06
-4.46993e-06
-4.19414e-06
-4.02495e-06
-4.05792e-06
-4.40888e-06
-5.22267e-06
-6.54698e-06
-8.09518e-06
-9.61515e-06
-1.09673e-05
-1.20401e-05
-1.27515e-05
-1.3037e-05
-1.28465e-05
-1.21551e-05
-1.09531e-05
-9.26236e-06
-7.12889e-06
-4.61963e-06
-1.8166e-06
1.18914e-06
4.30218e-06
7.42397e-06
1.04503e-05
1.32579e-05
1.56993e-05
1.74626e-05
1.83357e-05
1.74013e-05
-1.31474e-05
-1.18769e-05
-1.0728e-05
-9.82965e-06
-9.06525e-06
-8.44288e-06
-7.93004e-06
-7.4946e-06
-7.11204e-06
-6.76282e-06
-6.43156e-06
-6.10654e-06
-5.77915e-06
-5.44459e-06
-5.10243e-06
-4.75986e-06
-4.43412e-06
-4.16111e-06
-3.99482e-06
-4.02969e-06
-4.37924e-06
-5.18599e-06
-6.49905e-06
-8.03465e-06
-9.54354e-06
-1.0888e-05
-1.19562e-05
-1.26653e-05
-1.29509e-05
-1.27658e-05
-1.208e-05
-1.08919e-05
-9.22336e-06
-7.1222e-06
-4.65776e-06
-1.91524e-06
1.00945e-06
4.01293e-06
6.98326e-06
9.79231e-06
1.22714e-05
1.41761e-05
1.50396e-05
1.41731e-05
1.05741e-05
-1.21983e-05
-1.14087e-05
-1.04967e-05
-9.70004e-06
-8.99122e-06
-8.39114e-06
-7.88627e-06
-7.45314e-06
-7.07052e-06
-6.72046e-06
-6.38821e-06
-6.0623e-06
-5.73433e-06
-5.39969e-06
-5.0582e-06
-4.71728e-06
-4.39434e-06
-4.12508e-06
-3.96268e-06
-4.00042e-06
-4.34897e-06
-5.1481e-06
-6.44825e-06
-7.96871e-06
-9.4636e-06
-1.07977e-05
-1.1859e-05
-1.25641e-05
-1.28492e-05
-1.26677e-05
-1.19924e-05
-1.08233e-05
-9.18487e-06
-7.12795e-06
-4.72513e-06
-2.0661e-06
7.46656e-07
3.59969e-06
6.36544e-06
8.89193e-06
1.09768e-05
1.23328e-05
1.25135e-05
1.09766e-05
7.46115e-06
-1.15735e-05
-1.10143e-05
-1.0283e-05
-9.56875e-06
-8.91494e-06
-8.33877e-06
-7.84247e-06
-7.41154e-06
-7.02816e-06
-6.67643e-06
-6.34246e-06
-6.01512e-06
-5.68624e-06
-5.35141e-06
-5.01072e-06
-4.6718e-06
-4.35221e-06
-4.0874e-06
-3.92966e-06
-3.97099e-06
-4.31898e-06
-5.11026e-06
-6.39653e-06
-7.90002e-06
-9.37843e-06
-1.06994e-05
-1.17507e-05
-1.24489e-05
-1.27305e-05
-1.25506e-05
-1.18857e-05
-1.07377e-05
-9.13533e-06
-7.1331e-06
-4.80814e-06
-2.25572e-06
4.14144e-07
3.07762e-06
5.59347e-06
7.79416e-06
9.46856e-06
1.03482e-05
1.01026e-05
8.43947e-06
5.45027e-06
-1.10693e-05
-1.065e-05
-1.00638e-05
-9.43824e-06
-8.83763e-06
-8.2862e-06
-7.79954e-06
-7.37017e-06
-6.98487e-06
-6.63025e-06
-6.29355e-06
-5.96411e-06
-5.63401e-06
-5.29905e-06
-4.95961e-06
-4.62345e-06
-4.30828e-06
-4.04917e-06
-3.89741e-06
-3.94346e-06
-4.29138e-06
-5.07421e-06
-6.3448e-06
-7.82863e-06
-9.28733e-06
-1.05921e-05
-1.16306e-05
-1.23195e-05
-1.25967e-05
-1.24194e-05
-1.17675e-05
-1.06467e-05
-9.09023e-06
-7.15717e-06
-4.92966e-06
-2.50881e-06
-1.1673e-08
2.42982e-06
4.66685e-06
6.52973e-06
7.82374e-06
8.33622e-06
7.86772e-06
6.31872e-06
3.85466e-06
-1.0624e-05
-1.03003e-05
-9.82743e-06
-9.29277e-06
-8.7491e-06
-8.22798e-06
-7.75645e-06
-7.32837e-06
-6.94059e-06
-6.58217e-06
-6.24179e-06
-5.90956e-06
-5.57795e-06
-5.24303e-06
-4.90544e-06
-4.57307e-06
-4.26374e-06
-4.01198e-06
-3.86793e-06
-3.92013e-06
-4.26866e-06
-5.04232e-06
-6.29492e-06
-7.75565e-06
-9.19056e-06
-1.04752e-05
-1.14977e-05
-1.21752e-05
-1.24473e-05
-1.22743e-05
-1.16399e-05
-1.05546e-05
-9.05647e-06
-7.20953e-06
-5.10093e-06
-2.83691e-06
-5.39505e-07
1.65574e-06
3.60094e-06
5.13821e-06
6.10641e-06
6.36043e-06
5.80545e-06
4.45479e-06
2.49321e-06
-1.01991e-05
-9.94654e-06
-9.57038e-06
-9.11779e-06
-8.63226e-06
-8.15681e-06
-7.70289e-06
-7.28118e-06
-6.89323e-06
-6.53154e-06
-6.1874e-06
-5.85217e-06
-5.51904e-06
-5.18454e-06
-4.84966e-06
-4.52238e-06
-4.22062e-06
-3.97821e-06
-3.84389e-06
-3.90397e-06
-4.25401e-06
-5.01768e-06
-6.24964e-06
-7.68318e-06
-9.08933e-06
-1.03492e-05
-1.13517e-05
-1.2015e-05
-1.22812e-05
-1.21145e-05
-1.15033e-05
-1.04631e-05
-9.03727e-06
-7.29468e-06
-5.32679e-06
-3.24318e-06
-1.16736e-06
7.67455e-07
2.42316e-06
3.66432e-06
4.37064e-06
4.45701e-06
3.89916e-06
2.76078e-06
1.20759e-06
-9.77229e-06
-9.57433e-06
-9.27712e-06
-8.90324e-06
-8.48425e-06
-8.05293e-06
-7.62644e-06
-7.22033e-06
-6.837e-06
-6.47513e-06
-6.12893e-06
-5.79173e-06
-5.45797e-06
-5.12493e-06
-4.79415e-06
-4.47376e-06
-4.18175e-06
-3.95111e-06
-3.82892e-06
-3.8989e-06
-4.25148e-06
-5.00427e-06
-6.21245e-06
-7.614e-06
-8.98544e-06
-1.02151e-05
-1.11927e-05
-1.18384e-05
-1.20982e-05
-1.19404e-05
-1.13589e-05
-1.03748e-05
-9.03643e-06
-7.41701e-06
-5.61064e-06
-3.72744e-06
-1.88792e-06
-2.16724e-07
1.1649e-06
2.14922e-06
2.65486e-06
2.6419e-06
2.12522e-06
1.18178e-06
-5.49387e-08
-9.33227e-06
-9.17727e-06
-8.94371e-06
-8.64072e-06
-8.28733e-06
-7.9066e-06
-7.51733e-06
-7.13403e-06
-6.76324e-06
-6.40695e-06
-6.06273e-06
-5.72652e-06
-5.39452e-06
-5.06518e-06
-4.74088e-06
-4.42997e-06
-4.15059e-06
-3.93473e-06
-3.82752e-06
-3.90973e-06
-4.266e-06
-5.00679e-06
-6.18748e-06
-7.5513e-06
-8.88094e-06
-1.00739e-05
-1.10212e-05
-1.16458e-05
-1.18986e-05
-1.17532e-05
-1.12092e-05
-1.02933e-05
-9.05836e-06
-7.58046e-06
-5.95397e-06
-4.28592e-06
-2.68913e-06
-1.27455e-06
-1.42583e-07
6.26759e-07
9.83796e-07
9.1774e-07
4.60528e-07
-3.1536e-07
-1.30738e-06
-8.87228e-06
-8.75229e-06
-8.57017e-06
-8.32823e-06
-8.03628e-06
-7.70959e-06
-7.3638e-06
-7.01185e-06
-6.66219e-06
-6.31915e-06
-5.98328e-06
-5.65326e-06
-5.32739e-06
-5.00563e-06
-4.69156e-06
-4.39385e-06
-4.1309e-06
-3.93358e-06
-3.84472e-06
-3.9418e-06
-4.30296e-06
-5.03026e-06
-6.17898e-06
-7.49823e-06
-8.77777e-06
-9.92713e-06
-1.0838e-05
-1.14377e-05
-1.16836e-05
-1.1555e-05
-1.10574e-05
-1.02228e-05
-9.1072e-06
-7.78743e-06
-6.35516e-06
-4.91055e-06
-3.55472e-06
-2.38177e-06
-1.47061e-06
-8.77252e-07
-6.28711e-07
-7.19452e-07
-1.1138e-06
-1.75051e-06
-2.5526e-06
-8.38789e-06
-8.2976e-06
-8.15785e-06
-7.96786e-06
-7.73173e-06
-7.45857e-06
-7.1597e-06
-6.84585e-06
-6.52544e-06
-6.20408e-06
-5.88449e-06
-5.56776e-06
-5.25433e-06
-4.94582e-06
-4.64729e-06
-4.36783e-06
-4.1262e-06
-3.95198e-06
-3.88536e-06
-4.00024e-06
-4.36738e-06
-5.07936e-06
-6.19061e-06
-7.45681e-06
-8.67681e-06
-9.77629e-06
-1.0644e-05
-1.12152e-05
-1.1455e-05
-1.1349e-05
-1.09078e-05
-1.01675e-05
-9.18598e-06
-8.03784e-06
-6.80891e-06
-5.58919e-06
-4.46547e-06
-3.51407e-06
-2.7944e-06
-2.34386e-06
-2.17524e-06
-2.27545e-06
-2.61169e-06
-3.1353e-06
-3.78927e-06
-7.87723e-06
-7.81315e-06
-7.70928e-06
-7.56372e-06
-7.37739e-06
-7.15509e-06
-6.90417e-06
-6.63279e-06
-6.34827e-06
-6.05652e-06
-5.76152e-06
-5.46618e-06
-5.17284e-06
-4.88474e-06
-4.60848e-06
-4.35352e-06
-4.13909e-06
-3.99325e-06
-3.95316e-06
-4.08884e-06
-4.46258e-06
-5.1571e-06
-6.22475e-06
-7.42653e-06
-8.57742e-06
-9.62145e-06
-1.04411e-05
-1.098e-05
-1.12155e-05
-1.11386e-05
-1.07643e-05
-1.01309e-05
-9.2956e-06
-8.32823e-06
-7.30586e-06
-6.30604e-06
-5.40026e-06
-4.64815e-06
-4.09292e-06
-3.75875e-06
-3.65014e-06
-3.75427e-06
-4.04145e-06
-4.47505e-06
-5.01337e-06
-7.3417e-06
-7.30141e-06
-7.2288e-06
-7.12175e-06
-6.97965e-06
-6.80457e-06
-6.60086e-06
-6.3742e-06
-6.13039e-06
-5.87493e-06
-5.61225e-06
-5.34644e-06
-5.08135e-06
-4.82152e-06
-4.57506e-06
-4.35156e-06
-4.17074e-06
-4.05882e-06
-4.04971e-06
-4.2089e-06
-4.58876e-06
-5.264e-06
-6.27965e-06
-7.40705e-06
-8.48292e-06
-9.45566e-06
-1.02276e-05
-1.07346e-05
-1.09687e-05
-1.0928e-05
-1.06303e-05
-1.01144e-05
-9.43362e-06
-8.6508e-06
-7.83214e-06
-7.04177e-06
-6.33648e-06
-5.76149e-06
-5.34769e-06
-5.11063e-06
-5.051e-06
-5.15691e-06
-5.40592e-06
-5.7697e-06
-6.21805e-06
-6.78666e-06
-6.76834e-06
-6.72357e-06
-6.65042e-06
-6.5477e-06
-6.41595e-06
-6.2575e-06
-6.07607e-06
-5.87592e-06
-5.66174e-06
-5.4379e-06
-5.20904e-06
-4.97997e-06
-4.75625e-06
-4.54705e-06
-4.36202e-06
-4.22097e-06
-4.14773e-06
-4.17376e-06
-4.35815e-06
-4.74213e-06
-5.39613e-06
-6.34945e-06
-7.39812e-06
-8.39982e-06
-9.27992e-06
-9.99173e-06
-1.04773e-05
-1.07176e-05
-1.07205e-05
-1.05079e-05
-1.01163e-05
-9.59344e-06
-8.99299e-06
-8.36948e-06
-7.77389e-06
-7.2499e-06
-6.83117e-06
-6.53977e-06
-6.38592e-06
-6.36891e-06
-6.47915e-06
-6.7005e-06
-7.01256e-06
-7.39253e-06
-6.21956e-06
-6.22193e-06
-6.20259e-06
-6.15996e-06
-6.09274e-06
-6.00072e-06
-5.88505e-06
-5.74808e-06
-5.59286e-06
-5.4232e-06
-5.24303e-06
-5.05715e-06
-4.87074e-06
-4.69005e-06
-4.52465e-06
-4.38434e-06
-4.28836e-06
-4.25733e-06
-4.32108e-06
-4.52948e-06
-4.91596e-06
-5.54605e-06
-6.42624e-06
-7.39831e-06
-8.30414e-06
-9.09329e-06
-9.74277e-06
-1.02109e-05
-1.04655e-05
-1.05188e-05
-1.03964e-05
-1.01315e-05
-9.76421e-06
-9.33804e-06
-8.89615e-06
-8.47769e-06
-8.1153e-06
-7.83381e-06
-7.64937e-06
-7.56917e-06
-7.59233e-06
-7.71174e-06
-7.91593e-06
-8.19087e-06
-8.52153e-06
-5.65119e-06
-5.67343e-06
-5.67771e-06
-5.66302e-06
-5.62818e-06
-5.57269e-06
-5.4971e-06
-5.40295e-06
-5.29247e-06
-5.16873e-06
-5.03515e-06
-4.89635e-06
-4.75741e-06
-4.62498e-06
-4.50809e-06
-4.41693e-06
-4.36899e-06
-4.38283e-06
-4.48481e-06
-4.71194e-06
-5.10031e-06
-5.70033e-06
-6.50421e-06
-7.38917e-06
-8.18339e-06
-8.88712e-06
-9.49127e-06
-9.94337e-06
-1.02163e-05
-1.03241e-05
-1.02931e-05
-1.01517e-05
-9.93168e-06
-9.6668e-06
-9.38921e-06
-9.12822e-06
-8.90782e-06
-8.74656e-06
-8.65705e-06
-8.64394e-06
-8.70691e-06
-8.84145e-06
-9.03991e-06
-9.2928e-06
-9.58952e-06
-5.09238e-06
-5.1344e-06
-5.16133e-06
-5.17281e-06
-5.16799e-06
-5.14636e-06
-5.10825e-06
-5.05479e-06
-4.98774e-06
-4.90963e-06
-4.82347e-06
-4.7335e-06
-4.64443e-06
-4.56285e-06
-4.49707e-06
-4.45671e-06
-4.45722e-06
-4.51377e-06
-4.64995e-06
-4.89558e-06
-5.27969e-06
-5.84113e-06
-6.57573e-06
-7.34399e-06
-8.03892e-06
-8.67355e-06
-9.23444e-06
-9.67279e-06
-9.9675e-06
-1.01322e-05
-1.01901e-05
-1.01642e-05
-1.00785e-05
-9.95869e-06
-9.82714e-06
-9.70269e-06
-9.60416e-06
-9.54898e-06
-9.54695e-06
-9.59758e-06
-9.70101e-06
-9.85583e-06
-1.00581e-05
-1.03017e-05
-1.05794e-05
-4.56154e-06
-4.62272e-06
-4.67108e-06
-4.70673e-06
-4.7293e-06
-4.73855e-06
-4.7348e-06
-4.71901e-06
-4.69267e-06
-4.65798e-06
-4.61761e-06
-4.57527e-06
-4.53531e-06
-4.50359e-06
-4.48761e-06
-4.49587e-06
-4.54157e-06
-4.63745e-06
-4.8031e-06
-5.06302e-06
-5.434e-06
-5.95187e-06
-6.60891e-06
-7.25886e-06
-7.87228e-06
-8.45206e-06
-8.96942e-06
-9.395e-06
-9.71307e-06
-9.93455e-06
-1.00755e-05
-1.01533e-05
-1.01857e-05
-1.01898e-05
-1.01825e-05
-1.01768e-05
-1.01892e-05
-1.02312e-05
-1.03063e-05
-1.04176e-05
-1.05649e-05
-1.07469e-05
-1.09622e-05
-1.12081e-05
-1.14803e-05
-4.07713e-06
-4.15578e-06
-4.22348e-06
-4.28058e-06
-4.32727e-06
-4.36373e-06
-4.3904e-06
-4.40813e-06
-4.41826e-06
-4.42274e-06
-4.42398e-06
-4.42515e-06
-4.43014e-06
-4.44394e-06
-4.47293e-06
-4.52461e-06
-4.60929e-06
-4.73805e-06
-4.92575e-06
-5.18997e-06
-5.54393e-06
-6.01303e-06
-6.57464e-06
-7.13579e-06
-7.68621e-06
-8.21263e-06
-8.69222e-06
-9.10284e-06
-9.44291e-06
-9.71584e-06
-9.93035e-06
-1.00988e-05
-1.02327e-05
-1.03444e-05
-1.04456e-05
-1.05456e-05
-1.06555e-05
-1.07823e-05
-1.09297e-05
-1.10997e-05
-1.1293e-05
-1.15089e-05
-1.17471e-05
-1.20068e-05
-1.22862e-05
-3.65236e-06
-3.74655e-06
-3.83116e-06
-3.9066e-06
-3.97353e-06
-4.03272e-06
-4.08482e-06
-4.1306e-06
-4.17125e-06
-4.20852e-06
-4.24468e-06
-4.28244e-06
-4.32514e-06
-4.37687e-06
-4.4429e-06
-4.52934e-06
-4.64389e-06
-4.79571e-06
-4.99483e-06
-5.25443e-06
-5.58579e-06
-6.00246e-06
-6.48198e-06
-6.98016e-06
-7.47249e-06
-7.94671e-06
-8.38919e-06
-8.79057e-06
-9.14767e-06
-9.4615e-06
-9.736e-06
-9.97797e-06
-1.01956e-05
-1.03969e-05
-1.05898e-05
-1.07811e-05
-1.09762e-05
-1.11789e-05
-1.13931e-05
-1.16213e-05
-1.18644e-05
-1.21227e-05
-1.23954e-05
-1.26819e-05
-1.29818e-05
-3.30933e-06
-3.41448e-06
-3.51166e-06
-3.60116e-06
-3.68345e-06
-3.75936e-06
-3.82985e-06
-3.89601e-06
-3.95897e-06
-4.02022e-06
-4.08172e-06
-4.14578e-06
-4.21525e-06
-4.29349e-06
-4.38466e-06
-4.49364e-06
-4.62623e-06
-4.78939e-06
-4.99057e-06
-5.23926e-06
-5.54455e-06
-5.91689e-06
-6.34499e-06
-6.79152e-06
-7.23392e-06
-7.66503e-06
-8.08069e-06
-8.47686e-06
-8.84916e-06
-9.19565e-06
-9.51732e-06
-9.81792e-06
-1.01024e-05
-1.03758e-05
-1.06427e-05
-1.09071e-05
-1.11726e-05
-1.14418e-05
-1.17176e-05
-1.20021e-05
-1.22945e-05
-1.25941e-05
-1.29023e-05
-1.32224e-05
-1.35526e-05
-3.07443e-06
-3.1855e-06
-3.28902e-06
-3.38598e-06
-3.47709e-06
-3.56335e-06
-3.64422e-06
-3.72178e-06
-3.79744e-06
-3.87259e-06
-3.94888e-06
-4.02821e-06
-4.11303e-06
-4.2062e-06
-4.31107e-06
-4.43157e-06
-4.57235e-06
-4.73883e-06
-4.93722e-06
-5.17502e-06
-5.46041e-06
-5.80174e-06
-6.18863e-06
-6.59414e-06
-7.00522e-06
-7.41397e-06
-7.8149e-06
-8.2064e-06
-8.58682e-06
-8.95324e-06
-9.30508e-06
-9.64433e-06
-9.97396e-06
-1.02969e-05
-1.06158e-05
-1.0933e-05
-1.12508e-05
-1.15708e-05
-1.18943e-05
-1.22232e-05
-1.25589e-05
-1.28996e-05
-1.32482e-05
-1.36041e-05
-1.39644e-05
-2.89375e-06
-3.00896e-06
-3.11745e-06
-3.2197e-06
-3.31566e-06
-3.40809e-06
-3.49646e-06
-3.58093e-06
-3.66534e-06
-3.74951e-06
-3.83509e-06
-3.92398e-06
-4.01841e-06
-4.12087e-06
-4.23426e-06
-4.36195e-06
-4.50789e-06
-4.67662e-06
-4.87355e-06
-5.10475e-06
-5.3773e-06
-5.69945e-06
-6.06287e-06
-6.44389e-06
-6.83138e-06
-7.22082e-06
-7.60999e-06
-7.99734e-06
-8.38041e-06
-8.75693e-06
-9.12642e-06
-9.48988e-06
-9.84886e-06
-1.02049e-05
-1.05596e-05
-1.09141e-05
-1.12698e-05
-1.16279e-05
-1.19894e-05
-1.23553e-05
-1.27261e-05
-1.31013e-05
-1.34825e-05
-1.38687e-05
-1.42589e-05
-2.75653e-06
-2.87542e-06
-2.98741e-06
-3.09309e-06
-3.19343e-06
-3.28952e-06
-3.3831e-06
-3.47365e-06
-3.56335e-06
-3.65346e-06
-3.74546e-06
-3.84111e-06
-3.94242e-06
-4.05162e-06
-4.17133e-06
-4.30453e-06
-4.45467e-06
-4.62572e-06
-4.82232e-06
-5.04983e-06
-5.3145e-06
-5.6231e-06
-5.96826e-06
-6.33038e-06
-6.70035e-06
-7.07625e-06
-7.45649e-06
-7.83908e-06
-8.22184e-06
-8.60346e-06
-8.98363e-06
-9.36262e-06
-9.74109e-06
-1.01198e-05
-1.04994e-05
-1.08808e-05
-1.12646e-05
-1.16516e-05
-1.20423e-05
-1.2437e-05
-1.28359e-05
-1.32391e-05
-1.36467e-05
-1.40585e-05
-1.44741e-05
-2.64735e-06
-2.76933e-06
-2.88444e-06
-2.99355e-06
-3.09768e-06
-3.19784e-06
-3.29514e-06
-3.39042e-06
-3.48503e-06
-3.58037e-06
-3.67793e-06
-3.77936e-06
-3.88656e-06
-4.0016e-06
-4.12686e-06
-4.26503e-06
-4.4192e-06
-4.59286e-06
-4.79007e-06
-5.01544e-06
-5.27423e-06
-5.57232e-06
-5.90349e-06
-6.25141e-06
-6.60914e-06
-6.97505e-06
-7.34749e-06
-7.72481e-06
-8.10575e-06
-8.48954e-06
-8.87575e-06
-9.26429e-06
-9.65529e-06
-1.0049e-05
-1.04458e-05
-1.0846e-05
-1.125e-05
-1.16579e-05
-1.20701e-05
-1.24866e-05
-1.29074e-05
-1.33325e-05
-1.37617e-05
-1.41947e-05
-1.4631e-05
-2.55899e-06
-2.68456e-06
-2.8033e-06
-2.91614e-06
-3.0241e-06
-3.12822e-06
-3.22961e-06
-3.32936e-06
-3.42873e-06
-3.52905e-06
-3.63182e-06
-3.73864e-06
-3.85128e-06
-3.97172e-06
-4.10213e-06
-4.24497e-06
-4.403e-06
-4.57932e-06
-4.7775e-06
-5.00152e-06
-5.25597e-06
-5.54605e-06
-5.86647e-06
-6.20315e-06
-6.55066e-06
-6.90767e-06
-7.27273e-06
-7.64478e-06
-8.02303e-06
-8.40687e-06
-8.79583e-06
-9.18965e-06
-9.58822e-06
-9.99157e-06
-1.03997e-05
-1.08129e-05
-1.12309e-05
-1.1654e-05
-1.20821e-05
-1.2515e-05
-1.29527e-05
-1.33948e-05
-1.3841e-05
-1.42908e-05
-1.47438e-05
-2.48888e-06
-2.61843e-06
-2.74109e-06
-2.85786e-06
-2.96981e-06
-3.07805e-06
-3.18368e-06
-3.28786e-06
-3.39183e-06
-3.49694e-06
-3.60464e-06
-3.71649e-06
-3.8342e-06
-3.9596e-06
-4.09473e-06
-4.24182e-06
-4.40338e-06
-4.58218e-06
-4.7814e-06
-5.00451e-06
-5.25556e-06
-5.53879e-06
-5.85019e-06
-6.1772e-06
-6.5157e-06
-6.86457e-06
-7.22278e-06
-7.5896e-06
-7.96445e-06
-8.3468e-06
-8.73623e-06
-9.13244e-06
-9.53522e-06
-9.94444e-06
-1.036e-05
-1.07818e-05
-1.12098e-05
-1.16437e-05
-1.20834e-05
-1.25286e-05
-1.2979e-05
-1.34342e-05
-1.38937e-05
-1.43569e-05
-1.48232e-05
-2.43446e-06
-2.56815e-06
-2.69485e-06
-2.81566e-06
-2.93167e-06
-3.04401e-06
-3.1538e-06
-3.26223e-06
-3.37057e-06
-3.48015e-06
-3.59242e-06
-3.70888e-06
-3.83116e-06
-3.961e-06
-4.10032e-06
-4.25115e-06
-4.41579e-06
-4.59672e-06
-4.79681e-06
-5.01908e-06
-5.26713e-06
-5.54515e-06
-5.84748e-06
-6.16584e-06
-6.49625e-06
-6.83773e-06
-7.18952e-06
-7.55112e-06
-7.92207e-06
-8.30196e-06
-8.69044e-06
-9.0872e-06
-9.49199e-06
-9.9046e-06
-1.03248e-05
-1.07524e-05
-1.11872e-05
-1.16289e-05
-1.20771e-05
-1.25315e-05
-1.29916e-05
-1.34568e-05
-1.39267e-05
-1.44005e-05
-1.48775e-05
-2.39311e-06
-2.53091e-06
-2.66162e-06
-2.78636e-06
-2.90627e-06
-3.02249e-06
-3.13617e-06
-3.24853e-06
-3.36086e-06
-3.47449e-06
-3.59083e-06
-3.71137e-06
-3.83766e-06
-3.97135e-06
-4.11425e-06
-4.26823e-06
-4.43542e-06
-4.61803e-06
-4.81865e-06
-5.03988e-06
-5.28483e-06
-5.55731e-06
-5.85228e-06
-6.16294e-06
-6.48604e-06
-6.82071e-06
-7.16645e-06
-7.52292e-06
-7.8898e-06
-8.26677e-06
-8.6535e-06
-9.04971e-06
-9.45514e-06
-9.86953e-06
-1.02926e-05
-1.07241e-05
-1.11636e-05
-1.16108e-05
-1.20653e-05
-1.25267e-05
-1.29942e-05
-1.34674e-05
-1.39456e-05
-1.44279e-05
-1.49137e-05
-2.36231e-06
-2.504e-06
-2.63845e-06
-2.76684e-06
-2.89032e-06
-3.01005e-06
-3.12722e-06
-3.24308e-06
-3.35892e-06
-3.47608e-06
-3.59595e-06
-3.71997e-06
-3.84966e-06
-3.98659e-06
-4.13245e-06
-4.28901e-06
-4.45819e-06
-4.64202e-06
-4.84282e-06
-5.06284e-06
-5.30514e-06
-5.57235e-06
-5.86032e-06
-6.16401e-06
-6.48044e-06
-6.80886e-06
-7.14899e-06
-7.50061e-06
-7.86349e-06
-8.23737e-06
-8.62199e-06
-9.01706e-06
-9.42234e-06
-9.83751e-06
-1.02623e-05
-1.06963e-05
-1.11392e-05
-1.15906e-05
-1.20499e-05
-1.25166e-05
-1.29901e-05
-1.34697e-05
-1.39546e-05
-1.44441e-05
-1.49372e-05
-2.33967e-06
-2.48488e-06
-2.6227e-06
-2.75433e-06
-2.88095e-06
-3.00375e-06
-3.12394e-06
-3.24281e-06
-3.36164e-06
-3.48179e-06
-3.60462e-06
-3.73155e-06
-3.86405e-06
-4.00364e-06
-4.1519e-06
-4.31049e-06
-4.48119e-06
-4.66584e-06
-4.86649e-06
-5.08513e-06
-5.32453e-06
-5.58743e-06
-5.86875e-06
-6.16614e-06
-6.47653e-06
-6.79926e-06
-7.13425e-06
-7.48139e-06
-7.8405e-06
-8.21136e-06
-8.59376e-06
-8.98744e-06
-9.39213e-06
-9.80755e-06
-1.02334e-05
-1.06692e-05
-1.11146e-05
-1.15691e-05
-1.20322e-05
-1.25033e-05
-1.29817e-05
-1.34666e-05
-1.39573e-05
-1.44528e-05
-1.49522e-05
-2.32313e-06
-2.47143e-06
-2.61218e-06
-2.74661e-06
-2.87591e-06
-3.00131e-06
-3.12405e-06
-3.24543e-06
-3.36675e-06
-3.48937e-06
-3.61464e-06
-3.74396e-06
-3.87875e-06
-4.02048e-06
-4.17065e-06
-4.33083e-06
-4.50264e-06
-4.68779e-06
-4.88808e-06
-5.10527e-06
-5.34273e-06
-5.60052e-06
-5.87591e-06
-6.16772e-06
-6.47264e-06
-6.79026e-06
-7.12062e-06
-7.46368e-06
-7.81931e-06
-8.18734e-06
-8.56758e-06
-8.95981e-06
-9.36376e-06
-9.77914e-06
-1.02056e-05
-1.06427e-05
-1.10901e-05
-1.15472e-05
-1.20134e-05
-1.24882e-05
-1.29707e-05
-1.34602e-05
-1.39559e-05
-1.44567e-05
-1.49617e-05
-2.31109e-06
-2.46204e-06
-2.60528e-06
-2.74206e-06
-2.87359e-06
-3.00114e-06
-3.12598e-06
-3.24942e-06
-3.37278e-06
-3.49741e-06
-3.62466e-06
-3.75591e-06
-3.89255e-06
-4.03598e-06
-4.18766e-06
-4.34905e-06
-4.52166e-06
-4.70706e-06
-4.90689e-06
-5.12289e-06
-5.35795e-06
-5.61069e-06
-5.8813e-06
-6.16805e-06
-6.46804e-06
-6.78108e-06
-7.1073e-06
-7.44669e-06
-7.79917e-06
-8.16462e-06
-8.54286e-06
-8.9337e-06
-9.33688e-06
-9.75209e-06
-1.0179e-05
-1.06172e-05
-1.10662e-05
-1.15254e-05
-1.19944e-05
-1.24723e-05
-1.29585e-05
-1.34521e-05
-1.39521e-05
-1.44577e-05
-1.49678e-05
-2.30234e-06
-2.45552e-06
-2.60084e-06
-2.73955e-06
-2.87292e-06
-3.00222e-06
-3.12876e-06
-3.25386e-06
-3.37887e-06
-3.50512e-06
-3.63396e-06
-3.76676e-06
-3.90487e-06
-4.04966e-06
-4.20251e-06
-4.36482e-06
-4.53799e-06
-4.72347e-06
-4.92276e-06
-5.13762e-06
-5.37006e-06
-5.61841e-06
-5.88491e-06
-6.16698e-06
-6.46253e-06
-6.77148e-06
-7.09401e-06
-7.43012e-06
-7.77978e-06
-8.1429e-06
-8.51934e-06
-8.90891e-06
-9.31135e-06
-9.72639e-06
-1.01536e-05
-1.05927e-05
-1.10431e-05
-1.15043e-05
-1.19756e-05
-1.24564e-05
-1.29458e-05
-1.34431e-05
-1.39471e-05
-1.4457e-05
-1.49716e-05
-2.29601e-06
-2.45105e-06
-2.59807e-06
-2.73837e-06
-2.87321e-06
-3.00393e-06
-3.13183e-06
-3.25827e-06
-3.38458e-06
-3.51212e-06
-3.64224e-06
-3.77627e-06
-3.91555e-06
-4.0614e-06
-4.21517e-06
-4.37816e-06
-4.55171e-06
-4.73715e-06
-4.93585e-06
-5.14941e-06
-5.37946e-06
-5.62416e-06
-5.88678e-06
-6.16459e-06
-6.45618e-06
-6.76149e-06
-7.08073e-06
-7.41392e-06
-7.76108e-06
-8.12213e-06
-8.49697e-06
-8.8854e-06
-9.28719e-06
-9.70206e-06
-1.01296e-05
-1.05695e-05
-1.10212e-05
-1.14841e-05
-1.19575e-05
-1.24409e-05
-1.29333e-05
-1.34338e-05
-1.39415e-05
-1.44553e-05
-1.49741e-05
-2.29149e-06
-2.44805e-06
-2.59647e-06
-2.73804e-06
-2.87407e-06
-3.00591e-06
-3.1349e-06
-3.26239e-06
-3.38974e-06
-3.5183e-06
-3.64942e-06
-3.78443e-06
-3.92463e-06
-4.07133e-06
-4.22579e-06
-4.38929e-06
-4.56307e-06
-4.74837e-06
-4.94645e-06
-5.15873e-06
-5.38652e-06
-5.62832e-06
-5.88709e-06
-6.16117e-06
-6.44922e-06
-6.75129e-06
-7.0676e-06
-7.39821e-06
-7.74315e-06
-8.10239e-06
-8.4758e-06
-8.86324e-06
-9.26446e-06
-9.67919e-06
-1.01071e-05
-1.05477e-05
-1.10005e-05
-1.14649e-05
-1.19404e-05
-1.2426e-05
-1.29211e-05
-1.34247e-05
-1.39357e-05
-1.44531e-05
-1.49757e-05
-2.28832e-06
-2.44614e-06
-2.59568e-06
-2.73827e-06
-2.87525e-06
-3.00797e-06
-3.1378e-06
-3.26612e-06
-3.39428e-06
-3.52365e-06
-3.65556e-06
-3.79134e-06
-3.93226e-06
-4.07961e-06
-4.23461e-06
-4.39848e-06
-4.57238e-06
-4.75748e-06
-4.95494e-06
-5.16601e-06
-5.39172e-06
-5.63099e-06
-5.88629e-06
-6.15702e-06
-6.44192e-06
-6.74114e-06
-7.05487e-06
-7.38319e-06
-7.72619e-06
-8.08382e-06
-8.456e-06
-8.84257e-06
-9.24331e-06
-9.65794e-06
-1.00861e-05
-1.05274e-05
-1.09812e-05
-1.14471e-05
-1.19243e-05
-1.24121e-05
-1.29096e-05
-1.34159e-05
-1.39299e-05
-1.44506e-05
-1.49766e-05
-2.28619e-06
-2.44503e-06
-2.59549e-06
-2.73889e-06
-2.87661e-06
-3.01003e-06
-3.14053e-06
-3.26949e-06
-3.39828e-06
-3.52828e-06
-3.66082e-06
-3.7972e-06
-3.93869e-06
-4.08654e-06
-4.24195e-06
-4.40607e-06
-4.58002e-06
-4.76489e-06
-4.96174e-06
-5.17169e-06
-5.39554e-06
-5.63238e-06
-5.88466e-06
-6.15238e-06
-6.4345e-06
-6.7312e-06
-7.04263e-06
-7.36891e-06
-7.7102e-06
-8.06642e-06
-8.43751e-06
-8.82332e-06
-9.22365e-06
-9.63822e-06
-1.00667e-05
-1.05085e-05
-1.09634e-05
-1.14305e-05
-1.19094e-05
-1.23991e-05
-1.28988e-05
-1.34076e-05
-1.39243e-05
-1.44479e-05
-1.49772e-05
-2.28479e-06
-2.44453e-06
-2.59575e-06
-2.73984e-06
-2.87818e-06
-3.01216e-06
-3.1432e-06
-3.27268e-06
-3.402e-06
-3.53251e-06
-3.66555e-06
-3.80243e-06
-3.94438e-06
-4.09265e-06
-4.24837e-06
-4.41267e-06
-4.58661e-06
-4.7712e-06
-4.96743e-06
-5.17628e-06
-5.3984e-06
-5.63282e-06
-5.88223e-06
-6.14713e-06
-6.42664e-06
-6.72094e-06
-7.03023e-06
-7.35472e-06
-7.69434e-06
-8.04923e-06
-8.41931e-06
-8.80443e-06
-9.20439e-06
-9.6189e-06
-1.00476e-05
-1.04901e-05
-1.09459e-05
-1.14143e-05
-1.18947e-05
-1.23862e-05
-1.28881e-05
-1.33993e-05
-1.39186e-05
-1.44451e-05
-1.49774e-05
-2.28394e-06
-2.44443e-06
-2.5963e-06
-2.74095e-06
-2.8798e-06
-3.01426e-06
-3.14574e-06
-3.27566e-06
-3.40541e-06
-3.53635e-06
-3.66983e-06
-3.80713e-06
-3.94949e-06
-4.09809e-06
-4.25408e-06
-4.4185e-06
-4.59238e-06
-4.77666e-06
-4.97224e-06
-5.18002e-06
-5.40049e-06
-5.63264e-06
-5.87922e-06
-6.14128e-06
-6.41824e-06
-6.71019e-06
-7.01736e-06
-7.34e-06
-7.67806e-06
-8.03168e-06
-8.40078e-06
-8.78523e-06
-9.18483e-06
-9.59932e-06
-1.00283e-05
-1.04714e-05
-1.09281e-05
-1.13978e-05
-1.18797e-05
-1.23732e-05
-1.28771e-05
-1.33907e-05
-1.39128e-05
-1.44421e-05
-1.49774e-05
1.09327e-06
-5.86765e-06
-7.96209e-06
-9.23523e-06
-1.04813e-05
-1.17214e-05
-1.296e-05
-1.41992e-05
-1.54388e-05
-1.66808e-05
-1.79305e-05
-1.91966e-05
-2.05014e-05
-2.18796e-05
-2.33907e-05
1.77993e-06
-3.96457e-06
-6.76415e-06
-8.5911e-06
-1.01291e-05
-1.15181e-05
-1.28375e-05
-1.41239e-05
-1.53922e-05
-1.66518e-05
-1.79121e-05
-1.91845e-05
-2.04924e-05
-2.18714e-05
-2.3381e-05
1.93371e-06
-2.90808e-06
-5.95341e-06
-8.08593e-06
-9.82331e-06
-1.13351e-05
-1.27271e-05
-1.4057e-05
-1.53516e-05
-1.66272e-05
-1.78969e-05
-1.91743e-05
-2.04843e-05
-2.18632e-05
-2.33702e-05
1.51565e-06
-2.43291e-06
-5.43524e-06
-7.70995e-06
-9.5716e-06
-1.11782e-05
-1.26332e-05
-1.40019e-05
-1.532e-05
-1.66092e-05
-1.78864e-05
-1.91673e-05
-2.04779e-05
-2.18554e-05
-2.33588e-05
8.61505e-07
-2.23797e-06
-5.04717e-06
-7.37271e-06
-9.32517e-06
-1.10168e-05
-1.25352e-05
-1.39455e-05
-1.5289e-05
-1.65928e-05
-1.78774e-05
-1.91612e-05
-2.04717e-05
-2.18467e-05
-2.33452e-05
1.85278e-07
-2.31966e-06
-4.81824e-06
-7.0845e-06
-9.07792e-06
-1.08372e-05
-1.2418e-05
-1.38746e-05
-1.52487e-05
-1.65708e-05
-1.78651e-05
-1.91527e-05
-2.04631e-05
-2.18352e-05
-2.33278e-05
-5.94937e-07
-2.62089e-06
-4.78186e-06
-6.89556e-06
-8.86005e-06
-1.06494e-05
-1.22787e-05
-1.37807e-05
-1.51894e-05
-1.65347e-05
-1.78426e-05
-1.91367e-05
-2.04483e-05
-2.18178e-05
-2.33041e-05
-1.48095e-06
-3.11886e-06
-4.95043e-06
-6.85223e-06
-8.71762e-06
-1.04844e-05
-1.21318e-05
-1.36662e-05
-1.51069e-05
-1.64776e-05
-1.78027e-05
-1.91067e-05
-2.04221e-05
-2.17902e-05
-2.32704e-05
-2.44873e-06
-3.77834e-06
-5.31278e-06
-6.97904e-06
-8.69247e-06
-1.03826e-05
-1.20065e-05
-1.35475e-05
-1.50074e-05
-1.63991e-05
-1.77417e-05
-1.90576e-05
-2.0379e-05
-2.17476e-05
-2.32224e-05
-3.47602e-06
-4.56207e-06
-5.84143e-06
-7.27597e-06
-8.80877e-06
-1.0379e-05
-1.19368e-05
-1.34508e-05
-1.49076e-05
-1.63077e-05
-1.76619e-05
-1.89883e-05
-2.03162e-05
-2.1686e-05
-2.31559e-05
-4.54384e-06
-5.43703e-06
-6.50318e-06
-7.7255e-06
-9.07053e-06
-1.04939e-05
-1.19504e-05
-1.34036e-05
-1.48298e-05
-1.62189e-05
-1.75728e-05
-1.89032e-05
-2.02347e-05
-2.16045e-05
-2.30685e-05
-5.63594e-06
-6.37582e-06
-7.26613e-06
-8.30213e-06
-9.46692e-06
-1.07324e-05
-1.2064e-05
-1.34276e-05
-1.47957e-05
-1.61512e-05
-1.7488e-05
-1.88114e-05
-2.01396e-05
-2.15053e-05
-2.29604e-05
-6.73723e-06
-7.35521e-06
-8.10179e-06
-8.97853e-06
-9.979e-06
-1.1088e-05
-1.22826e-05
-1.35361e-05
-1.48226e-05
-1.6122e-05
-1.74229e-05
-1.87247e-05
-2.00394e-05
-2.1394e-05
-2.28344e-05
-7.83172e-06
-8.35355e-06
-8.98398e-06
-9.72757e-06
-1.05839e-05
-1.15465e-05
-1.26028e-05
-1.37349e-05
-1.49221e-05
-1.61457e-05
-1.73921e-05
-1.86564e-05
-1.9945e-05
-2.12785e-05
-2.26952e-05
-8.90105e-06
-9.349e-06
-9.8876e-06
-1.05226e-05
-1.12567e-05
-1.20889e-05
-1.30143e-05
-1.40228e-05
-1.51008e-05
-1.62336e-05
-1.74089e-05
-1.862e-05
-1.98686e-05
-2.11689e-05
-2.25513e-05
-9.9265e-06
-1.03201e-05
-1.07888e-05
-1.13384e-05
-1.19728e-05
-1.26938e-05
-1.35024e-05
-1.43935e-05
-1.53602e-05
-1.63938e-05
-1.7485e-05
-1.86283e-05
-1.98232e-05
-2.10774e-05
-2.24131e-05
-1.08898e-05
-1.12466e-05
-1.16654e-05
-1.21515e-05
-1.27092e-05
-1.33421e-05
-1.40509e-05
-1.4837e-05
-1.56986e-05
-1.6632e-05
-1.76322e-05
-1.86955e-05
-1.98227e-05
-2.10168e-05
-2.22922e-05
-1.17783e-05
-1.21142e-05
-1.25008e-05
-1.29427e-05
-1.3444e-05
-1.40084e-05
-1.4639e-05
-1.53384e-05
-1.61083e-05
-1.69486e-05
-1.78589e-05
-1.88375e-05
-1.98843e-05
-2.10047e-05
-2.22033e-05
-1.25859e-05
-1.29162e-05
-1.32872e-05
-1.37033e-05
-1.41679e-05
-1.46848e-05
-1.52575e-05
-1.58896e-05
-1.65842e-05
-1.73437e-05
-1.817e-05
-1.90643e-05
-2.00261e-05
-2.10584e-05
-2.21651e-05
-1.32972e-05
-1.36373e-05
-1.40103e-05
-1.44191e-05
-1.48668e-05
-1.53569e-05
-1.58926e-05
-1.64777e-05
-1.71157e-05
-1.78101e-05
-1.85636e-05
-1.93787e-05
-2.02585e-05
-2.12047e-05
-2.22177e-05
-1.38934e-05
-1.42536e-05
-1.46403e-05
-1.50555e-05
-1.55018e-05
-1.59819e-05
-1.64987e-05
-1.70554e-05
-1.76553e-05
-1.83016e-05
-1.89974e-05
-1.97457e-05
-2.05478e-05
-2.1403e-05
-2.23126e-05
-1.43334e-05
-1.47191e-05
-1.51264e-05
-1.55567e-05
-1.6012e-05
-1.64943e-05
-1.70061e-05
-1.75498e-05
-1.81278e-05
-1.8743e-05
-1.93977e-05
-2.00939e-05
-2.08333e-05
-2.16163e-05
-2.24423e-05
-1.46562e-05
-1.50669e-05
-1.54951e-05
-1.59421e-05
-1.64093e-05
-1.68982e-05
-1.74106e-05
-1.79482e-05
-1.8513e-05
-1.91068e-05
-1.97316e-05
-2.03891e-05
-2.10805e-05
-2.18054e-05
-2.2562e-05
-1.48955e-05
-1.53278e-05
-1.57748e-05
-1.6237e-05
-1.67156e-05
-1.72116e-05
-1.77262e-05
-1.82606e-05
-1.8816e-05
-1.9394e-05
-1.99956e-05
-2.06221e-05
-2.1274e-05
-2.19506e-05
-2.26509e-05
-1.50722e-05
-1.55227e-05
-1.59854e-05
-1.64606e-05
-1.69489e-05
-1.74511e-05
-1.79679e-05
-1.84999e-05
-1.9048e-05
-1.9613e-05
-2.01957e-05
-2.07966e-05
-2.1416e-05
-2.20535e-05
-2.27086e-05
-1.52012e-05
-1.56665e-05
-1.61419e-05
-1.66276e-05
-1.71239e-05
-1.76311e-05
-1.81494e-05
-1.86793e-05
-1.92211e-05
-1.97752e-05
-2.03421e-05
-2.0922e-05
-2.1515e-05
-2.21207e-05
-2.27386e-05
-1.52935e-05
-1.57707e-05
-1.62565e-05
-1.67506e-05
-1.72532e-05
-1.77641e-05
-1.82836e-05
-1.88114e-05
-1.93478e-05
-1.98929e-05
-2.04467e-05
-2.10093e-05
-2.15805e-05
-2.21601e-05
-2.27473e-05
-1.53583e-05
-1.58452e-05
-1.63393e-05
-1.68402e-05
-1.73479e-05
-1.78619e-05
-1.83821e-05
-1.89082e-05
-1.94401e-05
-1.99777e-05
-2.05207e-05
-2.1069e-05
-2.16225e-05
-2.21803e-05
-2.27423e-05
-1.54031e-05
-1.5898e-05
-1.6399e-05
-1.69057e-05
-1.74176e-05
-1.79342e-05
-1.84552e-05
-1.898e-05
-1.95083e-05
-2.00397e-05
-2.05738e-05
-2.11104e-05
-2.1649e-05
-2.21893e-05
-2.27303e-05
-1.54339e-05
-1.59356e-05
-1.64426e-05
-1.69542e-05
-1.74699e-05
-1.79889e-05
-1.85107e-05
-1.90347e-05
-1.95602e-05
-2.00867e-05
-2.06137e-05
-2.11407e-05
-2.1667e-05
-2.21924e-05
-2.2716e-05
-1.54553e-05
-1.5963e-05
-1.64752e-05
-1.69913e-05
-1.75105e-05
-1.80318e-05
-1.85547e-05
-1.90781e-05
-1.96015e-05
-2.01242e-05
-2.06454e-05
-2.11644e-05
-2.16806e-05
-2.21937e-05
-2.27025e-05
-1.54705e-05
-1.59835e-05
-1.65006e-05
-1.70208e-05
-1.75432e-05
-1.80668e-05
-1.85908e-05
-1.91142e-05
-1.96361e-05
-2.01557e-05
-2.06721e-05
-2.11846e-05
-2.16924e-05
-2.2195e-05
-2.26913e-05
-1.54817e-05
-1.59996e-05
-1.65211e-05
-1.70451e-05
-1.75706e-05
-1.80965e-05
-1.86218e-05
-1.91454e-05
-1.96662e-05
-2.01834e-05
-2.0696e-05
-2.1203e-05
-2.17036e-05
-2.21973e-05
-2.2683e-05
-1.54903e-05
-1.60126e-05
-1.65382e-05
-1.70657e-05
-1.75942e-05
-1.81223e-05
-1.8649e-05
-1.9173e-05
-1.96932e-05
-2.02085e-05
-2.07179e-05
-2.12203e-05
-2.17149e-05
-2.2201e-05
-2.26774e-05
-1.5497e-05
-1.60235e-05
-1.65528e-05
-1.70837e-05
-1.7615e-05
-1.81453e-05
-1.86733e-05
-1.91979e-05
-1.97177e-05
-2.02315e-05
-2.07383e-05
-2.12369e-05
-2.17263e-05
-2.22059e-05
-2.26743e-05
-1.55025e-05
-1.60328e-05
-1.65656e-05
-1.70996e-05
-1.76335e-05
-1.81658e-05
-1.86953e-05
-1.92205e-05
-1.97401e-05
-2.02528e-05
-2.07574e-05
-2.12528e-05
-2.17378e-05
-2.22117e-05
-2.26731e-05
-1.5507e-05
-1.60408e-05
-1.65768e-05
-1.71137e-05
-1.765e-05
-1.81842e-05
-1.87151e-05
-1.9241e-05
-1.97605e-05
-2.02724e-05
-2.07752e-05
-2.12679e-05
-2.17491e-05
-2.22181e-05
-2.26734e-05
-1.55108e-05
-1.60478e-05
-1.65867e-05
-1.71262e-05
-1.76647e-05
-1.82009e-05
-1.8733e-05
-1.92596e-05
-1.97792e-05
-2.02904e-05
-2.07918e-05
-2.12821e-05
-2.17601e-05
-2.22248e-05
-2.26749e-05
-1.55142e-05
-1.60542e-05
-1.65959e-05
-1.7138e-05
-1.76788e-05
-1.82167e-05
-1.87501e-05
-1.92775e-05
-1.97973e-05
-2.0308e-05
-2.08081e-05
-2.12962e-05
-2.17713e-05
-2.22321e-05
-2.26773e-05
-1.55172e-05
-1.60603e-05
-1.6605e-05
-1.71496e-05
-1.76926e-05
-1.82324e-05
-1.87672e-05
-1.92955e-05
-1.98155e-05
-2.03257e-05
-2.08245e-05
-2.13107e-05
-2.17829e-05
-2.224e-05
-2.26804e-05
-6.28873e-06
-6.28373e-06
-6.28759e-06
-6.29898e-06
-6.31691e-06
-6.34104e-06
-6.37126e-06
-6.40762e-06
-6.44933e-06
-6.49733e-06
-6.5521e-06
-6.61404e-06
-6.68357e-06
-6.76108e-06
-6.84682e-06
-6.94086e-06
-7.04303e-06
-7.15282e-06
-7.26932e-06
-7.39111e-06
-7.51601e-06
-7.64095e-06
-7.75927e-06
-7.86258e-06
-7.94434e-06
-7.99859e-06
-8.0198e-06
-8.00385e-06
-7.94907e-06
-7.85711e-06
-7.72961e-06
-7.57177e-06
-7.39654e-06
-7.22135e-06
-7.0612e-06
-6.93056e-06
-6.8431e-06
-6.80741e-06
-6.8247e-06
-6.88809e-06
-6.98325e-06
-7.09111e-06
-7.19143e-06
-7.26088e-06
-7.28344e-06
-6.28633e-06
-6.28203e-06
-6.28476e-06
-6.29303e-06
-6.30621e-06
-6.32402e-06
-6.34643e-06
-6.37356e-06
-6.40656e-06
-6.44514e-06
-6.48972e-06
-6.54087e-06
-6.59912e-06
-6.66504e-06
-6.73923e-06
-6.82224e-06
-6.91451e-06
-7.01626e-06
-7.12727e-06
-7.24662e-06
-7.37271e-06
-7.50278e-06
-7.62908e-06
-7.74187e-06
-7.8345e-06
-7.90128e-06
-7.93703e-06
-7.93793e-06
-7.90218e-06
-7.83029e-06
-7.72542e-06
-7.59647e-06
-7.45575e-06
-7.31327e-06
-7.18329e-06
-7.08091e-06
-7.01715e-06
-6.99746e-06
-7.02057e-06
-7.07851e-06
-7.15806e-06
-7.24365e-06
-7.3204e-06
-7.37608e-06
-7.40464e-06
-6.26541e-06
-6.26361e-06
-6.26703e-06
-6.27463e-06
-6.28607e-06
-6.30135e-06
-6.32061e-06
-6.34402e-06
-6.37197e-06
-6.40488e-06
-6.44326e-06
-6.48776e-06
-6.53905e-06
-6.59794e-06
-6.66531e-06
-6.74215e-06
-6.82955e-06
-6.92865e-06
-7.04051e-06
-7.1659e-06
-7.30506e-06
-7.45699e-06
-7.61333e-06
-7.76108e-06
-7.89079e-06
-7.99425e-06
-8.06381e-06
-8.09359e-06
-8.08043e-06
-8.02432e-06
-7.92778e-06
-7.79981e-06
-7.65249e-06
-7.5001e-06
-7.35868e-06
-7.24387e-06
-7.1682e-06
-7.13864e-06
-7.15499e-06
-7.20981e-06
-7.29005e-06
-7.3799e-06
-7.46429e-06
-7.53347e-06
-7.5854e-06
-6.23419e-06
-6.23586e-06
-6.24037e-06
-6.24754e-06
-6.25734e-06
-6.27005e-06
-6.2858e-06
-6.30493e-06
-6.32787e-06
-6.35519e-06
-6.38753e-06
-6.42567e-06
-6.47054e-06
-6.52325e-06
-6.58517e-06
-6.65795e-06
-6.74363e-06
-6.8447e-06
-6.96404e-06
-7.10483e-06
-7.27022e-06
-7.46197e-06
-7.67052e-06
-7.87708e-06
-8.06707e-06
-8.22783e-06
-8.3475e-06
-8.4176e-06
-8.43342e-06
-8.39417e-06
-8.30438e-06
-8.17169e-06
-8.00931e-06
-7.83366e-06
-7.66331e-06
-7.51688e-06
-7.41029e-06
-7.35387e-06
-7.35014e-06
-7.39328e-06
-7.47047e-06
-7.56484e-06
-7.65946e-06
-7.74409e-06
-7.81856e-06
-6.19839e-06
-6.20335e-06
-6.20929e-06
-6.21627e-06
-6.22499e-06
-6.23556e-06
-6.24828e-06
-6.26358e-06
-6.28201e-06
-6.30422e-06
-6.331e-06
-6.36331e-06
-6.40233e-06
-6.44957e-06
-6.50697e-06
-6.57702e-06
-6.663e-06
-6.76917e-06
-6.90087e-06
-7.06451e-06
-7.26714e-06
-7.51441e-06
-7.7952e-06
-8.08201e-06
-8.35264e-06
-8.58812e-06
-8.77123e-06
-8.89201e-06
-8.94555e-06
-8.93022e-06
-8.8488e-06
-8.71032e-06
-8.52813e-06
-8.32023e-06
-8.10789e-06
-7.91356e-06
-7.75794e-06
-7.65658e-06
-7.61663e-06
-7.63536e-06
-7.70092e-06
-7.7951e-06
-7.89815e-06
-7.99814e-06
-8.09582e-06
-6.16152e-06
-6.16939e-06
-6.17636e-06
-6.18367e-06
-6.19159e-06
-6.20044e-06
-6.21059e-06
-6.22257e-06
-6.23699e-06
-6.25463e-06
-6.27639e-06
-6.30341e-06
-6.33716e-06
-6.37954e-06
-6.43311e-06
-6.50132e-06
-6.58889e-06
-6.70212e-06
-6.8493e-06
-7.04076e-06
-7.28825e-06
-7.60226e-06
-7.96986e-06
-8.35184e-06
-8.71584e-06
-9.03541e-06
-9.29215e-06
-9.47419e-06
-9.57431e-06
-9.59075e-06
-9.5235e-06
-9.38188e-06
-9.18002e-06
-8.93695e-06
-8.67606e-06
-8.4236e-06
-8.20574e-06
-8.04454e-06
-7.95357e-06
-7.93491e-06
-7.97882e-06
-8.06622e-06
-8.17424e-06
-8.28864e-06
-8.41041e-06
-6.12657e-06
-6.13704e-06
-6.14529e-06
-6.15257e-06
-6.15972e-06
-6.16703e-06
-6.17487e-06
-6.18381e-06
-6.19454e-06
-6.2079e-06
-6.2249e-06
-6.24686e-06
-6.27548e-06
-6.31308e-06
-6.36285e-06
-6.42922e-06
-6.51842e-06
-6.639e-06
-6.80248e-06
-7.02355e-06
-7.31923e-06
-7.70542e-06
-8.1673e-06
-8.65133e-06
-9.11364e-06
-9.52543e-06
-9.8672e-06
-1.01203e-05
-1.02712e-05
-1.03191e-05
-1.02695e-05
-1.01301e-05
-9.91396e-06
-9.6397e-06
-9.33178e-06
-9.01936e-06
-8.73374e-06
-8.50395e-06
-8.35121e-06
-8.28409e-06
-8.29665e-06
-8.37002e-06
-8.47855e-06
-8.60561e-06
-8.7521e-06
-6.09551e-06
-6.10825e-06
-6.11751e-06
-6.12486e-06
-6.13134e-06
-6.13723e-06
-6.14291e-06
-6.14898e-06
-6.15614e-06
-6.16529e-06
-6.17753e-06
-6.1943e-06
-6.21753e-06
-6.2499e-06
-6.2952e-06
-6.35881e-06
-6.44847e-06
-6.57502e-06
-6.75337e-06
-7.00286e-06
-7.34619e-06
-7.80476e-06
-8.36282e-06
-8.95181e-06
-9.51707e-06
-1.00233e-05
-1.04433e-05
-1.07585e-05
-1.09595e-05
-1.10464e-05
-1.10212e-05
-1.08917e-05
-1.06699e-05
-1.03736e-05
-1.0027e-05
-9.66064e-06
-9.30981e-06
-9.00996e-06
-8.79041e-06
-8.66758e-06
-8.64102e-06
-8.69371e-06
-8.79816e-06
-8.93565e-06
-9.10699e-06
-6.06979e-06
-6.08449e-06
-6.09464e-06
-6.10206e-06
-6.10792e-06
-6.11246e-06
-6.11606e-06
-6.11929e-06
-6.12287e-06
-6.12771e-06
-6.13496e-06
-6.14615e-06
-6.16339e-06
-6.18965e-06
-6.22926e-06
-6.2885e-06
-6.37653e-06
-6.50644e-06
-6.6965e-06
-6.97091e-06
-7.35838e-06
-7.8848e-06
-8.53557e-06
-9.22549e-06
-9.88791e-06
-1.04806e-05
-1.09735e-05
-1.13492e-05
-1.16011e-05
-1.17249e-05
-1.17269e-05
-1.16135e-05
-1.13952e-05
-1.10881e-05
-1.07147e-05
-1.03055e-05
-9.89796e-06
-9.53265e-06
-9.24678e-06
-9.06521e-06
-8.99456e-06
-9.02133e-06
-9.11758e-06
-9.26313e-06
-9.45876e-06
-6.05035e-06
-6.06682e-06
-6.0778e-06
-6.0853e-06
-6.09056e-06
-6.09378e-06
-6.09528e-06
-6.09561e-06
-6.09546e-06
-6.09574e-06
-6.09759e-06
-6.1026e-06
-6.11299e-06
-6.13199e-06
-6.16436e-06
-6.21718e-06
-6.30093e-06
-6.43084e-06
-6.6284e-06
-6.92269e-06
-7.3491e-06
-7.93555e-06
-8.67209e-06
-9.45516e-06
-1.02059e-05
-1.08766e-05
-1.14354e-05
-1.18659e-05
-1.21621e-05
-1.23229e-05
-1.23539e-05
-1.22613e-05
-1.20544e-05
-1.17469e-05
-1.13589e-05
-1.09192e-05
-1.04658e-05
-1.00429e-05
-9.69485e-06
-9.45485e-06
-9.33766e-06
-9.33488e-06
-9.41952e-06
-9.57086e-06
-9.78986e-06
-6.03779e-06
-6.05598e-06
-6.06778e-06
-6.07536e-06
-6.08004e-06
-6.08193e-06
-6.08127e-06
-6.07855e-06
-6.07443e-06
-6.06976e-06
-6.06568e-06
-6.06376e-06
-6.06631e-06
-6.07672e-06
-6.10013e-06
-6.1443e-06
-6.22089e-06
-6.34712e-06
-6.5475e-06
-6.85567e-06
-7.31376e-06
-7.95391e-06
-8.7663e-06
-9.63317e-06
-1.04627e-05
-1.12023e-05
-1.18192e-05
-1.22978e-05
-1.2634e-05
-1.28293e-05
-1.28894e-05
-1.28204e-05
-1.26304e-05
-1.23302e-05
-1.19372e-05
-1.14777e-05
-1.09885e-05
-1.05159e-05
-1.01114e-05
-9.81502e-06
-9.65038e-06
-9.61558e-06
-9.68587e-06
-9.84089e-06
-1.00822e-05
-6.03251e-06
-6.05246e-06
-6.06512e-06
-6.07284e-06
-6.07695e-06
-6.07747e-06
-6.07453e-06
-6.06856e-06
-6.06014e-06
-6.05006e-06
-6.0394e-06
-6.02974e-06
-6.02337e-06
-6.02382e-06
-6.0365e-06
-6.06978e-06
-6.13638e-06
-6.25531e-06
-6.45396e-06
-6.77004e-06
-7.25068e-06
-7.93995e-06
-8.81821e-06
-9.75867e-06
-1.06576e-05
-1.14578e-05
-1.21256e-05
-1.26466e-05
-1.30189e-05
-1.32461e-05
-1.33345e-05
-1.32902e-05
-1.31195e-05
-1.28311e-05
-1.2439e-05
-1.19666e-05
-1.14487e-05
-1.09321e-05
-1.04771e-05
-1.01266e-05
-9.91385e-06
-9.84503e-06
-9.8986e-06
-1.00553e-05
-1.03176e-05
-6.03479e-06
-6.05665e-06
-6.07027e-06
-6.07818e-06
-6.08172e-06
-6.08079e-06
-6.07542e-06
-6.06593e-06
-6.05282e-06
-6.03681e-06
-6.01891e-06
-6.00062e-06
-5.98425e-06
-5.97339e-06
-5.97368e-06
-5.99397e-06
-6.04794e-06
-6.15625e-06
-6.34899e-06
-6.66765e-06
-7.16369e-06
-7.89495e-06
-8.8301e-06
-9.83513e-06
-1.07953e-05
-1.16489e-05
-1.23617e-05
-1.29207e-05
-1.33261e-05
-1.35828e-05
-1.3698e-05
-1.36775e-05
-1.35261e-05
-1.32503e-05
-1.28609e-05
-1.23785e-05
-1.18354e-05
-1.12768e-05
-1.07755e-05
-1.03728e-05
-1.01108e-05
-1.00059e-05
-1.00404e-05
-1.01966e-05
-1.04785e-05
-6.04485e-06
-6.06884e-06
-6.08356e-06
-6.09172e-06
-6.0947e-06
-6.09223e-06
-6.08423e-06
-6.0709e-06
-6.05267e-06
-6.03016e-06
-6.0043e-06
-5.97653e-06
-5.94911e-06
-5.92567e-06
-5.91202e-06
-5.91744e-06
-5.95647e-06
-6.05131e-06
-6.23448e-06
-6.55148e-06
-7.05829e-06
-7.82142e-06
-8.80618e-06
-9.86853e-06
-1.08831e-05
-1.17845e-05
-1.25378e-05
-1.31316e-05
-1.3567e-05
-1.38514e-05
-1.39913e-05
-1.39919e-05
-1.38573e-05
-1.35915e-05
-1.3203e-05
-1.27097e-05
-1.21421e-05
-1.15427e-05
-1.09899e-05
-1.0537e-05
-1.02254e-05
-1.00822e-05
-1.00952e-05
-1.02486e-05
-1.05482e-05
-6.0629e-06
-6.08931e-06
-6.1053e-06
-6.1138e-06
-6.11619e-06
-6.11205e-06
-6.10116e-06
-6.08364e-06
-6.0598e-06
-6.03018e-06
-5.99565e-06
-5.95754e-06
-5.91809e-06
-5.88092e-06
-5.85199e-06
-5.84094e-06
-5.86309e-06
-5.94207e-06
-6.1126e-06
-6.42437e-06
-6.93791e-06
-7.72426e-06
-8.75267e-06
-9.866e-06
-1.09294e-05
-1.18743e-05
-1.26649e-05
-1.32908e-05
-1.37546e-05
-1.40638e-05
-1.42251e-05
-1.4243e-05
-1.41202e-05
-1.3859e-05
-1.34659e-05
-1.29568e-05
-1.23616e-05
-1.17234e-05
-1.11106e-05
-1.0605e-05
-1.02437e-05
-1.006e-05
-1.00485e-05
-1.01962e-05
-1.05112e-05
-6.08918e-06
-6.11838e-06
-6.13583e-06
-6.14473e-06
-6.14648e-06
-6.14048e-06
-6.1264e-06
-6.10424e-06
-6.07425e-06
-6.03691e-06
-5.99298e-06
-5.94373e-06
-5.89135e-06
-5.83946e-06
-5.79411e-06
-5.76527e-06
-5.76896e-06
-5.83027e-06
-5.98555e-06
-6.28893e-06
-6.80525e-06
-7.6098e-06
-8.67637e-06
-9.83476e-06
-1.09423e-05
-1.1927e-05
-1.27526e-05
-1.34088e-05
-1.38988e-05
-1.423e-05
-1.44087e-05
-1.44386e-05
-1.43207e-05
-1.40561e-05
-1.36502e-05
-1.31174e-05
-1.2488e-05
-1.18064e-05
-1.1131e-05
-1.05668e-05
-1.01545e-05
-9.92686e-06
-9.88732e-06
-1.00259e-05
-1.03532e-05
-6.12399e-06
-6.15638e-06
-6.17551e-06
-6.18484e-06
-6.18584e-06
-6.17774e-06
-6.16006e-06
-6.13276e-06
-6.09602e-06
-6.05028e-06
-5.99626e-06
-5.93511e-06
-5.86901e-06
-5.80157e-06
-5.73888e-06
-5.69122e-06
-5.67526e-06
-5.71764e-06
-5.85532e-06
-6.14808e-06
-6.66374e-06
-7.48258e-06
-8.58222e-06
-9.78117e-06
-1.09292e-05
-1.19512e-05
-1.28097e-05
-1.34943e-05
-1.40081e-05
-1.4358e-05
-1.45492e-05
-1.45842e-05
-1.44628e-05
-1.41849e-05
-1.37561e-05
-1.31892e-05
-1.25157e-05
-1.17823e-05
-1.10467e-05
-1.04147e-05
-9.94507e-06
-9.67087e-06
-9.60014e-06
-9.72574e-06
-1.0062e-05
-6.16771e-06
-6.20375e-06
-6.22476e-06
-6.23451e-06
-6.23457e-06
-6.224e-06
-6.20223e-06
-6.16917e-06
-6.125e-06
-6.07016e-06
-6.00538e-06
-5.93161e-06
-5.85109e-06
-5.76744e-06
-5.68675e-06
-5.61953e-06
-5.58302e-06
-5.6047e-06
-5.72494e-06
-6.00444e-06
-6.51676e-06
-7.34663e-06
-8.47516e-06
-9.71093e-06
-1.08965e-05
-1.19535e-05
-1.2843e-05
-1.35541e-05
-1.40891e-05
-1.44537e-05
-1.46518e-05
-1.46842e-05
-1.45496e-05
-1.42474e-05
-1.37826e-05
-1.31699e-05
-1.2441e-05
-1.16454e-05
-1.08475e-05
-1.01413e-05
-9.60795e-06
-9.28346e-06
-9.1777e-06
-9.28584e-06
-9.62694e-06
-6.22081e-06
-6.261e-06
-6.28407e-06
-6.29417e-06
-6.293e-06
-6.27946e-06
-6.25294e-06
-6.21337e-06
-6.16099e-06
-6.09628e-06
-6.02004e-06
-5.93312e-06
-5.83756e-06
-5.73722e-06
-5.63807e-06
-5.55086e-06
-5.49322e-06
-5.49385e-06
-5.59523e-06
-5.86031e-06
-6.3673e-06
-7.20544e-06
-8.35939e-06
-9.62877e-06
-1.08493e-05
-1.19392e-05
-1.28581e-05
-1.35936e-05
-1.41468e-05
-1.45217e-05
-1.47203e-05
-1.47417e-05
-1.45833e-05
-1.42444e-05
-1.37305e-05
-1.30586e-05
-1.2262e-05
-1.13937e-05
-1.05231e-05
-9.74058e-06
-9.13781e-06
-8.75761e-06
-8.61247e-06
-8.6982e-06
-9.03993e-06
-6.28392e-06
-6.32878e-06
-6.35406e-06
-6.36431e-06
-6.36144e-06
-6.34425e-06
-6.31215e-06
-6.26519e-06
-6.20369e-06
-6.12836e-06
-6.0399e-06
-5.93915e-06
-5.82828e-06
-5.71091e-06
-5.59306e-06
-5.48569e-06
-5.40671e-06
-5.38606e-06
-5.46784e-06
-5.71767e-06
-6.21779e-06
-7.06196e-06
-8.23838e-06
-9.53854e-06
-1.07917e-05
-1.19126e-05
-1.28589e-05
-1.36166e-05
-1.41847e-05
-1.45651e-05
-1.47574e-05
-1.47589e-05
-1.45657e-05
-1.41774e-05
-1.36009e-05
-1.28558e-05
-1.19784e-05
-1.10248e-05
-1.00714e-05
-9.20974e-06
-8.52962e-06
-8.08719e-06
-7.89869e-06
-7.95678e-06
-8.29534e-06
-6.35782e-06
-6.40789e-06
-6.43544e-06
-6.44549e-06
-6.44026e-06
-6.4185e-06
-6.37976e-06
-6.32431e-06
-6.25275e-06
-6.1659e-06
-6.06438e-06
-5.94936e-06
-5.82293e-06
-5.68838e-06
-5.55182e-06
-5.42426e-06
-5.32418e-06
-5.28216e-06
-5.34409e-06
-5.57813e-06
-6.07025e-06
-6.91858e-06
-8.11491e-06
-9.44332e-06
-1.07268e-05
-1.18769e-05
-1.28487e-05
-1.3626e-05
-1.42055e-05
-1.45863e-05
-1.47654e-05
-1.4738e-05
-1.44992e-05
-1.40488e-05
-1.33961e-05
-1.25637e-05
-1.1592e-05
-1.05414e-05
-9.49302e-06
-8.5425e-06
-7.78337e-06
-7.27089e-06
-7.03361e-06
-7.05709e-06
-7.39064e-06
-6.4435e-06
-6.49934e-06
-6.52908e-06
-6.53835e-06
-6.52981e-06
-6.50226e-06
-6.45556e-06
-6.39036e-06
-6.30758e-06
-6.20811e-06
-6.09291e-06
-5.96333e-06
-5.82109e-06
-5.6694e-06
-5.5143e-06
-5.36687e-06
-5.24595e-06
-5.18285e-06
-5.22498e-06
-5.44299e-06
-5.92628e-06
-6.77724e-06
-7.99123e-06
-9.34555e-06
-1.06573e-05
-1.18345e-05
-1.28297e-05
-1.3624e-05
-1.42112e-05
-1.45872e-05
-1.47463e-05
-1.46812e-05
-1.43862e-05
-1.38619e-05
-1.31197e-05
-1.21863e-05
-1.11067e-05
-9.94655e-06
-8.79148e-06
-7.74164e-06
-6.89553e-06
-6.31108e-06
-6.01831e-06
-5.99845e-06
-6.32356e-06
-6.54224e-06
-6.60435e-06
-6.63601e-06
-6.64362e-06
-6.63044e-06
-6.59551e-06
-6.53921e-06
-6.46273e-06
-6.36735e-06
-6.25425e-06
-6.12489e-06
-5.98034e-06
-5.82222e-06
-5.65359e-06
-5.48034e-06
-5.31355e-06
-5.1723e-06
-5.08863e-06
-5.11127e-06
-5.31324e-06
-5.78715e-06
-6.63946e-06
-7.86909e-06
-9.24715e-06
-1.0585e-05
-1.17874e-05
-1.28038e-05
-1.36123e-05
-1.42033e-05
-1.45695e-05
-1.47019e-05
-1.4591e-05
-1.42301e-05
-1.36208e-05
-1.2777e-05
-1.17297e-05
-1.05292e-05
-9.24656e-06
-7.97263e-06
-6.81227e-06
-5.87116e-06
-5.21043e-06
-4.85264e-06
-4.7958e-06
-5.08848e-06
-6.65561e-06
-6.72442e-06
-6.75745e-06
-6.76209e-06
-6.74246e-06
-6.69812e-06
-6.63022e-06
-6.5407e-06
-6.43116e-06
-6.3036e-06
-6.15944e-06
-5.99966e-06
-5.82575e-06
-5.64052e-06
-5.44967e-06
-5.26419e-06
-5.10334e-06
-4.99981e-06
-5.00347e-06
-5.18962e-06
-5.65381e-06
-6.50641e-06
-7.74988e-06
-9.14961e-06
-1.05116e-05
-1.17371e-05
-1.27723e-05
-1.35922e-05
-1.41833e-05
-1.45348e-05
-1.46343e-05
-1.44702e-05
-1.40349e-05
-1.33308e-05
-1.23748e-05
-1.12022e-05
-9.86858e-06
-8.45087e-06
-7.04562e-06
-5.76298e-06
-4.71807e-06
-3.97511e-06
-3.54875e-06
-3.45248e-06
-3.69288e-06
-6.78556e-06
-6.86136e-06
-6.89481e-06
-6.89458e-06
-6.8661e-06
-6.80979e-06
-6.72789e-06
-6.62327e-06
-6.4981e-06
-6.35515e-06
-6.19561e-06
-6.02048e-06
-5.831e-06
-5.62969e-06
-5.42194e-06
-5.21862e-06
-5.03906e-06
-4.91654e-06
-4.90192e-06
-5.07266e-06
-5.52699e-06
-6.37899e-06
-7.63467e-06
-9.05412e-06
-1.04382e-05
-1.16847e-05
-1.27365e-05
-1.35648e-05
-1.41525e-05
-1.44847e-05
-1.45459e-05
-1.43221e-05
-1.38051e-05
-1.29982e-05
-1.19212e-05
-1.06135e-05
-9.13605e-06
-7.57165e-06
-6.0227e-06
-4.60526e-06
-3.44531e-06
-2.61228e-06
-2.10843e-06
-1.96276e-06
-2.15105e-06
-6.93454e-06
-7.01739e-06
-7.04968e-06
-7.04193e-06
-7.00146e-06
-6.92997e-06
-6.83135e-06
-6.70925e-06
-6.56714e-06
-6.40779e-06
-6.23247e-06
-6.04202e-06
-5.83734e-06
-5.62058e-06
-5.39676e-06
-5.17657e-06
-4.97934e-06
-4.83884e-06
-4.80679e-06
-4.96267e-06
-5.40718e-06
-6.25787e-06
-7.52427e-06
-8.96159e-06
-1.03657e-05
-1.16312e-05
-1.26972e-05
-1.35312e-05
-1.4112e-05
-1.44208e-05
-1.44389e-05
-1.41501e-05
-1.35456e-05
-1.26298e-05
-1.14251e-05
-9.97482e-06
-8.34489e-06
-6.62359e-06
-4.91928e-06
-3.35436e-06
-2.06447e-06
-1.13231e-06
-5.41022e-07
-3.3171e-07
-4.65298e-07
-7.1056e-06
-7.19517e-06
-7.22389e-06
-7.20496e-06
-7.14837e-06
-7.05787e-06
-6.93932e-06
-6.79748e-06
-6.63696e-06
-6.46038e-06
-6.26904e-06
-6.06346e-06
-5.84411e-06
-5.61266e-06
-5.37373e-06
-5.13775e-06
-4.92397e-06
-4.76663e-06
-4.7181e-06
-4.85981e-06
-5.29466e-06
-6.1435e-06
-7.41928e-06
-8.87272e-06
-1.0295e-05
-1.15774e-05
-1.26553e-05
-1.34923e-05
-1.4063e-05
-1.43448e-05
-1.43159e-05
-1.3958e-05
-1.32619e-05
-1.22331e-05
-1.08963e-05
-9.29853e-06
-7.50982e-06
-5.62344e-06
-3.75369e-06
-2.03018e-06
-5.92867e-07
4.54673e-07
1.1339e-06
1.41932e-06
1.35809e-06
-7.30262e-06
-7.39792e-06
-7.41941e-06
-7.38425e-06
-7.30629e-06
-7.19244e-06
-7.05028e-06
-6.88655e-06
-6.70617e-06
-6.51177e-06
-6.30439e-06
-6.08407e-06
-5.85071e-06
-5.60546e-06
-5.35246e-06
-5.10184e-06
-4.87274e-06
-4.69973e-06
-4.63578e-06
-4.76411e-06
-5.1896e-06
-6.03617e-06
-7.32013e-06
-8.78805e-06
-1.02266e-05
-1.15239e-05
-1.26115e-05
-1.3449e-05
-1.40068e-05
-1.42585e-05
-1.41794e-05
-1.37495e-05
-1.29594e-05
-1.18156e-05
-1.0345e-05
-8.59745e-06
-6.64651e-06
-4.58938e-06
-2.54575e-06
-6.52855e-07
9.4695e-07
2.13391e-06
2.9054e-06
3.27828e-06
3.29893e-06
-7.53058e-06
-7.62955e-06
-7.63838e-06
-7.58013e-06
-7.47443e-06
-7.33199e-06
-7.16262e-06
-6.97473e-06
-6.77337e-06
-6.56086e-06
-6.33766e-06
-6.10317e-06
-5.85662e-06
-5.59856e-06
-5.3326e-06
-5.06855e-06
-4.82537e-06
-4.63794e-06
-4.55969e-06
-4.67547e-06
-5.092e-06
-5.93601e-06
-7.2271e-06
-8.70796e-06
-1.0161e-05
-1.14712e-05
-1.25664e-05
-1.3402e-05
-1.39445e-05
-1.41636e-05
-1.40321e-05
-1.35286e-05
-1.26435e-05
-1.13848e-05
-9.78108e-06
-7.88454e-06
-5.77109e-06
-3.54055e-06
-1.31643e-06
7.57683e-07
2.53238e-06
3.87861e-06
4.75986e-06
5.23352e-06
5.34786e-06
-7.79609e-06
-7.89473e-06
-7.88284e-06
-7.79254e-06
-7.65146e-06
-7.47442e-06
-7.27429e-06
-7.06031e-06
-6.83721e-06
-6.60661e-06
-6.36811e-06
-6.12023e-06
-5.86143e-06
-5.59162e-06
-5.31385e-06
-5.03759e-06
-4.7816e-06
-4.58101e-06
-4.48958e-06
-4.59374e-06
-5.00177e-06
-5.84304e-06
-7.14031e-06
-8.63269e-06
-1.00986e-05
-1.14199e-05
-1.25207e-05
-1.33523e-05
-1.38772e-05
-1.40618e-05
-1.38765e-05
-1.32988e-05
-1.23196e-05
-1.09479e-05
-9.21424e-06
-7.17244e-06
-4.89961e-06
-2.49661e-06
-8.87497e-08
2.17592e-06
4.13981e-06
5.66291e-06
6.6785e-06
7.26866e-06
7.49627e-06
-8.10822e-06
-8.19906e-06
-8.15465e-06
-8.02083e-06
-7.83509e-06
-7.61735e-06
-7.38312e-06
-7.14154e-06
-6.89643e-06
-6.64817e-06
-6.39515e-06
-6.13483e-06
-5.86484e-06
-5.58439e-06
-5.29598e-06
-5.00874e-06
-4.74118e-06
-4.52867e-06
-4.42522e-06
-4.51867e-06
-4.91872e-06
-5.75716e-06
-7.05979e-06
-8.56238e-06
-1.00395e-05
-1.13702e-05
-1.24747e-05
-1.33004e-05
-1.38059e-05
-1.39547e-05
-1.37149e-05
-1.30636e-05
-1.19923e-05
-1.05115e-05
-8.65345e-06
-6.473e-06
-4.04752e-06
-1.47715e-06
1.11334e-06
3.57392e-06
5.73899e-06
7.45811e-06
8.64171e-06
9.36704e-06
9.73517e-06
-8.47964e-06
-8.54898e-06
-8.45519e-06
-8.26325e-06
-8.02235e-06
-7.75798e-06
-7.48685e-06
-7.21682e-06
-6.94998e-06
-6.68489e-06
-6.41837e-06
-6.14674e-06
-5.86667e-06
-5.57671e-06
-5.27883e-06
-4.98178e-06
-4.70388e-06
-4.48065e-06
-4.36629e-06
-4.44997e-06
-4.84261e-06
-5.67821e-06
-6.98548e-06
-8.49707e-06
-9.98387e-06
-1.13224e-05
-1.24289e-05
-1.3247e-05
-1.37318e-05
-1.38438e-05
-1.35497e-05
-1.28263e-05
-1.16662e-05
-1.00816e-05
-8.10668e-06
-5.79693e-06
-3.22907e-06
-5.00908e-07
2.26591e-06
4.92284e-06
7.29905e-06
9.23265e-06
1.06177e-05
1.15094e-05
1.20587e-05
-8.92857e-06
-8.9517e-06
-8.78457e-06
-8.51667e-06
-8.20965e-06
-7.8933e-06
-7.58326e-06
-7.28479e-06
-6.9971e-06
-6.71636e-06
-6.43761e-06
-6.15585e-06
-5.86686e-06
-5.56852e-06
-5.26228e-06
-4.95657e-06
-4.66948e-06
-4.43668e-06
-4.31251e-06
-4.38732e-06
-4.77312e-06
-5.60593e-06
-6.91721e-06
-8.43671e-06
-9.93186e-06
-1.12767e-05
-1.23836e-05
-1.31928e-05
-1.36557e-05
-1.37305e-05
-1.33827e-05
-1.25895e-05
-1.13449e-05
-9.6634e-06
-7.58077e-06
-5.15342e-06
-2.4568e-06
4.14922e-07
3.3458e-06
6.19295e-06
8.7854e-06
1.09525e-05
1.25668e-05
1.36698e-05
1.44633e-05
-9.48114e-06
-9.41417e-06
-9.13999e-06
-8.77689e-06
-8.39254e-06
-8.02012e-06
-7.67051e-06
-7.34449e-06
-7.03737e-06
-6.74247e-06
-6.45288e-06
-6.16226e-06
-5.86549e-06
-5.55984e-06
-5.24629e-06
-4.93298e-06
-4.63778e-06
-4.39651e-06
-4.26355e-06
-4.33036e-06
-4.70992e-06
-5.54002e-06
-6.85478e-06
-8.38118e-06
-9.88342e-06
-1.12331e-05
-1.23392e-05
-1.31381e-05
-1.35784e-05
-1.3616e-05
-1.32159e-05
-1.23558e-05
-1.10318e-05
-9.26097e-06
-7.08124e-06
-4.54993e-06
-1.74114e-06
1.25543e-06
4.33157e-06
7.35428e-06
1.01591e-05
1.25736e-05
1.4446e-05
1.58128e-05
1.69496e-05
-1.01746e-05
-9.93822e-06
-9.51853e-06
-9.03692e-06
-8.5659e-06
-8.13542e-06
-7.74714e-06
-7.39538e-06
-7.07074e-06
-6.76339e-06
-6.46439e-06
-6.16614e-06
-5.86269e-06
-5.55073e-06
-5.23085e-06
-4.91093e-06
-4.60863e-06
-4.35989e-06
-4.21911e-06
-4.27876e-06
-4.65262e-06
-5.48015e-06
-6.7979e-06
-8.33031e-06
-9.83849e-06
-1.11919e-05
-1.22959e-05
-1.30835e-05
-1.35007e-05
-1.35015e-05
-1.30507e-05
-1.21272e-05
-1.07296e-05
-8.87775e-06
-6.61242e-06
-3.99223e-06
-1.09021e-06
2.0084e-06
5.20431e-06
8.37791e-06
1.13783e-05
1.40428e-05
1.61991e-05
1.78866e-05
1.95186e-05
-1.10606e-05
-1.05182e-05
-9.90659e-06
-9.28793e-06
-8.72425e-06
-8.23655e-06
-7.81225e-06
-7.43742e-06
-7.0975e-06
-6.77948e-06
-6.4725e-06
-6.16779e-06
-5.85864e-06
-5.54129e-06
-5.21597e-06
-4.89031e-06
-4.58182e-06
-4.32655e-06
-4.17885e-06
-4.23212e-06
-4.60085e-06
-5.42596e-06
-6.74628e-06
-8.28385e-06
-9.7969e-06
-1.11528e-05
-1.22536e-05
-1.30293e-05
-1.34231e-05
-1.33879e-05
-1.28884e-05
-1.19054e-05
-1.04403e-05
-8.51637e-06
-6.17761e-06
-3.48459e-06
-5.10125e-07
2.66428e-06
5.94801e-06
9.23672e-06
1.23994e-05
1.52967e-05
1.77468e-05
1.98093e-05
2.21573e-05
-1.21868e-05
-1.11428e-05
-1.02858e-05
-9.51893e-06
-8.86215e-06
-8.32157e-06
-7.86563e-06
-7.47107e-06
-7.11829e-06
-6.79136e-06
-6.47772e-06
-6.16759e-06
-5.85362e-06
-5.53168e-06
-5.20167e-06
-4.87106e-06
-4.55719e-06
-4.2962e-06
-4.14242e-06
-4.19006e-06
-4.5542e-06
-5.37707e-06
-6.69959e-06
-8.24156e-06
-9.75849e-06
-1.11158e-05
-1.22125e-05
-1.29755e-05
-1.33459e-05
-1.32755e-05
-1.27297e-05
-1.16912e-05
-1.01649e-05
-8.17798e-06
-5.77815e-06
-3.02882e-06
-3.73488e-09
3.21767e-06
6.55165e-06
9.90819e-06
1.31797e-05
1.62638e-05
1.89855e-05
2.14593e-05
2.48367e-05
-1.36585e-05
-1.17936e-05
-1.06307e-05
-9.71824e-06
-8.97619e-06
-8.39056e-06
-7.9086e-06
-7.49788e-06
-7.13452e-06
-6.80019e-06
-6.48099e-06
-6.1663e-06
-5.84825e-06
-5.52237e-06
-5.18833e-06
-4.85341e-06
-4.53483e-06
-4.26878e-06
-4.10961e-06
-4.15221e-06
-4.51221e-06
-5.33305e-06
-6.65761e-06
-8.20348e-06
-9.7236e-06
-1.10816e-05
-1.21734e-05
-1.29232e-05
-1.32701e-05
-1.31653e-05
-1.25751e-05
-1.14847e-05
-9.90267e-06
-7.86065e-06
-5.41078e-06
-2.62025e-06
4.34706e-07
3.67436e-06
7.01829e-06
1.03863e-05
1.36915e-05
1.68744e-05
1.97895e-05
2.26956e-05
2.75938e-05
-1.55975e-05
-1.2432e-05
-1.09036e-05
-9.87473e-06
-9.06723e-06
-8.44699e-06
-7.94459e-06
-7.52056e-06
-7.14815e-06
-6.80739e-06
-6.48333e-06
-6.1647e-06
-5.84318e-06
-5.51398e-06
-5.17656e-06
-4.83798e-06
-4.51531e-06
-4.24473e-06
-4.0807e-06
-4.11859e-06
-4.47463e-06
-5.29351e-06
-6.62006e-06
-8.16981e-06
-9.69309e-06
-1.10518e-05
-1.21387e-05
-1.28755e-05
-1.31996e-05
-1.30615e-05
-1.24288e-05
-1.12892e-05
-9.65533e-06
-7.56373e-06
-5.07159e-06
-2.25088e-06
8.18028e-07
4.05231e-06
7.37016e-06
1.0693e-05
1.3942e-05
1.70804e-05
1.99979e-05
2.32569e-05
3.02743e-05
-1.7233e-05
-1.2829e-05
-1.10373e-05
-9.96651e-06
-9.1298e-06
-8.48848e-06
-7.9716e-06
-7.53704e-06
-7.157e-06
-6.81069e-06
-6.48247e-06
-6.16054e-06
-5.83623e-06
-5.50444e-06
-5.16441e-06
-4.82307e-06
-4.49732e-06
-4.22322e-06
-4.05529e-06
-4.08918e-06
-4.44153e-06
-5.25797e-06
-6.58547e-06
-8.13797e-06
-9.6636e-06
-1.10227e-05
-1.21055e-05
-1.28311e-05
-1.31355e-05
-1.29692e-05
-1.22996e-05
-1.11184e-05
-9.44193e-06
-7.31131e-06
-4.7889e-06
-1.95193e-06
1.11403e-06
4.32083e-06
7.5807e-06
1.08071e-05
1.39079e-05
1.68127e-05
1.93666e-05
2.22562e-05
2.97886e-05
)
;

boundaryField
{
    inlet
    {
        type            uniformJump;
        patchType       cyclic;
        jump            uniform -2.5e-05;
        value           nonuniform List<scalar> 
40
(
8.04631e-07
8.16293e-07
8.29266e-07
8.43497e-07
8.60532e-07
8.8211e-07
9.10659e-07
9.49682e-07
1.00351e-06
1.0763e-06
1.17103e-06
1.28854e-06
1.42727e-06
1.58255e-06
1.7479e-06
1.91378e-06
2.06803e-06
2.19766e-06
2.28641e-06
2.27083e-06
2.23291e-06
2.14881e-06
2.06507e-06
2.00397e-06
1.96991e-06
1.95926e-06
1.96626e-06
1.98414e-06
2.0068e-06
2.0299e-06
2.05083e-06
2.06836e-06
2.08218e-06
2.0925e-06
2.09978e-06
2.10457e-06
2.10742e-06
2.10876e-06
2.10893e-06
2.10824e-06
)
;
        jumpTable       table;
        jumpTableCoeffs
        {
            values          
4
(
(0 -2.5e-05)
(25 -2.5e-05)
(25.5 -0.0001)
(26 -2.5e-05)
)
;
        }
    }
    outlet
    {
        type            uniformJump;
        patchType       cyclic;
        value           nonuniform List<scalar> 
40
(
-2.41954e-05
-2.41837e-05
-2.41707e-05
-2.41565e-05
-2.41395e-05
-2.41179e-05
-2.40893e-05
-2.40503e-05
-2.39965e-05
-2.39237e-05
-2.3829e-05
-2.37115e-05
-2.35727e-05
-2.34175e-05
-2.32521e-05
-2.30862e-05
-2.2932e-05
-2.28023e-05
-2.27136e-05
-2.27292e-05
-2.27671e-05
-2.28512e-05
-2.29349e-05
-2.2996e-05
-2.30301e-05
-2.30407e-05
-2.30337e-05
-2.30159e-05
-2.29932e-05
-2.29701e-05
-2.29492e-05
-2.29316e-05
-2.29178e-05
-2.29075e-05
-2.29002e-05
-2.28954e-05
-2.28926e-05
-2.28912e-05
-2.28911e-05
-2.28918e-05
)
;
    }
    Walls
    {
        type            zeroGradient;
    }
    back
    {
        type            empty;
    }
    front
    {
        type            empty;
    }
}


// ************************************************************************* //
