/*--------------------------------*- C++ -*----------------------------------*\
| =========                 |                                                 |
| \\      /  F ield         | OpenFOAM: The Open Source CFD Toolbox           |
|  \\    /   O peration     | Version:  2312                                  |
|   \\  /    A nd           | Website:  www.openfoam.com                      |
|    \\/     M anipulation  |                                                 |
\*---------------------------------------------------------------------------*/
FoamFile
{
    version     2.0;
    format      ascii;
    arch        "LSB;label=32;scalar=64";
    class       volScalarField;
    location    "69.5";
    object      p;
}
// * * * * * * * * * * * * * * * * * * * * * * * * * * * * * * * * * * * * * //

dimensions      [0 2 -2 0 0 0 0];

internalField   nonuniform List<scalar> 
4800
(
-6.58573e-13
-9.63746e-07
-1.77805e-06
-2.48009e-06
-3.1149e-06
-3.68504e-06
-4.1984e-06
-4.66473e-06
-5.09123e-06
-5.4828e-06
-5.84327e-06
-6.17267e-06
-6.46188e-06
-6.95377e-06
-8.62329e-06
9.89155e-09
-9.53306e-07
-1.76706e-06
-2.46887e-06
-3.10399e-06
-3.67516e-06
-4.19036e-06
-4.65982e-06
-5.09161e-06
-5.49255e-06
-5.87127e-06
-6.24136e-06
-6.61465e-06
-7.09841e-06
-7.93655e-06
2.02853e-08
-9.421e-07
-1.75535e-06
-2.45645e-06
-3.09096e-06
-3.6627e-06
-4.17914e-06
-4.65094e-06
-5.08674e-06
-5.49413e-06
-5.88285e-06
-6.26675e-06
-6.6517e-06
-7.04138e-06
-7.40452e-06
3.09456e-08
-9.29928e-07
-1.74194e-06
-2.4422e-06
-3.07484e-06
-3.64659e-06
-4.16335e-06
-4.6357e-06
-5.07239e-06
-5.48012e-06
-5.86569e-06
-6.23379e-06
-6.57345e-06
-6.84856e-06
-6.98273e-06
4.31186e-08
-9.15406e-07
-1.72521e-06
-2.42484e-06
-3.05343e-06
-3.62408e-06
-4.13989e-06
-4.61028e-06
-5.04346e-06
-5.4437e-06
-5.8126e-06
-6.14473e-06
-6.41786e-06
-6.58959e-06
-6.6011e-06
5.83601e-08
-8.96926e-07
-1.70336e-06
-2.40208e-06
-3.02492e-06
-3.59213e-06
-4.10471e-06
-4.56958e-06
-4.99335e-06
-5.3771e-06
-5.71695e-06
-6.00086e-06
-6.20475e-06
-6.29632e-06
-6.24561e-06
7.92109e-08
-8.71991e-07
-1.67387e-06
-2.3695e-06
-2.9867e-06
-3.54729e-06
-4.05267e-06
-4.50715e-06
-4.91459e-06
-5.2729e-06
-5.5745e-06
-5.80575e-06
-5.94787e-06
-5.9838e-06
-5.90565e-06
1.09919e-07
-8.36571e-07
-1.63273e-06
-2.32267e-06
-2.93342e-06
-3.48407e-06
-3.97734e-06
-4.41554e-06
-4.79956e-06
-5.12523e-06
-5.38409e-06
-5.56522e-06
-5.65818e-06
-5.65893e-06
-5.57177e-06
1.56839e-07
-7.84718e-07
-1.57404e-06
-2.2563e-06
-2.85769e-06
-3.39469e-06
-3.87076e-06
-4.28671e-06
-4.64139e-06
-4.93026e-06
-5.14674e-06
-5.28494e-06
-5.34231e-06
-5.32317e-06
-5.23687e-06
2.28338e-07
-7.08529e-07
-1.48994e-06
-2.16243e-06
-2.7511e-06
-3.27048e-06
-3.7244e-06
-4.11301e-06
-4.43463e-06
-4.68613e-06
-4.86444e-06
-4.96895e-06
-5.00281e-06
-4.97458e-06
-4.89468e-06
3.34169e-07
-5.98536e-07
-1.37114e-06
-2.03148e-06
-2.60424e-06
-3.10231e-06
-3.53004e-06
-3.88809e-06
-4.17582e-06
-4.39268e-06
-4.53941e-06
-4.61962e-06
-4.63975e-06
-4.60977e-06
-4.53941e-06
4.84892e-07
-4.44157e-07
-1.20723e-06
-1.85336e-06
-2.40741e-06
-2.88146e-06
-3.28083e-06
-3.60772e-06
-3.86367e-06
-4.05104e-06
-4.17381e-06
-4.23822e-06
-4.25215e-06
-4.22538e-06
-4.16633e-06
6.92226e-07
-2.33665e-07
-9.8633e-07
-1.6175e-06
-2.15117e-06
-2.60025e-06
-2.97162e-06
-3.26969e-06
-3.49852e-06
-3.6631e-06
-3.76958e-06
-3.82553e-06
-3.83904e-06
-3.81896e-06
-3.77233e-06
9.69981e-07
4.63732e-08
-6.96878e-07
-1.3124e-06
-1.82587e-06
-2.25158e-06
-2.59828e-06
-2.87266e-06
-3.08107e-06
-3.23039e-06
-3.32798e-06
-3.38179e-06
-3.39952e-06
-3.38889e-06
-3.3557e-06
1.33449e-06
4.11335e-07
-3.24073e-07
-9.25569e-07
-1.42161e-06
-1.82836e-06
-2.15649e-06
-2.41464e-06
-2.61081e-06
-2.75299e-06
-2.84899e-06
-2.90656e-06
-2.93271e-06
-2.93416e-06
-2.91578e-06
1.80388e-06
8.78349e-07
1.4738e-07
-4.44458e-07
-9.28665e-07
-1.3236e-06
-1.64169e-06
-1.89287e-06
-2.08604e-06
-2.22964e-06
-2.33153e-06
-2.39901e-06
-2.43836e-06
-2.45533e-06
-2.45409e-06
2.39215e-06
1.46301e-06
7.31359e-07
1.41904e-07
-3.39012e-07
-7.31842e-07
-1.05041e-06
-1.30532e-06
-1.50568e-06
-1.65991e-06
-1.7756e-06
-1.85963e-06
-1.91778e-06
-1.95506e-06
-1.97508e-06
3.10544e-06
2.17322e-06
1.43559e-06
8.39482e-07
3.50856e-07
-5.18036e-08
-3.82902e-07
-6.53287e-07
-8.72029e-07
-1.04717e-06
-1.18584e-06
-1.29434e-06
-1.37801e-06
-1.4414e-06
-1.48787e-06
3.9405e-06
3.00807e-06
2.25922e-06
1.6467e-06
1.13854e-06
7.13315e-07
3.56772e-07
5.84059e-08
-1.90436e-07
-3.97411e-07
-5.69208e-07
-7.11534e-07
-8.29485e-07
-9.27174e-07
-1.00737e-06
4.87815e-06
3.95173e-06
3.189e-06
2.552e-06
2.01361e-06
1.55424e-06
1.16022e-06
8.21822e-07
5.3102e-07
2.80727e-07
6.48528e-08
-1.21946e-07
-2.84261e-07
-4.26037e-07
-5.50478e-07
5.79859e-06
4.88106e-06
4.10391e-06
3.43864e-06
2.86392e-06
2.36342e-06
1.92497e-06
1.53963e-06
1.20014e-06
9.0003e-07
6.33453e-07
3.95571e-07
1.82484e-07
-8.97802e-09
-1.81535e-07
6.56083e-06
5.65661e-06
4.87192e-06
4.18519e-06
3.58004e-06
3.04336e-06
2.5648e-06
2.13645e-06
1.75176e-06
1.40489e-06
1.09073e-06
8.05106e-07
5.44534e-07
3.05996e-07
8.6696e-08
7.12651e-06
6.24183e-06
5.45795e-06
4.75936e-06
4.13357e-06
3.57007e-06
3.06032e-06
2.59746e-06
2.17565e-06
1.78971e-06
1.43513e-06
1.10821e-06
8.05875e-07
5.25623e-07
2.65248e-07
7.53533e-06
6.67332e-06
5.89705e-06
5.19492e-06
4.55722e-06
3.97555e-06
3.44296e-06
2.95355e-06
2.5022e-06
2.08447e-06
1.69664e-06
1.33572e-06
9.99287e-07
6.85295e-07
3.91846e-07
7.82202e-06
6.98536e-06
6.22176e-06
5.52227e-06
4.87947e-06
4.28676e-06
3.7384e-06
3.22943e-06
2.75554e-06
2.31321e-06
1.8995e-06
1.51203e-06
1.14873e-06
8.07809e-07
4.87594e-07
8.01999e-06
7.20962e-06
6.46132e-06
5.76829e-06
5.1251e-06
4.52654e-06
3.96785e-06
3.44497e-06
2.95451e-06
2.4937e-06
2.06019e-06
1.65203e-06
1.26748e-06
9.05093e-07
5.63496e-07
8.15515e-06
7.37026e-06
6.63809e-06
5.95377e-06
5.31332e-06
4.71249e-06
4.14744e-06
3.61499e-06
3.11252e-06
2.63787e-06
2.18919e-06
1.76492e-06
1.36372e-06
9.84469e-07
6.26101e-07
8.24644e-06
7.4854e-06
6.76929e-06
6.09474e-06
5.45871e-06
4.85779e-06
4.28902e-06
3.75e-06
3.23877e-06
2.75367e-06
2.29331e-06
1.85652e-06
1.44229e-06
1.04979e-06
6.78222e-07
8.30762e-06
7.56837e-06
6.86744e-06
6.20267e-06
5.5717e-06
4.97189e-06
4.40108e-06
3.85753e-06
3.33981e-06
2.84672e-06
2.37726e-06
1.93061e-06
1.50604e-06
1.10301e-06
7.20911e-07
8.34826e-06
7.62845e-06
6.9414e-06
6.28586e-06
5.66e-06
5.06189e-06
4.49004e-06
3.94327e-06
3.4206e-06
2.92123e-06
2.44452e-06
1.98994e-06
1.55702e-06
1.14546e-06
7.54842e-07
8.37489e-06
7.67221e-06
6.99764e-06
6.3505e-06
5.72945e-06
5.1332e-06
4.56084e-06
4.01164e-06
3.48504e-06
2.98059e-06
2.49794e-06
2.03683e-06
1.59704e-06
1.17844e-06
7.80824e-07
8.3921e-06
7.70443e-06
7.04089e-06
6.4012e-06
5.78446e-06
5.19e-06
4.61736e-06
4.06622e-06
3.53636e-06
3.02765e-06
2.54e-06
2.0734e-06
1.62782e-06
1.20333e-06
7.99856e-07
8.40307e-06
7.72851e-06
7.07461e-06
6.44139e-06
5.82843e-06
5.23555e-06
4.6627e-06
4.10989e-06
3.57723e-06
3.06484e-06
2.57289e-06
2.10156e-06
1.65103e-06
1.22149e-06
8.13037e-07
8.41001e-06
7.74685e-06
7.10132e-06
6.47367e-06
5.86396e-06
5.27241e-06
4.69932e-06
4.14501e-06
3.60984e-06
3.09421e-06
2.59847e-06
2.12301e-06
1.66814e-06
1.23423e-06
8.21468e-07
8.41439e-06
7.76115e-06
7.12284e-06
6.49997e-06
5.89301e-06
5.30253e-06
4.72913e-06
4.17341e-06
3.63598e-06
3.11742e-06
2.6183e-06
2.13915e-06
1.68047e-06
1.2427e-06
8.26169e-07
8.41719e-06
7.77256e-06
7.14046e-06
6.52167e-06
5.91702e-06
5.32738e-06
4.7536e-06
4.19654e-06
3.65701e-06
3.13579e-06
2.63362e-06
2.15119e-06
1.68909e-06
1.24791e-06
8.28043e-07
8.41903e-06
7.78186e-06
7.15508e-06
6.53975e-06
5.93702e-06
5.348e-06
4.7738e-06
4.21545e-06
3.67399e-06
3.15035e-06
2.64543e-06
2.16004e-06
1.6949e-06
1.25067e-06
8.27853e-07
8.4203e-06
7.78966e-06
7.16747e-06
6.55511e-06
5.95396e-06
5.3654e-06
4.79072e-06
4.23115e-06
3.68789e-06
3.16203e-06
2.65459e-06
2.1665e-06
1.69859e-06
1.25161e-06
8.26133e-07
8.42126e-06
7.79665e-06
7.17865e-06
6.56896e-06
5.96921e-06
5.38098e-06
4.80575e-06
4.24496e-06
3.69993e-06
3.1719e-06
2.66202e-06
2.17133e-06
1.70075e-06
1.25112e-06
8.23105e-07
8.42198e-06
7.80287e-06
7.18877e-06
6.58156e-06
5.98306e-06
5.39504e-06
4.8192e-06
4.25713e-06
3.71033e-06
3.1802e-06
2.66798e-06
2.17486e-06
1.70183e-06
1.24979e-06
8.19421e-07
-9.89517e-06
-7.45446e-06
-5.97513e-06
-4.9916e-06
-4.21654e-06
-3.63199e-06
-3.1863e-06
-2.84231e-06
-2.5729e-06
-2.35502e-06
-2.16832e-06
-1.99394e-06
-1.81371e-06
-1.61039e-06
-1.36751e-06
-1.07189e-06
-7.16138e-07
-3.06855e-07
1.31665e-07
5.41568e-07
8.35206e-07
9.02042e-07
6.7194e-07
2.78271e-07
-1.05268e-07
-3.73276e-07
-4.61933e-07
-3.3372e-07
3.61617e-08
6.62218e-07
1.55613e-06
2.7215e-06
4.13837e-06
5.78314e-06
7.61541e-06
9.58317e-06
1.16244e-05
1.36681e-05
1.56312e-05
1.7411e-05
1.88711e-05
1.98161e-05
1.98378e-05
1.85486e-05
1.45739e-05
-8.2264e-06
-6.92739e-06
-5.79418e-06
-4.91254e-06
-4.18294e-06
-3.61302e-06
-3.1721e-06
-2.82966e-06
-2.56088e-06
-2.3435e-06
-2.15736e-06
-1.9835e-06
-1.80369e-06
-1.60065e-06
-1.35805e-06
-1.06267e-06
-7.07522e-07
-2.99125e-07
1.38627e-07
5.48779e-07
8.45547e-07
9.20621e-07
7.03793e-07
3.24797e-07
-4.60593e-08
-3.0497e-07
-3.88532e-07
-2.59046e-07
1.08383e-07
7.27077e-07
1.60777e-06
2.75294e-06
4.13902e-06
5.74022e-06
7.51296e-06
9.40077e-06
1.13353e-05
1.32357e-05
1.50037e-05
1.65083e-05
1.75604e-05
1.78587e-05
1.68301e-05
1.36818e-05
7.37523e-06
-7.35645e-06
-6.52414e-06
-5.60782e-06
-4.8195e-06
-4.14037e-06
-3.59074e-06
-3.15735e-06
-2.81748e-06
-2.54935e-06
-2.33207e-06
-2.14593e-06
-1.97201e-06
-1.79207e-06
-1.58887e-06
-1.34625e-06
-1.05085e-06
-6.963e-07
-2.89047e-07
1.47464e-07
5.57305e-07
8.5685e-07
9.40436e-07
7.37982e-07
3.75275e-07
1.86787e-08
-2.29931e-07
-3.07792e-07
-1.77157e-07
1.86761e-07
7.95791e-07
1.65934e-06
2.77867e-06
4.1255e-06
5.67127e-06
7.36844e-06
9.15502e-06
1.09551e-05
1.26767e-05
1.42048e-05
1.53885e-05
1.60052e-05
1.57264e-05
1.40418e-05
1.0456e-05
4.83089e-06
-6.81101e-06
-6.19849e-06
-5.45116e-06
-4.73695e-06
-4.10583e-06
-3.57722e-06
-3.15107e-06
-2.81251e-06
-2.54328e-06
-2.3243e-06
-2.13656e-06
-1.96127e-06
-1.78018e-06
-1.57607e-06
-1.33287e-06
-1.03732e-06
-6.83395e-07
-2.77524e-07
1.57376e-07
5.6652e-07
8.68645e-07
9.61045e-07
7.73955e-07
4.28954e-07
8.81742e-08
-1.48659e-07
-2.19617e-07
-8.7075e-08
2.73449e-07
8.71922e-07
1.71562e-06
2.80503e-06
4.10524e-06
5.58448e-06
7.19047e-06
8.85492e-06
1.0494e-05
1.20057e-05
1.32631e-05
1.4104e-05
1.43104e-05
1.36005e-05
1.16363e-05
8.19496e-06
3.52223e-06
-6.39051e-06
-5.91378e-06
-5.29992e-06
-4.67139e-06
-4.08421e-06
-3.57645e-06
-3.15676e-06
-2.8175e-06
-2.54449e-06
-2.32106e-06
-2.12926e-06
-1.95054e-06
-1.76673e-06
-1.56059e-06
-1.31609e-06
-1.02029e-06
-6.67258e-07
-2.63413e-07
1.68981e-07
5.76505e-07
8.8059e-07
9.81949e-07
8.11345e-07
4.85661e-07
1.62293e-07
-6.14759e-08
-1.24825e-07
9.46277e-09
3.65495e-07
9.50075e-07
1.76967e-06
2.82239e-06
4.06598e-06
5.46531e-06
6.96314e-06
8.48508e-06
9.9406e-06
1.1221e-05
1.21958e-05
1.27078e-05
1.25709e-05
1.15846e-05
9.576e-06
6.51706e-06
2.70248e-06
-6.03781e-06
-5.6549e-06
-5.14739e-06
-4.60437e-06
-4.07107e-06
-3.58675e-06
-3.17446e-06
-2.83351e-06
-2.55432e-06
-2.32356e-06
-2.12484e-06
-1.94013e-06
-1.7515e-06
-1.54182e-06
-1.29512e-06
-9.98804e-07
-6.46997e-07
-2.46053e-07
1.82583e-07
5.87154e-07
8.92188e-07
1.00239e-06
8.49351e-07
5.44636e-07
2.40294e-07
3.0808e-08
-2.44734e-08
1.10894e-07
4.60803e-07
1.02462e-06
1.8177e-06
2.82419e-06
3.99915e-06
5.30364e-06
6.67587e-06
8.03642e-06
9.29078e-06
1.03292e-05
1.10267e-05
1.12464e-05
1.0849e-05
9.71698e-06
7.79741e-06
5.1694e-06
2.10315e-06
-5.71634e-06
-5.40507e-06
-4.98958e-06
-4.51958e-06
-4.04836e-06
-3.59811e-06
-3.19841e-06
-2.85757e-06
-2.57141e-06
-2.33141e-06
-2.1234e-06
-1.93019e-06
-1.7345e-06
-1.51952e-06
-1.26959e-06
-9.72402e-07
-6.22245e-07
-2.25258e-07
1.98096e-07
5.97998e-07
9.02592e-07
1.02122e-06
8.8667e-07
6.04504e-07
3.20744e-07
1.26686e-07
7.9759e-08
2.15317e-07
5.55468e-07
1.09217e-06
1.85563e-06
2.80472e-06
3.89775e-06
5.09203e-06
6.32203e-06
7.50555e-06
8.54788e-06
9.34473e-06
9.78543e-06
9.76234e-06
9.18518e-06
8.00386e-06
6.23634e-06
3.99678e-06
1.50183e-06
-5.40468e-06
-5.1498e-06
-4.8117e-06
-4.41638e-06
-3.99937e-06
-3.59364e-06
-3.21528e-06
-2.88027e-06
-2.58961e-06
-2.34099e-06
-2.12274e-06
-1.91936e-06
-1.71481e-06
-1.49298e-06
-1.23888e-06
-9.40623e-07
-5.92793e-07
-2.01199e-07
2.15067e-07
6.0813e-07
9.10429e-07
1.03669e-06
9.21346e-07
6.63163e-07
4.01377e-07
2.23688e-07
1.85208e-07
3.19483e-07
6.3972e-07
1.15467e-06
1.87768e-06
2.75597e-06
3.75301e-06
4.82257e-06
5.89604e-06
6.89154e-06
7.71941e-06
8.28599e-06
8.50125e-06
8.28928e-06
7.602e-06
6.43466e-06
4.83871e-06
2.92675e-06
8.61847e-07
-5.09171e-06
-4.88187e-06
-4.60689e-06
-4.27939e-06
-3.92162e-06
-3.55887e-06
-3.20922e-06
-2.88778e-06
-2.59943e-06
-2.34623e-06
-2.11785e-06
-1.90421e-06
-1.69014e-06
-1.46063e-06
-1.20202e-06
-9.02982e-07
-5.58488e-07
-1.74291e-07
2.32247e-07
6.15949e-07
9.13585e-07
1.04621e-06
9.50537e-07
7.17554e-07
4.78853e-07
3.17996e-07
2.87872e-07
4.15501e-07
7.13187e-07
1.20732e-06
1.87115e-06
2.666e-06
3.55549e-06
4.48729e-06
5.39344e-06
6.19645e-06
6.81547e-06
7.1722e-06
7.19928e-06
6.84969e-06
6.10642e-06
4.99024e-06
3.56257e-06
1.92039e-06
1.83019e-07
-4.77022e-06
-4.597e-06
-4.37307e-06
-4.10377e-06
-3.80192e-06
-3.48485e-06
-3.16896e-06
-2.86703e-06
-2.59138e-06
-2.33679e-06
-2.10051e-06
-1.87959e-06
-1.65693e-06
-1.42011e-06
-1.15775e-06
-8.59275e-07
-5.19949e-07
-1.45157e-07
2.47756e-07
6.18805e-07
9.08948e-07
1.04612e-06
9.70221e-07
7.63366e-07
5.48432e-07
4.04334e-07
3.79301e-07
4.989e-07
7.78655e-07
1.22905e-06
1.82317e-06
2.52565e-06
3.29538e-06
4.07886e-06
4.81164e-06
5.42428e-06
5.84774e-06
6.02105e-06
5.89826e-06
5.45516e-06
4.69451e-06
3.64823e-06
2.3751e-06
9.53111e-07
-5.31238e-07
-4.43434e-06
-4.29169e-06
-4.10939e-06
-3.88908e-06
-3.63751e-06
-3.36593e-06
-3.08701e-06
-2.812e-06
-2.5497e-06
-2.30051e-06
-2.06521e-06
-1.83864e-06
-1.61012e-06
-1.36894e-06
-1.1051e-06
-8.09628e-07
-4.78514e-07
-1.16638e-07
2.58896e-07
6.13234e-07
8.92226e-07
1.03144e-06
9.74892e-07
7.94703e-07
6.03647e-07
4.75551e-07
4.5349e-07
5.6254e-07
8.15201e-07
1.21114e-06
1.726e-06
2.32422e-06
2.96332e-06
3.59146e-06
4.15089e-06
4.58152e-06
4.82841e-06
4.84748e-06
4.61052e-06
4.10912e-06
3.35661e-06
2.38701e-06
1.25105e-06
9.09799e-09
-1.27617e-06
-4.07948e-06
-3.96305e-06
-3.81535e-06
-3.63629e-06
-3.42897e-06
-3.20018e-06
-2.95867e-06
-2.71307e-06
-2.47023e-06
-2.23356e-06
-2.00362e-06
-1.77706e-06
-1.54718e-06
-1.30572e-06
-1.04425e-06
-7.5554e-07
-4.36677e-07
-9.2739e-08
2.61269e-07
5.94242e-07
8.57715e-07
9.95707e-07
9.57311e-07
8.03761e-07
6.36037e-07
5.22348e-07
5.00134e-07
5.93011e-07
8.08761e-07
1.14145e-06
1.56752e-06
2.05089e-06
2.55188e-06
3.02323e-06
3.41436e-06
3.67694e-06
3.77005e-06
3.66407e-06
3.3439e-06
2.81073e-06
2.08196e-06
1.18886e-06
1.72676e-07
-9.20923e-07
-2.04639e-06
-3.70278e-06
-3.60947e-06
-3.49123e-06
-3.34726e-06
-3.17857e-06
-2.98885e-06
-2.78369e-06
-2.56918e-06
-2.35065e-06
-2.13158e-06
-1.91262e-06
-1.69274e-06
-1.46767e-06
-1.23137e-06
-9.7751e-07
-7.00801e-07
-3.99453e-07
-7.84452e-08
2.48859e-07
5.54932e-07
7.98162e-07
9.30975e-07
9.08433e-07
7.80566e-07
6.34932e-07
5.33319e-07
5.0562e-07
5.7583e-07
7.45972e-07
1.00614e-06
1.33352e-06
1.69733e-06
2.05831e-06
2.37601e-06
2.60971e-06
2.7229e-06
2.68677e-06
2.48292e-06
2.10505e-06
1.55923e-06
8.62929e-07
4.25459e-08
-8.69711e-07
-1.8398e-06
-2.83457e-06
-3.30308e-06
-3.23095e-06
-3.13867e-06
-3.02527e-06
-2.89064e-06
-2.73655e-06
-2.56625e-06
-2.38378e-06
-2.19277e-06
-1.99657e-06
-1.79416e-06
-1.58796e-06
-1.37472e-06
-1.15028e-06
-9.10512e-07
-6.52052e-07
-3.74121e-07
-8.18513e-08
2.12909e-07
4.86722e-07
7.04748e-07
8.27823e-07
8.17548e-07
7.12944e-07
5.86762e-07
4.95555e-07
4.54897e-07
4.94843e-07
6.1228e-07
7.94404e-07
1.01972e-06
1.26044e-06
1.4841e-06
1.65784e-06
1.75067e-06
1.73629e-06
1.59557e-06
1.31819e-06
9.03094e-07
3.58045e-07
-3.01538e-07
-1.05461e-06
-1.87676e-06
-2.74293e-06
-3.62898e-06
-2.88051e-06
-2.82897e-06
-2.76091e-06
-2.67541e-06
-2.57186e-06
-2.4509e-06
-2.31423e-06
-2.16439e-06
-2.00263e-06
-1.8314e-06
-1.65459e-06
-1.47032e-06
-1.27613e-06
-1.07108e-06
-8.52837e-07
-6.19684e-07
-3.71787e-07
-1.14399e-07
1.42244e-07
3.78783e-07
5.66725e-07
6.75199e-07
6.72419e-07
5.87051e-07
4.75554e-07
3.7763e-07
3.32501e-07
3.37159e-07
3.95602e-07
4.96512e-07
6.20172e-07
7.42709e-07
8.38974e-07
8.84487e-07
8.57032e-07
7.38602e-07
5.1722e-07
1.87748e-07
-2.48234e-07
-7.83128e-07
-1.40437e-06
-2.09589e-06
-2.83969e-06
-3.61753e-06
-4.41188e-06
-2.43772e-06
-2.40753e-06
-2.36367e-06
-2.30538e-06
-2.23183e-06
-2.14296e-06
-2.03952e-06
-1.92269e-06
-1.79386e-06
-1.65424e-06
-1.50784e-06
-1.35122e-06
-1.18436e-06
-1.00713e-06
-8.18435e-07
-6.18122e-07
-4.07158e-07
-1.90637e-07
2.26181e-08
2.17493e-07
3.71146e-07
4.60182e-07
4.59266e-07
3.88794e-07
2.88733e-07
1.94461e-07
1.26884e-07
9.08616e-08
8.78598e-08
1.09066e-07
1.37748e-07
1.54405e-07
1.40208e-07
7.81376e-08
-4.64745e-08
-2.45024e-07
-5.24591e-07
-8.87436e-07
-1.3311e-06
-1.84907e-06
-2.43164e-06
-3.06699e-06
-3.74214e-06
-4.444e-06
-5.15992e-06
-1.9811e-06
-1.97495e-06
-1.9571e-06
-1.92716e-06
-1.88451e-06
-1.82883e-06
-1.76027e-06
-1.67941e-06
-1.58717e-06
-1.48447e-06
-1.37218e-06
-1.25013e-06
-1.11836e-06
-9.76995e-07
-8.25821e-07
-6.65664e-07
-4.98125e-07
-3.2765e-07
-1.62123e-07
-1.2601e-08
1.0338e-07
1.68006e-07
1.63883e-07
1.01858e-07
1.15327e-08
-8.62174e-08
-1.75586e-07
-2.50749e-07
-3.11149e-07
-3.62414e-07
-4.16418e-07
-4.87828e-07
-5.90493e-07
-7.35837e-07
-9.32789e-07
-1.1879e-06
-1.50505e-06
-1.88503e-06
-2.32549e-06
-2.82132e-06
-3.36537e-06
-3.94916e-06
-4.5635e-06
-5.19913e-06
-5.84699e-06
-1.52129e-06
-1.54416e-06
-1.55676e-06
-1.55862e-06
-1.54956e-06
-1.52971e-06
-1.49902e-06
-1.45745e-06
-1.40534e-06
-1.34331e-06
-1.27186e-06
-1.19129e-06
-1.10174e-06
-1.0036e-06
-8.97186e-07
-7.83641e-07
-6.64907e-07
-5.44383e-07
-4.28548e-07
-3.25419e-07
-2.49256e-07
-2.13354e-07
-2.25312e-07
-2.80987e-07
-3.68553e-07
-4.72506e-07
-5.80502e-07
-6.88515e-07
-7.96065e-07
-9.05736e-07
-1.02444e-06
-1.16213e-06
-1.32861e-06
-1.53139e-06
-1.7756e-06
-2.06468e-06
-2.40055e-06
-2.78331e-06
-3.21108e-06
-3.68014e-06
-4.18543e-06
-4.72102e-06
-5.2805e-06
-5.85739e-06
-6.44526e-06
-1.07448e-06
-1.1322e-06
-1.18121e-06
-1.22081e-06
-1.25073e-06
-1.27139e-06
-1.28296e-06
-1.2851e-06
-1.27776e-06
-1.26138e-06
-1.23641e-06
-1.20315e-06
-1.16182e-06
-1.11278e-06
-1.05661e-06
-9.94392e-07
-9.27871e-07
-8.5979e-07
-7.94474e-07
-7.3656e-07
-6.97175e-07
-6.86251e-07
-7.10037e-07
-7.66697e-07
-8.53339e-07
-9.60492e-07
-1.08066e-06
-1.21124e-06
-1.35126e-06
-1.50071e-06
-1.66238e-06
-1.8422e-06
-2.04695e-06
-2.28197e-06
-2.55026e-06
-2.85307e-06
-3.19088e-06
-3.56356e-06
-3.96996e-06
-4.40764e-06
-4.87313e-06
-5.36232e-06
-5.87078e-06
-6.39405e-06
-6.92763e-06
-6.6225e-07
-7.64456e-07
-8.57519e-07
-9.41715e-07
-1.01757e-06
-1.0853e-06
-1.14467e-06
-1.19544e-06
-1.23763e-06
-1.27154e-06
-1.29747e-06
-1.31563e-06
-1.3262e-06
-1.32943e-06
-1.32588e-06
-1.31628e-06
-1.3021e-06
-1.285e-06
-1.26813e-06
-1.25601e-06
-1.25051e-06
-1.2575e-06
-1.28806e-06
-1.34776e-06
-1.43164e-06
-1.53592e-06
-1.65767e-06
-1.79523e-06
-1.94794e-06
-2.11522e-06
-2.29732e-06
-2.4963e-06
-2.71575e-06
-2.95973e-06
-3.23105e-06
-3.53032e-06
-3.85669e-06
-4.20923e-06
-4.58734e-06
-4.98994e-06
-5.41489e-06
-5.85927e-06
-6.31998e-06
-6.79398e-06
-7.27823e-06
-3.40234e-07
-4.89265e-07
-6.29816e-07
-7.62126e-07
-8.86133e-07
-1.0017e-06
-1.10884e-06
-1.20766e-06
-1.2982e-06
-1.3805e-06
-1.45466e-06
-1.52077e-06
-1.57892e-06
-1.62919e-06
-1.67185e-06
-1.70745e-06
-1.73652e-06
-1.76023e-06
-1.78094e-06
-1.79839e-06
-1.81665e-06
-1.84225e-06
-1.88569e-06
-1.94721e-06
-2.02563e-06
-2.12238e-06
-2.23711e-06
-2.36814e-06
-2.51452e-06
-2.67651e-06
-2.85504e-06
-3.05125e-06
-3.26668e-06
-3.50265e-06
-3.76048e-06
-4.04155e-06
-4.34572e-06
-4.67166e-06
-5.01851e-06
-5.38578e-06
-5.7723e-06
-6.17606e-06
-6.59485e-06
-7.02659e-06
-7.46926e-06
-1.18507e-07
-3.13729e-07
-4.99653e-07
-6.76172e-07
-8.4337e-07
-1.00143e-06
-1.15052e-06
-1.29065e-06
-1.42175e-06
-1.54372e-06
-1.65654e-06
-1.76021e-06
-1.85475e-06
-1.94017e-06
-2.0166e-06
-2.08406e-06
-2.14324e-06
-2.19464e-06
-2.23792e-06
-2.27705e-06
-2.3139e-06
-2.35565e-06
-2.40528e-06
-2.4644e-06
-2.53549e-06
-2.62127e-06
-2.72276e-06
-2.83974e-06
-2.97223e-06
-3.12048e-06
-3.28488e-06
-3.46636e-06
-3.66627e-06
-3.88569e-06
-4.12506e-06
-4.38438e-06
-4.66336e-06
-4.96171e-06
-5.27926e-06
-5.61549e-06
-5.96938e-06
-6.33955e-06
-6.72455e-06
-7.12292e-06
-7.53318e-06
2.02175e-08
-2.13367e-07
-4.36318e-07
-6.48773e-07
-8.5097e-07
-1.04304e-06
-1.22499e-06
-1.39671e-06
-1.55808e-06
-1.70897e-06
-1.84933e-06
-1.97911e-06
-2.09827e-06
-2.20679e-06
-2.3047e-06
-2.39208e-06
-2.46915e-06
-2.536e-06
-2.5936e-06
-2.64465e-06
-2.69204e-06
-2.73903e-06
-2.78831e-06
-2.84282e-06
-2.90635e-06
-2.98195e-06
-3.07102e-06
-3.17416e-06
-3.29206e-06
-3.42577e-06
-3.57629e-06
-3.74424e-06
-3.92983e-06
-4.13319e-06
-4.35462e-06
-4.59459e-06
-4.85348e-06
-5.13122e-06
-5.42736e-06
-5.74129e-06
-6.07229e-06
-6.41952e-06
-6.78194e-06
-7.15844e-06
-7.54787e-06
1.1469e-07
-1.49969e-07
-4.02975e-07
-6.44405e-07
-8.74347e-07
-1.09278e-06
-1.29962e-06
-1.49471e-06
-1.67795e-06
-1.84921e-06
-2.00844e-06
-2.15559e-06
-2.29064e-06
-2.4136e-06
-2.52448e-06
-2.62332e-06
-2.7104e-06
-2.78633e-06
-2.85246e-06
-2.9105e-06
-2.96231e-06
-3.01122e-06
-3.06017e-06
-3.112e-06
-3.17031e-06
-3.23821e-06
-3.31786e-06
-3.41077e-06
-3.51822e-06
-3.64115e-06
-3.78012e-06
-3.93539e-06
-4.10738e-06
-4.29673e-06
-4.50409e-06
-4.72986e-06
-4.97409e-06
-5.23657e-06
-5.517e-06
-5.81504e-06
-6.13025e-06
-6.462e-06
-6.80952e-06
-7.17191e-06
-7.54828e-06
1.84277e-07
-1.05517e-07
-3.82443e-07
-6.46455e-07
-8.9754e-07
-1.13563e-06
-1.3606e-06
-1.57236e-06
-1.7708e-06
-1.95585e-06
-2.12751e-06
-2.28575e-06
-2.43058e-06
-2.56207e-06
-2.68041e-06
-2.78583e-06
-2.87886e-06
-2.96024e-06
-3.03102e-06
-3.09257e-06
-3.1471e-06
-3.19783e-06
-3.24709e-06
-3.29742e-06
-3.35249e-06
-3.41574e-06
-3.48961e-06
-3.57576e-06
-3.67541e-06
-3.78952e-06
-3.91891e-06
-4.06434e-06
-4.22654e-06
-4.40609e-06
-4.60342e-06
-4.81875e-06
-5.05218e-06
-5.30373e-06
-5.57333e-06
-5.86079e-06
-6.16578e-06
-6.48782e-06
-6.82632e-06
-7.18057e-06
-7.54984e-06
2.39438e-07
-6.99733e-08
-3.65249e-07
-6.46303e-07
-9.13091e-07
-1.16552e-06
-1.4035e-06
-1.62693e-06
-1.83577e-06
-2.02998e-06
-2.20961e-06
-2.37475e-06
-2.52546e-06
-2.66193e-06
-2.78467e-06
-2.89373e-06
-2.99011e-06
-3.07438e-06
-3.14771e-06
-3.21163e-06
-3.2684e-06
-3.32083e-06
-3.37077e-06
-3.42083e-06
-3.47475e-06
-3.53577e-06
-3.60623e-06
-3.68789e-06
-3.78217e-06
-3.89034e-06
-4.01344e-06
-4.15235e-06
-4.30778e-06
-4.4803e-06
-4.67036e-06
-4.87833e-06
-5.10448e-06
-5.34894e-06
-5.61174e-06
-5.89276e-06
-6.19178e-06
-6.50844e-06
-6.84229e-06
-7.19276e-06
-7.55921e-06
2.85863e-07
-3.87036e-08
-3.47997e-07
-6.41916e-07
-9.20386e-07
-1.1833e-06
-1.43057e-06
-1.66214e-06
-1.878e-06
-2.07821e-06
-2.26285e-06
-2.43212e-06
-2.58624e-06
-2.7255e-06
-2.85028e-06
-2.96161e-06
-3.05975e-06
-3.14566e-06
-3.22068e-06
-3.2864e-06
-3.34499e-06
-3.399e-06
-3.45007e-06
-3.50089e-06
-3.55495e-06
-3.61522e-06
-3.68397e-06
-3.76309e-06
-3.8542e-06
-3.95867e-06
-4.07766e-06
-4.21213e-06
-4.36287e-06
-4.53057e-06
-4.71582e-06
-4.91907e-06
-5.14067e-06
-5.38082e-06
-5.63965e-06
-5.91712e-06
-6.21312e-06
-6.5274e-06
-6.85959e-06
-7.20923e-06
-7.57575e-06
3.25278e-07
-1.10846e-08
-3.31167e-07
-6.34848e-07
-9.2203e-07
-1.1926e-06
-1.44649e-06
-1.68369e-06
-1.90425e-06
-2.1083e-06
-2.29603e-06
-2.4677e-06
-2.62368e-06
-2.76438e-06
-2.89037e-06
-3.0025e-06
-3.10147e-06
-3.18833e-06
-3.26448e-06
-3.3315e-06
-3.39155e-06
-3.44703e-06
-3.49945e-06
-3.55147e-06
-3.60631e-06
-3.66664e-06
-3.73472e-06
-3.81253e-06
-3.90179e-06
-4.00395e-06
-4.12026e-06
-4.25179e-06
-4.39946e-06
-4.56404e-06
-4.74622e-06
-4.94653e-06
-5.16539e-06
-5.40312e-06
-5.6599e-06
-5.93581e-06
-6.2308e-06
-6.5447e-06
-6.87722e-06
-7.22795e-06
-7.59642e-06
3.57876e-07
1.22392e-08
-3.16216e-07
-6.27357e-07
-9.21068e-07
-1.19725e-06
-1.45585e-06
-1.69693e-06
-1.9206e-06
-2.12704e-06
-2.31656e-06
-2.48948e-06
-2.64629e-06
-2.78749e-06
-2.91388e-06
-3.02621e-06
-3.12545e-06
-3.21274e-06
-3.28953e-06
-3.35743e-06
-3.41861e-06
-3.4753e-06
-3.52896e-06
-3.58221e-06
-3.63796e-06
-3.69867e-06
-3.76659e-06
-3.84375e-06
-3.93192e-06
-4.03263e-06
-4.1472e-06
-4.2768e-06
-4.42244e-06
-4.58499e-06
-4.76522e-06
-4.96374e-06
-5.18108e-06
-5.41762e-06
-5.67363e-06
-5.94925e-06
-6.2445e-06
-6.55929e-06
-6.89337e-06
-7.24641e-06
-7.61795e-06
3.83689e-07
3.06722e-08
-3.0436e-07
-6.21264e-07
-9.19913e-07
-1.20022e-06
-1.4622e-06
-1.70592e-06
-1.93157e-06
-2.13942e-06
-2.32982e-06
-2.50321e-06
-2.66015e-06
-2.80129e-06
-2.92749e-06
-3.03956e-06
-3.13864e-06
-3.22594e-06
-3.30298e-06
-3.37136e-06
-3.43328e-06
-3.49081e-06
-3.5454e-06
-3.59966e-06
-3.65618e-06
-3.71729e-06
-3.78523e-06
-3.86203e-06
-3.94951e-06
-4.04924e-06
-4.1626e-06
-4.29085e-06
-4.43508e-06
-4.59626e-06
-4.77523e-06
-4.9727e-06
-5.18926e-06
-5.42537e-06
-5.68137e-06
-5.95747e-06
-6.25375e-06
-6.57017e-06
-6.90654e-06
-7.26255e-06
-7.63779e-06
4.03039e-07
4.40556e-08
-2.96222e-07
-6.17637e-07
-9.20061e-07
-1.20344e-06
-1.4678e-06
-1.71329e-06
-1.94015e-06
-2.1487e-06
-2.33936e-06
-2.51268e-06
-2.66929e-06
-2.80993e-06
-2.93554e-06
-3.04701e-06
-3.1456e-06
-3.23258e-06
-3.30951e-06
-3.37801e-06
-3.44027e-06
-3.49823e-06
-3.55339e-06
-3.60831e-06
-3.66535e-06
-3.72672e-06
-3.79465e-06
-3.87117e-06
-3.9581e-06
-4.05705e-06
-4.16947e-06
-4.29668e-06
-4.43986e-06
-4.60004e-06
-4.77815e-06
-4.97498e-06
-5.19118e-06
-5.42728e-06
-5.6837e-06
-5.96071e-06
-6.25843e-06
-6.57687e-06
-6.91589e-06
-7.2752e-06
-7.65442e-06
4.16559e-07
5.26674e-08
-2.91862e-07
-6.16862e-07
-9.2221e-07
-1.20788e-06
-1.47394e-06
-1.72058e-06
-1.94808e-06
-2.15684e-06
-2.34735e-06
-2.52022e-06
-2.67616e-06
-2.816e-06
-2.94076e-06
-3.05138e-06
-3.14923e-06
-3.23562e-06
-3.31215e-06
-3.38045e-06
-3.44268e-06
-3.50069e-06
-3.55605e-06
-3.61129e-06
-3.66855e-06
-3.72997e-06
-3.79777e-06
-3.87395e-06
-3.96033e-06
-4.05856e-06
-4.17015e-06
-4.29647e-06
-4.43876e-06
-4.59814e-06
-4.7756e-06
-4.97199e-06
-5.18805e-06
-5.42437e-06
-5.68142e-06
-5.95952e-06
-6.25886e-06
-6.57948e-06
-6.92127e-06
-7.28398e-06
-7.66722e-06
4.25082e-07
5.70815e-08
-2.90954e-07
-6.18852e-07
-9.26501e-07
-1.2139e-06
-1.48116e-06
-1.72851e-06
-1.95628e-06
-2.16492e-06
-2.35499e-06
-2.52716e-06
-2.68221e-06
-2.82104e-06
-2.94465e-06
-3.05437e-06
-3.1513e-06
-3.23691e-06
-3.3128e-06
-3.38063e-06
-3.44254e-06
-3.50029e-06
-3.55552e-06
-3.61075e-06
-3.66795e-06
-3.72922e-06
-3.79673e-06
-3.87246e-06
-3.95823e-06
-4.05573e-06
-4.1665e-06
-4.29197e-06
-4.43344e-06
-4.5921e-06
-4.76899e-06
-4.96504e-06
-5.18105e-06
-5.41767e-06
-5.67542e-06
-5.95467e-06
-6.25566e-06
-6.57846e-06
-6.923e-06
-7.28903e-06
-7.6762e-06
4.29509e-07
5.80133e-08
-2.92964e-07
-6.23247e-07
-9.32739e-07
-1.22147e-06
-1.48957e-06
-1.73733e-06
-1.96511e-06
-2.17341e-06
-2.36285e-06
-2.53417e-06
-2.68821e-06
-2.82593e-06
-2.94843e-06
-3.05699e-06
-3.15285e-06
-3.23753e-06
-3.31262e-06
-3.37978e-06
-3.44113e-06
-3.49837e-06
-3.55322e-06
-3.60817e-06
-3.66508e-06
-3.726e-06
-3.79307e-06
-3.86823e-06
-3.95332e-06
-4.05003e-06
-4.15996e-06
-4.28459e-06
-4.42526e-06
-4.58322e-06
-4.75957e-06
-4.95531e-06
-5.17128e-06
-5.40819e-06
-5.66662e-06
-5.94699e-06
-6.24957e-06
-6.57446e-06
-6.92162e-06
-7.29083e-06
-7.68172e-06
4.30722e-07
5.62067e-08
-2.9728e-07
-6.29562e-07
-9.40559e-07
-1.23032e-06
-1.49903e-06
-1.74698e-06
-1.9746e-06
-2.18243e-06
-2.37115e-06
-2.54153e-06
-2.69448e-06
-2.83104e-06
-2.95235e-06
-3.05972e-06
-3.15443e-06
-3.2381e-06
-3.31227e-06
-3.37863e-06
-3.43926e-06
-3.49582e-06
-3.55008e-06
-3.60455e-06
-3.66099e-06
-3.72141e-06
-3.78789e-06
-3.86239e-06
-3.94671e-06
-4.0426e-06
-4.15166e-06
-4.27543e-06
-4.41529e-06
-4.57254e-06
-4.74835e-06
-4.94376e-06
-5.15966e-06
-5.39683e-06
-5.65588e-06
-5.93728e-06
-6.24133e-06
-6.56816e-06
-6.91777e-06
-7.28993e-06
-7.68431e-06
4.29529e-07
5.23774e-08
-3.03275e-07
-6.37258e-07
-9.49508e-07
-1.2401e-06
-1.50923e-06
-1.75725e-06
-1.9846e-06
-2.19189e-06
-2.37982e-06
-2.54924e-06
-2.7011e-06
-2.83648e-06
-2.95659e-06
-3.06273e-06
-3.15629e-06
-3.2389e-06
-3.31209e-06
-3.37756e-06
-3.43738e-06
-3.49314e-06
-3.54668e-06
-3.60052e-06
-3.65636e-06
-3.71616e-06
-3.78198e-06
-3.85573e-06
-3.93924e-06
-4.03426e-06
-4.14244e-06
-4.26533e-06
-4.40437e-06
-4.56091e-06
-4.73616e-06
-4.93121e-06
-5.147e-06
-5.38437e-06
-5.64395e-06
-5.92627e-06
-6.23164e-06
-6.56026e-06
-6.9121e-06
-7.28697e-06
-7.68454e-06
4.26632e-07
4.71678e-08
-3.10368e-07
-6.45811e-07
-9.59114e-07
-1.25037e-06
-1.51981e-06
-1.7678e-06
-1.99484e-06
-2.20155e-06
-2.3887e-06
-2.55716e-06
-2.70794e-06
-2.84217e-06
-2.96109e-06
-3.06602e-06
-3.15852e-06
-3.24001e-06
-3.31221e-06
-3.37676e-06
-3.43572e-06
-3.49061e-06
-3.54335e-06
-3.59648e-06
-3.65164e-06
-3.71076e-06
-3.77585e-06
-3.84882e-06
-3.93149e-06
-4.02563e-06
-4.13291e-06
-4.25493e-06
-4.39316e-06
-4.54898e-06
-4.72366e-06
-4.91832e-06
-5.13397e-06
-5.37146e-06
-5.63149e-06
-5.9146e-06
-6.22116e-06
-6.55136e-06
-6.90521e-06
-7.28254e-06
-7.683e-06
4.22486e-07
4.09661e-08
-3.18229e-07
-6.54943e-07
-9.69144e-07
-1.26095e-06
-1.5306e-06
-1.77851e-06
-2.00519e-06
-2.21132e-06
-2.39768e-06
-2.56521e-06
-2.71494e-06
-2.84805e-06
-2.96582e-06
-3.06958e-06
-3.16103e-06
-3.24144e-06
-3.31266e-06
-3.37628e-06
-3.43435e-06
-3.48834e-06
-3.54022e-06
-3.59258e-06
-3.64702e-06
-3.70541e-06
-3.76974e-06
-3.84189e-06
-3.92371e-06
-4.01696e-06
-4.12336e-06
-4.2445e-06
-4.38192e-06
-4.53703e-06
-4.71112e-06
-4.90538e-06
-5.12085e-06
-5.3584e-06
-5.6188e-06
-5.90259e-06
-6.21019e-06
-6.5418e-06
-6.89746e-06
-7.277e-06
-7.68008e-06
4.17152e-07
3.369e-08
-3.27059e-07
-6.64949e-07
-9.79966e-07
-1.27224e-06
-1.54205e-06
-1.78982e-06
-2.01611e-06
-2.22162e-06
-2.40718e-06
-2.57375e-06
-2.72242e-06
-2.8544e-06
-2.97099e-06
-3.07359e-06
-3.16392e-06
-3.24326e-06
-3.31346e-06
-3.37611e-06
-3.43323e-06
-3.48626e-06
-3.53721e-06
-3.58873e-06
-3.64237e-06
-3.69997e-06
-3.76347e-06
-3.83475e-06
-3.91567e-06
-4.00799e-06
-4.11345e-06
-4.23369e-06
-4.37026e-06
-4.52461e-06
-4.69808e-06
-4.89189e-06
-5.10712e-06
-5.34469e-06
-5.60538e-06
-5.88979e-06
-6.19834e-06
-6.53127e-06
-6.88864e-06
-7.27028e-06
-7.67588e-06
4.11299e-07
2.59916e-08
-3.36245e-07
-6.75271e-07
-9.91078e-07
-1.28381e-06
-1.55378e-06
-1.80142e-06
-2.02732e-06
-2.23222e-06
-2.41699e-06
-2.58263e-06
-2.73026e-06
-2.86112e-06
-2.97658e-06
-3.07803e-06
-3.16719e-06
-3.24542e-06
-3.31447e-06
-3.37615e-06
-3.43237e-06
-3.48445e-06
-3.53443e-06
-3.58509e-06
-3.63792e-06
-3.6947e-06
-3.75735e-06
-3.82774e-06
-3.90773e-06
-3.9991e-06
-4.1036e-06
-4.22291e-06
-4.3586e-06
-4.51216e-06
-4.68498e-06
-4.8783e-06
-5.09325e-06
-5.33079e-06
-5.59173e-06
-5.8767e-06
-6.18616e-06
-6.52036e-06
-6.87936e-06
-7.26302e-06
-7.67101e-06
-7.27144e-06
-1.26093e-05
-1.29986e-05
-1.32565e-05
-1.37872e-05
-1.44855e-05
-1.53042e-05
-1.62131e-05
-1.71925e-05
-1.82286e-05
-1.93098e-05
-2.04244e-05
-2.15621e-05
-2.27153e-05
-2.38852e-05
-4.15861e-06
-9.4684e-06
-1.13395e-05
-1.24202e-05
-1.33427e-05
-1.42314e-05
-1.51508e-05
-1.61176e-05
-1.71321e-05
-1.81899e-05
-1.92843e-05
-2.04069e-05
-2.15491e-05
-2.27047e-05
-2.38754e-05
-2.27217e-06
-7.33696e-06
-1.00306e-05
-1.16579e-05
-1.28975e-05
-1.39697e-05
-1.4993e-05
-1.60208e-05
-1.7072e-05
-1.81523e-05
-1.92602e-05
-2.03906e-05
-2.1537e-05
-2.26945e-05
-2.38656e-05
-1.4731e-06
-5.97431e-06
-8.97326e-06
-1.09571e-05
-1.24541e-05
-1.37004e-05
-1.48314e-05
-1.59238e-05
-1.7014e-05
-1.81175e-05
-1.9239e-05
-2.03769e-05
-2.15269e-05
-2.26856e-05
-2.38563e-05
-1.17419e-06
-4.93132e-06
-7.96405e-06
-1.0213e-05
-1.19531e-05
-1.33835e-05
-1.46387e-05
-1.58093e-05
-1.69472e-05
-1.80791e-05
-1.92168e-05
-2.03633e-05
-2.15171e-05
-2.26767e-05
-2.38464e-05
-1.03938e-06
-4.1845e-06
-7.05753e-06
-9.44002e-06
-1.13813e-05
-1.29956e-05
-1.43913e-05
-1.56583e-05
-1.68581e-05
-1.80279e-05
-1.91876e-05
-2.03458e-05
-2.15049e-05
-2.26657e-05
-2.38341e-05
-1.06356e-06
-3.71383e-06
-6.33401e-06
-8.71149e-06
-1.07726e-05
-1.25405e-05
-1.40775e-05
-1.54543e-05
-1.67313e-05
-1.79515e-05
-1.91421e-05
-2.03177e-05
-2.14853e-05
-2.26491e-05
-2.38166e-05
-1.25959e-06
-3.50231e-06
-5.83646e-06
-8.10201e-06
-1.01869e-05
-1.20507e-05
-1.37054e-05
-1.5191e-05
-1.65544e-05
-1.78367e-05
-1.90685e-05
-2.02693e-05
-2.14507e-05
-2.26205e-05
-2.37889e-05
-1.6002e-06
-3.51196e-06
-5.56683e-06
-7.65913e-06
-9.685e-06
-1.15753e-05
-1.3304e-05
-1.48785e-05
-1.63249e-05
-1.76745e-05
-1.89555e-05
-2.01894e-05
-2.13911e-05
-2.25716e-05
-2.37437e-05
-2.05394e-06
-3.69904e-06
-5.50173e-06
-7.39781e-06
-9.30817e-06
-1.11617e-05
-1.29119e-05
-1.4541e-05
-1.60529e-05
-1.74646e-05
-1.87968e-05
-2.00687e-05
-2.12961e-05
-2.24923e-05
-2.36719e-05
-2.59449e-06
-4.02397e-06
-5.60738e-06
-7.30827e-06
-9.07283e-06
-1.08416e-05
-1.25639e-05
-1.42067e-05
-1.57564e-05
-1.72147e-05
-1.85919e-05
-1.99015e-05
-2.11573e-05
-2.23728e-05
-2.35634e-05
-3.20097e-06
-4.4541e-06
-5.84933e-06
-7.36759e-06
-8.97523e-06
-1.06285e-05
-1.22824e-05
-1.38991e-05
-1.54541e-05
-1.69361e-05
-1.83445e-05
-1.96854e-05
-2.09679e-05
-2.22039e-05
-2.34079e-05
-3.85525e-06
-4.962e-06
-6.19575e-06
-7.54795e-06
-8.99916e-06
-1.05202e-05
-1.20762e-05
-1.36324e-05
-1.51596e-05
-1.66383e-05
-1.80587e-05
-1.94188e-05
-2.0722e-05
-2.19763e-05
-2.31944e-05
-4.5382e-06
-5.5217e-06
-6.61623e-06
-7.81934e-06
-9.121e-06
-1.05035e-05
-1.19425e-05
-1.34103e-05
-1.48793e-05
-1.63266e-05
-1.7736e-05
-1.90986e-05
-2.0412e-05
-2.16794e-05
-2.29098e-05
-5.22693e-06
-6.10544e-06
-7.0793e-06
-8.14943e-06
-9.31165e-06
-1.05563e-05
-1.18684e-05
-1.3228e-05
-1.4613e-05
-1.60015e-05
-1.7375e-05
-1.87201e-05
-2.00291e-05
-2.13005e-05
-2.25387e-05
-5.89434e-06
-6.68248e-06
-7.55124e-06
-8.50319e-06
-9.5376e-06
-1.06501e-05
-1.18325e-05
-1.30724e-05
-1.43541e-05
-1.56601e-05
-1.6973e-05
-1.82781e-05
-1.95648e-05
-2.08275e-05
-2.20652e-05
-6.51138e-06
-7.22084e-06
-7.99749e-06
-8.8445e-06
-9.76297e-06
-1.07518e-05
-1.18075e-05
-1.29235e-05
-1.40902e-05
-1.52957e-05
-1.65265e-05
-1.77695e-05
-1.90136e-05
-2.02512e-05
-2.14776e-05
-7.04802e-06
-7.68831e-06
-8.38381e-06
-9.13766e-06
-9.95187e-06
-1.08272e-05
-1.1763e-05
-1.27569e-05
-1.38044e-05
-1.48989e-05
-1.60319e-05
-1.7194e-05
-1.83762e-05
-1.95699e-05
-2.07716e-05
-7.475e-06
-8.05373e-06
-8.67742e-06
-9.3488e-06
-1.00702e-05
-1.08432e-05
-1.1669e-05
-1.25478e-05
-1.34786e-05
-1.44592e-05
-1.54858e-05
-1.65542e-05
-1.76586e-05
-1.87922e-05
-1.99533e-05
-7.77566e-06
-8.29946e-06
-8.85962e-06
-9.45841e-06
-1.00981e-05
-1.07808e-05
-1.15086e-05
-1.22833e-05
-1.31063e-05
-1.39781e-05
-1.48985e-05
-1.58664e-05
-1.68813e-05
-1.79437e-05
-1.90491e-05
-7.92524e-06
-8.40424e-06
-8.91328e-06
-9.4541e-06
-1.00288e-05
-1.06396e-05
-1.12889e-05
-1.19794e-05
-1.27137e-05
-1.34945e-05
-1.43247e-05
-1.5205e-05
-1.61362e-05
-1.7123e-05
-1.81675e-05
-7.95733e-06
-8.40277e-06
-8.87464e-06
-9.37421e-06
-9.90327e-06
-1.0464e-05
-1.10588e-05
-1.16906e-05
-1.2362e-05
-1.30766e-05
-1.38378e-05
-1.46511e-05
-1.55224e-05
-1.6453e-05
-1.74434e-05
-7.9518e-06
-8.37599e-06
-8.82449e-06
-9.29841e-06
-9.79935e-06
-1.03293e-05
-1.08905e-05
-1.14857e-05
-1.2118e-05
-1.27908e-05
-1.35085e-05
-1.42764e-05
-1.50983e-05
-1.59774e-05
-1.69176e-05
-7.93988e-06
-8.35137e-06
-8.78601e-06
-9.24478e-06
-9.7291e-06
-1.02407e-05
-1.07817e-05
-1.13544e-05
-1.19617e-05
-1.26071e-05
-1.32942e-05
-1.4027e-05
-1.48099e-05
-1.56479e-05
-1.65459e-05
-7.93515e-06
-8.34029e-06
-8.76795e-06
-9.21898e-06
-9.69461e-06
-1.01963e-05
-1.07258e-05
-1.1285e-05
-1.18766e-05
-1.25033e-05
-1.31683e-05
-1.38755e-05
-1.46293e-05
-1.54343e-05
-1.62951e-05
-7.9425e-06
-8.34572e-06
-8.77107e-06
-9.21929e-06
-9.69136e-06
-1.01885e-05
-1.07121e-05
-1.12636e-05
-1.18454e-05
-1.24596e-05
-1.3109e-05
-1.37971e-05
-1.45275e-05
-1.53041e-05
-1.61313e-05
-7.95985e-06
-8.36405e-06
-8.79018e-06
-9.2388e-06
-9.71067e-06
-1.02067e-05
-1.0728e-05
-1.12759e-05
-1.18515e-05
-1.24572e-05
-1.30951e-05
-1.3768e-05
-1.44789e-05
-1.52309e-05
-1.6028e-05
-7.98315e-06
-8.39021e-06
-8.81906e-06
-9.2701e-06
-9.74387e-06
-1.0241e-05
-1.07622e-05
-1.13084e-05
-1.18807e-05
-1.24806e-05
-1.31098e-05
-1.37704e-05
-1.44648e-05
-1.51955e-05
-1.59658e-05
-8.00841e-06
-8.41942e-06
-8.85212e-06
-9.30677e-06
-9.78367e-06
-1.02832e-05
-1.08057e-05
-1.13518e-05
-1.19224e-05
-1.25183e-05
-1.31408e-05
-1.37914e-05
-1.44718e-05
-1.51841e-05
-1.59308e-05
-8.03254e-06
-8.44808e-06
-8.88526e-06
-9.34417e-06
-9.82492e-06
-1.03276e-05
-1.08523e-05
-1.13994e-05
-1.19694e-05
-1.25627e-05
-1.31799e-05
-1.38223e-05
-1.4491e-05
-1.51874e-05
-1.59132e-05
-8.05371e-06
-8.47402e-06
-8.91595e-06
-9.37945e-06
-9.86439e-06
-1.03707e-05
-1.08982e-05
-1.14467e-05
-1.20171e-05
-1.26087e-05
-1.32219e-05
-1.38576e-05
-1.45163e-05
-1.51991e-05
-1.59068e-05
-8.07106e-06
-8.49617e-06
-8.9429e-06
-9.41106e-06
-9.90034e-06
-1.04104e-05
-1.09411e-05
-1.14922e-05
-1.20627e-05
-1.26534e-05
-1.32635e-05
-1.38937e-05
-1.4544e-05
-1.52152e-05
-1.59072e-05
-8.08447e-06
-8.51424e-06
-8.96566e-06
-9.43839e-06
-9.93197e-06
-1.04459e-05
-1.09797e-05
-1.15329e-05
-1.21046e-05
-1.26951e-05
-1.33029e-05
-1.39286e-05
-1.45719e-05
-1.52331e-05
-1.59115e-05
-8.09418e-06
-8.52839e-06
-8.98429e-06
-9.46141e-06
-9.95916e-06
-1.04768e-05
-1.10138e-05
-1.15692e-05
-1.21423e-05
-1.27329e-05
-1.3339e-05
-1.39611e-05
-1.45985e-05
-1.52511e-05
-1.59178e-05
-8.10068e-06
-8.53903e-06
-8.99914e-06
-9.48041e-06
-9.9821e-06
-1.05034e-05
-1.10434e-05
-1.16011e-05
-1.21759e-05
-1.27666e-05
-1.33715e-05
-1.39906e-05
-1.46231e-05
-1.52684e-05
-1.59249e-05
-8.10452e-06
-8.5467e-06
-9.01069e-06
-9.49582e-06
-1.00012e-05
-1.05259e-05
-1.10688e-05
-1.16289e-05
-1.22053e-05
-1.27961e-05
-1.34003e-05
-1.4017e-05
-1.46454e-05
-1.52844e-05
-1.59321e-05
-8.10625e-06
-8.55191e-06
-9.01946e-06
-9.50812e-06
-1.00169e-05
-1.05447e-05
-1.10904e-05
-1.16527e-05
-1.22307e-05
-1.28219e-05
-1.34255e-05
-1.40404e-05
-1.46652e-05
-1.52988e-05
-1.59389e-05
-8.10632e-06
-8.55518e-06
-9.02599e-06
-9.51789e-06
-1.00298e-05
-1.05605e-05
-1.11087e-05
-1.16731e-05
-1.22525e-05
-1.28441e-05
-1.34474e-05
-1.40608e-05
-1.46827e-05
-1.53117e-05
-1.59453e-05
-8.10498e-06
-8.55693e-06
-9.03091e-06
-9.52594e-06
-1.00408e-05
-1.05743e-05
-1.1125e-05
-1.16915e-05
-1.22723e-05
-1.28646e-05
-1.34677e-05
-1.40798e-05
-1.4699e-05
-1.53238e-05
-1.59513e-05
-8.10281e-06
-8.55761e-06
-9.03451e-06
-9.53257e-06
-1.00505e-05
-1.0587e-05
-1.11403e-05
-1.17089e-05
-1.22912e-05
-1.28843e-05
-1.34872e-05
-1.4098e-05
-1.47147e-05
-1.53355e-05
-1.59571e-05
-1.46636e-07
-1.42918e-07
-1.39626e-07
-1.36469e-07
-1.33203e-07
-1.29544e-07
-1.2525e-07
-1.20277e-07
-1.14728e-07
-1.08892e-07
-1.03125e-07
-9.79944e-08
-9.39382e-08
-9.14254e-08
-9.08718e-08
-9.26054e-08
-9.67812e-08
-1.03276e-07
-1.11571e-07
-1.20579e-07
-1.2854e-07
-1.32912e-07
-1.28363e-07
-1.08247e-07
-6.69979e-08
7.0713e-10
9.97926e-08
2.3378e-07
4.0365e-07
6.06909e-07
8.41855e-07
1.1029e-06
1.37347e-06
1.63619e-06
1.87454e-06
2.07385e-06
2.2212e-06
2.30906e-06
2.33775e-06
2.31573e-06
2.2582e-06
2.18358e-06
2.11198e-06
2.06266e-06
2.0505e-06
-1.53789e-07
-1.50643e-07
-1.47607e-07
-1.43944e-07
-1.39291e-07
-1.33499e-07
-1.26539e-07
-1.18343e-07
-1.08997e-07
-9.86624e-08
-8.75938e-08
-7.61491e-08
-6.47207e-08
-5.37405e-08
-4.36539e-08
-3.48652e-08
-2.77032e-08
-2.23473e-08
-1.86771e-08
-1.60762e-08
-1.32417e-08
-7.84009e-09
4.9666e-09
3.06831e-08
7.41078e-08
1.40142e-07
2.33297e-07
3.56806e-07
5.11956e-07
6.978e-07
9.10246e-07
1.1381e-06
1.36998e-06
1.59496e-06
1.79875e-06
1.96629e-06
2.08713e-06
2.15718e-06
2.17931e-06
2.16274e-06
2.12098e-06
2.06864e-06
2.01882e-06
1.98199e-06
1.96311e-06
-1.56967e-07
-1.56041e-07
-1.54367e-07
-1.51408e-07
-1.46844e-07
-1.40676e-07
-1.3276e-07
-1.23099e-07
-1.11772e-07
-9.89398e-08
-8.48157e-08
-6.96829e-08
-5.39009e-08
-3.7903e-08
-2.22059e-08
-7.41481e-09
5.77524e-09
1.65952e-08
2.42761e-08
2.8189e-08
2.80533e-08
2.45693e-08
2.16817e-08
2.57499e-08
4.35187e-08
8.23289e-08
1.492e-07
2.49559e-07
3.86256e-07
5.58879e-07
7.64261e-07
9.92582e-07
1.23131e-06
1.4656e-06
1.6793e-06
1.85717e-06
1.98785e-06
2.0661e-06
2.09397e-06
2.08019e-06
2.03797e-06
1.98189e-06
1.92485e-06
1.87457e-06
1.83258e-06
-1.60813e-07
-1.63521e-07
-1.63726e-07
-1.61722e-07
-1.5767e-07
-1.51334e-07
-1.42658e-07
-1.31664e-07
-1.18438e-07
-1.03131e-07
-8.59643e-08
-6.72282e-08
-4.73172e-08
-2.67635e-08
-6.28918e-09
1.31221e-08
3.01377e-08
4.29874e-08
4.94174e-08
4.67261e-08
3.20037e-08
3.2851e-09
-3.59302e-08
-7.60184e-08
-1.05987e-07
-1.14013e-07
-8.87804e-08
-2.20952e-08
9.06542e-08
2.49712e-07
4.50837e-07
6.8584e-07
9.40888e-07
1.19921e-06
1.44221e-06
1.65184e-06
1.81355e-06
1.91897e-06
1.96758e-06
1.96648e-06
1.92846e-06
1.86885e-06
1.80208e-06
1.73597e-06
1.66978e-06
-1.67978e-07
-1.74576e-07
-1.77139e-07
-1.76533e-07
-1.73174e-07
-1.66973e-07
-1.5788e-07
-1.4593e-07
-1.3121e-07
-1.13865e-07
-9.41097e-08
-7.22536e-08
-4.87516e-08
-2.42806e-08
1.48092e-10
2.30297e-08
4.21572e-08
5.43765e-08
5.53648e-08
3.95317e-08
3.12905e-10
-6.80652e-08
-1.62343e-07
-2.6692e-07
-3.64094e-07
-4.35444e-07
-4.64342e-07
-4.41182e-07
-3.60859e-07
-2.21452e-07
-2.53664e-08
2.18227e-07
4.95784e-07
7.88918e-07
1.07635e-06
1.33627e-06
1.54933e-06
1.70201e-06
1.78911e-06
1.81457e-06
1.78999e-06
1.73176e-06
1.65695e-06
1.57494e-06
1.48394e-06
-1.80971e-07
-1.91224e-07
-1.96005e-07
-1.96809e-07
-1.94339e-07
-1.88534e-07
-1.79343e-07
-1.66807e-07
-1.5101e-07
-1.32083e-07
-1.10232e-07
-8.57773e-08
-5.92357e-08
-3.14391e-08
-3.72023e-09
2.18225e-08
4.19625e-08
5.18994e-08
4.48051e-08
1.15658e-08
-5.8812e-08
-1.76829e-07
-3.39352e-07
-5.21892e-07
-6.97317e-07
-8.40214e-07
-9.32862e-07
-9.63184e-07
-9.22514e-07
-8.09996e-07
-6.23592e-07
-3.72496e-07
-7.11648e-08
2.61058e-07
6.00816e-07
9.22535e-07
1.20143e-06
1.41739e-06
1.55871e-06
1.62435e-06
1.62357e-06
1.57347e-06
1.49414e-06
1.39732e-06
1.28096e-06
-2.0095e-07
-2.14489e-07
-2.21379e-07
-2.23603e-07
-2.22119e-07
-2.16868e-07
-2.07795e-07
-1.94934e-07
-1.78352e-07
-1.58155e-07
-1.3452e-07
-1.07761e-07
-7.84319e-08
-4.74982e-08
-1.65971e-08
1.15776e-08
3.27408e-08
4.03348e-08
2.47883e-08
-2.69454e-08
-1.30737e-07
-3.02244e-07
-5.38488e-07
-8.03506e-07
-1.0602e-06
-1.28184e-06
-1.44866e-06
-1.53989e-06
-1.53919e-06
-1.45238e-06
-1.27711e-06
-1.02255e-06
-7.02062e-07
-3.34503e-07
5.60083e-08
4.41222e-07
7.91369e-07
1.07934e-06
1.28563e-06
1.40252e-06
1.43526e-06
1.40055e-06
1.32126e-06
1.21164e-06
1.06972e-06
-2.2872e-07
-2.45175e-07
-2.54019e-07
-2.57634e-07
-2.57176e-07
-2.52579e-07
-2.43763e-07
-2.30746e-07
-2.1356e-07
-1.92259e-07
-1.66969e-07
-1.37961e-07
-1.05785e-07
-7.14845e-08
-3.69414e-08
-5.37934e-09
1.79138e-08
2.46508e-08
2.46496e-09
-6.58725e-08
-2.01367e-07
-4.24703e-07
-7.34443e-07
-1.08287e-06
-1.42348e-06
-1.72238e-06
-1.95191e-06
-2.0932e-06
-2.13811e-06
-2.074e-06
-1.9135e-06
-1.662e-06
-1.33114e-06
-9.38236e-07
-5.06582e-07
-6.53162e-08
3.52287e-07
7.12781e-07
9.88398e-07
1.16334e-06
1.23706e-06
1.22429e-06
1.14969e-06
1.02972e-06
8.62595e-07
-2.6461e-07
-2.83664e-07
-2.94312e-07
-2.99272e-07
-2.99852e-07
-2.95957e-07
-2.87473e-07
-2.74379e-07
-2.56655e-07
-2.3428e-07
-2.07296e-07
-1.75889e-07
-1.40547e-07
-1.02324e-07
-6.3247e-08
-2.69584e-08
3.78632e-10
8.8822e-09
-1.65011e-08
-9.73248e-08
-2.59838e-07
-5.28292e-07
-9.056e-07
-1.33038e-06
-1.74548e-06
-2.11011e-06
-2.39385e-06
-2.57833e-06
-2.65503e-06
-2.6191e-06
-2.4768e-06
-2.23465e-06
-1.90324e-06
-1.4976e-06
-1.03865e-06
-5.54451e-07
-7.97506e-08
3.47138e-07
6.90436e-07
9.25678e-07
1.04493e-06
1.05914e-06
9.93407e-07
8.65744e-07
6.74468e-07
-3.08567e-07
-3.3e-07
-3.4234e-07
-3.48605e-07
-3.50218e-07
-3.47035e-07
-3.38894e-07
-3.25723e-07
-3.07424e-07
-2.83884e-07
-2.55025e-07
-2.20906e-07
-1.81894e-07
-1.38968e-07
-9.41974e-08
-5.1499e-08
-1.774e-08
-4.1966e-09
-2.83718e-08
-1.1616e-07
-2.99231e-07
-6.03156e-07
-1.03851e-06
-1.52883e-06
-2.00623e-06
-2.42457e-06
-2.75197e-06
-2.97068e-06
-3.07363e-06
-3.06001e-06
-2.93545e-06
-2.70678e-06
-2.38303e-06
-1.97627e-06
-1.5039e-06
-9.91264e-07
-4.72551e-07
1.09304e-08
4.16048e-07
7.10129e-07
8.76726e-07
9.21338e-07
8.6801e-07
7.35399e-07
5.21689e-07
-3.60308e-07
-3.84007e-07
-3.97978e-07
-4.05525e-07
-4.08157e-07
-4.05666e-07
-3.97827e-07
-3.84504e-07
-3.6551e-07
-3.40614e-07
-3.09594e-07
-2.72338e-07
-2.29038e-07
-1.80519e-07
-1.28781e-07
-7.78711e-08
-3.51676e-08
-1.31069e-08
-3.12395e-08
-1.18959e-07
-3.14138e-07
-6.48012e-07
-1.12785e-06
-1.67138e-06
-2.19844e-06
-2.65828e-06
-3.01803e-06
-3.26129e-06
-3.38351e-06
-3.38711e-06
-3.2787e-06
-3.06533e-06
-2.75439e-06
-2.35476e-06
-1.87982e-06
-1.35114e-06
-8.00709e-07
-2.70986e-07
1.87444e-07
5.36522e-07
7.50391e-07
8.27514e-07
7.89536e-07
6.54838e-07
4.21083e-07
-4.19431e-07
-4.45391e-07
-4.60986e-07
-4.6981e-07
-4.73441e-07
-4.71591e-07
-4.63968e-07
-4.50361e-07
-4.30482e-07
-4.03967e-07
-3.70428e-07
-3.29549e-07
-2.81295e-07
-2.26268e-07
-1.66307e-07
-1.05448e-07
-5.1399e-08
-1.75471e-08
-2.5265e-08
-1.06295e-07
-3.03859e-07
-6.62011e-07
-1.1744e-06
-1.75837e-06
-2.32304e-06
-2.81308e-06
-3.19502e-06
-3.45432e-06
-3.58932e-06
-3.60535e-06
-3.51041e-06
-3.31173e-06
-3.01516e-06
-2.62656e-06
-2.15531e-06
-1.619e-06
-1.04615e-06
-4.78125e-07
2.37996e-08
4.22684e-07
6.82785e-07
7.93682e-07
7.73569e-07
6.39813e-07
3.89061e-07
-4.85512e-07
-5.13824e-07
-5.31082e-07
-5.41191e-07
-5.45793e-07
-5.4451e-07
-5.36975e-07
-5.22899e-07
-5.01888e-07
-4.73439e-07
-4.36979e-07
-3.91967e-07
-3.38097e-07
-2.75695e-07
-2.06357e-07
-1.33992e-07
-6.64797e-08
-1.79411e-08
-1.1384e-08
-8.09812e-08
-2.74874e-07
-6.44802e-07
-1.18055e-06
-1.79451e-06
-2.38636e-06
-2.89703e-06
-3.29284e-06
-3.56128e-06
-3.70349e-06
-3.72736e-06
-3.64224e-06
-3.45539e-06
-3.17131e-06
-2.79327e-06
-2.32723e-06
-1.78716e-06
-1.19829e-06
-5.97821e-07
-5.64338e-08
3.85383e-07
6.8959e-07
8.34744e-07
8.34622e-07
7.04977e-07
4.40843e-07
-5.58167e-07
-5.89e-07
-6.08e-07
-6.19413e-07
-6.24944e-07
-6.24122e-07
-6.16503e-07
-6.01725e-07
-5.7929e-07
-5.48551e-07
-5.0875e-07
-4.59101e-07
-3.98991e-07
-3.28436e-07
-2.48726e-07
-1.63545e-07
-8.08107e-08
-1.5199e-08
8.79539e-09
-4.5786e-08
-2.30082e-07
-6.01028e-07
-1.15229e-06
-1.78722e-06
-2.39757e-06
-2.9212e-06
-3.32436e-06
-3.59647e-06
-3.74119e-06
-3.76847e-06
-3.68865e-06
-3.50891e-06
-3.23254e-06
-2.86094e-06
-2.39712e-06
-1.85227e-06
-1.24953e-06
-6.24859e-07
-4.14327e-08
4.40664e-07
7.85091e-07
9.63884e-07
9.85529e-07
8.63299e-07
5.89795e-07
-6.37098e-07
-6.70683e-07
-6.91531e-07
-7.04263e-07
-7.10662e-07
-7.10155e-07
-7.02234e-07
-6.86469e-07
-6.6227e-07
-6.28854e-07
-5.85284e-07
-5.30524e-07
-4.63616e-07
-3.84244e-07
-2.93359e-07
-1.94325e-07
-9.49919e-08
-1.04373e-08
3.3601e-08
-2.31462e-09
-1.72194e-07
-5.37538e-07
-1.09678e-06
-1.74494e-06
-2.36669e-06
-2.89724e-06
-3.30276e-06
-3.57429e-06
-3.71747e-06
-3.74377e-06
-3.6641e-06
-3.48532e-06
-3.20971e-06
-2.83772e-06
-2.36954e-06
-1.81504e-06
-1.19604e-06
-5.48933e-07
7.55448e-08
5.96917e-07
9.79284e-07
1.19169e-06
1.23701e-06
1.12569e-06
8.47034e-07
-7.22122e-07
-7.58737e-07
-7.81553e-07
-7.95605e-07
-8.02771e-07
-8.02383e-07
-7.93877e-07
-7.76782e-07
-7.50429e-07
-7.13918e-07
-6.6615e-07
-6.05858e-07
-5.31669e-07
-4.42944e-07
-3.40287e-07
-2.26644e-07
-1.09715e-07
-4.85567e-09
6.11323e-08
4.68105e-08
-1.04765e-07
-4.59978e-07
-1.02078e-06
-1.67551e-06
-2.3032e-06
-2.83612e-06
-3.24022e-06
-3.50777e-06
-3.64586e-06
-3.66683e-06
-3.58172e-06
-3.39693e-06
-3.11398e-06
-2.73186e-06
-2.25076e-06
-1.67903e-06
-1.03762e-06
-3.63875e-07
2.97795e-07
8.60737e-07
1.28035e-06
1.52691e-06
1.59777e-06
1.50094e-06
1.22131e-06
-8.13192e-07
-8.53145e-07
-8.78047e-07
-8.93388e-07
-9.01165e-07
-9.00623e-07
-8.91172e-07
-8.72325e-07
-8.43367e-07
-8.03302e-07
-7.50894e-07
-6.84731e-07
-6.02893e-07
-5.04376e-07
-3.89563e-07
-2.60835e-07
-1.25672e-07
3.84795e-10
8.95654e-08
9.94569e-08
-3.18684e-08
-3.72659e-07
-9.3013e-07
-1.58653e-06
-2.21579e-06
-2.74752e-06
-3.14726e-06
-3.40804e-06
-3.53778e-06
-3.54911e-06
-3.45277e-06
-3.25448e-06
-2.95505e-06
-2.55286e-06
-2.04824e-06
-1.44928e-06
-7.77397e-07
-7.05476e-08
6.29243e-07
1.23447e-06
1.69472e-06
1.97623e-06
2.07413e-06
1.99538e-06
1.71867e-06
-9.10404e-07
-9.54022e-07
-9.81111e-07
-9.97654e-07
-1.0058e-06
-1.00474e-06
-9.93871e-07
-9.72753e-07
-9.40666e-07
-8.96539e-07
-8.39022e-07
-7.66678e-07
-6.77018e-07
-5.6837e-07
-4.41211e-07
-2.97184e-07
-1.43486e-07
4.26244e-09
1.17841e-07
1.52295e-07
4.38362e-08
-2.79648e-07
-8.2998e-07
-1.48421e-06
-2.11167e-06
-2.63946e-06
-3.03252e-06
-3.28418e-06
-3.40257e-06
-3.40008e-06
-3.28675e-06
-3.06742e-06
-2.74225e-06
-2.30952e-06
-1.77011e-06
-1.1329e-06
-4.19739e-07
3.31587e-07
1.06757e-06
1.71742e-06
2.22386e-06
2.54299e-06
2.66972e-06
2.6131e-06
2.34212e-06
-1.01401e-06
-1.06163e-06
-1.09097e-06
-1.10854e-06
-1.11671e-06
-1.11461e-06
-1.10172e-06
-1.07769e-06
-1.04186e-06
-9.93145e-07
-9.30153e-07
-8.51224e-07
-7.53399e-07
-6.34741e-07
-4.95189e-07
-3.35877e-07
-1.63643e-07
5.92362e-09
1.44107e-07
2.04046e-07
1.19744e-07
-1.8439e-07
-7.24553e-07
-1.37364e-06
-1.99668e-06
-2.51842e-06
-2.90294e-06
-3.14342e-06
-3.24771e-06
-3.22745e-06
-3.09159e-06
-2.84394e-06
-2.48406e-06
-2.01041e-06
-1.4249e-06
-7.37914e-07
2.71008e-08
8.30575e-07
1.61607e-06
2.31496e-06
2.86373e-06
3.22675e-06
3.3857e-06
3.35641e-06
3.09224e-06
-1.12444e-06
-1.17638e-06
-1.20797e-06
-1.22629e-06
-1.23396e-06
-1.23014e-06
-1.21444e-06
-1.18671e-06
-1.14642e-06
-1.09256e-06
-1.02367e-06
-9.37689e-07
-8.31554e-07
-7.03165e-07
-5.51331e-07
-3.76965e-07
-1.86452e-07
4.77126e-09
1.67431e-07
2.53254e-07
1.93835e-07
-8.95314e-08
-6.17237e-07
-1.25887e-06
-1.87546e-06
-2.38947e-06
-2.7639e-06
-2.99141e-06
-3.07909e-06
-3.03738e-06
-2.87387e-06
-2.59116e-06
-2.1882e-06
-1.66382e-06
-1.02127e-06
-2.73058e-07
5.54973e-07
1.42076e-06
2.26582e-06
3.0201e-06
3.61726e-06
4.02512e-06
4.2207e-06
4.22069e-06
3.97115e-06
-1.24228e-06
-1.29888e-06
-1.33261e-06
-1.35123e-06
-1.35768e-06
-1.35121e-06
-1.3317e-06
-1.29928e-06
-1.25367e-06
-1.19398e-06
-1.11868e-06
-1.02543e-06
-9.11144e-07
-7.73076e-07
-6.09312e-07
-4.20332e-07
-2.12013e-07
3.85074e-10
1.87213e-07
2.98838e-07
2.64627e-07
2.94585e-09
-5.10625e-07
-1.14302e-06
-1.75156e-06
-2.25647e-06
-2.61953e-06
-2.83251e-06
-2.90129e-06
-2.83488e-06
-2.63914e-06
-2.31531e-06
-1.86175e-06
-1.27771e-06
-5.68022e-07
2.52367e-07
1.15464e-06
2.09363e-06
3.0083e-06
3.82699e-06
4.4794e-06
4.93252e-06
5.16891e-06
5.19423e-06
4.97911e-06
-1.36836e-06
-1.42989e-06
-1.46554e-06
-1.48378e-06
-1.48801e-06
-1.47768e-06
-1.45307e-06
-1.41477e-06
-1.36283e-06
-1.29654e-06
-1.21435e-06
-1.11373e-06
-9.91363e-07
-8.43862e-07
-6.68671e-07
-4.65693e-07
-2.40225e-07
-7.36673e-09
2.03055e-07
3.40104e-07
3.31092e-07
9.16127e-08
-4.06613e-07
-1.0284e-06
-1.62761e-06
-2.12232e-06
-2.47293e-06
-2.67002e-06
-2.71798e-06
-2.62398e-06
-2.39204e-06
-2.02191e-06
-1.51126e-06
-8.59788e-07
-7.3965e-08
8.28627e-07
1.81588e-06
2.8391e-06
3.83407e-06
4.72656e-06
5.44111e-06
5.94372e-06
6.22438e-06
6.27674e-06
6.10538e-06
-1.50372e-06
-1.57044e-06
-1.60759e-06
-1.62447e-06
-1.62511e-06
-1.60933e-06
-1.57803e-06
-1.53242e-06
-1.473e-06
-1.39929e-06
-1.30975e-06
-1.20166e-06
-1.07134e-06
-9.14808e-07
-7.28816e-07
-5.126e-07
-2.70851e-07
-1.83751e-08
2.14822e-07
3.76682e-07
3.92586e-07
1.75504e-07
-3.06528e-07
-9.16651e-07
-1.50553e-06
-1.98915e-06
-2.32641e-06
-2.50648e-06
-2.53196e-06
-2.40799e-06
-2.13657e-06
-1.71586e-06
-1.14279e-06
-4.1746e-07
4.52088e-07
1.44564e-06
2.52769e-06
3.64573e-06
4.73185e-06
5.70847e-06
6.49315e-06
7.05174e-06
7.385e-06
7.4736e-06
7.34064e-06
-1.64968e-06
-1.72177e-06
-1.75973e-06
-1.77388e-06
-1.76911e-06
-1.74588e-06
-1.7059e-06
-1.65131e-06
-1.58313e-06
-1.50115e-06
-1.40382e-06
-1.28819e-06
-1.15016e-06
-9.85109e-07
-7.8905e-07
-5.60491e-07
-3.03451e-07
-3.23794e-08
2.22612e-07
4.0847e-07
4.4878e-07
2.54033e-07
-2.1125e-07
-8.0892e-07
-1.38668e-06
-1.85849e-06
-2.18168e-06
-2.34378e-06
-2.34545e-06
-2.18962e-06
-1.87617e-06
-1.40158e-06
-7.62024e-07
4.21192e-08
1.00138e-06
2.09306e-06
3.27836e-06
4.5009e-06
5.68869e-06
6.76004e-06
7.62513e-06
8.24448e-06
8.63489e-06
8.76932e-06
8.6835e-06
-1.80795e-06
-1.88548e-06
-1.9232e-06
-1.93268e-06
-1.92007e-06
-1.88685e-06
-1.83588e-06
-1.77038e-06
-1.69206e-06
-1.60094e-06
-1.49543e-06
-1.37228e-06
-1.22686e-06
-1.05391e-06
-8.4861e-07
-6.08707e-07
-3.37473e-07
-4.89662e-08
2.267e-07
4.35577e-07
4.99599e-07
3.26911e-07
-1.21309e-07
-7.05955e-07
-1.27199e-06
-1.73143e-06
-2.03997e-06
-2.18339e-06
-2.16022e-06
-1.97113e-06
-1.61382e-06
-1.08307e-06
-3.74244e-07
5.1209e-07
1.56525e-06
2.76039e-06
4.05569e-06
5.39103e-06
6.68995e-06
7.86592e-06
8.82468e-06
9.51256e-06
9.96207e-06
1.01474e-05
1.01149e-05
-1.98064e-06
-2.06353e-06
-2.0994e-06
-2.10154e-06
-2.07795e-06
-2.03158e-06
-1.96697e-06
-1.88841e-06
-1.79853e-06
-1.69745e-06
-1.58346e-06
-1.45289e-06
-1.30052e-06
-1.12035e-06
-9.06721e-07
-6.56542e-07
-3.72304e-07
-6.76148e-08
2.27494e-07
4.58276e-07
5.45159e-07
3.94075e-07
-3.69723e-08
-6.08209e-07
-1.16207e-06
-1.60873e-06
-1.9022e-06
-2.0264e-06
-1.9777e-06
-1.75442e-06
-1.35213e-06
-7.63914e-07
1.56484e-08
9.85924e-07
2.13529e-06
3.43714e-06
4.84712e-06
6.30179e-06
7.71991e-06
9.00888e-06
1.00743e-05
1.08481e-05
1.13566e-05
1.16011e-05
1.16278e-05
-2.17053e-06
-2.25837e-06
-2.29001e-06
-2.28118e-06
-2.24252e-06
-2.1792e-06
-2.09793e-06
-2.0041e-06
-1.90122e-06
-1.78945e-06
-1.66679e-06
-1.52903e-06
-1.37026e-06
-1.18364e-06
-9.62636e-07
-7.033e-07
-4.07302e-07
-8.77491e-08
2.25486e-07
4.76952e-07
5.85715e-07
4.55626e-07
4.16851e-08
-5.1592e-07
-1.05731e-06
-1.49089e-06
-1.76901e-06
-1.87368e-06
-1.79902e-06
-1.54109e-06
-1.09337e-06
-4.47341e-07
4.03153e-07
1.45749e-06
2.70338e-06
4.11295e-06
5.64002e-06
7.21847e-06
8.76283e-06
1.01742e-05
1.13549e-05
1.22313e-05
1.28068e-05
1.31188e-05
1.32126e-05
-2.38116e-06
-2.47304e-06
-2.49694e-06
-2.4722e-06
-2.41335e-06
-2.32869e-06
-2.22727e-06
-2.11601e-06
-1.99879e-06
-1.87577e-06
-1.74444e-06
-1.59986e-06
-1.43531e-06
-1.24307e-06
-1.01569e-06
-7.48341e-07
-4.41848e-07
-1.08785e-07
2.21204e-07
4.92055e-07
6.21614e-07
5.11785e-07
1.14728e-07
-4.2917e-07
-9.5792e-07
-1.37826e-06
-1.64088e-06
-1.72586e-06
-1.62511e-06
-1.33249e-06
-8.39518e-07
-1.36211e-07
7.84195e-07
1.92113e-06
3.26187e-06
4.77784e-06
6.4218e-06
8.12596e-06
9.80172e-06
1.13447e-05
1.26506e-05
1.364e-05
1.42966e-05
1.46855e-05
1.4858e-05
-2.61726e-06
-2.71133e-06
-2.7223e-06
-2.67505e-06
-2.58977e-06
-2.47867e-06
-2.35345e-06
-2.22258e-06
-2.08996e-06
-1.95539e-06
-1.81557e-06
-1.66469e-06
-1.49506e-06
-1.29808e-06
-1.06533e-06
-7.91108e-07
-4.75381e-07
-1.30166e-07
2.15178e-07
5.04065e-07
6.53256e-07
5.62845e-07
1.82317e-07
-3.47923e-07
-8.63981e-07
-1.27102e-06
-1.51811e-06
-1.58342e-06
-1.4567e-06
-1.12972e-06
-5.9226e-07
1.66982e-07
1.15516e-06
2.37173e-06
3.80373e-06
5.42235e-06
7.18017e-06
9.00897e-06
1.08184e-05
1.24995e-05
1.39404e-05
1.5054e-05
1.58102e-05
1.6286e-05
1.65527e-05
-2.88521e-06
-2.97787e-06
-2.96832e-06
-2.88986e-06
-2.77068e-06
-2.62733e-06
-2.47478e-06
-2.32239e-06
-2.17361e-06
-2.02746e-06
-1.87956e-06
-1.72301e-06
-1.54911e-06
-1.34828e-06
-1.11115e-06
-8.31162e-07
-5.07428e-07
-1.51397e-07
2.07908e-07
5.13458e-07
6.81065e-07
6.09146e-07
2.44681e-07
-2.72066e-07
-7.75483e-07
-1.16926e-06
-1.40092e-06
-1.44672e-06
-1.29435e-06
-9.33713e-07
-3.53016e-07
4.6011e-07
1.51294e-06
2.80482e-06
4.32267e-06
6.03781e-06
7.90352e-06
9.85242e-06
1.17942e-05
1.36171e-05
1.52014e-05
1.64508e-05
1.73263e-05
1.7904e-05
1.82862e-05
-3.1938e-06
-3.27831e-06
-3.23724e-06
-3.11619e-06
-2.95417e-06
-2.77285e-06
-2.58957e-06
-2.41415e-06
-2.24885e-06
-2.0914e-06
-1.93603e-06
-1.77457e-06
-1.59723e-06
-1.39343e-06
-1.15289e-06
-8.68189e-07
-5.37618e-07
-1.7206e-07
1.9984e-07
5.20685e-07
7.05461e-07
6.51051e-07
3.02089e-07
-2.01424e-07
-6.92345e-07
-1.073e-06
-1.2894e-06
-1.316e-06
-1.13851e-06
-7.45198e-07
-1.22942e-07
7.41414e-07
1.85492e-06
3.21664e-06
4.81327e-06
6.61658e-06
8.58117e-06
1.06419e-05
1.27105e-05
1.46748e-05
1.64092e-05
1.78068e-05
1.88181e-05
1.95194e-05
2.00474e-05
-3.55546e-06
-3.61929e-06
-3.53099e-06
-3.35253e-06
-3.13807e-06
-2.91297e-06
-2.69623e-06
-2.49678e-06
-2.3151e-06
-2.14696e-06
-1.98489e-06
-1.81936e-06
-1.63941e-06
-1.43349e-06
-1.19043e-06
-9.02004e-07
-5.6569e-07
-1.91826e-07
1.91353e-07
5.26151e-07
7.26846e-07
6.88922e-07
3.54835e-07
-1.35786e-07
-6.14436e-07
-9.82176e-07
-1.18359e-06
-1.19141e-06
-9.89516e-07
-5.64739e-07
9.70498e-08
1.0095e-06
2.17903e-06
3.60414e-06
5.27113e-06
7.15223e-06
9.20383e-06
1.13641e-05
1.3549e-05
1.5649e-05
1.75359e-05
1.90935e-05
2.02567e-05
2.11077e-05
2.18257e-05
-3.98793e-06
-4.00804e-06
-3.8487e-06
-3.59826e-06
-3.31961e-06
-3.04537e-06
-2.79328e-06
-2.56961e-06
-2.37213e-06
-2.19417e-06
-2.02633e-06
-1.85759e-06
-1.67583e-06
-1.46858e-06
-1.2238e-06
-9.32544e-07
-5.91489e-07
-2.10455e-07
1.82756e-07
5.30212e-07
7.45592e-07
7.23117e-07
4.03221e-07
-7.49134e-08
-5.41582e-07
-8.96683e-07
-1.08346e-06
-1.07301e-06
-8.47553e-07
-3.92738e-07
3.06291e-07
1.26335e-06
2.48375e-06
3.96508e-06
5.69292e-06
7.63973e-06
9.76384e-06
1.20075e-05
1.42926e-05
1.65158e-05
1.85504e-05
2.02754e-05
2.16076e-05
2.2639e-05
2.36121e-05
-4.51685e-06
-4.45213e-06
-4.19041e-06
-3.84821e-06
-3.49517e-06
-3.16782e-06
-2.8796e-06
-2.63233e-06
-2.42013e-06
-2.23343e-06
-2.06077e-06
-1.88965e-06
-1.70682e-06
-1.49894e-06
-1.25314e-06
-9.59849e-07
-6.14954e-07
-2.2779e-07
1.74286e-07
5.33169e-07
7.62034e-07
7.53972e-07
4.47554e-07
-1.85506e-08
-4.73583e-07
-8.1638e-07
-9.88924e-07
-9.60805e-07
-7.12736e-07
-2.29458e-07
5.04328e-07
1.50225e-06
2.76804e-06
4.29797e-06
6.07641e-06
8.07563e-06
1.02556e-05
1.25627e-05
1.49261e-05
1.72519e-05
1.942e-05
2.13112e-05
2.2826e-05
2.40728e-05
2.53996e-05
-5.1786e-06
-4.95419e-06
-4.55347e-06
-4.09701e-06
-3.66073e-06
-3.27829e-06
-2.95456e-06
-2.68513e-06
-2.45964e-06
-2.26539e-06
-2.08886e-06
-1.91611e-06
-1.73284e-06
-1.5249e-06
-1.27869e-06
-9.84038e-07
-6.36095e-07
-2.43742e-07
1.66122e-07
5.35272e-07
7.76469e-07
7.81803e-07
4.88133e-07
3.35665e-08
-4.10219e-07
-7.4109e-07
-8.99869e-07
-8.54744e-07
-5.85103e-07
-7.50508e-08
6.90878e-07
1.72579e-06
3.03131e-06
4.60198e-06
6.42037e-06
8.4579e-06
1.06754e-05
1.3023e-05
1.54372e-05
1.78356e-05
2.01101e-05
2.21528e-05
2.38526e-05
2.53491e-05
2.71759e-05
-6.02344e-06
-5.50969e-06
-4.92589e-06
-4.33735e-06
-3.81195e-06
-3.37506e-06
-3.01805e-06
-2.72863e-06
-2.49152e-06
-2.29094e-06
-2.11139e-06
-1.93764e-06
-1.75444e-06
-1.5469e-06
-1.30075e-06
-1.00529e-06
-6.54978e-07
-2.58269e-07
1.58401e-07
5.36735e-07
7.89163e-07
8.06902e-07
5.25247e-07
8.17083e-08
-3.51243e-07
-6.70599e-07
-8.16118e-07
-7.5471e-07
-4.64616e-07
7.04295e-08
8.65793e-07
1.93371e-06
3.27323e-06
4.87669e-06
6.72425e-06
8.78562e-06
1.10214e-05
1.33841e-05
1.58165e-05
1.82481e-05
2.05862e-05
2.27446e-05
2.46087e-05
2.63731e-05
2.89049e-05
-7.09736e-06
-6.1102e-06
-5.29127e-06
-4.55959e-06
-3.94446e-06
-3.45697e-06
-3.0705e-06
-2.76384e-06
-2.51694e-06
-2.31116e-06
-2.12933e-06
-1.95506e-06
-1.77228e-06
-1.56546e-06
-1.3197e-06
-1.02388e-06
-6.71759e-07
-2.71407e-07
1.51197e-07
5.37725e-07
8.00348e-07
8.29532e-07
5.59159e-07
1.26128e-07
-2.96415e-07
-6.04678e-07
-7.37449e-07
-6.60488e-07
-3.51071e-07
2.07184e-07
1.0293e-06
2.1263e-06
3.49416e-06
5.12262e-06
6.98873e-06
9.05953e-06
1.1294e-05
1.36449e-05
1.60588e-05
1.84746e-05
2.08157e-05
2.30254e-05
2.49948e-05
2.70101e-05
3.05282e-05
-8.50593e-06
-6.73884e-06
-5.6264e-06
-4.75352e-06
-4.05572e-06
-3.52474e-06
-3.11371e-06
-2.79267e-06
-2.53753e-06
-2.3274e-06
-2.14373e-06
-1.9692e-06
-1.78705e-06
-1.58116e-06
-1.33603e-06
-1.04025e-06
-6.86795e-07
-2.83418e-07
1.4437e-07
5.38248e-07
8.10177e-07
8.49941e-07
5.90122e-07
1.67025e-07
-2.45591e-07
-5.43199e-07
-6.63701e-07
-5.71815e-07
-2.44022e-07
3.35946e-07
1.18255e-06
2.3053e-06
3.69666e-06
5.34332e-06
7.21857e-06
9.28574e-06
1.15005e-05
1.38135e-05
1.61708e-05
1.85149e-05
2.07796e-05
2.29371e-05
2.48962e-05
2.71041e-05
3.20547e-05
-1.03719e-05
-7.3624e-06
-5.89784e-06
-4.90998e-06
-4.14784e-06
-3.58268e-06
-3.15165e-06
-2.81809e-06
-2.55528e-06
-2.34081e-06
-2.15517e-06
-1.98028e-06
-1.79875e-06
-1.59395e-06
-1.34978e-06
-1.05445e-06
-7.00287e-07
-2.94589e-07
1.37631e-07
5.38123e-07
8.18656e-07
8.68333e-07
6.18392e-07
2.04547e-07
-1.98789e-07
-4.86338e-07
-5.9515e-07
-4.88995e-07
-1.43675e-07
4.56787e-07
1.32618e-06
2.47232e-06
3.8838e-06
5.54401e-06
7.42186e-06
9.47605e-06
1.16574e-05
1.39115e-05
1.61793e-05
1.8398e-05
2.0495e-05
2.24445e-05
2.41543e-05
2.63468e-05
3.30905e-05
-1.19561e-05
-7.76477e-06
-6.04312e-06
-5.00932e-06
-4.21661e-06
-3.62959e-06
-3.18356e-06
-2.83937e-06
-2.5694e-06
-2.35059e-06
-2.16279e-06
-1.98735e-06
-1.80633e-06
-1.60262e-06
-1.35968e-06
-1.06502e-06
-7.10779e-07
-3.03597e-07
1.32008e-07
5.37997e-07
8.26127e-07
8.84983e-07
6.44552e-07
2.39609e-07
-1.54979e-07
-4.33325e-07
-5.31757e-07
-4.13232e-07
-5.29909e-08
5.6448e-07
1.45227e-06
2.61647e-06
4.04179e-06
5.70831e-06
7.58047e-06
9.61188e-06
1.17475e-05
1.39259e-05
1.60785e-05
1.8128e-05
1.99718e-05
2.15206e-05
2.25799e-05
2.38549e-05
3.01167e-05
)
;

boundaryField
{
    inlet
    {
        type            uniformJump;
        patchType       cyclic;
        jump            uniform -2.5e-05;
        value           nonuniform List<scalar> 
40
(
5.57405e-07
5.67241e-07
5.7734e-07
5.87306e-07
5.98364e-07
6.12129e-07
6.31321e-07
6.60533e-07
7.06576e-07
7.78222e-07
8.85377e-07
1.03848e-06
1.24892e-06
1.53009e-06
1.8979e-06
2.36933e-06
2.95725e-06
3.66694e-06
4.49362e-06
5.41452e-06
6.31554e-06
7.05873e-06
7.60447e-06
7.99471e-06
8.26348e-06
8.44435e-06
8.56355e-06
8.64031e-06
8.68843e-06
8.71751e-06
8.73404e-06
8.74246e-06
8.7458e-06
8.74611e-06
8.74474e-06
8.74255e-06
8.74005e-06
8.73752e-06
8.73495e-06
8.73243e-06
)
;
        jumpTable       table;
        jumpTableCoeffs
        {
            values          
4
(
(0 -2.5e-05)
(25 -2.5e-05)
(25.5 -0.0001)
(26 -2.5e-05)
)
;
        }
    }
    outlet
    {
        type            uniformJump;
        patchType       cyclic;
        value           nonuniform List<scalar> 
40
(
-2.44426e-05
-2.44328e-05
-2.44227e-05
-2.44127e-05
-2.44016e-05
-2.43879e-05
-2.43687e-05
-2.43395e-05
-2.42934e-05
-2.42218e-05
-2.41146e-05
-2.39615e-05
-2.37511e-05
-2.34699e-05
-2.31021e-05
-2.26307e-05
-2.20427e-05
-2.13331e-05
-2.05064e-05
-1.95855e-05
-1.86845e-05
-1.79413e-05
-1.73955e-05
-1.70053e-05
-1.67365e-05
-1.65557e-05
-1.64364e-05
-1.63597e-05
-1.63116e-05
-1.62825e-05
-1.6266e-05
-1.62575e-05
-1.62542e-05
-1.62539e-05
-1.62553e-05
-1.62575e-05
-1.62599e-05
-1.62625e-05
-1.6265e-05
-1.62676e-05
)
;
    }
    Walls
    {
        type            zeroGradient;
    }
    back
    {
        type            empty;
    }
    front
    {
        type            empty;
    }
}


// ************************************************************************* //
