/*--------------------------------*- C++ -*----------------------------------*\
| =========                 |                                                 |
| \\      /  F ield         | OpenFOAM: The Open Source CFD Toolbox           |
|  \\    /   O peration     | Version:  2312                                  |
|   \\  /    A nd           | Website:  www.openfoam.com                      |
|    \\/     M anipulation  |                                                 |
\*---------------------------------------------------------------------------*/
FoamFile
{
    version     2.0;
    format      ascii;
    arch        "LSB;label=32;scalar=64";
    class       volScalarField;
    location    "162.75";
    object      p;
}
// * * * * * * * * * * * * * * * * * * * * * * * * * * * * * * * * * * * * * //

dimensions      [0 2 -2 0 0 0 0];

internalField   nonuniform List<scalar> 
4800
(
-3.70979e-12
-1.77857e-06
-3.28918e-06
-4.58483e-06
-5.7045e-06
-6.67819e-06
-7.52824e-06
-8.27791e-06
-8.94527e-06
-9.53984e-06
-1.00729e-05
-1.05501e-05
-1.09655e-05
-1.15534e-05
-1.33023e-05
1.84176e-08
-1.75547e-06
-3.2626e-06
-4.55594e-06
-5.67448e-06
-6.64891e-06
-7.50118e-06
-8.25545e-06
-8.9298e-06
-9.53527e-06
-1.00886e-05
-1.06097e-05
-1.11156e-05
-1.17156e-05
-1.26697e-05
3.84357e-08
-1.73038e-06
-3.23391e-06
-4.52501e-06
-5.64261e-06
-6.61728e-06
-7.47142e-06
-8.22769e-06
-8.9071e-06
-9.52078e-06
-1.0086e-05
-1.06237e-05
-1.11456e-05
-1.16611e-05
-1.21497e-05
5.96351e-08
-1.70338e-06
-3.20269e-06
-4.49094e-06
-5.60692e-06
-6.58096e-06
-7.43658e-06
-8.19257e-06
-8.87311e-06
-9.48873e-06
-1.00521e-05
-1.05754e-05
-1.10531e-05
-1.14541e-05
-1.17069e-05
8.37864e-08
-1.67227e-06
-3.16637e-06
-4.4508e-06
-5.56412e-06
-6.53625e-06
-7.39116e-06
-8.14578e-06
-8.8217e-06
-9.43055e-06
-9.97795e-06
-1.04651e-05
-1.0875e-05
-1.11685e-05
-1.12891e-05
1.12467e-07
-1.63529e-06
-3.12297e-06
-4.4023e-06
-5.51148e-06
-6.47984e-06
-7.33063e-06
-8.08079e-06
-8.74627e-06
-9.33798e-06
-9.85578e-06
-1.02931e-05
-1.06303e-05
-1.08376e-05
-1.08864e-05
1.47762e-07
-1.59023e-06
-3.06999e-06
-4.34253e-06
-5.44548e-06
-6.40735e-06
-7.25017e-06
-7.98978e-06
-8.63846e-06
-9.20307e-06
-9.68062e-06
-1.00622e-05
-1.03327e-05
-1.04776e-05
-1.04905e-05
1.92936e-07
-1.5337e-06
-3.00368e-06
-4.26714e-06
-5.36101e-06
-6.3127e-06
-7.1427e-06
-7.86509e-06
-8.48924e-06
-9.01877e-06
-9.45044e-06
-9.77768e-06
-9.99357e-06
-1.00967e-05
-1.00934e-05
2.52551e-07
-1.46088e-06
-2.91873e-06
-4.17014e-06
-5.25119e-06
-6.18804e-06
-6.99949e-06
-7.69791e-06
-8.29062e-06
-8.78027e-06
-9.1656e-06
-9.4452e-06
-9.62006e-06
-9.69748e-06
-9.68944e-06
3.31955e-07
-1.36578e-06
-2.80842e-06
-4.04392e-06
-5.10754e-06
-6.02416e-06
-6.81103e-06
-7.47939e-06
-8.03598e-06
-8.48474e-06
-8.82764e-06
-9.06891e-06
-9.21551e-06
-9.27931e-06
-9.27375e-06
4.36243e-07
-1.24219e-06
-2.66529e-06
-3.87994e-06
-4.92069e-06
-5.81134e-06
-6.5681e-06
-7.20203e-06
-7.72077e-06
-8.13062e-06
-8.43814e-06
-8.6512e-06
-8.78047e-06
-8.83957e-06
-8.84144e-06
5.69581e-07
-1.0847e-06
-2.48243e-06
-3.66988e-06
-4.68172e-06
-5.54087e-06
-6.26324e-06
-6.86071e-06
-7.34293e-06
-7.71907e-06
-7.99879e-06
-8.19311e-06
-8.31402e-06
-8.37508e-06
-8.38797e-06
7.33621e-07
-8.88813e-07
-2.25454e-06
-3.40699e-06
-4.38345e-06
-5.20643e-06
-5.89196e-06
-6.45339e-06
-6.90268e-06
-7.25148e-06
-7.51156e-06
-7.69531e-06
-7.81493e-06
-7.88291e-06
-7.90953e-06
9.26326e-07
-6.54567e-07
-1.97857e-06
-3.08713e-06
-4.02146e-06
-4.80459e-06
-5.45284e-06
-5.98076e-06
-6.40214e-06
-6.73033e-06
-6.97813e-06
-7.15811e-06
-7.2819e-06
-7.3606e-06
-7.40307e-06
1.13723e-06
-3.84534e-07
-1.6526e-06
-2.71003e-06
-3.59512e-06
-4.33512e-06
-4.94695e-06
-5.44519e-06
-5.84423e-06
-6.15807e-06
-6.39971e-06
-6.58123e-06
-6.71324e-06
-6.80544e-06
-6.8654e-06
1.35714e-06
-8.03088e-08
-1.28111e-06
-2.27891e-06
-3.10923e-06
-3.80265e-06
-4.37861e-06
-4.85085e-06
-5.23263e-06
-5.53735e-06
-5.77752e-06
-5.96442e-06
-6.10754e-06
-6.2152e-06
-6.29388e-06
1.5809e-06
2.43475e-07
-8.74712e-07
-1.80478e-06
-2.57604e-06
-3.21911e-06
-3.75787e-06
-4.2056e-06
-4.5732e-06
-4.87212e-06
-5.11371e-06
-5.30824e-06
-5.46413e-06
-5.58843e-06
-5.68663e-06
1.79173e-06
5.64322e-07
-4.52005e-07
-1.30464e-06
-2.01197e-06
-2.60292e-06
-3.10176e-06
-3.52345e-06
-3.87683e-06
-4.1706e-06
-4.41422e-06
-4.61671e-06
-4.78539e-06
-4.92618e-06
-5.04371e-06
1.9586e-06
8.70841e-07
-3.76721e-08
-7.96198e-07
-1.43459e-06
-1.97259e-06
-2.43069e-06
-2.82404e-06
-3.16057e-06
-3.44707e-06
-3.691e-06
-3.89974e-06
-4.07938e-06
-4.23477e-06
-4.3698e-06
2.06255e-06
1.1305e-06
3.43404e-07
-3.19244e-07
-8.78144e-07
-1.35551e-06
-1.76979e-06
-2.1317e-06
-2.44769e-06
-2.72322e-06
-2.96412e-06
-3.17606e-06
-3.36376e-06
-3.53102e-06
-3.68099e-06
2.10517e-06
1.32023e-06
6.54883e-07
8.89804e-08
-3.95107e-07
-8.14884e-07
-1.184e-06
-1.51114e-06
-1.80206e-06
-2.06145e-06
-2.29371e-06
-2.50291e-06
-2.69259e-06
-2.86573e-06
-3.02498e-06
2.09912e-06
1.43936e-06
8.74681e-07
3.87888e-07
-3.50883e-08
-4.06446e-07
-7.36278e-07
-1.03219e-06
-1.29953e-06
-1.54219e-06
-1.76341e-06
-1.96619e-06
-2.15336e-06
-2.32735e-06
-2.49036e-06
2.09079e-06
1.52535e-06
1.03617e-06
6.09304e-07
2.33653e-07
-1.00211e-07
-4.00301e-07
-6.72855e-07
-9.22297e-07
-1.15179e-06
-1.364e-06
-1.56137e-06
-1.7462e-06
-1.92048e-06
-2.086e-06
2.08959e-06
1.59409e-06
1.16046e-06
7.77605e-07
4.36512e-07
1.29585e-07
-1.49405e-07
-4.05301e-07
-6.41754e-07
-8.61573e-07
-1.06715e-06
-1.2606e-06
-1.44385e-06
-1.61853e-06
-1.78616e-06
2.10006e-06
1.65562e-06
1.26215e-06
9.10723e-07
5.94096e-07
3.06227e-07
4.21899e-08
-2.01988e-07
-4.2951e-07
-6.4295e-07
-8.44474e-07
-1.03591e-06
-1.21892e-06
-1.39488e-06
-1.56514e-06
2.12186e-06
1.71417e-06
1.34927e-06
1.01996e-06
7.20396e-07
4.4566e-07
1.91616e-07
-4.51693e-08
-2.67529e-07
-4.7776e-07
-6.77791e-07
-8.69241e-07
-1.05357e-06
-1.23204e-06
-1.40586e-06
2.15093e-06
1.76963e-06
1.42493e-06
1.111e-06
8.22991e-07
5.56738e-07
3.08673e-07
7.58116e-08
-1.44324e-07
-3.53772e-07
-5.54269e-07
-7.4729e-07
-9.34177e-07
-1.11608e-06
-1.29415e-06
2.18275e-06
1.82059e-06
1.49023e-06
1.18686e-06
9.06396e-07
6.45247e-07
4.00319e-07
1.69013e-07
-5.08583e-08
-2.61124e-07
-4.63376e-07
-6.58979e-07
-8.49188e-07
-1.03508e-06
-1.21774e-06
2.21388e-06
1.86589e-06
1.54583e-06
1.24972e-06
9.74083e-07
7.15814e-07
4.72205e-07
2.4097e-07
2.01603e-08
-1.91886e-07
-3.9664e-07
-5.95375e-07
-7.89274e-07
-9.79359e-07
-1.16668e-06
2.24222e-06
1.90505e-06
1.59258e-06
1.30157e-06
1.02904e-06
7.7227e-07
5.28887e-07
2.96866e-07
7.44576e-08
-1.39858e-07
-3.47443e-07
-5.49498e-07
-7.47144e-07
-9.41357e-07
-1.13315e-06
2.26684e-06
1.93821e-06
1.63155e-06
1.34428e-06
1.0738e-06
8.1773e-07
5.73976e-07
3.40747e-07
1.16464e-07
-1.00271e-07
-3.10726e-07
-5.16033e-07
-7.17262e-07
-9.15354e-07
-1.1113e-06
2.28758e-06
1.96594e-06
1.66393e-06
1.37954e-06
1.11049e-06
8.54676e-07
6.10283e-07
3.75708e-07
1.49519e-07
-6.95714e-08
-2.82749e-07
-4.91085e-07
-6.95608e-07
-8.97226e-07
-1.0969e-06
2.30472e-06
1.98895e-06
1.69083e-06
1.40877e-06
1.14078e-06
8.85033e-07
6.39928e-07
4.04036e-07
1.76053e-07
-4.52098e-08
-2.60865e-07
-4.71932e-07
-6.79401e-07
-8.84153e-07
-1.08714e-06
2.31868e-06
2.008e-06
1.7132e-06
1.43313e-06
1.166e-06
9.10253e-07
6.6447e-07
4.27376e-07
1.97779e-07
-2.5421e-08
-2.43272e-07
-4.56748e-07
-6.66804e-07
-8.74303e-07
-1.08017e-06
2.32996e-06
2.02374e-06
1.73188e-06
1.45354e-06
1.18717e-06
9.31411e-07
6.85034e-07
4.46886e-07
2.15879e-07
-9.0129e-09
-2.28778e-07
-4.4435e-07
-6.56653e-07
-8.66533e-07
-1.0749e-06
2.33901e-06
2.03674e-06
1.7475e-06
1.47071e-06
1.20502e-06
9.49282e-07
7.02409e-07
4.63363e-07
2.31145e-07
4.79692e-09
-2.16618e-07
-4.33995e-07
-6.48235e-07
-8.60168e-07
-1.07069e-06
2.34623e-06
2.04748e-06
1.76056e-06
1.48516e-06
1.2201e-06
9.64416e-07
7.17142e-07
4.77344e-07
2.44099e-07
1.65117e-08
-2.06311e-07
-4.25231e-07
-6.41128e-07
-8.54819e-07
-1.06719e-06
2.35202e-06
2.05641e-06
1.77158e-06
1.49743e-06
1.23296e-06
9.77359e-07
7.29769e-07
4.89344e-07
2.55233e-07
2.65919e-08
-1.97432e-07
-4.17675e-07
-6.34994e-07
-8.50196e-07
-1.06417e-06
2.35686e-06
2.06424e-06
1.78138e-06
1.50843e-06
1.24455e-06
9.89063e-07
7.41218e-07
5.0025e-07
2.65371e-07
3.57884e-08
-1.89316e-07
-4.10751e-07
-6.29357e-07
-8.45929e-07
-1.06135e-06
2.36091e-06
2.07119e-06
1.79029e-06
1.51854e-06
1.25527e-06
9.99929e-07
7.51861e-07
5.10388e-07
2.74787e-07
4.43143e-08
-1.8181e-07
-4.04367e-07
-6.24178e-07
-8.42025e-07
-1.05879e-06
-1.4843e-05
-1.25618e-05
-1.11474e-05
-1.01971e-05
-9.42426e-06
-8.81383e-06
-8.31821e-06
-7.90524e-06
-7.55486e-06
-7.25276e-06
-6.98919e-06
-6.75799e-06
-6.55632e-06
-6.38564e-06
-6.25211e-06
-6.1705e-06
-6.16476e-06
-6.27231e-06
-6.55135e-06
-7.07545e-06
-7.9158e-06
-9.15246e-06
-1.06651e-05
-1.20914e-05
-1.32081e-05
-1.3922e-05
-1.41921e-05
-1.40078e-05
-1.33725e-05
-1.22983e-05
-1.08048e-05
-8.92114e-06
-6.68742e-06
-4.15487e-06
-1.38456e-06
1.55504e-06
4.59057e-06
7.64532e-06
1.0638e-05
1.34783e-05
1.60512e-05
1.82104e-05
1.96365e-05
2.00821e-05
1.85551e-05
-1.31422e-05
-1.1985e-05
-1.0923e-05
-1.00803e-05
-9.35548e-06
-8.76117e-06
-8.27086e-06
-7.85959e-06
-7.50977e-06
-7.20806e-06
-6.9451e-06
-6.71492e-06
-6.51478e-06
-6.34635e-06
-6.21591e-06
-6.13841e-06
-6.13779e-06
-6.25114e-06
-6.53638e-06
-7.06574e-06
-7.90786e-06
-9.14153e-06
-1.06468e-05
-1.20641e-05
-1.31731e-05
-1.3881e-05
-1.4147e-05
-1.39599e-05
-1.33232e-05
-1.22494e-05
-1.07593e-05
-8.88359e-06
-6.66432e-06
-4.15506e-06
-1.41978e-06
1.46913e-06
4.43262e-06
7.38515e-06
1.0231e-05
1.28546e-05
1.50938e-05
1.67012e-05
1.71974e-05
1.58693e-05
1.17292e-05
-1.22439e-05
-1.15286e-05
-1.06883e-05
-9.94105e-06
-9.26939e-06
-8.69785e-06
-8.21655e-06
-7.80874e-06
-7.46024e-06
-7.15929e-06
-6.89715e-06
-6.66809e-06
-6.46984e-06
-6.30404e-06
-6.17723e-06
-6.10456e-06
-6.10992e-06
-6.23002e-06
-6.52243e-06
-7.05772e-06
-7.90153e-06
-9.1311e-06
-1.06268e-05
-1.20325e-05
-1.31312e-05
-1.38312e-05
-1.40917e-05
-1.39013e-05
-1.32636e-05
-1.2192e-05
-1.07086e-05
-8.84638e-06
-6.64985e-06
-4.17576e-06
-1.49199e-06
1.32387e-06
4.18542e-06
6.99626e-06
9.64447e-06
1.19902e-05
1.38377e-05
1.48991e-05
1.47213e-05
1.27647e-05
8.82935e-06
-1.16525e-05
-1.11439e-05
-1.04716e-05
-9.80177e-06
-9.18167e-06
-8.63484e-06
-8.16347e-06
-7.7592e-06
-7.41166e-06
-7.11088e-06
-6.849e-06
-6.62075e-06
-6.42405e-06
-6.26084e-06
-6.13781e-06
-6.07033e-06
-6.08219e-06
-6.20962e-06
-6.50986e-06
-7.05156e-06
-7.897e-06
-9.12165e-06
-1.0606e-05
-1.19977e-05
-1.30831e-05
-1.37723e-05
-1.40244e-05
-1.38283e-05
-1.31879e-05
-1.21177e-05
-1.06422e-05
-8.79707e-06
-6.6303e-06
-4.2027e-06
-1.58711e-06
1.13263e-06
3.86186e-06
6.49322e-06
8.90079e-06
1.09295e-05
1.23769e-05
1.29783e-05
1.24075e-05
1.03858e-05
7.06934e-06
-1.11795e-05
-1.07933e-05
-1.02518e-05
-9.66709e-06
-9.09692e-06
-8.57543e-06
-8.11444e-06
-7.71346e-06
-7.36617e-06
-7.06473e-06
-6.80235e-06
-6.57434e-06
-6.37896e-06
-6.21838e-06
-6.09945e-06
-6.03772e-06
-6.05683e-06
-6.19236e-06
-6.50111e-06
-7.04955e-06
-7.89604e-06
-9.11412e-06
-1.05844e-05
-1.19588e-05
-1.3028e-05
-1.37036e-05
-1.39454e-05
-1.37423e-05
-1.30993e-05
-1.20326e-05
-1.05692e-05
-8.7483e-06
-6.62194e-06
-4.25567e-06
-1.72779e-06
8.71407e-07
3.43958e-06
5.86079e-06
8.00154e-06
9.70545e-06
1.07885e-05
1.10488e-05
1.02969e-05
8.45221e-06
5.72095e-06
-1.07675e-05
-1.04654e-05
-1.00242e-05
-9.52279e-06
-9.00955e-06
-8.51694e-06
-8.06961e-06
-7.67298e-06
-7.32598e-06
-7.02332e-06
-6.75974e-06
-6.53141e-06
-6.33705e-06
-6.17914e-06
-6.06467e-06
-6.00933e-06
-6.03652e-06
-6.18094e-06
-6.49885e-06
-7.05413e-06
-7.90059e-06
-9.10964e-06
-1.05622e-05
-1.19152e-05
-1.29644e-05
-1.36234e-05
-1.38528e-05
-1.36422e-05
-1.29978e-05
-1.1938e-05
-1.04931e-05
-8.70597e-06
-6.63346e-06
-4.34604e-06
-1.92741e-06
5.26388e-07
2.9075e-06
5.09606e-06
6.95969e-06
8.35496e-06
9.13408e-06
9.16487e-06
8.36747e-06
6.7741e-06
4.59519e-06
-1.03806e-05
-1.01418e-05
-9.78783e-06
-9.3616e-06
-8.90383e-06
-8.45198e-06
-8.02437e-06
-7.63633e-06
-7.2917e-06
-6.98854e-06
-6.72379e-06
-6.49495e-06
-6.3015e-06
-6.14639e-06
-6.03677e-06
-5.98849e-06
-6.02459e-06
-6.17859e-06
-6.50613e-06
-7.06802e-06
-7.91278e-06
-9.10955e-06
-1.05395e-05
-1.18661e-05
-1.28907e-05
-1.35293e-05
-1.3744e-05
-1.35255e-05
-1.28815e-05
-1.18333e-05
-1.04147e-05
-8.67312e-06
-6.67007e-06
-4.48088e-06
-2.1939e-06
9.10023e-08
2.26399e-06
4.20729e-06
5.79855e-06
6.91766e-06
7.45913e-06
7.35257e-06
6.58923e-06
5.24918e-06
3.51508e-06
-9.99839e-06
-9.80903e-06
-9.52704e-06
-9.17313e-06
-8.77685e-06
-8.36886e-06
-7.97036e-06
-7.59827e-06
-7.26079e-06
-6.96002e-06
-6.69572e-06
-6.46726e-06
-6.27533e-06
-6.12362e-06
-6.01955e-06
-5.97914e-06
-6.02505e-06
-6.18925e-06
-6.52662e-06
-7.09443e-06
-7.935e-06
-9.11524e-06
-1.05166e-05
-1.18103e-05
-1.28048e-05
-1.34188e-05
-1.36162e-05
-1.33895e-05
-1.27487e-05
-1.17182e-05
-1.03359e-05
-8.65381e-06
-6.73786e-06
-4.66753e-06
-2.53409e-06
-4.38396e-07
1.51227e-06
3.20845e-06
4.54476e-06
5.42918e-06
5.7957e-06
5.61944e-06
4.92978e-06
3.81724e-06
2.42709e-06
-9.61099e-06
-9.46142e-06
-9.23852e-06
-8.95086e-06
-8.61673e-06
-8.25886e-06
-7.8978e-06
-7.55025e-06
-7.22716e-06
-6.93424e-06
-6.67429e-06
-6.44893e-06
-6.26048e-06
-6.11377e-06
-6.0166e-06
-5.98533e-06
-6.04217e-06
-6.21717e-06
-6.56432e-06
-7.13675e-06
-7.96958e-06
-9.12793e-06
-1.04933e-05
-1.17464e-05
-1.27041e-05
-1.32887e-05
-1.34664e-05
-1.32321e-05
-1.25985e-05
-1.15938e-05
-1.026e-05
-8.65347e-06
-6.84387e-06
-4.91321e-06
-2.95328e-06
-1.06223e-06
6.59875e-07
2.11694e-06
3.22422e-06
3.91727e-06
4.16147e-06
3.96059e-06
3.35933e-06
2.44142e-06
1.3182e-06
-9.21249e-06
-9.09636e-06
-8.92245e-06
-8.6932e-06
-8.41856e-06
-8.11421e-06
-7.7971e-06
-7.48253e-06
-7.18242e-06
-6.90493e-06
-6.6555e-06
-6.43809e-06
-6.2569e-06
-6.11819e-06
-6.03037e-06
-6.0102e-06
-6.07952e-06
-6.26603e-06
-6.62273e-06
-7.19788e-06
-8.01802e-06
-9.14802e-06
-1.04684e-05
-1.16717e-05
-1.25856e-05
-1.31355e-05
-1.32915e-05
-1.30512e-05
-1.24308e-05
-1.14622e-05
-1.01915e-05
-8.67841e-06
-6.99516e-06
-5.22397e-06
-3.45404e-06
-1.77706e-06
-2.81939e-07
9.51546e-07
1.85959e-06
2.40115e-06
2.56344e-06
2.36469e-06
1.8525e-06
1.09738e-06
1.83227e-07
-8.79804e-06
-8.71138e-06
-8.57909e-06
-8.40086e-06
-8.18142e-06
-7.93075e-06
-7.66158e-06
-7.38682e-06
-7.118e-06
-6.86433e-06
-6.63314e-06
-6.43036e-06
-6.26199e-06
-6.13589e-06
-6.06114e-06
-6.055e-06
-6.13883e-06
-6.33775e-06
-6.70368e-06
-7.27885e-06
-8.08057e-06
-9.17446e-06
-1.04395e-05
-1.15839e-05
-1.24448e-05
-1.29555e-05
-1.30888e-05
-1.28459e-05
-1.22468e-05
-1.1327e-05
-1.01359e-05
-8.73546e-06
-7.19814e-06
-5.60374e-06
-4.03558e-06
-2.57571e-06
-1.29937e-06
-2.69443e-07
4.68873e-07
8.92141e-07
1.00077e-06
8.18187e-07
3.88456e-07
-2.32086e-07
-9.80686e-07
-8.3632e-06
-8.3037e-06
-8.20798e-06
-8.07477e-06
-7.90586e-06
-7.70715e-06
-7.48758e-06
-7.25735e-06
-7.02668e-06
-6.80477e-06
-6.5999e-06
-6.41939e-06
-6.27071e-06
-6.1631e-06
-6.10629e-06
-6.118e-06
-6.2188e-06
-6.43124e-06
-6.80615e-06
-7.37667e-06
-8.15273e-06
-9.20403e-06
-1.04027e-05
-1.14754e-05
-1.22767e-05
-1.27448e-05
-1.28562e-05
-1.26165e-05
-1.20494e-05
-1.11933e-05
-1.00999e-05
-8.83127e-06
-7.45764e-06
-6.05347e-06
-4.69343e-06
-3.44771e-06
-2.37723e-06
-1.52931e-06
-9.34305e-07
-6.0386e-07
-5.30906e-07
-6.91732e-07
-1.04922e-06
-1.55944e-06
-2.1757e-06
-7.90419e-06
-7.87061e-06
-7.80811e-06
-7.71534e-06
-7.59264e-06
-7.44331e-06
-7.27332e-06
-7.09035e-06
-6.9029e-06
-6.71942e-06
-6.54838e-06
-6.39775e-06
-6.27603e-06
-6.19336e-06
-6.16002e-06
-6.19396e-06
-6.31418e-06
-6.54168e-06
-6.92494e-06
-7.48316e-06
-8.22885e-06
-9.22948e-06
-1.03512e-05
-1.13413e-05
-1.20766e-05
-1.25005e-05
-1.25937e-05
-1.23658e-05
-1.18438e-05
-1.10681e-05
-1.00906e-05
-8.9714e-06
-7.7758e-06
-6.57037e-06
-5.41914e-06
-4.3797e-06
-3.49948e-06
-2.81281e-06
-2.33922e-06
-2.08323e-06
-2.03544e-06
-2.17495e-06
-2.47243e-06
-2.89338e-06
-3.40353e-06
-7.41794e-06
-7.4096e-06
-7.37812e-06
-7.3224e-06
-7.24226e-06
-7.13947e-06
-7.01795e-06
-6.88325e-06
-6.74224e-06
-6.60224e-06
-6.47126e-06
-6.3573e-06
-6.26937e-06
-6.21791e-06
-6.21349e-06
-6.27396e-06
-6.41543e-06
-6.66052e-06
-7.04905e-06
-7.58837e-06
-8.30271e-06
-9.24168e-06
-1.02725e-05
-1.11747e-05
-1.184e-05
-1.22214e-05
-1.23034e-05
-1.20989e-05
-1.16372e-05
-1.09591e-05
-1.01145e-05
-9.15907e-06
-8.15109e-06
-7.14736e-06
-6.20044e-06
-5.35581e-06
-4.64935e-06
-4.10542e-06
-3.73629e-06
-3.54275e-06
-3.5156e-06
-3.63776e-06
-3.88684e-06
-4.23788e-06
-4.66417e-06
-6.90122e-06
-6.91787e-06
-6.91598e-06
-6.89487e-06
-6.8543e-06
-6.79532e-06
-6.72061e-06
-6.6338e-06
-6.54075e-06
-6.44749e-06
-6.36111e-06
-6.28916e-06
-6.24049e-06
-6.22554e-06
-6.25476e-06
-6.34481e-06
-6.51019e-06
-6.77167e-06
-7.16369e-06
-7.68747e-06
-8.36189e-06
-9.22371e-06
-1.01565e-05
-1.0967e-05
-1.15644e-05
-1.1909e-05
-1.19903e-05
-1.18234e-05
-1.14382e-05
-1.08738e-05
-1.01758e-05
-9.39389e-06
-8.57747e-06
-7.77297e-06
-7.02165e-06
-6.35829e-06
-5.80954e-06
-5.39272e-06
-5.11567e-06
-4.97768e-06
-4.97102e-06
-5.0827e-06
-5.29608e-06
-5.59275e-06
-5.95362e-06
-6.35129e-06
-6.39279e-06
-6.41947e-06
-6.43103e-06
-6.42742e-06
-6.40938e-06
-6.37881e-06
-6.33919e-06
-6.29423e-06
-6.24906e-06
-6.20987e-06
-6.18348e-06
-6.17793e-06
-6.20293e-06
-6.26862e-06
-6.38979e-06
-6.58031e-06
-6.85554e-06
-7.24504e-06
-7.75169e-06
-8.38398e-06
-9.16262e-06
-9.99592e-06
-1.07163e-05
-1.12507e-05
-1.15681e-05
-1.16617e-05
-1.15478e-05
-1.12546e-05
-1.08173e-05
-1.02755e-05
-9.67092e-06
-9.04422e-06
-8.43167e-06
-7.86437e-06
-7.36809e-06
-6.96254e-06
-6.66034e-06
-6.4669e-06
-6.38132e-06
-6.39783e-06
-6.50706e-06
-6.69718e-06
-6.95509e-06
-7.26705e-06
-5.76605e-06
-5.83224e-06
-5.88657e-06
-5.92918e-06
-5.96032e-06
-5.98077e-06
-5.99212e-06
-5.99679e-06
-5.9981e-06
-6.00022e-06
-6.00837e-06
-6.02866e-06
-6.06815e-06
-6.13516e-06
-6.23825e-06
-6.39009e-06
-6.60308e-06
-6.89154e-06
-7.27497e-06
-7.75818e-06
-8.34608e-06
-9.04789e-06
-9.78335e-06
-1.04201e-05
-1.09014e-05
-1.12046e-05
-1.1326e-05
-1.12802e-05
-1.10921e-05
-1.07911e-05
-1.04095e-05
-9.98095e-06
-9.53712e-06
-9.10553e-06
-8.70895e-06
-8.36607e-06
-8.09138e-06
-7.89436e-06
-7.7792e-06
-7.74556e-06
-7.78966e-06
-7.90526e-06
-8.08439e-06
-8.31805e-06
-8.5966e-06
-5.14486e-06
-5.23506e-06
-5.31581e-06
-5.38758e-06
-5.45095e-06
-5.50684e-06
-5.55666e-06
-5.60247e-06
-5.64703e-06
-5.69378e-06
-5.74709e-06
-5.81213e-06
-5.89485e-06
-6.00289e-06
-6.14343e-06
-6.3258e-06
-6.55682e-06
-6.85456e-06
-7.23017e-06
-7.68861e-06
-8.232e-06
-8.86109e-06
-9.50909e-06
-1.00758e-05
-1.05194e-05
-1.08245e-05
-1.09891e-05
-1.1025e-05
-1.09512e-05
-1.07905e-05
-1.05683e-05
-1.031e-05
-1.00391e-05
-9.77573e-06
-9.53645e-06
-9.3348e-06
-9.18131e-06
-9.0831e-06
-9.04375e-06
-9.06374e-06
-9.14115e-06
-9.27224e-06
-9.45197e-06
-9.67446e-06
-9.93323e-06
-4.49091e-06
-4.60323e-06
-4.70815e-06
-4.80631e-06
-4.8986e-06
-4.9861e-06
-5.07022e-06
-5.15276e-06
-5.23607e-06
-5.323e-06
-5.41704e-06
-5.52238e-06
-5.64367e-06
-5.78684e-06
-5.95842e-06
-6.16368e-06
-6.41744e-06
-6.72205e-06
-7.08924e-06
-7.52319e-06
-8.02454e-06
-8.59058e-06
-9.16896e-06
-9.68477e-06
-1.01086e-05
-1.04313e-05
-1.0652e-05
-1.07782e-05
-1.08224e-05
-1.08009e-05
-1.07323e-05
-1.0635e-05
-1.05253e-05
-1.04174e-05
-1.03235e-05
-1.02534e-05
-1.02146e-05
-1.02122e-05
-1.02496e-05
-1.0328e-05
-1.04468e-05
-1.06043e-05
-1.07974e-05
-1.10225e-05
-1.12754e-05
-3.81939e-06
-3.95063e-06
-4.07603e-06
-4.19649e-06
-4.31316e-06
-4.42727e-06
-4.54024e-06
-4.6537e-06
-4.76965e-06
-4.8905e-06
-5.01912e-06
-5.15887e-06
-5.31362e-06
-5.48742e-06
-5.68472e-06
-5.91169e-06
-6.1739e-06
-6.48127e-06
-6.83811e-06
-7.24836e-06
-7.71404e-06
-8.23295e-06
-8.7646e-06
-9.25168e-06
-9.67335e-06
-1.00262e-05
-1.03104e-05
-1.0529e-05
-1.06887e-05
-1.08003e-05
-1.08761e-05
-1.0928e-05
-1.09668e-05
-1.10024e-05
-1.10436e-05
-1.10973e-05
-1.11684e-05
-1.12608e-05
-1.13777e-05
-1.15206e-05
-1.16902e-05
-1.18857e-05
-1.21056e-05
-1.23482e-05
-1.2611e-05
-3.17526e-06
-3.32031e-06
-3.46119e-06
-3.5987e-06
-3.73405e-06
-3.86855e-06
-4.00356e-06
-4.14061e-06
-4.28143e-06
-4.42799e-06
-4.58272e-06
-4.74838e-06
-4.9283e-06
-5.12728e-06
-5.34944e-06
-5.59922e-06
-5.86418e-06
-6.17234e-06
-6.52277e-06
-6.91758e-06
-7.35969e-06
-7.84897e-06
-8.35434e-06
-8.83186e-06
-9.26764e-06
-9.6596e-06
-1.00061e-05
-1.03075e-05
-1.05675e-05
-1.07923e-05
-1.0989e-05
-1.1165e-05
-1.13277e-05
-1.1484e-05
-1.16394e-05
-1.17983e-05
-1.19642e-05
-1.21407e-05
-1.23304e-05
-1.2535e-05
-1.27554e-05
-1.29917e-05
-1.32434e-05
-1.35097e-05
-1.37895e-05
-2.64649e-06
-2.799e-06
-2.94882e-06
-3.0967e-06
-3.24375e-06
-3.39122e-06
-3.54041e-06
-3.69271e-06
-3.84963e-06
-4.01294e-06
-4.18458e-06
-4.36675e-06
-4.56199e-06
-4.77184e-06
-4.99953e-06
-5.2503e-06
-5.54657e-06
-5.86603e-06
-6.2157e-06
-6.60423e-06
-7.03547e-06
-7.51124e-06
-8.00706e-06
-8.48675e-06
-8.93942e-06
-9.36307e-06
-9.75566e-06
-1.01169e-05
-1.04486e-05
-1.07538e-05
-1.10369e-05
-1.1303e-05
-1.15569e-05
-1.18025e-05
-1.20434e-05
-1.22829e-05
-1.25241e-05
-1.27696e-05
-1.30214e-05
-1.32808e-05
-1.35486e-05
-1.38253e-05
-1.41109e-05
-1.44054e-05
-1.47081e-05
-2.24617e-06
-2.40382e-06
-2.55993e-06
-2.71525e-06
-2.87086e-06
-3.02791e-06
-3.18765e-06
-3.35134e-06
-3.52037e-06
-3.69632e-06
-3.88088e-06
-4.07609e-06
-4.28438e-06
-4.50841e-06
-4.75165e-06
-5.01864e-06
-5.3129e-06
-5.63202e-06
-5.98112e-06
-6.36632e-06
-6.79131e-06
-7.25925e-06
-7.7503e-06
-8.23304e-06
-8.69728e-06
-9.14127e-06
-9.56346e-06
-9.96331e-06
-1.03415e-05
-1.07002e-05
-1.1042e-05
-1.137e-05
-1.16869e-05
-1.19953e-05
-1.22979e-05
-1.25973e-05
-1.28956e-05
-1.31944e-05
-1.3495e-05
-1.37984e-05
-1.41056e-05
-1.4417e-05
-1.4733e-05
-1.50534e-05
-1.53781e-05
-1.94961e-06
-2.11143e-06
-2.27261e-06
-2.43397e-06
-2.59655e-06
-2.76143e-06
-2.92975e-06
-3.10271e-06
-3.2816e-06
-3.46788e-06
-3.66319e-06
-3.86945e-06
-4.08868e-06
-4.32318e-06
-4.57608e-06
-4.84913e-06
-5.14524e-06
-5.46641e-06
-5.81696e-06
-6.20098e-06
-6.62217e-06
-7.08439e-06
-7.57076e-06
-8.05326e-06
-8.52267e-06
-8.97769e-06
-9.41713e-06
-9.84054e-06
-1.02484e-05
-1.06419e-05
-1.10225e-05
-1.1392e-05
-1.1752e-05
-1.21047e-05
-1.24517e-05
-1.27946e-05
-1.31346e-05
-1.34729e-05
-1.38104e-05
-1.4148e-05
-1.44863e-05
-1.48258e-05
-1.51667e-05
-1.55089e-05
-1.58524e-05
-1.73223e-06
-1.89841e-06
-2.0647e-06
-2.23193e-06
-2.4011e-06
-2.57323e-06
-2.74938e-06
-2.93067e-06
-3.11832e-06
-3.31368e-06
-3.51823e-06
-3.7336e-06
-3.96158e-06
-4.20424e-06
-4.46375e-06
-4.74238e-06
-5.04235e-06
-5.36659e-06
-5.71836e-06
-6.10104e-06
-6.51831e-06
-6.97399e-06
-7.45335e-06
-7.93161e-06
-8.4007e-06
-8.85961e-06
-9.30753e-06
-9.74413e-06
-1.01696e-05
-1.05846e-05
-1.09899e-05
-1.13866e-05
-1.17759e-05
-1.2159e-05
-1.25368e-05
-1.29101e-05
-1.32799e-05
-1.36469e-05
-1.40119e-05
-1.43754e-05
-1.47377e-05
-1.50992e-05
-1.54599e-05
-1.58197e-05
-1.61787e-05
-1.57728e-06
-1.74834e-06
-1.92006e-06
-2.09327e-06
-2.26894e-06
-2.44803e-06
-2.63155e-06
-2.82053e-06
-3.0161e-06
-3.21949e-06
-3.43207e-06
-3.65531e-06
-3.89082e-06
-4.14035e-06
-4.40573e-06
-4.68906e-06
-4.99274e-06
-5.31917e-06
-5.67107e-06
-6.0515e-06
-6.46384e-06
-6.91152e-06
-7.38165e-06
-7.85262e-06
-8.31746e-06
-8.77539e-06
-9.22579e-06
-9.66837e-06
-1.01032e-05
-1.05305e-05
-1.09509e-05
-1.13649e-05
-1.17732e-05
-1.21762e-05
-1.25746e-05
-1.2969e-05
-1.33598e-05
-1.37475e-05
-1.41326e-05
-1.45153e-05
-1.48957e-05
-1.5274e-05
-1.56502e-05
-1.60241e-05
-1.63957e-05
-1.47038e-06
-1.64665e-06
-1.82394e-06
-2.00313e-06
-2.18512e-06
-2.37084e-06
-2.56122e-06
-2.75724e-06
-2.95995e-06
-3.17049e-06
-3.39018e-06
-3.62027e-06
-3.86215e-06
-4.11737e-06
-4.38769e-06
-4.67502e-06
-4.98136e-06
-5.30882e-06
-5.65984e-06
-6.03709e-06
-6.44352e-06
-6.88213e-06
-7.34165e-06
-7.80347e-06
-8.2616e-06
-8.71539e-06
-9.16428e-06
-9.60805e-06
-1.00467e-05
-1.04803e-05
-1.09091e-05
-1.13333e-05
-1.17532e-05
-1.2169e-05
-1.2581e-05
-1.29897e-05
-1.33951e-05
-1.37976e-05
-1.41972e-05
-1.45939e-05
-1.49879e-05
-1.53791e-05
-1.57673e-05
-1.61523e-05
-1.6534e-05
-1.39899e-06
-1.58053e-06
-1.76335e-06
-1.94832e-06
-2.13631e-06
-2.32821e-06
-2.52489e-06
-2.72728e-06
-2.93638e-06
-3.15324e-06
-3.37907e-06
-3.61487e-06
-3.86218e-06
-4.12212e-06
-4.39646e-06
-4.68677e-06
-4.99479e-06
-5.32239e-06
-5.67174e-06
-6.04507e-06
-6.44498e-06
-6.87398e-06
-7.3223e-06
-7.77406e-06
-8.22412e-06
-8.67186e-06
-9.11682e-06
-9.5588e-06
-9.99774e-06
-1.04336e-05
-1.08663e-05
-1.1296e-05
-1.17227e-05
-1.21465e-05
-1.25675e-05
-1.29858e-05
-1.34013e-05
-1.38141e-05
-1.42241e-05
-1.46312e-05
-1.50354e-05
-1.54364e-05
-1.5834e-05
-1.62279e-05
-1.66178e-05
-1.35288e-06
-1.53954e-06
-1.72763e-06
-1.91802e-06
-2.11155e-06
-2.30906e-06
-2.5114e-06
-2.71945e-06
-2.93415e-06
-3.15651e-06
-3.38752e-06
-3.62838e-06
-3.87988e-06
-4.14372e-06
-4.42118e-06
-4.71359e-06
-5.02252e-06
-5.3496e-06
-5.69669e-06
-6.06567e-06
-6.4588e-06
-6.87815e-06
-7.31527e-06
-7.75677e-06
-8.19823e-06
-8.63902e-06
-9.07876e-06
-9.51727e-06
-9.95441e-06
-1.039e-05
-1.0824e-05
-1.12563e-05
-1.16869e-05
-1.21155e-05
-1.25422e-05
-1.29669e-05
-1.33893e-05
-1.38095e-05
-1.42271e-05
-1.4642e-05
-1.50539e-05
-1.54626e-05
-1.58677e-05
-1.62688e-05
-1.66656e-05
-1.32405e-06
-1.51549e-06
-1.70844e-06
-1.90377e-06
-2.10227e-06
-2.30477e-06
-2.51207e-06
-2.72504e-06
-2.94458e-06
-3.17158e-06
-3.40695e-06
-3.65178e-06
-3.907e-06
-4.17396e-06
-4.45377e-06
-4.74762e-06
-5.05689e-06
-5.38298e-06
-5.72748e-06
-6.09197e-06
-6.4784e-06
-6.88843e-06
-7.31482e-06
-7.74639e-06
-8.17929e-06
-8.61292e-06
-9.04697e-06
-9.48123e-06
-9.91552e-06
-1.03496e-05
-1.07834e-05
-1.12166e-05
-1.1649e-05
-1.20806e-05
-1.25109e-05
-1.29399e-05
-1.33673e-05
-1.37928e-05
-1.42161e-05
-1.4637e-05
-1.5055e-05
-1.54698e-05
-1.58809e-05
-1.62881e-05
-1.66908e-05
-1.30649e-06
-1.50227e-06
-1.69959e-06
-1.8993e-06
-2.10218e-06
-2.30902e-06
-2.52063e-06
-2.73783e-06
-2.96146e-06
-3.19236e-06
-3.43149e-06
-3.67971e-06
-3.93786e-06
-4.20726e-06
-4.48884e-06
-4.78364e-06
-5.09286e-06
-5.41769e-06
-5.7595e-06
-6.11958e-06
-6.49963e-06
-6.90091e-06
-7.31732e-06
-7.73959e-06
-8.16437e-06
-8.59109e-06
-9.01947e-06
-9.4493e-06
-9.88035e-06
-1.03124e-05
-1.07451e-05
-1.11782e-05
-1.16115e-05
-1.20447e-05
-1.24775e-05
-1.29095e-05
-1.33405e-05
-1.37701e-05
-1.41978e-05
-1.46234e-05
-1.50463e-05
-1.54661e-05
-1.58825e-05
-1.62948e-05
-1.67026e-05
-1.29594e-06
-1.49557e-06
-1.69674e-06
-1.90028e-06
-2.10697e-06
-2.31757e-06
-2.53287e-06
-2.75368e-06
-2.98078e-06
-3.21495e-06
-3.45726e-06
-3.70839e-06
-3.96882e-06
-4.24016e-06
-4.5231e-06
-4.81852e-06
-5.12745e-06
-5.45092e-06
-5.79008e-06
-6.146e-06
-6.52012e-06
-6.91337e-06
-7.32067e-06
-7.73444e-06
-8.15174e-06
-8.57203e-06
-8.99508e-06
-9.42064e-06
-9.84842e-06
-1.02781e-05
-1.07095e-05
-1.11421e-05
-1.15757e-05
-1.20099e-05
-1.24443e-05
-1.28786e-05
-1.33124e-05
-1.37451e-05
-1.41765e-05
-1.46059e-05
-1.50329e-05
-1.54571e-05
-1.58778e-05
-1.62946e-05
-1.67069e-05
-1.28955e-06
-1.49255e-06
-1.69708e-06
-1.90394e-06
-2.11391e-06
-2.32773e-06
-2.5462e-06
-2.77008e-06
-3.00011e-06
-3.23703e-06
-3.48222e-06
-3.73556e-06
-3.99785e-06
-4.27082e-06
-4.55481e-06
-4.85062e-06
-5.15915e-06
-5.48125e-06
-5.81791e-06
-6.16998e-06
-6.53869e-06
-6.92466e-06
-7.32377e-06
-7.72988e-06
-8.14041e-06
-8.55489e-06
-8.97307e-06
-9.39467e-06
-9.81938e-06
-1.02469e-05
-1.06768e-05
-1.11087e-05
-1.15423e-05
-1.19772e-05
-1.24129e-05
-1.28489e-05
-1.32849e-05
-1.37203e-05
-1.41546e-05
-1.45873e-05
-1.50179e-05
-1.54458e-05
-1.58704e-05
-1.62912e-05
-1.67076e-05
-1.28553e-06
-1.49146e-06
-1.69889e-06
-1.90861e-06
-2.12139e-06
-2.33799e-06
-2.55916e-06
-2.78566e-06
-3.01819e-06
-3.25757e-06
-3.50513e-06
-3.76011e-06
-4.02408e-06
-4.29841e-06
-4.58323e-06
-4.87927e-06
-5.18734e-06
-5.50814e-06
-5.84249e-06
-6.19107e-06
-6.55489e-06
-6.93435e-06
-7.32614e-06
-7.7254e-06
-8.1299e-06
-8.53918e-06
-8.953e-06
-9.37103e-06
-9.79295e-06
-1.02184e-05
-1.06469e-05
-1.10782e-05
-1.15117e-05
-1.1947e-05
-1.23837e-05
-1.28213e-05
-1.32591e-05
-1.36968e-05
-1.41337e-05
-1.45693e-05
-1.5003e-05
-1.54342e-05
-1.58622e-05
-1.62866e-05
-1.67065e-05
-1.28282e-06
-1.49128e-06
-1.7012e-06
-1.91338e-06
-2.12858e-06
-2.34755e-06
-2.57105e-06
-2.79979e-06
-3.03448e-06
-3.27609e-06
-3.5253e-06
-3.78182e-06
-4.04731e-06
-4.32272e-06
-4.60819e-06
-4.90439e-06
-5.21198e-06
-5.53157e-06
-5.86382e-06
-6.20925e-06
-6.5687e-06
-6.94236e-06
-7.32765e-06
-7.72082e-06
-8.11997e-06
-8.52465e-06
-8.9346e-06
-9.34947e-06
-9.7689e-06
-1.01925e-05
-1.06198e-05
-1.10504e-05
-1.14839e-05
-1.19196e-05
-1.23572e-05
-1.2796e-05
-1.32355e-05
-1.36752e-05
-1.41144e-05
-1.45525e-05
-1.4989e-05
-1.54231e-05
-1.58543e-05
-1.62818e-05
-1.67051e-05
-1.28081e-06
-1.49145e-06
-1.70352e-06
-1.91781e-06
-2.13508e-06
-2.35609e-06
-2.58158e-06
-2.81225e-06
-3.04882e-06
-3.29233e-06
-3.54281e-06
-3.80079e-06
-4.06757e-06
-4.34385e-06
-4.62986e-06
-4.92615e-06
-5.23328e-06
-5.55176e-06
-5.88212e-06
-6.22474e-06
-6.58029e-06
-6.9488e-06
-7.32832e-06
-7.71612e-06
-8.11055e-06
-8.51118e-06
-8.91773e-06
-9.32982e-06
-9.74707e-06
-1.01691e-05
-1.05953e-05
-1.10254e-05
-1.14587e-05
-1.18949e-05
-1.23332e-05
-1.27732e-05
-1.32142e-05
-1.36556e-05
-1.40969e-05
-1.45374e-05
-1.49763e-05
-1.54131e-05
-1.5847e-05
-1.62774e-05
-1.67036e-05
-1.2792e-06
-1.49171e-06
-1.70561e-06
-1.92171e-06
-2.14076e-06
-2.36351e-06
-2.5907e-06
-2.82303e-06
-3.0612e-06
-3.30623e-06
-3.55795e-06
-3.81718e-06
-4.08503e-06
-4.36204e-06
-4.64848e-06
-4.94481e-06
-5.25152e-06
-5.56899e-06
-5.89767e-06
-6.2378e-06
-6.58991e-06
-6.95387e-06
-7.3283e-06
-7.71137e-06
-8.10166e-06
-8.49875e-06
-8.90232e-06
-9.312e-06
-9.72735e-06
-1.0148e-05
-1.05733e-05
-1.10029e-05
-1.14362e-05
-1.18727e-05
-1.23118e-05
-1.27528e-05
-1.31952e-05
-1.36382e-05
-1.40814e-05
-1.45239e-05
-1.4965e-05
-1.54042e-05
-1.58406e-05
-1.62736e-05
-1.67025e-05
-1.27781e-06
-1.49194e-06
-1.70743e-06
-1.92509e-06
-2.14566e-06
-2.3699e-06
-2.59855e-06
-2.8323e-06
-3.07185e-06
-3.31814e-06
-3.57102e-06
-3.83128e-06
-4.10004e-06
-4.37769e-06
-4.66449e-06
-4.96084e-06
-5.26715e-06
-5.58372e-06
-5.91089e-06
-6.24881e-06
-6.59789e-06
-6.95782e-06
-7.32771e-06
-7.70659e-06
-8.09324e-06
-8.48722e-06
-8.8882e-06
-9.29577e-06
-9.70949e-06
-1.01289e-05
-1.05535e-05
-1.09827e-05
-1.1416e-05
-1.18529e-05
-1.22926e-05
-1.27346e-05
-1.31782e-05
-1.36227e-05
-1.40675e-05
-1.45119e-05
-1.49551e-05
-1.53964e-05
-1.58351e-05
-1.62704e-05
-1.67017e-05
-1.27649e-06
-1.4921e-06
-1.70905e-06
-1.92813e-06
-2.15009e-06
-2.37569e-06
-2.60565e-06
-2.84069e-06
-3.08149e-06
-3.32894e-06
-3.58287e-06
-3.84408e-06
-4.11362e-06
-4.39187e-06
-4.67899e-06
-4.97535e-06
-5.28127e-06
-5.59698e-06
-5.92274e-06
-6.25859e-06
-6.60483e-06
-6.961e-06
-7.32661e-06
-7.70156e-06
-8.08483e-06
-8.47594e-06
-8.87453e-06
-9.28016e-06
-9.69238e-06
-1.01107e-05
-1.05346e-05
-1.09635e-05
-1.13969e-05
-1.18341e-05
-1.22745e-05
-1.27174e-05
-1.31622e-05
-1.36082e-05
-1.40546e-05
-1.45007e-05
-1.49458e-05
-1.53892e-05
-1.583e-05
-1.62676e-05
-1.67012e-05
-1.27529e-06
-1.49221e-06
-1.71045e-06
-1.93084e-06
-2.15412e-06
-2.38104e-06
-2.61234e-06
-2.84864e-06
-3.09064e-06
-3.33921e-06
-3.59414e-06
-3.85628e-06
-4.12657e-06
-4.40536e-06
-4.69277e-06
-4.9891e-06
-5.29462e-06
-5.60948e-06
-5.93384e-06
-6.26766e-06
-6.61107e-06
-6.96353e-06
-7.32524e-06
-7.69647e-06
-8.07646e-06
-8.46474e-06
-8.86095e-06
-9.26466e-06
-9.67541e-06
-1.00927e-05
-1.0516e-05
-1.09446e-05
-1.1378e-05
-1.18156e-05
-1.22567e-05
-1.27006e-05
-1.31466e-05
-1.3594e-05
-1.40421e-05
-1.449e-05
-1.49371e-05
-1.53825e-05
-1.58254e-05
-1.62652e-05
-1.67009e-05
1.16841e-06
-5.35328e-06
-7.01349e-06
-8.0099e-06
-9.05917e-06
-1.01597e-05
-1.13087e-05
-1.25062e-05
-1.37545e-05
-1.50603e-05
-1.64345e-05
-1.78929e-05
-1.94573e-05
-2.11615e-05
-2.30465e-05
2.42028e-06
-3.16082e-06
-5.70504e-06
-7.31806e-06
-8.68353e-06
-9.9437e-06
-1.11788e-05
-1.24267e-05
-1.37056e-05
-1.50303e-05
-1.64157e-05
-1.78802e-05
-1.94471e-05
-2.11509e-05
-2.30329e-05
3.01829e-06
-1.83899e-06
-4.76614e-06
-6.74283e-06
-8.33834e-06
-9.73782e-06
-1.10547e-05
-1.23514e-05
-1.36601e-05
-1.50028e-05
-1.63989e-05
-1.78689e-05
-1.94375e-05
-2.11402e-05
-2.30184e-05
2.93414e-06
-1.12667e-06
-4.09254e-06
-6.2703e-06
-8.02794e-06
-9.54533e-06
-1.09387e-05
-1.22826e-05
-1.36201e-05
-1.49799e-05
-1.63855e-05
-1.786e-05
-1.94294e-05
-2.113e-05
-2.30035e-05
2.55053e-06
-6.78061e-07
-3.51774e-06
-5.80843e-06
-7.7005e-06
-9.3324e-06
-1.08083e-05
-1.22059e-05
-1.35765e-05
-1.4956e-05
-1.63722e-05
-1.78514e-05
-1.94213e-05
-2.11191e-05
-2.2987e-05
2.12029e-06
-5.12825e-07
-3.08712e-06
-5.37126e-06
-7.34946e-06
-9.08336e-06
-1.06462e-05
-1.21065e-05
-1.35187e-05
-1.49237e-05
-1.63542e-05
-1.78399e-05
-1.94109e-05
-2.11058e-05
-2.29673e-05
1.56153e-06
-5.91147e-07
-2.84873e-06
-5.0194e-06
-7.0098e-06
-8.80937e-06
-1.04487e-05
-1.1975e-05
-1.34363e-05
-1.48742e-05
-1.63246e-05
-1.78206e-05
-1.93947e-05
-2.10874e-05
-2.29421e-05
8.66681e-07
-8.92503e-07
-2.82958e-06
-4.81317e-06
-6.73678e-06
-8.54613e-06
-1.0232e-05
-1.18138e-05
-1.33245e-05
-1.48001e-05
-1.62762e-05
-1.77872e-05
-1.93676e-05
-2.10597e-05
-2.29081e-05
5.76677e-08
-1.38529e-06
-3.027e-06
-4.78856e-06
-6.5826e-06
-8.34151e-06
-1.00298e-05
-1.16414e-05
-1.31902e-05
-1.47013e-05
-1.62049e-05
-1.77343e-05
-1.93242e-05
-2.10178e-05
-2.28607e-05
-8.4537e-07
-2.03555e-06
-3.41925e-06
-4.95446e-06
-6.58137e-06
-8.23936e-06
-9.88301e-06
-1.14886e-05
-1.30529e-05
-1.45874e-05
-1.61139e-05
-1.76611e-05
-1.92613e-05
-2.09572e-05
-2.2795e-05
-1.82701e-06
-2.81419e-06
-3.9786e-06
-5.30127e-06
-6.74667e-06
-8.26982e-06
-9.82793e-06
-1.13897e-05
-1.29397e-05
-1.44772e-05
-1.60143e-05
-1.75726e-05
-1.91799e-05
-2.08763e-05
-2.27072e-05
-2.87676e-06
-3.6997e-06
-4.67995e-06
-5.81186e-06
-7.07754e-06
-8.44841e-06
-9.8912e-06
-1.13753e-05
-1.28798e-05
-1.43949e-05
-1.59237e-05
-1.74805e-05
-1.9086e-05
-2.07792e-05
-2.2595e-05
-3.98782e-06
-4.67716e-06
-5.50364e-06
-6.46879e-06
-7.5661e-06
-8.78039e-06
-1.00899e-05
-1.14701e-05
-1.29002e-05
-1.43661e-05
-1.5864e-05
-1.74012e-05
-1.89921e-05
-2.06702e-05
-2.24626e-05
-5.15476e-06
-5.73535e-06
-6.43418e-06
-7.2563e-06
-8.20173e-06
-9.26472e-06
-1.04337e-05
-1.16926e-05
-1.30248e-05
-1.4416e-05
-1.58587e-05
-1.7355e-05
-1.89132e-05
-2.05583e-05
-2.2317e-05
-6.37046e-06
-6.86396e-06
-7.45825e-06
-8.15994e-06
-8.97249e-06
-9.89601e-06
-1.09265e-05
-1.20558e-05
-1.32733e-05
-1.4568e-05
-1.59321e-05
-1.73638e-05
-1.88681e-05
-2.04595e-05
-2.21629e-05
-7.62741e-06
-8.05288e-06
-8.5636e-06
-9.1663e-06
-9.86592e-06
-1.06657e-05
-1.15666e-05
-1.25665e-05
-1.36607e-05
-1.48428e-05
-1.61075e-05
-1.74514e-05
-1.88775e-05
-2.0393e-05
-2.20158e-05
-8.91641e-06
-9.29116e-06
-9.7375e-06
-1.02616e-05
-1.08686e-05
-1.15628e-05
-1.23478e-05
-1.32251e-05
-1.41951e-05
-1.52557e-05
-1.64048e-05
-1.76407e-05
-1.89634e-05
-2.03804e-05
-2.18965e-05
-1.02264e-05
-1.05655e-05
-1.09641e-05
-1.14279e-05
-1.1962e-05
-1.25708e-05
-1.32571e-05
-1.40241e-05
-1.48751e-05
-1.58127e-05
-1.68369e-05
-1.79489e-05
-1.91477e-05
-2.04391e-05
-2.1825e-05
-1.15558e-05
-1.18731e-05
-1.22382e-05
-1.26551e-05
-1.31284e-05
-1.36712e-05
-1.42756e-05
-1.49462e-05
-1.56884e-05
-1.65072e-05
-1.74041e-05
-1.83822e-05
-1.94419e-05
-2.05851e-05
-2.1817e-05
-1.28945e-05
-1.3207e-05
-1.35575e-05
-1.39497e-05
-1.43859e-05
-1.48606e-05
-1.53885e-05
-1.59731e-05
-1.6617e-05
-1.73235e-05
-1.80954e-05
-1.89355e-05
-1.98463e-05
-2.0828e-05
-2.18825e-05
-1.4084e-05
-1.44003e-05
-1.47444e-05
-1.51181e-05
-1.55232e-05
-1.59626e-05
-1.6448e-05
-1.69723e-05
-1.7539e-05
-1.81526e-05
-1.88163e-05
-1.95326e-05
-2.03038e-05
-2.11301e-05
-2.20127e-05
-1.50209e-05
-1.53497e-05
-1.56995e-05
-1.60724e-05
-1.64701e-05
-1.6895e-05
-1.73411e-05
-1.78193e-05
-1.83299e-05
-1.88742e-05
-1.94545e-05
-2.00726e-05
-2.07302e-05
-2.14279e-05
-2.21656e-05
-1.57089e-05
-1.6051e-05
-1.64082e-05
-1.67816e-05
-1.71721e-05
-1.75801e-05
-1.80053e-05
-1.84524e-05
-1.89222e-05
-1.94156e-05
-1.99339e-05
-2.04788e-05
-2.10516e-05
-2.16529e-05
-2.2283e-05
-1.61989e-05
-1.65527e-05
-1.69167e-05
-1.72914e-05
-1.76774e-05
-1.80755e-05
-1.84865e-05
-1.89118e-05
-1.93522e-05
-1.98084e-05
-2.02817e-05
-2.07731e-05
-2.12837e-05
-2.18141e-05
-2.2365e-05
-1.65383e-05
-1.69021e-05
-1.72725e-05
-1.76495e-05
-1.80338e-05
-1.84259e-05
-1.88266e-05
-1.92362e-05
-1.96552e-05
-2.00845e-05
-2.05249e-05
-2.09773e-05
-2.14424e-05
-2.1921e-05
-2.24138e-05
-1.67661e-05
-1.71385e-05
-1.75145e-05
-1.78943e-05
-1.8278e-05
-1.86665e-05
-1.90597e-05
-1.94579e-05
-1.98616e-05
-2.02714e-05
-2.06879e-05
-2.11117e-05
-2.15437e-05
-2.19845e-05
-2.2435e-05
-1.69134e-05
-1.72929e-05
-1.76739e-05
-1.80568e-05
-1.84406e-05
-1.88269e-05
-1.9215e-05
-1.96052e-05
-1.9998e-05
-2.03938e-05
-2.0793e-05
-2.11962e-05
-2.16041e-05
-2.20176e-05
-2.24371e-05
-1.70046e-05
-1.73902e-05
-1.77755e-05
-1.81604e-05
-1.85462e-05
-1.89315e-05
-1.93164e-05
-1.97014e-05
-2.00867e-05
-2.04725e-05
-2.08593e-05
-2.12476e-05
-2.16381e-05
-2.20314e-05
-2.24283e-05
-1.70587e-05
-1.74497e-05
-1.78392e-05
-1.82273e-05
-1.86142e-05
-1.89992e-05
-1.93825e-05
-1.97641e-05
-2.01443e-05
-2.05232e-05
-2.09011e-05
-2.12786e-05
-2.16562e-05
-2.20347e-05
-2.24144e-05
-1.70894e-05
-1.74852e-05
-1.78788e-05
-1.82698e-05
-1.86583e-05
-1.90438e-05
-1.94264e-05
-1.9806e-05
-2.01827e-05
-2.05568e-05
-2.09283e-05
-2.12978e-05
-2.16658e-05
-2.20328e-05
-2.23994e-05
-1.71061e-05
-1.75062e-05
-1.79034e-05
-1.82973e-05
-1.86877e-05
-1.90742e-05
-1.94567e-05
-1.98353e-05
-2.02098e-05
-2.05804e-05
-2.09472e-05
-2.13107e-05
-2.16712e-05
-2.20293e-05
-2.23854e-05
-1.71148e-05
-1.7519e-05
-1.79195e-05
-1.83161e-05
-1.87085e-05
-1.90962e-05
-1.94791e-05
-1.98572e-05
-2.02302e-05
-2.05983e-05
-2.09617e-05
-2.13204e-05
-2.1675e-05
-2.20259e-05
-2.23734e-05
-1.71194e-05
-1.75272e-05
-1.79308e-05
-1.833e-05
-1.87244e-05
-1.91134e-05
-1.9497e-05
-1.98748e-05
-2.02469e-05
-2.06132e-05
-2.09738e-05
-2.13287e-05
-2.16785e-05
-2.20233e-05
-2.23637e-05
-1.7122e-05
-1.75331e-05
-1.79396e-05
-1.83411e-05
-1.87374e-05
-1.91278e-05
-1.95121e-05
-1.989e-05
-2.02615e-05
-2.06263e-05
-2.09846e-05
-2.13365e-05
-2.16822e-05
-2.20219e-05
-2.23562e-05
-1.71237e-05
-1.75378e-05
-1.79469e-05
-1.83507e-05
-1.87489e-05
-1.91405e-05
-1.95255e-05
-1.99036e-05
-2.02746e-05
-2.06384e-05
-2.09948e-05
-2.13441e-05
-2.16862e-05
-2.20216e-05
-2.23505e-05
-1.71252e-05
-1.7542e-05
-1.79534e-05
-1.83595e-05
-1.87592e-05
-1.9152e-05
-1.95378e-05
-1.99162e-05
-2.02868e-05
-2.06496e-05
-2.10045e-05
-2.13515e-05
-2.16907e-05
-2.20222e-05
-2.23464e-05
-1.71267e-05
-1.7546e-05
-1.79595e-05
-1.83675e-05
-1.87687e-05
-1.91626e-05
-1.95491e-05
-1.99277e-05
-2.02981e-05
-2.06602e-05
-2.10137e-05
-2.13587e-05
-2.16953e-05
-2.20235e-05
-2.23435e-05
-1.71283e-05
-1.75497e-05
-1.79652e-05
-1.8375e-05
-1.87775e-05
-1.91725e-05
-1.95596e-05
-1.99385e-05
-2.03087e-05
-2.06701e-05
-2.10225e-05
-2.13658e-05
-2.17e-05
-2.20253e-05
-2.23416e-05
-1.71301e-05
-1.75536e-05
-1.7971e-05
-1.83823e-05
-1.87862e-05
-1.91822e-05
-1.95699e-05
-1.99491e-05
-2.03192e-05
-2.068e-05
-2.10313e-05
-2.1373e-05
-2.17051e-05
-2.20276e-05
-2.23405e-05
-1.7132e-05
-1.75577e-05
-1.7977e-05
-1.83899e-05
-1.8795e-05
-1.9192e-05
-1.95804e-05
-1.99598e-05
-2.03298e-05
-2.069e-05
-2.10403e-05
-2.13804e-05
-2.17103e-05
-2.20302e-05
-2.23399e-05
-7.8571e-06
-7.85622e-06
-7.86452e-06
-7.88079e-06
-7.90424e-06
-7.93434e-06
-7.97098e-06
-8.01327e-06
-8.06138e-06
-8.11538e-06
-8.17535e-06
-8.24137e-06
-8.31348e-06
-8.39162e-06
-8.47566e-06
-8.56531e-06
-8.66008e-06
-8.75914e-06
-8.86118e-06
-8.96423e-06
-9.0656e-06
-9.16169e-06
-9.24531e-06
-9.30773e-06
-9.34231e-06
-9.34308e-06
-9.30472e-06
-9.22356e-06
-9.09883e-06
-8.93341e-06
-8.72892e-06
-8.49141e-06
-8.23859e-06
-7.98778e-06
-7.75601e-06
-7.55892e-06
-7.41047e-06
-7.31966e-06
-7.28794e-06
-7.30875e-06
-7.36835e-06
-7.4484e-06
-7.53079e-06
-7.59125e-06
-7.61702e-06
-7.84607e-06
-7.8457e-06
-7.85254e-06
-7.86555e-06
-7.88398e-06
-7.90775e-06
-7.93657e-06
-7.97096e-06
-8.01075e-06
-8.05597e-06
-8.10676e-06
-8.1633e-06
-8.22577e-06
-8.29435e-06
-8.36913e-06
-8.4501e-06
-8.53706e-06
-8.62961e-06
-8.7269e-06
-8.82743e-06
-8.92883e-06
-9.02746e-06
-9.11513e-06
-9.18261e-06
-9.2236e-06
-9.23265e-06
-9.20498e-06
-9.13741e-06
-9.02883e-06
-8.88048e-06
-8.697e-06
-8.4904e-06
-8.27276e-06
-8.05601e-06
-7.85538e-06
-7.6869e-06
-7.56248e-06
-7.48806e-06
-7.46276e-06
-7.47923e-06
-7.52508e-06
-7.58561e-06
-7.64662e-06
-7.69677e-06
-7.72918e-06
-7.81725e-06
-7.81904e-06
-7.8264e-06
-7.83866e-06
-7.85559e-06
-7.87706e-06
-7.90305e-06
-7.93374e-06
-7.96932e-06
-8.00996e-06
-8.05592e-06
-8.10746e-06
-8.16493e-06
-8.22868e-06
-8.29913e-06
-8.37669e-06
-8.4618e-06
-8.55484e-06
-8.65603e-06
-8.76521e-06
-8.88158e-06
-9.0029e-06
-9.12021e-06
-9.22143e-06
-9.29768e-06
-9.34102e-06
-9.34426e-06
-9.30221e-06
-9.21253e-06
-9.0762e-06
-8.89758e-06
-8.68735e-06
-8.45916e-06
-8.22877e-06
-8.01337e-06
-7.82945e-06
-7.69014e-06
-7.60291e-06
-7.56821e-06
-7.57951e-06
-7.62483e-06
-7.6893e-06
-7.75825e-06
-7.82219e-06
-7.87968e-06
-7.7767e-06
-7.78146e-06
-7.78975e-06
-7.80167e-06
-7.81734e-06
-7.83679e-06
-7.86017e-06
-7.88771e-06
-7.91971e-06
-7.95651e-06
-7.9985e-06
-8.04615e-06
-8.10003e-06
-8.16082e-06
-8.22936e-06
-8.30672e-06
-8.39421e-06
-8.49346e-06
-8.60637e-06
-8.73496e-06
-8.88097e-06
-9.04449e-06
-9.21497e-06
-9.3746e-06
-9.5095e-06
-9.60725e-06
-9.65651e-06
-9.64972e-06
-9.58348e-06
-9.45875e-06
-9.28094e-06
-9.05991e-06
-8.81059e-06
-8.55075e-06
-8.30005e-06
-8.07799e-06
-7.90122e-06
-7.7809e-06
-7.72063e-06
-7.71599e-06
-7.75564e-06
-7.8237e-06
-7.90331e-06
-7.98414e-06
-8.06654e-06
-7.72956e-06
-7.73728e-06
-7.7468e-06
-7.75879e-06
-7.77368e-06
-7.79166e-06
-7.81299e-06
-7.83803e-06
-7.8672e-06
-7.90097e-06
-7.93993e-06
-7.98476e-06
-8.0363e-06
-8.09565e-06
-8.1642e-06
-8.24383e-06
-8.33704e-06
-8.44712e-06
-8.57826e-06
-8.73545e-06
-8.92395e-06
-9.14717e-06
-9.39223e-06
-9.63247e-06
-9.84645e-06
-1.00154e-05
-1.0123e-05
-1.01609e-05
-1.01256e-05
-1.00176e-05
-9.841e-06
-9.60686e-06
-9.32984e-06
-9.02927e-06
-8.72749e-06
-8.44796e-06
-8.21245e-06
-8.03788e-06
-7.93324e-06
-7.89791e-06
-7.92196e-06
-7.98822e-06
-8.07659e-06
-8.17445e-06
-8.2825e-06
-7.6794e-06
-7.6898e-06
-7.70058e-06
-7.71282e-06
-7.72725e-06
-7.74418e-06
-7.76396e-06
-7.78706e-06
-7.81404e-06
-7.84553e-06
-7.88227e-06
-7.92518e-06
-7.97542e-06
-8.03452e-06
-8.10454e-06
-8.18829e-06
-8.28964e-06
-8.41387e-06
-8.56792e-06
-8.76037e-06
-9.00073e-06
-9.29652e-06
-9.63186e-06
-9.96793e-06
-1.02732e-05
-1.05216e-05
-1.06967e-05
-1.07886e-05
-1.07919e-05
-1.07083e-05
-1.05378e-05
-1.02919e-05
-9.98595e-06
-9.64018e-06
-9.279e-06
-8.92976e-06
-8.6201e-06
-8.37412e-06
-8.2081e-06
-8.12714e-06
-8.12406e-06
-8.18088e-06
-8.27386e-06
-8.38739e-06
-8.52197e-06
-7.62894e-06
-7.64171e-06
-7.6536e-06
-7.6661e-06
-7.68022e-06
-7.69632e-06
-7.71484e-06
-7.73635e-06
-7.76152e-06
-7.79114e-06
-7.82611e-06
-7.86759e-06
-7.91706e-06
-7.9765e-06
-8.04864e-06
-8.1373e-06
-8.24784e-06
-8.38767e-06
-8.56679e-06
-8.79778e-06
-9.09477e-06
-9.46975e-06
-9.90331e-06
-1.03416e-05
-1.07417e-05
-1.1077e-05
-1.13301e-05
-1.14846e-05
-1.15302e-05
-1.14672e-05
-1.13048e-05
-1.10514e-05
-1.07212e-05
-1.03336e-05
-9.9142e-06
-9.49316e-06
-9.10349e-06
-8.77674e-06
-8.53764e-06
-8.3987e-06
-8.35731e-06
-8.39598e-06
-8.48788e-06
-8.61432e-06
-8.77538e-06
-7.5802e-06
-7.59492e-06
-7.60776e-06
-7.62051e-06
-7.63437e-06
-7.64974e-06
-7.66713e-06
-7.6872e-06
-7.71072e-06
-7.7386e-06
-7.77192e-06
-7.81204e-06
-7.86076e-06
-7.92048e-06
-7.99461e-06
-8.08796e-06
-8.20737e-06
-8.36247e-06
-8.56641e-06
-8.83597e-06
-9.19014e-06
-9.64538e-06
-1.01791e-05
-1.07216e-05
-1.122e-05
-1.16417e-05
-1.19624e-05
-1.21676e-05
-1.22523e-05
-1.2216e-05
-1.20662e-05
-1.18113e-05
-1.14643e-05
-1.1044e-05
-1.05754e-05
-1.00901e-05
-9.62493e-06
-9.21776e-06
-8.90173e-06
-8.69779e-06
-8.60965e-06
-8.62222e-06
-8.70688e-06
-8.84248e-06
-9.02858e-06
-7.53451e-06
-7.55086e-06
-7.56451e-06
-7.57745e-06
-7.59104e-06
-7.60569e-06
-7.62196e-06
-7.64058e-06
-7.66242e-06
-7.68847e-06
-7.71996e-06
-7.75845e-06
-7.806e-06
-7.86544e-06
-7.94079e-06
-8.0378e-06
-8.16474e-06
-8.33338e-06
-8.56001e-06
-8.86573e-06
-9.27435e-06
-9.80591e-06
-1.04357e-05
-1.10771e-05
-1.16656e-05
-1.21627e-05
-1.25427e-05
-1.27932e-05
-1.29113e-05
-1.2898e-05
-1.27604e-05
-1.25071e-05
-1.21505e-05
-1.17078e-05
-1.1203e-05
-1.06672e-05
-1.01387e-05
-9.65987e-06
-9.27109e-06
-9.00162e-06
-8.86268e-06
-8.84343e-06
-8.91534e-06
-9.05589e-06
-9.26436e-06
-7.49278e-06
-7.51055e-06
-7.52488e-06
-7.53796e-06
-7.55123e-06
-7.56511e-06
-7.58018e-06
-7.59722e-06
-7.61715e-06
-7.64107e-06
-7.67032e-06
-7.70663e-06
-7.75229e-06
-7.81052e-06
-7.88588e-06
-7.98498e-06
-8.11745e-06
-8.29705e-06
-8.54307e-06
-8.88093e-06
-9.33924e-06
-9.93992e-06
-1.06581e-05
-1.1389e-05
-1.20562e-05
-1.26171e-05
-1.30459e-05
-1.3332e-05
-1.34746e-05
-1.34775e-05
-1.33486e-05
-1.30973e-05
-1.27355e-05
-1.22793e-05
-1.17505e-05
-1.11789e-05
-1.06023e-05
-1.00651e-05
-9.6134e-06
-9.28329e-06
-9.09387e-06
-9.04e-06
-9.09506e-06
-9.23655e-06
-9.46401e-06
-7.45562e-06
-7.4747e-06
-7.48965e-06
-7.50282e-06
-7.5157e-06
-7.5287e-06
-7.5424e-06
-7.5576e-06
-7.57529e-06
-7.59662e-06
-7.62304e-06
-7.65642e-06
-7.69926e-06
-7.7551e-06
-7.829e-06
-7.92836e-06
-8.06401e-06
-8.25158e-06
-8.51311e-06
-8.87815e-06
-9.37939e-06
-1.00431e-05
-1.08392e-05
-1.16487e-05
-1.23829e-05
-1.29957e-05
-1.34618e-05
-1.37727e-05
-1.39304e-05
-1.39418e-05
-1.38164e-05
-1.35649e-05
-1.31993e-05
-1.27347e-05
-1.2191e-05
-1.15955e-05
-1.09844e-05
-1.0402e-05
-9.89942e-06
-9.51644e-06
-9.27978e-06
-9.19098e-06
-9.22671e-06
-9.36579e-06
-9.6088e-06
-7.42346e-06
-7.44385e-06
-7.4594e-06
-7.47262e-06
-7.48504e-06
-7.49702e-06
-7.50911e-06
-7.52215e-06
-7.53714e-06
-7.55531e-06
-7.57818e-06
-7.60774e-06
-7.64669e-06
-7.69884e-06
-7.76971e-06
-7.86739e-06
-8.00384e-06
-8.19637e-06
-8.46946e-06
-8.85626e-06
-9.39322e-06
-1.01147e-05
-1.09788e-05
-1.18555e-05
-1.26453e-05
-1.3299e-05
-1.3792e-05
-1.41181e-05
-1.42825e-05
-1.4295e-05
-1.41676e-05
-1.39122e-05
-1.35415e-05
-1.30697e-05
-1.25153e-05
-1.19031e-05
-1.12667e-05
-1.06487e-05
-1.01065e-05
-9.67867e-06
-9.39888e-06
-9.27621e-06
-9.2914e-06
-9.42551e-06
-9.68101e-06
-7.39662e-06
-7.41843e-06
-7.43461e-06
-7.44786e-06
-7.45973e-06
-7.47051e-06
-7.48071e-06
-7.49118e-06
-7.50296e-06
-7.5173e-06
-7.53582e-06
-7.5606e-06
-7.59453e-06
-7.64166e-06
-7.70793e-06
-7.80208e-06
-7.93706e-06
-8.1318e-06
-8.41296e-06
-8.81604e-06
-9.38404e-06
-1.01556e-05
-1.10791e-05
-1.2013e-05
-1.28487e-05
-1.35343e-05
-1.40456e-05
-1.43793e-05
-1.45435e-05
-1.4551e-05
-1.4416e-05
-1.41522e-05
-1.37728e-05
-1.3292e-05
-1.27268e-05
-1.21002e-05
-1.14431e-05
-1.07942e-05
-1.02174e-05
-9.75196e-06
-9.43285e-06
-9.27776e-06
-9.27195e-06
-9.39922e-06
-9.66471e-06
-7.37543e-06
-7.39883e-06
-7.41574e-06
-7.42902e-06
-7.44024e-06
-7.4496e-06
-7.45758e-06
-7.46503e-06
-7.47299e-06
-7.48278e-06
-7.49608e-06
-7.5151e-06
-7.54285e-06
-7.58367e-06
-7.64385e-06
-7.73276e-06
-7.86428e-06
-8.05881e-06
-8.34515e-06
-8.76132e-06
-9.35557e-06
-1.01684e-05
-1.11441e-05
-1.21276e-05
-1.30015e-05
-1.37117e-05
-1.42351e-05
-1.45707e-05
-1.47294e-05
-1.47268e-05
-1.45792e-05
-1.43019e-05
-1.3909e-05
-1.34145e-05
-1.28347e-05
-1.21911e-05
-1.1513e-05
-1.08374e-05
-1.02231e-05
-9.72211e-06
-9.36698e-06
-9.18084e-06
-9.15373e-06
-9.2726e-06
-9.54613e-06
-7.36023e-06
-7.38549e-06
-7.40323e-06
-7.41654e-06
-7.42699e-06
-7.43469e-06
-7.44007e-06
-7.44397e-06
-7.44747e-06
-7.45194e-06
-7.45914e-06
-7.47138e-06
-7.49186e-06
-7.52514e-06
-7.57789e-06
-7.66004e-06
-7.78638e-06
-7.97868e-06
-8.26789e-06
-8.69487e-06
-9.31042e-06
-1.01579e-05
-1.11803e-05
-1.22069e-05
-1.31129e-05
-1.38425e-05
-1.43734e-05
-1.47067e-05
-1.4856e-05
-1.48392e-05
-1.46744e-05
-1.43783e-05
-1.39658e-05
-1.34511e-05
-1.285e-05
-1.21831e-05
-1.14792e-05
-1.07751e-05
-1.01201e-05
-9.58206e-06
-9.19165e-06
-8.97423e-06
-8.92489e-06
-9.03377e-06
-9.31367e-06
-7.35143e-06
-7.37885e-06
-7.39757e-06
-7.41089e-06
-7.42043e-06
-7.42617e-06
-7.42851e-06
-7.42828e-06
-7.42661e-06
-7.42496e-06
-7.42516e-06
-7.42965e-06
-7.44182e-06
-7.46644e-06
-7.51056e-06
-7.58467e-06
-7.70443e-06
-7.89289e-06
-8.18299e-06
-8.61828e-06
-9.25178e-06
-1.01299e-05
-1.11938e-05
-1.22583e-05
-1.31918e-05
-1.3937e-05
-1.44721e-05
-1.48004e-05
-1.49372e-05
-1.49026e-05
-1.47162e-05
-1.43957e-05
-1.39568e-05
-1.3414e-05
-1.27831e-05
-1.20842e-05
-1.13461e-05
-1.06063e-05
-9.90843e-06
-9.32704e-06
-8.89971e-06
-8.64919e-06
-8.57601e-06
-8.67299e-06
-8.95773e-06
-7.34951e-06
-7.37943e-06
-7.39928e-06
-7.41259e-06
-7.42102e-06
-7.42445e-06
-7.42322e-06
-7.4182e-06
-7.41061e-06
-7.40199e-06
-7.3943e-06
-7.39011e-06
-7.39299e-06
-7.40797e-06
-7.44246e-06
-7.50748e-06
-7.61954e-06
-7.80294e-06
-8.0924e-06
-8.53396e-06
-9.18313e-06
-1.0089e-05
-1.11902e-05
-1.22884e-05
-1.32461e-05
-1.40042e-05
-1.45414e-05
-1.48624e-05
-1.49844e-05
-1.49288e-05
-1.47164e-05
-1.43657e-05
-1.38929e-05
-1.3313e-05
-1.26421e-05
-1.19008e-05
-1.11178e-05
-1.0331e-05
-9.58855e-06
-8.95622e-06
-8.48493e-06
-8.19886e-06
-8.09995e-06
-8.18269e-06
-8.47067e-06
-7.35502e-06
-7.38784e-06
-7.40897e-06
-7.42219e-06
-7.42925e-06
-7.4299e-06
-7.42448e-06
-7.41394e-06
-7.39959e-06
-7.38312e-06
-7.36666e-06
-7.35289e-06
-7.34563e-06
-7.35015e-06
-7.37419e-06
-7.42931e-06
-7.53285e-06
-7.71029e-06
-7.99804e-06
-8.44447e-06
-9.10745e-06
-1.00388e-05
-1.1174e-05
-1.2303e-05
-1.32823e-05
-1.40513e-05
-1.4589e-05
-1.49012e-05
-1.50062e-05
-1.49265e-05
-1.46836e-05
-1.42966e-05
-1.37819e-05
-1.31554e-05
-1.24336e-05
-1.1638e-05
-1.0798e-05
-9.95381e-06
-9.15708e-06
-8.4676e-06
-7.94606e-06
-7.61947e-06
-7.49181e-06
-7.55723e-06
-7.84688e-06
-7.36862e-06
-7.40476e-06
-7.42729e-06
-7.4403e-06
-7.44561e-06
-7.44291e-06
-7.43254e-06
-7.4156e-06
-7.39357e-06
-7.36835e-06
-7.34226e-06
-7.31809e-06
-7.29995e-06
-7.29334e-06
-7.30631e-06
-7.35097e-06
-7.44541e-06
-7.61629e-06
-7.90166e-06
-8.35198e-06
-9.02741e-06
-9.98232e-06
-1.11492e-05
-1.23066e-05
-1.33057e-05
-1.40842e-05
-1.46211e-05
-1.49229e-05
-1.5009e-05
-1.49021e-05
-1.46242e-05
-1.41944e-05
-1.36298e-05
-1.29465e-05
-1.21623e-05
-1.13e-05
-1.03906e-05
-9.47669e-06
-8.61293e-06
-7.86161e-06
-7.28245e-06
-6.90817e-06
-6.74823e-06
-6.79224e-06
-7.08266e-06
-7.39108e-06
-7.43099e-06
-7.45503e-06
-7.46757e-06
-7.47063e-06
-7.46381e-06
-7.44758e-06
-7.42322e-06
-7.39249e-06
-7.35756e-06
-7.32097e-06
-7.28573e-06
-7.25606e-06
-7.23781e-06
-7.23931e-06
-7.27315e-06
-7.35815e-06
-7.52218e-06
-7.80471e-06
-8.25832e-06
-8.94529e-06
-9.92226e-06
-1.11188e-05
-1.23028e-05
-1.33202e-05
-1.41068e-05
-1.46419e-05
-1.49321e-05
-1.49971e-05
-1.48599e-05
-1.45422e-05
-1.40633e-05
-1.34404e-05
-1.26902e-05
-1.18321e-05
-1.08904e-05
-9.89888e-06
-8.9027e-06
-7.95972e-06
-7.1357e-06
-6.49356e-06
-6.0654e-06
-5.86812e-06
-5.88503e-06
-6.17563e-06
-7.4233e-06
-7.46747e-06
-7.49303e-06
-7.50473e-06
-7.50483e-06
-7.49292e-06
-7.46968e-06
-7.43673e-06
-7.39617e-06
-7.35055e-06
-7.3026e-06
-7.2556e-06
-7.21398e-06
-7.18376e-06
-7.17357e-06
-7.19644e-06
-7.27194e-06
-7.42896e-06
-7.70846e-06
-8.165e-06
-8.86282e-06
-9.86064e-06
-1.10852e-05
-1.22942e-05
-1.33285e-05
-1.41223e-05
-1.46544e-05
-1.49316e-05
-1.49735e-05
-1.48027e-05
-1.44406e-05
-1.39063e-05
-1.32169e-05
-1.239e-05
-1.14463e-05
-1.04129e-05
-9.32612e-06
-8.23485e-06
-7.20051e-06
-6.29305e-06
-5.57911e-06
-5.09197e-06
-4.8508e-06
-4.83893e-06
-5.12119e-06
-7.46636e-06
-7.51529e-06
-7.54229e-06
-7.55257e-06
-7.54873e-06
-7.53049e-06
-7.49886e-06
-7.45593e-06
-7.40432e-06
-7.34696e-06
-7.28679e-06
-7.2275e-06
-7.17362e-06
-7.13126e-06
-7.10935e-06
-7.12133e-06
-7.18742e-06
-7.33748e-06
-7.61396e-06
-8.07324e-06
-8.78137e-06
-9.79905e-06
-1.10502e-05
-1.22828e-05
-1.33327e-05
-1.41327e-05
-1.46607e-05
-1.49235e-05
-1.494e-05
-1.47324e-05
-1.43215e-05
-1.37255e-05
-1.29619e-05
-1.20488e-05
-1.10087e-05
-9.87142e-06
-8.67681e-06
-7.47769e-06
-6.33976e-06
-5.33733e-06
-4.54221e-06
-3.99098e-06
-3.69811e-06
-3.65732e-06
-3.91824e-06
-7.52157e-06
-7.57575e-06
-7.60395e-06
-7.61194e-06
-7.60286e-06
-7.57668e-06
-7.53498e-06
-7.48048e-06
-7.4165e-06
-7.34625e-06
-7.27314e-06
-7.20116e-06
-7.13479e-06
-7.08031e-06
-7.04683e-06
-7.04817e-06
-7.1051e-06
-7.24846e-06
-7.52204e-06
-7.984e-06
-8.70201e-06
-9.73865e-06
-1.1015e-05
-1.22698e-05
-1.33342e-05
-1.41392e-05
-1.4662e-05
-1.49087e-05
-1.48978e-05
-1.46503e-05
-1.41861e-05
-1.3523e-05
-1.26779e-05
-1.16701e-05
-1.05237e-05
-9.2713e-06
-7.9568e-06
-6.63741e-06
-5.38361e-06
-4.27455e-06
-3.38937e-06
-2.76765e-06
-2.41895e-06
-2.34734e-06
-2.56969e-06
-7.59051e-06
-7.65041e-06
-7.67932e-06
-7.68377e-06
-7.66768e-06
-7.63155e-06
-7.57775e-06
-7.5099e-06
-7.43206e-06
-7.34784e-06
-7.26122e-06
-7.17616e-06
-7.09725e-06
-7.03081e-06
-6.98609e-06
-6.9772e-06
-7.0254e-06
-7.16243e-06
-7.43336e-06
-7.89801e-06
-8.62553e-06
-9.68029e-06
-1.09805e-05
-1.22563e-05
-1.33338e-05
-1.41426e-05
-1.4659e-05
-1.48881e-05
-1.48476e-05
-1.45573e-05
-1.4036e-05
-1.33006e-05
-1.23679e-05
-1.12578e-05
-9.99624e-06
-8.61891e-06
-7.17355e-06
-5.72213e-06
-4.34025e-06
-3.11252e-06
-2.12752e-06
-1.42744e-06
-1.01595e-06
-9.07424e-07
-1.08836e-06
-7.67513e-06
-7.74112e-06
-7.76988e-06
-7.76901e-06
-7.74359e-06
-7.69499e-06
-7.62669e-06
-7.5436e-06
-7.45027e-06
-7.35115e-06
-7.25041e-06
-7.15206e-06
-7.06072e-06
-6.98266e-06
-6.92717e-06
-6.90857e-06
-6.94859e-06
-7.07977e-06
-7.34838e-06
-7.81582e-06
-8.55252e-06
-9.62457e-06
-1.09474e-05
-1.22426e-05
-1.33321e-05
-1.41435e-05
-1.46521e-05
-1.48621e-05
-1.47899e-05
-1.44542e-05
-1.38724e-05
-1.30605e-05
-1.2035e-05
-1.08165e-05
-9.43266e-06
-7.92207e-06
-6.33631e-06
-4.74207e-06
-3.2203e-06
-1.86153e-06
-7.64764e-07
2.24808e-08
5.0886e-07
6.66695e-07
5.25564e-07
-7.77786e-06
-7.85013e-06
-7.87735e-06
-7.86866e-06
-7.8309e-06
-7.7667e-06
-7.68122e-06
-7.58072e-06
-7.4704e-06
-7.35544e-06
-7.24012e-06
-7.12845e-06
-7.02494e-06
-6.93571e-06
-6.87003e-06
-6.8424e-06
-6.87487e-06
-7.00076e-06
-7.26746e-06
-7.73781e-06
-8.48339e-06
-9.5719e-06
-1.0916e-05
-1.22293e-05
-1.33294e-05
-1.41421e-05
-1.46415e-05
-1.4831e-05
-1.47253e-05
-1.43419e-05
-1.36968e-05
-1.2805e-05
-1.16828e-05
-1.03514e-05
-8.84002e-06
-7.18982e-06
-5.45597e-06
-3.70964e-06
-2.03716e-06
-5.353e-07
6.88165e-07
1.57053e-06
2.13822e-06
2.35787e-06
2.27092e-06
-7.90173e-06
-7.98013e-06
-8.00362e-06
-7.98366e-06
-7.92966e-06
-7.84616e-06
-7.74059e-06
-7.62028e-06
-7.49155e-06
-7.35995e-06
-7.22979e-06
-7.10494e-06
-6.98965e-06
-6.88984e-06
-6.81467e-06
-6.77873e-06
-6.80438e-06
-6.92559e-06
-7.1908e-06
-7.66423e-06
-8.41839e-06
-9.52252e-06
-1.08866e-05
-1.22165e-05
-1.33258e-05
-1.41385e-05
-1.46276e-05
-1.4795e-05
-1.46543e-05
-1.42212e-05
-1.35107e-05
-1.25367e-05
-1.13154e-05
-9.8683e-06
-8.22618e-06
-6.4323e-06
-4.54493e-06
-2.63918e-06
-8.06801e-07
8.48331e-07
2.21494e-06
3.2101e-06
3.86049e-06
4.15082e-06
4.12883e-06
-8.05056e-06
-8.13437e-06
-8.15081e-06
-8.11487e-06
-8.03966e-06
-7.93268e-06
-7.80364e-06
-7.66122e-06
-7.5128e-06
-7.36397e-06
-7.21892e-06
-7.08119e-06
-6.95467e-06
-6.84498e-06
-6.76108e-06
-6.71762e-06
-6.73719e-06
-6.85435e-06
-7.11854e-06
-7.59522e-06
-8.35767e-06
-9.47659e-06
-1.08593e-05
-1.22044e-05
-1.33215e-05
-1.41329e-05
-1.46104e-05
-1.47545e-05
-1.45773e-05
-1.40933e-05
-1.3316e-05
-1.22586e-05
-1.0937e-05
-9.37333e-06
-7.59948e-06
-5.6604e-06
-3.61668e-06
-1.54653e-06
4.53497e-07
2.27215e-06
3.79451e-06
4.92579e-06
5.66643e-06
6.03987e-06
6.09278e-06
-8.2293e-06
-8.31677e-06
-8.32113e-06
-8.26285e-06
-8.1604e-06
-8.02511e-06
-7.86896e-06
-7.7024e-06
-7.53321e-06
-7.36684e-06
-7.20709e-06
-7.05697e-06
-6.91988e-06
-6.80108e-06
-6.70927e-06
-6.65911e-06
-6.67337e-06
-6.78712e-06
-7.05074e-06
-7.53082e-06
-8.30127e-06
-9.43414e-06
-1.08341e-05
-1.21929e-05
-1.33165e-05
-1.41254e-05
-1.459e-05
-1.47098e-05
-1.44951e-05
-1.39592e-05
-1.31144e-05
-1.19734e-05
-1.0552e-05
-8.87271e-06
-6.96846e-06
-4.88536e-06
-2.6854e-06
-4.487e-07
1.72481e-06
3.71777e-06
5.40797e-06
6.69255e-06
7.54146e-06
8.01139e-06
8.15367e-06
-8.44444e-06
-8.53199e-06
-8.51684e-06
-8.42779e-06
-8.29092e-06
-8.12176e-06
-7.9351e-06
-7.74258e-06
-7.55191e-06
-7.36802e-06
-7.19399e-06
-7.03214e-06
-6.88528e-06
-6.75819e-06
-6.6593e-06
-6.60325e-06
-6.61294e-06
-6.7239e-06
-6.98738e-06
-7.47102e-06
-8.24917e-06
-9.39515e-06
-1.0811e-05
-1.21822e-05
-1.33109e-05
-1.41161e-05
-1.45669e-05
-1.46612e-05
-1.44084e-05
-1.38202e-05
-1.2908e-05
-1.16842e-05
-1.01647e-05
-8.37257e-06
-6.34154e-06
-4.11837e-06
-1.76548e-06
6.36493e-07
2.98611e-06
5.16166e-06
7.03269e-06
8.48644e-06
9.46835e-06
1.00503e-05
1.03027e-05
-8.70475e-06
-8.78553e-06
-8.73992e-06
-8.60938e-06
-8.42942e-06
-8.22071e-06
-8.00041e-06
-7.78054e-06
-7.56813e-06
-7.36708e-06
-7.17946e-06
-7.00669e-06
-6.85091e-06
-6.71639e-06
-6.61126e-06
-6.55009e-06
-6.55593e-06
-6.66468e-06
-6.92843e-06
-7.41575e-06
-8.20129e-06
-9.35954e-06
-1.07901e-05
-1.21722e-05
-1.33047e-05
-1.41051e-05
-1.4541e-05
-1.46094e-05
-1.43179e-05
-1.36774e-05
-1.26987e-05
-1.13938e-05
-9.77918e-06
-7.8787e-06
-5.72666e-06
-3.37011e-06
-8.7102e-07
1.69103e-06
4.21523e-06
6.5779e-06
8.64087e-06
1.02808e-05
1.14262e-05
1.21408e-05
1.25321e-05
-9.02241e-06
-9.08365e-06
-8.99177e-06
-8.80614e-06
-8.57353e-06
-8.31965e-06
-8.06312e-06
-7.81514e-06
-7.58125e-06
-7.36378e-06
-7.16346e-06
-6.98072e-06
-6.81691e-06
-6.67583e-06
-6.56525e-06
-6.49971e-06
-6.50236e-06
-6.60943e-06
-6.87378e-06
-7.36487e-06
-8.15749e-06
-9.32719e-06
-1.07711e-05
-1.21629e-05
-1.3298e-05
-1.40925e-05
-1.45129e-05
-1.45546e-05
-1.42245e-05
-1.35322e-05
-1.24883e-05
-1.1105e-05
-9.39937e-06
-7.39636e-06
-5.13102e-06
-2.65038e-06
-1.5214e-08
2.69742e-06
5.38972e-06
7.93932e-06
1.02032e-05
1.20465e-05
1.33829e-05
1.42634e-05
1.48359e-05
-9.41468e-06
-9.43331e-06
-9.27284e-06
-9.01558e-06
-8.71995e-06
-8.41599e-06
-8.1215e-06
-7.84543e-06
-7.59086e-06
-7.35803e-06
-7.14611e-06
-6.9544e-06
-6.78348e-06
-6.63666e-06
-6.52139e-06
-6.45217e-06
-6.45222e-06
-6.55807e-06
-6.82333e-06
-7.31824e-06
-8.11761e-06
-9.29796e-06
-1.07541e-05
-1.21542e-05
-1.32908e-05
-1.40785e-05
-1.44826e-05
-1.44975e-05
-1.41289e-05
-1.33858e-05
-1.22786e-05
-1.08201e-05
-9.02857e-06
-6.93013e-06
-4.56083e-06
-1.96768e-06
7.90193e-07
3.63942e-06
6.48755e-06
9.21739e-06
1.16858e-05
1.375e-05
1.53025e-05
1.63905e-05
1.72099e-05
-9.90617e-06
-9.84104e-06
-9.58066e-06
-9.2338e-06
-8.86479e-06
-8.50699e-06
-8.17401e-06
-7.87074e-06
-7.59683e-06
-7.34999e-06
-7.12766e-06
-6.92801e-06
-6.75088e-06
-6.59909e-06
-6.47981e-06
-6.40751e-06
-6.4055e-06
-6.51053e-06
-6.77695e-06
-7.27567e-06
-8.08145e-06
-9.27166e-06
-1.07388e-05
-1.21461e-05
-1.32832e-05
-1.40633e-05
-1.44506e-05
-1.44386e-05
-1.40319e-05
-1.32393e-05
-1.20712e-05
-1.05414e-05
-8.66965e-06
-6.48378e-06
-4.02113e-06
-1.32893e-06
1.5354e-06
4.50285e-06
7.48819e-06
1.03833e-05
1.30509e-05
1.53474e-05
1.71429e-05
1.84862e-05
1.96532e-05
-1.05316e-05
-1.03087e-05
-9.9123e-06
-9.45432e-06
-9.00333e-06
-8.58996e-06
-8.21944e-06
-7.89072e-06
-7.59925e-06
-7.33993e-06
-7.10846e-06
-6.90188e-06
-6.71936e-06
-6.56331e-06
-6.44064e-06
-6.36579e-06
-6.36216e-06
-6.46672e-06
-6.73446e-06
-7.23697e-06
-8.04881e-06
-9.24811e-06
-1.07252e-05
-1.21385e-05
-1.32751e-05
-1.4047e-05
-1.44172e-05
-1.43783e-05
-1.39343e-05
-1.30937e-05
-1.18674e-05
-1.02707e-05
-8.32501e-06
-6.06036e-06
-3.5159e-06
-7.39506e-07
2.2127e-06
5.27601e-06
8.37342e-06
1.1409e-05
1.42578e-05
1.6786e-05
1.88464e-05
2.04984e-05
2.21656e-05
-1.13386e-05
-1.08308e-05
-1.02552e-05
-9.66885e-06
-9.13042e-06
-8.66241e-06
-8.25693e-06
-7.90535e-06
-7.59844e-06
-7.32827e-06
-7.08888e-06
-6.87633e-06
-6.68917e-06
-6.52948e-06
-6.40394e-06
-6.32699e-06
-6.32214e-06
-6.42649e-06
-6.69571e-06
-7.20194e-06
-8.01947e-06
-9.22711e-06
-1.07131e-05
-1.21314e-05
-1.32667e-05
-1.40297e-05
-1.43826e-05
-1.43171e-05
-1.38367e-05
-1.295e-05
-1.16687e-05
-1.00097e-05
-7.99671e-06
-5.66243e-06
-3.04828e-06
-2.03535e-07
2.81618e-06
5.94962e-06
9.12767e-06
1.22682e-05
1.52642e-05
1.80041e-05
2.03334e-05
2.2342e-05
2.47289e-05
-1.23715e-05
-1.13963e-05
-1.05919e-05
-9.86687e-06
-9.24077e-06
-8.72236e-06
-8.28618e-06
-7.91496e-06
-7.59492e-06
-7.31552e-06
-7.06937e-06
-6.85169e-06
-6.66054e-06
-6.49773e-06
-6.36975e-06
-6.29109e-06
-6.28531e-06
-6.38969e-06
-6.66048e-06
-7.17034e-06
-7.99322e-06
-9.20849e-06
-1.07024e-05
-1.21246e-05
-1.32578e-05
-1.40115e-05
-1.4347e-05
-1.42553e-05
-1.37396e-05
-1.28087e-05
-1.14757e-05
-9.75913e-06
-7.68573e-06
-5.2911e-06
-2.61964e-06
2.77155e-07
3.34293e-06
6.51823e-06
9.73995e-06
1.29386e-05
1.60281e-05
1.89311e-05
2.15003e-05
2.38896e-05
2.72972e-05
-1.37266e-05
-1.19874e-05
-1.0898e-05
-1.00371e-05
-9.33095e-06
-8.76974e-06
-8.30831e-06
-7.92092e-06
-7.58993e-06
-7.3027e-06
-7.05072e-06
-6.82856e-06
-6.6339e-06
-6.46835e-06
-6.33824e-06
-6.25811e-06
-6.2516e-06
-6.35609e-06
-6.62845e-06
-7.14179e-06
-7.96968e-06
-9.19201e-06
-1.0693e-05
-1.21185e-05
-1.3249e-05
-1.3993e-05
-1.43109e-05
-1.41933e-05
-1.36431e-05
-1.26698e-05
-1.12877e-05
-9.51785e-06
-7.38992e-06
-4.94314e-06
-2.22554e-06
7.082e-07
3.79944e-06
6.98817e-06
1.02137e-05
1.34147e-05
1.65226e-05
1.94989e-05
2.22222e-05
2.49955e-05
2.98915e-05
-1.55142e-05
-1.25666e-05
-1.11382e-05
-1.01689e-05
-9.40178e-06
-8.80799e-06
-8.32688e-06
-7.92619e-06
-7.58574e-06
-7.29153e-06
-7.03422e-06
-6.80793e-06
-6.61004e-06
-6.44197e-06
-6.30993e-06
-6.22846e-06
-6.22128e-06
-6.32583e-06
-6.59953e-06
-7.116e-06
-7.94846e-06
-9.1774e-06
-1.06852e-05
-1.2114e-05
-1.32418e-05
-1.39762e-05
-1.42769e-05
-1.41339e-05
-1.355e-05
-1.25355e-05
-1.11063e-05
-9.28584e-06
-7.10737e-06
-4.61406e-06
-1.85819e-06
1.10134e-06
4.20203e-06
7.38059e-06
1.05741e-05
1.37211e-05
1.67574e-05
1.96617e-05
2.23393e-05
2.54077e-05
3.24609e-05
-1.70121e-05
-1.29185e-05
-1.12483e-05
-1.02414e-05
-9.44783e-06
-8.83469e-06
-8.33992e-06
-7.92884e-06
-7.58048e-06
-7.28022e-06
-7.01826e-06
-6.7884e-06
-6.58778e-06
-6.4177e-06
-6.28422e-06
-6.20189e-06
-6.19447e-06
-6.29937e-06
-6.5745e-06
-7.09382e-06
-7.93013e-06
-9.16447e-06
-1.06779e-05
-1.21092e-05
-1.32345e-05
-1.39603e-05
-1.42456e-05
-1.40799e-05
-1.34663e-05
-1.24155e-05
-1.09452e-05
-9.08146e-06
-6.86087e-06
-4.33065e-06
-1.54749e-06
1.42501e-06
4.51935e-06
7.66673e-06
1.07976e-05
1.38404e-05
1.67143e-05
1.93573e-05
2.16145e-05
2.41941e-05
3.152e-05
)
;

boundaryField
{
    inlet
    {
        type            uniformJump;
        patchType       cyclic;
        jump            uniform -2.5e-05;
        value           nonuniform List<scalar> 
40
(
9.76747e-07
9.92767e-07
1.01004e-06
1.02805e-06
1.04839e-06
1.07261e-06
1.10283e-06
1.14241e-06
1.19593e-06
1.26846e-06
1.36451e-06
1.48729e-06
1.63549e-06
1.80468e-06
1.98715e-06
2.17067e-06
2.34222e-06
2.48336e-06
2.57079e-06
2.59004e-06
2.54622e-06
2.46676e-06
2.4039e-06
2.36229e-06
2.34315e-06
2.34345e-06
2.3569e-06
2.37723e-06
2.39973e-06
2.42141e-06
2.44071e-06
2.45707e-06
2.4705e-06
2.48126e-06
2.48975e-06
2.49633e-06
2.50137e-06
2.5052e-06
2.50819e-06
2.51052e-06
)
;
        jumpTable       table;
        jumpTableCoeffs
        {
            values          
4
(
(0 -2.5e-05)
(25 -2.5e-05)
(25.5 -0.0001)
(26 -2.5e-05)
)
;
        }
    }
    outlet
    {
        type            uniformJump;
        patchType       cyclic;
        value           nonuniform List<scalar> 
40
(
-2.40233e-05
-2.40072e-05
-2.399e-05
-2.3972e-05
-2.39516e-05
-2.39274e-05
-2.38972e-05
-2.38576e-05
-2.38041e-05
-2.37315e-05
-2.36355e-05
-2.35127e-05
-2.33645e-05
-2.31953e-05
-2.30128e-05
-2.28293e-05
-2.26578e-05
-2.25166e-05
-2.24292e-05
-2.241e-05
-2.24538e-05
-2.25332e-05
-2.25961e-05
-2.26377e-05
-2.26568e-05
-2.26566e-05
-2.26431e-05
-2.26228e-05
-2.26003e-05
-2.25786e-05
-2.25593e-05
-2.25429e-05
-2.25295e-05
-2.25187e-05
-2.25103e-05
-2.25037e-05
-2.24986e-05
-2.24948e-05
-2.24918e-05
-2.24895e-05
)
;
    }
    Walls
    {
        type            zeroGradient;
    }
    back
    {
        type            empty;
    }
    front
    {
        type            empty;
    }
}


// ************************************************************************* //
