/*--------------------------------*- C++ -*----------------------------------*\
| =========                 |                                                 |
| \\      /  F ield         | OpenFOAM: The Open Source CFD Toolbox           |
|  \\    /   O peration     | Version:  2312                                  |
|   \\  /    A nd           | Website:  www.openfoam.com                      |
|    \\/     M anipulation  |                                                 |
\*---------------------------------------------------------------------------*/
FoamFile
{
    version     2.0;
    format      ascii;
    arch        "LSB;label=32;scalar=64";
    class       volScalarField;
    location    "183.75";
    object      p;
}
// * * * * * * * * * * * * * * * * * * * * * * * * * * * * * * * * * * * * * //

dimensions      [0 2 -2 0 0 0 0];

internalField   nonuniform List<scalar> 
4800
(
1.0251e-13
-1.6718e-06
-3.03328e-06
-4.15778e-06
-5.09779e-06
-5.89248e-06
-6.57037e-06
-7.15595e-06
-7.67107e-06
-8.1255e-06
-8.52973e-06
-8.88868e-06
-9.19825e-06
-9.68796e-06
-1.12921e-05
1.99514e-08
-1.64847e-06
-3.00793e-06
-4.13159e-06
-5.07171e-06
-5.86765e-06
-6.54827e-06
-7.13823e-06
-7.65971e-06
-8.12401e-06
-8.54662e-06
-8.94604e-06
-9.33846e-06
-9.83146e-06
-1.06704e-05
4.10956e-08
-1.62368e-06
-2.98108e-06
-4.10394e-06
-5.04434e-06
-5.84154e-06
-6.52468e-06
-7.11693e-06
-7.64308e-06
-8.11484e-06
-8.54814e-06
-8.96273e-06
-9.36911e-06
-9.77853e-06
-1.01727e-05
6.26652e-08
-1.59793e-06
-2.95282e-06
-4.07447e-06
-5.01468e-06
-5.81248e-06
-6.49753e-06
-7.09077e-06
-7.61809e-06
-8.09165e-06
-8.52334e-06
-8.92462e-06
-9.29037e-06
-9.59254e-06
-9.76595e-06
8.63304e-08
-1.56926e-06
-2.92096e-06
-4.04078e-06
-4.9801e-06
-5.77757e-06
-6.46271e-06
-7.05613e-06
-7.57993e-06
-8.04767e-06
-8.46518e-06
-8.83387e-06
-9.13797e-06
-9.34185e-06
-9.39363e-06
1.13507e-07
-1.53615e-06
-2.88387e-06
-4.00103e-06
-4.93846e-06
-5.73426e-06
-6.41712e-06
-7.0076e-06
-7.52327e-06
-7.97642e-06
-8.36789e-06
-8.69221e-06
-8.93135e-06
-9.05811e-06
-9.04623e-06
1.4621e-07
-1.49659e-06
-2.83935e-06
-3.95275e-06
-4.88687e-06
-5.67898e-06
-6.35664e-06
-6.93925e-06
-7.44149e-06
-7.87169e-06
-8.22829e-06
-8.50374e-06
-8.68452e-06
-8.7572e-06
-8.71593e-06
1.87971e-07
-1.44707e-06
-2.78373e-06
-3.8919e-06
-4.82077e-06
-5.60648e-06
-6.27523e-06
-6.84482e-06
-7.32742e-06
-7.7282e-06
-8.0458e-06
-8.27478e-06
-8.40908e-06
-8.44747e-06
-8.39562e-06
2.44308e-07
-1.38207e-06
-2.71127e-06
-3.81236e-06
-4.73349e-06
-5.50948e-06
-6.16506e-06
-6.71652e-06
-7.17457e-06
-7.54236e-06
-7.82165e-06
-8.01129e-06
-8.11246e-06
-8.13191e-06
-8.08027e-06
3.22684e-07
-1.29387e-06
-2.61385e-06
-3.70555e-06
-4.61597e-06
-5.37858e-06
-6.01674e-06
-6.54566e-06
-6.97479e-06
-7.31131e-06
-7.55715e-06
-7.71697e-06
-7.79748e-06
-7.80952e-06
-7.76493e-06
4.318e-07
-1.17288e-06
-2.48116e-06
-3.56054e-06
-4.45691e-06
-5.20251e-06
-5.81982e-06
-6.324e-06
-6.72554e-06
-7.03274e-06
-7.25226e-06
-7.39237e-06
-7.46287e-06
-7.47607e-06
-7.44325e-06
5.80683e-07
-1.00846e-06
-2.30134e-06
-3.36472e-06
-4.24345e-06
-4.96888e-06
-5.56324e-06
-6.04252e-06
-6.41887e-06
-6.70287e-06
-6.90449e-06
-7.03438e-06
-7.10366e-06
-7.12446e-06
-7.10689e-06
7.78387e-07
-7.89242e-07
-2.06151e-06
-3.10439e-06
-3.96186e-06
-4.66483e-06
-5.23591e-06
-5.69238e-06
-6.04832e-06
-6.31638e-06
-6.50845e-06
-6.63637e-06
-6.71142e-06
-6.74479e-06
-6.74521e-06
1.03399e-06
-5.03078e-07
-1.74768e-06
-2.76472e-06
-3.59748e-06
-4.27684e-06
-4.82605e-06
-5.26367e-06
-5.6053e-06
-5.8649e-06
-6.05518e-06
-6.18809e-06
-6.27433e-06
-6.32406e-06
-6.34479e-06
1.35599e-06
-1.37578e-07
-1.34519e-06
-2.32999e-06
-3.13463e-06
-3.79001e-06
-4.31989e-06
-4.74356e-06
-5.07733e-06
-5.33548e-06
-5.53066e-06
-5.67431e-06
-5.77624e-06
-5.84533e-06
-5.8883e-06
1.75112e-06
3.18423e-07
-8.40175e-07
-1.78499e-06
-2.55764e-06
-3.18871e-06
-3.70183e-06
-4.11619e-06
-4.44784e-06
-4.71055e-06
-4.9162e-06
-5.07523e-06
-5.19646e-06
-5.2877e-06
-5.3549e-06
2.22243e-06
8.72519e-07
-2.22139e-07
-1.11749e-06
-1.85322e-06
-2.45875e-06
-2.95667e-06
-3.36505e-06
-3.69874e-06
-3.97036e-06
-4.19065e-06
-4.3689e-06
-4.51282e-06
-4.62909e-06
-4.72287e-06
2.76688e-06
1.52542e-06
5.12345e-07
-3.22105e-07
-1.01428e-06
-1.59127e-06
-2.07358e-06
-2.47719e-06
-2.815e-06
-3.09785e-06
-3.33502e-06
-3.53463e-06
-3.7035e-06
-3.8474e-06
-3.97079e-06
3.37421e-06
2.26789e-06
1.35526e-06
5.945e-07
-4.58109e-08
-5.89148e-07
-1.05295e-06
-1.45042e-06
-1.79196e-06
-2.08619e-06
-2.34054e-06
-2.56159e-06
-2.7551e-06
-2.92624e-06
-3.07944e-06
4.02642e-06
3.07806e-06
2.28251e-06
1.60722e-06
1.02706e-06
5.23252e-07
8.21811e-08
-3.06136e-07
-6.4941e-07
-9.5404e-07
-1.22561e-06
-1.46905e-06
-1.68861e-06
-1.88791e-06
-2.07014e-06
4.66543e-06
3.87894e-06
3.20423e-06
2.61775e-06
2.10098e-06
1.64024e-06
1.2258e-06
8.50758e-07
5.09851e-07
1.987e-07
-8.67529e-08
-3.50351e-07
-5.95398e-07
-8.25114e-07
-1.04243e-06
5.20024e-06
4.55095e-06
3.97956e-06
3.47006e-06
3.00963e-06
2.58892e-06
2.20143e-06
1.84255e-06
1.50868e-06
1.19665e-06
9.03613e-07
6.27013e-07
3.64383e-07
1.1398e-07
-1.2621e-07
5.61581e-06
5.06734e-06
4.57187e-06
4.11876e-06
3.69949e-06
3.30801e-06
2.94009e-06
2.59262e-06
2.26308e-06
1.9492e-06
1.64882e-06
1.35996e-06
1.08052e-06
8.08534e-07
5.4272e-07
5.92425e-06
5.44848e-06
5.00786e-06
4.59583e-06
4.20701e-06
3.83762e-06
3.48482e-06
3.14642e-06
2.82046e-06
2.50518e-06
2.19891e-06
1.90016e-06
1.60768e-06
1.32055e-06
1.03772e-06
6.14868e-06
5.72461e-06
5.32367e-06
4.94191e-06
4.57593e-06
4.22327e-06
3.88192e-06
3.55017e-06
3.22649e-06
2.90955e-06
2.59818e-06
2.29144e-06
1.98843e-06
1.6883e-06
1.39015e-06
6.30844e-06
5.92101e-06
5.5487e-06
5.18906e-06
4.83974e-06
4.4991e-06
4.16562e-06
3.83798e-06
3.51502e-06
3.19575e-06
2.87933e-06
2.56503e-06
2.2521e-06
1.94e-06
1.62814e-06
6.41926e-06
6.05788e-06
5.70615e-06
5.36236e-06
5.02485e-06
4.69246e-06
4.36404e-06
4.03855e-06
3.71509e-06
3.39294e-06
3.07145e-06
2.75006e-06
2.42826e-06
2.10582e-06
1.78254e-06
6.49424e-06
6.15157e-06
5.81463e-06
5.48214e-06
5.15291e-06
4.82609e-06
4.50077e-06
4.17612e-06
3.85145e-06
3.52623e-06
3.2e-06
2.87236e-06
2.54302e-06
2.21168e-06
1.87835e-06
6.54393e-06
6.21498e-06
5.8888e-06
5.56444e-06
5.24108e-06
4.91804e-06
4.59454e-06
4.26995e-06
3.94373e-06
3.61549e-06
3.2849e-06
2.95167e-06
2.61578e-06
2.27666e-06
1.93457e-06
6.57653e-06
6.2579e-06
5.93974e-06
5.6214e-06
5.3023e-06
4.98185e-06
4.65938e-06
4.33438e-06
4.00647e-06
3.67535e-06
3.34075e-06
3.00249e-06
2.66039e-06
2.31491e-06
1.96533e-06
6.59808e-06
6.2875e-06
5.9755e-06
5.66178e-06
5.34588e-06
5.02722e-06
4.70527e-06
4.37964e-06
4.05002e-06
3.7162e-06
3.37801e-06
3.03535e-06
2.68816e-06
2.33671e-06
1.98065e-06
6.61285e-06
6.30875e-06
6.00167e-06
5.69163e-06
5.37818e-06
5.06081e-06
4.73909e-06
4.41271e-06
4.08146e-06
3.74517e-06
3.40378e-06
3.05722e-06
2.7055e-06
2.34884e-06
1.98716e-06
6.62367e-06
6.32495e-06
6.02194e-06
5.71491e-06
5.40343e-06
5.08702e-06
4.76535e-06
4.43821e-06
4.10543e-06
3.76691e-06
3.42264e-06
3.07261e-06
2.71687e-06
2.35564e-06
1.98905e-06
6.6323e-06
6.33816e-06
6.03861e-06
5.73414e-06
5.42426e-06
5.1086e-06
4.78691e-06
4.45902e-06
4.12482e-06
3.78428e-06
3.43744e-06
3.08433e-06
2.725e-06
2.3597e-06
1.98883e-06
6.63977e-06
6.34961e-06
6.05307e-06
5.75079e-06
5.44227e-06
5.12722e-06
4.80545e-06
4.47686e-06
4.14138e-06
3.79901e-06
3.44986e-06
3.09399e-06
2.73141e-06
2.36259e-06
1.9879e-06
6.64661e-06
6.35995e-06
6.06606e-06
5.76569e-06
5.45833e-06
5.14379e-06
4.82194e-06
4.49269e-06
4.15604e-06
3.81204e-06
3.46081e-06
3.10247e-06
2.73694e-06
2.36513e-06
1.98694e-06
6.65304e-06
6.36948e-06
6.07793e-06
5.77921e-06
5.47287e-06
5.15877e-06
4.83681e-06
4.50697e-06
4.16928e-06
3.8238e-06
3.47073e-06
3.11018e-06
2.74206e-06
2.3676e-06
1.98625e-06
6.65924e-06
6.37845e-06
6.08898e-06
5.79172e-06
5.48626e-06
5.17253e-06
4.85046e-06
4.52007e-06
4.18143e-06
3.83463e-06
3.4799e-06
3.11735e-06
2.74697e-06
2.37008e-06
1.98593e-06
6.66557e-06
6.38742e-06
6.0999e-06
5.804e-06
5.49937e-06
5.18597e-06
4.86379e-06
4.53287e-06
4.1933e-06
3.84526e-06
3.48896e-06
3.12453e-06
2.75205e-06
2.37278e-06
1.98601e-06
6.67174e-06
6.39613e-06
6.11053e-06
5.81599e-06
5.51223e-06
5.19924e-06
4.87702e-06
4.54566e-06
4.20529e-06
3.85604e-06
3.4982e-06
3.13194e-06
2.75737e-06
2.37575e-06
1.98639e-06
-1.26466e-05
-1.04473e-05
-9.08899e-06
-8.17281e-06
-7.43469e-06
-6.86385e-06
-6.41877e-06
-6.07295e-06
-5.81032e-06
-5.61932e-06
-5.49152e-06
-5.42092e-06
-5.40328e-06
-5.43611e-06
-5.51953e-06
-5.65756e-06
-5.85734e-06
-6.13222e-06
-6.50109e-06
-6.9913e-06
-7.62576e-06
-8.4108e-06
-9.21137e-06
-9.78232e-06
-1.00056e-05
-9.83976e-06
-9.27417e-06
-8.32654e-06
-7.02577e-06
-5.40331e-06
-3.49203e-06
-1.32769e-06
1.0493e-06
3.59312e-06
6.25267e-06
8.97226e-06
1.16921e-05
1.43475e-05
1.68652e-05
1.91553e-05
2.10821e-05
2.25063e-05
2.30016e-05
2.22037e-05
1.88285e-05
-1.10462e-05
-9.90808e-06
-8.87906e-06
-8.06162e-06
-7.36864e-06
-6.81395e-06
-6.37513e-06
-6.0325e-06
-5.77235e-06
-5.58402e-06
-5.45936e-06
-5.39248e-06
-5.37917e-06
-5.41686e-06
-5.50569e-06
-5.64966e-06
-5.85579e-06
-6.13707e-06
-6.51181e-06
-7.00623e-06
-7.64148e-06
-8.42216e-06
-9.21306e-06
-9.77194e-06
-9.98414e-06
-9.80943e-06
-9.23709e-06
-8.28459e-06
-6.98114e-06
-5.35891e-06
-3.4519e-06
-1.29748e-06
1.06194e-06
3.57793e-06
6.19599e-06
8.85575e-06
1.14906e-05
1.40256e-05
1.63711e-05
1.84096e-05
1.99588e-05
2.0745e-05
2.01965e-05
1.74941e-05
1.16271e-05
-1.0202e-05
-9.48441e-06
-8.66254e-06
-7.93307e-06
-7.29034e-06
-6.7579e-06
-6.32868e-06
-5.99096e-06
-5.73412e-06
-5.54887e-06
-5.4276e-06
-5.36468e-06
-5.35594e-06
-5.39878e-06
-5.49337e-06
-5.64371e-06
-5.85663e-06
-6.14472e-06
-6.5256e-06
-7.02419e-06
-7.65962e-06
-8.43448e-06
-9.21345e-06
-9.7578e-06
-9.95686e-06
-9.77204e-06
-9.19246e-06
-8.2355e-06
-6.93083e-06
-5.31158e-06
-3.41326e-06
-1.27527e-06
1.05735e-06
3.53284e-06
6.09232e-06
8.66959e-06
1.11898e-05
1.35663e-05
1.5692e-05
1.74253e-05
1.85524e-05
1.87575e-05
1.7534e-05
1.43147e-05
9.01722e-06
-9.65884e-06
-9.13566e-06
-8.47221e-06
-7.81231e-06
-7.21764e-06
-6.70889e-06
-6.28958e-06
-5.95637e-06
-5.70204e-06
-5.5189e-06
-5.4001e-06
-5.34038e-06
-5.33568e-06
-5.38329e-06
-5.48347e-06
-5.64019e-06
-5.86002e-06
-6.15507e-06
-6.54216e-06
-7.04477e-06
-7.67974e-06
-8.44736e-06
-9.21206e-06
-9.73909e-06
-9.92222e-06
-9.72474e-06
-9.13586e-06
-8.17302e-06
-6.86671e-06
-5.2514e-06
-3.36462e-06
-1.24846e-06
1.04873e-06
3.471e-06
5.95428e-06
8.42561e-06
1.08014e-05
1.29836e-05
1.48515e-05
1.6249e-05
1.69661e-05
1.67223e-05
1.51754e-05
1.20635e-05
7.65992e-06
-9.23714e-06
-8.82856e-06
-8.28553e-06
-7.70841e-06
-7.15938e-06
-6.67375e-06
-6.26397e-06
-5.93446e-06
-5.68131e-06
-5.49876e-06
-5.38094e-06
-5.32315e-06
-5.32145e-06
-5.37309e-06
-5.47835e-06
-5.64118e-06
-5.86778e-06
-6.16967e-06
-6.56274e-06
-7.06881e-06
-7.70217e-06
-8.46049e-06
-9.20808e-06
-9.71481e-06
-9.87947e-06
-9.66753e-06
-9.0684e-06
-8.09985e-06
-6.79347e-06
-5.18546e-06
-3.31586e-06
-1.22987e-06
1.02024e-06
3.37392e-06
5.76147e-06
8.10328e-06
1.0308e-05
1.22694e-05
1.38609e-05
1.49297e-05
1.52925e-05
1.47475e-05
1.31163e-05
1.03538e-05
6.75353e-06
-8.88428e-06
-8.5558e-06
-8.10462e-06
-7.61057e-06
-7.11249e-06
-6.65174e-06
-6.25459e-06
-5.92953e-06
-5.67678e-06
-5.49332e-06
-5.37474e-06
-5.31722e-06
-5.31709e-06
-5.37151e-06
-5.48093e-06
-5.64921e-06
-5.88205e-06
-6.19026e-06
-6.58864e-06
-7.09708e-06
-7.72706e-06
-8.47332e-06
-9.20024e-06
-9.68326e-06
-9.82676e-06
-9.59874e-06
-8.98903e-06
-8.01593e-06
-6.71248e-06
-5.11701e-06
-3.27244e-06
-1.22757e-06
9.61176e-07
3.22844e-06
5.4992e-06
7.68827e-06
9.69918e-06
1.14229e-05
1.27366e-05
1.35055e-05
1.35908e-05
1.28733e-05
1.12965e-05
8.93204e-06
6.04977e-06
-8.56636e-06
-8.30023e-06
-7.93245e-06
-7.50764e-06
-7.06362e-06
-6.63873e-06
-6.26033e-06
-5.94283e-06
-5.69145e-06
-5.50657e-06
-5.38589e-06
-5.327e-06
-5.3267e-06
-5.38228e-06
-5.49451e-06
-5.66714e-06
-5.90518e-06
-6.21864e-06
-6.62108e-06
-7.1302e-06
-7.75432e-06
-8.48494e-06
-9.1869e-06
-9.6422e-06
-9.76158e-06
-9.51589e-06
-8.89562e-06
-7.91994e-06
-6.62369e-06
-5.04768e-06
-3.2381e-06
-1.24759e-06
8.63232e-07
3.02456e-06
5.1571e-06
7.17223e-06
8.9724e-06
1.04523e-05
1.15023e-05
1.20152e-05
1.19011e-05
1.11092e-05
9.65698e-06
7.65823e-06
5.33375e-06
-8.26416e-06
-8.04798e-06
-7.75035e-06
-7.39384e-06
-7.00867e-06
-6.62687e-06
-6.27501e-06
-5.97097e-06
-5.72451e-06
-5.53974e-06
-5.41696e-06
-5.3558e-06
-5.35386e-06
-5.40886e-06
-5.52233e-06
-5.69786e-06
-5.93959e-06
-6.25664e-06
-6.66123e-06
-7.16855e-06
-7.78349e-06
-8.49401e-06
-9.16581e-06
-9.58889e-06
-9.68104e-06
-9.41633e-06
-8.78618e-06
-7.81106e-06
-6.52795e-06
-4.98041e-06
-3.21818e-06
-1.29769e-06
7.16664e-07
2.75164e-06
4.72553e-06
6.54949e-06
8.1297e-06
9.37102e-06
1.01833e-05
1.04911e-05
1.02471e-05
9.44793e-06
8.14752e-06
6.46241e-06
4.56225e-06
-7.96856e-06
-7.79377e-06
-7.55506e-06
-7.26322e-06
-6.93847e-06
-6.60563e-06
-6.2885e-06
-6.00585e-06
-5.77052e-06
-5.5899e-06
-5.46709e-06
-5.40437e-06
-5.40017e-06
-5.45329e-06
-5.56666e-06
-5.74359e-06
-5.98712e-06
-6.30558e-06
-6.70972e-06
-7.21196e-06
-7.8135e-06
-8.49847e-06
-9.13415e-06
-9.52017e-06
-9.58211e-06
-9.29761e-06
-8.65934e-06
-7.68958e-06
-6.42777e-06
-4.92027e-06
-3.22033e-06
-1.38784e-06
5.10068e-07
2.39847e-06
4.19591e-06
5.81709e-06
7.17661e-06
8.19431e-06
8.80253e-06
8.95529e-06
8.6373e-06
7.87263e-06
6.72732e-06
5.30442e-06
3.73091e-06
-7.67369e-06
-7.53461e-06
-7.34601e-06
-7.1125e-06
-6.84638e-06
-6.56565e-06
-6.28991e-06
-6.03674e-06
-5.82019e-06
-5.64981e-06
-5.53125e-06
-5.46978e-06
-5.46385e-06
-5.51477e-06
-5.62764e-06
-5.80483e-06
-6.0481e-06
-6.36543e-06
-6.766e-06
-7.25918e-06
-7.84226e-06
-8.49547e-06
-9.08849e-06
-9.43256e-06
-9.46197e-06
-9.158e-06
-8.51491e-06
-7.55758e-06
-6.32793e-06
-4.8748e-06
-3.2547e-06
-1.53002e-06
2.31049e-07
1.9543e-06
3.56165e-06
4.97505e-06
6.12125e-06
6.9374e-06
7.37752e-06
7.41941e-06
7.06854e-06
6.3614e-06
5.36261e-06
4.15705e-06
2.83896e-06
-7.37316e-06
-7.26619e-06
-7.12105e-06
-6.9394e-06
-6.72823e-06
-6.49993e-06
-6.26965e-06
-6.05251e-06
-5.86222e-06
-5.70908e-06
-5.6006e-06
-5.54483e-06
-5.53865e-06
-5.5886e-06
-5.70238e-06
-5.87947e-06
-6.12038e-06
-6.43396e-06
-6.82758e-06
-7.30725e-06
-7.86632e-06
-8.48121e-06
-9.02494e-06
-9.32282e-06
-9.31877e-06
-8.99739e-06
-8.35493e-06
-7.41992e-06
-6.23631e-06
-4.85458e-06
-3.33391e-06
-1.73781e-06
-1.33067e-07
1.40965e-06
2.81867e-06
4.02612e-06
4.97288e-06
5.6133e-06
5.91975e-06
5.88647e-06
5.5305e-06
4.89103e-06
4.02504e-06
2.99979e-06
1.88525e-06
-7.05871e-06
-6.98172e-06
-6.87537e-06
-6.74008e-06
-6.57965e-06
-6.40228e-06
-6.21911e-06
-6.04246e-06
-5.88462e-06
-5.75536e-06
-5.66473e-06
-5.61765e-06
-5.61475e-06
-5.66713e-06
-5.78507e-06
-5.96227e-06
-6.19876e-06
-6.50616e-06
-6.88954e-06
-7.35121e-06
-7.88073e-06
-8.45113e-06
-8.93972e-06
-9.1887e-06
-9.15267e-06
-8.81852e-06
-8.18492e-06
-7.28547e-06
-6.16477e-06
-4.8735e-06
-3.4729e-06
-2.02564e-06
-5.94195e-07
7.57207e-07
1.96571e-06
2.97522e-06
3.74078e-06
4.23182e-06
4.43452e-06
4.35312e-06
4.00919e-06
3.43932e-06
2.69084e-06
1.81591e-06
8.66599e-07
-6.71983e-06
-6.67166e-06
-6.60096e-06
-6.50777e-06
-6.3941e-06
-6.26528e-06
-6.12923e-06
-5.99552e-06
-5.87457e-06
-5.77486e-06
-5.708e-06
-5.67605e-06
-5.68215e-06
-5.74241e-06
-5.8646e-06
-6.04165e-06
-6.27405e-06
-6.57395e-06
-6.94442e-06
-7.38413e-06
-7.87934e-06
-8.40049e-06
-8.83006e-06
-9.03022e-06
-8.96713e-06
-8.62793e-06
-8.01504e-06
-7.16825e-06
-6.12952e-06
-4.94846e-06
-3.68809e-06
-2.40756e-06
-1.16211e-06
-7.18557e-09
1.00461e-06
1.82903e-06
2.43375e-06
2.80001e-06
2.92326e-06
2.81268e-06
2.48998e-06
1.98665e-06
1.34051e-06
5.91427e-07
-2.21721e-07
-6.34327e-06
-6.32348e-06
-6.28645e-06
-6.23223e-06
-6.16198e-06
-6.07912e-06
-5.98925e-06
-5.89953e-06
-5.81815e-06
-5.75287e-06
-5.71185e-06
-5.70225e-06
-5.72806e-06
-5.80086e-06
-5.92645e-06
-6.10336e-06
-6.33436e-06
-6.62673e-06
-6.98261e-06
-7.39764e-06
-7.85552e-06
-8.32526e-06
-8.69526e-06
-8.85103e-06
-8.76999e-06
-8.4367e-06
-7.86053e-06
-7.0885e-06
-6.14976e-06
-5.09767e-06
-3.99579e-06
-2.8956e-06
-1.84301e-06
-8.83713e-07
-5.97479e-08
5.95534e-07
1.05995e-06
1.32303e-06
1.38547e-06
1.258e-06
9.60002e-07
5.17192e-07
-4.10437e-08
-6.84605e-07
-1.38446e-06
-5.91189e-06
-5.92079e-06
-5.91648e-06
-5.89923e-06
-5.86986e-06
-5.8307e-06
-5.78567e-06
-5.74005e-06
-5.70009e-06
-5.67236e-06
-5.66393e-06
-5.682e-06
-5.7315e-06
-5.81992e-06
-5.9538e-06
-6.13509e-06
-6.36667e-06
-6.65202e-06
-6.9929e-06
-7.3826e-06
-7.803e-06
-8.22322e-06
-8.53763e-06
-8.65928e-06
-8.57345e-06
-8.2584e-06
-7.74827e-06
-7.06842e-06
-6.24256e-06
-5.33853e-06
-4.41069e-06
-3.49846e-06
-2.63881e-06
-1.86853e-06
-1.21981e-06
-7.16591e-07
-3.73394e-07
-1.95547e-07
-1.80167e-07
-3.1727e-07
-5.9078e-07
-9.80549e-07
-1.46429e-06
-2.01956e-06
-2.62472e-06
-5.40497e-06
-5.4433e-06
-5.47163e-06
-5.49041e-06
-5.5004e-06
-5.5033e-06
-5.50196e-06
-5.50032e-06
-5.50314e-06
-5.51585e-06
-5.54419e-06
-5.5942e-06
-5.67093e-06
-5.78031e-06
-5.9286e-06
-6.11902e-06
-6.35407e-06
-6.63503e-06
-6.96296e-06
-7.32966e-06
-7.71649e-06
-8.09398e-06
-8.36526e-06
-8.46845e-06
-8.38853e-06
-8.12652e-06
-7.70431e-06
-7.11639e-06
-6.42587e-06
-5.69013e-06
-4.94547e-06
-4.22108e-06
-3.54785e-06
-2.95503e-06
-2.46633e-06
-2.09826e-06
-1.85993e-06
-1.75366e-06
-1.7761e-06
-1.91924e-06
-2.17063e-06
-2.51517e-06
-2.93643e-06
-3.41791e-06
-3.94363e-06
-4.80118e-06
-4.86993e-06
-4.9313e-06
-4.98597e-06
-5.03465e-06
-5.07867e-06
-5.12025e-06
-5.16245e-06
-5.20892e-06
-5.26387e-06
-5.33181e-06
-5.41764e-06
-5.52614e-06
-5.66228e-06
-5.83117e-06
-6.03597e-06
-6.27929e-06
-6.56094e-06
-6.8812e-06
-7.23132e-06
-7.59276e-06
-7.9398e-06
-8.18932e-06
-8.29285e-06
-8.25227e-06
-8.06564e-06
-7.71938e-06
-7.25392e-06
-6.72665e-06
-6.16925e-06
-5.6065e-06
-5.06302e-06
-4.565e-06
-4.13482e-06
-3.78923e-06
-3.5396e-06
-3.39204e-06
-3.34763e-06
-3.40316e-06
-3.55217e-06
-3.78567e-06
-4.09293e-06
-4.46247e-06
-4.88254e-06
-5.34144e-06
-4.08027e-06
-4.18162e-06
-4.27722e-06
-4.3686e-06
-4.45644e-06
-4.5416e-06
-4.62593e-06
-4.71201e-06
-4.80275e-06
-4.90131e-06
-5.01128e-06
-5.13659e-06
-5.28132e-06
-5.44954e-06
-5.645e-06
-5.87079e-06
-6.12885e-06
-6.41905e-06
-6.74029e-06
-7.08395e-06
-7.43617e-06
-7.7693e-06
-8.02053e-06
-8.16256e-06
-8.18433e-06
-8.06581e-06
-7.83125e-06
-7.51807e-06
-7.16042e-06
-6.77794e-06
-6.38962e-06
-6.01762e-06
-5.68227e-06
-5.39933e-06
-5.18017e-06
-5.03299e-06
-4.96259e-06
-4.97063e-06
-5.05579e-06
-5.21275e-06
-5.4338e-06
-5.71168e-06
-6.03922e-06
-6.40859e-06
-6.81139e-06
-3.22168e-06
-3.35864e-06
-3.49101e-06
-3.62093e-06
-3.74926e-06
-3.87678e-06
-4.00511e-06
-4.13643e-06
-4.27308e-06
-4.41749e-06
-4.57244e-06
-4.74111e-06
-4.92665e-06
-5.13243e-06
-5.36113e-06
-5.61552e-06
-5.89713e-06
-6.20538e-06
-6.53993e-06
-6.89172e-06
-7.2529e-06
-7.60331e-06
-7.88321e-06
-8.08575e-06
-8.18048e-06
-8.16061e-06
-8.06091e-06
-7.90793e-06
-7.71784e-06
-7.5043e-06
-7.28392e-06
-7.07373e-06
-6.88826e-06
-6.73856e-06
-6.63277e-06
-6.57688e-06
-6.57415e-06
-6.62696e-06
-6.73649e-06
-6.89931e-06
-7.10972e-06
-7.36349e-06
-7.65629e-06
-7.9828e-06
-8.33708e-06
-2.24262e-06
-2.41138e-06
-2.5796e-06
-2.74703e-06
-2.91434e-06
-3.08296e-06
-3.25467e-06
-3.4313e-06
-3.6146e-06
-3.80645e-06
-4.00901e-06
-4.22471e-06
-4.45605e-06
-4.70554e-06
-4.97542e-06
-5.26772e-06
-5.58372e-06
-5.92333e-06
-6.28542e-06
-6.66578e-06
-7.05632e-06
-7.44759e-06
-7.79835e-06
-8.06495e-06
-8.2449e-06
-8.35268e-06
-8.40371e-06
-8.40823e-06
-8.37861e-06
-8.32641e-06
-8.26376e-06
-8.20243e-06
-8.15253e-06
-8.12256e-06
-8.11925e-06
-8.14709e-06
-8.20968e-06
-8.30729e-06
-8.43755e-06
-8.60159e-06
-8.80139e-06
-9.03496e-06
-9.29828e-06
-9.58726e-06
-9.89806e-06
-1.25088e-06
-1.45398e-06
-1.65589e-06
-1.86097e-06
-2.06926e-06
-2.28067e-06
-2.49644e-06
-2.71828e-06
-2.94786e-06
-3.18677e-06
-3.43672e-06
-3.6996e-06
-3.97738e-06
-4.27208e-06
-4.58558e-06
-4.91945e-06
-5.27497e-06
-5.65231e-06
-6.0514e-06
-6.4698e-06
-6.90349e-06
-7.3459e-06
-7.75794e-06
-8.10638e-06
-8.39374e-06
-8.6259e-06
-8.80723e-06
-8.94551e-06
-9.05074e-06
-9.13213e-06
-9.19823e-06
-9.25739e-06
-9.31715e-06
-9.3837e-06
-9.46204e-06
-9.55539e-06
-9.66652e-06
-9.79873e-06
-9.95376e-06
-1.0131e-05
-1.03296e-05
-1.05496e-05
-1.07898e-05
-1.10483e-05
-1.13229e-05
-3.64393e-07
-6.06244e-07
-8.49641e-07
-1.09173e-06
-1.33607e-06
-1.58571e-06
-1.84157e-06
-2.10437e-06
-2.37546e-06
-2.65639e-06
-2.94867e-06
-3.25381e-06
-3.57345e-06
-3.90926e-06
-4.26287e-06
-4.63569e-06
-5.02891e-06
-5.44323e-06
-5.87881e-06
-6.33481e-06
-6.80877e-06
-7.29633e-06
-7.76758e-06
-8.19094e-06
-8.56182e-06
-8.88327e-06
-9.15907e-06
-9.3953e-06
-9.59931e-06
-9.77826e-06
-9.93869e-06
-1.00866e-05
-1.02276e-05
-1.03662e-05
-1.05065e-05
-1.06523e-05
-1.08063e-05
-1.09707e-05
-1.11476e-05
-1.13378e-05
-1.15411e-05
-1.17565e-05
-1.19837e-05
-1.22223e-05
-1.24717e-05
2.79007e-07
1.42439e-08
-2.52635e-07
-5.22087e-07
-7.96235e-07
-1.07675e-06
-1.36432e-06
-1.65965e-06
-1.96396e-06
-2.27855e-06
-2.60466e-06
-2.94353e-06
-3.29655e-06
-3.66512e-06
-4.05064e-06
-4.45438e-06
-4.87747e-06
-5.32075e-06
-5.78469e-06
-6.26913e-06
-6.77293e-06
-7.29441e-06
-7.80715e-06
-8.27887e-06
-8.70315e-06
-9.08293e-06
-9.42168e-06
-9.72404e-06
-9.99552e-06
-1.02416e-05
-1.04674e-05
-1.06773e-05
-1.08754e-05
-1.10657e-05
-1.12514e-05
-1.14356e-05
-1.16206e-05
-1.18081e-05
-1.19999e-05
-1.21977e-05
-1.24015e-05
-1.26113e-05
-1.28275e-05
-1.30502e-05
-1.32794e-05
7.55878e-07
4.70945e-07
1.82244e-07
-1.11382e-07
-4.11089e-07
-7.17661e-07
-1.03178e-06
-1.35426e-06
-1.68607e-06
-2.02821e-06
-2.38167e-06
-2.7475e-06
-3.12686e-06
-3.52092e-06
-3.93084e-06
-4.35772e-06
-4.80259e-06
-5.2663e-06
-5.74944e-06
-6.25225e-06
-6.77448e-06
-7.31532e-06
-7.85034e-06
-8.34899e-06
-8.80497e-06
-9.22091e-06
-9.59982e-06
-9.94543e-06
-1.02619e-05
-1.05534e-05
-1.08236e-05
-1.10762e-05
-1.13143e-05
-1.1541e-05
-1.17588e-05
-1.19702e-05
-1.21771e-05
-1.23815e-05
-1.25854e-05
-1.27898e-05
-1.29953e-05
-1.32027e-05
-1.34125e-05
-1.36251e-05
-1.38407e-05
1.09104e-06
7.87869e-07
4.79488e-07
1.65149e-07
-1.55793e-07
-4.83952e-07
-8.19993e-07
-1.16459e-06
-1.51847e-06
-1.88238e-06
-2.25715e-06
-2.64363e-06
-3.04275e-06
-3.45545e-06
-3.88268e-06
-4.32535e-06
-4.78433e-06
-5.26038e-06
-5.75411e-06
-6.2659e-06
-6.79579e-06
-7.34326e-06
-7.8862e-06
-8.39673e-06
-8.86902e-06
-9.30539e-06
-9.70841e-06
-1.0081e-05
-1.04264e-05
-1.07475e-05
-1.10475e-05
-1.1329e-05
-1.15945e-05
-1.18465e-05
-1.20872e-05
-1.23185e-05
-1.2542e-05
-1.27596e-05
-1.29733e-05
-1.3184e-05
-1.33924e-05
-1.35995e-05
-1.38059e-05
-1.40123e-05
-1.4219e-05
1.31427e-06
9.95374e-07
6.70456e-07
3.39098e-07
7.85037e-10
-3.44999e-07
-6.98743e-07
-1.06093e-06
-1.43209e-06
-1.81282e-06
-2.20374e-06
-2.60552e-06
-3.01888e-06
-3.44452e-06
-3.88319e-06
-4.3356e-06
-4.80246e-06
-5.28437e-06
-5.78189e-06
-6.29534e-06
-6.82484e-06
-7.37005e-06
-7.91123e-06
-8.42353e-06
-8.90172e-06
-9.34778e-06
-9.76379e-06
-1.0152e-05
-1.05149e-05
-1.08548e-05
-1.11741e-05
-1.14748e-05
-1.17591e-05
-1.20287e-05
-1.22857e-05
-1.25316e-05
-1.27682e-05
-1.29962e-05
-1.32179e-05
-1.34341e-05
-1.36458e-05
-1.38538e-05
-1.40589e-05
-1.42618e-05
-1.44632e-05
1.45605e-06
1.12382e-06
7.85149e-07
4.39713e-07
8.71187e-08
-2.72974e-07
-6.40878e-07
-1.01693e-06
-1.40151e-06
-1.79504e-06
-2.19797e-06
-2.6108e-06
-3.03403e-06
-3.46817e-06
-3.91379e-06
-4.37139e-06
-4.84152e-06
-5.32461e-06
-5.82109e-06
-6.33119e-06
-6.85507e-06
-7.39239e-06
-7.92578e-06
-8.4335e-06
-8.91091e-06
-9.35958e-06
-9.78113e-06
-1.01774e-05
-1.05502e-05
-1.09015e-05
-1.12329e-05
-1.15463e-05
-1.18432e-05
-1.21252e-05
-1.23938e-05
-1.26502e-05
-1.28961e-05
-1.3133e-05
-1.33615e-05
-1.35827e-05
-1.37977e-05
-1.40075e-05
-1.42129e-05
-1.44147e-05
-1.46136e-05
1.54095e-06
1.19745e-06
8.47256e-07
4.90138e-07
1.25855e-07
-2.45781e-07
-6.24952e-07
-1.01187e-06
-1.40678e-06
-1.80995e-06
-2.22168e-06
-2.64229e-06
-3.07212e-06
-3.51152e-06
-3.96085e-06
-4.42046e-06
-4.89072e-06
-5.37191e-06
-5.86433e-06
-6.36809e-06
-6.88332e-06
-7.40966e-06
-7.93196e-06
-8.4315e-06
-8.90415e-06
-9.35105e-06
-9.77349e-06
-1.01729e-05
-1.05507e-05
-1.09085e-05
-1.12474e-05
-1.1569e-05
-1.18744e-05
-1.2165e-05
-1.24419e-05
-1.27064e-05
-1.29595e-05
-1.32029e-05
-1.3437e-05
-1.36628e-05
-1.38814e-05
-1.40937e-05
-1.43005e-05
-1.45028e-05
-1.47012e-05
1.58782e-06
1.23479e-06
8.74947e-07
5.08165e-07
1.34331e-07
-2.46624e-07
-6.34775e-07
-1.03022e-06
-1.43309e-06
-1.84351e-06
-2.26166e-06
-2.6877e-06
-3.12183e-06
-3.56424e-06
-4.01514e-06
-4.47473e-06
-4.94321e-06
-5.42073e-06
-5.90746e-06
-6.40338e-06
-6.90858e-06
-7.42263e-06
-7.93247e-06
-8.42214e-06
-8.88793e-06
-9.33062e-06
-9.75122e-06
-1.01509e-05
-1.05307e-05
-1.08917e-05
-1.12351e-05
-1.15619e-05
-1.1873e-05
-1.21696e-05
-1.24526e-05
-1.27231e-05
-1.29819e-05
-1.32305e-05
-1.34692e-05
-1.36991e-05
-1.39212e-05
-1.41363e-05
-1.43452e-05
-1.4549e-05
-1.47483e-05
1.61063e-06
1.24951e-06
8.81556e-07
5.0673e-07
1.25028e-07
-2.63523e-07
-6.58908e-07
-1.06113e-06
-1.4702e-06
-1.88616e-06
-2.30904e-06
-2.7389e-06
-3.17579e-06
-3.61979e-06
-4.07096e-06
-4.52936e-06
-4.99507e-06
-5.46808e-06
-5.94847e-06
-6.43608e-06
-6.93096e-06
-7.43258e-06
-7.9298e-06
-8.40911e-06
-8.86718e-06
-9.30449e-06
-9.7218e-06
-1.012e-05
-1.04999e-05
-1.08624e-05
-1.12083e-05
-1.15383e-05
-1.18533e-05
-1.21541e-05
-1.24416e-05
-1.27166e-05
-1.29799e-05
-1.32326e-05
-1.34753e-05
-1.37089e-05
-1.39342e-05
-1.41521e-05
-1.43636e-05
-1.45693e-05
-1.47704e-05
1.61911e-06
1.25107e-06
8.7623e-07
4.94632e-07
1.06361e-07
-2.8848e-07
-6.89796e-07
-1.09751e-06
-1.51153e-06
-1.93182e-06
-2.35829e-06
-2.7909e-06
-3.2296e-06
-3.67434e-06
-4.12507e-06
-4.58172e-06
-5.04426e-06
-5.51255e-06
-5.98656e-06
-6.46604e-06
-6.95096e-06
-7.4407e-06
-7.92583e-06
-8.39504e-06
-8.84528e-06
-9.27682e-06
-9.69024e-06
-1.00862e-05
-1.04652e-05
-1.0828e-05
-1.11751e-05
-1.15072e-05
-1.18248e-05
-1.21286e-05
-1.24194e-05
-1.26979e-05
-1.29647e-05
-1.32208e-05
-1.34669e-05
-1.37037e-05
-1.39319e-05
-1.41526e-05
-1.43665e-05
-1.45746e-05
-1.47777e-05
1.61968e-06
1.24566e-06
8.64908e-07
4.7753e-07
8.36839e-08
-3.16461e-07
-7.22744e-07
-1.13501e-06
-1.55311e-06
-1.97688e-06
-2.40619e-06
-2.84088e-06
-3.28081e-06
-3.72583e-06
-4.17579e-06
-4.63051e-06
-5.08985e-06
-5.55358e-06
-6.02154e-06
-6.49341e-06
-6.96907e-06
-7.44784e-06
-7.92178e-06
-8.38152e-06
-8.82428e-06
-9.25016e-06
-9.65956e-06
-1.00529e-05
-1.04306e-05
-1.0793e-05
-1.11407e-05
-1.14739e-05
-1.17933e-05
-1.20994e-05
-1.23927e-05
-1.26739e-05
-1.29435e-05
-1.32024e-05
-1.34514e-05
-1.36909e-05
-1.39218e-05
-1.41449e-05
-1.43612e-05
-1.45716e-05
-1.47769e-05
1.61637e-06
1.23713e-06
8.51234e-07
4.58853e-07
6.02009e-08
-3.445e-07
-7.55032e-07
-1.17117e-06
-1.5927e-06
-2.0194e-06
-2.45103e-06
-2.88738e-06
-3.32822e-06
-3.7733e-06
-4.22238e-06
-4.67521e-06
-5.13153e-06
-5.59103e-06
-6.05346e-06
-6.5184e-06
-6.98567e-06
-7.4545e-06
-7.91831e-06
-8.36941e-06
-8.80526e-06
-9.22583e-06
-9.63136e-06
-1.00221e-05
-1.03982e-05
-1.076e-05
-1.11078e-05
-1.14418e-05
-1.17625e-05
-1.20702e-05
-1.23654e-05
-1.26488e-05
-1.29207e-05
-1.31818e-05
-1.34332e-05
-1.36751e-05
-1.39082e-05
-1.41337e-05
-1.43522e-05
-1.45646e-05
-1.4772e-05
1.61154e-06
1.22771e-06
8.37298e-07
4.40534e-07
3.76788e-08
-3.70999e-07
-7.85228e-07
-1.20473e-06
-1.62923e-06
-2.05843e-06
-2.49206e-06
-2.9298e-06
-3.37135e-06
-3.81641e-06
-4.26465e-06
-4.71573e-06
-5.16931e-06
-5.625e-06
-6.08246e-06
-6.5412e-06
-7.00097e-06
-7.46094e-06
-7.9157e-06
-8.35902e-06
-8.78863e-06
-9.20437e-06
-9.60632e-06
-9.99453e-06
-1.03691e-05
-1.07301e-05
-1.10778e-05
-1.14123e-05
-1.17339e-05
-1.20429e-05
-1.23397e-05
-1.26248e-05
-1.28986e-05
-1.31615e-05
-1.3415e-05
-1.3659e-05
-1.38941e-05
-1.41214e-05
-1.43418e-05
-1.45562e-05
-1.47654e-05
1.60651e-06
1.2186e-06
8.2419e-07
4.23549e-07
1.69798e-08
-3.95209e-07
-8.127e-07
-1.23517e-06
-1.66228e-06
-2.09369e-06
-2.52905e-06
-2.96801e-06
-3.41019e-06
-3.85522e-06
-4.30269e-06
-4.75221e-06
-5.20336e-06
-5.65567e-06
-6.10874e-06
-6.56199e-06
-7.01512e-06
-7.46723e-06
-7.91395e-06
-8.35036e-06
-8.77442e-06
-9.18583e-06
-9.58454e-06
-9.97048e-06
-1.03436e-05
-1.07039e-05
-1.10514e-05
-1.13862e-05
-1.17085e-05
-1.20185e-05
-1.23166e-05
-1.26032e-05
-1.28783e-05
-1.3143e-05
-1.33982e-05
-1.36439e-05
-1.38806e-05
-1.41096e-05
-1.43316e-05
-1.45477e-05
-1.47585e-05
1.60191e-06
1.21037e-06
8.12406e-07
4.0832e-07
-1.55233e-09
-4.16863e-07
-8.37253e-07
-1.26236e-06
-1.69179e-06
-2.12517e-06
-2.56208e-06
-3.00213e-06
-3.44488e-06
-3.88989e-06
-4.33671e-06
-4.78487e-06
-5.23389e-06
-5.68323e-06
-6.13244e-06
-6.58088e-06
-7.02817e-06
-7.47335e-06
-7.91298e-06
-8.34329e-06
-8.76243e-06
-9.17002e-06
-9.56587e-06
-9.94976e-06
-1.03216e-05
-1.06811e-05
-1.10284e-05
-1.13635e-05
-1.16864e-05
-1.19973e-05
-1.22964e-05
-1.25841e-05
-1.28604e-05
-1.31267e-05
-1.33832e-05
-1.36303e-05
-1.38684e-05
-1.40988e-05
-1.43223e-05
-1.45397e-05
-1.47521e-05
1.598e-06
1.20323e-06
8.02116e-07
3.94968e-07
-1.78385e-08
-4.35924e-07
-8.58894e-07
-1.28634e-06
-1.71785e-06
-2.15298e-06
-2.5913e-06
-3.03233e-06
-3.4756e-06
-3.92063e-06
-4.36691e-06
-4.8139e-06
-5.26107e-06
-5.70784e-06
-6.15369e-06
-6.59791e-06
-7.0401e-06
-7.47923e-06
-7.91263e-06
-8.33759e-06
-8.75243e-06
-9.15667e-06
-9.55e-06
-9.9321e-06
-1.03027e-05
-1.06617e-05
-1.10088e-05
-1.13441e-05
-1.16674e-05
-1.1979e-05
-1.2279e-05
-1.25678e-05
-1.2845e-05
-1.31127e-05
-1.33704e-05
-1.36186e-05
-1.38579e-05
-1.40895e-05
-1.43142e-05
-1.45328e-05
-1.47463e-05
1.5948e-06
1.19715e-06
7.93206e-07
3.83323e-07
-3.21063e-08
-4.52674e-07
-8.77953e-07
-1.3075e-06
-1.74087e-06
-2.17759e-06
-2.61717e-06
-3.0591e-06
-3.50288e-06
-3.94796e-06
-4.39379e-06
-4.83979e-06
-5.28537e-06
-5.72992e-06
-6.17283e-06
-6.61338e-06
-7.05109e-06
-7.48488e-06
-7.91277e-06
-8.33297e-06
-8.74402e-06
-9.14532e-06
-9.53644e-06
-9.91699e-06
-1.02866e-05
-1.0645e-05
-1.0992e-05
-1.13274e-05
-1.16512e-05
-1.19634e-05
-1.22642e-05
-1.25538e-05
-1.2832e-05
-1.31007e-05
-1.33594e-05
-1.36086e-05
-1.38489e-05
-1.40815e-05
-1.43071e-05
-1.45267e-05
-1.47412e-05
1.59213e-06
1.19175e-06
7.85136e-07
3.72664e-07
-4.52497e-08
-4.68169e-07
-8.95639e-07
-1.32719e-06
-1.76233e-06
-2.20056e-06
-2.64135e-06
-3.08417e-06
-3.52845e-06
-3.97361e-06
-4.41906e-06
-4.86417e-06
-5.30832e-06
-5.75082e-06
-6.19103e-06
-6.62819e-06
-7.06176e-06
-7.49058e-06
-7.91331e-06
-8.32906e-06
-8.73659e-06
-9.13516e-06
-9.52425e-06
-9.90336e-06
-1.02721e-05
-1.063e-05
-1.09769e-05
-1.13125e-05
-1.16367e-05
-1.19495e-05
-1.2251e-05
-1.25414e-05
-1.28205e-05
-1.309e-05
-1.33497e-05
-1.35997e-05
-1.38409e-05
-1.40743e-05
-1.43008e-05
-1.45213e-05
-1.47367e-05
1.58991e-06
1.18687e-06
7.7764e-07
3.62611e-07
-5.77614e-08
-4.83012e-07
-9.12653e-07
-1.34618e-06
-1.78308e-06
-2.2228e-06
-2.66479e-06
-3.10847e-06
-3.55323e-06
-3.99846e-06
-4.44351e-06
-4.88772e-06
-5.33041e-06
-5.77088e-06
-6.20844e-06
-6.6423e-06
-7.0719e-06
-7.49605e-06
-7.91407e-06
-8.32586e-06
-8.73016e-06
-9.12618e-06
-9.51333e-06
-9.89106e-06
-1.02589e-05
-1.06163e-05
-1.0963e-05
-1.12987e-05
-1.16232e-05
-1.19365e-05
-1.22386e-05
-1.25298e-05
-1.28097e-05
-1.30801e-05
-1.33406e-05
-1.35915e-05
-1.38336e-05
-1.40679e-05
-1.42952e-05
-1.45164e-05
-1.47326e-05
-2.26681e-06
-8.01015e-06
-8.71487e-06
-9.13637e-06
-9.79064e-06
-1.06039e-05
-1.15437e-05
-1.25924e-05
-1.37427e-05
-1.4995e-05
-1.63544e-05
-1.78296e-05
-1.94322e-05
-2.11778e-05
-2.30829e-05
4.63571e-07
-5.03196e-06
-7.09859e-06
-8.31103e-06
-9.34928e-06
-1.03512e-05
-1.13914e-05
-1.24983e-05
-1.36841e-05
-1.49583e-05
-1.63309e-05
-1.78133e-05
-1.9419e-05
-2.11645e-05
-2.30669e-05
2.12814e-06
-3.02599e-06
-5.8317e-06
-7.56368e-06
-8.90953e-06
-1.00913e-05
-1.12345e-05
-1.24024e-05
-1.36252e-05
-1.4922e-05
-1.6308e-05
-1.77976e-05
-1.94061e-05
-2.1151e-05
-2.30502e-05
2.77342e-06
-1.74422e-06
-4.80417e-06
-6.8763e-06
-8.47117e-06
-9.82322e-06
-1.10728e-05
-1.23052e-05
-1.35671e-05
-1.48875e-05
-1.62871e-05
-1.77838e-05
-1.93945e-05
-2.11384e-05
-2.30337e-05
2.95856e-06
-7.59309e-07
-3.82548e-06
-6.14581e-06
-7.97398e-06
-9.50579e-06
-1.08783e-05
-1.21889e-05
-1.34991e-05
-1.48484e-05
-1.62644e-05
-1.77693e-05
-1.93827e-05
-2.11252e-05
-2.30161e-05
3.00879e-06
-8.65448e-08
-2.96479e-06
-5.39422e-06
-7.4092e-06
-9.11785e-06
-1.06284e-05
-1.2035e-05
-1.34078e-05
-1.47957e-05
-1.62342e-05
-1.77507e-05
-1.93683e-05
-2.11097e-05
-2.29957e-05
2.87853e-06
2.93401e-07
-2.30561e-06
-4.70348e-06
-6.819e-06
-8.66964e-06
-1.03155e-05
-1.18298e-05
-1.32795e-05
-1.47185e-05
-1.61883e-05
-1.77221e-05
-1.93473e-05
-2.10892e-05
-2.29705e-05
2.55655e-06
3.94049e-07
-1.89576e-06
-4.15586e-06
-6.27259e-06
-8.20222e-06
-9.95505e-06
-1.15722e-05
-1.31058e-05
-1.46062e-05
-1.61172e-05
-1.76759e-05
-1.93135e-05
-2.10588e-05
-2.29365e-05
2.06966e-06
2.51047e-07
-1.74e-06
-3.80326e-06
-5.83732e-06
-7.77316e-06
-9.58451e-06
-1.12803e-05
-1.28907e-05
-1.44551e-05
-1.60137e-05
-1.76039e-05
-1.92596e-05
-2.10118e-05
-2.28878e-05
1.44531e-06
-9.50975e-08
-1.8174e-06
-3.66361e-06
-5.55944e-06
-7.43665e-06
-9.2509e-06
-1.09866e-05
-1.26524e-05
-1.4272e-05
-1.58772e-05
-1.75018e-05
-1.91791e-05
-2.09412e-05
-2.2817e-05
7.03705e-07
-6.1032e-07
-2.09886e-06
-3.73162e-06
-5.46072e-06
-7.23158e-06
-8.99741e-06
-1.07292e-05
-1.24185e-05
-1.40738e-05
-1.57154e-05
-1.73704e-05
-1.90687e-05
-2.0841e-05
-2.27166e-05
-1.43263e-07
-1.27087e-06
-2.55842e-06
-3.99256e-06
-5.54587e-06
-7.18057e-06
-8.85705e-06
-1.0543e-05
-1.22197e-05
-1.38832e-05
-1.55427e-05
-1.72168e-05
-1.89294e-05
-2.07079e-05
-2.25799e-05
-1.09016e-06
-2.06229e-06
-3.17724e-06
-4.43152e-06
-5.81173e-06
-7.29508e-06
-8.85298e-06
-1.0457e-05
-1.20851e-05
-1.37255e-05
-1.53779e-05
-1.70525e-05
-1.8766e-05
-2.05408e-05
-2.24012e-05
-2.13492e-06
-2.97607e-06
-3.94255e-06
-5.03625e-06
-6.25262e-06
-7.58013e-06
-9.00117e-06
-1.04949e-05
-1.20413e-05
-1.36259e-05
-1.52416e-05
-1.68921e-05
-1.85868e-05
-2.03414e-05
-2.21762e-05
-3.27604e-06
-4.00614e-06
-4.84473e-06
-5.79631e-06
-6.8614e-06
-8.036e-06
-9.31135e-06
-1.06747e-05
-1.21116e-05
-1.36085e-05
-1.51566e-05
-1.67514e-05
-1.84018e-05
-2.01138e-05
-2.19021e-05
-4.51111e-06
-5.14653e-06
-5.87473e-06
-6.7011e-06
-7.62867e-06
-8.65785e-06
-9.78605e-06
-1.10074e-05
-1.23135e-05
-1.36946e-05
-1.51431e-05
-1.66518e-05
-1.82226e-05
-1.98634e-05
-2.15783e-05
-5.83753e-06
-6.3915e-06
-7.02369e-06
-7.73944e-06
-8.54264e-06
-9.43589e-06
-1.04202e-05
-1.14945e-05
-1.26555e-05
-1.38984e-05
-1.52175e-05
-1.66092e-05
-1.80666e-05
-1.95986e-05
-2.12072e-05
-7.24649e-06
-7.72994e-06
-8.278e-06
-8.89543e-06
-9.58605e-06
-1.03531e-05
-1.11993e-05
-1.21264e-05
-1.31346e-05
-1.4223e-05
-1.53892e-05
-1.6631e-05
-1.79458e-05
-1.93318e-05
-2.07967e-05
-8.71863e-06
-9.13973e-06
-9.61292e-06
-1.01419e-05
-1.07299e-05
-1.13798e-05
-1.20948e-05
-1.28778e-05
-1.37309e-05
-1.46556e-05
-1.56523e-05
-1.6721e-05
-1.78611e-05
-1.90724e-05
-2.03575e-05
-1.02307e-05
-1.05944e-05
-1.09982e-05
-1.1445e-05
-1.19371e-05
-1.24769e-05
-1.30671e-05
-1.37106e-05
-1.44101e-05
-1.51683e-05
-1.59872e-05
-1.68686e-05
-1.78139e-05
-1.88244e-05
-1.99013e-05
-1.16144e-05
-1.19294e-05
-1.22741e-05
-1.26503e-05
-1.30594e-05
-1.35032e-05
-1.39838e-05
-1.45036e-05
-1.50652e-05
-1.56712e-05
-1.63243e-05
-1.70272e-05
-1.77826e-05
-1.85931e-05
-1.94613e-05
-1.27327e-05
-1.30099e-05
-1.33074e-05
-1.36267e-05
-1.3969e-05
-1.43357e-05
-1.47284e-05
-1.51491e-05
-1.55998e-05
-1.60831e-05
-1.66016e-05
-1.71585e-05
-1.7757e-05
-1.84011e-05
-1.90942e-05
-1.35162e-05
-1.37641e-05
-1.40262e-05
-1.43033e-05
-1.45965e-05
-1.49071e-05
-1.52361e-05
-1.55853e-05
-1.59565e-05
-1.63519e-05
-1.6774e-05
-1.7226e-05
-1.77116e-05
-1.8235e-05
-1.8801e-05
-1.40606e-05
-1.42877e-05
-1.45243e-05
-1.47712e-05
-1.50292e-05
-1.52993e-05
-1.55828e-05
-1.58811e-05
-1.61957e-05
-1.65289e-05
-1.68831e-05
-1.72612e-05
-1.76671e-05
-1.81053e-05
-1.85807e-05
-1.44274e-05
-1.46401e-05
-1.48588e-05
-1.50843e-05
-1.53174e-05
-1.55592e-05
-1.58108e-05
-1.60736e-05
-1.63492e-05
-1.66396e-05
-1.6947e-05
-1.72746e-05
-1.76258e-05
-1.80054e-05
-1.84179e-05
-1.46644e-05
-1.48676e-05
-1.50745e-05
-1.52857e-05
-1.55022e-05
-1.57251e-05
-1.59554e-05
-1.61946e-05
-1.64442e-05
-1.67061e-05
-1.69826e-05
-1.72765e-05
-1.75913e-05
-1.79313e-05
-1.8301e-05
-1.48109e-05
-1.50088e-05
-1.52085e-05
-1.5411e-05
-1.56171e-05
-1.58281e-05
-1.60451e-05
-1.62693e-05
-1.65023e-05
-1.67461e-05
-1.70027e-05
-1.72749e-05
-1.75659e-05
-1.78796e-05
-1.82201e-05
-1.48972e-05
-1.50925e-05
-1.52886e-05
-1.54863e-05
-1.56867e-05
-1.58908e-05
-1.60999e-05
-1.63152e-05
-1.65384e-05
-1.6771e-05
-1.70154e-05
-1.72738e-05
-1.75494e-05
-1.78456e-05
-1.81661e-05
-1.49446e-05
-1.51394e-05
-1.53343e-05
-1.553e-05
-1.57276e-05
-1.59284e-05
-1.61333e-05
-1.63439e-05
-1.65615e-05
-1.67878e-05
-1.70248e-05
-1.72748e-05
-1.75405e-05
-1.7825e-05
-1.81316e-05
-1.49679e-05
-1.51636e-05
-1.53587e-05
-1.55541e-05
-1.57511e-05
-1.59506e-05
-1.61539e-05
-1.63623e-05
-1.65771e-05
-1.68001e-05
-1.7033e-05
-1.72779e-05
-1.75372e-05
-1.78137e-05
-1.81103e-05
-1.49771e-05
-1.51742e-05
-1.53704e-05
-1.55667e-05
-1.57641e-05
-1.59638e-05
-1.61668e-05
-1.63746e-05
-1.65885e-05
-1.68099e-05
-1.70406e-05
-1.72824e-05
-1.75375e-05
-1.78084e-05
-1.80974e-05
-1.49783e-05
-1.51772e-05
-1.53749e-05
-1.55725e-05
-1.5771e-05
-1.59715e-05
-1.61752e-05
-1.63833e-05
-1.65971e-05
-1.6818e-05
-1.70476e-05
-1.72875e-05
-1.75398e-05
-1.78064e-05
-1.80897e-05
-1.49754e-05
-1.51762e-05
-1.53756e-05
-1.55747e-05
-1.57745e-05
-1.59762e-05
-1.61808e-05
-1.63896e-05
-1.66038e-05
-1.68248e-05
-1.70539e-05
-1.72927e-05
-1.75429e-05
-1.78062e-05
-1.80847e-05
-1.49707e-05
-1.51732e-05
-1.53742e-05
-1.55748e-05
-1.5776e-05
-1.59789e-05
-1.61846e-05
-1.63943e-05
-1.66092e-05
-1.68304e-05
-1.70593e-05
-1.72973e-05
-1.75459e-05
-1.78065e-05
-1.80811e-05
-1.49654e-05
-1.51696e-05
-1.53721e-05
-1.5574e-05
-1.57765e-05
-1.59806e-05
-1.61873e-05
-1.63979e-05
-1.66134e-05
-1.6835e-05
-1.70639e-05
-1.73013e-05
-1.75486e-05
-1.78069e-05
-1.80779e-05
-1.49604e-05
-1.51659e-05
-1.53696e-05
-1.55728e-05
-1.57764e-05
-1.59815e-05
-1.61892e-05
-1.64006e-05
-1.66167e-05
-1.68387e-05
-1.70676e-05
-1.73045e-05
-1.75506e-05
-1.78069e-05
-1.80749e-05
-1.49558e-05
-1.51625e-05
-1.53673e-05
-1.55715e-05
-1.57761e-05
-1.59821e-05
-1.61906e-05
-1.64027e-05
-1.66193e-05
-1.68416e-05
-1.70705e-05
-1.73069e-05
-1.7552e-05
-1.78066e-05
-1.80719e-05
-1.49518e-05
-1.51594e-05
-1.53652e-05
-1.55702e-05
-1.57756e-05
-1.59824e-05
-1.61916e-05
-1.64042e-05
-1.66213e-05
-1.68438e-05
-1.70727e-05
-1.73087e-05
-1.75529e-05
-1.78059e-05
-1.80687e-05
-1.49481e-05
-1.51566e-05
-1.53631e-05
-1.55689e-05
-1.57751e-05
-1.59825e-05
-1.61923e-05
-1.64055e-05
-1.6623e-05
-1.68456e-05
-1.70744e-05
-1.731e-05
-1.75533e-05
-1.78048e-05
-1.80653e-05
-1.49449e-05
-1.51541e-05
-1.53613e-05
-1.55678e-05
-1.57745e-05
-1.59825e-05
-1.61928e-05
-1.64064e-05
-1.66242e-05
-1.6847e-05
-1.70757e-05
-1.73109e-05
-1.75534e-05
-1.78035e-05
-1.80618e-05
-5.91182e-06
-5.91439e-06
-5.92214e-06
-5.93404e-06
-5.94926e-06
-5.96731e-06
-5.98775e-06
-6.01027e-06
-6.03467e-06
-6.06079e-06
-6.08852e-06
-6.11777e-06
-6.14842e-06
-6.18029e-06
-6.21312e-06
-6.24649e-06
-6.27979e-06
-6.31211e-06
-6.34212e-06
-6.36786e-06
-6.3867e-06
-6.39525e-06
-6.38702e-06
-6.3545e-06
-6.29193e-06
-6.19406e-06
-6.05625e-06
-5.87564e-06
-5.65251e-06
-5.39026e-06
-5.09077e-06
-4.76041e-06
-4.41977e-06
-4.08642e-06
-3.77813e-06
-3.51134e-06
-3.29934e-06
-3.15087e-06
-3.06729e-06
-3.04213e-06
-3.06216e-06
-3.1099e-06
-3.1668e-06
-3.21426e-06
-3.23715e-06
-5.89953e-06
-5.9027e-06
-5.90906e-06
-5.91837e-06
-5.93028e-06
-5.94444e-06
-5.9606e-06
-5.97854e-06
-5.9981e-06
-6.01914e-06
-6.04152e-06
-6.06511e-06
-6.08978e-06
-6.11533e-06
-6.14152e-06
-6.16798e-06
-6.19419e-06
-6.21938e-06
-6.24237e-06
-6.26132e-06
-6.27363e-06
-6.27548e-06
-6.26037e-06
-6.22203e-06
-6.1557e-06
-6.05683e-06
-5.92158e-06
-5.74772e-06
-5.53501e-06
-5.28536e-06
-5.00488e-06
-4.70754e-06
-4.40449e-06
-4.10855e-06
-3.83512e-06
-3.59963e-06
-3.41432e-06
-3.28486e-06
-3.21018e-06
-3.18306e-06
-3.19175e-06
-3.2225e-06
-3.2621e-06
-3.30059e-06
-3.33177e-06
-5.87846e-06
-5.88406e-06
-5.89143e-06
-5.90077e-06
-5.91206e-06
-5.92512e-06
-5.93982e-06
-5.95602e-06
-5.97366e-06
-5.99263e-06
-6.01285e-06
-6.03426e-06
-6.05675e-06
-6.08024e-06
-6.10461e-06
-6.12972e-06
-6.1554e-06
-6.18137e-06
-6.20715e-06
-6.23187e-06
-6.25398e-06
-6.27062e-06
-6.2752e-06
-6.26028e-06
-6.21939e-06
-6.14582e-06
-6.03358e-06
-5.87862e-06
-5.67967e-06
-5.43859e-06
-5.16037e-06
-4.85677e-06
-4.54226e-06
-4.23278e-06
-3.94546e-06
-3.69635e-06
-3.49802e-06
-3.35729e-06
-3.27424e-06
-3.24249e-06
-3.25083e-06
-3.28558e-06
-3.33325e-06
-3.38542e-06
-3.44132e-06
-5.85193e-06
-5.86053e-06
-5.86936e-06
-5.87929e-06
-5.89065e-06
-5.90336e-06
-5.9174e-06
-5.93274e-06
-5.9494e-06
-5.96738e-06
-5.98667e-06
-6.00731e-06
-6.02933e-06
-6.05281e-06
-6.07791e-06
-6.1049e-06
-6.13421e-06
-6.16647e-06
-6.20247e-06
-6.24299e-06
-6.2885e-06
-6.33789e-06
-6.38365e-06
-6.41459e-06
-6.42024e-06
-6.38985e-06
-6.31361e-06
-6.18535e-06
-6.00273e-06
-5.7678e-06
-5.48638e-06
-5.16939e-06
-4.8323e-06
-4.49296e-06
-4.17076e-06
-3.88446e-06
-3.64969e-06
-3.4766e-06
-3.36822e-06
-3.32026e-06
-3.32235e-06
-3.36009e-06
-3.41805e-06
-3.48706e-06
-3.56819e-06
-5.82329e-06
-5.83494e-06
-5.8455e-06
-5.85639e-06
-5.86828e-06
-5.88122e-06
-5.89526e-06
-5.91053e-06
-5.92711e-06
-5.94512e-06
-5.96467e-06
-5.98591e-06
-6.00905e-06
-6.03442e-06
-6.06255e-06
-6.09428e-06
-6.13088e-06
-6.17425e-06
-6.22694e-06
-6.29211e-06
-6.37308e-06
-6.47136e-06
-6.57791e-06
-6.67488e-06
-6.74554e-06
-6.77325e-06
-6.7436e-06
-6.65e-06
-6.48975e-06
-6.26446e-06
-5.97888e-06
-5.64475e-06
-5.27729e-06
-4.8958e-06
-4.52206e-06
-4.17842e-06
-3.88526e-06
-3.65812e-06
-3.50518e-06
-3.42596e-06
-3.41168e-06
-3.44693e-06
-3.51328e-06
-3.59932e-06
-3.7065e-06
-5.79496e-06
-5.80946e-06
-5.82177e-06
-5.83379e-06
-5.84651e-06
-5.86007e-06
-5.87464e-06
-5.89042e-06
-5.90766e-06
-5.92654e-06
-5.94733e-06
-5.97031e-06
-5.9959e-06
-6.02472e-06
-6.05774e-06
-6.09646e-06
-6.14316e-06
-6.20126e-06
-6.27546e-06
-6.37182e-06
-6.49707e-06
-6.65608e-06
-6.83753e-06
-7.01393e-06
-7.15997e-06
-7.25258e-06
-7.27746e-06
-7.22641e-06
-7.09478e-06
-6.88475e-06
-6.59795e-06
-6.24662e-06
-5.84647e-06
-5.41735e-06
-4.98279e-06
-4.56868e-06
-4.20092e-06
-3.90198e-06
-3.68717e-06
-3.56169e-06
-3.51965e-06
-3.54503e-06
-3.61588e-06
-3.71783e-06
-3.85218e-06
-5.76867e-06
-5.78564e-06
-5.79956e-06
-5.81274e-06
-5.8264e-06
-5.8408e-06
-5.85619e-06
-5.87288e-06
-5.89122e-06
-5.91153e-06
-5.93418e-06
-5.95963e-06
-5.9885e-06
-6.02173e-06
-6.06072e-06
-6.10769e-06
-6.166e-06
-6.24069e-06
-6.33884e-06
-6.46966e-06
-6.64356e-06
-6.86904e-06
-7.13183e-06
-7.39228e-06
-7.61577e-06
-7.77951e-06
-7.86806e-06
-7.86564e-06
-7.76442e-06
-7.5647e-06
-7.27812e-06
-6.91355e-06
-6.48488e-06
-6.01102e-06
-5.51598e-06
-5.02824e-06
-4.57884e-06
-4.19765e-06
-3.90845e-06
-3.72397e-06
-3.64298e-06
-3.65002e-06
-3.72002e-06
-3.8355e-06
-3.99729e-06
-5.74547e-06
-5.76451e-06
-5.77984e-06
-5.7941e-06
-5.80874e-06
-5.82405e-06
-5.84038e-06
-5.85816e-06
-5.87783e-06
-5.89982e-06
-5.92462e-06
-5.95286e-06
-5.98535e-06
-6.02332e-06
-6.06863e-06
-6.12415e-06
-6.19431e-06
-6.28574e-06
-6.40798e-06
-6.57351e-06
-6.79632e-06
-7.08869e-06
-7.43355e-06
-7.77886e-06
-8.08162e-06
-8.31348e-06
-8.45261e-06
-8.48625e-06
-8.41093e-06
-8.22863e-06
-7.94726e-06
-7.57559e-06
-7.12626e-06
-6.61651e-06
-6.06943e-06
-5.51451e-06
-4.98644e-06
-4.52169e-06
-4.15275e-06
-3.90112e-06
-3.77209e-06
-3.75261e-06
-3.81567e-06
-3.94114e-06
-4.12929e-06
-5.72588e-06
-5.74663e-06
-5.76318e-06
-5.77843e-06
-5.79398e-06
-5.81019e-06
-5.82746e-06
-5.84632e-06
-5.86732e-06
-5.89098e-06
-5.91793e-06
-5.94892e-06
-5.98496e-06
-6.02752e-06
-6.07886e-06
-6.14248e-06
-6.22374e-06
-6.3308e-06
-6.47552e-06
-6.67371e-06
-6.94242e-06
-7.29741e-06
-7.71918e-06
-8.14243e-06
-8.51467e-06
-8.8024e-06
-8.98313e-06
-9.04672e-06
-8.99212e-06
-8.8228e-06
-8.54643e-06
-8.17142e-06
-7.70886e-06
-7.17375e-06
-6.58719e-06
-5.97787e-06
-5.38207e-06
-4.84094e-06
-4.39478e-06
-4.07392e-06
-3.89159e-06
-3.83906e-06
-3.88922e-06
-4.02028e-06
-4.23211e-06
-5.71008e-06
-5.73228e-06
-5.74987e-06
-5.766e-06
-5.78237e-06
-5.79936e-06
-5.81745e-06
-5.83726e-06
-5.8594e-06
-5.88454e-06
-5.91337e-06
-5.94679e-06
-5.98597e-06
-6.0326e-06
-6.08928e-06
-6.16e-06
-6.25101e-06
-6.37173e-06
-6.53619e-06
-6.76366e-06
-7.07316e-06
-7.48362e-06
-7.97351e-06
-8.46409e-06
-8.8932e-06
-9.22416e-06
-9.43513e-06
-9.5183e-06
-9.47521e-06
-9.31196e-06
-9.03703e-06
-8.65891e-06
-8.18742e-06
-7.63541e-06
-7.02143e-06
-6.37216e-06
-5.72339e-06
-5.11855e-06
-4.6041e-06
-4.21785e-06
-3.98139e-06
-3.89196e-06
-3.92424e-06
-4.05616e-06
-4.28767e-06
-5.69804e-06
-5.72153e-06
-5.74004e-06
-5.75693e-06
-5.77398e-06
-5.7916e-06
-5.8103e-06
-5.83079e-06
-5.85377e-06
-5.87999e-06
-5.91026e-06
-5.94558e-06
-5.98726e-06
-6.0372e-06
-6.09823e-06
-6.17482e-06
-6.27389e-06
-6.40596e-06
-6.58678e-06
-6.83905e-06
-7.18329e-06
-7.64268e-06
-8.18949e-06
-8.73563e-06
-9.20864e-06
-9.5699e-06
-9.7986e-06
-9.8897e-06
-9.84793e-06
-9.68226e-06
-9.4026e-06
-9.01806e-06
-8.53783e-06
-7.97314e-06
-7.34012e-06
-6.66289e-06
-5.97524e-06
-5.32065e-06
-4.75066e-06
-4.30696e-06
-4.01927e-06
-3.89186e-06
-3.90278e-06
-4.03105e-06
-4.27751e-06
-5.68963e-06
-5.71438e-06
-5.73371e-06
-5.75127e-06
-5.76886e-06
-5.78689e-06
-5.80593e-06
-5.82674e-06
-5.85013e-06
-5.87692e-06
-5.90803e-06
-5.94457e-06
-5.98798e-06
-6.04031e-06
-6.10463e-06
-6.18574e-06
-6.29114e-06
-6.4323e-06
-6.62617e-06
-6.89764e-06
-7.27151e-06
-7.77301e-06
-8.36683e-06
-8.95624e-06
-9.46086e-06
-9.84041e-06
-1.00753e-05
-1.01636e-05
-1.01133e-05
-9.93624e-06
-9.64417e-06
-9.24727e-06
-8.75481e-06
-8.1771e-06
-7.52848e-06
-6.83058e-06
-6.1144e-06
-5.42135e-06
-4.80905e-06
-4.31753e-06
-3.98363e-06
-3.81932e-06
-3.80695e-06
-3.9277e-06
-4.18426e-06
-5.68475e-06
-5.7108e-06
-5.73093e-06
-5.74907e-06
-5.76703e-06
-5.78523e-06
-5.80426e-06
-5.82497e-06
-5.84824e-06
-5.87499e-06
-5.90626e-06
-5.94326e-06
-5.98754e-06
-6.04131e-06
-6.10782e-06
-6.19216e-06
-6.3023e-06
-6.45051e-06
-6.65478e-06
-6.94016e-06
-7.34044e-06
-7.87531e-06
-8.50751e-06
-9.12963e-06
-9.65534e-06
-1.0043e-05
-1.02745e-05
-1.03508e-05
-1.02832e-05
-1.00862e-05
-9.77359e-06
-9.35692e-06
-8.84611e-06
-8.25132e-06
-7.58587e-06
-6.8696e-06
-6.13104e-06
-5.40717e-06
-4.75867e-06
-4.22954e-06
-3.85551e-06
-3.6567e-06
-3.62041e-06
-3.73058e-06
-3.99283e-06
-5.68336e-06
-5.71083e-06
-5.73177e-06
-5.7504e-06
-5.76857e-06
-5.78665e-06
-5.80529e-06
-5.8254e-06
-5.84796e-06
-5.87401e-06
-5.90468e-06
-5.94131e-06
-5.98559e-06
-6.03984e-06
-6.10752e-06
-6.19393e-06
-6.30742e-06
-6.46095e-06
-6.67353e-06
-6.9709e-06
-7.39156e-06
-7.9525e-06
-8.61567e-06
-9.26225e-06
-9.80048e-06
-1.01881e-05
-1.04084e-05
-1.04654e-05
-1.03731e-05
-1.01486e-05
-9.80759e-06
-9.36318e-06
-8.82637e-06
-8.2078e-06
-7.52048e-06
-6.78309e-06
-6.0229e-06
-5.27475e-06
-4.59036e-06
-4.02794e-06
-3.62005e-06
-3.38975e-06
-3.32957e-06
-3.42676e-06
-3.69104e-06
-5.68552e-06
-5.71461e-06
-5.7364e-06
-5.75544e-06
-5.77362e-06
-5.79127e-06
-5.80907e-06
-5.82803e-06
-5.84923e-06
-5.87384e-06
-5.90313e-06
-5.93857e-06
-5.98197e-06
-6.03581e-06
-6.10372e-06
-6.19121e-06
-6.30695e-06
-6.46443e-06
-6.6837e-06
-6.99177e-06
-7.42692e-06
-8.00946e-06
-8.69744e-06
-9.36164e-06
-9.90563e-06
-1.02869e-05
-1.04903e-05
-1.05222e-05
-1.03992e-05
-1.01405e-05
-9.76382e-06
-9.28375e-06
-8.71259e-06
-8.06195e-06
-7.34512e-06
-6.58047e-06
-5.79486e-06
-5.01974e-06
-4.30216e-06
-3.70694e-06
-3.2684e-06
-3.00824e-06
-2.92414e-06
-3.00629e-06
-3.26977e-06
-5.69143e-06
-5.72237e-06
-5.74506e-06
-5.76443e-06
-5.78239e-06
-5.79924e-06
-5.8157e-06
-5.83289e-06
-5.85204e-06
-5.87445e-06
-5.90155e-06
-5.93497e-06
-5.97666e-06
-6.02928e-06
-6.09662e-06
-6.18438e-06
-6.30153e-06
-6.46197e-06
-6.68657e-06
-7.00348e-06
-7.4505e-06
-8.0511e-06
-8.7587e-06
-9.43528e-06
-9.9798e-06
-1.035e-05
-1.05321e-05
-1.05345e-05
-1.03759e-05
-1.00775e-05
-9.65855e-06
-9.13523e-06
-8.52122e-06
-7.82932e-06
-7.07378e-06
-6.27372e-06
-5.45694e-06
-4.64097e-06
-3.89615e-06
-3.26609e-06
-2.79459e-06
-2.50495e-06
-2.39686e-06
-2.46205e-06
-2.72285e-06
-5.70143e-06
-5.73447e-06
-5.75814e-06
-5.77772e-06
-5.79519e-06
-5.8108e-06
-5.82535e-06
-5.84008e-06
-5.8564e-06
-5.8758e-06
-5.89991e-06
-5.93052e-06
-5.96975e-06
-6.02043e-06
-6.08654e-06
-6.17397e-06
-6.29192e-06
-6.45467e-06
-6.6837e-06
-7.00804e-06
-7.46554e-06
-8.08157e-06
-8.80503e-06
-9.48914e-06
-1.00308e-05
-1.03866e-05
-1.05442e-05
-1.05137e-05
-1.03156e-05
-9.97275e-06
-9.50566e-06
-8.93197e-06
-8.26675e-06
-7.52412e-06
-6.71952e-06
-5.87233e-06
-5.00807e-06
-4.15891e-06
-3.37564e-06
-2.70596e-06
-2.1978e-06
-1.87659e-06
-1.74367e-06
-1.78946e-06
-2.04697e-06
-5.71597e-06
-5.75141e-06
-5.77611e-06
-5.79576e-06
-5.81238e-06
-5.82622e-06
-5.83818e-06
-5.84968e-06
-5.86234e-06
-5.87789e-06
-5.89819e-06
-5.92527e-06
-5.96133e-06
-6.00948e-06
-6.07386e-06
-6.16053e-06
-6.27893e-06
-6.44363e-06
-6.6766e-06
-7.00759e-06
-7.47459e-06
-8.10394e-06
-8.8404e-06
-9.52937e-06
-1.00653e-05
-1.04043e-05
-1.0535e-05
-1.0469e-05
-1.02283e-05
-9.83684e-06
-9.31639e-06
-8.68575e-06
-7.96129e-06
-7.15854e-06
-6.29432e-06
-5.38912e-06
-4.46953e-06
-3.5711e-06
-2.74056e-06
-2.02802e-06
-1.48034e-06
-1.12267e-06
-9.63031e-07
-9.85731e-07
-1.24087e-06
-5.73565e-06
-5.77379e-06
-5.79957e-06
-5.81906e-06
-5.8344e-06
-5.84582e-06
-5.85438e-06
-5.86175e-06
-5.86983e-06
-5.88064e-06
-5.89633e-06
-5.9192e-06
-5.95152e-06
-5.99666e-06
-6.05898e-06
-6.14464e-06
-6.26332e-06
-6.42986e-06
-6.6666e-06
-7.00388e-06
-7.47973e-06
-8.12104e-06
-8.86849e-06
-9.5603e-06
-1.00884e-05
-1.04088e-05
-1.05109e-05
-1.04075e-05
-1.01216e-05
-9.67798e-06
-9.0995e-06
-8.40587e-06
-7.61461e-06
-6.74265e-06
-5.8084e-06
-4.83401e-06
-3.84793e-06
-2.88743e-06
-1.99923e-06
-1.23503e-06
-6.43095e-07
-2.45198e-07
-5.50977e-08
-5.26368e-08
-3.02002e-07
-5.7612e-06
-5.80237e-06
-5.82924e-06
-5.84825e-06
-5.86172e-06
-5.86991e-06
-5.8741e-06
-5.8763e-06
-5.87879e-06
-5.88393e-06
-5.89421e-06
-5.91222e-06
-5.94039e-06
-5.98214e-06
-6.04221e-06
-6.12679e-06
-6.24578e-06
-6.41423e-06
-6.6548e-06
-6.99829e-06
-7.48268e-06
-8.13507e-06
-8.89209e-06
-9.58518e-06
-1.01041e-05
-1.04046e-05
-1.04768e-05
-1.03344e-05
-1.0001e-05
-9.50233e-06
-8.86167e-06
-8.09957e-06
-7.23451e-06
-6.28476e-06
-5.27041e-06
-4.21564e-06
-3.15108e-06
-2.11608e-06
-1.15884e-06
-3.33282e-07
3.10261e-07
7.52943e-07
9.79518e-07
1.00238e-06
7.71971e-07
-5.79351e-06
-5.83805e-06
-5.86595e-06
-5.88404e-06
-5.89486e-06
-5.89879e-06
-5.89744e-06
-5.89329e-06
-5.88905e-06
-5.88755e-06
-5.89169e-06
-5.90421e-06
-5.9278e-06
-5.96609e-06
-6.02384e-06
-6.10743e-06
-6.22689e-06
-6.39748e-06
-6.64208e-06
-6.99188e-06
-7.48471e-06
-8.14763e-06
-8.91318e-06
-9.60637e-06
-1.01151e-05
-1.03948e-05
-1.04361e-05
-1.02533e-05
-9.87075e-06
-9.31435e-06
-8.60791e-06
-7.77243e-06
-6.82722e-06
-5.79176e-06
-4.68786e-06
-3.54188e-06
-2.38702e-06
-1.26528e-06
-2.27351e-07
6.70628e-07
1.37491e-06
1.86529e-06
2.13093e-06
2.17524e-06
1.97772e-06
-5.83362e-06
-5.88191e-06
-5.9107e-06
-5.92723e-06
-5.93437e-06
-5.93274e-06
-5.92444e-06
-5.91254e-06
-5.90035e-06
-5.89126e-06
-5.88845e-06
-5.89492e-06
-5.91371e-06
-5.94851e-06
-6.00404e-06
-6.08687e-06
-6.2071e-06
-6.38017e-06
-6.62913e-06
-6.98545e-06
-7.48674e-06
-8.1598e-06
-8.93307e-06
-9.62545e-06
-1.01231e-05
-1.03812e-05
-1.03908e-05
-1.01668e-05
-9.73352e-06
-9.11727e-06
-8.34196e-06
-7.42887e-06
-6.39792e-06
-5.26967e-06
-4.0676e-06
-2.82034e-06
-1.56389e-06
-3.43407e-07
7.87171e-07
1.76868e-06
2.54271e-06
3.08646e-06
3.39578e-06
3.46587e-06
3.30184e-06
-5.88281e-06
-5.93523e-06
-5.96462e-06
-5.97869e-06
-5.9808e-06
-5.97198e-06
-5.95503e-06
-5.93378e-06
-5.91233e-06
-5.89457e-06
-5.88409e-06
-5.88416e-06
-5.89803e-06
-5.92937e-06
-5.98292e-06
-6.06533e-06
-6.18675e-06
-6.36273e-06
-6.61643e-06
-6.97954e-06
-7.48937e-06
-8.17226e-06
-8.95257e-06
-9.64337e-06
-1.01292e-05
-1.03652e-05
-1.03426e-05
-1.00763e-05
-9.59126e-06
-8.91342e-06
-8.06671e-06
-7.07249e-06
-5.95109e-06
-4.72399e-06
-3.41622e-06
-2.05866e-06
-6.90226e-07
6.40426e-07
1.8756e-06
2.95233e-06
3.80519e-06
4.4108e-06
4.77309e-06
4.87789e-06
4.74394e-06
-5.94262e-06
-5.99956e-06
-6.02905e-06
-6.03938e-06
-6.03469e-06
-6.01664e-06
-5.98901e-06
-5.95664e-06
-5.92449e-06
-5.897e-06
-5.87823e-06
-5.87164e-06
-5.88055e-06
-5.90861e-06
-5.96053e-06
-6.04297e-06
-6.16606e-06
-6.34544e-06
-6.6043e-06
-6.97449e-06
-7.49293e-06
-8.18538e-06
-8.97211e-06
-9.66062e-06
-1.01341e-05
-1.03475e-05
-1.02921e-05
-9.98309e-06
-9.44526e-06
-8.7045e-06
-7.78445e-06
-6.70639e-06
-5.49085e-06
-4.16004e-06
-2.74037e-06
-1.26484e-06
2.24727e-07
1.67607e-06
3.02732e-06
4.21097e-06
5.15353e-06
5.82783e-06
6.24984e-06
6.39798e-06
6.30256e-06
-6.01495e-06
-6.07674e-06
-6.1055e-06
-6.11033e-06
-6.09654e-06
-6.06677e-06
-6.02607e-06
-5.98062e-06
-5.93627e-06
-5.89806e-06
-5.87047e-06
-5.85704e-06
-5.86107e-06
-5.88615e-06
-5.93688e-06
-6.01985e-06
-6.14516e-06
-6.32845e-06
-6.5929e-06
-6.97046e-06
-7.49756e-06
-8.19929e-06
-8.99181e-06
-9.67737e-06
-1.01379e-05
-1.03283e-05
-1.02397e-05
-9.88758e-06
-9.29642e-06
-8.49185e-06
-7.49716e-06
-6.33339e-06
-5.02115e-06
-3.58315e-06
-2.04694e-06
-4.47432e-07
1.17087e-06
2.75212e-06
4.23e-06
5.53189e-06
6.57757e-06
7.32765e-06
7.81404e-06
8.01114e-06
7.96277e-06
-6.10216e-06
-6.16903e-06
-6.19573e-06
-6.19264e-06
-6.16676e-06
-6.12221e-06
-6.06578e-06
-6.00514e-06
-5.94704e-06
-5.89725e-06
-5.8604e-06
-5.84007e-06
-5.83945e-06
-5.86194e-06
-5.91198e-06
-5.99605e-06
-6.12414e-06
-6.31186e-06
-6.58232e-06
-6.9675e-06
-7.50327e-06
-8.21394e-06
-9.01164e-06
-9.69358e-06
-1.01407e-05
-1.03077e-05
-1.01857e-05
-9.7902e-06
-9.14541e-06
-8.2766e-06
-7.20663e-06
-5.95621e-06
-4.54589e-06
-2.99871e-06
-1.34312e-06
3.8447e-07
2.1372e-06
3.85592e-06
5.46954e-06
6.89937e-06
8.0627e-06
8.90362e-06
9.45703e-06
9.71249e-06
9.71765e-06
-6.20721e-06
-6.27914e-06
-6.30175e-06
-6.2874e-06
-6.24563e-06
-6.18268e-06
-6.10757e-06
-6.02947e-06
-5.95619e-06
-5.89405e-06
-5.84767e-06
-5.82054e-06
-5.8156e-06
-5.83597e-06
-5.88587e-06
-5.97162e-06
-6.10304e-06
-6.29569e-06
-6.57255e-06
-6.96555e-06
-7.50996e-06
-8.2292e-06
-9.03142e-06
-9.70911e-06
-1.01423e-05
-1.02856e-05
-1.01302e-05
-9.69122e-06
-8.99281e-06
-8.0598e-06
-6.91458e-06
-5.5775e-06
-4.06898e-06
-2.41225e-06
-6.36326e-07
1.22127e-06
3.11191e-06
4.97368e-06
6.73092e-06
8.29817e-06
9.59042e-06
1.05422e-05
1.11681e-05
1.14917e-05
1.15592e-05
-6.3339e-06
-6.41035e-06
-6.42577e-06
-6.39564e-06
-6.33323e-06
-6.24773e-06
-6.15058e-06
-6.05286e-06
-5.96313e-06
-5.88804e-06
-5.83206e-06
-5.79838e-06
-5.78953e-06
-5.80832e-06
-5.85865e-06
-5.94663e-06
-6.08191e-06
-6.27996e-06
-6.56354e-06
-6.96451e-06
-7.51747e-06
-8.24486e-06
-9.05095e-06
-9.72376e-06
-1.01426e-05
-1.02621e-05
-1.00731e-05
-9.59088e-06
-8.83918e-06
-7.84245e-06
-6.62268e-06
-5.19988e-06
-3.5943e-06
-1.82928e-06
6.58874e-08
2.05308e-06
4.08259e-06
6.09063e-06
7.9979e-06
9.71283e-06
1.1144e-05
1.22209e-05
1.29337e-05
1.3336e-05
1.34784e-05
-6.48711e-06
-6.56666e-06
-6.57019e-06
-6.51822e-06
-6.42933e-06
-6.31641e-06
-6.19399e-06
-6.07451e-06
-5.96731e-06
-5.87893e-06
-5.81347e-06
-5.77361e-06
-5.76138e-06
-5.77914e-06
-5.83045e-06
-5.92121e-06
-6.06083e-06
-6.26465e-06
-6.55523e-06
-6.96426e-06
-7.52561e-06
-8.2607e-06
-9.06998e-06
-9.7373e-06
-1.01414e-05
-1.0237e-05
-1.00146e-05
-9.48944e-06
-8.68507e-06
-7.62557e-06
-6.33259e-06
-4.82589e-06
-3.12564e-06
-1.2552e-06
7.56063e-07
2.86992e-06
5.03646e-06
7.19108e-06
9.25222e-06
1.11232e-05
1.27048e-05
1.39187e-05
1.47378e-05
1.5231e-05
1.54648e-05
-6.6733e-06
-6.75284e-06
-6.73751e-06
-6.65568e-06
-6.53322e-06
-6.38779e-06
-6.23667e-06
-6.09367e-06
-5.96829e-06
-5.86658e-06
-5.79196e-06
-5.74642e-06
-5.73137e-06
-5.74868e-06
-5.80151e-06
-5.89551e-06
-6.03986e-06
-6.24978e-06
-6.54754e-06
-6.96465e-06
-7.53419e-06
-8.27649e-06
-9.08829e-06
-9.74956e-06
-1.01386e-05
-1.02102e-05
-9.95474e-06
-9.38721e-06
-8.53107e-06
-7.41017e-06
-6.04591e-06
-4.45798e-06
-2.66658e-06
-6.95132e-07
1.42706e-06
3.66213e-06
5.96076e-06
8.25888e-06
1.04743e-05
1.25069e-05
1.42491e-05
1.56134e-05
1.65612e-05
1.71613e-05
1.75088e-05
-6.90113e-06
-6.97452e-06
-6.9301e-06
-6.80801e-06
-6.64382e-06
-6.4604e-06
-6.27752e-06
-6.10966e-06
-5.96579e-06
-5.851e-06
-5.76774e-06
-5.71712e-06
-5.69986e-06
-5.71726e-06
-5.77208e-06
-5.86972e-06
-6.01914e-06
-6.23537e-06
-6.54042e-06
-6.96556e-06
-7.54302e-06
-8.29203e-06
-9.10569e-06
-9.76038e-06
-1.01342e-05
-1.01818e-05
-9.89365e-06
-9.28451e-06
-8.3778e-06
-7.19724e-06
-5.76419e-06
-4.09844e-06
-2.22043e-06
-1.53778e-07
2.07231e-06
4.42064e-06
6.84325e-06
9.27794e-06
1.16439e-05
1.38398e-05
1.57516e-05
1.72804e-05
1.83773e-05
1.9108e-05
1.96009e-05
-7.18255e-06
-7.23811e-06
-7.14974e-06
-6.97417e-06
-6.7594e-06
-6.53255e-06
-6.31541e-06
-6.12193e-06
-5.95971e-06
-5.8324e-06
-5.74119e-06
-5.68617e-06
-5.66729e-06
-5.68527e-06
-5.74248e-06
-5.84408e-06
-5.99878e-06
-6.22146e-06
-6.53383e-06
-6.96686e-06
-7.55195e-06
-8.30713e-06
-9.12202e-06
-9.76965e-06
-1.0128e-05
-1.01519e-05
-9.83156e-06
-9.18174e-06
-8.22588e-06
-6.98774e-06
-5.48883e-06
-3.74931e-06
-1.79011e-06
3.64751e-07
2.68604e-06
5.13733e-06
7.67263e-06
1.02328e-05
1.27406e-05
1.50965e-05
1.7183e-05
1.88912e-05
2.01561e-05
2.1047e-05
2.17316e-05
-7.53444e-06
-7.55074e-06
-7.39659e-06
-7.15306e-06
-6.87726e-06
-6.6023e-06
-6.34926e-06
-6.13009e-06
-5.95018e-06
-5.81119e-06
-5.71283e-06
-5.65409e-06
-5.63413e-06
-5.65313e-06
-5.71306e-06
-5.81883e-06
-5.97895e-06
-6.20811e-06
-6.52773e-06
-6.96847e-06
-7.56083e-06
-8.32164e-06
-9.13716e-06
-9.77734e-06
-1.01201e-05
-1.01206e-05
-9.7687e-06
-9.07928e-06
-8.07592e-06
-6.78256e-06
-5.22111e-06
-3.41237e-06
-1.37806e-06
8.57049e-07
3.26345e-06
5.80542e-06
8.4391e-06
1.11094e-05
1.37446e-05
1.62504e-05
1.85101e-05
2.04089e-05
2.18628e-05
2.29483e-05
2.3893e-05
-7.9809e-06
-7.92003e-06
-7.66927e-06
-7.34055e-06
-6.99423e-06
-6.66762e-06
-6.37815e-06
-6.13405e-06
-5.93754e-06
-5.78793e-06
-5.68328e-06
-5.62148e-06
-5.60094e-06
-5.6213e-06
-5.68415e-06
-5.79422e-06
-5.95978e-06
-6.19538e-06
-6.52211e-06
-6.9703e-06
-7.56956e-06
-8.33547e-06
-9.15104e-06
-9.78342e-06
-1.01106e-05
-1.0088e-05
-9.70534e-06
-8.97755e-06
-7.9285e-06
-6.58252e-06
-4.96213e-06
-3.08907e-06
-9.86229e-07
1.32049e-06
3.80091e-06
6.41963e-06
9.13481e-06
1.18957e-05
1.46376e-05
1.7275e-05
1.96969e-05
2.17895e-05
2.34513e-05
2.47718e-05
2.60794e-05
-8.55509e-06
-8.34575e-06
-7.96744e-06
-7.53151e-06
-7.10643e-06
-6.72652e-06
-6.40147e-06
-6.13399e-06
-5.92237e-06
-5.76331e-06
-5.65323e-06
-5.58897e-06
-5.56824e-06
-5.59019e-06
-5.65608e-06
-5.77047e-06
-5.94144e-06
-6.18334e-06
-6.51696e-06
-6.9723e-06
-7.57805e-06
-8.34852e-06
-9.16363e-06
-9.78793e-06
-1.00996e-05
-1.00544e-05
-9.64179e-06
-8.87698e-06
-7.7842e-06
-6.38836e-06
-4.71285e-06
-2.78063e-06
-6.16157e-07
1.75312e-06
4.2958e-06
6.97622e-06
9.75396e-06
1.25823e-05
1.54041e-05
1.81448e-05
2.07052e-05
2.29818e-05
2.48603e-05
2.64571e-05
2.82808e-05
-9.30284e-06
-8.82593e-06
-8.27766e-06
-7.7185e-06
-7.20947e-06
-6.77716e-06
-6.4189e-06
-6.13031e-06
-5.90535e-06
-5.73809e-06
-5.62339e-06
-5.55717e-06
-5.53654e-06
-5.56022e-06
-5.62918e-06
-5.74783e-06
-5.92405e-06
-6.17206e-06
-6.51232e-06
-6.97446e-06
-7.58625e-06
-8.36074e-06
-9.1749e-06
-9.79091e-06
-1.00872e-05
-1.00199e-05
-9.57833e-06
-8.77797e-06
-7.64359e-06
-6.20083e-06
-4.47419e-06
-2.48819e-06
-2.69171e-07
2.15334e-06
4.74614e-06
7.47252e-06
1.02924e-05
1.31621e-05
1.6031e-05
1.88367e-05
2.14957e-05
2.39253e-05
2.60077e-05
2.79085e-05
3.04657e-05
-1.0268e-05
-9.34975e-06
-8.58411e-06
-7.89196e-06
-7.29874e-06
-6.81798e-06
-6.43044e-06
-6.12364e-06
-5.88726e-06
-5.713e-06
-5.59441e-06
-5.52663e-06
-5.50628e-06
-5.53172e-06
-5.60369e-06
-5.72646e-06
-5.90775e-06
-6.1616e-06
-6.50819e-06
-6.97674e-06
-7.59414e-06
-8.37213e-06
-9.18487e-06
-9.79238e-06
-1.00735e-05
-9.98465e-06
-9.51511e-06
-8.68072e-06
-7.50689e-06
-6.0202e-06
-4.24648e-06
-2.21208e-06
5.43458e-08
2.52076e-06
5.15149e-06
7.90778e-06
1.07487e-05
1.36314e-05
1.65098e-05
1.93313e-05
2.20299e-05
2.45523e-05
2.67882e-05
2.89888e-05
3.25796e-05
-1.15432e-05
-9.90158e-06
-8.86455e-06
-8.04161e-06
-7.3713e-06
-6.84924e-06
-6.43747e-06
-6.11551e-06
-5.86945e-06
-5.68914e-06
-5.56709e-06
-5.49791e-06
-5.47784e-06
-5.50494e-06
-5.57973e-06
-5.70638e-06
-5.89246e-06
-6.15183e-06
-6.5044e-06
-6.97899e-06
-7.6016e-06
-8.38269e-06
-9.1937e-06
-9.79266e-06
-1.00588e-05
-9.94892e-06
-9.45224e-06
-8.58505e-06
-7.37354e-06
-5.84536e-06
-4.02794e-06
-1.94974e-06
3.57931e-07
2.86001e-06
5.51762e-06
8.289e-06
1.11306e-05
1.39981e-05
1.68458e-05
1.96257e-05
2.22844e-05
2.47977e-05
2.70763e-05
2.95379e-05
3.46207e-05
-1.32372e-05
-1.04473e-05
-9.0865e-06
-8.15818e-06
-7.42886e-06
-6.87512e-06
-6.44415e-06
-6.10935e-06
-5.85454e-06
-5.66836e-06
-5.54272e-06
-5.47182e-06
-5.45165e-06
-5.48002e-06
-5.55724e-06
-5.6874e-06
-5.87788e-06
-6.1424e-06
-6.50055e-06
-6.9808e-06
-7.60829e-06
-8.39234e-06
-9.20176e-06
-9.79258e-06
-1.00444e-05
-9.91406e-06
-9.39098e-06
-8.49188e-06
-7.24386e-06
-5.67578e-06
-3.81681e-06
-1.69776e-06
6.47106e-07
3.17927e-06
5.85605e-06
8.63163e-06
1.14582e-05
1.42872e-05
1.70686e-05
1.975e-05
2.22782e-05
2.46215e-05
2.6711e-05
2.92476e-05
3.6271e-05
-1.46582e-05
-1.07821e-05
-9.19013e-06
-8.22238e-06
-7.46681e-06
-6.89394e-06
-6.44935e-06
-6.10425e-06
-5.84179e-06
-5.65019e-06
-5.52106e-06
-5.4484e-06
-5.42801e-06
-5.45747e-06
-5.53693e-06
-5.67036e-06
-5.86498e-06
-6.1343e-06
-6.49763e-06
-6.98301e-06
-7.61479e-06
-8.40117e-06
-9.20875e-06
-9.79188e-06
-1.00304e-05
-9.88172e-06
-9.33493e-06
-8.40732e-06
-7.12691e-06
-5.52383e-06
-3.62899e-06
-1.47557e-06
8.99216e-07
3.45329e-06
6.13993e-06
8.90871e-06
1.17065e-05
1.44782e-05
1.71645e-05
1.96999e-05
2.20124e-05
2.39824e-05
2.54751e-05
2.71942e-05
3.39462e-05
)
;

boundaryField
{
    inlet
    {
        type            uniformJump;
        patchType       cyclic;
        jump            uniform -2.5e-05;
        value           nonuniform List<scalar> 
40
(
9.58557e-07
9.76523e-07
9.95437e-07
1.01446e-06
1.03514e-06
1.05889e-06
1.08784e-06
1.12574e-06
1.17827e-06
1.25284e-06
1.35758e-06
1.50039e-06
1.68858e-06
1.92889e-06
2.22695e-06
2.58642e-06
3.00763e-06
3.48507e-06
4.00836e-06
4.56254e-06
5.10208e-06
5.55304e-06
5.90738e-06
6.1718e-06
6.36537e-06
6.5037e-06
6.59959e-06
6.66406e-06
6.70618e-06
6.73313e-06
6.75032e-06
6.76159e-06
6.76949e-06
6.77562e-06
6.78092e-06
6.78585e-06
6.79058e-06
6.79526e-06
6.80014e-06
6.80495e-06
)
;
        jumpTable       table;
        jumpTableCoeffs
        {
            values          
4
(
(0 -2.5e-05)
(25 -2.5e-05)
(25.5 -0.0001)
(26 -2.5e-05)
)
;
        }
    }
    outlet
    {
        type            uniformJump;
        patchType       cyclic;
        value           nonuniform List<scalar> 
40
(
-2.40414e-05
-2.40235e-05
-2.40046e-05
-2.39855e-05
-2.39649e-05
-2.39411e-05
-2.39122e-05
-2.38743e-05
-2.38217e-05
-2.37472e-05
-2.36424e-05
-2.34996e-05
-2.33114e-05
-2.30711e-05
-2.27731e-05
-2.24136e-05
-2.19924e-05
-2.15149e-05
-2.09916e-05
-2.04375e-05
-1.98979e-05
-1.9447e-05
-1.90926e-05
-1.88282e-05
-1.86346e-05
-1.84963e-05
-1.84004e-05
-1.83359e-05
-1.82938e-05
-1.82669e-05
-1.82497e-05
-1.82384e-05
-1.82305e-05
-1.82244e-05
-1.82191e-05
-1.82142e-05
-1.82094e-05
-1.82047e-05
-1.81999e-05
-1.81951e-05
)
;
    }
    Walls
    {
        type            zeroGradient;
    }
    back
    {
        type            empty;
    }
    front
    {
        type            empty;
    }
}


// ************************************************************************* //
