/*--------------------------------*- C++ -*----------------------------------*\
| =========                 |                                                 |
| \\      /  F ield         | OpenFOAM: The Open Source CFD Toolbox           |
|  \\    /   O peration     | Version:  2312                                  |
|   \\  /    A nd           | Website:  www.openfoam.com                      |
|    \\/     M anipulation  |                                                 |
\*---------------------------------------------------------------------------*/
FoamFile
{
    version     2.0;
    format      ascii;
    arch        "LSB;label=32;scalar=64";
    class       volScalarField;
    location    "106";
    object      p;
}
// * * * * * * * * * * * * * * * * * * * * * * * * * * * * * * * * * * * * * //

dimensions      [0 2 -2 0 0 0 0];

internalField   nonuniform List<scalar> 
4800
(
-3.17371e-13
-9.81867e-07
-1.78567e-06
-2.46208e-06
-3.05627e-06
-3.58407e-06
-4.05374e-06
-4.47625e-06
-4.86096e-06
-5.21326e-06
-5.53721e-06
-5.83273e-06
-6.09127e-06
-6.55353e-06
-8.17723e-06
1.1041e-08
-9.70529e-07
-1.77417e-06
-2.4508e-06
-3.04574e-06
-3.57488e-06
-4.04665e-06
-4.47238e-06
-4.86231e-06
-5.22373e-06
-5.56543e-06
-5.90068e-06
-6.24123e-06
-6.69366e-06
-7.49828e-06
2.24756e-08
-9.58567e-07
-1.76214e-06
-2.43875e-06
-3.03349e-06
-3.5635e-06
-4.03686e-06
-4.46507e-06
-4.859e-06
-5.22672e-06
-5.57813e-06
-5.92688e-06
-6.27875e-06
-6.6382e-06
-6.97564e-06
3.39171e-08
-9.45975e-07
-1.74884e-06
-2.42535e-06
-3.01859e-06
-3.54898e-06
-4.02311e-06
-4.45212e-06
-4.84708e-06
-5.21522e-06
-5.56364e-06
-5.8971e-06
-6.20495e-06
-6.45243e-06
-6.56542e-06
4.66119e-08
-9.31402e-07
-1.73273e-06
-2.40943e-06
-2.99916e-06
-3.52882e-06
-4.00256e-06
-4.43005e-06
-4.82182e-06
-5.18291e-06
-5.51532e-06
-5.81401e-06
-6.05743e-06
-6.20443e-06
-6.19783e-06
6.20564e-08
-9.13321e-07
-1.71214e-06
-2.38802e-06
-2.97413e-06
-3.50036e-06
-3.97147e-06
-4.3941e-06
-4.77713e-06
-5.12254e-06
-5.42707e-06
-5.67931e-06
-5.85589e-06
-5.92543e-06
-5.85875e-06
8.27419e-08
-8.89305e-07
-1.68465e-06
-2.35746e-06
-2.94045e-06
-3.46037e-06
-3.92502e-06
-4.33825e-06
-4.70597e-06
-5.02723e-06
-5.29518e-06
-5.49685e-06
-5.61409e-06
-5.63032e-06
-5.5378e-06
1.1297e-07
-8.55304e-07
-1.64619e-06
-2.31422e-06
-2.89213e-06
-3.40346e-06
-3.85704e-06
-4.25539e-06
-4.60119e-06
-4.89155e-06
-5.1188e-06
-5.27263e-06
-5.34301e-06
-5.32603e-06
-5.22577e-06
1.59354e-07
-8.05154e-07
-1.59066e-06
-2.25234e-06
-2.8223e-06
-3.32198e-06
-3.75982e-06
-4.13773e-06
-4.45617e-06
-4.71189e-06
-4.89908e-06
-5.01232e-06
-5.04923e-06
-5.01405e-06
-4.91572e-06
2.30848e-07
-7.30389e-07
-1.50972e-06
-2.16335e-06
-2.7225e-06
-3.20692e-06
-3.62466e-06
-3.97753e-06
-4.26538e-06
-4.48626e-06
-4.63779e-06
-4.71968e-06
-4.73508e-06
-4.69231e-06
-4.60136e-06
3.38189e-07
-6.20572e-07
-1.393e-06
-2.03687e-06
-2.58251e-06
-3.04848e-06
-3.44272e-06
-3.76787e-06
-4.02474e-06
-4.2138e-06
-4.3364e-06
-4.39631e-06
-4.3999e-06
-4.35683e-06
-4.2764e-06
4.93341e-07
-4.63815e-07
-1.22861e-06
-1.86037e-06
-2.39107e-06
-2.83656e-06
-3.20578e-06
-3.50314e-06
-3.73152e-06
-3.89419e-06
-3.99557e-06
-4.04204e-06
-4.04132e-06
-4.00292e-06
-3.93483e-06
7.09915e-07
-2.46545e-07
-1.00332e-06
-1.62249e-06
-2.13657e-06
-2.56126e-06
-2.90649e-06
-3.17886e-06
-3.38376e-06
-3.52695e-06
-3.61493e-06
-3.65534e-06
-3.65613e-06
-3.6259e-06
-3.57135e-06
1.00429e-06
4.72863e-08
-6.99659e-07
-1.30811e-06
-1.80649e-06
-2.2124e-06
-2.53744e-06
-2.79037e-06
-2.97877e-06
-3.11021e-06
-3.19236e-06
-3.23319e-06
-3.24025e-06
-3.22106e-06
-3.18118e-06
1.39658e-06
4.35921e-07
-3.02364e-07
-9.00942e-07
-1.38671e-06
-1.77853e-06
-2.08985e-06
-2.33113e-06
-2.51146e-06
-2.63943e-06
-2.72317e-06
-2.77049e-06
-2.78828e-06
-2.78308e-06
-2.75953e-06
1.90943e-06
9.6081e-07
2.11611e-07
-3.83041e-07
-8.61836e-07
-1.24691e-06
-1.55327e-06
-1.79245e-06
-1.97421e-06
-2.10752e-06
-2.20047e-06
-2.2605e-06
-2.29391e-06
-2.30635e-06
-2.30186e-06
2.55722e-06
1.60581e-06
8.5736e-07
2.61414e-07
-2.18296e-07
-6.05973e-07
-9.17826e-07
-1.16567e-06
-1.35925e-06
-1.50734e-06
-1.61776e-06
-1.6975e-06
-1.75233e-06
-1.78727e-06
-1.80595e-06
3.35038e-06
2.40148e-06
1.64757e-06
1.04333e-06
5.53267e-07
1.51974e-07
-1.77031e-07
-4.45235e-07
-6.61896e-07
-8.35273e-07
-9.72712e-07
-1.08067e-06
-1.16447e-06
-1.22861e-06
-1.27649e-06
4.30391e-06
3.34939e-06
2.58606e-06
1.96684e-06
1.45604e-06
1.02948e-06
6.71564e-07
3.71404e-07
1.20302e-07
-8.93452e-08
-2.64234e-07
-4.10208e-07
-5.32158e-07
-6.34205e-07
-7.19596e-07
5.3668e-06
4.42961e-06
3.66024e-06
3.02098e-06
2.48108e-06
2.01958e-06
1.62269e-06
1.28039e-06
9.84594e-07
7.28349e-07
5.05649e-07
3.11281e-07
1.40806e-07
-9.51647e-09
-1.42805e-07
6.41978e-06
5.50745e-06
4.73473e-06
4.07283e-06
3.49862e-06
2.9959e-06
2.55313e-06
2.16144e-06
1.81358e-06
1.50347e-06
1.22584e-06
9.76121e-07
7.50349e-07
5.45191e-07
3.57794e-07
7.30936e-06
6.42089e-06
5.64821e-06
4.96818e-06
4.36474e-06
3.82604e-06
3.34256e-06
2.90649e-06
2.51141e-06
2.15198e-06
1.82356e-06
1.52217e-06
1.24433e-06
9.87183e-07
7.48255e-07
7.97187e-06
7.11041e-06
6.3433e-06
5.65448e-06
5.03254e-06
4.46841e-06
3.9542e-06
3.48321e-06
3.04992e-06
2.64974e-06
2.27871e-06
1.93345e-06
1.61105e-06
1.30913e-06
1.02561e-06
8.45373e-06
7.61938e-06
6.86249e-06
6.17218e-06
5.54002e-06
4.95884e-06
4.42218e-06
3.92452e-06
3.46124e-06
3.02848e-06
2.62294e-06
2.24183e-06
1.88278e-06
1.54384e-06
1.22328e-06
8.7915e-06
7.98424e-06
7.24132e-06
6.555e-06
5.91895e-06
5.3275e-06
4.77548e-06
4.2584e-06
3.7725e-06
3.31461e-06
2.88206e-06
2.47262e-06
2.0844e-06
1.71586e-06
1.36558e-06
9.02169e-06
8.24131e-06
7.51451e-06
6.83564e-06
6.20007e-06
5.60336e-06
5.0414e-06
4.51064e-06
4.00807e-06
3.53121e-06
3.07796e-06
2.64659e-06
2.23563e-06
1.84385e-06
1.47016e-06
9.17557e-06
8.42071e-06
7.71043e-06
7.04074e-06
6.40834e-06
5.80976e-06
5.24177e-06
4.70162e-06
4.18699e-06
3.696e-06
3.22706e-06
2.77884e-06
2.35023e-06
1.94032e-06
1.54827e-06
9.27652e-06
8.54508e-06
7.85074e-06
7.19089e-06
6.56318e-06
5.96487e-06
5.39349e-06
4.84699e-06
4.32367e-06
3.82215e-06
3.34124e-06
2.88001e-06
2.43765e-06
2.01356e-06
1.60713e-06
9.34154e-06
8.63115e-06
7.95168e-06
7.30161e-06
6.67919e-06
6.08231e-06
5.50918e-06
4.95837e-06
4.42868e-06
3.91916e-06
3.429e-06
2.95759e-06
2.50441e-06
2.06912e-06
1.65134e-06
9.38271e-06
8.69098e-06
8.02506e-06
7.38417e-06
6.76701e-06
6.17206e-06
5.59814e-06
5.04431e-06
4.50981e-06
3.99406e-06
3.49657e-06
3.01703e-06
2.55518e-06
2.11088e-06
1.68397e-06
9.40834e-06
8.733e-06
8.07917e-06
7.44659e-06
6.83433e-06
6.24142e-06
5.6672e-06
5.11114e-06
4.57286e-06
4.05208e-06
3.54862e-06
3.06243e-06
2.59345e-06
2.14175e-06
1.70733e-06
9.42406e-06
8.76304e-06
8.11987e-06
7.49462e-06
6.88674e-06
6.29576e-06
5.72144e-06
5.16361e-06
4.62219e-06
4.09721e-06
3.58875e-06
3.09695e-06
2.62197e-06
2.16405e-06
1.72334e-06
9.43363e-06
8.78508e-06
8.15121e-06
7.53233e-06
6.92827e-06
6.33899e-06
5.7646e-06
5.20524e-06
4.66112e-06
4.13252e-06
3.61973e-06
3.1231e-06
2.64297e-06
2.17971e-06
1.73362e-06
9.43952e-06
8.8018e-06
8.17599e-06
7.56259e-06
6.9618e-06
6.37396e-06
5.79945e-06
5.2387e-06
4.69217e-06
4.16035e-06
3.64374e-06
3.14287e-06
2.65821e-06
2.1903e-06
1.73953e-06
9.44327e-06
8.81498e-06
8.19613e-06
7.58742e-06
6.9894e-06
6.40271e-06
5.828e-06
5.26594e-06
4.7172e-06
4.18248e-06
3.66245e-06
3.15779e-06
2.66912e-06
2.19708e-06
1.74218e-06
9.44584e-06
8.82574e-06
8.21287e-06
7.60817e-06
7.01248e-06
6.4267e-06
5.8517e-06
5.28838e-06
4.7376e-06
4.20023e-06
3.67711e-06
3.16904e-06
2.67677e-06
2.20105e-06
1.74249e-06
9.44779e-06
8.83477e-06
8.22704e-06
7.62575e-06
7.032e-06
6.4469e-06
5.87156e-06
5.30703e-06
4.75436e-06
4.21458e-06
3.68865e-06
3.17751e-06
2.68202e-06
2.203e-06
1.74117e-06
9.44943e-06
8.84262e-06
8.23932e-06
7.64094e-06
7.04881e-06
6.46423e-06
5.88848e-06
5.32279e-06
4.76837e-06
4.22637e-06
3.69787e-06
3.18393e-06
2.68549e-06
2.20348e-06
1.73868e-06
9.45099e-06
8.84992e-06
8.25067e-06
7.65492e-06
7.06421e-06
6.48002e-06
5.90381e-06
5.33696e-06
4.78081e-06
4.23664e-06
3.70565e-06
3.189e-06
2.68772e-06
2.20283e-06
1.73518e-06
9.45245e-06
8.85672e-06
8.26129e-06
7.668e-06
7.07856e-06
6.49464e-06
5.91785e-06
5.34977e-06
4.79186e-06
4.24555e-06
3.71216e-06
3.19295e-06
2.68905e-06
2.20153e-06
1.73124e-06
-9.39991e-06
-6.99478e-06
-5.53721e-06
-4.56567e-06
-3.80043e-06
-3.22485e-06
-2.78903e-06
-2.45771e-06
-2.20554e-06
-2.01097e-06
-1.85484e-06
-1.71931e-06
-1.58707e-06
-1.44122e-06
-1.26522e-06
-1.04473e-06
-7.68985e-07
-4.38453e-07
-6.8129e-08
3.00045e-07
5.95054e-07
7.29609e-07
6.44539e-07
4.45702e-07
2.80983e-07
2.4357e-07
3.84411e-07
7.33093e-07
1.30619e-06
2.10938e-06
3.15378e-06
4.43739e-06
5.93538e-06
7.62742e-06
9.47311e-06
1.14231e-05
1.34184e-05
1.53909e-05
1.72596e-05
1.89234e-05
2.02403e-05
2.10106e-05
2.08006e-05
1.92408e-05
1.48006e-05
-7.76474e-06
-6.47915e-06
-5.35984e-06
-4.4877e-06
-3.76705e-06
-3.20596e-06
-2.77501e-06
-2.44551e-06
-2.19436e-06
-2.0008e-06
-1.8458e-06
-1.71146e-06
-1.58033e-06
-1.43546e-06
-1.26037e-06
-1.0408e-06
-7.66105e-07
-4.36828e-07
-6.75263e-08
3.00831e-07
5.98818e-07
7.414e-07
6.69521e-07
4.85424e-07
3.33604e-07
3.05854e-07
4.52448e-07
8.03289e-07
1.37463e-06
2.17073e-06
3.20236e-06
4.4663e-06
5.93345e-06
7.58179e-06
9.36753e-06
1.12366e-05
1.31234e-05
1.49496e-05
1.66181e-05
1.79992e-05
1.88971e-05
1.90011e-05
1.76984e-05
1.426e-05
7.52772e-06
-6.91232e-06
-6.08592e-06
-5.17804e-06
-4.39676e-06
-3.72567e-06
-3.18473e-06
-2.7614e-06
-2.43472e-06
-2.18464e-06
-1.99174e-06
-1.83737e-06
-1.70366e-06
-1.57311e-06
-1.42875e-06
-1.25419e-06
-1.0353e-06
-7.6161e-07
-4.33666e-07
-6.56847e-08
3.025e-07
6.03266e-07
7.54233e-07
6.96648e-07
5.28812e-07
3.91304e-07
3.74229e-07
5.26942e-07
8.79605e-07
1.44793e-06
2.23423e-06
3.24904e-06
4.48755e-06
5.91512e-06
7.50769e-06
9.21732e-06
1.09841e-05
1.27347e-05
1.43796e-05
1.58053e-05
1.6859e-05
1.7315e-05
1.68361e-05
1.4884e-05
1.10585e-05
5.12686e-06
-6.38151e-06
-5.76958e-06
-5.02751e-06
-4.31789e-06
-3.69398e-06
-3.17388e-06
-2.75768e-06
-2.43245e-06
-2.18167e-06
-1.98761e-06
-1.83223e-06
-1.69778e-06
-1.56671e-06
-1.42205e-06
-1.24745e-06
-1.02892e-06
-7.56136e-07
-4.29608e-07
-6.31656e-08
3.0465e-07
6.08148e-07
7.67928e-07
7.25729e-07
5.75631e-07
4.53963e-07
4.48965e-07
6.0883e-07
9.63914e-07
1.5293e-06
2.30317e-06
3.29998e-06
4.50797e-06
5.88802e-06
7.4133e-06
9.0309e-06
1.06743e-05
1.22623e-05
1.36949e-05
1.4847e-05
1.55556e-05
1.56008e-05
1.46985e-05
1.25003e-05
8.82217e-06
3.90176e-06
-5.9763e-06
-5.49632e-06
-4.88424e-06
-4.25869e-06
-3.67812e-06
-3.17835e-06
-2.76822e-06
-2.44231e-06
-2.1881e-06
-1.99007e-06
-1.83114e-06
-1.69377e-06
-1.56045e-06
-1.41418e-06
-1.23871e-06
-1.02012e-06
-7.48231e-07
-4.23455e-07
-5.91566e-08
3.07676e-07
6.1349e-07
7.82325e-07
7.56641e-07
6.25815e-07
5.21413e-07
5.29566e-07
6.96982e-07
1.05421e-06
1.61527e-06
2.37134e-06
3.34847e-06
4.5178e-06
5.83992e-06
7.2843e-06
8.79284e-06
1.02927e-05
1.16959e-05
1.28959e-05
1.37641e-05
1.41444e-05
1.38508e-05
1.26845e-05
1.04722e-05
7.20335e-06
3.18766e-06
-5.64049e-06
-5.25216e-06
-4.74343e-06
-4.2029e-06
-3.67395e-06
-3.19681e-06
-2.79364e-06
-2.46594e-06
-2.20598e-06
-2.00106e-06
-1.83556e-06
-1.69252e-06
-1.55461e-06
-1.40495e-06
-1.22738e-06
-1.0081e-06
-7.3705e-07
-4.14439e-07
-5.31166e-08
3.11846e-07
6.19243e-07
7.97138e-07
7.89006e-07
6.78948e-07
5.93139e-07
6.15301e-07
7.90169e-07
1.14903e-06
1.70072e-06
2.43669e-06
3.38893e-06
4.5096e-06
5.7616e-06
7.11007e-06
8.49212e-06
9.82982e-06
1.10311e-05
1.1989e-05
1.25809e-05
1.26722e-05
1.21259e-05
1.08287e-05
8.73211e-06
5.92768e-06
2.69799e-06
-5.33843e-06
-5.02074e-06
-4.60253e-06
-4.13357e-06
-3.66414e-06
-3.22061e-06
-2.82904e-06
-2.50099e-06
-2.23464e-06
-2.02093e-06
-1.84625e-06
-1.6947e-06
-1.54959e-06
-1.39441e-06
-1.21325e-06
-9.92478e-07
-7.22141e-07
-4.02136e-07
-4.48084e-08
3.17185e-07
6.25137e-07
8.1183e-07
8.22117e-07
7.34186e-07
6.68144e-07
7.04982e-07
8.86713e-07
1.24576e-06
1.77921e-06
2.50001e-06
3.41635e-06
4.47638e-06
5.6451e-06
6.88233e-06
8.12135e-06
9.28166e-06
1.02711e-05
1.09885e-05
1.13264e-05
1.11807e-05
1.04648e-05
9.1339e-06
7.21228e-06
4.82319e-06
2.19172e-06
-5.04905e-06
-4.78728e-06
-4.44521e-06
-4.04905e-06
-3.63381e-06
-3.23257e-06
-2.86321e-06
-2.53973e-06
-2.26882e-06
-2.04657e-06
-1.86156e-06
-1.69942e-06
-1.54478e-06
-1.38204e-06
-1.19579e-06
-9.72734e-07
-7.031e-07
-3.86275e-07
-3.41917e-08
3.2347e-07
6.30554e-07
8.25432e-07
8.54752e-07
7.90071e-07
7.44679e-07
7.96556e-07
9.84425e-07
1.33644e-06
1.85368e-06
2.55615e-06
3.42085e-06
4.40822e-06
5.48109e-06
6.59237e-06
7.67409e-06
8.6463e-06
9.42248e-06
9.91219e-06
1.00293e-05
9.70216e-06
8.8874e-06
7.58588e-06
5.8551e-06
3.81443e-06
1.63288e-06
-4.76141e-06
-4.54454e-06
-4.26489e-06
-3.93538e-06
-3.57836e-06
-3.21908e-06
-2.87922e-06
-2.57023e-06
-2.29903e-06
-2.07098e-06
-1.87682e-06
-1.70347e-06
-1.53797e-06
-1.36628e-06
-1.17389e-06
-9.48114e-07
-6.79544e-07
-3.66871e-07
-2.16773e-08
3.3012e-07
6.34328e-07
8.36304e-07
8.84906e-07
8.44236e-07
8.19896e-07
8.86404e-07
1.07921e-06
1.41804e-06
1.92327e-06
2.58945e-06
3.39089e-06
4.295e-06
5.25891e-06
6.23103e-06
7.14498e-06
7.92532e-06
8.49466e-06
8.77841e-06
8.71349e-06
8.25751e-06
7.39847e-06
6.16249e-06
4.61631e-06
2.862e-06
1.02303e-06
-4.46829e-06
-4.28825e-06
-4.05947e-06
-3.78772e-06
-3.48628e-06
-3.17302e-06
-2.86574e-06
-2.57684e-06
-2.3134e-06
-2.08462e-06
-1.88496e-06
-1.70147e-06
-1.52528e-06
-1.34453e-06
-1.14587e-06
-9.17787e-07
-6.51199e-07
-3.43872e-07
-8.4201e-09
3.35472e-07
6.34444e-07
8.41811e-07
9.09409e-07
8.92987e-07
8.89469e-07
9.67788e-07
1.16375e-06
1.4922e-06
1.97066e-06
2.58745e-06
3.31738e-06
4.12575e-06
4.96744e-06
5.78966e-06
6.52985e-06
7.12127e-06
7.49817e-06
7.60366e-06
7.39622e-06
6.85636e-06
5.99168e-06
4.83889e-06
3.46125e-06
1.94061e-06
3.66398e-07
-4.16337e-06
-4.01431e-06
-3.82736e-06
-3.60463e-06
-3.35342e-06
-3.08557e-06
-2.8148e-06
-2.54988e-06
-2.30162e-06
-2.07745e-06
-1.87612e-06
-1.68646e-06
-1.50174e-06
-1.31354e-06
-1.10991e-06
-8.81254e-07
-6.19049e-07
-3.17495e-07
6.8799e-09
3.34409e-07
6.27301e-07
8.37909e-07
9.23452e-07
9.30789e-07
9.46908e-07
1.035e-06
1.22936e-06
1.54295e-06
1.9843e-06
2.54095e-06
3.18763e-06
3.88766e-06
4.59572e-06
5.2609e-06
5.82776e-06
6.23925e-06
6.4438e-06
6.40131e-06
6.08798e-06
5.49992e-06
4.65491e-06
3.5911e-06
2.36288e-06
1.03361e-06
-3.31909e-07
-3.84078e-06
-3.71853e-06
-3.56661e-06
-3.38534e-06
-3.17828e-06
-2.95269e-06
-2.71762e-06
-2.48202e-06
-2.25472e-06
-2.04144e-06
-1.84172e-06
-1.65077e-06
-1.46272e-06
-1.27053e-06
-1.06472e-06
-8.38345e-07
-5.82873e-07
-2.93151e-07
1.87877e-08
3.25503e-07
6.08061e-07
8.18776e-07
9.2011e-07
9.49681e-07
9.83243e-07
1.07779e-06
1.26483e-06
1.55469e-06
1.94954e-06
2.43553e-06
2.98695e-06
3.56762e-06
4.13412e-06
4.64088e-06
5.04012e-06
5.28648e-06
5.34235e-06
5.18195e-06
4.79434e-06
4.18486e-06
3.37482e-06
2.39898e-06
1.30155e-06
1.30547e-07
-1.06687e-06
-3.49548e-06
-3.39712e-06
-3.27531e-06
-3.12957e-06
-2.96133e-06
-2.77477e-06
-2.57603e-06
-2.37188e-06
-2.1686e-06
-1.97072e-06
-1.77919e-06
-1.59226e-06
-1.40606e-06
-1.21497e-06
-1.01114e-06
-7.89785e-07
-5.46081e-07
-2.75234e-07
1.70334e-08
3.05145e-07
5.70592e-07
7.76561e-07
8.89991e-07
9.3884e-07
9.8638e-07
1.08241e-06
1.25522e-06
1.51147e-06
1.84962e-06
2.25465e-06
2.70087e-06
3.15419e-06
3.57728e-06
3.92964e-06
4.17273e-06
4.27322e-06
4.20566e-06
3.95524e-06
3.51932e-06
2.90762e-06
2.14094e-06
1.24863e-06
2.6529e-07
-7.73175e-07
-1.83231e-06
-3.12324e-06
-3.04701e-06
-2.95202e-06
-2.8376e-06
-2.70401e-06
-2.55347e-06
-2.38975e-06
-2.21742e-06
-2.04087e-06
-1.86349e-06
-1.68683e-06
-1.5106e-06
-1.33254e-06
-1.14895e-06
-9.54491e-07
-7.43481e-07
-5.16407e-07
-2.67994e-07
-1.79768e-09
2.62015e-07
5.05259e-07
7.00935e-07
8.21082e-07
8.84425e-07
9.40967e-07
1.03207e-06
1.18279e-06
1.39514e-06
1.66738e-06
1.98241e-06
2.31769e-06
2.64315e-06
2.92544e-06
3.13272e-06
3.23647e-06
3.21352e-06
3.04787e-06
2.73226e-06
2.26877e-06
1.66824e-06
9.48923e-07
1.34282e-07
-7.49322e-07
-1.67532e-06
-2.6185e-06
-2.72022e-06
-2.6657e-06
-2.59598e-06
-2.51045e-06
-2.40881e-06
-2.29208e-06
-2.16238e-06
-2.02259e-06
-1.8755e-06
-1.7232e-06
-1.56783e-06
-1.41003e-06
-1.24773e-06
-1.07912e-06
-9.00944e-07
-7.09614e-07
-5.03804e-07
-2.81713e-07
-4.80758e-08
1.84478e-07
4.00056e-07
5.78879e-07
6.98659e-07
7.69842e-07
8.28773e-07
9.06756e-07
1.0291e-06
1.18721e-06
1.38629e-06
1.60883e-06
1.83272e-06
2.03335e-06
2.18459e-06
2.26284e-06
2.24829e-06
2.12587e-06
1.8864e-06
1.52729e-06
1.05265e-06
4.72598e-07
-1.97977e-07
-9.41019e-07
-1.73691e-06
-2.56617e-06
-3.41039e-06
-2.28324e-06
-2.25173e-06
-2.20767e-06
-2.15063e-06
-2.08016e-06
-1.99655e-06
-1.9011e-06
-1.79514e-06
-1.68102e-06
-1.56021e-06
-1.43121e-06
-1.29773e-06
-1.1604e-06
-1.01656e-06
-8.62684e-07
-6.97559e-07
-5.21066e-07
-3.32956e-07
-1.3722e-07
5.7862e-08
2.39814e-07
3.94298e-07
5.04957e-07
5.75857e-07
6.30076e-07
6.8454e-07
7.6003e-07
8.72167e-07
9.97324e-07
1.1265e-06
1.24409e-06
1.33121e-06
1.36849e-06
1.33912e-06
1.23007e-06
1.03245e-06
7.41698e-07
3.57772e-07
-1.1489e-07
-6.67855e-07
-1.28958e-06
-1.9666e-06
-2.6846e-06
-3.42945e-06
-4.18774e-06
-1.81164e-06
-1.80625e-06
-1.79032e-06
-1.76361e-06
-1.72572e-06
-1.67671e-06
-1.61696e-06
-1.54749e-06
-1.46765e-06
-1.38087e-06
-1.29e-06
-1.19186e-06
-1.08774e-06
-9.75823e-07
-8.54488e-07
-7.24501e-07
-5.86181e-07
-4.39388e-07
-2.87267e-07
-1.35478e-07
7.06872e-09
1.29694e-07
2.20426e-07
2.79009e-07
3.2767e-07
3.48296e-07
3.90018e-07
4.41e-07
4.91904e-07
5.35187e-07
5.59419e-07
5.51012e-07
4.96397e-07
3.84042e-07
2.05723e-07
-4.33112e-08
-3.64735e-07
-7.57378e-07
-1.2173e-06
-1.73803e-06
-2.31106e-06
-2.92663e-06
-3.57444e-06
-4.24434e-06
-4.92661e-06
-1.31194e-06
-1.33757e-06
-1.35411e-06
-1.36155e-06
-1.35968e-06
-1.34846e-06
-1.32805e-06
-1.29888e-06
-1.26157e-06
-1.21761e-06
-1.16865e-06
-1.11165e-06
-1.04743e-06
-9.76055e-07
-8.97547e-07
-8.12135e-07
-7.19955e-07
-6.21354e-07
-5.18474e-07
-4.15412e-07
-3.17418e-07
-2.31801e-07
-1.72186e-07
-1.42176e-07
-1.36092e-07
-1.14117e-07
-1.09469e-07
-1.13899e-07
-1.27228e-07
-1.55199e-07
-2.0589e-07
-2.88001e-07
-4.10098e-07
-5.79651e-07
-8.01897e-07
-1.07948e-06
-1.41268e-06
-1.79986e-06
-2.23775e-06
-2.72161e-06
-3.24547e-06
-3.80253e-06
-4.38554e-06
-4.98724e-06
-5.60063e-06
-7.92804e-07
-8.57023e-07
-9.13117e-07
-9.61279e-07
-1.00159e-06
-1.03416e-06
-1.05914e-06
-1.07686e-06
-1.08767e-06
-1.09198e-06
-1.08988e-06
-1.08107e-06
-1.06597e-06
-1.04488e-06
-1.01775e-06
-9.84398e-07
-9.45007e-07
-9.00334e-07
-8.51396e-07
-8.01204e-07
-7.52824e-07
-7.10234e-07
-6.85168e-07
-6.768e-07
-6.83913e-07
-6.99457e-07
-7.33452e-07
-7.8167e-07
-8.43788e-07
-9.23987e-07
-1.02745e-06
-1.15917e-06
-1.32395e-06
-1.52621e-06
-1.76922e-06
-2.05468e-06
-2.38261e-06
-2.7516e-06
-3.15909e-06
-3.60165e-06
-4.07517e-06
-4.57508e-06
-5.09643e-06
-5.63417e-06
-6.18328e-06
-2.64268e-07
-3.77666e-07
-4.8366e-07
-5.82356e-07
-6.74016e-07
-7.58883e-07
-8.37135e-07
-9.08918e-07
-9.74365e-07
-1.0336e-06
-1.08676e-06
-1.13395e-06
-1.17531e-06
-1.21087e-06
-1.24048e-06
-1.26404e-06
-1.2817e-06
-1.2936e-06
-1.3007e-06
-1.30428e-06
-1.30643e-06
-1.31384e-06
-1.32503e-06
-1.33902e-06
-1.36152e-06
-1.40422e-06
-1.46502e-06
-1.54099e-06
-1.63294e-06
-1.74338e-06
-1.87506e-06
-2.03078e-06
-2.21332e-06
-2.42531e-06
-2.6688e-06
-2.9448e-06
-3.25323e-06
-3.59313e-06
-3.96283e-06
-4.36006e-06
-4.78206e-06
-5.22575e-06
-5.68787e-06
-6.16499e-06
-6.65359e-06
1.82865e-07
1.62336e-08
-1.43008e-07
-2.95119e-07
-4.40452e-07
-5.79275e-07
-7.11751e-07
-8.37972e-07
-9.57976e-07
-1.07179e-06
-1.17945e-06
-1.28096e-06
-1.37629e-06
-1.46533e-06
-1.54788e-06
-1.62376e-06
-1.69272e-06
-1.7548e-06
-1.81016e-06
-1.85876e-06
-1.90356e-06
-1.94716e-06
-1.98652e-06
-2.02482e-06
-2.07222e-06
-2.13319e-06
-2.20732e-06
-2.29514e-06
-2.39801e-06
-2.51734e-06
-2.6546e-06
-2.81159e-06
-2.99034e-06
-3.19269e-06
-3.42012e-06
-3.67345e-06
-3.95266e-06
-4.25703e-06
-4.58548e-06
-4.93662e-06
-5.30875e-06
-5.69987e-06
-6.1078e-06
-6.53024e-06
-6.96479e-06
5.22357e-07
3.05057e-07
9.53938e-08
-1.06828e-07
-3.01914e-07
-4.90083e-07
-6.71422e-07
-8.45918e-07
-1.01352e-06
-1.17417e-06
-1.32782e-06
-1.47437e-06
-1.61366e-06
-1.74545e-06
-1.86946e-06
-1.98534e-06
-2.0928e-06
-2.19151e-06
-2.28129e-06
-2.3629e-06
-2.43689e-06
-2.50341e-06
-2.56606e-06
-2.62719e-06
-2.69108e-06
-2.76006e-06
-2.83758e-06
-2.92619e-06
-3.02737e-06
-3.14231e-06
-3.27251e-06
-3.41971e-06
-3.58553e-06
-3.77119e-06
-3.9776e-06
-4.20533e-06
-4.45456e-06
-4.72503e-06
-5.01619e-06
-5.3272e-06
-5.65699e-06
-6.00426e-06
-6.36754e-06
-6.74526e-06
-7.13578e-06
7.55655e-07
4.94916e-07
2.42432e-07
-1.9102e-09
-2.38283e-07
-4.66763e-07
-6.87327e-07
-8.99892e-07
-1.10436e-06
-1.30061e-06
-1.48851e-06
-1.66787e-06
-1.83846e-06
-1.99999e-06
-2.15213e-06
-2.29451e-06
-2.42677e-06
-2.54858e-06
-2.65995e-06
-2.76116e-06
-2.85192e-06
-2.93404e-06
-3.0103e-06
-3.08153e-06
-3.14988e-06
-3.21973e-06
-3.29551e-06
-3.38002e-06
-3.47499e-06
-3.58196e-06
-3.70253e-06
-3.83821e-06
-3.99027e-06
-4.15972e-06
-4.34739e-06
-4.55384e-06
-4.77931e-06
-5.02378e-06
-5.28696e-06
-5.56845e-06
-5.86761e-06
-6.18359e-06
-6.5154e-06
-6.8619e-06
-7.22193e-06
9.16753e-07
6.20226e-07
3.32863e-07
5.467e-08
-2.14401e-07
-4.7433e-07
-7.25028e-07
-9.66355e-07
-1.19815e-06
-1.42024e-06
-1.63243e-06
-1.83451e-06
-2.02623e-06
-2.20732e-06
-2.37747e-06
-2.53633e-06
-2.68363e-06
-2.81914e-06
-2.94284e-06
-3.05481e-06
-3.1556e-06
-3.24772e-06
-3.3313e-06
-3.40605e-06
-3.47596e-06
-3.54605e-06
-3.62017e-06
-3.70102e-06
-3.79063e-06
-3.8908e-06
-4.00316e-06
-4.12914e-06
-4.2699e-06
-4.42638e-06
-4.59933e-06
-4.78933e-06
-4.9968e-06
-5.22198e-06
-5.46489e-06
-5.72533e-06
-6.00291e-06
-6.29706e-06
-6.6071e-06
-6.93225e-06
-7.27167e-06
1.02976e-06
7.04794e-07
3.90003e-07
8.54771e-08
-2.08736e-07
-4.92523e-07
-7.6571e-07
-1.02809e-06
-1.27945e-06
-1.5196e-06
-1.74834e-06
-1.96548e-06
-2.17078e-06
-2.36402e-06
-2.54497e-06
-2.71339e-06
-2.86913e-06
-3.01205e-06
-3.14233e-06
-3.26033e-06
-3.36718e-06
-3.46459e-06
-3.55153e-06
-3.62865e-06
-3.70031e-06
-3.77094e-06
-3.84401e-06
-3.9223e-06
-4.00807e-06
-4.10322e-06
-4.20937e-06
-4.32786e-06
-4.45988e-06
-4.60643e-06
-4.76837e-06
-4.94645e-06
-5.14121e-06
-5.35299e-06
-5.58193e-06
-5.82797e-06
-6.09095e-06
-6.37055e-06
-6.66634e-06
-6.97778e-06
-7.30424e-06
1.11125e-06
7.64041e-07
4.28012e-07
1.03341e-07
-2.09822e-07
-5.11273e-07
-8.00774e-07
-1.07809e-06
-1.343e-06
-1.59533e-06
-1.8349e-06
-2.06154e-06
-2.2751e-06
-2.47541e-06
-2.66236e-06
-2.83584e-06
-2.99585e-06
-3.14244e-06
-3.27606e-06
-3.39725e-06
-3.50714e-06
-3.6071e-06
-3.69624e-06
-3.77545e-06
-3.84871e-06
-3.9201e-06
-3.99292e-06
-4.06992e-06
-4.15337e-06
-4.24519e-06
-4.347e-06
-4.46028e-06
-4.58629e-06
-4.72614e-06
-4.88078e-06
-5.05098e-06
-5.23733e-06
-5.44026e-06
-5.66004e-06
-5.89682e-06
-6.15061e-06
-6.42126e-06
-6.70854e-06
-7.01205e-06
-7.33134e-06
1.17133e-06
8.06913e-07
4.54663e-07
1.14828e-07
-2.12367e-07
-5.26662e-07
-8.27786e-07
-1.1155e-06
-1.3896e-06
-1.64993e-06
-1.89634e-06
-2.12873e-06
-2.34699e-06
-2.55109e-06
-2.741e-06
-2.91677e-06
-3.07856e-06
-3.22664e-06
-3.36151e-06
-3.48409e-06
-3.5953e-06
-3.69661e-06
-3.78722e-06
-3.86808e-06
-3.9429e-06
-4.0154e-06
-4.08864e-06
-4.16526e-06
-4.24754e-06
-4.33745e-06
-4.43671e-06
-4.54684e-06
-4.66915e-06
-4.80481e-06
-4.9548e-06
-5.11995e-06
-5.30095e-06
-5.49837e-06
-5.7126e-06
-5.94392e-06
-6.19247e-06
-6.45824e-06
-6.7411e-06
-7.04081e-06
-7.35704e-06
1.21613e-06
8.38436e-07
4.73821e-07
1.22582e-07
-2.14999e-07
-5.38622e-07
-8.48004e-07
-1.14291e-06
-1.42315e-06
-1.68861e-06
-1.93917e-06
-2.17479e-06
-2.39547e-06
-2.60125e-06
-2.79225e-06
-2.96863e-06
-3.13072e-06
-3.27897e-06
-3.41396e-06
-3.53667e-06
-3.64824e-06
-3.75009e-06
-3.84155e-06
-3.92374e-06
-4.00002e-06
-4.0737e-06
-4.14765e-06
-4.22445e-06
-4.30638e-06
-4.39543e-06
-4.49335e-06
-4.60168e-06
-4.72179e-06
-4.85488e-06
-5.00202e-06
-5.16414e-06
-5.34202e-06
-5.53631e-06
-5.74752e-06
-5.97602e-06
-6.22204e-06
-6.48568e-06
-6.76693e-06
-7.06565e-06
-7.38158e-06
1.24927e-06
8.61215e-07
4.8707e-07
1.27166e-07
-2.18167e-07
-5.486e-07
-8.63847e-07
-1.16369e-06
-1.44797e-06
-1.71659e-06
-1.96952e-06
-2.20675e-06
-2.42837e-06
-2.63452e-06
-2.82544e-06
-3.0014e-06
-3.16288e-06
-3.31039e-06
-3.44477e-06
-3.56695e-06
-3.67825e-06
-3.78003e-06
-3.87185e-06
-3.95498e-06
-4.03242e-06
-4.10712e-06
-4.18182e-06
-4.25905e-06
-4.34105e-06
-4.4298e-06
-4.52704e-06
-4.63437e-06
-4.75321e-06
-4.88482e-06
-5.03034e-06
-5.19078e-06
-5.367e-06
-5.55972e-06
-5.76954e-06
-5.99692e-06
-6.24217e-06
-6.5055e-06
-6.78696e-06
-7.08649e-06
-7.40392e-06
1.27303e-06
8.76758e-07
4.95148e-07
1.28566e-07
-2.22619e-07
-5.58065e-07
-8.77499e-07
-1.18072e-06
-1.4676e-06
-1.73809e-06
-1.99218e-06
-2.22997e-06
-2.4516e-06
-2.65731e-06
-2.84742e-06
-3.02233e-06
-3.18261e-06
-3.32883e-06
-3.46216e-06
-3.58335e-06
-3.6939e-06
-3.79513e-06
-3.88686e-06
-3.97051e-06
-4.04871e-06
-4.12416e-06
-4.19949e-06
-4.27716e-06
-4.35934e-06
-4.448e-06
-4.54492e-06
-4.65169e-06
-4.7698e-06
-4.90057e-06
-5.0452e-06
-5.20477e-06
-5.38019e-06
-5.57229e-06
-5.78173e-06
-6.00903e-06
-6.25462e-06
-6.51874e-06
-6.80152e-06
-7.10296e-06
-7.42295e-06
1.28915e-06
8.86234e-07
4.98666e-07
1.26844e-07
-2.28836e-07
-5.6803e-07
-8.90481e-07
-1.19601e-06
-1.48453e-06
-1.756e-06
-2.0105e-06
-2.24817e-06
-2.46922e-06
-2.67397e-06
-2.86284e-06
-3.03632e-06
-3.19507e-06
-3.33979e-06
-3.47165e-06
-3.59151e-06
-3.70097e-06
-3.80127e-06
-3.89253e-06
-3.97627e-06
-4.05482e-06
-4.1307e-06
-4.20645e-06
-4.28442e-06
-4.36673e-06
-4.45535e-06
-4.55203e-06
-4.65844e-06
-4.77608e-06
-4.90634e-06
-5.05046e-06
-5.20958e-06
-5.38471e-06
-5.57672e-06
-5.78634e-06
-6.01417e-06
-6.26069e-06
-6.52622e-06
-6.81094e-06
-7.11489e-06
-7.438e-06
1.29912e-06
8.9072e-07
4.98292e-07
1.22269e-07
-2.36937e-07
-5.78993e-07
-9.03654e-07
-1.21077e-06
-1.50026e-06
-1.77216e-06
-2.02657e-06
-2.26369e-06
-2.48381e-06
-2.68732e-06
-2.8747e-06
-3.04653e-06
-3.20356e-06
-3.3466e-06
-3.47679e-06
-3.59512e-06
-3.70323e-06
-3.80233e-06
-3.89279e-06
-3.97626e-06
-4.05481e-06
-4.13081e-06
-4.20672e-06
-4.28478e-06
-4.3671e-06
-4.45558e-06
-4.55202e-06
-4.6581e-06
-4.77535e-06
-4.90521e-06
-5.04899e-06
-5.20788e-06
-5.38294e-06
-5.57512e-06
-5.7852e-06
-6.01386e-06
-6.26161e-06
-6.52884e-06
-6.81577e-06
-7.12248e-06
-7.44893e-06
1.30427e-06
8.91234e-07
4.94755e-07
1.15285e-07
-2.4676e-07
-5.91053e-07
-9.17366e-07
-1.22557e-06
-1.51562e-06
-1.78758e-06
-2.0416e-06
-2.27793e-06
-2.49692e-06
-2.69902e-06
-2.88479e-06
-3.05489e-06
-3.21012e-06
-3.35137e-06
-3.47981e-06
-3.59648e-06
-3.70309e-06
-3.80079e-06
-3.89022e-06
-3.97311e-06
-4.05136e-06
-4.12722e-06
-4.20304e-06
-4.281e-06
-4.36313e-06
-4.45136e-06
-4.54747e-06
-4.65317e-06
-4.77002e-06
-4.8995e-06
-5.04298e-06
-5.2017e-06
-5.37678e-06
-5.56921e-06
-5.77985e-06
-6.00942e-06
-6.2585e-06
-6.5275e-06
-6.8167e-06
-7.12621e-06
-7.45601e-06
1.30573e-06
8.88711e-07
4.88785e-07
1.0642e-07
-2.57966e-07
-6.04057e-07
-9.31641e-07
-1.2406e-06
-1.53094e-06
-1.80274e-06
-2.0562e-06
-2.29161e-06
-2.50939e-06
-2.71003e-06
-2.89416e-06
-3.06249e-06
-3.21591e-06
-3.35535e-06
-3.48203e-06
-3.59697e-06
-3.70201e-06
-3.79819e-06
-3.88642e-06
-3.96852e-06
-4.04623e-06
-4.12172e-06
-4.19725e-06
-4.27491e-06
-4.35671e-06
-4.44455e-06
-4.54023e-06
-4.64546e-06
-4.76185e-06
-4.89091e-06
-5.03407e-06
-5.19259e-06
-5.36767e-06
-5.56035e-06
-5.77154e-06
-6.00201e-06
-6.25238e-06
-6.52311e-06
-6.8145e-06
-7.12671e-06
-7.45973e-06
1.30447e-06
8.83977e-07
4.81065e-07
9.62185e-08
-2.70146e-07
-6.17721e-07
-9.4631e-07
-1.25582e-06
-1.54627e-06
-1.81778e-06
-2.07059e-06
-2.30504e-06
-2.52159e-06
-2.72078e-06
-2.90329e-06
-3.0699e-06
-3.22154e-06
-3.35919e-06
-3.48406e-06
-3.59735e-06
-3.70079e-06
-3.79542e-06
-3.88235e-06
-3.96349e-06
-4.04051e-06
-4.11547e-06
-4.19054e-06
-4.26775e-06
-4.34908e-06
-4.43641e-06
-4.53155e-06
-4.63623e-06
-4.75209e-06
-4.88068e-06
-5.02345e-06
-5.18174e-06
-5.35677e-06
-5.54964e-06
-5.76131e-06
-5.99259e-06
-6.24415e-06
-6.51648e-06
-6.80992e-06
-7.12465e-06
-7.46067e-06
1.30131e-06
8.77748e-07
4.72217e-07
8.52117e-08
-2.82854e-07
-6.31684e-07
-9.61091e-07
-1.271e-06
-1.56146e-06
-1.83263e-06
-2.08477e-06
-2.31826e-06
-2.5336e-06
-2.73139e-06
-2.91235e-06
-3.07732e-06
-3.22725e-06
-3.36319e-06
-3.48635e-06
-3.59803e-06
-3.69987e-06
-3.79293e-06
-3.87851e-06
-3.95863e-06
-4.03485e-06
-4.10917e-06
-4.18365e-06
-4.2603e-06
-4.34105e-06
-4.42779e-06
-4.52232e-06
-4.62638e-06
-4.74165e-06
-4.86971e-06
-5.01204e-06
-5.17002e-06
-5.34494e-06
-5.53792e-06
-5.74998e-06
-5.98196e-06
-6.23457e-06
-6.50834e-06
-6.80365e-06
-7.12068e-06
-7.45945e-06
1.29691e-06
8.70625e-07
4.62785e-07
7.38864e-08
-2.95659e-07
-6.45563e-07
-9.75651e-07
-1.28587e-06
-1.57628e-06
-1.84708e-06
-2.09855e-06
-2.33112e-06
-2.54532e-06
-2.74179e-06
-2.9213e-06
-3.08472e-06
-3.23305e-06
-3.36738e-06
-3.4889e-06
-3.59912e-06
-3.69937e-06
-3.79093e-06
-3.87517e-06
-3.95422e-06
-4.0296e-06
-4.1032e-06
-4.17703e-06
-4.25305e-06
-4.33316e-06
-4.41925e-06
-4.51311e-06
-4.61651e-06
-4.73115e-06
-4.85863e-06
-5.00047e-06
-5.15811e-06
-5.33284e-06
-5.52586e-06
-5.73821e-06
-5.97077e-06
-6.22429e-06
-6.49934e-06
-6.7963e-06
-7.11539e-06
-7.45664e-06
1.29164e-06
8.62921e-07
4.53018e-07
6.24383e-08
-3.08411e-07
-6.59249e-07
-9.89913e-07
-1.30037e-06
-1.5907e-06
-1.86111e-06
-2.11194e-06
-2.34364e-06
-2.55676e-06
-2.752e-06
-2.93015e-06
-3.09212e-06
-3.23895e-06
-3.37176e-06
-3.49176e-06
-3.60056e-06
-3.69934e-06
-3.78944e-06
-3.87235e-06
-3.95034e-06
-4.02484e-06
-4.09769e-06
-4.17082e-06
-4.24616e-06
-4.32559e-06
-4.41098e-06
-4.50414e-06
-4.60685e-06
-4.72082e-06
-4.84769e-06
-4.98901e-06
-5.14625e-06
-5.32075e-06
-5.51373e-06
-5.72628e-06
-5.95932e-06
-6.21362e-06
-6.48977e-06
-6.7882e-06
-7.10913e-06
-7.45262e-06
1.28548e-06
8.54436e-07
4.42577e-07
5.04095e-08
-3.21663e-07
-6.73366e-07
-1.00455e-06
-1.3152e-06
-1.60542e-06
-1.87544e-06
-2.12562e-06
-2.35644e-06
-2.5685e-06
-2.76252e-06
-2.93933e-06
-3.09988e-06
-3.24524e-06
-3.37655e-06
-3.49506e-06
-3.6024e-06
-3.69976e-06
-3.78839e-06
-3.86995e-06
-3.94682e-06
-4.0204e-06
-4.09243e-06
-4.1648e-06
-4.23939e-06
-4.31807e-06
-4.4027e-06
-4.49509e-06
-4.59705e-06
-4.71029e-06
-4.83649e-06
-4.97723e-06
-5.13401e-06
-5.30821e-06
-5.50108e-06
-5.71375e-06
-5.94718e-06
-6.20217e-06
-6.47934e-06
-6.77913e-06
-7.1018e-06
-7.4474e-06
1.27904e-06
8.45766e-07
4.32021e-07
3.83093e-08
-3.34961e-07
-6.8752e-07
-1.01923e-06
-1.33008e-06
-1.6202e-06
-1.88985e-06
-2.1394e-06
-2.36938e-06
-2.58041e-06
-2.77324e-06
-2.94875e-06
-3.10792e-06
-3.25184e-06
-3.38171e-06
-3.49878e-06
-3.60463e-06
-3.70051e-06
-3.78772e-06
-3.86793e-06
-3.94368e-06
-4.01634e-06
-4.08753e-06
-4.15911e-06
-4.23293e-06
-4.31083e-06
-4.39468e-06
-4.48629e-06
-4.58745e-06
-4.69994e-06
-4.82544e-06
-4.96556e-06
-5.12184e-06
-5.29569e-06
-5.48841e-06
-5.70116e-06
-5.93492e-06
-6.19054e-06
-6.46866e-06
-6.76974e-06
-7.09404e-06
-7.44164e-06
-7.96139e-06
-1.30822e-05
-1.32058e-05
-1.33023e-05
-1.37216e-05
-1.43392e-05
-1.51006e-05
-1.59715e-05
-1.69304e-05
-1.79632e-05
-1.9058e-05
-2.02033e-05
-2.13878e-05
-2.26007e-05
-2.38355e-05
-4.50154e-06
-9.74709e-06
-1.14692e-05
-1.24333e-05
-1.32613e-05
-1.40764e-05
-1.4942e-05
-1.58727e-05
-1.68679e-05
-1.79231e-05
-1.90316e-05
-2.01851e-05
-2.1374e-05
-2.25891e-05
-2.38246e-05
-2.32174e-06
-7.43801e-06
-1.0075e-05
-1.16266e-05
-1.2792e-05
-1.3801e-05
-1.4776e-05
-1.57708e-05
-1.68046e-05
-1.78834e-05
-1.90062e-05
-2.01678e-05
-2.1361e-05
-2.25779e-05
-2.38137e-05
-1.31829e-06
-5.91833e-06
-8.92381e-06
-1.08687e-05
-1.23147e-05
-1.35117e-05
-1.46022e-05
-1.56663e-05
-1.67419e-05
-1.78457e-05
-1.89831e-05
-2.01529e-05
-2.13499e-05
-2.25681e-05
-2.38035e-05
-8.55385e-07
-4.7304e-06
-7.80712e-06
-1.00525e-05
-1.17679e-05
-1.31667e-05
-1.43922e-05
-1.55411e-05
-1.66685e-05
-1.78032e-05
-1.89584e-05
-2.01377e-05
-2.13391e-05
-2.25583e-05
-2.37927e-05
-5.83838e-07
-3.84362e-06
-6.78449e-06
-9.1947e-06
-1.11384e-05
-1.27411e-05
-1.41211e-05
-1.53753e-05
-1.65704e-05
-1.77465e-05
-1.89259e-05
-2.01182e-05
-2.13256e-05
-2.25466e-05
-2.37799e-05
-4.93229e-07
-3.24782e-06
-5.94739e-06
-8.37526e-06
-1.04624e-05
-1.22393e-05
-1.37763e-05
-1.51515e-05
-1.64313e-05
-1.76629e-05
-1.88762e-05
-2.00878e-05
-2.13048e-05
-2.25292e-05
-2.3762e-05
-5.9231e-07
-2.92997e-06
-5.34655e-06
-7.67578e-06
-9.80463e-06
-1.16957e-05
-1.33664e-05
-1.4863e-05
-1.62383e-05
-1.75383e-05
-1.8797e-05
-2.00363e-05
-2.12687e-05
-2.25e-05
-2.37341e-05
-8.51875e-07
-2.85049e-06
-4.98644e-06
-7.14875e-06
-9.23049e-06
-1.11626e-05
-1.29219e-05
-1.45202e-05
-1.59887e-05
-1.73634e-05
-1.86766e-05
-1.99524e-05
-2.1207e-05
-2.24501e-05
-2.36886e-05
-1.23857e-06
-2.96344e-06
-4.8439e-06
-6.81195e-06
-8.78518e-06
-1.0691e-05
-1.24838e-05
-1.41484e-05
-1.56927e-05
-1.71377e-05
-1.8508e-05
-1.9826e-05
-2.11089e-05
-2.2369e-05
-2.36159e-05
-1.72472e-06
-3.22767e-06
-4.88475e-06
-6.65693e-06
-8.48769e-06
-1.03156e-05
-1.20896e-05
-1.37778e-05
-1.53693e-05
-1.6869e-05
-1.82907e-05
-1.96509e-05
-2.0965e-05
-2.2246e-05
-2.35048e-05
-2.28914e-06
-3.60992e-06
-5.07429e-06
-6.66154e-06
-8.336e-06
-1.00521e-05
-1.17638e-05
-1.34337e-05
-1.50384e-05
-1.65691e-05
-1.80281e-05
-1.94241e-05
-2.07679e-05
-2.20708e-05
-2.33437e-05
-2.91439e-06
-4.08318e-06
-5.38119e-06
-6.79889e-06
-8.31551e-06
-9.90046e-06
-1.15177e-05
-1.3132e-05
-1.47149e-05
-1.62484e-05
-1.77246e-05
-1.91436e-05
-2.05104e-05
-2.18328e-05
-2.312e-05
-3.58296e-06
-4.62282e-06
-5.77631e-06
-7.04046e-06
-8.40441e-06
-9.84943e-06
-1.13503e-05
-1.28786e-05
-1.44069e-05
-1.59128e-05
-1.73816e-05
-1.88059e-05
-2.01842e-05
-2.15197e-05
-2.28184e-05
-4.27435e-06
-5.2032e-06
-6.23015e-06
-7.35587e-06
-8.57574e-06
-9.87949e-06
-1.12513e-05
-1.26709e-05
-1.41157e-05
-1.55641e-05
-1.69982e-05
-1.84055e-05
-1.9779e-05
-2.11168e-05
-2.24212e-05
-4.96429e-06
-5.79616e-06
-6.71137e-06
-7.71237e-06
-8.79821e-06
-9.96422e-06
-1.12017e-05
-1.24978e-05
-1.38366e-05
-1.52003e-05
-1.65718e-05
-1.79368e-05
-1.92848e-05
-2.06097e-05
-2.19096e-05
-5.62573e-06
-6.37154e-06
-7.18703e-06
-8.07533e-06
-9.03746e-06
-1.00722e-05
-1.11756e-05
-1.23409e-05
-1.35583e-05
-1.48156e-05
-1.60991e-05
-1.73959e-05
-1.86947e-05
-1.99872e-05
-2.12685e-05
-6.22961e-06
-6.89767e-06
-7.62309e-06
-8.40901e-06
-9.25735e-06
-1.01688e-05
-1.11425e-05
-1.21759e-05
-1.32642e-05
-1.44004e-05
-1.55759e-05
-1.67812e-05
-1.80068e-05
-1.92453e-05
-2.04893e-05
-6.747e-06
-7.34333e-06
-7.98627e-06
-8.67856e-06
-9.42239e-06
-1.02194e-05
-1.10705e-05
-1.19758e-05
-1.29343e-05
-1.39432e-05
-1.49988e-05
-1.60957e-05
-1.72275e-05
-1.83894e-05
-1.95732e-05
-7.15618e-06
-7.68594e-06
-8.25305e-06
-8.85977e-06
-9.50825e-06
-1.02005e-05
-1.09385e-05
-1.17238e-05
-1.25577e-05
-1.34408e-05
-1.43731e-05
-1.53535e-05
-1.63805e-05
-1.74498e-05
-1.8558e-05
-7.41346e-06
-7.88567e-06
-8.38841e-06
-8.92333e-06
-9.49236e-06
-1.00976e-05
-1.07413e-05
-1.14259e-05
-1.21537e-05
-1.29273e-05
-1.37492e-05
-1.4621e-05
-1.55463e-05
-1.65259e-05
-1.75581e-05
-7.54076e-06
-7.96714e-06
-8.41988e-06
-8.9002e-06
-9.40979e-06
-9.95065e-06
-1.05251e-05
-1.11358e-05
-1.17856e-05
-1.24777e-05
-1.32155e-05
-1.40032e-05
-1.48441e-05
-1.57443e-05
-1.67115e-05
-7.59684e-06
-7.99192e-06
-8.41094e-06
-8.85493e-06
-9.32542e-06
-9.82426e-06
-1.03537e-05
-1.09162e-05
-1.15149e-05
-1.2153e-05
-1.28346e-05
-1.35646e-05
-1.43482e-05
-1.51912e-05
-1.60998e-05
-7.62646e-06
-8.00081e-06
-8.39773e-06
-8.81819e-06
-9.26356e-06
-9.73555e-06
-1.02361e-05
-1.07677e-05
-1.1333e-05
-1.19354e-05
-1.2579e-05
-1.32684e-05
-1.40088e-05
-1.48051e-05
-1.56629e-05
-7.64668e-06
-8.00849e-06
-8.39217e-06
-8.7986e-06
-9.22899e-06
-9.68483e-06
-1.01679e-05
-1.06802e-05
-1.12243e-05
-1.18033e-05
-1.24207e-05
-1.30807e-05
-1.37878e-05
-1.45467e-05
-1.53637e-05
-7.66725e-06
-8.02257e-06
-8.3994e-06
-8.79851e-06
-9.22097e-06
-9.66803e-06
-1.01412e-05
-1.06422e-05
-1.11731e-05
-1.17367e-05
-1.23359e-05
-1.29744e-05
-1.36561e-05
-1.43855e-05
-1.51684e-05
-7.69051e-06
-8.04357e-06
-8.41794e-06
-8.81432e-06
-9.2336e-06
-9.6768e-06
-1.01451e-05
-1.06399e-05
-1.1163e-05
-1.17166e-05
-1.23031e-05
-1.29258e-05
-1.35877e-05
-1.42928e-05
-1.5046e-05
-7.71538e-06
-8.06898e-06
-8.44383e-06
-8.84051e-06
-9.25972e-06
-9.70225e-06
-1.0169e-05
-1.06611e-05
-1.11798e-05
-1.17269e-05
-1.23042e-05
-1.29151e-05
-1.35612e-05
-1.42458e-05
-1.49732e-05
-7.7398e-06
-8.09574e-06
-8.47291e-06
-8.87179e-06
-9.29288e-06
-9.73675e-06
-1.0204e-05
-1.06955e-05
-1.12122e-05
-1.17553e-05
-1.23262e-05
-1.29278e-05
-1.35608e-05
-1.42281e-05
-1.49331e-05
-7.76195e-06
-8.12126e-06
-8.50185e-06
-8.90405e-06
-9.32819e-06
-9.7746e-06
-1.02437e-05
-1.07359e-05
-1.12521e-05
-1.17931e-05
-1.23604e-05
-1.29535e-05
-1.35756e-05
-1.42282e-05
-1.49138e-05
-7.78065e-06
-8.14389e-06
-8.52846e-06
-8.93457e-06
-9.36238e-06
-9.81202e-06
-1.02836e-05
-1.07775e-05
-1.1294e-05
-1.18338e-05
-1.23975e-05
-1.29851e-05
-1.35984e-05
-1.42384e-05
-1.49071e-05
-7.79543e-06
-8.16279e-06
-8.55157e-06
-8.96184e-06
-9.3936e-06
-9.84679e-06
-1.03214e-05
-1.08174e-05
-1.13348e-05
-1.1874e-05
-1.24352e-05
-1.30184e-05
-1.36245e-05
-1.42538e-05
-1.49079e-05
-7.80634e-06
-8.1778e-06
-8.57077e-06
-8.98521e-06
-9.42096e-06
-9.87779e-06
-1.03555e-05
-1.08538e-05
-1.13726e-05
-1.19118e-05
-1.24711e-05
-1.30508e-05
-1.36511e-05
-1.42712e-05
-1.49126e-05
-7.81373e-06
-8.18913e-06
-8.58614e-06
-9.00461e-06
-9.44424e-06
-9.90467e-06
-1.03855e-05
-1.08863e-05
-1.14066e-05
-1.1946e-05
-1.25042e-05
-1.30812e-05
-1.36763e-05
-1.42886e-05
-1.49191e-05
-7.81811e-06
-8.19719e-06
-8.598e-06
-9.02028e-06
-9.4636e-06
-9.92747e-06
-1.04113e-05
-1.09145e-05
-1.14365e-05
-1.19764e-05
-1.25339e-05
-1.31088e-05
-1.36994e-05
-1.4305e-05
-1.4926e-05
-7.82004e-06
-8.20253e-06
-8.60685e-06
-9.03266e-06
-9.47942e-06
-9.94652e-06
-1.04332e-05
-1.09388e-05
-1.14624e-05
-1.2003e-05
-1.25601e-05
-1.31333e-05
-1.37199e-05
-1.43198e-05
-1.49328e-05
-7.82008e-06
-8.20565e-06
-8.61317e-06
-9.0422e-06
-9.49213e-06
-9.96221e-06
-1.04516e-05
-1.09593e-05
-1.14845e-05
-1.2026e-05
-1.25828e-05
-1.31545e-05
-1.37378e-05
-1.4333e-05
-1.49391e-05
-7.81864e-06
-8.20702e-06
-8.61747e-06
-9.04947e-06
-9.5023e-06
-9.97512e-06
-1.0467e-05
-1.09768e-05
-1.15034e-05
-1.20457e-05
-1.26024e-05
-1.31728e-05
-1.37535e-05
-1.43445e-05
-1.49446e-05
-7.81589e-06
-8.20697e-06
-8.62025e-06
-9.05511e-06
-9.51075e-06
-9.98622e-06
-1.04804e-05
-1.09922e-05
-1.15204e-05
-1.20635e-05
-1.26203e-05
-1.31895e-05
-1.37678e-05
-1.43551e-05
-1.49497e-05
-7.81245e-06
-8.20603e-06
-8.62188e-06
-9.0594e-06
-9.51773e-06
-9.99583e-06
-1.04925e-05
-1.10065e-05
-1.15363e-05
-1.20803e-05
-1.26372e-05
-1.32055e-05
-1.37816e-05
-1.43653e-05
-1.49544e-05
1.48135e-07
1.50652e-07
1.5355e-07
1.57046e-07
1.61371e-07
1.66814e-07
1.73657e-07
1.82008e-07
1.91819e-07
2.0284e-07
2.14759e-07
2.27188e-07
2.39698e-07
2.51873e-07
2.63357e-07
2.73904e-07
2.83435e-07
2.9213e-07
3.00555e-07
3.0983e-07
3.2173e-07
3.38779e-07
3.66158e-07
4.10223e-07
4.76299e-07
5.69497e-07
6.94523e-07
8.54673e-07
1.05067e-06
1.27972e-06
1.54003e-06
1.82607e-06
2.12043e-06
2.40574e-06
2.66528e-06
2.88427e-06
3.04993e-06
3.15477e-06
3.19899e-06
3.19089e-06
3.14535e-06
3.08071e-06
3.01547e-06
2.97008e-06
2.95782e-06
1.4238e-07
1.44285e-07
1.46893e-07
1.50723e-07
1.56146e-07
1.63282e-07
1.72261e-07
1.83174e-07
1.96016e-07
2.1068e-07
2.26983e-07
2.44688e-07
2.63516e-07
2.83161e-07
3.03309e-07
3.23678e-07
3.44065e-07
3.64433e-07
3.85042e-07
4.06643e-07
4.30664e-07
4.59539e-07
4.97754e-07
5.5009e-07
6.2093e-07
7.14904e-07
8.36233e-07
9.87843e-07
1.17074e-06
1.38374e-06
1.62237e-06
1.87492e-06
2.13022e-06
2.37711e-06
2.60136e-06
2.78805e-06
2.92661e-06
3.01298e-06
3.04991e-06
3.04646e-06
3.01576e-06
2.9721e-06
2.92818e-06
2.89418e-06
2.87507e-06
1.38648e-07
1.38171e-07
1.39394e-07
1.42441e-07
1.47441e-07
1.54653e-07
1.6419e-07
1.7609e-07
1.90335e-07
2.06858e-07
2.25536e-07
2.46189e-07
2.68585e-07
2.92435e-07
3.17385e-07
3.43009e-07
3.68808e-07
3.94234e-07
4.18762e-07
4.42026e-07
4.64022e-07
4.85723e-07
5.10607e-07
5.43895e-07
5.91689e-07
6.60938e-07
7.58263e-07
8.88704e-07
1.05478e-06
1.25581e-06
1.48824e-06
1.74209e-06
2.00462e-06
2.26095e-06
2.49498e-06
2.69163e-06
2.83965e-06
2.93391e-06
2.97641e-06
2.97566e-06
2.9445e-06
2.89706e-06
2.84591e-06
2.79854e-06
2.75633e-06
1.33026e-07
1.28976e-07
1.28087e-07
1.29873e-07
1.34198e-07
1.41214e-07
1.51025e-07
1.63666e-07
1.79123e-07
1.97333e-07
2.18189e-07
2.41521e-07
2.67083e-07
2.94516e-07
3.23299e-07
3.52683e-07
3.81608e-07
4.0862e-07
4.31834e-07
4.48969e-07
4.57582e-07
4.56186e-07
4.47712e-07
4.40167e-07
4.43591e-07
4.69264e-07
5.27956e-07
6.27374e-07
7.71692e-07
9.60843e-07
1.19054e-06
1.4521e-06
1.73158e-06
2.01219e-06
2.27549e-06
2.50369e-06
2.68251e-06
2.80378e-06
2.867e-06
2.87904e-06
2.85225e-06
2.80146e-06
2.74073e-06
2.67765e-06
2.61106e-06
1.22953e-07
1.15105e-07
1.11898e-07
1.12192e-07
1.15517e-07
1.21984e-07
1.31687e-07
1.44648e-07
1.60852e-07
1.80249e-07
2.02741e-07
2.28157e-07
2.56212e-07
2.86434e-07
3.18059e-07
3.49879e-07
3.80048e-07
4.05846e-07
4.23474e-07
4.27959e-07
4.13443e-07
3.74877e-07
3.14849e-07
2.46767e-07
1.87003e-07
1.53237e-07
1.61324e-07
2.2029e-07
3.34958e-07
5.06924e-07
7.33504e-07
1.00511e-06
1.30806e-06
1.62401e-06
1.93192e-06
2.21035e-06
2.44039e-06
2.60883e-06
2.71056e-06
2.74931e-06
2.73616e-06
2.68694e-06
2.61827e-06
2.53928e-06
2.44792e-06
1.06807e-07
9.53369e-08
8.98061e-08
8.84911e-08
9.06171e-08
9.62704e-08
1.05537e-07
1.18429e-07
1.34932e-07
1.55012e-07
1.78585e-07
2.05482e-07
2.35375e-07
2.67667e-07
3.0132e-07
3.34602e-07
3.64744e-07
3.87516e-07
3.96794e-07
3.8432e-07
3.4009e-07
2.54613e-07
1.30275e-07
-1.1277e-08
-1.44712e-07
-2.45741e-07
-2.97448e-07
-2.88357e-07
-2.10278e-07
-6.21618e-08
1.57342e-07
4.38338e-07
7.66343e-07
1.12219e-06
1.48289e-06
1.82335e-06
2.11931e-06
2.35109e-06
2.50714e-06
2.58622e-06
2.59704e-06
2.55605e-06
2.48289e-06
2.38902e-06
2.2722e-06
8.33709e-08
6.86272e-08
6.08954e-08
5.79633e-08
5.88034e-08
6.34872e-08
7.21002e-08
8.46496e-08
1.01136e-07
1.21549e-07
1.45835e-07
1.73841e-07
2.05218e-07
2.39267e-07
2.7469e-07
3.09232e-07
3.39172e-07
3.58672e-07
3.59069e-07
3.28446e-07
2.52255e-07
1.1616e-07
-7.76211e-08
-2.96731e-07
-5.0654e-07
-6.8169e-07
-8.03147e-07
-8.5113e-07
-8.11901e-07
-6.8321e-07
-4.71998e-07
-1.8565e-07
1.6291e-07
5.5515e-07
9.67409e-07
1.372e-06
1.73974e-06
2.04397e-06
2.26538e-06
2.39599e-06
2.44052e-06
2.415e-06
2.34184e-06
2.23502e-06
2.09238e-06
5.20118e-08
3.43782e-08
2.46189e-08
2.01175e-08
1.96451e-08
2.32738e-08
3.1098e-08
4.31353e-08
5.94128e-08
7.99644e-08
1.04788e-07
1.33778e-07
1.66604e-07
2.02512e-07
2.4001e-07
2.76384e-07
3.07024e-07
3.24525e-07
3.17648e-07
2.706e-07
1.6411e-07
-2.09186e-08
-2.8371e-07
-5.81052e-07
-8.69449e-07
-1.11646e-06
-1.2954e-06
-1.3878e-06
-1.38428e-06
-1.281e-06
-1.08347e-06
-7.98586e-07
-4.38199e-07
-1.93186e-08
4.35297e-07
8.97106e-07
1.3334e-06
1.71116e-06
2.00272e-06
2.19201e-06
2.2779e-06
2.27446e-06
2.20593e-06
2.0886e-06
1.92046e-06
1.26081e-08
-7.58615e-09
-1.92067e-08
-2.52147e-08
-2.69934e-08
-2.44519e-08
-1.74751e-08
-6.02271e-09
9.97608e-09
3.0619e-08
5.59832e-08
8.60472e-08
1.20551e-07
1.58756e-07
1.99065e-07
2.38424e-07
2.7146e-07
2.8935e-07
2.78402e-07
2.18818e-07
8.66636e-08
-1.40691e-07
-4.66389e-07
-8.34639e-07
-1.19189e-06
-1.49913e-06
-1.72714e-06
-1.85841e-06
-1.8852e-06
-1.8051e-06
-1.62288e-06
-1.34527e-06
-9.82594e-07
-5.49356e-07
-6.58423e-08
4.40512e-07
9.35481e-07
1.3811e-06
1.74161e-06
1.99219e-06
2.12426e-06
2.14815e-06
2.0886e-06
1.9635e-06
1.771e-06
-3.46176e-08
-5.71391e-08
-7.04926e-08
-7.79495e-08
-8.10086e-08
-7.9544e-08
-7.34072e-08
-6.25231e-08
-4.6763e-08
-2.59461e-08
1.11222e-10
3.15108e-08
6.81172e-08
1.09286e-07
1.53419e-07
1.97258e-07
2.34849e-07
2.56158e-07
2.4529e-07
1.78401e-07
2.70038e-08
-2.33252e-07
-6.12195e-07
-1.04036e-06
-1.4541e-06
-1.80942e-06
-2.07595e-06
-2.23705e-06
-2.28672e-06
-2.22519e-06
-2.05783e-06
-1.79132e-06
-1.4342e-06
-9.97841e-07
-4.98978e-07
3.76759e-08
5.78401e-07
1.08223e-06
1.50594e-06
1.8165e-06
1.99678e-06
2.05166e-06
2.00486e-06
1.87501e-06
1.66015e-06
-8.92416e-08
-1.13966e-07
-1.28974e-07
-1.37836e-07
-1.42137e-07
-1.41703e-07
-1.36342e-07
-1.25935e-07
-1.10281e-07
-8.91029e-08
-6.20856e-08
-2.89689e-08
1.02882e-08
5.5208e-08
1.04295e-07
1.54236e-07
1.98686e-07
2.26648e-07
2.20469e-07
1.53072e-07
-9.64154e-09
-2.97023e-07
-7.15718e-07
-1.1914e-06
-1.6488e-06
-2.03983e-06
-2.33337e-06
-2.51433e-06
-2.57918e-06
-2.53109e-06
-2.3766e-06
-2.12244e-06
-1.77541e-06
-1.34368e-06
-8.39959e-07
-2.85307e-07
2.88734e-07
8.40152e-07
1.31822e-06
1.68469e-06
1.91307e-06
2.00118e-06
1.97036e-06
1.83898e-06
1.60457e-06
-1.50751e-07
-1.77661e-07
-1.94296e-07
-2.04535e-07
-2.10033e-07
-2.10552e-07
-2.05854e-07
-1.95767e-07
-1.80015e-07
-1.58209e-07
-1.29886e-07
-9.46003e-08
-5.20885e-08
-2.59915e-09
5.25678e-08
1.10177e-07
1.63676e-07
2.01314e-07
2.03946e-07
1.42621e-07
-2.24862e-08
-3.31022e-07
-7.77646e-07
-1.288e-06
-1.77687e-06
-2.1921e-06
-2.50222e-06
-2.69411e-06
-2.76711e-06
-2.72711e-06
-2.58207e-06
-2.33884e-06
-2.00267e-06
-1.57877e-06
-1.07607e-06
-5.1174e-07
8.60134e-08
6.76284e-07
1.19838e-06
1.615e-06
1.89005e-06
2.01258e-06
2.00043e-06
1.87091e-06
1.62051e-06
-2.18634e-07
-2.47805e-07
-2.66086e-07
-2.77687e-07
-2.84327e-07
-2.85695e-07
-2.81503e-07
-2.71527e-07
-2.55411e-07
-2.32651e-07
-2.02629e-07
-1.64691e-07
-1.18316e-07
-6.34731e-08
-1.19474e-09
6.54768e-08
1.29944e-07
1.79919e-07
1.94944e-07
1.4416e-07
-1.74224e-08
-3.34838e-07
-8.0022e-07
-1.3348e-06
-1.84453e-06
-2.27417e-06
-2.59223e-06
-2.78768e-06
-2.86263e-06
-2.8254e-06
-2.68529e-06
-2.44921e-06
-2.12113e-06
-1.70389e-06
-1.20329e-06
-6.33133e-07
-1.8376e-08
6.04117e-07
1.1657e-06
1.62482e-06
1.94372e-06
2.1008e-06
2.10943e-06
1.98523e-06
1.72295e-06
-2.9244e-07
-3.24026e-07
-3.4401e-07
-3.56968e-07
-3.64682e-07
-3.66763e-07
-3.62876e-07
-3.52749e-07
-3.35953e-07
-3.11871e-07
-2.79729e-07
-2.38655e-07
-1.8784e-07
-1.26939e-07
-5.66642e-08
2.02332e-08
9.72384e-08
1.61718e-07
1.92021e-07
1.54907e-07
3.09792e-09
-3.12942e-07
-7.89359e-07
-1.33913e-06
-1.86085e-06
-2.297e-06
-2.61613e-06
-2.8092e-06
-2.88074e-06
-2.8411e-06
-2.70056e-06
-2.46602e-06
-2.14048e-06
-1.72506e-06
-1.22319e-06
-6.46081e-07
-1.67279e-08
6.29365e-07
1.23193e-06
1.7303e-06
2.08845e-06
2.27898e-06
2.31001e-06
2.19459e-06
1.9248e-06
-3.71826e-07
-4.06041e-07
-4.27812e-07
-4.42118e-07
-4.50815e-07
-4.53435e-07
-4.49602e-07
-4.39011e-07
-4.21171e-07
-3.95364e-07
-3.60669e-07
-3.15999e-07
-2.60226e-07
-1.92665e-07
-1.13687e-07
-2.56593e-08
6.50883e-08
1.45743e-07
1.93735e-07
1.73697e-07
3.62717e-08
-2.72155e-07
-7.5193e-07
-1.30933e-06
-1.83577e-06
-2.27216e-06
-2.58705e-06
-2.773e-06
-2.83653e-06
-2.78941e-06
-2.64255e-06
-2.40272e-06
-2.07221e-06
-1.65112e-06
-1.14126e-06
-5.52225e-07
9.41576e-08
7.62253e-07
1.40329e-06
1.93932e-06
2.33397e-06
2.55749e-06
2.61255e-06
2.50942e-06
2.23655e-06
-4.56581e-07
-4.93682e-07
-5.17337e-07
-5.32968e-07
-5.42521e-07
-5.45452e-07
-5.41361e-07
-5.29932e-07
-5.10633e-07
-4.82664e-07
-4.44977e-07
-3.96297e-07
-3.3512e-07
-2.60412e-07
-1.72217e-07
-7.24223e-08
3.29095e-08
1.30915e-07
1.98346e-07
1.98108e-07
7.851e-08
-2.17809e-07
-6.95048e-07
-1.25269e-06
-1.77862e-06
-2.21056e-06
-2.51714e-06
-2.6922e-06
-2.74365e-06
-2.68417e-06
-2.52489e-06
-2.2723e-06
-1.92819e-06
-1.49205e-06
-9.65259e-07
-3.56598e-07
3.13122e-07
1.0078e-06
1.68206e-06
2.25756e-06
2.68807e-06
2.94462e-06
3.0252e-06
2.93784e-06
2.66605e-06
-5.46642e-07
-5.86913e-07
-6.12548e-07
-6.29448e-07
-6.39674e-07
-6.42616e-07
-6.37875e-07
-6.25157e-07
-6.03923e-07
-5.73314e-07
-5.32178e-07
-4.7914e-07
-4.12229e-07
-3.29977e-07
-2.32251e-07
-1.20314e-07
1.01444e-10
1.16176e-07
2.04156e-07
2.2559e-07
1.26349e-07
-1.54141e-07
-6.23815e-07
-1.17712e-06
-1.69807e-06
-2.12186e-06
-2.41694e-06
-2.57801e-06
-2.61378e-06
-2.53729e-06
-2.35951e-06
-2.08649e-06
-1.71966e-06
-1.2584e-06
-7.04245e-07
-6.60059e-08
6.35336e-07
1.36358e-06
2.07028e-06
2.68694e-06
3.15568e-06
3.44616e-06
3.55346e-06
3.48537e-06
3.2182e-06
-6.421e-07
-6.85843e-07
-7.13536e-07
-7.31594e-07
-7.42229e-07
-7.44782e-07
-7.38893e-07
-7.2434e-07
-7.00621e-07
-6.66847e-07
-6.21771e-07
-5.64069e-07
-4.91261e-07
-4.01154e-07
-2.93769e-07
-1.69564e-07
-3.38767e-08
1.00573e-07
2.0976e-07
2.53918e-07
1.7686e-07
-8.50244e-08
-5.43357e-07
-1.08871e-06
-1.60126e-06
-2.01406e-06
-2.29517e-06
-2.43966e-06
-2.45654e-06
-2.35871e-06
-2.1566e-06
-1.85568e-06
-1.45708e-06
-9.60411e-07
-3.67942e-07
3.106e-07
1.05347e-06
1.82388e-06
2.56967e-06
3.22682e-06
3.73617e-06
4.06446e-06
4.2e-06
4.15563e-06
3.89462e-06
-7.43211e-07
-7.90733e-07
-8.20521e-07
-8.39548e-07
-8.50214e-07
-8.51841e-07
-8.44171e-07
-8.27115e-07
-8.00272e-07
-7.62784e-07
-7.13333e-07
-6.50624e-07
-5.71616e-07
-4.73724e-07
-3.567e-07
-2.20312e-07
-6.94484e-08
8.33371e-08
2.1397e-07
2.81393e-07
2.27641e-07
-1.37046e-08
-4.57878e-07
-9.92393e-07
-1.49395e-06
-1.8936e-06
-2.15877e-06
-2.28454e-06
-2.2797e-06
-2.15657e-06
-1.92472e-06
-1.58888e-06
-1.14991e-06
-6.0787e-07
3.38164e-08
7.63815e-07
1.55875e-06
2.3803e-06
3.17478e-06
3.87769e-06
4.4288e-06
4.79777e-06
4.96422e-06
4.95035e-06
4.69518e-06
-8.50402e-07
-9.02005e-07
-9.33867e-07
-9.53556e-07
-9.63716e-07
-9.63705e-07
-9.53441e-07
-9.33061e-07
-9.02349e-07
-8.60558e-07
-8.06371e-07
-7.38173e-07
-6.52666e-07
-5.47404e-07
-4.20867e-07
-2.7258e-07
-1.06881e-07
6.40387e-08
2.15806e-07
3.06726e-07
2.76833e-07
5.73025e-08
-3.70631e-07
-8.92115e-07
-1.38071e-06
-1.76552e-06
-2.0132e-06
-2.11844e-06
-2.08941e-06
-1.93744e-06
-1.671e-06
-1.2939e-06
-8.06702e-07
-2.10019e-07
4.91277e-07
1.28378e-06
2.14181e-06
3.02484e-06
3.87749e-06
4.63363e-06
5.23145e-06
5.64288e-06
5.84652e-06
5.85663e-06
5.62477e-06
-9.64282e-07
-1.02026e-06
-1.05408e-06
-1.07396e-06
-1.08287e-06
-1.08028e-06
-1.06639e-06
-1.04168e-06
-1.00621e-06
-9.59415e-07
-8.99995e-07
-8.26032e-07
-7.34155e-07
-6.2163e-07
-4.85941e-07
-3.26232e-07
-1.46254e-07
4.22627e-08
2.148e-07
3.2897e-07
3.23088e-07
1.26141e-07
-2.84057e-07
-7.90868e-07
-1.26499e-06
-1.63367e-06
-1.86261e-06
-1.94582e-06
-1.89048e-06
-1.70664e-06
-1.4014e-06
-9.775e-07
-4.35144e-07
2.24463e-07
9.94879e-07
1.86034e-06
2.7924e-06
3.74766e-06
4.66837e-06
5.48728e-06
6.13837e-06
6.59261e-06
6.83513e-06
6.8686e-06
6.67817e-06
-1.08567e-06
-1.14628e-06
-1.18183e-06
-1.20122e-06
-1.20786e-06
-1.20145e-06
-1.18263e-06
-1.15238e-06
-1.11112e-06
-1.05853e-06
-9.93363e-07
-9.13468e-07
-8.15411e-07
-6.95795e-07
-5.51464e-07
-3.80971e-07
-1.87379e-07
1.78986e-08
2.10623e-07
3.47531e-07
3.65506e-07
1.91516e-07
-1.99913e-07
-6.90837e-07
-1.14934e-06
-1.50088e-06
-1.71011e-06
-1.77008e-06
-1.68669e-06
-1.46845e-06
-1.1209e-06
-6.45563e-07
-4.22109e-08
6.87416e-07
1.5353e-06
2.48321e-06
3.49965e-06
4.53795e-06
5.53739e-06
6.4284e-06
7.13974e-06
7.64175e-06
7.92794e-06
7.99007e-06
7.83957e-06
-1.21561e-06
-1.2811e-06
-1.31794e-06
-1.33586e-06
-1.33886e-06
-1.32704e-06
-1.30168e-06
-1.26443e-06
-1.21622e-06
-1.157e-06
-1.0856e-06
-9.99658e-07
-8.95542e-07
-7.69213e-07
-6.16858e-07
-4.36352e-07
-2.30031e-07
-8.83112e-09
2.03188e-07
3.62135e-07
4.03568e-07
2.52593e-07
-1.19391e-07
-5.9355e-07
-1.03558e-06
-1.36923e-06
-1.55799e-06
-1.59377e-06
-1.48096e-06
-1.22632e-06
-8.33687e-07
-3.03249e-07
3.65757e-07
1.17115e-06
2.10344e-06
3.14199e-06
4.25218e-06
5.38381e-06
6.4727e-06
7.44606e-06
8.22592e-06
8.78201e-06
9.11985e-06
9.21928e-06
9.10606e-06
-1.35543e-06
-1.42598e-06
-1.46344e-06
-1.47851e-06
-1.47603e-06
-1.45679e-06
-1.42292e-06
-1.37699e-06
-1.32052e-06
-1.25381e-06
-1.1757e-06
-1.08365e-06
-9.73672e-07
-8.41122e-07
-6.81455e-07
-4.91807e-07
-2.73753e-07
-3.76348e-08
1.92653e-07
3.72772e-07
4.37063e-07
3.08914e-07
-4.32383e-08
-5.00025e-07
-9.24972e-07
-1.24018e-06
-1.40793e-06
-1.41884e-06
-1.27558e-06
-9.83071e-07
-5.43333e-07
4.48899e-08
7.82964e-07
1.66841e-06
2.69045e-06
3.82624e-06
5.03816e-06
6.27243e-06
7.46096e-06
8.52706e-06
9.38633e-06
1.00008e-05
1.03937e-05
1.05383e-05
1.04732e-05
-1.50682e-06
-1.58252e-06
-1.61957e-06
-1.62987e-06
-1.61951e-06
-1.59029e-06
-1.54559e-06
-1.48907e-06
-1.42293e-06
-1.34785e-06
-1.26264e-06
-1.16446e-06
-1.04892e-06
-9.10721e-07
-7.44531e-07
-5.46699e-07
-3.17973e-07
-6.80854e-08
1.79353e-07
3.79636e-07
4.66021e-07
3.60311e-07
2.81396e-08
-4.10893e-07
-8.18345e-07
-1.11475e-06
-1.26114e-06
-1.24673e-06
-1.07236e-06
-7.41025e-07
-2.52883e-07
3.94819e-07
1.2041e-06
2.17235e-06
3.28773e-06
4.52552e-06
5.84541e-06
7.19018e-06
8.48736e-06
9.65542e-06
1.06075e-05
1.12902e-05
1.1739e-05
1.19345e-05
1.19226e-05
-1.67193e-06
-1.7527e-06
-1.78778e-06
-1.79068e-06
-1.7693e-06
-1.72697e-06
-1.66878e-06
-1.59952e-06
-1.5223e-06
-1.43801e-06
-1.34535e-06
-1.24114e-06
-1.12044e-06
-9.77228e-07
-8.05364e-07
-6.00357e-07
-3.62084e-07
-9.96431e-08
1.6374e-07
3.83074e-07
4.90655e-07
4.0683e-07
9.45898e-08
-3.26498e-07
-7.16223e-07
-9.93632e-07
-1.11849e-06
-1.07854e-06
-8.72718e-07
-5.02091e-07
3.50476e-08
7.4296e-07
1.62433e-06
2.67653e-06
3.88699e-06
5.22951e-06
6.66159e-06
8.12294e-06
9.53651e-06
1.08147e-05
1.18711e-05
1.26404e-05
1.31459e-05
1.33999e-05
1.34466e-05
-1.85349e-06
-1.939e-06
-1.96979e-06
-1.9617e-06
-1.92528e-06
-1.86604e-06
-1.79134e-06
-1.70712e-06
-1.61741e-06
-1.52316e-06
-1.42286e-06
-1.31282e-06
-1.18743e-06
-1.03992e-06
-8.63272e-07
-6.52129e-07
-4.05469e-07
-1.31723e-07
1.46341e-07
3.83528e-07
5.11301e-07
4.48671e-07
1.56139e-07
-2.46982e-07
-6.18904e-07
-8.77261e-07
-9.80583e-07
-9.15082e-07
-6.7778e-07
-2.67853e-07
3.18214e-07
1.08615e-06
2.03924e-06
3.17498e-06
4.48034e-06
5.92813e-06
7.47434e-06
9.0563e-06
1.05931e-05
1.19911e-05
1.3159e-05
1.40294e-05
1.46018e-05
1.49223e-05
1.50362e-05
-2.05509e-06
-2.14449e-06
-2.16756e-06
-2.14364e-06
-2.08709e-06
-2.00659e-06
-1.91192e-06
-1.81057e-06
-1.70704e-06
-1.60226e-06
-1.49429e-06
-1.37874e-06
-1.24925e-06
-1.09819e-06
-9.17665e-07
-7.01428e-07
-4.4754e-07
-1.63746e-07
1.27704e-07
3.81496e-07
5.28372e-07
4.86131e-07
2.12939e-07
-1.72339e-07
-5.26523e-07
-7.65914e-07
-8.4784e-07
-7.56974e-07
-4.88439e-07
-3.96229e-08
5.94697e-07
1.42162e-06
2.44491e-06
3.66225e-06
5.06038e-06
6.61167e-06
8.27137e-06
9.97544e-06
1.164e-05
1.31663e-05
1.44563e-05
1.54365e-05
1.60902e-05
1.64864e-05
1.66793e-05
-2.28145e-06
-2.37298e-06
-2.38326e-06
-2.33701e-06
-2.25418e-06
-2.1474e-06
-2.02911e-06
-1.90846e-06
-1.79006e-06
-1.67443e-06
-1.55894e-06
-1.43834e-06
-1.30539e-06
-1.15158e-06
-9.68076e-07
-7.47764e-07
-4.87781e-07
-1.95177e-07
1.08365e-07
3.77484e-07
5.42318e-07
5.19569e-07
2.65219e-07
-1.02469e-07
-4.39104e-07
-6.59735e-07
-7.2054e-07
-6.04667e-07
-3.05398e-07
1.8152e-07
8.62876e-07
1.74698e-06
2.83787e-06
4.13342e-06
5.62033e-06
7.271e-06
9.04077e-06
1.08654e-05
1.26596e-05
1.43201e-05
1.5741e-05
1.68417e-05
1.75952e-05
1.80771e-05
1.8365e-05
-2.53893e-06
-2.62912e-06
-2.61919e-06
-2.54205e-06
-2.42555e-06
-2.2868e-06
-2.14143e-06
-1.99957e-06
-1.86549e-06
-1.73897e-06
-1.61633e-06
-1.49127e-06
-1.35556e-06
-1.19978e-06
-1.01418e-06
-7.90768e-07
-5.25771e-07
-2.25549e-07
8.88129e-08
3.71982e-07
5.5359e-07
5.49365e-07
3.13256e-07
-3.7207e-08
-3.56591e-07
-5.58776e-07
-5.98855e-07
-4.58486e-07
-1.292e-07
3.94706e-07
1.12141e-06
2.06023e-06
3.21519e-06
4.58427e-06
6.1542e-06
7.8978e-06
9.77128e-06
1.17115e-05
1.36334e-05
1.54311e-05
1.69912e-05
1.82234e-05
1.90939e-05
1.96775e-05
2.00822e-05
-2.8363e-06
-2.91861e-06
-2.87768e-06
-2.75839e-06
-2.59953e-06
-2.42309e-06
-2.24732e-06
-2.08275e-06
-1.93263e-06
-1.79546e-06
-1.66621e-06
-1.53738e-06
-1.39966e-06
-1.24269e-06
-1.05581e-06
-8.30201e-07
-5.61201e-07
-2.54488e-07
6.94705e-08
3.65433e-07
5.62621e-07
5.75905e-07
3.5735e-07
2.3652e-08
-2.78873e-07
-4.63018e-07
-4.82872e-07
-3.18646e-07
3.97478e-08
5.9925e-07
1.36923e-06
2.35973e-06
3.57442e-06
5.01124e-06
6.65686e-06
8.48473e-06
1.04526e-05
1.24998e-05
1.45433e-05
1.64772e-05
1.81823e-05
1.95582e-05
2.056e-05
2.12665e-05
2.18191e-05
-3.18588e-06
-3.2481e-06
-3.16074e-06
-2.98479e-06
-2.77405e-06
-2.55422e-06
-2.34534e-06
-2.1571e-06
-1.99103e-06
-1.84378e-06
-1.70864e-06
-1.57678e-06
-1.43778e-06
-1.28034e-06
-1.09295e-06
-8.65957e-07
-5.93874e-07
-2.81714e-07
5.06832e-08
3.58224e-07
5.69805e-07
5.99557e-07
3.97804e-07
8.03355e-08
-2.058e-07
-3.72393e-07
-3.72608e-07
-1.85277e-07
2.01161e-07
7.94639e-07
1.6055e-06
2.64421e-06
3.91367e-06
5.41152e-06
7.12417e-06
9.02572e-06
1.10759e-05
1.32174e-05
1.53715e-05
1.74349e-05
1.92863e-05
2.08163e-05
2.19651e-05
2.28194e-05
2.35645e-05
-3.60525e-06
-3.62479e-06
-3.46762e-06
-3.22074e-06
-2.94651e-06
-2.67807e-06
-2.43419e-06
-2.22208e-06
-2.04064e-06
-1.8841e-06
-1.74391e-06
-1.60979e-06
-1.47021e-06
-1.31296e-06
-1.1257e-06
-8.98046e-07
-6.23701e-07
-3.07042e-07
3.2715e-08
3.50677e-07
5.75493e-07
6.20663e-07
4.34919e-07
1.33081e-07
-1.372e-07
-2.86792e-07
-2.68026e-07
-5.84305e-08
3.54862e-07
9.8052e-07
1.82964e-06
2.91278e-06
4.23158e-06
5.78308e-06
7.55307e-06
9.51605e-06
1.16338e-05
1.38531e-05
1.61012e-05
1.82809e-05
2.02726e-05
2.19626e-05
2.32738e-05
2.43055e-05
2.53089e-05
-4.11972e-06
-4.05623e-06
-3.79861e-06
-3.4612e-06
-3.11351e-06
-2.79256e-06
-2.51292e-06
-2.27755e-06
-2.08173e-06
-1.91692e-06
-1.77256e-06
-1.63691e-06
-1.49736e-06
-1.34085e-06
-1.15429e-06
-9.26578e-07
-6.50685e-07
-3.30376e-07
1.57522e-08
3.43049e-07
5.79985e-07
6.39535e-07
4.68977e-07
1.82129e-07
-7.28803e-08
-2.06076e-07
-1.69045e-07
6.1904e-08
5.00767e-07
1.15668e-06
2.04129e-06
3.16485e-06
4.52728e-06
6.12464e-06
7.94158e-06
9.95257e-06
1.2121e-05
1.4398e-05
1.67177e-05
1.89923e-05
2.11087e-05
2.29555e-05
2.44405e-05
2.56827e-05
2.70434e-05
-4.76514e-06
-4.54539e-06
-4.15098e-06
-3.70103e-06
-3.27119e-06
-2.8958e-06
-2.58103e-06
-2.32378e-06
-2.11496e-06
-1.943e-06
-1.79531e-06
-1.65877e-06
-1.51976e-06
-1.36444e-06
-1.179e-06
-9.51737e-07
-6.74902e-07
-3.51686e-07
-8.38734e-11
3.35539e-07
5.8353e-07
6.56448e-07
5.00244e-07
2.27715e-07
-1.26422e-08
-1.30087e-07
-7.55515e-08
1.75786e-07
6.3886e-07
1.32302e-06
2.24023e-06
3.40012e-06
4.80033e-06
6.43556e-06
8.28873e-06
1.03336e-05
1.25344e-05
1.48458e-05
1.72093e-05
1.95481e-05
2.17607e-05
2.37473e-05
2.54052e-05
2.6889e-05
2.87535e-05
-5.59085e-06
-5.08775e-06
-4.51327e-06
-3.93319e-06
-3.41541e-06
-2.98619e-06
-2.63849e-06
-2.36147e-06
-2.14126e-06
-1.96327e-06
-1.81302e-06
-1.67612e-06
-1.53803e-06
-1.3842e-06
-1.20021e-06
-9.73769e-07
-6.96483e-07
-3.70996e-07
-1.47207e-08
3.28299e-07
5.86341e-07
6.71644e-07
5.28967e-07
2.70072e-07
4.37265e-08
-5.86405e-08
1.26024e-08
2.83315e-07
7.69178e-07
1.47949e-06
2.42639e-06
3.61842e-06
5.05052e-06
6.71559e-06
8.59416e-06
1.06583e-05
1.28722e-05
1.51926e-05
1.75669e-05
1.99298e-05
2.21945e-05
2.42827e-05
2.60886e-05
2.78273e-05
3.04013e-05
-6.64257e-06
-5.67488e-06
-4.86936e-06
-4.14823e-06
-3.54189e-06
-3.06265e-06
-2.68576e-06
-2.39167e-06
-2.16181e-06
-1.97885e-06
-1.82667e-06
-1.68978e-06
-1.55285e-06
-1.4007e-06
-1.21836e-06
-9.93003e-07
-7.15645e-07
-3.88411e-07
-2.81533e-08
3.21428e-07
5.88585e-07
6.85329e-07
5.55363e-07
3.09416e-07
9.64388e-08
8.47285e-09
9.56261e-08
3.847e-07
8.9193e-07
1.62632e-06
2.60001e-06
3.8201e-06
5.27829e-06
6.96535e-06
8.85868e-06
1.09278e-05
1.31352e-05
1.54376e-05
1.7786e-05
2.01234e-05
2.23784e-05
2.4501e-05
2.63909e-05
2.83604e-05
3.19246e-05
-8.02382e-06
-6.29067e-06
-5.19654e-06
-4.33615e-06
-3.64819e-06
-3.12592e-06
-2.72467e-06
-2.41627e-06
-2.17824e-06
-1.99107e-06
-1.83731e-06
-1.70058e-06
-1.56489e-06
-1.41449e-06
-1.23392e-06
-1.00985e-06
-7.32731e-07
-4.04194e-07
-4.05462e-08
3.14885e-07
5.90348e-07
6.9768e-07
5.79631e-07
3.45926e-07
1.45661e-07
7.14486e-08
1.73803e-07
4.80381e-07
1.00779e-06
1.76452e-06
2.76258e-06
4.00725e-06
5.48656e-06
7.18875e-06
9.08742e-06
1.11485e-05
1.3331e-05
1.55893e-05
1.78735e-05
2.01292e-05
2.22941e-05
2.43446e-05
2.61933e-05
2.83253e-05
3.33047e-05
-9.85595e-06
-6.90272e-06
-5.4621e-06
-4.48812e-06
-3.73655e-06
-3.18043e-06
-2.75928e-06
-2.43836e-06
-2.19263e-06
-2.00115e-06
-1.84553e-06
-1.70872e-06
-1.5741e-06
-1.42544e-06
-1.24675e-06
-1.02424e-06
-7.47796e-07
-4.18496e-07
-5.2086e-08
3.08534e-07
5.91626e-07
7.08842e-07
6.01954e-07
3.79706e-07
1.91392e-07
1.30223e-07
2.47083e-07
5.70417e-07
1.11705e-06
1.89482e-06
2.91553e-06
4.18238e-06
5.67941e-06
7.39211e-06
9.2896e-06
1.13333e-05
1.34772e-05
1.56706e-05
1.78576e-05
1.99775e-05
2.19604e-05
2.37804e-05
2.53442e-05
2.74107e-05
3.41471e-05
-1.14129e-05
-7.2989e-06
-5.60475e-06
-4.58492e-06
-3.80292e-06
-3.22509e-06
-2.78896e-06
-2.45735e-06
-2.2044e-06
-2.00854e-06
-1.85081e-06
-1.7136e-06
-1.57981e-06
-1.43272e-06
-1.25591e-06
-1.03513e-06
-7.59727e-07
-4.30267e-07
-6.19241e-08
3.02939e-07
5.92723e-07
7.19049e-07
6.22709e-07
4.11288e-07
2.34094e-07
1.84817e-07
3.14619e-07
6.5263e-07
1.21575e-06
2.01103e-06
3.05011e-06
4.33399e-06
5.84273e-06
7.55905e-06
9.44749e-06
1.14644e-05
1.3558e-05
1.56701e-05
1.77348e-05
1.96756e-05
2.139e-05
2.27861e-05
2.36559e-05
2.4731e-05
3.08428e-05
)
;

boundaryField
{
    inlet
    {
        type            uniformJump;
        patchType       cyclic;
        jump            uniform -2.5e-05;
        value           nonuniform List<scalar> 
40
(
5.82243e-07
5.93225e-07
6.04397e-07
6.15226e-07
6.26939e-07
6.41101e-07
6.60387e-07
6.8945e-07
7.35366e-07
8.07497e-07
9.16717e-07
1.07481e-06
1.29498e-06
1.59295e-06
1.98771e-06
2.49994e-06
3.14438e-06
3.93056e-06
4.86534e-06
5.90439e-06
6.93082e-06
7.79894e-06
8.43604e-06
8.89541e-06
9.21388e-06
9.42666e-06
9.56478e-06
9.65166e-06
9.70423e-06
9.73448e-06
9.7506e-06
9.75807e-06
9.76051e-06
9.76023e-06
9.75862e-06
9.75651e-06
9.75436e-06
9.7524e-06
9.75064e-06
9.74902e-06
)
;
        jumpTable       table;
        jumpTableCoeffs
        {
            values          
4
(
(0 -2.5e-05)
(25 -2.5e-05)
(25.5 -0.0001)
(26 -2.5e-05)
)
;
        }
    }
    outlet
    {
        type            uniformJump;
        patchType       cyclic;
        value           nonuniform List<scalar> 
40
(
-2.44178e-05
-2.44068e-05
-2.43956e-05
-2.43848e-05
-2.43731e-05
-2.43589e-05
-2.43396e-05
-2.43106e-05
-2.42646e-05
-2.41925e-05
-2.40833e-05
-2.39252e-05
-2.3705e-05
-2.3407e-05
-2.30123e-05
-2.25001e-05
-2.18556e-05
-2.10694e-05
-2.01347e-05
-1.90956e-05
-1.80692e-05
-1.72011e-05
-1.6564e-05
-1.61046e-05
-1.57861e-05
-1.55733e-05
-1.54352e-05
-1.53483e-05
-1.52958e-05
-1.52655e-05
-1.52494e-05
-1.52419e-05
-1.52395e-05
-1.52398e-05
-1.52414e-05
-1.52435e-05
-1.52456e-05
-1.52476e-05
-1.52494e-05
-1.5251e-05
)
;
    }
    Walls
    {
        type            zeroGradient;
    }
    back
    {
        type            empty;
    }
    front
    {
        type            empty;
    }
}


// ************************************************************************* //
