/*--------------------------------*- C++ -*----------------------------------*\
| =========                 |                                                 |
| \\      /  F ield         | OpenFOAM: The Open Source CFD Toolbox           |
|  \\    /   O peration     | Version:  2312                                  |
|   \\  /    A nd           | Website:  www.openfoam.com                      |
|    \\/     M anipulation  |                                                 |
\*---------------------------------------------------------------------------*/
FoamFile
{
    version     2.0;
    format      ascii;
    arch        "LSB;label=32;scalar=64";
    class       volScalarField;
    location    "147.5";
    object      p;
}
// * * * * * * * * * * * * * * * * * * * * * * * * * * * * * * * * * * * * * //

dimensions      [0 2 -2 0 0 0 0];

internalField   nonuniform List<scalar> 
4800
(
-1.83914e-13
-1.75723e-06
-3.19824e-06
-4.39546e-06
-5.40087e-06
-6.25371e-06
-6.98393e-06
-7.61416e-06
-8.16904e-06
-8.65987e-06
-9.09587e-06
-9.48271e-06
-9.81665e-06
-1.03268e-05
-1.19548e-05
2.06042e-08
-1.73276e-06
-3.17134e-06
-4.36738e-06
-5.37268e-06
-6.22654e-06
-6.9595e-06
-7.59413e-06
-8.15559e-06
-8.65655e-06
-9.11136e-06
-9.53939e-06
-9.95771e-06
-1.04744e-05
-1.1338e-05
4.25415e-08
-1.70666e-06
-3.14273e-06
-4.33763e-06
-5.34297e-06
-6.19792e-06
-6.93342e-06
-7.57051e-06
-8.13642e-06
-8.64505e-06
-9.11095e-06
-9.55461e-06
-9.98756e-06
-1.04216e-05
-1.0839e-05
6.50615e-08
-1.67941e-06
-3.1125e-06
-4.30581e-06
-5.31069e-06
-6.16607e-06
-6.90302e-06
-7.54195e-06
-8.10854e-06
-8.61879e-06
-9.08336e-06
-9.51372e-06
-9.90582e-06
-1.02317e-05
-1.04261e-05
8.98942e-08
-1.64894e-06
-3.07832e-06
-4.26937e-06
-5.27304e-06
-6.12787e-06
-6.86447e-06
-7.504e-06
-8.0671e-06
-8.5708e-06
-9.02108e-06
-9.41852e-06
-9.74811e-06
-9.97427e-06
-1.00448e-05
1.18474e-07
-1.61372e-06
-3.03849e-06
-4.22637e-06
-5.22777e-06
-6.08065e-06
-6.81465e-06
-7.45082e-06
-8.00614e-06
-8.49458e-06
-8.91816e-06
-9.27049e-06
-9.53391e-06
-9.68128e-06
-9.68622e-06
1.52779e-07
-1.57171e-06
-2.99081e-06
-4.17432e-06
-5.17192e-06
-6.02073e-06
-6.74911e-06
-7.37691e-06
-7.91852e-06
-8.38355e-06
-8.77122e-06
-9.07357e-06
-9.27721e-06
-9.36887e-06
-9.34278e-06
1.96218e-07
-1.5195e-06
-2.93164e-06
-4.10916e-06
-5.10089e-06
-5.94277e-06
-6.66163e-06
-7.2757e-06
-7.79704e-06
-8.23202e-06
-8.57946e-06
-8.83399e-06
-8.9897e-06
-9.04555e-06
-9.00754e-06
2.54037e-07
-1.45175e-06
-2.85536e-06
-4.02484e-06
-5.00799e-06
-5.83942e-06
-6.54429e-06
-7.13934e-06
-7.63486e-06
-8.03622e-06
-8.34402e-06
-8.55778e-06
-8.67894e-06
-8.71455e-06
-8.67567e-06
3.33191e-07
-1.36112e-06
-2.75411e-06
-3.91294e-06
-4.88425e-06
-5.70129e-06
-6.38771e-06
-6.95925e-06
-7.42577e-06
-7.79351e-06
-8.06632e-06
-8.24885e-06
-8.34804e-06
-8.37515e-06
-8.34248e-06
4.41558e-07
-1.23867e-06
-2.61807e-06
-3.76291e-06
-4.71864e-06
-5.51727e-06
-6.18145e-06
-6.72676e-06
-7.16391e-06
-7.50127e-06
-7.74647e-06
-7.908e-06
-7.99609e-06
-8.0235e-06
-8.002e-06
5.86952e-07
-1.07475e-06
-2.4362e-06
-3.5628e-06
-4.49881e-06
-5.27539e-06
-5.91484e-06
-6.43345e-06
-6.84371e-06
-7.15655e-06
-7.38246e-06
-7.53257e-06
-7.61849e-06
-7.6529e-06
-7.64636e-06
7.76672e-07
-8.59484e-07
-2.19685e-06
-3.29993e-06
-4.21196e-06
-4.96362e-06
-5.57754e-06
-6.07127e-06
-6.45929e-06
-6.75466e-06
-6.96974e-06
-7.11685e-06
-7.20769e-06
-7.254e-06
-7.26545e-06
1.01708e-06
-5.82956e-07
-1.88796e-06
-2.96117e-06
-3.84493e-06
-4.56979e-06
-5.15904e-06
-5.63149e-06
-6.00314e-06
-6.28838e-06
-6.5004e-06
-6.65168e-06
-6.75338e-06
-6.81597e-06
-6.84714e-06
1.31275e-06
-2.36066e-07
-1.49771e-06
-2.53339e-06
-3.38439e-06
-4.08122e-06
-4.64762e-06
-5.10315e-06
-5.46448e-06
-5.74637e-06
-5.96191e-06
-6.12293e-06
-6.23965e-06
-6.32132e-06
-6.37491e-06
1.666e-06
1.87956e-07
-1.01617e-06
-2.00487e-06
-2.81794e-06
-3.4853e-06
-4.03056e-06
-4.47309e-06
-4.82925e-06
-5.11326e-06
-5.33741e-06
-5.51256e-06
-5.64783e-06
-5.75128e-06
-5.82902e-06
2.07787e-06
6.92596e-07
-4.37315e-07
-1.36756e-06
-2.13607e-06
-2.77139e-06
-3.29592e-06
-3.72783e-06
-4.08223e-06
-4.37201e-06
-4.60822e-06
-4.80049e-06
-4.95686e-06
-5.08431e-06
-5.18819e-06
2.54498e-06
1.27698e-06
2.38496e-07
-6.20305e-07
-1.33578e-06
-1.93441e-06
-2.43631e-06
-2.85749e-06
-3.21103e-06
-3.50795e-06
-3.75766e-06
-3.96836e-06
-4.14699e-06
-4.29957e-06
-4.43087e-06
3.04681e-06
1.92561e-06
9.99033e-07
2.26108e-07
-4.261e-07
-9.80998e-07
-1.45559e-06
-1.86295e-06
-2.21358e-06
-2.51624e-06
-2.77844e-06
-3.00682e-06
-3.20707e-06
-3.38415e-06
-3.54221e-06
3.56106e-06
2.61468e-06
1.82021e-06
1.14636e-06
5.67109e-07
6.35329e-08
-3.77768e-07
-7.66616e-07
-1.11064e-06
-1.41617e-06
-1.68878e-06
-1.93348e-06
-2.15475e-06
-2.35651e-06
-2.54211e-06
4.05168e-06
3.28282e-06
2.62362e-06
2.05175e-06
1.5486e-06
1.1002e-06
6.96844e-07
3.317e-07
-3.7216e-10
-3.03667e-07
-5.82057e-07
-8.39103e-07
-1.07807e-06
-1.30187e-06
-1.51335e-06
4.45586e-06
3.83519e-06
3.29029e-06
2.80596e-06
2.36936e-06
1.97089e-06
1.60393e-06
1.26396e-06
9.47527e-07
6.51689e-07
3.73687e-07
1.10966e-07
-1.38851e-07
-3.77824e-07
-6.07791e-07
4.77382e-06
4.26145e-06
3.8005e-06
3.38045e-06
2.99271e-06
2.63099e-06
2.29099e-06
1.96968e-06
1.66464e-06
1.37376e-06
1.09505e-06
8.26691e-07
5.66996e-07
3.14455e-07
6.75677e-08
5.01304e-06
4.57806e-06
4.17705e-06
3.80322e-06
3.45103e-06
3.11653e-06
2.79683e-06
2.4898e-06
2.1936e-06
1.90663e-06
1.6274e-06
1.35455e-06
1.0868e-06
8.23056e-07
5.62174e-07
5.19063e-06
4.80987e-06
4.45138e-06
4.11088e-06
3.78474e-06
3.47035e-06
3.16567e-06
2.86904e-06
2.57898e-06
2.29425e-06
2.01369e-06
1.73634e-06
1.46129e-06
1.1878e-06
9.15111e-07
5.32051e-06
4.97738e-06
4.64887e-06
4.3321e-06
4.02451e-06
3.72428e-06
3.42985e-06
3.13986e-06
2.85314e-06
2.56873e-06
2.28578e-06
2.0036e-06
1.72154e-06
1.43905e-06
1.15548e-06
5.41352e-06
5.09647e-06
4.78889e-06
4.48865e-06
4.19383e-06
3.90307e-06
3.61512e-06
3.32889e-06
3.04343e-06
2.75801e-06
2.47197e-06
2.18479e-06
1.89594e-06
1.60503e-06
1.31157e-06
5.47876e-06
5.17989e-06
4.88687e-06
4.59799e-06
4.31177e-06
4.02716e-06
3.74311e-06
3.45871e-06
3.17319e-06
2.88595e-06
2.59648e-06
2.30436e-06
2.00921e-06
1.71068e-06
1.40842e-06
5.52383e-06
5.23785e-06
4.95503e-06
4.67397e-06
4.39356e-06
4.1129e-06
3.83107e-06
3.54728e-06
3.2609e-06
2.97143e-06
2.67845e-06
2.38164e-06
2.0807e-06
1.77543e-06
1.4656e-06
5.55482e-06
5.27825e-06
5.00273e-06
4.72719e-06
4.45078e-06
4.17265e-06
3.89196e-06
3.60805e-06
3.32039e-06
3.02855e-06
2.73217e-06
2.431e-06
2.1248e-06
1.8135e-06
1.49723e-06
5.57644e-06
5.30698e-06
5.03686e-06
4.76538e-06
4.4918e-06
4.2153e-06
3.93512e-06
3.65071e-06
3.36158e-06
3.06739e-06
2.76782e-06
2.46268e-06
2.15175e-06
1.83494e-06
1.5118e-06
5.59208e-06
5.32823e-06
5.0623e-06
4.79395e-06
4.52245e-06
4.24702e-06
3.967e-06
3.68189e-06
3.39128e-06
3.09486e-06
2.79238e-06
2.48366e-06
2.16855e-06
1.84699e-06
1.51878e-06
5.60407e-06
5.34481e-06
5.08229e-06
4.81645e-06
4.54656e-06
4.27188e-06
3.99183e-06
3.70598e-06
3.41395e-06
3.11548e-06
2.81036e-06
2.49844e-06
2.17963e-06
1.85391e-06
1.52116e-06
5.61388e-06
5.35851e-06
5.09888e-06
4.83516e-06
4.56657e-06
4.29245e-06
4.01229e-06
3.72571e-06
3.43237e-06
3.13204e-06
2.82455e-06
2.50979e-06
2.18768e-06
1.85829e-06
1.52146e-06
5.62241e-06
5.37043e-06
5.11332e-06
4.85142e-06
4.58392e-06
4.31026e-06
4.02997e-06
3.7427e-06
3.44817e-06
3.14618e-06
2.83657e-06
2.51927e-06
2.19424e-06
1.86157e-06
1.52099e-06
5.63012e-06
5.38114e-06
5.12626e-06
4.86596e-06
4.59942e-06
4.32615e-06
4.04573e-06
3.75785e-06
3.46226e-06
3.15878e-06
2.84728e-06
2.52772e-06
2.20008e-06
1.86449e-06
1.5205e-06
5.63722e-06
5.39092e-06
5.13804e-06
4.87914e-06
4.61345e-06
4.34052e-06
4.06e-06
3.77158e-06
3.47504e-06
3.17024e-06
2.85707e-06
2.53551e-06
2.20556e-06
1.86736e-06
1.52044e-06
5.64392e-06
5.40004e-06
5.14896e-06
4.89132e-06
4.62638e-06
4.35377e-06
4.07314e-06
3.78423e-06
3.48686e-06
3.18088e-06
2.86622e-06
2.54287e-06
2.21086e-06
1.87034e-06
1.52086e-06
5.65061e-06
5.40905e-06
5.15969e-06
4.90323e-06
4.63902e-06
4.36671e-06
4.086e-06
3.79664e-06
3.49847e-06
3.19139e-06
2.87533e-06
2.5503e-06
2.21635e-06
1.87364e-06
1.52177e-06
5.65701e-06
5.4177e-06
5.17001e-06
4.91475e-06
4.65129e-06
4.37934e-06
4.0986e-06
3.80887e-06
3.50999e-06
3.20187e-06
2.88449e-06
2.55785e-06
2.22204e-06
1.87721e-06
1.52301e-06
-1.33595e-05
-1.1168e-05
-9.81075e-06
-8.89367e-06
-8.15159e-06
-7.57389e-06
-7.11889e-06
-6.76035e-06
-6.48266e-06
-6.27502e-06
-6.13021e-06
-6.0433e-06
-6.01191e-06
-6.03622e-06
-6.11837e-06
-6.26527e-06
-6.48946e-06
-6.81005e-06
-7.2516e-06
-7.84785e-06
-8.62728e-06
-9.59455e-06
-1.05993e-05
-1.13588e-05
-1.17314e-05
-1.16807e-05
-1.12016e-05
-1.03081e-05
-9.02747e-06
-7.39311e-06
-5.44125e-06
-3.21156e-06
-7.48165e-07
1.89968e-06
4.67776e-06
7.52776e-06
1.03877e-05
1.31918e-05
1.58664e-05
1.8324e-05
2.04424e-05
2.20555e-05
2.27878e-05
2.2292e-05
1.93388e-05
-1.17439e-05
-1.06185e-05
-9.59361e-06
-8.77716e-06
-8.08087e-06
-7.51944e-06
-7.07075e-06
-6.7153e-06
-6.43995e-06
-6.23481e-06
-6.09299e-06
-6.00969e-06
-5.98259e-06
-6.01194e-06
-6.09975e-06
-6.25289e-06
-6.48393e-06
-6.81159e-06
-7.25973e-06
-7.86095e-06
-8.64197e-06
-9.60546e-06
-1.06013e-05
-1.13496e-05
-1.17114e-05
-1.16519e-05
-1.11662e-05
-1.0268e-05
-8.98448e-06
-7.34964e-06
-5.40088e-06
-3.17946e-06
-7.31552e-07
1.89101e-06
4.63069e-06
7.42459e-06
1.02042e-05
1.28934e-05
1.54026e-05
1.76163e-05
1.93604e-05
2.03588e-05
2.00677e-05
1.76834e-05
1.21919e-05
-1.08907e-05
-1.01845e-05
-9.3694e-06
-8.64199e-06
-7.99643e-06
-7.45761e-06
-7.01868e-06
-6.66816e-06
-6.39605e-06
-6.1939e-06
-6.05543e-06
-5.97603e-06
-5.95357e-06
-5.98838e-06
-6.08231e-06
-6.24224e-06
-6.4807e-06
-6.816e-06
-7.27113e-06
-7.87738e-06
-8.65939e-06
-9.61758e-06
-1.06021e-05
-1.13366e-05
-1.16854e-05
-1.16155e-05
-1.11226e-05
-1.022e-05
-8.93489e-06
-7.3022e-06
-5.36081e-06
-3.15407e-06
-7.30803e-07
1.85383e-06
4.53801e-06
7.25301e-06
9.92216e-06
1.24577e-05
1.47528e-05
1.66666e-05
1.7992e-05
1.84166e-05
1.74455e-05
1.45126e-05
9.51054e-06
-1.03371e-05
-9.82563e-06
-9.16947e-06
-8.51295e-06
-7.91585e-06
-7.4013e-06
-6.97265e-06
-6.62685e-06
-6.35734e-06
-6.15738e-06
-6.02146e-06
-5.94532e-06
-5.92707e-06
-5.9671e-06
-6.06709e-06
-6.23388e-06
-6.48e-06
-6.8232e-06
-7.2855e-06
-7.8967e-06
-8.67914e-06
-9.63055e-06
-1.06014e-05
-1.13192e-05
-1.16519e-05
-1.15688e-05
-1.10664e-05
-1.01576e-05
-8.87028e-06
-7.24044e-06
-5.30903e-06
-3.12214e-06
-7.31983e-07
1.8021e-06
4.41305e-06
7.02545e-06
9.55386e-06
1.18991e-05
1.39403e-05
1.55229e-05
1.64372e-05
1.64074e-05
1.50933e-05
1.22266e-05
8.06057e-06
-9.90377e-06
-9.50673e-06
-8.97151e-06
-8.39846e-06
-7.84755e-06
-7.35695e-06
-6.93848e-06
-6.59683e-06
-6.32887e-06
-6.12981e-06
-5.99519e-06
-5.92124e-06
-5.90639e-06
-5.95111e-06
-6.0568e-06
-6.2303e-06
-6.48408e-06
-6.83521e-06
-7.30453e-06
-7.92016e-06
-8.70183e-06
-9.64426e-06
-1.05983e-05
-1.12963e-05
-1.16101e-05
-1.15117e-05
-1.09985e-05
-1.00835e-05
-8.79529e-06
-7.17149e-06
-5.25554e-06
-3.09678e-06
-7.51393e-07
1.71658e-06
4.23448e-06
6.72014e-06
9.08027e-06
1.12072e-05
1.29737e-05
1.42267e-05
1.47829e-05
1.44401e-05
1.30174e-05
1.04612e-05
7.04814e-06
-9.53802e-06
-9.22064e-06
-8.77746e-06
-8.28669e-06
-7.78869e-06
-7.32384e-06
-6.91873e-06
-6.58225e-06
-6.31538e-06
-6.11604e-06
-5.98132e-06
-5.90818e-06
-5.89554e-06
-5.94405e-06
-6.05472e-06
-6.2344e-06
-6.49553e-06
-6.85421e-06
-7.32995e-06
-7.94891e-06
-8.72793e-06
-9.65833e-06
-1.05917e-05
-1.12661e-05
-1.15578e-05
-1.1442e-05
-1.09173e-05
-9.99712e-06
-8.71082e-06
-7.09816e-06
-5.20547e-06
-3.08578e-06
-7.99601e-07
1.58415e-06
3.98739e-06
6.32226e-06
8.4901e-06
1.03801e-05
1.18679e-05
1.28173e-05
1.30881e-05
1.2558e-05
1.11657e-05
8.97502e-06
6.24431e-06
-9.20562e-06
-8.94981e-06
-8.58972e-06
-8.16889e-06
-7.72557e-06
-7.29769e-06
-6.91225e-06
-6.58438e-06
-6.3199e-06
-6.12015e-06
-5.9844e-06
-5.91074e-06
-5.89898e-06
-5.95007e-06
-6.06457e-06
-6.24947e-06
-6.51719e-06
-6.88253e-06
-7.36349e-06
-7.98399e-06
-8.75768e-06
-9.67205e-06
-1.05798e-05
-1.12263e-05
-1.14924e-05
-1.13569e-05
-1.08204e-05
-9.89652e-06
-8.61617e-06
-7.02142e-06
-5.1619e-06
-3.09461e-06
-8.84478e-07
1.39504e-06
3.66143e-06
5.82324e-06
7.78039e-06
9.42536e-06
1.06461e-05
1.13335e-05
1.13944e-05
1.07742e-05
9.48568e-06
7.63624e-06
5.44001e-06
-8.8874e-06
-8.6808e-06
-8.39059e-06
-8.03858e-06
-7.65468e-06
-7.27073e-06
-6.91308e-06
-6.60004e-06
-6.34187e-06
-6.14363e-06
-6.00727e-06
-5.93259e-06
-5.92073e-06
-5.97322e-06
-6.09014e-06
-6.27899e-06
-6.55209e-06
-6.92262e-06
-7.40685e-06
-8.02627e-06
-8.79099e-06
-9.68422e-06
-1.05606e-05
-1.11738e-05
-1.14105e-05
-1.12532e-05
-1.07049e-05
-9.78009e-06
-8.51132e-06
-6.9434e-06
-5.12941e-06
-3.1304e-06
-1.0153e-06
1.13885e-06
3.24699e-06
5.2172e-06
6.9528e-06
8.35595e-06
9.33372e-06
9.8077e-06
9.72721e-06
9.08498e-06
7.93075e-06
6.37665e-06
4.58857e-06
-8.57443e-06
-8.40861e-06
-8.17708e-06
-7.89001e-06
-7.56717e-06
-7.23314e-06
-6.91156e-06
-6.62154e-06
-6.37622e-06
-6.18395e-06
-6.04957e-06
-5.97491e-06
-5.96306e-06
-6.01632e-06
-6.13428e-06
-6.32572e-06
-6.60283e-06
-6.97658e-06
-7.46131e-06
-8.07607e-06
-8.82709e-06
-9.69298e-06
-1.05308e-05
-1.1105e-05
-1.13084e-05
-1.11277e-05
-1.05686e-05
-9.64713e-06
-8.39774e-06
-6.86813e-06
-5.11478e-06
-3.20238e-06
-1.20292e-06
8.04686e-07
2.73555e-06
4.50105e-06
6.01265e-06
7.18713e-06
7.95373e-06
8.26312e-06
8.09696e-06
7.47574e-06
6.46214e-06
5.15633e-06
3.68328e-06
-8.26108e-06
-8.13054e-06
-7.94895e-06
-7.72046e-06
-7.45694e-06
-7.17609e-06
-6.89739e-06
-6.6387e-06
-6.41419e-06
-6.23446e-06
-6.1068e-06
-6.03513e-06
-6.02505e-06
-6.07955e-06
-6.19751e-06
-6.39065e-06
-6.6705e-06
-7.04489e-06
-7.52681e-06
-8.13247e-06
-8.86403e-06
-9.69516e-06
-1.04867e-05
-1.10158e-05
-1.11822e-05
-1.09774e-05
-1.04103e-05
-9.49844e-06
-8.27887e-06
-6.80197e-06
-5.12705e-06
-3.32159e-06
-1.45909e-06
3.82191e-07
2.12069e-06
3.67488e-06
4.96812e-06
5.93433e-06
6.52445e-06
6.71279e-06
6.50232e-06
5.92647e-06
5.04735e-06
3.94801e-06
2.72171e-06
-7.94135e-06
-7.84266e-06
-7.70451e-06
-7.52821e-06
-7.32041e-06
-7.09318e-06
-6.86157e-06
-6.64096e-06
-6.445e-06
-6.28526e-06
-6.17061e-06
-6.10667e-06
-6.10161e-06
-6.15889e-06
-6.27647e-06
-6.47185e-06
-6.75375e-06
-7.12578e-06
-7.60102e-06
-8.19253e-06
-8.89811e-06
-9.68647e-06
-1.04234e-05
-1.09016e-05
-1.10286e-05
-1.08009e-05
-1.02305e-05
-9.33728e-06
-8.16105e-06
-6.75415e-06
-5.17766e-06
-3.50059e-06
-1.79571e-06
-1.37652e-07
1.39862e-06
2.74167e-06
3.82882e-06
4.61115e-06
5.05811e-06
5.16096e-06
4.93447e-06
4.41535e-06
3.65879e-06
2.73097e-06
1.70139e-06
-7.60748e-06
-7.53871e-06
-7.43951e-06
-7.31003e-06
-7.15384e-06
-6.97884e-06
-6.79613e-06
-6.61817e-06
-6.45714e-06
-6.3245e-06
-6.22952e-06
-6.17982e-06
-6.18476e-06
-6.24459e-06
-6.36319e-06
-6.56417e-06
-6.84787e-06
-7.21418e-06
-7.67863e-06
-8.25069e-06
-8.92348e-06
-9.66117e-06
-1.0336e-05
-1.07583e-05
-1.08456e-05
-1.0599e-05
-1.00331e-05
-9.17044e-06
-8.05436e-06
-6.73728e-06
-5.28038e-06
-3.75275e-06
-2.2239e-06
-7.61633e-07
5.68452e-07
1.70673e-06
2.6046e-06
3.22828e-06
3.5613e-06
3.60552e-06
3.38068e-06
2.92122e-06
2.27322e-06
1.48821e-06
6.18159e-07
-7.2495e-06
-7.20976e-06
-7.14656e-06
-7.05978e-06
-6.95131e-06
-6.82625e-06
-6.69254e-06
-6.55984e-06
-6.43837e-06
-6.33881e-06
-6.26979e-06
-6.24102e-06
-6.26236e-06
-6.32647e-06
-6.45088e-06
-6.65862e-06
-6.94164e-06
-7.30051e-06
-7.75088e-06
-8.29858e-06
-8.93224e-06
-9.61259e-06
-1.02195e-05
-1.05834e-05
-1.06341e-05
-1.03765e-05
-9.82592e-06
-9.00918e-06
-7.9732e-06
-6.76718e-06
-5.4506e-06
-4.0913e-06
-2.75281e-06
-1.49339e-06
-3.67532e-07
5.77229e-07
1.30492e-06
1.79366e-06
2.03655e-06
2.04089e-06
1.82739e-06
1.42519e-06
8.71363e-07
2.05486e-07
-5.33544e-07
-6.85496e-06
-6.84395e-06
-6.81492e-06
-6.76782e-06
-6.70376e-06
-6.62608e-06
-6.54039e-06
-6.454e-06
-6.37519e-06
-6.31298e-06
-6.27569e-06
-6.27179e-06
-6.30986e-06
-6.39177e-06
-6.52952e-06
-6.73962e-06
-7.01977e-06
-7.37158e-06
-7.80586e-06
-8.32539e-06
-8.91505e-06
-9.53407e-06
-1.00707e-05
-1.03772e-05
-1.0399e-05
-1.01426e-05
-9.62171e-06
-8.86973e-06
-7.9364e-06
-6.86127e-06
-5.70355e-06
-4.5279e-06
-3.38849e-06
-2.3327e-06
-1.40382e-06
-6.38194e-07
-6.13659e-08
3.13322e-07
4.84492e-07
4.61298e-07
2.62635e-07
-8.80025e-08
-5.61749e-07
-1.12853e-06
-1.75923e-06
-6.40793e-06
-6.42565e-06
-6.42973e-06
-6.42032e-06
-6.39816e-06
-6.36549e-06
-6.32635e-06
-6.28624e-06
-6.25165e-06
-6.2299e-06
-6.22828e-06
-6.25445e-06
-6.31661e-06
-6.42058e-06
-6.57382e-06
-6.78811e-06
-7.06709e-06
-7.41258e-06
-7.82939e-06
-8.31848e-06
-8.86175e-06
-9.41969e-06
-9.88908e-06
-1.01442e-05
-1.01498e-05
-9.91101e-06
-9.43588e-06
-8.77561e-06
-7.96499e-06
-7.03546e-06
-6.05188e-06
-5.07082e-06
-4.13302e-06
-3.27554e-06
-2.53218e-06
-1.92991e-06
-1.48612e-06
-1.20835e-06
-1.09523e-06
-1.13801e-06
-1.32318e-06
-1.62989e-06
-2.03678e-06
-2.52165e-06
-3.06275e-06
-5.88852e-06
-5.93569e-06
-5.97249e-06
-5.99942e-06
-6.01726e-06
-6.02767e-06
-6.03354e-06
-6.03906e-06
-6.04927e-06
-6.07e-06
-6.10752e-06
-6.16849e-06
-6.26026e-06
-6.38858e-06
-6.56016e-06
-6.78388e-06
-7.06487e-06
-7.40486e-06
-7.80469e-06
-8.26395e-06
-8.76251e-06
-9.26459e-06
-9.67616e-06
-9.89463e-06
-9.90332e-06
-9.6952e-06
-9.29404e-06
-8.75249e-06
-8.07199e-06
-7.30303e-06
-6.50733e-06
-5.72475e-06
-4.98416e-06
-4.31471e-06
-3.74279e-06
-3.288e-06
-2.9619e-06
-2.76863e-06
-2.70599e-06
-2.76674e-06
-2.93965e-06
-3.21007e-06
-3.5622e-06
-3.97982e-06
-4.44685e-06
-5.27589e-06
-5.35359e-06
-5.42337e-06
-5.48593e-06
-5.5422e-06
-5.59366e-06
-5.64305e-06
-5.69342e-06
-5.74848e-06
-5.81281e-06
-5.89168e-06
-5.99056e-06
-6.11544e-06
-6.27182e-06
-6.46582e-06
-6.70395e-06
-6.99069e-06
-7.32811e-06
-7.71462e-06
-8.14833e-06
-8.61005e-06
-9.06672e-06
-9.4361e-06
-9.64374e-06
-9.67285e-06
-9.51717e-06
-9.23328e-06
-8.80929e-06
-8.26419e-06
-7.67638e-06
-7.07766e-06
-6.49038e-06
-5.93694e-06
-5.4421e-06
-5.0263e-06
-4.70339e-06
-4.48112e-06
-4.36227e-06
-4.34518e-06
-4.42426e-06
-4.59081e-06
-4.83431e-06
-5.14356e-06
-5.50706e-06
-5.91335e-06
-4.54826e-06
-4.65794e-06
-4.76215e-06
-4.86161e-06
-4.95717e-06
-5.04657e-06
-5.1378e-06
-5.2324e-06
-5.33215e-06
-5.44051e-06
-5.56184e-06
-5.70064e-06
-5.86175e-06
-6.04997e-06
-6.27041e-06
-6.52766e-06
-6.82549e-06
-7.16546e-06
-7.54603e-06
-7.96262e-06
-8.40047e-06
-8.83082e-06
-9.18299e-06
-9.40341e-06
-9.47247e-06
-9.41775e-06
-9.24452e-06
-8.94249e-06
-8.57039e-06
-8.17187e-06
-7.76379e-06
-7.36041e-06
-6.98195e-06
-6.64839e-06
-6.37451e-06
-6.16971e-06
-6.03939e-06
-5.98616e-06
-6.0096e-06
-6.10687e-06
-6.27297e-06
-6.49972e-06
-6.77769e-06
-7.09888e-06
-7.45607e-06
-3.6885e-06
-3.82889e-06
-3.96527e-06
-4.0988e-06
-4.23079e-06
-4.36516e-06
-4.50026e-06
-4.63902e-06
-4.78368e-06
-4.93693e-06
-5.10223e-06
-5.28319e-06
-5.48371e-06
-5.70755e-06
-5.9589e-06
-6.24098e-06
-6.55686e-06
-6.90787e-06
-7.29196e-06
-7.70576e-06
-8.13652e-06
-8.56299e-06
-8.93452e-06
-9.19323e-06
-9.33773e-06
-9.38459e-06
-9.32352e-06
-9.18049e-06
-8.99191e-06
-8.77691e-06
-8.54768e-06
-8.318e-06
-8.1042e-06
-7.92049e-06
-7.77717e-06
-7.68104e-06
-7.63633e-06
-7.64535e-06
-7.70813e-06
-7.82375e-06
-7.99077e-06
-8.20472e-06
-8.4581e-06
-8.74565e-06
-9.06277e-06
-2.71813e-06
-2.88958e-06
-3.05763e-06
-3.22358e-06
-3.39013e-06
-3.56011e-06
-3.73478e-06
-3.9144e-06
-4.10093e-06
-4.2972e-06
-4.50597e-06
-4.7299e-06
-4.97185e-06
-5.23482e-06
-5.52192e-06
-5.83583e-06
-6.17868e-06
-6.5517e-06
-6.95374e-06
-7.38178e-06
-7.82885e-06
-8.28008e-06
-8.69197e-06
-9.02526e-06
-9.26715e-06
-9.41487e-06
-9.49111e-06
-9.51777e-06
-9.50515e-06
-9.46261e-06
-9.402e-06
-9.33576e-06
-9.27508e-06
-9.22937e-06
-9.20603e-06
-9.21075e-06
-9.24775e-06
-9.31912e-06
-9.42604e-06
-9.5675e-06
-9.73947e-06
-9.94036e-06
-1.01718e-05
-1.04319e-05
-1.07158e-05
-1.7183e-06
-1.92146e-06
-2.12432e-06
-2.32577e-06
-2.52627e-06
-2.73068e-06
-2.94341e-06
-3.16422e-06
-3.39302e-06
-3.63184e-06
-3.88331e-06
-4.14967e-06
-4.43318e-06
-4.73619e-06
-5.06116e-06
-5.4103e-06
-5.7854e-06
-6.18774e-06
-6.61699e-06
-7.07212e-06
-7.54911e-06
-8.04017e-06
-8.51018e-06
-8.91638e-06
-9.24824e-06
-9.5168e-06
-9.73477e-06
-9.90711e-06
-1.00388e-05
-1.01395e-05
-1.02198e-05
-1.02886e-05
-1.03532e-05
-1.04203e-05
-1.04957e-05
-1.05839e-05
-1.06882e-05
-1.08106e-05
-1.09523e-05
-1.11149e-05
-1.12993e-05
-1.15048e-05
-1.17292e-05
-1.19712e-05
-1.22296e-05
-8.33774e-07
-1.05983e-06
-1.287e-06
-1.51884e-06
-1.75792e-06
-2.00366e-06
-2.25257e-06
-2.50809e-06
-2.7736e-06
-3.05046e-06
-3.33998e-06
-3.64407e-06
-3.96481e-06
-4.3042e-06
-4.66426e-06
-5.04692e-06
-5.4539e-06
-5.88653e-06
-6.34549e-06
-6.83058e-06
-7.34034e-06
-7.87118e-06
-8.39014e-06
-8.85986e-06
-9.2749e-06
-9.63979e-06
-9.95743e-06
-1.02315e-05
-1.04682e-05
-1.06754e-05
-1.08603e-05
-1.10292e-05
-1.11875e-05
-1.13402e-05
-1.14916e-05
-1.16454e-05
-1.18045e-05
-1.19717e-05
-1.21489e-05
-1.2337e-05
-1.25375e-05
-1.275e-05
-1.29743e-05
-1.32091e-05
-1.34533e-05
-1.78003e-07
-4.26502e-07
-6.79088e-07
-9.36579e-07
-1.19946e-06
-1.46814e-06
-1.74319e-06
-2.02707e-06
-2.32174e-06
-2.62815e-06
-2.94748e-06
-3.28142e-06
-3.63173e-06
-4.00009e-06
-4.38823e-06
-4.79788e-06
-5.23063e-06
-5.68791e-06
-6.17076e-06
-6.67967e-06
-7.21442e-06
-7.77332e-06
-8.32808e-06
-8.84436e-06
-9.3141e-06
-9.73845e-06
-1.012e-05
-1.04629e-05
-1.07724e-05
-1.10535e-05
-1.13115e-05
-1.15509e-05
-1.17759e-05
-1.19901e-05
-1.2197e-05
-1.23997e-05
-1.26009e-05
-1.28027e-05
-1.30068e-05
-1.32141e-05
-1.34257e-05
-1.36426e-05
-1.38649e-05
-1.4092e-05
-1.43238e-05
3.00737e-07
3.53269e-08
-2.35369e-07
-5.11017e-07
-7.93562e-07
-1.08329e-06
-1.3816e-06
-1.68979e-06
-2.00885e-06
-2.33974e-06
-2.68369e-06
-3.04205e-06
-3.41623e-06
-3.80768e-06
-4.21787e-06
-4.64831e-06
-5.10047e-06
-5.57569e-06
-6.07515e-06
-6.59965e-06
-7.14958e-06
-7.7247e-06
-8.29967e-06
-8.84143e-06
-9.34165e-06
-9.80183e-06
-1.02245e-05
-1.06131e-05
-1.0971e-05
-1.13021e-05
-1.161e-05
-1.18982e-05
-1.21697e-05
-1.24276e-05
-1.26744e-05
-1.29127e-05
-1.31445e-05
-1.33717e-05
-1.35956e-05
-1.38176e-05
-1.4039e-05
-1.42607e-05
-1.4483e-05
-1.47061e-05
-1.49303e-05
6.40425e-07
3.60613e-07
7.46369e-08
-2.18912e-07
-5.19559e-07
-8.28466e-07
-1.14664e-06
-1.47484e-06
-1.81387e-06
-2.16467e-06
-2.52828e-06
-2.90578e-06
-3.29831e-06
-3.70708e-06
-4.13334e-06
-4.57835e-06
-5.0434e-06
-5.52968e-06
-6.03832e-06
-6.5702e-06
-7.12601e-06
-7.70592e-06
-8.28693e-06
-8.83872e-06
-9.35399e-06
-9.83429e-06
-1.02816e-05
-1.06983e-05
-1.10871e-05
-1.14507e-05
-1.17918e-05
-1.21129e-05
-1.24165e-05
-1.27048e-05
-1.29799e-05
-1.32437e-05
-1.34979e-05
-1.37441e-05
-1.39835e-05
-1.42176e-05
-1.44479e-05
-1.46746e-05
-1.48986e-05
-1.51202e-05
-1.53401e-05
8.68288e-07
5.74961e-07
2.74671e-07
-3.32007e-08
-3.49262e-07
-6.74148e-07
-1.00845e-06
-1.35278e-06
-1.70785e-06
-2.07442e-06
-2.45328e-06
-2.8453e-06
-3.2514e-06
-3.67256e-06
-4.10977e-06
-4.56408e-06
-5.03653e-06
-5.52812e-06
-6.03986e-06
-6.57254e-06
-7.12686e-06
-7.70304e-06
-8.2806e-06
-8.83259e-06
-9.35261e-06
-9.84193e-06
-1.0302e-05
-1.07347e-05
-1.1142e-05
-1.15259e-05
-1.18883e-05
-1.22312e-05
-1.25564e-05
-1.28657e-05
-1.31606e-05
-1.34428e-05
-1.37136e-05
-1.39744e-05
-1.42262e-05
-1.447e-05
-1.47075e-05
-1.49391e-05
-1.51655e-05
-1.53872e-05
-1.5605e-05
1.01343e-06
7.08484e-07
3.96202e-07
7.58072e-08
-2.53234e-07
-5.91281e-07
-9.38758e-07
-1.29616e-06
-1.66402e-06
-2.0429e-06
-2.43342e-06
-2.83625e-06
-3.25211e-06
-3.68172e-06
-4.12588e-06
-4.58538e-06
-5.06107e-06
-5.55373e-06
-6.06417e-06
-6.59303e-06
-7.14093e-06
-7.70804e-06
-8.27636e-06
-8.82236e-06
-9.34037e-06
-9.83135e-06
-1.02964e-05
-1.07369e-05
-1.11543e-05
-1.15501e-05
-1.19258e-05
-1.22827e-05
-1.26223e-05
-1.29459e-05
-1.32547e-05
-1.355e-05
-1.3833e-05
-1.41048e-05
-1.43669e-05
-1.46182e-05
-1.48619e-05
-1.5098e-05
-1.53271e-05
-1.55501e-05
-1.57676e-05
1.10087e-06
7.86113e-07
4.63313e-07
1.32045e-07
-2.07901e-07
-5.5683e-07
-9.15078e-07
-1.28299e-06
-1.66095e-06
-2.04936e-06
-2.4487e-06
-2.85942e-06
-3.28207e-06
-3.71717e-06
-4.16532e-06
-4.62709e-06
-5.10313e-06
-5.59398e-06
-6.1003e-06
-6.62253e-06
-7.16119e-06
-7.71633e-06
-8.27228e-06
-8.80876e-06
-9.32076e-06
-9.80891e-06
-1.0274e-05
-1.07171e-05
-1.11393e-05
-1.15416e-05
-1.19251e-05
-1.22909e-05
-1.26399e-05
-1.29732e-05
-1.32918e-05
-1.35966e-05
-1.38884e-05
-1.41681e-05
-1.44364e-05
-1.46958e-05
-1.49452e-05
-1.51856e-05
-1.54179e-05
-1.5643e-05
-1.58615e-05
1.14953e-06
8.26048e-07
4.94231e-07
1.53876e-07
-1.95155e-07
-5.53072e-07
-9.2009e-07
-1.29644e-06
-1.68237e-06
-2.07816e-06
-2.48411e-06
-2.90056e-06
-3.32785e-06
-3.76636e-06
-4.21647e-06
-4.67859e-06
-5.15316e-06
-5.64055e-06
-6.14121e-06
-6.65542e-06
-7.18358e-06
-7.72558e-06
-8.26791e-06
-8.79329e-06
-9.29724e-06
-9.7801e-06
-1.02424e-05
-1.0685e-05
-1.11087e-05
-1.1514e-05
-1.19019e-05
-1.22731e-05
-1.26283e-05
-1.29682e-05
-1.32937e-05
-1.36053e-05
-1.39039e-05
-1.419e-05
-1.44645e-05
-1.4729e-05
-1.49831e-05
-1.52275e-05
-1.54632e-05
-1.56909e-05
-1.59113e-05
1.1735e-06
8.42384e-07
5.02913e-07
1.54902e-07
-2.01736e-07
-5.67101e-07
-9.41306e-07
-1.32448e-06
-1.71676e-06
-2.11832e-06
-2.52932e-06
-2.94995e-06
-3.38042e-06
-3.82094e-06
-4.27177e-06
-4.73311e-06
-5.20524e-06
-5.68837e-06
-6.18278e-06
-6.68856e-06
-7.206e-06
-7.73485e-06
-8.26354e-06
-8.77746e-06
-9.2726e-06
-9.74906e-06
-1.02072e-05
-1.06477e-05
-1.10708e-05
-1.14772e-05
-1.18674e-05
-1.22418e-05
-1.26009e-05
-1.29454e-05
-1.32757e-05
-1.35924e-05
-1.38961e-05
-1.41873e-05
-1.44668e-05
-1.47355e-05
-1.49936e-05
-1.52418e-05
-1.54807e-05
-1.57112e-05
-1.59339e-05
1.18261e-06
8.45063e-07
4.99041e-07
1.44496e-07
-2.18572e-07
-5.90178e-07
-9.70355e-07
-1.35914e-06
-1.75659e-06
-2.16274e-06
-2.57767e-06
-3.00145e-06
-3.43415e-06
-3.87585e-06
-4.32667e-06
-4.78667e-06
-5.25598e-06
-5.73464e-06
-6.22278e-06
-6.72034e-06
-7.22751e-06
-7.74385e-06
-8.25958e-06
-8.76244e-06
-9.24881e-06
-9.7186e-06
-1.01721e-05
-1.06095e-05
-1.10312e-05
-1.14375e-05
-1.18286e-05
-1.22048e-05
-1.25666e-05
-1.29142e-05
-1.32481e-05
-1.35686e-05
-1.38762e-05
-1.41715e-05
-1.44549e-05
-1.47272e-05
-1.49889e-05
-1.52404e-05
-1.54824e-05
-1.57156e-05
-1.59408e-05
1.18375e-06
8.40581e-07
4.88889e-07
1.28714e-07
-2.39854e-07
-6.16769e-07
-1.00199e-06
-1.39549e-06
-1.79722e-06
-2.20715e-06
-2.62525e-06
-3.05148e-06
-3.48582e-06
-3.92823e-06
-4.37868e-06
-4.83714e-06
-5.30358e-06
-5.77791e-06
-6.26013e-06
-6.75004e-06
-7.24769e-06
-7.75253e-06
-8.25634e-06
-8.74891e-06
-9.22698e-06
-9.69033e-06
-1.01391e-05
-1.05733e-05
-1.09931e-05
-1.13986e-05
-1.17899e-05
-1.21672e-05
-1.25307e-05
-1.28806e-05
-1.32171e-05
-1.35406e-05
-1.38513e-05
-1.41498e-05
-1.44365e-05
-1.47118e-05
-1.49766e-05
-1.52311e-05
-1.54758e-05
-1.57116e-05
-1.59392e-05
1.181e-06
8.32939e-07
4.763e-07
1.11227e-07
-2.62105e-07
-6.43602e-07
-1.03316e-06
-1.43069e-06
-1.83607e-06
-2.24919e-06
-2.66993e-06
-3.09817e-06
-3.53379e-06
-3.97665e-06
-4.42662e-06
-4.88353e-06
-5.34726e-06
-5.8176e-06
-6.2944e-06
-6.77736e-06
-7.26641e-06
-7.76088e-06
-8.25393e-06
-8.73716e-06
-9.20763e-06
-9.66502e-06
-1.01093e-05
-1.05403e-05
-1.09581e-05
-1.13626e-05
-1.17538e-05
-1.21317e-05
-1.24964e-05
-1.28479e-05
-1.31865e-05
-1.35123e-05
-1.38256e-05
-1.41267e-05
-1.44161e-05
-1.4694e-05
-1.49614e-05
-1.52185e-05
-1.54656e-05
-1.57038e-05
-1.59337e-05
1.17681e-06
8.24455e-07
4.63469e-07
9.40905e-08
-2.83416e-07
-6.68918e-07
-1.06227e-06
-1.4633e-06
-1.87184e-06
-2.28772e-06
-2.71073e-06
-3.14069e-06
-3.57737e-06
-4.02056e-06
-4.47003e-06
-4.92552e-06
-5.38679e-06
-5.85353e-06
-6.32549e-06
-6.80224e-06
-7.28363e-06
-7.76887e-06
-8.25233e-06
-8.72721e-06
-9.19086e-06
-9.64285e-06
-1.0083e-05
-1.05111e-05
-1.0927e-05
-1.13304e-05
-1.17213e-05
-1.20996e-05
-1.24651e-05
-1.2818e-05
-1.31582e-05
-1.34859e-05
-1.38013e-05
-1.41046e-05
-1.43961e-05
-1.46762e-05
-1.4946e-05
-1.52053e-05
-1.54546e-05
-1.56948e-05
-1.59267e-05
1.17259e-06
8.16358e-07
4.51526e-07
7.8329e-08
-3.02868e-07
-6.91909e-07
-1.0886e-06
-1.49272e-06
-1.90406e-06
-2.32236e-06
-2.74737e-06
-3.17883e-06
-3.61645e-06
-4.05992e-06
-4.50894e-06
-4.96317e-06
-5.42226e-06
-5.88582e-06
-6.35349e-06
-6.82476e-06
-7.29937e-06
-7.77645e-06
-8.25142e-06
-8.71889e-06
-9.17649e-06
-9.6237e-06
-1.00602e-05
-1.04857e-05
-1.08998e-05
-1.13022e-05
-1.16928e-05
-1.20713e-05
-1.24375e-05
-1.27914e-05
-1.3133e-05
-1.34622e-05
-1.37794e-05
-1.40846e-05
-1.43779e-05
-1.466e-05
-1.49317e-05
-1.5193e-05
-1.54441e-05
-1.56861e-05
-1.59198e-05
1.16896e-06
8.09206e-07
4.40952e-07
6.43584e-08
-3.20116e-07
-7.12299e-07
-1.11196e-06
-1.51883e-06
-1.93264e-06
-2.3531e-06
-2.7799e-06
-3.2127e-06
-3.65116e-06
-4.0949e-06
-4.54354e-06
-4.99667e-06
-5.45386e-06
-5.91463e-06
-6.37854e-06
-6.84501e-06
-7.31366e-06
-7.78356e-06
-8.25106e-06
-8.71201e-06
-9.16429e-06
-9.60729e-06
-1.00406e-05
-1.04637e-05
-1.08762e-05
-1.12778e-05
-1.1668e-05
-1.20467e-05
-1.24135e-05
-1.27683e-05
-1.3111e-05
-1.34417e-05
-1.37603e-05
-1.40671e-05
-1.43619e-05
-1.46459e-05
-1.49191e-05
-1.5182e-05
-1.54347e-05
-1.56783e-05
-1.59135e-05
1.16605e-06
8.03178e-07
4.31868e-07
5.22772e-08
-3.35102e-07
-7.30074e-07
-1.13237e-06
-1.54168e-06
-1.9577e-06
-2.38009e-06
-2.80848e-06
-3.24249e-06
-3.68171e-06
-4.12572e-06
-4.57406e-06
-5.02625e-06
-5.4818e-06
-5.94015e-06
-6.4008e-06
-6.86307e-06
-7.32653e-06
-7.79014e-06
-8.25109e-06
-8.70633e-06
-9.15397e-06
-9.5933e-06
-1.00238e-05
-1.04449e-05
-1.0856e-05
-1.12568e-05
-1.16468e-05
-1.20256e-05
-1.23929e-05
-1.27485e-05
-1.30923e-05
-1.34241e-05
-1.3744e-05
-1.40521e-05
-1.43483e-05
-1.46338e-05
-1.49085e-05
-1.51727e-05
-1.54268e-05
-1.56717e-05
-1.59082e-05
1.16383e-06
7.98208e-07
4.24166e-07
4.19155e-08
-3.48056e-07
-7.45517e-07
-1.15016e-06
-1.56167e-06
-1.97967e-06
-2.40378e-06
-2.83361e-06
-3.26872e-06
-3.70865e-06
-4.15293e-06
-4.60104e-06
-5.05245e-06
-5.50659e-06
-5.96286e-06
-6.42067e-06
-6.87928e-06
-7.33818e-06
-7.79626e-06
-8.25141e-06
-8.7016e-06
-9.14515e-06
-9.58126e-06
-1.00093e-05
-1.04286e-05
-1.08386e-05
-1.12388e-05
-1.16285e-05
-1.20075e-05
-1.23753e-05
-1.27316e-05
-1.30763e-05
-1.34091e-05
-1.37301e-05
-1.40395e-05
-1.43369e-05
-1.46236e-05
-1.48996e-05
-1.51649e-05
-1.54201e-05
-1.56662e-05
-1.59038e-05
1.16218e-06
7.93985e-07
4.17366e-07
3.26091e-08
-3.59812e-07
-7.59628e-07
-1.16651e-06
-1.58008e-06
-1.99996e-06
-2.42572e-06
-2.85692e-06
-3.29309e-06
-3.73372e-06
-4.17828e-06
-4.62623e-06
-5.07694e-06
-5.52982e-06
-5.98418e-06
-6.43937e-06
-6.89461e-06
-7.34931e-06
-7.80225e-06
-8.25197e-06
-8.69744e-06
-9.1372e-06
-9.57034e-06
-9.99612e-06
-1.04138e-05
-1.08228e-05
-1.12224e-05
-1.1612e-05
-1.19911e-05
-1.23594e-05
-1.27164e-05
-1.30619e-05
-1.33957e-05
-1.37178e-05
-1.40283e-05
-1.43268e-05
-1.46146e-05
-1.48918e-05
-1.51582e-05
-1.54144e-05
-1.56614e-05
-1.59e-05
1.16096e-06
7.9023e-07
4.11087e-07
2.38584e-08
-3.70971e-07
-7.73105e-07
-1.18218e-06
-1.59779e-06
-2.01952e-06
-2.44691e-06
-2.87948e-06
-3.31669e-06
-3.75801e-06
-4.20285e-06
-4.65058e-06
-5.10056e-06
-5.55214e-06
-6.00457e-06
-6.45718e-06
-6.90911e-06
-7.35976e-06
-7.80786e-06
-8.25265e-06
-8.69391e-06
-9.13019e-06
-9.56055e-06
-9.9842e-06
-1.04004e-05
-1.08083e-05
-1.12073e-05
-1.15968e-05
-1.19761e-05
-1.23448e-05
-1.27024e-05
-1.30487e-05
-1.33834e-05
-1.37065e-05
-1.4018e-05
-1.43176e-05
-1.46065e-05
-1.48847e-05
-1.51521e-05
-1.54094e-05
-1.56574e-05
-1.58969e-05
-9.91267e-07
-6.94577e-06
-7.8857e-06
-8.44756e-06
-9.20132e-06
-1.00919e-05
-1.10941e-05
-1.21951e-05
-1.33906e-05
-1.4683e-05
-1.60798e-05
-1.75923e-05
-1.92358e-05
-2.10313e-05
-2.30015e-05
1.41113e-06
-4.13733e-06
-6.33278e-06
-7.64839e-06
-8.77247e-06
-9.84605e-06
-1.0946e-05
-1.21039e-05
-1.33339e-05
-1.46477e-05
-1.60572e-05
-1.75767e-05
-1.92231e-05
-2.10182e-05
-2.29854e-05
2.83895e-06
-2.28106e-06
-5.13488e-06
-6.93593e-06
-8.35147e-06
-9.59674e-06
-1.07955e-05
-1.2012e-05
-1.32776e-05
-1.46132e-05
-1.60356e-05
-1.75618e-05
-1.92106e-05
-2.10048e-05
-2.29684e-05
3.32184e-06
-1.12226e-06
-4.18047e-06
-6.29218e-06
-7.93877e-06
-9.34362e-06
-1.06428e-05
-1.19204e-05
-1.32232e-05
-1.45811e-05
-1.60163e-05
-1.75489e-05
-1.91996e-05
-2.09923e-05
-2.29516e-05
3.37736e-06
-2.50084e-07
-3.28505e-06
-5.61648e-06
-7.47575e-06
-9.04699e-06
-1.0461e-05
-1.1812e-05
-1.31601e-05
-1.4545e-05
-1.59955e-05
-1.75355e-05
-1.91883e-05
-2.09791e-05
-2.29334e-05
3.31886e-06
3.12142e-07
-2.51558e-06
-4.93025e-06
-6.95462e-06
-8.68703e-06
-1.02287e-05
-1.16691e-05
-1.30756e-05
-1.44966e-05
-1.59678e-05
-1.75184e-05
-1.91746e-05
-2.09637e-05
-2.29124e-05
3.08902e-06
5.89038e-07
-1.94833e-06
-4.31188e-06
-6.41695e-06
-8.27484e-06
-9.93947e-06
-1.14789e-05
-1.29568e-05
-1.44252e-05
-1.59255e-05
-1.74918e-05
-1.91545e-05
-2.09432e-05
-2.28864e-05
2.67694e-06
5.95916e-07
-1.62696e-06
-3.83981e-06
-5.93001e-06
-7.85126e-06
-9.60963e-06
-1.12419e-05
-1.27964e-05
-1.43213e-05
-1.58595e-05
-1.74485e-05
-1.91222e-05
-2.09132e-05
-2.28518e-05
2.10824e-06
3.67373e-07
-1.55496e-06
-3.56318e-06
-5.55873e-06
-7.47269e-06
-9.27675e-06
-1.09767e-05
-1.25996e-05
-1.41823e-05
-1.57637e-05
-1.73814e-05
-1.9071e-05
-2.08675e-05
-2.28029e-05
1.40822e-06
-5.79622e-08
-1.71161e-06
-3.49845e-06
-5.34744e-06
-7.19194e-06
-8.98737e-06
-1.07165e-05
-1.23856e-05
-1.40164e-05
-1.56389e-05
-1.72869e-05
-1.89954e-05
-2.07997e-05
-2.27332e-05
5.95164e-07
-6.47868e-07
-2.06879e-06
-3.64013e-06
-5.31697e-06
-7.04696e-06
-8.78424e-06
-1.04995e-05
-1.21829e-05
-1.38413e-05
-1.54941e-05
-1.71675e-05
-1.88935e-05
-2.07052e-05
-2.26359e-05
-3.20545e-07
-1.38021e-06
-2.60179e-06
-3.97403e-06
-5.47193e-06
-7.06005e-06
-8.70026e-06
-1.03609e-05
-1.20229e-05
-1.36816e-05
-1.53454e-05
-1.70319e-05
-1.8768e-05
-2.05822e-05
-2.25058e-05
-1.33466e-06
-2.24191e-06
-3.29306e-06
-4.48616e-06
-5.80968e-06
-7.2429e-06
-8.75891e-06
-1.03306e-05
-1.19362e-05
-1.3564e-05
-1.52133e-05
-1.68936e-05
-1.86264e-05
-2.04323e-05
-2.23394e-05
-2.44619e-06
-3.22573e-06
-4.13114e-06
-5.16543e-06
-6.32538e-06
-7.60127e-06
-8.97691e-06
-1.04333e-05
-1.19506e-05
-1.35162e-05
-1.51216e-05
-1.67688e-05
-1.84793e-05
-2.02605e-05
-2.21356e-05
-3.65466e-06
-4.32683e-06
-5.10775e-06
-6.00269e-06
-7.01315e-06
-8.13644e-06
-9.36521e-06
-1.06882e-05
-1.20919e-05
-1.3564e-05
-1.50947e-05
-1.66818e-05
-1.83384e-05
-2.00715e-05
-2.18952e-05
-4.95945e-06
-5.54118e-06
-6.21584e-06
-6.98934e-06
-7.86539e-06
-8.84536e-06
-9.92784e-06
-1.1108e-05
-1.2379e-05
-1.3732e-05
-1.51587e-05
-1.66588e-05
-1.82229e-05
-1.98731e-05
-2.16202e-05
-6.35991e-06
-6.86536e-06
-7.44914e-06
-8.11687e-06
-8.873e-06
-9.72075e-06
-1.06621e-05
-1.16969e-05
-1.28228e-05
-1.40369e-05
-1.53324e-05
-1.67087e-05
-1.81619e-05
-1.96865e-05
-2.13141e-05
-7.84814e-06
-8.28959e-06
-8.79574e-06
-9.37146e-06
-1.00209e-05
-1.07479e-05
-1.15558e-05
-1.2447e-05
-1.34226e-05
-1.44824e-05
-1.56256e-05
-1.68481e-05
-1.81566e-05
-1.95355e-05
-2.09965e-05
-9.40905e-06
-9.79561e-06
-1.02343e-05
-1.07289e-05
-1.12829e-05
-1.18996e-05
-1.25824e-05
-1.33347e-05
-1.41592e-05
-1.5058e-05
-1.6032e-05
-1.70821e-05
-1.82076e-05
-1.94102e-05
-2.06845e-05
-1.10224e-05
-1.13598e-05
-1.17371e-05
-1.21576e-05
-1.26236e-05
-1.31378e-05
-1.37029e-05
-1.43218e-05
-1.49978e-05
-1.57336e-05
-1.65316e-05
-1.73936e-05
-1.83213e-05
-1.93162e-05
-2.03771e-05
-1.25048e-05
-1.28032e-05
-1.31309e-05
-1.34899e-05
-1.38818e-05
-1.43081e-05
-1.47711e-05
-1.52731e-05
-1.58166e-05
-1.64043e-05
-1.70389e-05
-1.77229e-05
-1.84589e-05
-1.92494e-05
-2.0096e-05
-1.3708e-05
-1.39783e-05
-1.42681e-05
-1.4579e-05
-1.4912e-05
-1.52686e-05
-1.56503e-05
-1.60587e-05
-1.64961e-05
-1.69645e-05
-1.74666e-05
-1.80049e-05
-1.85826e-05
-1.92028e-05
-1.98684e-05
-1.45616e-05
-1.48095e-05
-1.50704e-05
-1.5345e-05
-1.56344e-05
-1.59396e-05
-1.62618e-05
-1.66023e-05
-1.69628e-05
-1.73451e-05
-1.77516e-05
-1.81849e-05
-1.8648e-05
-1.91447e-05
-1.96788e-05
-1.5157e-05
-1.53894e-05
-1.56296e-05
-1.58782e-05
-1.61362e-05
-1.64044e-05
-1.66838e-05
-1.69755e-05
-1.7281e-05
-1.76021e-05
-1.79408e-05
-1.82996e-05
-1.86816e-05
-1.90909e-05
-1.95315e-05
-1.55596e-05
-1.57813e-05
-1.6007e-05
-1.62373e-05
-1.6473e-05
-1.6715e-05
-1.69641e-05
-1.72215e-05
-1.74886e-05
-1.7767e-05
-1.80587e-05
-1.83662e-05
-1.86926e-05
-1.90417e-05
-1.94177e-05
-1.58202e-05
-1.60351e-05
-1.62512e-05
-1.64692e-05
-1.66898e-05
-1.69139e-05
-1.71426e-05
-1.73768e-05
-1.76181e-05
-1.78678e-05
-1.81281e-05
-1.84013e-05
-1.86904e-05
-1.89991e-05
-1.93315e-05
-1.59809e-05
-1.61921e-05
-1.64026e-05
-1.66129e-05
-1.68241e-05
-1.70369e-05
-1.72524e-05
-1.74718e-05
-1.76963e-05
-1.79275e-05
-1.81675e-05
-1.84184e-05
-1.86831e-05
-1.89652e-05
-1.92683e-05
-1.60748e-05
-1.62846e-05
-1.64922e-05
-1.66985e-05
-1.69042e-05
-1.71104e-05
-1.73181e-05
-1.75283e-05
-1.77426e-05
-1.79624e-05
-1.81896e-05
-1.84264e-05
-1.86755e-05
-1.89402e-05
-1.92235e-05
-1.61256e-05
-1.63356e-05
-1.65425e-05
-1.6747e-05
-1.69502e-05
-1.71529e-05
-1.73563e-05
-1.75615e-05
-1.77699e-05
-1.79829e-05
-1.82025e-05
-1.84306e-05
-1.86697e-05
-1.89228e-05
-1.91927e-05
-1.615e-05
-1.63612e-05
-1.65686e-05
-1.6773e-05
-1.69754e-05
-1.71768e-05
-1.73782e-05
-1.75809e-05
-1.77862e-05
-1.79955e-05
-1.82106e-05
-1.84333e-05
-1.86661e-05
-1.89115e-05
-1.9172e-05
-1.61591e-05
-1.6372e-05
-1.65805e-05
-1.67857e-05
-1.69884e-05
-1.71897e-05
-1.73906e-05
-1.75923e-05
-1.77962e-05
-1.80036e-05
-1.82163e-05
-1.84358e-05
-1.86645e-05
-1.89044e-05
-1.91582e-05
-1.61597e-05
-1.63745e-05
-1.65846e-05
-1.6791e-05
-1.69946e-05
-1.71964e-05
-1.73976e-05
-1.75993e-05
-1.78028e-05
-1.80094e-05
-1.82206e-05
-1.84382e-05
-1.86641e-05
-1.89001e-05
-1.91487e-05
-1.61563e-05
-1.6373e-05
-1.65847e-05
-1.67924e-05
-1.69971e-05
-1.71999e-05
-1.74017e-05
-1.76038e-05
-1.78073e-05
-1.80136e-05
-1.82242e-05
-1.84405e-05
-1.86643e-05
-1.88973e-05
-1.91417e-05
-1.61513e-05
-1.63697e-05
-1.65829e-05
-1.6792e-05
-1.69979e-05
-1.72016e-05
-1.74042e-05
-1.76068e-05
-1.78106e-05
-1.80169e-05
-1.82271e-05
-1.84425e-05
-1.86648e-05
-1.88953e-05
-1.91362e-05
-1.61461e-05
-1.6366e-05
-1.65806e-05
-1.67909e-05
-1.69979e-05
-1.72025e-05
-1.74058e-05
-1.7609e-05
-1.78132e-05
-1.80196e-05
-1.82295e-05
-1.84442e-05
-1.86651e-05
-1.88936e-05
-1.91314e-05
-1.61413e-05
-1.63626e-05
-1.65784e-05
-1.67897e-05
-1.69976e-05
-1.7203e-05
-1.7407e-05
-1.76107e-05
-1.78152e-05
-1.80217e-05
-1.82314e-05
-1.84455e-05
-1.86653e-05
-1.88919e-05
-1.91271e-05
-1.61372e-05
-1.63596e-05
-1.65764e-05
-1.67887e-05
-1.69973e-05
-1.72034e-05
-1.74079e-05
-1.76121e-05
-1.78169e-05
-1.80234e-05
-1.82329e-05
-1.84464e-05
-1.86652e-05
-1.88902e-05
-1.91229e-05
-1.61338e-05
-1.63572e-05
-1.65749e-05
-1.67879e-05
-1.69972e-05
-1.72038e-05
-1.74088e-05
-1.76132e-05
-1.78182e-05
-1.80248e-05
-1.82341e-05
-1.84471e-05
-1.86649e-05
-1.88884e-05
-1.91189e-05
-1.6131e-05
-1.63552e-05
-1.65736e-05
-1.67873e-05
-1.69971e-05
-1.72042e-05
-1.74096e-05
-1.76143e-05
-1.78194e-05
-1.8026e-05
-1.8235e-05
-1.84474e-05
-1.86643e-05
-1.88864e-05
-1.91148e-05
-1.61287e-05
-1.63537e-05
-1.65727e-05
-1.67869e-05
-1.69972e-05
-1.72047e-05
-1.74103e-05
-1.76153e-05
-1.78205e-05
-1.8027e-05
-1.82357e-05
-1.84476e-05
-1.86637e-05
-1.88844e-05
-1.91108e-05
-6.91749e-06
-6.92008e-06
-6.92914e-06
-6.9437e-06
-6.96258e-06
-6.98536e-06
-7.0116e-06
-7.04099e-06
-7.07331e-06
-7.10837e-06
-7.14607e-06
-7.18627e-06
-7.22881e-06
-7.27348e-06
-7.31996e-06
-7.36778e-06
-7.41626e-06
-7.46443e-06
-7.51087e-06
-7.55351e-06
-7.58961e-06
-7.61562e-06
-7.62479e-06
-7.60924e-06
-7.56298e-06
-7.48064e-06
-7.35742e-06
-7.19038e-06
-6.97976e-06
-6.72893e-06
-6.43974e-06
-6.11865e-06
-5.78617e-06
-5.4599e-06
-5.1577e-06
-4.89611e-06
-4.68859e-06
-4.54412e-06
-4.46427e-06
-4.4427e-06
-4.46629e-06
-4.51749e-06
-4.57747e-06
-4.62758e-06
-4.65195e-06
-6.90342e-06
-6.90664e-06
-6.91413e-06
-6.92546e-06
-6.94045e-06
-6.95869e-06
-6.97993e-06
-7.00397e-06
-7.03067e-06
-7.05988e-06
-7.09149e-06
-7.12536e-06
-7.16136e-06
-7.1993e-06
-7.23892e-06
-7.27985e-06
-7.32153e-06
-7.36317e-06
-7.40352e-06
-7.44069e-06
-7.47194e-06
-7.49335e-06
-7.49787e-06
-7.47855e-06
-7.43033e-06
-7.34848e-06
-7.22905e-06
-7.06971e-06
-6.87017e-06
-6.6323e-06
-6.36218e-06
-6.07374e-06
-5.77835e-06
-5.48891e-06
-5.22096e-06
-4.99015e-06
-4.80889e-06
-4.6831e-06
-4.61192e-06
-4.58829e-06
-4.60051e-06
-4.63467e-06
-4.67732e-06
-4.71823e-06
-4.75118e-06
-6.87815e-06
-6.88375e-06
-6.89208e-06
-6.90332e-06
-6.91743e-06
-6.93425e-06
-6.95364e-06
-6.97554e-06
-6.99988e-06
-7.02659e-06
-7.05562e-06
-7.08693e-06
-7.12046e-06
-7.15613e-06
-7.19387e-06
-7.23358e-06
-7.27508e-06
-7.31813e-06
-7.36225e-06
-7.40654e-06
-7.44939e-06
-7.48783e-06
-7.51449e-06
-7.5209e-06
-7.5001e-06
-7.4452e-06
-7.35005e-06
-7.2105e-06
-7.02524e-06
-6.79613e-06
-6.52822e-06
-6.23336e-06
-5.92611e-06
-5.62257e-06
-5.34002e-06
-5.09478e-06
-4.89969e-06
-4.76192e-06
-4.68182e-06
-4.65321e-06
-4.66493e-06
-4.70311e-06
-4.7539e-06
-4.80854e-06
-4.86615e-06
-6.84555e-06
-6.854e-06
-6.86367e-06
-6.8753e-06
-6.8892e-06
-6.90534e-06
-6.92372e-06
-6.94437e-06
-6.96733e-06
-6.99266e-06
-7.02042e-06
-7.05067e-06
-7.08352e-06
-7.11912e-06
-7.15769e-06
-7.19959e-06
-7.24532e-06
-7.29558e-06
-7.35122e-06
-7.41307e-06
-7.48159e-06
-7.55557e-06
-7.62646e-06
-7.68155e-06
-7.70973e-06
-7.69999e-06
-7.64233e-06
-7.53049e-06
-7.36215e-06
-7.13944e-06
-6.86831e-06
-6.55979e-06
-6.22945e-06
-5.89534e-06
-5.57705e-06
-5.29363e-06
-5.06111e-06
-4.89006e-06
-4.78392e-06
-4.73867e-06
-4.74397e-06
-4.78517e-06
-4.84641e-06
-4.9181e-06
-5.00116e-06
-6.80922e-06
-6.82067e-06
-6.83193e-06
-6.84432e-06
-6.8585e-06
-6.87456e-06
-6.89261e-06
-6.91282e-06
-6.93534e-06
-6.96035e-06
-6.98805e-06
-7.01866e-06
-7.05249e-06
-7.08999e-06
-7.13179e-06
-7.17887e-06
-7.23265e-06
-7.29515e-06
-7.36907e-06
-7.45769e-06
-7.56438e-06
-7.69058e-06
-7.82584e-06
-7.95025e-06
-8.04622e-06
-8.0968e-06
-8.08733e-06
-8.01123e-06
-7.86594e-06
-7.65322e-06
-7.37801e-06
-7.05214e-06
-6.69097e-06
-6.31399e-06
-5.94322e-06
-5.60138e-06
-5.30932e-06
-5.08315e-06
-4.93158e-06
-4.85448e-06
-4.84313e-06
-4.88183e-06
-4.95159e-06
-5.04049e-06
-5.14978e-06
-6.77205e-06
-6.78623e-06
-6.79908e-06
-6.81241e-06
-6.82717e-06
-6.84356e-06
-6.86181e-06
-6.88221e-06
-6.90503e-06
-6.9306e-06
-6.95925e-06
-6.99139e-06
-7.02757e-06
-7.06857e-06
-7.11552e-06
-7.17012e-06
-7.23488e-06
-7.31342e-06
-7.41068e-06
-7.53292e-06
-7.68699e-06
-7.87768e-06
-8.09188e-06
-8.29943e-06
-8.4739e-06
-8.5917e-06
-8.63847e-06
-8.60612e-06
-8.49023e-06
-8.29341e-06
-8.01723e-06
-7.67409e-06
-7.27988e-06
-6.85463e-06
-6.42213e-06
-6.0087e-06
-5.64082e-06
-5.34164e-06
-5.12714e-06
-5.003e-06
-4.96342e-06
-4.99207e-06
-5.06635e-06
-5.17128e-06
-5.30791e-06
-6.73588e-06
-6.75242e-06
-6.76674e-06
-6.78102e-06
-6.79649e-06
-6.81345e-06
-6.83221e-06
-6.85317e-06
-6.87677e-06
-6.90344e-06
-6.93368e-06
-6.96808e-06
-7.00746e-06
-7.05293e-06
-7.10615e-06
-7.16959e-06
-7.24692e-06
-7.34348e-06
-7.46671e-06
-7.62608e-06
-7.83221e-06
-8.09355e-06
-8.39358e-06
-8.68922e-06
-8.94438e-06
-9.13576e-06
-9.24814e-06
-9.26594e-06
-9.18165e-06
-8.99567e-06
-8.72001e-06
-8.36366e-06
-7.94064e-06
-7.47008e-06
-6.97628e-06
-6.48822e-06
-6.03756e-06
-5.65495e-06
-5.36494e-06
-5.18084e-06
-5.10162e-06
-5.11152e-06
-5.18478e-06
-5.30322e-06
-5.4674e-06
-6.70197e-06
-6.72046e-06
-6.73605e-06
-6.75124e-06
-6.76745e-06
-6.78505e-06
-6.80444e-06
-6.82616e-06
-6.85075e-06
-6.87877e-06
-6.91087e-06
-6.94784e-06
-6.99073e-06
-7.04102e-06
-7.10085e-06
-7.17344e-06
-7.26363e-06
-7.37847e-06
-7.52793e-06
-7.72488e-06
-7.9836e-06
-8.31635e-06
-8.70323e-06
-9.08799e-06
-9.42583e-06
-9.68814e-06
-9.85318e-06
-9.90854e-06
-9.85116e-06
-9.6833e-06
-9.41316e-06
-9.04965e-06
-8.60562e-06
-8.09859e-06
-7.55206e-06
-6.99603e-06
-6.46587e-06
-5.9988e-06
-5.62812e-06
-5.37596e-06
-5.24791e-06
-5.23068e-06
-5.29662e-06
-5.42485e-06
-5.61535e-06
-6.67104e-06
-6.69114e-06
-6.7078e-06
-6.7238e-06
-6.74069e-06
-6.7589e-06
-6.77893e-06
-6.80139e-06
-6.82695e-06
-6.85631e-06
-6.89024e-06
-6.92972e-06
-6.97602e-06
-7.03093e-06
-7.09707e-06
-7.17836e-06
-7.28067e-06
-7.41271e-06
-7.5869e-06
-7.81951e-06
-8.12803e-06
-8.52821e-06
-8.99708e-06
-9.46427e-06
-9.87524e-06
-1.01962e-05
-1.04049e-05
-1.04917e-05
-1.0456e-05
-1.03017e-05
-1.00365e-05
-9.66934e-06
-9.21145e-06
-8.67834e-06
-8.09166e-06
-7.4807e-06
-6.8824e-06
-6.33857e-06
-5.8902e-06
-5.56824e-06
-5.38623e-06
-5.33532e-06
-5.38782e-06
-5.52127e-06
-5.73523e-06
-6.64344e-06
-6.66487e-06
-6.68244e-06
-6.69913e-06
-6.71661e-06
-6.73533e-06
-6.75586e-06
-6.77892e-06
-6.80526e-06
-6.83571e-06
-6.87118e-06
-6.91281e-06
-6.96207e-06
-7.02104e-06
-7.09273e-06
-7.1817e-06
-7.29477e-06
-7.44206e-06
-7.63831e-06
-7.90329e-06
-8.25666e-06
-8.71734e-06
-9.25969e-06
-9.79886e-06
-1.02705e-05
-1.06375e-05
-1.08785e-05
-1.09863e-05
-1.09629e-05
-1.08148e-05
-1.05508e-05
-1.01797e-05
-9.71184e-06
-9.16085e-06
-8.54601e-06
-7.89472e-06
-7.24338e-06
-6.63599e-06
-6.11947e-06
-5.73207e-06
-5.49563e-06
-5.40733e-06
-5.44144e-06
-5.57528e-06
-5.80856e-06
-6.61926e-06
-6.64189e-06
-6.66025e-06
-6.67752e-06
-6.69545e-06
-6.71452e-06
-6.73533e-06
-6.75871e-06
-6.78549e-06
-6.81662e-06
-6.85314e-06
-6.89633e-06
-6.94786e-06
-7.01006e-06
-7.08629e-06
-7.18162e-06
-7.30373e-06
-7.46396e-06
-7.67895e-06
-7.97207e-06
-8.36417e-06
-8.87874e-06
-9.4838e-06
-1.00834e-05
-1.06027e-05
-1.1003e-05
-1.12637e-05
-1.13807e-05
-1.13593e-05
-1.12087e-05
-1.09392e-05
-1.05605e-05
-1.00826e-05
-9.51769e-06
-8.88292e-06
-8.20325e-06
-7.51314e-06
-6.85648e-06
-6.28498e-06
-5.84057e-06
-5.55304e-06
-5.42659e-06
-5.43895e-06
-5.56873e-06
-5.81655e-06
-6.59854e-06
-6.62232e-06
-6.64139e-06
-6.65915e-06
-6.67738e-06
-6.69658e-06
-6.71739e-06
-6.7407e-06
-6.76747e-06
-6.79873e-06
-6.83566e-06
-6.87969e-06
-6.93265e-06
-6.99709e-06
-7.0767e-06
-7.177e-06
-7.30635e-06
-7.4772e-06
-7.70759e-06
-8.02347e-06
-8.44925e-06
-9.01097e-06
-9.66898e-06
-1.03168e-05
-1.08717e-05
-1.12932e-05
-1.15623e-05
-1.16776e-05
-1.16483e-05
-1.14861e-05
-1.12032e-05
-1.08107e-05
-1.03191e-05
-9.73978e-06
-9.08836e-06
-8.38747e-06
-7.66884e-06
-6.97426e-06
-6.36113e-06
-5.86959e-06
-5.5363e-06
-5.37306e-06
-5.36199e-06
-5.48398e-06
-5.74164e-06
-6.58129e-06
-6.60627e-06
-6.62602e-06
-6.64417e-06
-6.66256e-06
-6.68163e-06
-6.70209e-06
-6.72489e-06
-6.75109e-06
-6.78184e-06
-6.81844e-06
-6.86247e-06
-6.91594e-06
-6.9816e-06
-7.06342e-06
-7.16731e-06
-7.30224e-06
-7.48162e-06
-7.72468e-06
-8.05783e-06
-8.51412e-06
-9.11509e-06
-9.81731e-06
-1.05029e-05
-1.1083e-05
-1.15156e-05
-1.17833e-05
-1.18878e-05
-1.18421e-05
-1.16596e-05
-1.13551e-05
-1.09415e-05
-1.043e-05
-9.83219e-06
-9.16279e-06
-8.44278e-06
-7.70148e-06
-6.97638e-06
-6.32776e-06
-5.79915e-06
-5.42621e-06
-5.22876e-06
-5.19383e-06
-5.3052e-06
-5.56853e-06
-6.56756e-06
-6.59389e-06
-6.61433e-06
-6.6328e-06
-6.65116e-06
-6.66982e-06
-6.68952e-06
-6.7113e-06
-6.73631e-06
-6.76583e-06
-6.80131e-06
-6.84446e-06
-6.89748e-06
-6.96333e-06
-7.04624e-06
-7.15248e-06
-7.29153e-06
-7.47764e-06
-7.73122e-06
-8.0794e-06
-8.56076e-06
-9.19378e-06
-9.93259e-06
-1.0648e-05
-1.12447e-05
-1.16805e-05
-1.19392e-05
-1.20253e-05
-1.19568e-05
-1.17461e-05
-1.14122e-05
-1.09696e-05
-1.04308e-05
-9.80786e-06
-9.11538e-06
-8.3733e-06
-7.60966e-06
-6.86021e-06
-6.17618e-06
-5.61449e-06
-5.20788e-06
-4.97919e-06
-4.92058e-06
-5.01918e-06
-5.28486e-06
-6.55754e-06
-6.5854e-06
-6.60657e-06
-6.6253e-06
-6.64343e-06
-6.66135e-06
-6.67984e-06
-6.70002e-06
-6.72317e-06
-6.7507e-06
-6.7842e-06
-6.82558e-06
-6.87721e-06
-6.94226e-06
-7.02524e-06
-7.13274e-06
-7.27472e-06
-7.46613e-06
-7.72861e-06
-8.09067e-06
-8.5912e-06
-9.25136e-06
-1.0021e-05
-1.07596e-05
-1.13664e-05
-1.17992e-05
-1.20432e-05
-1.21043e-05
-1.20092e-05
-1.17627e-05
-1.13923e-05
-1.09132e-05
-1.03389e-05
-9.6827e-06
-8.95949e-06
-8.18888e-06
-7.39828e-06
-6.62278e-06
-5.90484e-06
-5.31006e-06
-4.87244e-06
-4.61395e-06
-4.53165e-06
-4.61565e-06
-4.88124e-06
-6.55149e-06
-6.58113e-06
-6.60311e-06
-6.622e-06
-6.63967e-06
-6.65648e-06
-6.67325e-06
-6.6912e-06
-6.71174e-06
-6.73646e-06
-6.76714e-06
-6.80586e-06
-6.85519e-06
-6.91856e-06
-7.00071e-06
-7.10857e-06
-7.25254e-06
-7.44817e-06
-7.71814e-06
-8.09225e-06
-8.60922e-06
-9.29299e-06
-1.00883e-05
-1.08452e-05
-1.1457e-05
-1.18822e-05
-1.21076e-05
-1.21424e-05
-1.20094e-05
-1.17246e-05
-1.13119e-05
-1.0789e-05
-1.0171e-05
-9.47245e-06
-8.70926e-06
-7.90132e-06
-7.07547e-06
-6.26623e-06
-5.51617e-06
-4.88455e-06
-4.41375e-06
-4.12563e-06
-4.01948e-06
-4.08716e-06
-4.35103e-06
-6.54983e-06
-6.58151e-06
-6.60438e-06
-6.62332e-06
-6.64027e-06
-6.65553e-06
-6.66998e-06
-6.68498e-06
-6.70212e-06
-6.72319e-06
-6.75018e-06
-6.78538e-06
-6.83158e-06
-6.89247e-06
-6.97305e-06
-7.08057e-06
-7.22584e-06
-7.42496e-06
-7.70143e-06
-8.08613e-06
-8.61806e-06
-9.32292e-06
-1.01406e-05
-1.09104e-05
-1.15241e-05
-1.19387e-05
-1.21424e-05
-1.21467e-05
-1.1974e-05
-1.16456e-05
-1.11849e-05
-1.06111e-05
-9.94126e-06
-9.19112e-06
-8.37776e-06
-7.52183e-06
-6.65035e-06
-5.79884e-06
-5.01199e-06
-4.33753e-06
-3.83033e-06
-3.51048e-06
-3.37958e-06
-3.42871e-06
-3.69034e-06
-6.55308e-06
-6.58711e-06
-6.61092e-06
-6.62978e-06
-6.64566e-06
-6.65883e-06
-6.67028e-06
-6.68153e-06
-6.69441e-06
-6.71094e-06
-6.73338e-06
-6.76426e-06
-6.80657e-06
-6.86431e-06
-6.94273e-06
-7.0494e-06
-7.1955e-06
-7.39766e-06
-7.68006e-06
-8.07452e-06
-8.62038e-06
-9.34423e-06
-1.01814e-05
-1.09617e-05
-1.15745e-05
-1.19762e-05
-1.2156e-05
-1.21269e-05
-1.19123e-05
-1.1536e-05
-1.10221e-05
-1.03912e-05
-9.66151e-06
-8.85035e-06
-7.97621e-06
-7.06099e-06
-6.13265e-06
-5.22757e-06
-4.39122e-06
-3.67413e-06
-3.12501e-06
-2.7674e-06
-2.61011e-06
-2.63671e-06
-2.89739e-06
-6.56188e-06
-6.59858e-06
-6.62341e-06
-6.64196e-06
-6.65633e-06
-6.66676e-06
-6.67438e-06
-6.68097e-06
-6.68863e-06
-6.6997e-06
-6.71674e-06
-6.74256e-06
-6.78033e-06
-6.83438e-06
-6.91023e-06
-7.0157e-06
-7.16239e-06
-7.36738e-06
-7.65544e-06
-8.05924e-06
-8.6183e-06
-9.35976e-06
-1.02143e-05
-1.10034e-05
-1.16133e-05
-1.20003e-05
-1.21545e-05
-1.20902e-05
-1.18314e-05
-1.14038e-05
-1.08321e-05
-1.0138e-05
-9.34086e-06
-8.45949e-06
-7.51393e-06
-6.52777e-06
-5.53058e-06
-4.5603e-06
-3.66374e-06
-2.89302e-06
-2.29728e-06
-1.89911e-06
-1.71222e-06
-1.7101e-06
-1.97e-06
-6.57701e-06
-6.61673e-06
-6.6426e-06
-6.66055e-06
-6.67282e-06
-6.67969e-06
-6.6825e-06
-6.68337e-06
-6.68477e-06
-6.68941e-06
-6.70022e-06
-6.72028e-06
-6.75299e-06
-6.80295e-06
-6.87595e-06
-6.98008e-06
-7.12729e-06
-7.33508e-06
-7.62878e-06
-8.04173e-06
-8.6136e-06
-9.37175e-06
-1.02422e-05
-1.10385e-05
-1.16443e-05
-1.20153e-05
-1.21428e-05
-1.20416e-05
-1.17367e-05
-1.12548e-05
-1.06211e-05
-9.85819e-06
-8.98645e-06
-8.02604e-06
-6.99869e-06
-5.92997e-06
-4.85161e-06
-3.80375e-06
-2.83519e-06
-2.00042e-06
-1.35072e-06
-9.05972e-07
-6.81186e-07
-6.61779e-07
-9.03996e-07
-6.5994e-06
-6.64252e-06
-6.66938e-06
-6.68629e-06
-6.69569e-06
-6.69797e-06
-6.69479e-06
-6.68872e-06
-6.6827e-06
-6.6799e-06
-6.68368e-06
-6.69736e-06
-6.72458e-06
-6.77022e-06
-6.84025e-06
-6.94305e-06
-7.09087e-06
-7.30161e-06
-7.60106e-06
-8.02317e-06
-8.60765e-06
-9.38185e-06
-1.02672e-05
-1.10696e-05
-1.167e-05
-1.20242e-05
-1.21239e-05
-1.19846e-05
-1.16319e-05
-1.1093e-05
-1.03936e-05
-9.5568e-06
-8.60385e-06
-7.55615e-06
-6.43717e-06
-5.27467e-06
-4.103e-06
-2.96508e-06
-1.91253e-06
-1.00246e-06
-2.89264e-07
2.05782e-07
4.71412e-07
5.12748e-07
2.98128e-07
-6.63013e-06
-6.67704e-06
-6.70479e-06
-6.72001e-06
-6.72553e-06
-6.72192e-06
-6.71133e-06
-6.69691e-06
-6.68221e-06
-6.67097e-06
-6.66689e-06
-6.67357e-06
-6.69508e-06
-6.7363e-06
-6.80342e-06
-6.90504e-06
-7.05369e-06
-7.26764e-06
-7.57305e-06
-8.00443e-06
-8.60145e-06
-9.3912e-06
-1.02906e-05
-1.1098e-05
-1.16922e-05
-1.20289e-05
-1.21e-05
-1.19216e-05
-1.15195e-05
-1.09213e-05
-1.0153e-05
-9.23772e-06
-8.19761e-06
-7.05513e-06
-5.83547e-06
-4.5687e-06
-3.29207e-06
-2.05184e-06
-9.03104e-07
9.37055e-08
8.79644e-07
1.43027e-06
1.74034e-06
1.8074e-06
1.62698e-06
-6.6705e-06
-6.72164e-06
-6.74998e-06
-6.76265e-06
-6.76293e-06
-6.7518e-06
-6.73207e-06
-6.70769e-06
-6.68298e-06
-6.66222e-06
-6.64951e-06
-6.6488e-06
-6.66442e-06
-6.70124e-06
-6.76563e-06
-6.86636e-06
-7.01619e-06
-7.23369e-06
-7.54535e-06
-7.98616e-06
-8.59567e-06
-9.40054e-06
-1.03132e-05
-1.11248e-05
-1.17121e-05
-1.20305e-05
-1.20723e-05
-1.18539e-05
-1.14012e-05
-1.07418e-05
-9.90159e-06
-8.90409e-06
-7.77171e-06
-6.52793e-06
-5.19956e-06
-3.81904e-06
-2.42668e-06
-1.07239e-06
1.84751e-07
1.28023e-06
2.14796e-06
2.76237e-06
3.12452e-06
3.22418e-06
3.07559e-06
-6.72209e-06
-6.77787e-06
-6.80633e-06
-6.81518e-06
-6.80847e-06
-6.78777e-06
-6.75687e-06
-6.72072e-06
-6.68456e-06
-6.65318e-06
-6.6312e-06
-6.62283e-06
-6.63247e-06
-6.66506e-06
-6.72703e-06
-6.82726e-06
-6.97869e-06
-7.20015e-06
-7.51839e-06
-7.96881e-06
-8.59075e-06
-9.41032e-06
-1.03354e-05
-1.11504e-05
-1.173e-05
-1.20295e-05
-1.20415e-05
-1.17824e-05
-1.12779e-05
-1.05558e-05
-9.64151e-06
-8.55863e-06
-7.32984e-06
-5.97942e-06
-4.53563e-06
-3.03321e-06
-1.5155e-06
-3.6258e-08
1.34109e-06
2.54727e-06
3.50775e-06
4.19412e-06
4.61832e-06
4.75968e-06
4.64443e-06
-6.78683e-06
-6.84762e-06
-6.8754e-06
-6.87868e-06
-6.86266e-06
-6.8299e-06
-6.78544e-06
-6.73555e-06
-6.68641e-06
-6.64341e-06
-6.61161e-06
-6.59538e-06
-6.5991e-06
-6.62774e-06
-6.6877e-06
-6.78792e-06
-6.94142e-06
-7.16729e-06
-7.49245e-06
-7.95263e-06
-8.58693e-06
-9.42072e-06
-1.03574e-05
-1.11751e-05
-1.17463e-05
-1.20263e-05
-1.2008e-05
-1.17075e-05
-1.11505e-05
-1.03644e-05
-9.37443e-06
-8.2039e-06
-6.87567e-06
-5.4146e-06
-3.85026e-06
-2.21941e-06
-5.68299e-07
1.04555e-06
2.55409e-06
3.88278e-06
4.94931e-06
5.71413e-06
6.20584e-06
6.39764e-06
6.32913e-06
-6.86712e-06
-6.93318e-06
-6.95895e-06
-6.95425e-06
-6.92594e-06
-6.87807e-06
-6.81736e-06
-6.75163e-06
-6.68793e-06
-6.63241e-06
-6.59037e-06
-6.5662e-06
-6.56423e-06
-6.5893e-06
-6.64773e-06
-6.74846e-06
-6.90457e-06
-7.1353e-06
-7.46771e-06
-7.93778e-06
-8.58429e-06
-9.43179e-06
-1.03794e-05
-1.11988e-05
-1.17608e-05
-1.20209e-05
-1.19717e-05
-1.16294e-05
-1.10194e-05
-1.01686e-05
-9.10197e-06
-7.84244e-06
-6.41294e-06
-4.83876e-06
-3.1505e-06
-1.38662e-06
4.04078e-07
2.16055e-06
3.80983e-06
5.27134e-06
6.45906e-06
7.3156e-06
7.87758e-06
8.12768e-06
8.11343e-06
-6.96596e-06
-7.03727e-06
-7.05902e-06
-7.04299e-06
-6.99862e-06
-6.932e-06
-6.85211e-06
-6.76823e-06
-6.68853e-06
-6.61974e-06
-6.56716e-06
-6.53515e-06
-6.52781e-06
-6.54979e-06
-6.60724e-06
-6.70903e-06
-6.86826e-06
-7.10429e-06
-7.44424e-06
-7.92429e-06
-8.58283e-06
-9.44346e-06
-1.0401e-05
-1.12214e-05
-1.17735e-05
-1.20131e-05
-1.19328e-05
-1.15485e-05
-1.08852e-05
-9.96944e-06
-8.82575e-06
-7.47682e-06
-5.9455e-06
-4.25739e-06
-2.44378e-06
-5.44456e-07
1.38979e-06
3.29491e-06
5.09313e-06
6.69688e-06
8.01833e-06
8.98791e-06
9.62418e-06
9.94319e-06
9.99092e-06
-7.08717e-06
-7.16323e-06
-7.17783e-06
-7.14596e-06
-7.08076e-06
-6.99122e-06
-6.88881e-06
-6.78462e-06
-6.68765e-06
-6.60497e-06
-6.54179e-06
-6.50217e-06
-6.48989e-06
-6.50932e-06
-6.56635e-06
-6.66976e-06
-6.83261e-06
-7.07435e-06
-7.42209e-06
-7.91215e-06
-8.58246e-06
-9.45559e-06
-1.04222e-05
-1.12426e-05
-1.17843e-05
-1.20029e-05
-1.18912e-05
-1.14648e-05
-1.07483e-05
-9.76778e-06
-8.54741e-06
-7.10966e-06
-5.47728e-06
-3.67609e-06
-1.73782e-06
2.96979e-07
2.3762e-06
4.43367e-06
6.38774e-06
8.1444e-06
9.60928e-06
1.07085e-05
1.1433e-05
1.18318e-05
1.19539e-05
-7.23568e-06
-7.31503e-06
-7.31779e-06
-7.26401e-06
-7.17213e-06
-7.05487e-06
-6.92662e-06
-6.80001e-06
-6.68473e-06
-6.58783e-06
-6.51416e-06
-6.46732e-06
-6.45064e-06
-6.46809e-06
-6.52527e-06
-6.63082e-06
-6.79774e-06
-7.04554e-06
-7.40126e-06
-7.9013e-06
-8.58305e-06
-9.46801e-06
-1.04427e-05
-1.12624e-05
-1.17929e-05
-1.19902e-05
-1.18471e-05
-1.13786e-05
-1.06093e-05
-9.56466e-06
-8.26866e-06
-6.74359e-06
-5.01221e-06
-3.10046e-06
-1.04031e-06
1.12742e-06
3.3502e-06
5.56083e-06
7.67515e-06
9.5938e-06
1.12145e-05
1.24556e-05
1.32877e-05
1.37789e-05
1.39919e-05
-7.41796e-06
-7.49748e-06
-7.48138e-06
-7.39767e-06
-7.27202e-06
-7.1219e-06
-6.96443e-06
-6.81361e-06
-6.67933e-06
-6.56816e-06
-6.48434e-06
-6.4308e-06
-6.4103e-06
-6.42635e-06
-6.48424e-06
-6.59241e-06
-6.76379e-06
-7.01791e-06
-7.38173e-06
-7.89164e-06
-8.58448e-06
-9.48055e-06
-1.04625e-05
-1.12806e-05
-1.17993e-05
-1.1975e-05
-1.18004e-05
-1.12903e-05
-1.04687e-05
-9.36113e-06
-7.99118e-06
-6.38119e-06
-4.55407e-06
-2.53592e-06
-3.58765e-07
1.93677e-06
4.29858e-06
6.65977e-06
8.93534e-06
1.10222e-05
1.28096e-05
1.42066e-05
1.51706e-05
1.57697e-05
1.60955e-05
-7.64271e-06
-7.71618e-06
-7.67094e-06
-7.54693e-06
-7.37927e-06
-7.19081e-06
-7.00109e-06
-6.82473e-06
-6.67113e-06
-6.54597e-06
-6.45254e-06
-6.39292e-06
-6.36922e-06
-6.38446e-06
-6.44355e-06
-6.55474e-06
-6.73089e-06
-6.99153e-06
-7.36349e-06
-7.8831e-06
-8.5866e-06
-9.49303e-06
-1.04812e-05
-1.12969e-05
-1.18033e-05
-1.19573e-05
-1.17514e-05
-1.12002e-05
-1.03274e-05
-9.15828e-06
-7.71663e-06
-6.02493e-06
-4.1064e-06
-1.98746e-06
2.99857e-07
2.71548e-06
5.20852e-06
7.71381e-06
1.01475e-05
1.24051e-05
1.4369e-05
1.59364e-05
1.70548e-05
1.77863e-05
1.8256e-05
-7.9219e-06
-7.9775e-06
-7.88811e-06
-7.71069e-06
-7.49216e-06
-7.2599e-06
-7.03539e-06
-6.83274e-06
-6.66001e-06
-6.52145e-06
-6.41911e-06
-6.35411e-06
-6.32782e-06
-6.34278e-06
-6.4035e-06
-6.51805e-06
-6.69919e-06
-6.96645e-06
-7.3465e-06
-7.87558e-06
-8.58927e-06
-9.50531e-06
-1.04989e-05
-1.13114e-05
-1.18051e-05
-1.19372e-05
-1.17003e-05
-1.11087e-05
-1.01858e-05
-8.95716e-06
-7.44658e-06
-5.67705e-06
-3.67241e-06
-1.45957e-06
9.29335e-07
3.45492e-06
6.06815e-06
8.70683e-06
1.12905e-05
1.37164e-05
1.5863e-05
1.76172e-05
1.89098e-05
1.98047e-05
2.04645e-05
-8.27242e-06
-8.28858e-06
-8.13333e-06
-7.88753e-06
-7.60785e-06
-7.32711e-06
-7.0662e-06
-6.83723e-06
-6.64603e-06
-6.49493e-06
-6.38453e-06
-6.31487e-06
-6.2866e-06
-6.30174e-06
-6.36444e-06
-6.48258e-06
-6.66884e-06
-6.94273e-06
-7.33075e-06
-7.869e-06
-8.59237e-06
-9.51726e-06
-1.05153e-05
-1.1324e-05
-1.18047e-05
-1.19149e-05
-1.16475e-05
-1.10163e-05
-1.00449e-05
-8.7588e-06
-7.18246e-06
-5.33956e-06
-3.25482e-06
-9.55991e-07
1.52445e-06
4.14776e-06
6.86703e-06
9.62405e-06
1.23439e-05
1.49289e-05
1.7258e-05
1.92118e-05
2.07013e-05
2.17954e-05
2.27138e-05
-8.71837e-06
-8.65689e-06
-8.40477e-06
-8.07353e-06
-7.72309e-06
-7.39033e-06
-7.09251e-06
-6.83799e-06
-6.62948e-06
-6.46694e-06
-6.34938e-06
-6.27578e-06
-6.24604e-06
-6.26176e-06
-6.32669e-06
-6.44855e-06
-6.63998e-06
-6.92043e-06
-7.31622e-06
-7.86328e-06
-8.59579e-06
-9.52877e-06
-1.05305e-05
-1.13348e-05
-1.18021e-05
-1.18906e-05
-1.15931e-05
-1.09235e-05
-9.90514e-06
-8.56413e-06
-6.92554e-06
-5.01412e-06
-2.85587e-06
-4.79715e-07
2.08112e-06
4.78821e-06
7.59668e-06
1.04527e-05
1.32885e-05
1.6015e-05
1.85171e-05
2.0676e-05
2.23837e-05
2.37193e-05
2.49993e-05
-9.2929e-06
-9.08209e-06
-8.70199e-06
-8.26334e-06
-7.83385e-06
-7.44746e-06
-7.1136e-06
-6.83514e-06
-6.61085e-06
-6.43812e-06
-6.31432e-06
-6.23741e-06
-6.20665e-06
-6.22322e-06
-6.29055e-06
-6.41619e-06
-6.61272e-06
-6.89959e-06
-7.30289e-06
-7.85836e-06
-8.59945e-06
-9.53977e-06
-1.05443e-05
-1.13437e-05
-1.17974e-05
-1.18645e-05
-1.15377e-05
-1.08307e-05
-9.76733e-06
-8.37405e-06
-6.67697e-06
-4.70221e-06
-2.47737e-06
-3.30443e-08
2.59631e-06
5.37202e-06
8.25068e-06
1.11827e-05
1.41078e-05
1.69485e-05
1.96013e-05
2.19577e-05
2.38957e-05
2.55176e-05
2.73133e-05
-1.00418e-05
-9.56201e-06
-9.0114e-06
-8.4493e-06
-7.93562e-06
-7.4965e-06
-7.12904e-06
-6.82899e-06
-6.59075e-06
-6.40913e-06
-6.27998e-06
-6.20033e-06
-6.16889e-06
-6.1865e-06
-6.25629e-06
-6.38567e-06
-6.5872e-06
-6.88026e-06
-7.29077e-06
-7.8542e-06
-8.60328e-06
-9.5502e-06
-1.05569e-05
-1.13508e-05
-1.17909e-05
-1.18368e-05
-1.14815e-05
-1.07385e-05
-9.63208e-06
-8.18942e-06
-6.43784e-06
-4.40514e-06
-2.12092e-06
3.8211e-07
3.06766e-06
5.89602e-06
8.82432e-06
1.1806e-05
1.4788e-05
1.7705e-05
2.04698e-05
2.29955e-05
2.51553e-05
2.70965e-05
2.96273e-05
-1.1009e-05
-1.00855e-05
-9.317e-06
-8.6217e-06
-8.0236e-06
-7.53581e-06
-7.13874e-06
-6.82006e-06
-6.5699e-06
-6.38067e-06
-6.24695e-06
-6.16502e-06
-6.13313e-06
-6.15188e-06
-6.22412e-06
-6.35714e-06
-6.56347e-06
-6.86247e-06
-7.27982e-06
-7.85075e-06
-8.60724e-06
-9.56003e-06
-1.05681e-05
-1.13562e-05
-1.17826e-05
-1.18077e-05
-1.14247e-05
-1.06472e-05
-9.49974e-06
-8.01063e-06
-6.20861e-06
-4.12343e-06
-1.78709e-06
7.65112e-07
3.4944e-06
6.35913e-06
9.31559e-06
1.23185e-05
1.53195e-05
1.82642e-05
2.10829e-05
2.37205e-05
2.60568e-05
2.83205e-05
3.189e-05
-1.22862e-05
-1.06367e-05
-9.59618e-06
-8.77006e-06
-8.09475e-06
-7.56552e-06
-7.144e-06
-6.80984e-06
-6.54958e-06
-6.35376e-06
-6.21602e-06
-6.13203e-06
-6.09975e-06
-6.11956e-06
-6.19411e-06
-6.33055e-06
-6.54141e-06
-6.84602e-06
-7.26982e-06
-7.84779e-06
-8.61117e-06
-9.56926e-06
-1.05783e-05
-1.13602e-05
-1.1773e-05
-1.17776e-05
-1.13675e-05
-1.05566e-05
-9.36986e-06
-7.83673e-06
-5.98767e-06
-3.85467e-06
-1.4725e-06
1.12045e-06
3.88223e-06
6.76819e-06
9.7322e-06
1.27278e-05
1.57074e-05
1.86222e-05
2.14158e-05
2.40657e-05
2.64731e-05
2.90309e-05
3.41059e-05
-1.39812e-05
-1.11805e-05
-9.81573e-06
-8.88476e-06
-8.15055e-06
-7.58967e-06
-7.14889e-06
-6.80173e-06
-6.53244e-06
-6.33037e-06
-6.18854e-06
-6.10227e-06
-6.06928e-06
-6.08983e-06
-6.16633e-06
-6.30581e-06
-6.52079e-06
-6.83056e-06
-7.26034e-06
-7.84486e-06
-8.61468e-06
-9.57778e-06
-1.05877e-05
-1.13638e-05
-1.17633e-05
-1.1748e-05
-1.13117e-05
-1.04682e-05
-9.24324e-06
-7.66764e-06
-5.77369e-06
-3.59587e-06
-1.172e-06
1.456e-06
4.24234e-06
7.13838e-06
1.00939e-05
1.30585e-05
1.59806e-05
1.8808e-05
2.14829e-05
2.39892e-05
2.62433e-05
2.89294e-05
3.60004e-05
-1.54014e-05
-1.15109e-05
-9.91507e-06
-8.94615e-06
-8.18617e-06
-7.6064e-06
-7.15209e-06
-6.79463e-06
-6.51755e-06
-6.30982e-06
-6.16415e-06
-6.07567e-06
-6.04195e-06
-6.06314e-06
-6.14147e-06
-6.28382e-06
-6.50268e-06
-6.81727e-06
-7.25255e-06
-7.84297e-06
-8.61842e-06
-9.58567e-06
-1.0596e-05
-1.13664e-05
-1.17539e-05
-1.17206e-05
-1.12606e-05
-1.03879e-05
-9.12905e-06
-7.51606e-06
-5.58314e-06
-3.36727e-06
-9.0935e-07
1.7451e-06
4.54622e-06
7.44082e-06
1.03735e-05
1.32874e-05
1.61228e-05
1.88139e-05
2.12789e-05
2.34455e-05
2.51411e-05
2.70859e-05
3.40186e-05
)
;

boundaryField
{
    inlet
    {
        type            uniformJump;
        patchType       cyclic;
        jump            uniform -2.5e-05;
        value           nonuniform List<scalar> 
40
(
9.99228e-07
1.01761e-06
1.03705e-06
1.05674e-06
1.07826e-06
1.10305e-06
1.13317e-06
1.17222e-06
1.22556e-06
1.30002e-06
1.40283e-06
1.54056e-06
1.71863e-06
1.94073e-06
2.20875e-06
2.52291e-06
2.88191e-06
3.27425e-06
3.68115e-06
4.092e-06
4.47782e-06
4.79374e-06
5.0475e-06
5.24078e-06
5.38646e-06
5.49451e-06
5.57262e-06
5.62764e-06
5.66557e-06
5.69141e-06
5.70914e-06
5.72171e-06
5.73117e-06
5.73884e-06
5.74549e-06
5.75153e-06
5.75715e-06
5.76251e-06
5.76791e-06
5.77309e-06
)
;
        jumpTable       table;
        jumpTableCoeffs
        {
            values          
4
(
(0 -2.5e-05)
(25 -2.5e-05)
(25.5 -0.0001)
(26 -2.5e-05)
)
;
        }
    }
    outlet
    {
        type            uniformJump;
        patchType       cyclic;
        value           nonuniform List<scalar> 
40
(
-2.40008e-05
-2.39824e-05
-2.3963e-05
-2.39433e-05
-2.39217e-05
-2.3897e-05
-2.38668e-05
-2.38278e-05
-2.37744e-05
-2.37e-05
-2.35972e-05
-2.34594e-05
-2.32814e-05
-2.30593e-05
-2.27912e-05
-2.24771e-05
-2.21181e-05
-2.17257e-05
-2.13188e-05
-2.0908e-05
-2.05222e-05
-2.02063e-05
-1.99525e-05
-1.97592e-05
-1.96135e-05
-1.95055e-05
-1.94274e-05
-1.93724e-05
-1.93344e-05
-1.93086e-05
-1.92909e-05
-1.92783e-05
-1.92688e-05
-1.92612e-05
-1.92545e-05
-1.92485e-05
-1.92428e-05
-1.92375e-05
-1.92321e-05
-1.92269e-05
)
;
    }
    Walls
    {
        type            zeroGradient;
    }
    back
    {
        type            empty;
    }
    front
    {
        type            empty;
    }
}


// ************************************************************************* //
