/*--------------------------------*- C++ -*----------------------------------*\
| =========                 |                                                 |
| \\      /  F ield         | OpenFOAM: The Open Source CFD Toolbox           |
|  \\    /   O peration     | Version:  2312                                  |
|   \\  /    A nd           | Website:  www.openfoam.com                      |
|    \\/     M anipulation  |                                                 |
\*---------------------------------------------------------------------------*/
FoamFile
{
    version     2.0;
    format      ascii;
    arch        "LSB;label=32;scalar=64";
    class       volScalarField;
    location    "171.25";
    object      p;
}
// * * * * * * * * * * * * * * * * * * * * * * * * * * * * * * * * * * * * * //

dimensions      [0 2 -2 0 0 0 0];

internalField   nonuniform List<scalar> 
4800
(
-3.67154e-13
-1.08607e-06
-2.00505e-06
-2.80309e-06
-3.50512e-06
-4.1372e-06
-4.70357e-06
-5.21269e-06
-5.67446e-06
-6.09567e-06
-6.48116e-06
-6.83168e-06
-7.13874e-06
-7.64349e-06
-9.32075e-06
1.11024e-08
-1.07376e-06
-1.99152e-06
-2.78901e-06
-3.49134e-06
-4.12433e-06
-4.69269e-06
-5.20514e-06
-5.67238e-06
-6.10317e-06
-6.5072e-06
-6.89883e-06
-7.29076e-06
-7.7905e-06
-8.64407e-06
2.28886e-08
-1.0605e-06
-1.97713e-06
-2.77408e-06
-3.47546e-06
-4.10871e-06
-4.67848e-06
-5.1934e-06
-5.66482e-06
-6.10229e-06
-6.5166e-06
-6.92248e-06
-7.32676e-06
-7.73419e-06
-8.11539e-06
3.51117e-08
-1.04608e-06
-1.96093e-06
-2.75706e-06
-3.45652e-06
-4.08915e-06
-4.6595e-06
-5.17523e-06
-5.64766e-06
-6.08565e-06
-6.49704e-06
-6.88745e-06
-7.24684e-06
-7.54015e-06
-7.69212e-06
4.90958e-08
-1.02901e-06
-1.9412e-06
-2.73549e-06
-3.43319e-06
-4.06294e-06
-4.63233e-06
-5.14656e-06
-5.6156e-06
-6.04624e-06
-6.44112e-06
-6.79573e-06
-7.0887e-06
-7.2784e-06
-7.3066e-06
6.64009e-08
-1.00766e-06
-1.91621e-06
-2.70707e-06
-3.40314e-06
-4.02744e-06
-4.59291e-06
-5.10208e-06
-5.56193e-06
-5.97616e-06
-6.34206e-06
-6.64846e-06
-6.872e-06
-6.98097e-06
-6.94571e-06
8.94982e-08
-9.79591e-07
-1.88335e-06
-2.66924e-06
-3.36147e-06
-3.97907e-06
-4.53654e-06
-5.03535e-06
-5.47909e-06
-5.86792e-06
-6.19551e-06
-6.44906e-06
-6.61043e-06
-6.66301e-06
-6.59918e-06
1.2248e-07
-9.40877e-07
-1.83857e-06
-2.61777e-06
-3.30298e-06
-3.91185e-06
-4.45667e-06
-4.93893e-06
-5.35936e-06
-5.71551e-06
-6.00018e-06
-6.20327e-06
-6.31494e-06
-6.33158e-06
-6.25779e-06
1.71415e-07
-8.85753e-07
-1.77603e-06
-2.54651e-06
-3.2217e-06
-3.81779e-06
-4.34502e-06
-4.80465e-06
-5.1957e-06
-5.51493e-06
-5.75694e-06
-5.91668e-06
-5.99219e-06
-5.98825e-06
-5.91459e-06
2.44205e-07
-8.06593e-07
-1.68806e-06
-2.44745e-06
-3.10922e-06
-3.68812e-06
-4.19283e-06
-4.62466e-06
-4.98245e-06
-5.26411e-06
-5.46763e-06
-5.59326e-06
-5.64475e-06
-5.63118e-06
-5.5634e-06
3.49877e-07
-6.94402e-07
-1.56551e-06
-2.31124e-06
-2.95597e-06
-3.51363e-06
-3.99172e-06
-4.39245e-06
-4.71597e-06
-4.96267e-06
-5.13428e-06
-5.23523e-06
-5.27263e-06
-5.25698e-06
-5.19848e-06
4.97902e-07
-5.39456e-07
-1.39847e-06
-2.12788e-06
-2.75232e-06
-3.28555e-06
-3.7347e-06
-4.10356e-06
-4.39474e-06
-4.61156e-06
-4.75887e-06
-4.84374e-06
-4.87473e-06
-4.86218e-06
-4.81499e-06
6.98323e-07
-3.31371e-07
-1.17643e-06
-1.88701e-06
-2.4892e-06
-2.99638e-06
-3.41661e-06
-3.75573e-06
-4.01905e-06
-4.21254e-06
-4.34323e-06
-4.41945e-06
-4.44995e-06
-4.44416e-06
-4.40958e-06
9.62603e-07
-5.85776e-08
-8.87988e-07
-1.5788e-06
-2.15805e-06
-2.63985e-06
-3.03376e-06
-3.34783e-06
-3.58967e-06
-3.76719e-06
-3.88859e-06
-3.96253e-06
-3.99728e-06
-4.0011e-06
-3.98027e-06
1.30417e-06
2.92429e-07
-5.21331e-07
-1.1931e-06
-1.7507e-06
-2.21006e-06
-2.58268e-06
-2.87846e-06
-3.10653e-06
-3.27583e-06
-3.39496e-06
-3.47236e-06
-3.51557e-06
-3.53172e-06
-3.52608e-06
1.73678e-06
7.36688e-07
-6.47908e-08
-7.20143e-07
-1.25948e-06
-1.70168e-06
-2.06017e-06
-2.34591e-06
-2.56869e-06
-2.73774e-06
-2.86157e-06
-2.94807e-06
-3.00405e-06
-3.03565e-06
-3.04741e-06
2.27043e-06
1.28177e-06
4.91568e-07
-1.51323e-07
-6.78775e-07
-1.11181e-06
-1.46505e-06
-1.74992e-06
-1.97634e-06
-2.15334e-06
-2.28902e-06
-2.39063e-06
-2.46429e-06
-2.51534e-06
-2.54777e-06
2.90989e-06
1.93395e-06
1.15207e-06
5.15769e-07
-8.23577e-09
-4.417e-07
-7.99629e-07
-1.09356e-06
-1.33309e-06
-1.52672e-06
-1.68197e-06
-1.80547e-06
-1.90271e-06
-1.97841e-06
-2.03614e-06
3.64548e-06
2.68839e-06
1.91314e-06
1.27626e-06
7.46556e-07
3.02739e-07
-7.01403e-08
-3.83253e-07
-6.4555e-07
-8.64811e-07
-1.04792e-06
-1.20086e-06
-1.3286e-06
-1.43528e-06
-1.52425e-06
4.45572e-06
3.52636e-06
2.75893e-06
2.11672e-06
1.57327e-06
1.10957e-06
7.11963e-07
3.70215e-07
7.60463e-08
-1.77711e-07
-3.97308e-07
-5.88059e-07
-7.5436e-07
-8.99869e-07
-1.02768e-06
5.24289e-06
4.3439e-06
3.58318e-06
2.93239e-06
2.37015e-06
1.88062e-06
1.45213e-06
1.0757e-06
7.43817e-07
4.49983e-07
1.88667e-07
-4.47177e-08
-2.5403e-07
-4.42523e-07
-6.13059e-07
5.89212e-06
5.02317e-06
4.27009e-06
3.61233e-06
3.03346e-06
2.52057e-06
2.06382e-06
1.65537e-06
1.28848e-06
9.57338e-07
6.57102e-07
3.83815e-07
1.34119e-07
-9.48179e-08
-3.05535e-07
6.37071e-06
5.53228e-06
4.79098e-06
4.13189e-06
3.54249e-06
3.01246e-06
2.5337e-06
2.09945e-06
1.70376e-06
1.34153e-06
1.00856e-06
7.01483e-07
4.17428e-07
1.53949e-07
-9.1187e-08
6.71686e-06
5.90794e-06
5.18136e-06
4.52575e-06
3.93131e-06
3.38997e-06
2.89511e-06
2.44096e-06
2.02234e-06
1.63493e-06
1.2752e-06
9.40345e-07
6.27902e-07
3.35777e-07
6.20551e-08
6.96131e-06
6.18157e-06
5.47172e-06
4.82284e-06
4.22754e-06
3.6796e-06
3.17358e-06
2.70456e-06
2.26822e-06
1.86101e-06
1.48006e-06
1.12298e-06
7.87701e-07
4.72453e-07
1.75623e-07
7.13182e-06
6.37999e-06
5.68744e-06
5.04727e-06
4.45412e-06
3.9031e-06
3.38968e-06
2.90983e-06
2.46009e-06
2.03763e-06
1.64007e-06
1.26544e-06
9.11991e-07
5.78275e-07
2.62938e-07
7.25024e-06
6.52413e-06
5.84825e-06
5.21766e-06
4.62848e-06
4.07672e-06
3.55866e-06
3.07112e-06
2.6114e-06
2.17725e-06
1.76674e-06
1.37825e-06
1.01035e-06
6.61885e-07
3.31738e-07
7.33197e-06
6.62892e-06
5.96874e-06
5.34803e-06
4.76377e-06
4.21267e-06
3.69184e-06
3.19885e-06
2.73163e-06
2.28841e-06
1.86768e-06
1.46814e-06
1.08868e-06
7.28367e-07
3.86328e-07
7.38805e-06
6.70562e-06
6.05994e-06
5.44868e-06
4.86946e-06
4.31972e-06
3.79728e-06
3.30035e-06
2.82738e-06
2.37703e-06
1.94812e-06
1.53969e-06
1.15087e-06
7.80961e-07
4.29287e-07
7.42641e-06
6.76216e-06
6.12946e-06
5.52685e-06
4.95245e-06
4.40436e-06
3.88103e-06
3.38118e-06
2.90368e-06
2.44758e-06
2.01202e-06
1.5963e-06
1.19979e-06
8.22005e-07
4.62424e-07
7.45246e-06
6.80407e-06
6.18289e-06
5.58801e-06
5.01803e-06
4.47163e-06
3.94778e-06
3.44564e-06
2.96447e-06
2.50361e-06
2.06252e-06
1.64072e-06
1.2378e-06
8.53439e-07
4.87284e-07
7.46999e-06
6.83545e-06
6.22437e-06
5.63629e-06
5.07023e-06
4.52539e-06
4.0012e-06
3.49718e-06
3.0129e-06
2.54802e-06
2.10223e-06
1.67527e-06
1.26691e-06
8.76993e-07
5.05299e-07
7.48174e-06
6.85925e-06
6.25699e-06
5.67481e-06
5.11214e-06
4.56868e-06
4.04419e-06
3.53853e-06
3.05157e-06
2.5832e-06
2.13334e-06
1.70192e-06
1.28888e-06
8.94205e-07
5.1778e-07
7.48962e-06
6.87762e-06
6.28301e-06
5.70589e-06
5.14614e-06
4.60383e-06
4.07904e-06
3.5719e-06
3.08255e-06
2.6111e-06
2.15766e-06
1.72234e-06
1.30522e-06
9.06405e-07
5.25888e-07
7.49495e-06
6.89208e-06
6.30407e-06
5.7313e-06
5.17403e-06
4.63264e-06
4.1075e-06
3.599e-06
3.10748e-06
2.63327e-06
2.17665e-06
1.73788e-06
1.31717e-06
9.14717e-07
5.30622e-07
7.49862e-06
6.90369e-06
6.32137e-06
5.75232e-06
5.19713e-06
4.65646e-06
4.13093e-06
3.62115e-06
3.12765e-06
2.65095e-06
2.19148e-06
1.74964e-06
1.32573e-06
9.20067e-07
5.32822e-07
7.50121e-06
6.91316e-06
6.33573e-06
5.76985e-06
5.2164e-06
4.67627e-06
4.15031e-06
3.63932e-06
3.14403e-06
2.66508e-06
2.20305e-06
1.75845e-06
1.33171e-06
9.232e-07
5.33176e-07
7.50311e-06
6.92109e-06
6.34789e-06
5.78472e-06
5.23272e-06
4.69299e-06
4.16657e-06
3.65445e-06
3.15749e-06
2.67649e-06
2.21214e-06
1.76506e-06
1.33575e-06
9.24678e-07
5.32162e-07
7.50461e-06
6.92817e-06
6.35882e-06
5.79811e-06
5.24737e-06
4.70794e-06
4.18103e-06
3.66778e-06
3.1692e-06
2.68622e-06
2.21964e-06
1.77017e-06
1.33841e-06
9.24889e-07
5.30004e-07
7.50579e-06
6.93449e-06
6.36878e-06
5.81036e-06
5.26078e-06
4.72154e-06
4.19406e-06
3.67963e-06
3.17943e-06
2.69451e-06
2.22578e-06
1.77407e-06
1.34005e-06
9.24315e-07
5.2725e-07
-1.06308e-05
-8.22208e-06
-6.75766e-06
-5.78263e-06
-5.01084e-06
-4.42494e-06
-3.97412e-06
-3.62185e-06
-3.34217e-06
-3.11317e-06
-2.91592e-06
-2.73341e-06
-2.54959e-06
-2.35005e-06
-2.1216e-06
-1.85516e-06
-1.54794e-06
-1.21099e-06
-8.73758e-07
-5.95209e-07
-4.60782e-07
-5.75154e-07
-9.78834e-07
-1.50853e-06
-1.98978e-06
-2.31846e-06
-2.43119e-06
-2.29615e-06
-1.89199e-06
-1.20671e-06
-2.34751e-07
1.01905e-06
2.53806e-06
4.29257e-06
6.23988e-06
8.32615e-06
1.04884e-05
1.26552e-05
1.47445e-05
1.66569e-05
1.82578e-05
1.93629e-05
1.95787e-05
1.85392e-05
1.49384e-05
-8.9615e-06
-7.68881e-06
-6.57079e-06
-5.69827e-06
-4.97225e-06
-4.4013e-06
-3.95543e-06
-3.60478e-06
-3.32579e-06
-3.09733e-06
-2.90067e-06
-2.71877e-06
-2.53551e-06
-2.33653e-06
-2.10868e-06
-1.84305e-06
-1.53699e-06
-1.20151e-06
-8.65697e-07
-5.87526e-07
-4.50609e-07
-5.57542e-07
-9.48878e-07
-1.46474e-06
-1.93415e-06
-2.2545e-06
-2.36247e-06
-2.22617e-06
-1.82411e-06
-1.14508e-06
-1.84728e-07
1.0502e-06
2.54085e-06
4.25495e-06
6.14656e-06
8.15753e-06
1.02186e-05
1.22488e-05
1.41509e-05
1.57975e-05
1.70036e-05
1.74787e-05
1.66675e-05
1.37791e-05
7.81355e-06
-8.08989e-06
-7.27821e-06
-6.37757e-06
-5.59881e-06
-4.92353e-06
-4.37326e-06
-3.93525e-06
-3.58738e-06
-3.30924e-06
-3.08104e-06
-2.88454e-06
-2.70278e-06
-2.51967e-06
-2.32089e-06
-2.09345e-06
-1.82855e-06
-1.52376e-06
-1.19008e-06
-8.56213e-07
-5.7897e-07
-4.39839e-07
-5.38941e-07
-9.16686e-07
-1.41696e-06
-1.87285e-06
-2.18358e-06
-2.28613e-06
-2.14867e-06
-1.7497e-06
-1.07911e-06
-1.34096e-07
1.07621e-06
2.53008e-06
4.19198e-06
6.01187e-06
7.92622e-06
9.85821e-06
1.17161e-05
1.3387e-05
1.47188e-05
1.54982e-05
1.54043e-05
1.39428e-05
1.05772e-05
5.2206e-06
-7.53933e-06
-6.94492e-06
-6.21246e-06
-5.50843e-06
-4.88129e-06
-4.35266e-06
-3.92252e-06
-3.57634e-06
-3.29753e-06
-3.068e-06
-2.87021e-06
-2.68743e-06
-2.50353e-06
-2.30436e-06
-2.07696e-06
-1.81265e-06
-1.50922e-06
-1.17761e-06
-8.46068e-07
-5.70123e-07
-4.28915e-07
-5.19799e-07
-8.82862e-07
-1.36597e-06
-1.80662e-06
-2.10613e-06
-2.20187e-06
-2.06231e-06
-1.66612e-06
-1.00467e-06
-7.71686e-08
1.10419e-06
2.51401e-06
4.11268e-06
5.84521e-06
7.64186e-06
9.41785e-06
1.10712e-05
1.24751e-05
1.34717e-05
1.38444e-05
1.33162e-05
1.15541e-05
8.31441e-06
3.85745e-06
-7.11239e-06
-6.65149e-06
-6.05158e-06
-5.43359e-06
-4.85024e-06
-4.34351e-06
-3.92072e-06
-3.57438e-06
-3.29255e-06
-3.05921e-06
-2.85794e-06
-2.67229e-06
-2.48623e-06
-2.28573e-06
-2.05789e-06
-1.79411e-06
-1.49236e-06
-1.16347e-06
-8.35094e-07
-5.61248e-07
-4.18391e-07
-5.00686e-07
-8.47724e-07
-1.31185e-06
-1.73547e-06
-2.02232e-06
-2.11043e-06
-1.96884e-06
-1.57653e-06
-9.26861e-07
-2.13938e-08
1.12406e-06
2.47983e-06
4.00183e-06
5.62979e-06
7.28792e-06
8.88463e-06
1.03114e-05
1.14366e-05
1.21063e-05
1.21346e-05
1.13216e-05
9.49401e-06
6.61317e-06
2.96689e-06
-6.75238e-06
-6.38345e-06
-5.88827e-06
-5.35513e-06
-4.82639e-06
-4.34495e-06
-3.93006e-06
-3.58254e-06
-3.29579e-06
-3.05605e-06
-2.84876e-06
-2.65797e-06
-2.4679e-06
-2.26484e-06
-2.03587e-06
-1.77248e-06
-1.47281e-06
-1.14748e-06
-8.23406e-07
-5.52781e-07
-4.08972e-07
-4.82412e-07
-8.11988e-07
-1.25514e-06
-1.65982e-06
-1.9326e-06
-2.01248e-06
-1.8695e-06
-1.483e-06
-8.49011e-07
2.82886e-08
1.12906e-06
2.41886e-06
3.84914e-06
5.35467e-06
6.85472e-06
8.25341e-06
9.44e-06
1.02908e-05
1.06676e-05
1.04307e-05
9.46129e-06
7.7034e-06
5.22851e-06
2.29921e-06
-6.42287e-06
-6.12406e-06
-5.71973e-06
-5.25847e-06
-4.79348e-06
-4.34624e-06
-3.94404e-06
-3.59778e-06
-3.30636e-06
-3.05851e-06
-2.84315e-06
-2.64498e-06
-2.44892e-06
-2.24192e-06
-2.011e-06
-1.74781e-06
-1.45069e-06
-1.12992e-06
-8.11529e-07
-5.45508e-07
-4.01686e-07
-4.66148e-07
-7.76813e-07
-1.19694e-06
-1.58069e-06
-1.83794e-06
-1.90905e-06
-1.76576e-06
-1.38753e-06
-7.74255e-07
6.76636e-08
1.11371e-06
2.32436e-06
3.64721e-06
5.01309e-06
6.33846e-06
7.52722e-06
8.47328e-06
9.06649e-06
9.19733e-06
8.77389e-06
7.74361e-06
6.12091e-06
4.01461e-06
1.63638e-06
-6.10261e-06
-5.85906e-06
-5.53135e-06
-5.14478e-06
-4.73465e-06
-4.32933e-06
-3.95045e-06
-3.61201e-06
-3.31902e-06
-3.06336e-06
-2.83953e-06
-2.63246e-06
-2.42882e-06
-2.21683e-06
-1.9833e-06
-1.72025e-06
-1.42634e-06
-1.11142e-06
-8.00373e-07
-5.40659e-07
-3.98051e-07
-4.53581e-07
-7.43898e-07
-1.13892e-06
-1.49974e-06
-1.74006e-06
-1.80191e-06
-1.66021e-06
-1.29369e-06
-7.07492e-07
9.15402e-08
1.07114e-06
2.1885e-06
3.38836e-06
4.59935e-06
5.73826e-06
6.71166e-06
7.42742e-06
7.79261e-06
7.72954e-06
7.18794e-06
6.16039e-06
4.69521e-06
2.90146e-06
9.3919e-07
-5.78056e-06
-5.58121e-06
-5.31589e-06
-4.9966e-06
-4.64485e-06
-4.28438e-06
-3.93483e-06
-3.61345e-06
-3.32282e-06
-3.06432e-06
-2.83385e-06
-2.61734e-06
-2.40561e-06
-2.18867e-06
-1.9524e-06
-1.68989e-06
-1.4003e-06
-1.09292e-06
-7.9133e-07
-5.4002e-07
-4.00197e-07
-4.4706e-07
-7.15625e-07
-1.0835e-06
-1.4195e-06
-1.64169e-06
-1.69451e-06
-1.55681e-06
-1.20845e-06
-6.52738e-07
9.30113e-08
9.92511e-07
2.0023e-06
3.06469e-06
4.10867e-06
5.05636e-06
5.81847e-06
6.32155e-06
6.4943e-06
6.2873e-06
5.68127e-06
4.69459e-06
3.38619e-06
1.8508e-06
2.06087e-07
-5.44955e-06
-5.28628e-06
-5.07151e-06
-4.81012e-06
-4.51446e-06
-4.20143e-06
-3.88772e-06
-3.58766e-06
-3.30751e-06
-3.05251e-06
-2.81832e-06
-2.59474e-06
-2.37634e-06
-2.15578e-06
-1.91745e-06
-1.65675e-06
-1.37333e-06
-1.07585e-06
-7.86368e-07
-5.46045e-07
-4.10985e-07
-4.49733e-07
-6.95235e-07
-1.03406e-06
-1.34363e-06
-1.54654e-06
-1.59438e-06
-1.46139e-06
-1.13422e-06
-6.16816e-07
6.1163e-08
8.67389e-07
1.75634e-06
2.66923e-06
3.53777e-06
4.28882e-06
4.85716e-06
5.17336e-06
5.19073e-06
4.88321e-06
4.25149e-06
3.32549e-06
2.16221e-06
8.38282e-07
-5.60596e-07
-5.10378e-06
-4.97085e-06
-4.79758e-06
-4.58533e-06
-4.34054e-06
-4.07421e-06
-3.7989e-06
-3.52616e-06
-3.26388e-06
-3.01676e-06
-2.78324e-06
-2.55907e-06
-2.33867e-06
-2.11472e-06
-1.87708e-06
-1.621e-06
-1.3466e-06
-1.06218e-06
-7.88122e-07
-5.61912e-07
-4.34057e-07
-4.65646e-07
-6.87003e-07
-9.9515e-07
-1.27715e-06
-1.46211e-06
-1.50709e-06
-1.37936e-06
-1.07879e-06
-6.15749e-07
-1.62131e-08
6.85241e-07
1.4418e-06
2.19709e-06
2.88922e-06
3.45626e-06
3.84213e-06
3.99856e-06
3.89524e-06
3.52196e-06
2.89032e-06
2.03277e-06
9.98828e-07
-1.51942e-07
-1.35716e-06
-4.73857e-06
-4.63195e-06
-4.49347e-06
-4.32289e-06
-4.12307e-06
-3.90063e-06
-3.66422e-06
-3.42274e-06
-3.1833e-06
-2.95036e-06
-2.72487e-06
-2.50501e-06
-2.28673e-06
-2.0643e-06
-1.83123e-06
-1.58356e-06
-1.32206e-06
-1.0547e-06
-8.00035e-07
-5.91589e-07
-4.73838e-07
-4.99762e-07
-6.96408e-07
-9.72654e-07
-1.22661e-06
-1.39435e-06
-1.43523e-06
-1.32276e-06
-1.05934e-06
-6.59939e-07
-1.49548e-07
4.36341e-07
1.05162e-06
1.64581e-06
2.16551e-06
2.56017e-06
2.786e-06
2.8105e-06
2.61654e-06
2.20374e-06
1.58803e-06
7.995e-07
-1.21437e-07
-1.12955e-06
-2.17935e-06
-4.35076e-06
-4.26762e-06
-4.15907e-06
-4.0242e-06
-3.86392e-06
-3.68183e-06
-3.48348e-06
-3.27518e-06
-3.06257e-06
-2.84979e-06
-2.6388e-06
-2.42929e-06
-2.21898e-06
-2.00416e-06
-1.7809e-06
-1.54659e-06
-1.30284e-06
-1.05733e-06
-8.26518e-07
-6.39887e-07
-5.35528e-07
-5.57922e-07
-7.3021e-07
-9.74039e-07
-1.20036e-06
-1.35283e-06
-1.39414e-06
-1.3039e-06
-1.08682e-06
-7.60581e-07
-3.49519e-07
1.13283e-07
5.82183e-07
1.01775e-06
1.37507e-06
1.61397e-06
1.70291e-06
1.62152e-06
1.36181e-06
9.28367e-07
3.37448e-07
-3.85416e-07
-1.20858e-06
-2.09824e-06
-3.02117e-06
-3.93879e-06
-3.87735e-06
-3.79539e-06
-3.69191e-06
-3.56674e-06
-3.42163e-06
-3.25987e-06
-3.08562e-06
-2.90298e-06
-2.71541e-06
-2.52503e-06
-2.33248e-06
-2.13699e-06
-1.93661e-06
-1.72946e-06
-1.51448e-06
-1.29401e-06
-1.07555e-06
-8.7329e-07
-7.12632e-07
-6.25184e-07
-6.46814e-07
-7.96406e-07
-1.00863e-06
-1.20876e-06
-1.34922e-06
-1.39739e-06
-1.33708e-06
-1.17408e-06
-9.28977e-07
-6.25272e-07
-2.93119e-07
3.64556e-08
3.22462e-07
5.31356e-07
6.34074e-07
6.095e-07
4.45707e-07
1.40082e-07
-3.00927e-07
-8.62869e-07
-1.52534e-06
-2.26433e-06
-3.05491e-06
-3.87284e-06
-3.50241e-06
-3.46204e-06
-3.40491e-06
-3.33012e-06
-3.23708e-06
-3.12643e-06
-2.99996e-06
-2.86025e-06
-2.71009e-06
-2.55205e-06
-2.38809e-06
-2.21925e-06
-2.04585e-06
-1.8673e-06
-1.68333e-06
-1.49429e-06
-1.30303e-06
-1.11694e-06
-9.47875e-07
-8.17063e-07
-7.50036e-07
-7.74173e-07
-9.04079e-07
-1.08749e-06
-1.26458e-06
-1.39706e-06
-1.45857e-06
-1.437e-06
-1.33649e-06
-1.17454e-06
-9.76674e-07
-7.67801e-07
-5.74437e-07
-4.25606e-07
-3.46858e-07
-3.58421e-07
-4.73845e-07
-6.9969e-07
-1.03571e-06
-1.47543e-06
-2.00709e-06
-2.61514e-06
-3.28187e-06
-3.9891e-06
-4.71924e-06
-3.04309e-06
-3.02458e-06
-2.99215e-06
-2.94515e-06
-2.88292e-06
-2.80554e-06
-2.71389e-06
-2.60948e-06
-2.49409e-06
-2.36953e-06
-2.23741e-06
-2.09888e-06
-1.95485e-06
-1.80572e-06
-1.65226e-06
-1.49599e-06
-1.33998e-06
-1.19131e-06
-1.05973e-06
-9.62102e-07
-9.18783e-07
-9.49107e-07
-1.06358e-06
-1.22292e-06
-1.38198e-06
-1.51146e-06
-1.59071e-06
-1.61109e-06
-1.57542e-06
-1.49875e-06
-1.40283e-06
-1.30883e-06
-1.23696e-06
-1.20705e-06
-1.23682e-06
-1.33989e-06
-1.52487e-06
-1.79513e-06
-2.14921e-06
-2.58151e-06
-3.08306e-06
-3.64251e-06
-4.24712e-06
-4.88385e-06
-5.53999e-06
-2.56555e-06
-2.5711e-06
-2.56492e-06
-2.54661e-06
-2.51565e-06
-2.47191e-06
-2.4158e-06
-2.34815e-06
-2.2701e-06
-2.18283e-06
-2.08764e-06
-1.98559e-06
-1.87782e-06
-1.76534e-06
-1.64945e-06
-1.53241e-06
-1.41727e-06
-1.31035e-06
-1.21966e-06
-1.15771e-06
-1.14077e-06
-1.18153e-06
-1.28692e-06
-1.42739e-06
-1.57725e-06
-1.70394e-06
-1.80305e-06
-1.86724e-06
-1.89607e-06
-1.89995e-06
-1.89589e-06
-1.90123e-06
-1.93089e-06
-1.99784e-06
-2.11322e-06
-2.2857e-06
-2.52074e-06
-2.82018e-06
-3.1824e-06
-3.60295e-06
-4.07527e-06
-4.59132e-06
-5.14222e-06
-5.7188e-06
-6.31199e-06
-2.08017e-06
-2.1134e-06
-2.13652e-06
-2.14939e-06
-2.15175e-06
-2.1435e-06
-2.12484e-06
-2.09623e-06
-2.0584e-06
-2.01216e-06
-1.95847e-06
-1.89833e-06
-1.83279e-06
-1.76318e-06
-1.69091e-06
-1.61844e-06
-1.54868e-06
-1.48663e-06
-1.43888e-06
-1.41386e-06
-1.42388e-06
-1.47969e-06
-1.58423e-06
-1.71873e-06
-1.85351e-06
-1.98446e-06
-2.10438e-06
-2.20787e-06
-2.29364e-06
-2.36716e-06
-2.43982e-06
-2.5246e-06
-2.63261e-06
-2.77234e-06
-2.95027e-06
-3.17144e-06
-3.43917e-06
-3.75462e-06
-4.1166e-06
-4.52189e-06
-4.96585e-06
-5.44292e-06
-5.94703e-06
-6.47187e-06
-7.01105e-06
-1.60019e-06
-1.66642e-06
-1.72369e-06
-1.77205e-06
-1.8115e-06
-1.84212e-06
-1.86406e-06
-1.87764e-06
-1.88334e-06
-1.88175e-06
-1.87358e-06
-1.8597e-06
-1.84102e-06
-1.81881e-06
-1.79447e-06
-1.77003e-06
-1.74817e-06
-1.73235e-06
-1.72792e-06
-1.7403e-06
-1.77698e-06
-1.84851e-06
-1.95417e-06
-2.07969e-06
-2.2142e-06
-2.35298e-06
-2.49037e-06
-2.624e-06
-2.75337e-06
-2.88054e-06
-3.01143e-06
-3.15437e-06
-3.31716e-06
-3.50559e-06
-3.72376e-06
-3.97458e-06
-4.25991e-06
-4.58026e-06
-4.93471e-06
-5.32118e-06
-5.73676e-06
-6.17782e-06
-6.64027e-06
-7.11977e-06
-7.61191e-06
-1.14285e-06
-1.24908e-06
-1.34705e-06
-1.43688e-06
-1.51878e-06
-1.593e-06
-1.65975e-06
-1.7193e-06
-1.77198e-06
-1.81825e-06
-1.85863e-06
-1.89382e-06
-1.92458e-06
-1.95189e-06
-1.97693e-06
-2.00123e-06
-2.02678e-06
-2.05601e-06
-2.09258e-06
-2.14079e-06
-2.20588e-06
-2.2917e-06
-2.3969e-06
-2.51805e-06
-2.65259e-06
-2.79567e-06
-2.94385e-06
-3.09611e-06
-3.25219e-06
-3.41276e-06
-3.58049e-06
-3.76003e-06
-3.95626e-06
-4.17275e-06
-4.41179e-06
-4.67522e-06
-4.96467e-06
-5.2806e-06
-5.62199e-06
-5.98716e-06
-6.37443e-06
-6.78185e-06
-7.2068e-06
-7.64628e-06
-8.09723e-06
-7.70698e-07
-9.19335e-07
-1.05979e-06
-1.19231e-06
-1.31725e-06
-1.43493e-06
-1.54558e-06
-1.64942e-06
-1.74671e-06
-1.8378e-06
-1.92309e-06
-2.00307e-06
-2.07829e-06
-2.14947e-06
-2.21746e-06
-2.28326e-06
-2.34829e-06
-2.41396e-06
-2.48294e-06
-2.55842e-06
-2.64226e-06
-2.7389e-06
-2.8502e-06
-2.97381e-06
-3.10725e-06
-3.2492e-06
-3.39943e-06
-3.55789e-06
-3.724e-06
-3.89769e-06
-4.08e-06
-4.27377e-06
-4.48238e-06
-4.70859e-06
-4.9536e-06
-5.21749e-06
-5.50099e-06
-5.80498e-06
-6.12923e-06
-6.47264e-06
-6.8341e-06
-7.21241e-06
-7.60592e-06
-8.01262e-06
-8.43044e-06
-5.02881e-07
-6.90853e-07
-8.70352e-07
-1.04162e-06
-1.20501e-06
-1.3608e-06
-1.50921e-06
-1.65041e-06
-1.78461e-06
-1.91207e-06
-2.03307e-06
-2.14796e-06
-2.25715e-06
-2.36111e-06
-2.46048e-06
-2.55598e-06
-2.64845e-06
-2.73932e-06
-2.82975e-06
-2.92146e-06
-3.01906e-06
-3.12692e-06
-3.24486e-06
-3.36903e-06
-3.4997e-06
-3.63782e-06
-3.78382e-06
-3.93837e-06
-4.10201e-06
-4.27494e-06
-4.45815e-06
-4.6536e-06
-4.86255e-06
-5.08607e-06
-5.32588e-06
-5.58305e-06
-5.85741e-06
-6.14851e-06
-6.45622e-06
-6.78051e-06
-7.12093e-06
-7.47653e-06
-7.84606e-06
-8.22818e-06
-8.62154e-06
-3.2247e-07
-5.43746e-07
-7.55888e-07
-9.59087e-07
-1.15363e-06
-1.33975e-06
-1.51763e-06
-1.68739e-06
-1.8492e-06
-2.00326e-06
-2.14978e-06
-2.28905e-06
-2.42139e-06
-2.5472e-06
-2.66689e-06
-2.78111e-06
-2.89066e-06
-2.99639e-06
-3.09967e-06
-3.20214e-06
-3.30751e-06
-3.42e-06
-3.53852e-06
-3.65984e-06
-3.78547e-06
-3.91781e-06
-4.05835e-06
-4.20777e-06
-4.36635e-06
-4.53459e-06
-4.71364e-06
-4.90518e-06
-5.11054e-06
-5.33037e-06
-5.56494e-06
-5.81439e-06
-6.07886e-06
-6.35869e-06
-6.65424e-06
-6.96546e-06
-7.29181e-06
-7.63252e-06
-7.98672e-06
-8.35351e-06
-8.73193e-06
-1.9729e-07
-4.458e-07
-6.84278e-07
-9.12883e-07
-1.13185e-06
-1.34136e-06
-1.54155e-06
-1.7325e-06
-1.91436e-06
-2.08729e-06
-2.25153e-06
-2.40732e-06
-2.55497e-06
-2.69483e-06
-2.82735e-06
-2.95306e-06
-3.07271e-06
-3.18723e-06
-3.29788e-06
-3.40669e-06
-3.51636e-06
-3.6303e-06
-3.74786e-06
-3.86689e-06
-3.98923e-06
-4.11725e-06
-4.25246e-06
-4.39615e-06
-4.54955e-06
-4.71375e-06
-4.88956e-06
-5.07761e-06
-5.27836e-06
-5.49222e-06
-5.71974e-06
-5.96167e-06
-6.21859e-06
-6.49079e-06
-6.77824e-06
-7.08072e-06
-7.39785e-06
-7.72914e-06
-8.07401e-06
-8.43176e-06
-8.80161e-06
-1.0635e-07
-3.76642e-07
-6.35965e-07
-8.84432e-07
-1.12221e-06
-1.34942e-06
-1.56617e-06
-1.77254e-06
-1.96868e-06
-2.15477e-06
-2.33106e-06
-2.49782e-06
-2.65537e-06
-2.80408e-06
-2.94442e-06
-3.07701e-06
-3.20262e-06
-3.3223e-06
-3.43736e-06
-3.54962e-06
-3.66145e-06
-3.77602e-06
-3.8929e-06
-4.01027e-06
-4.12992e-06
-4.25454e-06
-4.38615e-06
-4.52633e-06
-4.6762e-06
-4.83656e-06
-5.00801e-06
-5.19119e-06
-5.38688e-06
-5.59585e-06
-5.8188e-06
-6.05626e-06
-6.30853e-06
-6.57572e-06
-6.85785e-06
-7.15485e-06
-7.46652e-06
-7.79254e-06
-8.13244e-06
-8.48565e-06
-8.85155e-06
-3.71223e-08
-3.24675e-07
-6.00315e-07
-8.64111e-07
-1.11618e-06
-1.35662e-06
-1.58552e-06
-1.80298e-06
-2.00918e-06
-2.20434e-06
-2.38872e-06
-2.56264e-06
-2.7265e-06
-2.88071e-06
-3.02583e-06
-3.16239e-06
-3.29158e-06
-3.41426e-06
-3.53181e-06
-3.64597e-06
-3.75906e-06
-3.87394e-06
-3.99008e-06
-4.10621e-06
-4.22435e-06
-4.34717e-06
-4.47652e-06
-4.61388e-06
-4.76044e-06
-4.91726e-06
-5.08523e-06
-5.26519e-06
-5.45788e-06
-5.66396e-06
-5.88395e-06
-6.1183e-06
-6.36734e-06
-6.6313e-06
-6.91032e-06
-7.20441e-06
-7.51345e-06
-7.83717e-06
-8.1752e-06
-8.52708e-06
-8.89228e-06
1.72593e-08
-2.83913e-07
-5.72268e-07
-8.47853e-07
-1.11076e-06
-1.36107e-06
-1.59888e-06
-1.82431e-06
-2.03759e-06
-2.23896e-06
-2.42874e-06
-2.60731e-06
-2.77512e-06
-2.93271e-06
-3.08089e-06
-3.21967e-06
-3.35082e-06
-3.47516e-06
-3.59411e-06
-3.70936e-06
-3.82313e-06
-3.938e-06
-4.05354e-06
-4.16899e-06
-4.28634e-06
-4.40792e-06
-4.53556e-06
-4.67087e-06
-4.81523e-06
-4.96982e-06
-5.13559e-06
-5.31337e-06
-5.50389e-06
-5.70779e-06
-5.92566e-06
-6.15799e-06
-6.40518e-06
-6.66752e-06
-6.94519e-06
-7.23824e-06
-7.54659e-06
-7.87006e-06
-8.20833e-06
-8.56102e-06
-8.92765e-06
6.03264e-08
-2.51625e-07
-5.49933e-07
-8.34636e-07
-1.10581e-06
-1.36352e-06
-1.60788e-06
-1.83906e-06
-2.05732e-06
-2.26294e-06
-2.4563e-06
-2.63784e-06
-2.80807e-06
-2.96755e-06
-3.11685e-06
-3.25746e-06
-3.38972e-06
-3.51493e-06
-3.63459e-06
-3.75035e-06
-3.86437e-06
-3.97902e-06
-4.09398e-06
-4.20891e-06
-4.32566e-06
-4.44637e-06
-4.57289e-06
-4.70686e-06
-4.84973e-06
-5.00271e-06
-5.16682e-06
-5.34294e-06
-5.53187e-06
-5.73431e-06
-5.95089e-06
-6.18214e-06
-6.42851e-06
-6.6903e-06
-6.96775e-06
-7.26094e-06
-7.56986e-06
-7.89437e-06
-8.23423e-06
-8.58908e-06
-8.9585e-06
9.39902e-08
-2.26578e-07
-5.32757e-07
-8.2458e-07
-1.1021e-06
-1.36541e-06
-1.61462e-06
-1.84996e-06
-2.07171e-06
-2.28021e-06
-2.47591e-06
-2.65928e-06
-2.83091e-06
-2.99145e-06
-3.1417e-06
-3.28271e-06
-3.41536e-06
-3.54085e-06
-3.6607e-06
-3.77652e-06
-3.89043e-06
-4.00459e-06
-4.11884e-06
-4.2332e-06
-4.3494e-06
-4.4694e-06
-4.59502e-06
-4.72795e-06
-4.86965e-06
-5.02137e-06
-5.1842e-06
-5.3591e-06
-5.54692e-06
-5.7484e-06
-5.96423e-06
-6.19497e-06
-6.4411e-06
-6.70299e-06
-6.98089e-06
-7.27496e-06
-7.58521e-06
-7.91155e-06
-8.25379e-06
-8.6116e-06
-8.98461e-06
1.19538e-07
-2.07999e-07
-5.20474e-07
-8.17915e-07
-1.10037e-06
-1.36792e-06
-1.62074e-06
-1.85908e-06
-2.08325e-06
-2.29367e-06
-2.49081e-06
-2.67522e-06
-2.84754e-06
-3.0085e-06
-3.15893e-06
-3.29998e-06
-3.43255e-06
-3.55789e-06
-3.67753e-06
-3.79303e-06
-3.9065e-06
-4.01988e-06
-4.13322e-06
-4.24687e-06
-4.36241e-06
-4.48165e-06
-4.60644e-06
-4.73844e-06
-4.87914e-06
-5.02981e-06
-5.19161e-06
-5.36554e-06
-5.55251e-06
-5.75331e-06
-5.96867e-06
-6.19921e-06
-6.44545e-06
-6.70779e-06
-6.98654e-06
-7.28189e-06
-7.5939e-06
-7.92251e-06
-8.26756e-06
-8.62875e-06
-9.00573e-06
1.38125e-07
-1.9512e-07
-5.12693e-07
-8.14613e-07
-1.10092e-06
-1.37173e-06
-1.62724e-06
-1.86773e-06
-2.09357e-06
-2.3052e-06
-2.50315e-06
-2.68802e-06
-2.86053e-06
-3.02145e-06
-3.17168e-06
-3.31235e-06
-3.44448e-06
-3.56934e-06
-3.68845e-06
-3.80333e-06
-3.91606e-06
-4.0284e-06
-4.14063e-06
-4.25338e-06
-4.36809e-06
-4.48649e-06
-4.61041e-06
-4.74151e-06
-4.88127e-06
-5.03099e-06
-5.19186e-06
-5.36493e-06
-5.55118e-06
-5.75144e-06
-5.96649e-06
-6.19698e-06
-6.44349e-06
-6.70647e-06
-6.98625e-06
-7.28307e-06
-7.59702e-06
-7.92809e-06
-8.27613e-06
-8.64088e-06
-9.02197e-06
1.50885e-07
-1.871e-07
-5.08854e-07
-8.1439e-07
-1.10375e-06
-1.37708e-06
-1.6346e-06
-1.87662e-06
-2.10356e-06
-2.3159e-06
-2.5142e-06
-2.69914e-06
-2.87147e-06
-3.03202e-06
-3.18176e-06
-3.3218e-06
-3.45324e-06
-3.57737e-06
-3.69569e-06
-3.80972e-06
-3.92147e-06
-4.03258e-06
-4.14352e-06
-4.25519e-06
-4.36891e-06
-4.48637e-06
-4.60936e-06
-4.73953e-06
-4.87833e-06
-5.02711e-06
-5.18709e-06
-5.35936e-06
-5.54494e-06
-5.74472e-06
-5.9595e-06
-6.19001e-06
-6.43685e-06
-6.70052e-06
-6.98139e-06
-7.27973e-06
-7.59567e-06
-7.92922e-06
-8.28026e-06
-8.64855e-06
-9.03372e-06
1.58904e-07
-1.83071e-07
-5.08303e-07
-8.16796e-07
-1.10861e-06
-1.3839e-06
-1.64293e-06
-1.88604e-06
-2.11367e-06
-2.32635e-06
-2.5247e-06
-2.70943e-06
-2.88133e-06
-3.04129e-06
-3.19033e-06
-3.32955e-06
-3.46014e-06
-3.58336e-06
-3.70074e-06
-3.81374e-06
-3.92434e-06
-4.03406e-06
-4.14359e-06
-4.25404e-06
-4.36664e-06
-4.48306e-06
-4.60506e-06
-4.73424e-06
-4.87207e-06
-5.01991e-06
-5.179e-06
-5.35047e-06
-5.53539e-06
-5.73469e-06
-5.94923e-06
-6.17975e-06
-6.42691e-06
-6.69124e-06
-6.97317e-06
-7.27299e-06
-7.59086e-06
-7.92682e-06
-8.28076e-06
-8.65246e-06
-9.04156e-06
1.63174e-07
-1.82205e-07
-5.10367e-07
-8.21316e-07
-1.11512e-06
-1.39197e-06
-1.65214e-06
-1.89601e-06
-2.12405e-06
-2.33683e-06
-2.535e-06
-2.71933e-06
-2.89064e-06
-3.04988e-06
-3.19808e-06
-3.33638e-06
-3.46599e-06
-3.5882e-06
-3.70453e-06
-3.8164e-06
-3.92573e-06
-4.03398e-06
-4.14201e-06
-4.25115e-06
-4.36255e-06
-4.47787e-06
-4.59881e-06
-4.72697e-06
-4.8638e-06
-5.01067e-06
-5.16886e-06
-5.33954e-06
-5.52379e-06
-5.72259e-06
-5.93685e-06
-6.16735e-06
-6.41479e-06
-6.67973e-06
-6.96264e-06
-7.26384e-06
-7.58352e-06
-7.92175e-06
-8.27843e-06
-8.65335e-06
-9.04615e-06
1.64568e-07
-1.83749e-07
-5.14413e-07
-8.27428e-07
-1.12288e-06
-1.40098e-06
-1.66202e-06
-1.90641e-06
-2.13466e-06
-2.34736e-06
-2.54523e-06
-2.72903e-06
-2.89967e-06
-3.05809e-06
-3.20539e-06
-3.34271e-06
-3.47128e-06
-3.59242e-06
-3.70763e-06
-3.81832e-06
-3.92634e-06
-4.03308e-06
-4.13958e-06
-4.24734e-06
-4.35751e-06
-4.47168e-06
-4.59154e-06
-4.71864e-06
-4.85445e-06
-5.00035e-06
-5.15764e-06
-5.3275e-06
-5.51107e-06
-5.70936e-06
-5.92331e-06
-6.15375e-06
-6.40139e-06
-6.66686e-06
-6.95065e-06
-7.2531e-06
-7.57445e-06
-7.91477e-06
-8.27398e-06
-8.65188e-06
-9.04812e-06
1.63841e-07
-1.87036e-07
-5.19856e-07
-8.34631e-07
-1.13146e-06
-1.41057e-06
-1.67228e-06
-1.91703e-06
-2.14535e-06
-2.35788e-06
-2.55535e-06
-2.73857e-06
-2.90847e-06
-3.06605e-06
-3.21242e-06
-3.34873e-06
-3.47626e-06
-3.59631e-06
-3.7104e-06
-3.81988e-06
-3.92659e-06
-4.03182e-06
-4.1368e-06
-4.24318e-06
-4.3521e-06
-4.46512e-06
-4.58388e-06
-4.70993e-06
-4.84473e-06
-4.98966e-06
-5.14604e-06
-5.31509e-06
-5.49797e-06
-5.69573e-06
-5.90934e-06
-6.13966e-06
-6.38745e-06
-6.65336e-06
-6.93791e-06
-7.24149e-06
-7.56433e-06
-7.90654e-06
-8.26806e-06
-8.64869e-06
-9.04808e-06
1.61619e-07
-1.91493e-07
-5.26182e-07
-8.42464e-07
-1.14046e-06
-1.42039e-06
-1.68263e-06
-1.92762e-06
-2.15592e-06
-2.36821e-06
-2.56523e-06
-2.74785e-06
-2.91701e-06
-3.07374e-06
-3.21918e-06
-3.35452e-06
-3.48101e-06
-3.59999e-06
-3.71297e-06
-3.82127e-06
-3.9267e-06
-4.03049e-06
-4.13398e-06
-4.23901e-06
-4.34671e-06
-4.4586e-06
-4.57629e-06
-4.7013e-06
-4.8351e-06
-4.97909e-06
-5.13458e-06
-5.30284e-06
-5.48504e-06
-5.68226e-06
-5.8955e-06
-6.12566e-06
-6.37353e-06
-6.6398e-06
-6.925e-06
-7.22956e-06
-7.55373e-06
-7.89764e-06
-8.26123e-06
-8.64432e-06
-9.04655e-06
1.5831e-07
-1.96781e-07
-5.33108e-07
-8.50697e-07
-1.14968e-06
-1.4303e-06
-1.69295e-06
-1.93808e-06
-2.16631e-06
-2.3783e-06
-2.57486e-06
-2.75686e-06
-2.92528e-06
-3.08118e-06
-3.22571e-06
-3.36009e-06
-3.48557e-06
-3.60355e-06
-3.71545e-06
-3.82263e-06
-3.92682e-06
-4.0292e-06
-4.13125e-06
-4.23497e-06
-4.34149e-06
-4.45228e-06
-4.56892e-06
-4.69293e-06
-4.82576e-06
-4.96883e-06
-5.12346e-06
-5.29094e-06
-5.47246e-06
-5.66914e-06
-5.88199e-06
-6.11196e-06
-6.35987e-06
-6.62641e-06
-6.91216e-06
-7.21757e-06
-7.54292e-06
-7.88833e-06
-8.25378e-06
-8.63909e-06
-9.0439e-06
1.5398e-07
-2.02969e-07
-5.4082e-07
-8.59611e-07
-1.15949e-06
-1.44072e-06
-1.7037e-06
-1.94892e-06
-2.177e-06
-2.38866e-06
-2.58471e-06
-2.76606e-06
-2.93371e-06
-3.08875e-06
-3.23237e-06
-3.36577e-06
-3.49024e-06
-3.6072e-06
-3.718e-06
-3.82405e-06
-3.927e-06
-4.02795e-06
-4.12855e-06
-4.23094e-06
-4.33626e-06
-4.44594e-06
-4.56152e-06
-4.6845e-06
-4.81634e-06
-4.95846e-06
-5.11221e-06
-5.27888e-06
-5.4597e-06
-5.6558e-06
-5.86824e-06
-6.09797e-06
-6.34585e-06
-6.61261e-06
-6.89885e-06
-7.20504e-06
-7.53147e-06
-7.8783e-06
-8.24551e-06
-8.63291e-06
-9.04018e-06
1.4919e-07
-2.0952e-07
-5.48828e-07
-8.68778e-07
-1.16952e-06
-1.45134e-06
-1.71464e-06
-1.95995e-06
-2.1879e-06
-2.39923e-06
-2.59478e-06
-2.7755e-06
-2.9424e-06
-3.09662e-06
-3.2393e-06
-3.3717e-06
-3.49512e-06
-3.611e-06
-3.72066e-06
-3.82548e-06
-3.92722e-06
-4.02683e-06
-4.12598e-06
-4.22706e-06
-4.33119e-06
-4.43973e-06
-4.55424e-06
-4.67617e-06
-4.80701e-06
-4.94817e-06
-5.10102e-06
-5.26687e-06
-5.44695e-06
-5.64245e-06
-5.85444e-06
-6.0839e-06
-6.33173e-06
-6.59867e-06
-6.88536e-06
-7.19228e-06
-7.51976e-06
-7.86796e-06
-8.23687e-06
-8.62631e-06
-9.03593e-06
-6.17725e-06
-1.16615e-05
-1.22332e-05
-1.25956e-05
-1.31966e-05
-1.39467e-05
-1.48055e-05
-1.57472e-05
-1.67555e-05
-1.78197e-05
-1.89315e-05
-2.0084e-05
-2.12722e-05
-2.24956e-05
-2.37634e-05
-3.34122e-06
-8.66824e-06
-1.06304e-05
-1.17828e-05
-1.27633e-05
-1.36988e-05
-1.46558e-05
-1.56542e-05
-1.66968e-05
-1.77823e-05
-1.89071e-05
-2.00673e-05
-2.12597e-05
-2.24851e-05
-2.37531e-05
-1.64384e-06
-6.66246e-06
-9.38052e-06
-1.10503e-05
-1.2334e-05
-1.34459e-05
-1.45033e-05
-1.55607e-05
-1.66389e-05
-1.77461e-05
-1.88841e-05
-2.00518e-05
-2.12481e-05
-2.24749e-05
-2.37427e-05
-9.81017e-07
-5.40328e-06
-8.38358e-06
-1.03853e-05
-1.19115e-05
-1.31886e-05
-1.43487e-05
-1.5468e-05
-1.65836e-05
-1.77131e-05
-1.8864e-05
-2.00388e-05
-2.12383e-05
-2.24659e-05
-2.37327e-05
-7.84168e-07
-4.44825e-06
-7.44068e-06
-9.68508e-06
-1.14375e-05
-1.28878e-05
-1.41655e-05
-1.53591e-05
-1.65201e-05
-1.76767e-05
-1.8843e-05
-2.00258e-05
-2.12288e-05
-2.24567e-05
-2.37217e-05
-7.32635e-07
-3.78819e-06
-6.60607e-06
-8.96345e-06
-1.08996e-05
-1.25211e-05
-1.3931e-05
-1.52157e-05
-1.64355e-05
-1.76281e-05
-1.88153e-05
-2.0009e-05
-2.12167e-05
-2.24453e-05
-2.37082e-05
-8.30951e-07
-3.39786e-06
-5.95451e-06
-8.2912e-06
-1.03313e-05
-1.20932e-05
-1.36345e-05
-1.50224e-05
-1.63151e-05
-1.75554e-05
-1.87718e-05
-1.9982e-05
-2.11974e-05
-2.24282e-05
-2.36894e-05
-1.09418e-06
-3.25844e-06
-5.52559e-06
-7.74022e-06
-9.79132e-06
-1.16366e-05
-1.32851e-05
-1.47737e-05
-1.61473e-05
-1.74461e-05
-1.87014e-05
-1.99354e-05
-2.11636e-05
-2.23996e-05
-2.36606e-05
-1.49631e-06
-3.33364e-06
-5.32076e-06
-7.35622e-06
-9.33879e-06
-1.11998e-05
-1.29121e-05
-1.44811e-05
-1.59311e-05
-1.72925e-05
-1.8594e-05
-1.9859e-05
-2.1106e-05
-2.23515e-05
-2.36149e-05
-2.00774e-06
-3.58176e-06
-5.31723e-06
-7.15331e-06
-9.01385e-06
-1.08294e-05
-1.25541e-05
-1.41691e-05
-1.56775e-05
-1.70956e-05
-1.84443e-05
-1.97446e-05
-2.10153e-05
-2.22747e-05
-2.35437e-05
-2.6039e-06
-3.96509e-06
-5.48237e-06
-7.12185e-06
-8.83244e-06
-1.05569e-05
-1.22459e-05
-1.38668e-05
-1.54059e-05
-1.68646e-05
-1.82536e-05
-1.9588e-05
-2.08843e-05
-2.21605e-05
-2.34381e-05
-3.26555e-06
-4.45282e-06
-5.78335e-06
-7.23998e-06
-8.79131e-06
-1.03959e-05
-1.20105e-05
-1.35986e-05
-1.51362e-05
-1.66124e-05
-1.80274e-05
-1.93888e-05
-2.07083e-05
-2.20016e-05
-2.3289e-05
-3.97635e-06
-5.0196e-06
-6.19043e-06
-7.48167e-06
-8.87573e-06
-1.03455e-05
-1.1858e-05
-1.338e-05
-1.48839e-05
-1.6351e-05
-1.77725e-05
-1.91481e-05
-2.04837e-05
-2.1791e-05
-2.30875e-05
-4.71941e-06
-5.64194e-06
-6.67576e-06
-7.81945e-06
-9.06439e-06
-1.03946e-05
-1.17876e-05
-1.32174e-05
-1.46582e-05
-1.60885e-05
-1.74935e-05
-1.88662e-05
-2.02065e-05
-2.15211e-05
-2.28232e-05
-5.47478e-06
-6.29519e-06
-7.2111e-06
-8.22417e-06
-9.33129e-06
-1.05242e-05
-1.17894e-05
-1.31089e-05
-1.44622e-05
-1.58292e-05
-1.71931e-05
-1.85425e-05
-1.98721e-05
-2.11834e-05
-2.24848e-05
-6.21859e-06
-6.95212e-06
-7.76639e-06
-8.66453e-06
-9.64656e-06
-1.07092e-05
-1.18456e-05
-1.30449e-05
-1.4293e-05
-1.55741e-05
-1.68728e-05
-1.81763e-05
-1.94765e-05
-2.07703e-05
-2.20613e-05
-6.92496e-06
-7.58406e-06
-8.31052e-06
-9.1079e-06
-9.97786e-06
-1.09201e-05
-1.19321e-05
-1.30085e-05
-1.41412e-05
-1.53198e-05
-1.65327e-05
-1.77686e-05
-1.90185e-05
-2.02771e-05
-2.15436e-05
-7.56766e-06
-8.16266e-06
-8.81308e-06
-9.52235e-06
-1.02928e-05
-1.11259e-05
-1.20216e-05
-1.29784e-05
-1.39929e-05
-1.50596e-05
-1.61717e-05
-1.73214e-05
-1.85015e-05
-1.9706e-05
-2.09302e-05
-8.11958e-06
-8.65917e-06
-9.24385e-06
-9.87658e-06
-1.05599e-05
-1.12958e-05
-1.20859e-05
-1.2931e-05
-1.3831e-05
-1.47844e-05
-1.57884e-05
-1.68392e-05
-1.79331e-05
-1.9066e-05
-2.02331e-05
-8.56227e-06
-9.05392e-06
-9.58197e-06
-1.01488e-05
-1.07567e-05
-1.14081e-05
-1.21051e-05
-1.28499e-05
-1.36444e-05
-1.44897e-05
-1.53865e-05
-1.63345e-05
-1.73322e-05
-1.83787e-05
-1.94744e-05
-8.86164e-06
-9.31559e-06
-9.79927e-06
-1.03145e-05
-1.08633e-05
-1.1448e-05
-1.20711e-05
-1.27351e-05
-1.34429e-05
-1.41971e-05
-1.50004e-05
-1.58558e-05
-1.67644e-05
-1.77264e-05
-1.87449e-05
-9.02813e-06
-9.45511e-06
-9.90761e-06
-1.0387e-05
-1.0895e-05
-1.14337e-05
-1.20057e-05
-1.26134e-05
-1.32599e-05
-1.39484e-05
-1.46823e-05
-1.54651e-05
-1.63015e-05
-1.71962e-05
-1.81502e-05
-9.12359e-06
-9.53413e-06
-9.96756e-06
-1.0425e-05
-1.0908e-05
-1.14185e-05
-1.19586e-05
-1.25308e-05
-1.31378e-05
-1.37831e-05
-1.44702e-05
-1.52033e-05
-1.5987e-05
-1.68257e-05
-1.77215e-05
-9.1849e-06
-9.58622e-06
-1.00088e-05
-1.04536e-05
-1.09219e-05
-1.14154e-05
-1.1936e-05
-1.24858e-05
-1.30675e-05
-1.36839e-05
-1.43386e-05
-1.50354e-05
-1.57782e-05
-1.65713e-05
-1.74188e-05
-9.23126e-06
-9.62853e-06
-1.0046e-05
-1.04845e-05
-1.09451e-05
-1.14293e-05
-1.19385e-05
-1.24746e-05
-1.30399e-05
-1.36368e-05
-1.42684e-05
-1.49379e-05
-1.56493e-05
-1.64065e-05
-1.72135e-05
-9.27171e-06
-9.66849e-06
-1.00848e-05
-1.05212e-05
-1.09788e-05
-1.14585e-05
-1.19616e-05
-1.24896e-05
-1.30444e-05
-1.36279e-05
-1.42428e-05
-1.48919e-05
-1.55786e-05
-1.63061e-05
-1.70785e-05
-9.309e-06
-9.70759e-06
-1.01252e-05
-1.05624e-05
-1.10197e-05
-1.14982e-05
-1.19987e-05
-1.25223e-05
-1.30704e-05
-1.36447e-05
-1.42473e-05
-1.48806e-05
-1.55471e-05
-1.62498e-05
-1.6992e-05
-9.34311e-06
-9.74497e-06
-1.01655e-05
-1.06051e-05
-1.10642e-05
-1.15434e-05
-1.20434e-05
-1.25649e-05
-1.3109e-05
-1.3677e-05
-1.42704e-05
-1.4891e-05
-1.55409e-05
-1.62224e-05
-1.69384e-05
-9.37326e-06
-9.77922e-06
-1.02036e-05
-1.06466e-05
-1.11086e-05
-1.15898e-05
-1.20907e-05
-1.26117e-05
-1.31536e-05
-1.37172e-05
-1.43036e-05
-1.49141e-05
-1.55501e-05
-1.62138e-05
-1.6907e-05
-9.39882e-06
-9.80932e-06
-1.02381e-05
-1.06851e-05
-1.11506e-05
-1.16346e-05
-1.21373e-05
-1.26589e-05
-1.31997e-05
-1.37604e-05
-1.43414e-05
-1.49437e-05
-1.55683e-05
-1.62167e-05
-1.68903e-05
-9.41962e-06
-9.8348e-06
-1.02681e-05
-1.07195e-05
-1.11889e-05
-1.16761e-05
-1.21811e-05
-1.27039e-05
-1.32446e-05
-1.38033e-05
-1.43804e-05
-1.49761e-05
-1.5591e-05
-1.62264e-05
-1.68831e-05
-9.43588e-06
-9.85572e-06
-1.02936e-05
-1.07494e-05
-1.12227e-05
-1.17134e-05
-1.2221e-05
-1.27455e-05
-1.32866e-05
-1.38442e-05
-1.44183e-05
-1.50086e-05
-1.56154e-05
-1.62399e-05
-1.68818e-05
-9.44806e-06
-9.8724e-06
-1.03147e-05
-1.07748e-05
-1.12521e-05
-1.17462e-05
-1.22567e-05
-1.27831e-05
-1.33249e-05
-1.38819e-05
-1.44539e-05
-1.50398e-05
-1.56398e-05
-1.62549e-05
-1.68842e-05
-9.45674e-06
-9.88534e-06
-1.03319e-05
-1.07961e-05
-1.12772e-05
-1.17747e-05
-1.2288e-05
-1.28164e-05
-1.33593e-05
-1.39161e-05
-1.44866e-05
-1.50689e-05
-1.56631e-05
-1.62702e-05
-1.68886e-05
-9.46252e-06
-9.89509e-06
-1.03457e-05
-1.08137e-05
-1.12984e-05
-1.17992e-05
-1.23153e-05
-1.28457e-05
-1.33897e-05
-1.39469e-05
-1.45159e-05
-1.50952e-05
-1.56847e-05
-1.62849e-05
-1.68939e-05
-9.46597e-06
-9.9022e-06
-1.03564e-05
-1.0828e-05
-1.13162e-05
-1.18201e-05
-1.23388e-05
-1.28712e-05
-1.34165e-05
-1.39741e-05
-1.45419e-05
-1.51188e-05
-1.57044e-05
-1.62987e-05
-1.68994e-05
-9.46761e-06
-9.90716e-06
-1.03647e-05
-1.08396e-05
-1.13309e-05
-1.18377e-05
-1.23588e-05
-1.28932e-05
-1.34398e-05
-1.39978e-05
-1.45647e-05
-1.51398e-05
-1.57221e-05
-1.63112e-05
-1.69049e-05
-9.46784e-06
-9.91044e-06
-1.03711e-05
-1.0849e-05
-1.13431e-05
-1.18525e-05
-1.23759e-05
-1.29122e-05
-1.346e-05
-1.40183e-05
-1.45847e-05
-1.51582e-05
-1.57377e-05
-1.63225e-05
-1.691e-05
-9.46689e-06
-9.91244e-06
-1.0376e-05
-1.08568e-05
-1.13538e-05
-1.18657e-05
-1.23913e-05
-1.29293e-05
-1.34784e-05
-1.40373e-05
-1.46032e-05
-1.51754e-05
-1.57524e-05
-1.63332e-05
-1.69151e-05
-9.46525e-06
-9.9135e-06
-1.03799e-05
-1.08635e-05
-1.13632e-05
-1.18778e-05
-1.24058e-05
-1.29457e-05
-1.3496e-05
-1.40555e-05
-1.46212e-05
-1.51921e-05
-1.57666e-05
-1.63436e-05
-1.692e-05
-1.30418e-06
-1.30092e-06
-1.29934e-06
-1.29901e-06
-1.29959e-06
-1.30074e-06
-1.30218e-06
-1.30386e-06
-1.30587e-06
-1.30845e-06
-1.31189e-06
-1.31673e-06
-1.32333e-06
-1.33208e-06
-1.3433e-06
-1.35723e-06
-1.37393e-06
-1.39316e-06
-1.41429e-06
-1.43612e-06
-1.45677e-06
-1.47358e-06
-1.481e-06
-1.47219e-06
-1.44149e-06
-1.38356e-06
-1.29351e-06
-1.16781e-06
-1.00555e-06
-8.09257e-07
-5.80612e-07
-3.25213e-07
-5.96448e-08
1.98929e-07
4.34113e-07
6.313e-07
7.77524e-07
8.65137e-07
8.94175e-07
8.72698e-07
8.15517e-07
7.41014e-07
6.68226e-07
6.17756e-07
6.03608e-07
-1.30852e-06
-1.30586e-06
-1.30427e-06
-1.303e-06
-1.30168e-06
-1.30013e-06
-1.29832e-06
-1.29618e-06
-1.29378e-06
-1.29129e-06
-1.28893e-06
-1.28705e-06
-1.28602e-06
-1.28621e-06
-1.28802e-06
-1.29178e-06
-1.29773e-06
-1.30598e-06
-1.31628e-06
-1.32789e-06
-1.33936e-06
-1.3482e-06
-1.34914e-06
-1.33623e-06
-1.30453e-06
-1.24913e-06
-1.16556e-06
-1.05065e-06
-9.03174e-07
-7.24117e-07
-5.17632e-07
-2.94913e-07
-6.72754e-08
1.54332e-07
3.55668e-07
5.2171e-07
6.41928e-07
7.12021e-07
7.34515e-07
7.18254e-07
6.76398e-07
6.23422e-07
5.72421e-07
5.33947e-07
5.13112e-07
-1.30708e-06
-1.30669e-06
-1.30632e-06
-1.30551e-06
-1.30405e-06
-1.30183e-06
-1.29876e-06
-1.29485e-06
-1.29019e-06
-1.28494e-06
-1.27932e-06
-1.27362e-06
-1.26819e-06
-1.26344e-06
-1.25988e-06
-1.25807e-06
-1.25865e-06
-1.26233e-06
-1.26977e-06
-1.28147e-06
-1.29753e-06
-1.31702e-06
-1.33533e-06
-1.34541e-06
-1.3403e-06
-1.31271e-06
-1.25571e-06
-1.16399e-06
-1.03482e-06
-8.68681e-07
-6.68898e-07
-4.45311e-07
-2.10462e-07
2.08646e-08
2.32566e-07
4.09432e-07
5.39981e-07
6.18735e-07
6.47347e-07
6.34116e-07
5.919e-07
5.35135e-07
4.76843e-07
4.24935e-07
3.8091e-07
-1.30462e-06
-1.30773e-06
-1.30916e-06
-1.30921e-06
-1.30795e-06
-1.30528e-06
-1.30116e-06
-1.29565e-06
-1.28885e-06
-1.28095e-06
-1.27218e-06
-1.26287e-06
-1.25342e-06
-1.24439e-06
-1.23651e-06
-1.23074e-06
-1.22841e-06
-1.23123e-06
-1.24136e-06
-1.26135e-06
-1.29387e-06
-1.34056e-06
-1.39697e-06
-1.45251e-06
-1.49595e-06
-1.51559e-06
-1.50027e-06
-1.44201e-06
-1.33643e-06
-1.18342e-06
-9.87349e-07
-7.56583e-07
-5.04972e-07
-2.49224e-07
-7.8573e-09
2.01128e-07
3.63075e-07
4.69343e-07
5.18976e-07
5.18618e-07
4.80661e-07
4.2033e-07
3.5223e-07
2.84432e-07
2.16089e-07
-1.30417e-06
-1.31099e-06
-1.31459e-06
-1.31581e-06
-1.31505e-06
-1.31229e-06
-1.30752e-06
-1.30084e-06
-1.29236e-06
-1.28229e-06
-1.27089e-06
-1.25853e-06
-1.24569e-06
-1.23313e-06
-1.22188e-06
-1.21348e-06
-1.21015e-06
-1.215e-06
-1.23227e-06
-1.26735e-06
-1.32649e-06
-1.41502e-06
-1.52838e-06
-1.64969e-06
-1.76104e-06
-1.84428e-06
-1.88298e-06
-1.86791e-06
-1.79425e-06
-1.66015e-06
-1.46843e-06
-1.22847e-06
-9.53886e-07
-6.62966e-07
-3.76869e-07
-1.17354e-07
9.61768e-08
2.49911e-07
3.38215e-07
3.64509e-07
3.40012e-07
2.8102e-07
2.0481e-07
1.21092e-07
2.80939e-08
-1.30822e-06
-1.31856e-06
-1.32423e-06
-1.32668e-06
-1.32663e-06
-1.32406e-06
-1.319e-06
-1.31153e-06
-1.30183e-06
-1.29008e-06
-1.27658e-06
-1.26173e-06
-1.24612e-06
-1.23068e-06
-1.21683e-06
-1.20674e-06
-1.20366e-06
-1.21241e-06
-1.23969e-06
-1.29439e-06
-1.3871e-06
-1.5277e-06
-1.71137e-06
-1.91205e-06
-2.10248e-06
-2.25746e-06
-2.35972e-06
-2.39772e-06
-2.36342e-06
-2.25519e-06
-2.07226e-06
-1.82419e-06
-1.52535e-06
-1.19494e-06
-8.56181e-07
-5.34574e-07
-2.54969e-07
-3.77567e-08
1.04914e-07
1.71487e-07
1.70819e-07
1.19922e-07
3.91633e-08
-5.93746e-08
-1.77665e-07
-1.31827e-06
-1.33175e-06
-1.33937e-06
-1.34307e-06
-1.34382e-06
-1.34161e-06
-1.33646e-06
-1.3285e-06
-1.31786e-06
-1.30477e-06
-1.28949e-06
-1.27246e-06
-1.25436e-06
-1.23629e-06
-1.22001e-06
-1.20835e-06
-1.20566e-06
-1.21853e-06
-1.25644e-06
-1.33214e-06
-1.46099e-06
-1.65785e-06
-1.91761e-06
-2.20244e-06
-2.47499e-06
-2.70888e-06
-2.88513e-06
-2.98394e-06
-2.99097e-06
-2.90564e-06
-2.73317e-06
-2.48116e-06
-2.16262e-06
-1.79629e-06
-1.40622e-06
-1.02063e-06
-6.69406e-07
-3.79901e-07
-1.72039e-07
-5.40712e-08
-2.11239e-08
-5.65529e-08
-1.37216e-07
-2.48486e-07
-3.92252e-07
-1.33526e-06
-1.3515e-06
-1.36093e-06
-1.36585e-06
-1.36744e-06
-1.36568e-06
-1.36059e-06
-1.35228e-06
-1.34089e-06
-1.3266e-06
-1.30967e-06
-1.29052e-06
-1.26988e-06
-1.24896e-06
-1.22984e-06
-1.21592e-06
-1.21263e-06
-1.22832e-06
-1.27526e-06
-1.37036e-06
-1.534e-06
-1.78587e-06
-2.12181e-06
-2.49189e-06
-2.84935e-06
-3.16096e-06
-3.3998e-06
-3.54738e-06
-3.5945e-06
-3.53653e-06
-3.37948e-06
-3.13007e-06
-2.80031e-06
-2.40765e-06
-1.97551e-06
-1.53313e-06
-1.11394e-06
-7.51608e-07
-4.74241e-07
-2.98069e-07
-2.23972e-07
-2.3728e-07
-3.1305e-07
-4.34439e-07
-6.03166e-07
-1.35966e-06
-1.37835e-06
-1.38943e-06
-1.39553e-06
-1.39795e-06
-1.39669e-06
-1.39172e-06
-1.38314e-06
-1.37104e-06
-1.35557e-06
-1.33692e-06
-1.31548e-06
-1.29195e-06
-1.26763e-06
-1.24479e-06
-1.22733e-06
-1.22162e-06
-1.23764e-06
-1.2904e-06
-1.40108e-06
-1.5952e-06
-1.89581e-06
-2.30241e-06
-2.7511e-06
-3.18448e-06
-3.56261e-06
-3.85593e-06
-4.04686e-06
-4.12775e-06
-4.09583e-06
-3.95578e-06
-3.71442e-06
-3.3826e-06
-2.97564e-06
-2.51483e-06
-2.02854e-06
-1.55173e-06
-1.12284e-06
-7.77823e-07
-5.41385e-07
-4.21668e-07
-4.07751e-07
-4.74293e-07
-6.02955e-07
-7.95364e-07
-1.39155e-06
-1.41247e-06
-1.42508e-06
-1.43231e-06
-1.43557e-06
-1.43481e-06
-1.42995e-06
-1.42107e-06
-1.4082e-06
-1.39141e-06
-1.37083e-06
-1.34675e-06
-1.31981e-06
-1.29128e-06
-1.26356e-06
-1.2409e-06
-1.23045e-06
-1.24367e-06
-1.29803e-06
-1.41905e-06
-1.6376e-06
-1.97772e-06
-2.44588e-06
-2.96278e-06
-3.46025e-06
-3.89319e-06
-4.23081e-06
-4.45639e-06
-4.56381e-06
-4.55296e-06
-4.42914e-06
-4.19934e-06
-3.873e-06
-3.46276e-06
-2.98672e-06
-2.4708e-06
-1.9495e-06
-1.46412e-06
-1.05768e-06
-7.6282e-07
-5.95925e-07
-5.51443e-07
-6.05162e-07
-7.38192e-07
-9.52347e-07
-1.43076e-06
-1.4538e-06
-1.46789e-06
-1.47622e-06
-1.48029e-06
-1.47999e-06
-1.47519e-06
-1.4659e-06
-1.45211e-06
-1.43378e-06
-1.41093e-06
-1.38374e-06
-1.35271e-06
-1.31905e-06
-1.28516e-06
-1.2555e-06
-1.23784e-06
-1.24487e-06
-1.29618e-06
-1.42078e-06
-1.65567e-06
-2.03011e-06
-2.54669e-06
-3.11991e-06
-3.6691e-06
-4.14488e-06
-4.51565e-06
-4.7661e-06
-4.89246e-06
-4.89755e-06
-4.78793e-06
-4.57096e-06
-4.25465e-06
-3.84885e-06
-3.36801e-06
-2.83463e-06
-2.28117e-06
-1.74986e-06
-1.29083e-06
-9.41821e-07
-7.28212e-07
-6.51289e-07
-6.89311e-07
-8.23798e-07
-1.05719e-06
-1.47701e-06
-1.50215e-06
-1.51771e-06
-1.52714e-06
-1.532e-06
-1.53209e-06
-1.52724e-06
-1.51739e-06
-1.50244e-06
-1.48226e-06
-1.45674e-06
-1.42589e-06
-1.39005e-06
-1.35029e-06
-1.30892e-06
-1.27052e-06
-1.24326e-06
-1.2409e-06
-1.28492e-06
-1.40675e-06
-1.64854e-06
-2.05184e-06
-2.60559e-06
-3.22259e-06
-3.81169e-06
-4.31918e-06
-4.71297e-06
-4.97962e-06
-5.11813e-06
-5.13409e-06
-5.03562e-06
-4.83043e-06
-4.52529e-06
-4.12742e-06
-3.64773e-06
-3.10503e-06
-2.5286e-06
-1.95958e-06
-1.45774e-06
-1.06005e-06
-8.0115e-07
-6.9083e-07
-7.1083e-07
-8.4384e-07
-1.09345e-06
-1.52996e-06
-1.55731e-06
-1.57438e-06
-1.58491e-06
-1.59051e-06
-1.59091e-06
-1.58586e-06
-1.57523e-06
-1.55884e-06
-1.53645e-06
-1.50779e-06
-1.4727e-06
-1.43133e-06
-1.38453e-06
-1.33449e-06
-1.28574e-06
-1.24677e-06
-1.23217e-06
-1.26514e-06
-1.37956e-06
-1.62233e-06
-2.04264e-06
-2.62471e-06
-3.27526e-06
-3.89402e-06
-4.4238e-06
-4.83231e-06
-5.10813e-06
-5.25299e-06
-5.27502e-06
-5.1838e-06
-4.98731e-06
-4.69127e-06
-4.30072e-06
-3.82351e-06
-3.27516e-06
-2.68176e-06
-2.08065e-06
-1.54037e-06
-1.10076e-06
-7.98826e-07
-6.54872e-07
-6.54968e-07
-7.83544e-07
-1.04596e-06
-1.58934e-06
-1.61907e-06
-1.63772e-06
-1.64937e-06
-1.65567e-06
-1.65625e-06
-1.6508e-06
-1.63913e-06
-1.62097e-06
-1.59595e-06
-1.56367e-06
-1.52377e-06
-1.47616e-06
-1.42148e-06
-1.36169e-06
-1.30124e-06
-1.24877e-06
-1.21957e-06
-1.23838e-06
-1.34188e-06
-1.58003e-06
-2.00703e-06
-2.60962e-06
-3.28509e-06
-3.925e-06
-4.46949e-06
-4.88621e-06
-5.16566e-06
-5.31206e-06
-5.33561e-06
-5.24708e-06
-5.05456e-06
-4.76294e-06
-4.37556e-06
-3.89787e-06
-3.34276e-06
-2.7343e-06
-2.10837e-06
-1.52717e-06
-1.04829e-06
-7.07041e-07
-5.30137e-07
-5.08773e-07
-6.29895e-07
-9.01437e-07
-1.65493e-06
-1.68727e-06
-1.70762e-06
-1.72039e-06
-1.72732e-06
-1.72793e-06
-1.72185e-06
-1.70882e-06
-1.68849e-06
-1.66041e-06
-1.62401e-06
-1.57875e-06
-1.52427e-06
-1.46096e-06
-1.39054e-06
-1.31729e-06
-1.24991e-06
-1.20422e-06
-1.20632e-06
-1.29533e-06
-1.52443e-06
-1.9514e-06
-2.56722e-06
-3.26028e-06
-3.91438e-06
-4.46764e-06
-4.8876e-06
-5.16641e-06
-5.31026e-06
-5.33098e-06
-5.24006e-06
-5.04555e-06
-4.75172e-06
-4.36068e-06
-3.87618e-06
-3.30936e-06
-2.68323e-06
-2.03397e-06
-1.41197e-06
-8.94409e-07
-5.15934e-07
-3.06078e-07
-2.61505e-07
-3.71976e-07
-6.48836e-07
-1.72664e-06
-1.76186e-06
-1.78403e-06
-1.79793e-06
-1.80538e-06
-1.80581e-06
-1.79878e-06
-1.78402e-06
-1.7611e-06
-1.72948e-06
-1.68847e-06
-1.63734e-06
-1.57542e-06
-1.50286e-06
-1.42114e-06
-1.33425e-06
-1.25091e-06
-1.18736e-06
-1.17084e-06
-1.24243e-06
-1.4589e-06
-1.88136e-06
-2.50451e-06
-3.20814e-06
-3.87135e-06
-4.42896e-06
-4.84844e-06
-5.12324e-06
-5.26102e-06
-5.27463e-06
-5.17593e-06
-4.97273e-06
-4.66867e-06
-4.26515e-06
-3.76524e-06
-3.17909e-06
-2.52895e-06
-1.85174e-06
-1.19219e-06
-6.33039e-07
-2.1764e-07
2.58956e-08
9.5512e-08
-9.93716e-10
-2.79404e-07
-1.80447e-06
-1.8429e-06
-1.86701e-06
-1.882e-06
-1.88982e-06
-1.88979e-06
-1.88143e-06
-1.86448e-06
-1.83847e-06
-1.8028e-06
-1.75669e-06
-1.69926e-06
-1.62943e-06
-1.54712e-06
-1.4536e-06
-1.35251e-06
-1.25251e-06
-1.17016e-06
-1.13382e-06
-1.18576e-06
-1.38697e-06
-1.80118e-06
-2.4267e-06
-3.13642e-06
-3.80447e-06
-4.36294e-06
-4.77906e-06
-5.04708e-06
-5.17562e-06
-5.17798e-06
-5.06592e-06
-4.84685e-06
-4.52388e-06
-4.0981e-06
-3.57249e-06
-2.95717e-06
-2.27453e-06
-1.56186e-06
-8.65353e-07
-2.62107e-07
1.94083e-07
4.72395e-07
5.68621e-07
4.89488e-07
2.13047e-07
-1.88859e-06
-1.93056e-06
-1.95672e-06
-1.97273e-06
-1.98067e-06
-1.97978e-06
-1.96962e-06
-1.94992e-06
-1.92026e-06
-1.87998e-06
-1.82825e-06
-1.76412e-06
-1.6861e-06
-1.59363e-06
-1.48803e-06
-1.37245e-06
-1.25539e-06
-1.1537e-06
-1.09632e-06
-1.12814e-06
-1.31166e-06
-1.71481e-06
-2.33893e-06
-3.05115e-06
-3.72075e-06
-4.27743e-06
-4.68791e-06
-4.94686e-06
-5.06324e-06
-5.05032e-06
-4.91937e-06
-4.67717e-06
-4.32639e-06
-3.86808e-06
-3.30579e-06
-2.65035e-06
-1.92471e-06
-1.16687e-06
-4.30081e-07
2.19002e-07
7.20272e-07
1.03672e-06
1.16159e-06
1.10371e-06
8.31852e-07
-1.97931e-06
-2.02517e-06
-2.05344e-06
-2.0703e-06
-2.07801e-06
-2.07576e-06
-2.06316e-06
-2.04005e-06
-2.00608e-06
-1.96058e-06
-1.90277e-06
-1.83153e-06
-1.74498e-06
-1.64227e-06
-1.52447e-06
-1.39431e-06
-1.26013e-06
-1.13888e-06
-1.0602e-06
-1.07092e-06
-1.23555e-06
-1.6256e-06
-2.24542e-06
-2.95726e-06
-3.62587e-06
-4.1787e-06
-4.58173e-06
-4.8296e-06
-4.93116e-06
-4.89912e-06
-4.74393e-06
-4.47155e-06
-4.0842e-06
-3.58319e-06
-2.97302e-06
-2.26602e-06
-1.48669e-06
-6.74835e-07
1.1386e-07
8.12767e-07
1.35913e-06
1.71935e-06
1.87586e-06
1.84431e-06
1.57794e-06
-2.07709e-06
-2.12719e-06
-2.15759e-06
-2.17503e-06
-2.18199e-06
-2.17768e-06
-2.16184e-06
-2.1345e-06
-2.09546e-06
-2.04414e-06
-1.97979e-06
-1.90092e-06
-1.80557e-06
-1.69282e-06
-1.56284e-06
-1.41824e-06
-1.26712e-06
-1.1264e-06
-1.02645e-06
-1.01562e-06
-1.16065e-06
-1.53616e-06
-2.14949e-06
-2.85867e-06
-3.52433e-06
-4.07166e-06
-4.46574e-06
-4.70079e-06
-4.78506e-06
-4.73032e-06
-4.54588e-06
-4.23668e-06
-3.8045e-06
-3.25104e-06
-2.58211e-06
-1.81206e-06
-9.6776e-07
-9.14472e-08
7.59073e-07
1.51524e-06
2.11183e-06
2.51773e-06
2.71051e-06
2.70854e-06
2.45299e-06
-2.18258e-06
-2.23725e-06
-2.26971e-06
-2.28728e-06
-2.29278e-06
-2.28549e-06
-2.26538e-06
-2.2328e-06
-2.18781e-06
-2.12997e-06
-2.05848e-06
-1.97168e-06
-1.86758e-06
-1.74482e-06
-1.60293e-06
-1.44423e-06
-1.27653e-06
-1.11675e-06
-9.95744e-07
-9.63361e-07
-1.08846e-06
-1.44848e-06
-2.05366e-06
-2.75841e-06
-3.41954e-06
-3.96006e-06
-4.3439e-06
-4.56457e-06
-4.62933e-06
-4.54863e-06
-4.33036e-06
-3.97834e-06
-3.4938e-06
-2.87893e-06
-2.14105e-06
-1.2969e-06
-3.76254e-07
5.75575e-07
1.4981e-06
2.3207e-06
2.9745e-06
3.4274e-06
3.66185e-06
3.68565e-06
3.45817e-06
-2.29662e-06
-2.3562e-06
-2.39051e-06
-2.40755e-06
-2.41059e-06
-2.39909e-06
-2.37343e-06
-2.33439e-06
-2.28239e-06
-2.21723e-06
-2.13807e-06
-2.04319e-06
-1.93039e-06
-1.79778e-06
-1.64438e-06
-1.47212e-06
-1.28841e-06
-1.11014e-06
-9.68583e-07
-9.14935e-07
-1.02004e-06
-1.36398e-06
-1.95979e-06
-2.65872e-06
-3.31405e-06
-3.84665e-06
-4.21916e-06
-4.42407e-06
-4.46734e-06
-4.3578e-06
-4.10172e-06
-3.70159e-06
-3.1581e-06
-2.47389e-06
-1.65789e-06
-7.29416e-07
2.78495e-07
1.31698e-06
2.32225e-06
3.22088e-06
3.93899e-06
4.44289e-06
4.72178e-06
4.77097e-06
4.58899e-06
-2.4203e-06
-2.48506e-06
-2.52083e-06
-2.53639e-06
-2.53562e-06
-2.51833e-06
-2.48551e-06
-2.43858e-06
-2.37839e-06
-2.30505e-06
-2.21773e-06
-2.11461e-06
-1.99321e-06
-1.85108e-06
-1.68674e-06
-1.50158e-06
-1.30261e-06
-1.1066e-06
-9.45203e-07
-8.70794e-07
-9.56089e-07
-1.28367e-06
-1.86919e-06
-2.5612e-06
-3.2097e-06
-3.73345e-06
-4.09369e-06
-4.28166e-06
-4.3017e-06
-4.16088e-06
-3.86361e-06
-3.41096e-06
-2.803e-06
-2.04277e-06
-1.14078e-06
-1.18958e-07
9.86265e-07
2.12218e-06
3.22116e-06
4.20625e-06
4.99648e-06
5.55806e-06
5.8894e-06
5.97344e-06
5.83013e-06
-2.55499e-06
-2.62516e-06
-2.66172e-06
-2.67445e-06
-2.66804e-06
-2.64298e-06
-2.60104e-06
-2.54451e-06
-2.47483e-06
-2.39243e-06
-2.29649e-06
-2.18502e-06
-2.0552e-06
-1.90403e-06
-1.72941e-06
-1.53218e-06
-1.31881e-06
-1.10599e-06
-9.25621e-07
-8.3114e-07
-8.97013e-07
-1.20817e-06
-1.78275e-06
-2.46696e-06
-3.10777e-06
-3.6219e-06
-3.96908e-06
-4.13909e-06
-4.13451e-06
-3.96039e-06
-3.61921e-06
-3.11056e-06
-2.43379e-06
-1.59228e-06
-5.97967e-07
5.24721e-07
1.73602e-06
2.97928e-06
4.18269e-06
5.26501e-06
6.13728e-06
6.762e-06
7.15153e-06
7.2804e-06
7.1814e-06
-2.70241e-06
-2.7781e-06
-2.81444e-06
-2.82241e-06
-2.80798e-06
-2.7726e-06
-2.71924e-06
-2.65121e-06
-2.57063e-06
-2.4783e-06
-2.37332e-06
-2.25349e-06
-2.11554e-06
-1.95588e-06
-1.77176e-06
-1.56339e-06
-1.33661e-06
-1.10803e-06
-9.0968e-07
-7.95966e-07
-8.42962e-07
-1.13781e-06
-1.701e-06
-2.37672e-06
-3.00915e-06
-3.51303e-06
-3.84649e-06
-3.99772e-06
-3.96738e-06
-3.75842e-06
-3.37131e-06
-2.80413e-06
-2.05547e-06
-1.12895e-06
-3.77263e-08
1.19155e-06
2.51603e-06
3.87525e-06
5.19289e-06
6.38284e-06
7.35018e-06
8.0444e-06
8.49552e-06
8.67477e-06
8.62796e-06
-2.86474e-06
-2.9459e-06
-2.98044e-06
-2.98103e-06
-2.95546e-06
-2.90661e-06
-2.83917e-06
-2.75749e-06
-2.66461e-06
-2.5615e-06
-2.44716e-06
-2.31906e-06
-2.17339e-06
-2.0059e-06
-1.81313e-06
-1.5946e-06
-1.35554e-06
-1.11232e-06
-8.97092e-07
-7.65104e-07
-7.93905e-07
-1.07272e-06
-1.62425e-06
-2.29094e-06
-2.91444e-06
-3.40755e-06
-3.72674e-06
-3.85856e-06
-3.80163e-06
-3.55674e-06
-3.12238e-06
-2.49511e-06
-1.67279e-06
-6.59118e-07
5.31724e-07
1.87127e-06
3.31405e-06
4.79611e-06
6.23632e-06
7.54256e-06
8.61897e-06
9.39853e-06
9.91132e-06
1.01497e-05
1.0161e-05
-3.04476e-06
-3.13103e-06
-3.16143e-06
-3.15104e-06
-3.11028e-06
-3.04421e-06
-2.95966e-06
-2.86212e-06
-2.75554e-06
-2.6409e-06
-2.51702e-06
-2.38087e-06
-2.22798e-06
-2.05341e-06
-1.8529e-06
-1.62526e-06
-1.37507e-06
-1.11843e-06
-8.87485e-07
-7.38276e-07
-7.49671e-07
-1.01286e-06
-1.55259e-06
-2.20987e-06
-2.82399e-06
-3.30592e-06
-3.61046e-06
-3.72241e-06
-3.63833e-06
-3.35688e-06
-2.8746e-06
-2.18666e-06
-1.29016e-06
-1.88854e-07
1.10235e-06
2.55363e-06
4.11753e-06
5.72727e-06
7.29729e-06
8.72896e-06
9.92403e-06
1.08077e-05
1.1388e-05
1.16941e-05
1.17714e-05
-3.24607e-06
-3.33656e-06
-3.35933e-06
-3.33309e-06
-3.27206e-06
-3.18441e-06
-3.07929e-06
-2.96373e-06
-2.84212e-06
-2.71541e-06
-2.58198e-06
-2.43813e-06
-2.27865e-06
-2.0978e-06
-1.8905e-06
-1.65484e-06
-1.39472e-06
-1.12586e-06
-8.80438e-07
-7.15127e-07
-7.09995e-07
-9.5806e-07
-1.486e-06
-2.1336e-06
-2.73801e-06
-3.20847e-06
-3.49806e-06
-3.58987e-06
-3.47837e-06
-3.16015e-06
-2.62995e-06
-1.88162e-06
-9.11674e-07
2.76144e-07
1.66644e-06
3.22856e-06
4.91384e-06
6.65365e-06
8.35907e-06
9.92568e-06
1.12491e-05
1.22489e-05
1.29107e-05
1.32941e-05
1.34489e-05
-3.47341e-06
-3.56628e-06
-3.57628e-06
-3.52762e-06
-3.44013e-06
-3.32588e-06
-3.19656e-06
-3.06083e-06
-2.92313e-06
-2.78405e-06
-2.64127e-06
-2.49023e-06
-2.32487e-06
-2.13859e-06
-1.92549e-06
-1.68289e-06
-1.414e-06
-1.13419e-06
-8.7552e-07
-6.9527e-07
-6.74554e-07
-9.08092e-07
-1.42435e-06
-2.06212e-06
-2.6566e-06
-3.11539e-06
-3.38988e-06
-3.46143e-06
-3.3225e-06
-2.96769e-06
-2.39011e-06
-1.58255e-06
-5.41039e-07
7.30644e-07
2.2168e-06
3.88643e-06
5.69054e-06
7.55985e-06
9.40348e-06
1.11123e-05
1.25743e-05
1.37015e-05
1.44632e-05
1.49345e-05
1.51821e-05
-3.73316e-06
-3.82482e-06
-3.81448e-06
-3.7348e-06
-3.61345e-06
-3.46681e-06
-3.30982e-06
-3.15203e-06
-2.99749e-06
-2.84603e-06
-2.69431e-06
-2.53674e-06
-2.36628e-06
-2.17547e-06
-1.95752e-06
-1.70904e-06
-1.43254e-06
-1.14299e-06
-8.72319e-07
-6.78305e-07
-6.42992e-07
-8.6267e-07
-1.36747e-06
-1.99534e-06
-2.57977e-06
-3.02678e-06
-3.28611e-06
-3.33745e-06
-3.1713e-06
-2.78045e-06
-2.15659e-06
-1.29168e-06
-1.81519e-07
1.16997e-06
2.74689e-06
4.51829e-06
6.43568e-06
8.43049e-06
1.04116e-05
1.22669e-05
1.38764e-05
1.51431e-05
1.6026e-05
1.65995e-05
1.69611e-05
-4.03408e-06
-4.11777e-06
-4.07608e-06
-3.95426e-06
-3.79003e-06
-3.6054e-06
-3.41738e-06
-3.23605e-06
-3.06433e-06
-2.90081e-06
-2.74077e-06
-2.57744e-06
-2.40271e-06
-2.20824e-06
-1.9864e-06
-1.73305e-06
-1.45004e-06
-1.15192e-06
-8.70456e-07
-6.63849e-07
-6.14948e-07
-8.21483e-07
-1.31512e-06
-1.93313e-06
-2.50746e-06
-2.94268e-06
-3.1869e-06
-3.21821e-06
-3.02526e-06
-2.59923e-06
-1.93064e-06
-1.01092e-06
1.64094e-07
1.59011e-06
3.25098e-06
5.1161e-06
7.13822e-06
9.25076e-06
1.13645e-05
1.33666e-05
1.5131e-05
1.65499e-05
1.75722e-05
1.82701e-05
1.87755e-05
-4.38851e-06
-4.45169e-06
-4.36284e-06
-4.18448e-06
-3.96785e-06
-3.73937e-06
-3.51764e-06
-3.31182e-06
-3.12308e-06
-2.9481e-06
-2.78055e-06
-2.61231e-06
-2.43418e-06
-2.2369e-06
-2.01204e-06
-1.75476e-06
-1.46627e-06
-1.16069e-06
-8.69602e-07
-6.51547e-07
-5.90069e-07
-7.8421e-07
-1.26704e-06
-1.8753e-06
-2.43956e-06
-2.86304e-06
-3.0923e-06
-3.1039e-06
-2.88476e-06
-2.42467e-06
-1.71328e-06
-7.41804e-07
4.93516e-07
1.98775e-06
3.72432e-06
5.67304e-06
7.78835e-06
1.00069e-05
1.22433e-05
1.43875e-05
1.63101e-05
1.78941e-05
1.90726e-05
1.99222e-05
2.06154e-05
-4.81408e-06
-4.83384e-06
-4.67459e-06
-4.42418e-06
-4.14392e-06
-3.86636e-06
-3.60906e-06
-3.3786e-06
-3.17348e-06
-2.98796e-06
-2.81383e-06
-2.64156e-06
-2.46085e-06
-2.26156e-06
-2.03449e-06
-1.77414e-06
-1.48111e-06
-1.1691e-06
-8.69485e-07
-6.41079e-07
-5.68019e-07
-7.5053e-07
-1.22296e-06
-1.82164e-06
-2.37594e-06
-2.78782e-06
-3.00233e-06
-2.99464e-06
-2.75008e-06
-2.25729e-06
-1.50531e-06
-4.85557e-07
8.0498e-07
2.36034e-06
4.16322e-06
6.18364e-06
8.37793e-06
1.06867e-05
1.30305e-05
1.53051e-05
1.73825e-05
1.91403e-05
2.04934e-05
2.15263e-05
2.24725e-05
-5.33621e-06
-5.27164e-06
-5.01036e-06
-4.66883e-06
-4.31466e-06
-3.98409e-06
-3.69049e-06
-3.43604e-06
-3.21564e-06
-3.0207e-06
-2.841e-06
-2.66558e-06
-2.48303e-06
-2.28245e-06
-2.05388e-06
-1.79123e-06
-1.4945e-06
-1.17701e-06
-8.69885e-07
-6.32169e-07
-5.48491e-07
-7.20136e-07
-1.18261e-06
-1.77194e-06
-2.31644e-06
-2.71691e-06
-2.91698e-06
-2.89051e-06
-2.62142e-06
-2.09744e-06
-1.30734e-06
-2.43055e-07
1.09723e-06
2.70611e-06
4.56508e-06
6.64399e-06
8.90076e-06
1.12802e-05
1.37102e-05
1.60954e-05
1.83148e-05
2.02471e-05
2.17903e-05
2.30434e-05
2.43408e-05
-5.99085e-06
-5.76705e-06
-5.36801e-06
-4.91287e-06
-4.47594e-06
-4.09043e-06
-3.76119e-06
-3.48425e-06
-3.25004e-06
-3.04693e-06
-2.86266e-06
-2.68486e-06
-2.50116e-06
-2.29988e-06
-2.07043e-06
-1.80613e-06
-1.50644e-06
-1.18432e-06
-8.70628e-07
-6.24577e-07
-5.31203e-07
-6.92734e-07
-1.14572e-06
-1.72597e-06
-2.26088e-06
-2.65017e-06
-2.83616e-06
-2.79152e-06
-2.49891e-06
-1.9454e-06
-1.11978e-06
-1.49127e-08
1.36944e-06
3.02393e-06
4.92831e-06
7.05161e-06
9.35269e-06
1.17801e-05
1.42692e-05
1.67361e-05
1.90718e-05
2.1166e-05
2.29047e-05
2.44147e-05
2.62103e-05
-6.82782e-06
-6.31589e-06
-5.7351e-06
-5.14881e-06
-4.62332e-06
-4.18355e-06
-3.82096e-06
-3.52374e-06
-3.27748e-06
-3.06746e-06
-2.87952e-06
-2.70004e-06
-2.51572e-06
-2.31423e-06
-2.08438e-06
-1.81898e-06
-1.51698e-06
-1.19098e-06
-8.71572e-07
-6.18093e-07
-5.15901e-07
-6.6805e-07
-1.11203e-06
-1.68348e-06
-2.20904e-06
-2.58744e-06
-2.75977e-06
-2.69763e-06
-2.38259e-06
-1.80133e-06
-9.42936e-07
1.98451e-07
1.62106e-06
3.31312e-06
5.25203e-06
7.40517e-06
9.73128e-06
1.21814e-05
1.46973e-05
1.72073e-05
1.96181e-05
2.18409e-05
2.37581e-05
2.55471e-05
2.8049e-05
-7.89242e-06
-6.90947e-06
-6.0952e-06
-5.36689e-06
-4.7523e-06
-4.26218e-06
-3.87011e-06
-3.55543e-06
-3.29899e-06
-3.08329e-06
-2.89247e-06
-2.71184e-06
-2.52731e-06
-2.32596e-06
-2.09608e-06
-1.83e-06
-1.52623e-06
-1.19699e-06
-8.7262e-07
-6.12539e-07
-5.02356e-07
-6.45834e-07
-1.08128e-06
-1.64425e-06
-2.16072e-06
-2.52853e-06
-2.68762e-06
-2.60868e-06
-2.27232e-06
-1.6651e-06
-7.76683e-07
3.97172e-07
1.85228e-06
3.57397e-06
5.53663e-06
7.70505e-06
1.00364e-05
1.24824e-05
1.49887e-05
1.74934e-05
1.99198e-05
2.22089e-05
2.4251e-05
2.63077e-05
2.98033e-05
-9.28881e-06
-7.53058e-06
-6.42506e-06
-5.55679e-06
-4.86024e-06
-4.32692e-06
-3.91034e-06
-3.58113e-06
-3.31616e-06
-3.09568e-06
-2.90251e-06
-2.72106e-06
-2.53656e-06
-2.3356e-06
-2.10597e-06
-1.83958e-06
-1.53447e-06
-1.20252e-06
-8.73842e-07
-6.07851e-07
-4.90384e-07
-6.25843e-07
-1.05327e-06
-1.60815e-06
-2.11586e-06
-2.4734e-06
-2.61967e-06
-2.52452e-06
-2.16777e-06
-1.53608e-06
-6.19951e-07
5.82926e-07
2.06559e-06
3.80998e-06
5.7868e-06
7.95723e-06
1.02754e-05
1.26909e-05
1.51494e-05
1.75933e-05
1.99568e-05
2.221e-05
2.42653e-05
2.65462e-05
3.14715e-05
-1.11375e-05
-8.14551e-06
-6.69106e-06
-5.70916e-06
-4.94904e-06
-4.38194e-06
-3.94554e-06
-3.60379e-06
-3.33099e-06
-3.10588e-06
-2.91031e-06
-2.728e-06
-2.54359e-06
-2.34319e-06
-2.11411e-06
-1.84782e-06
-1.54191e-06
-1.20784e-06
-8.7547e-07
-6.04144e-07
-4.79924e-07
-6.07866e-07
-1.0278e-06
-1.57517e-06
-2.07468e-06
-2.4225e-06
-2.55648e-06
-2.44569e-06
-2.06947e-06
-1.41451e-06
-4.72392e-07
7.57062e-07
2.26386e-06
4.0262e-06
6.01051e-06
8.17342e-06
1.04644e-05
1.28282e-05
1.52059e-05
1.75349e-05
1.97457e-05
2.18164e-05
2.3648e-05
2.59555e-05
3.2719e-05
-1.27029e-05
-8.53867e-06
-6.83075e-06
-5.80424e-06
-5.01436e-06
-4.42588e-06
-3.97478e-06
-3.62252e-06
-3.34255e-06
-3.11293e-06
-2.91491e-06
-2.73165e-06
-2.54729e-06
-2.34752e-06
-2.11923e-06
-1.85343e-06
-1.54729e-06
-1.21193e-06
-8.76732e-07
-6.00991e-07
-4.70761e-07
-5.91601e-07
-1.00422e-06
-1.54427e-06
-2.03606e-06
-2.37503e-06
-2.49811e-06
-2.37378e-06
-1.98077e-06
-1.3062e-06
-3.42697e-07
9.07769e-07
2.43218e-06
4.20499e-06
6.1882e-06
8.33347e-06
1.05845e-05
1.28794e-05
1.51499e-05
1.73195e-05
1.92929e-05
2.09816e-05
2.22e-05
2.36553e-05
3.0055e-05
)
;

boundaryField
{
    inlet
    {
        type            uniformJump;
        patchType       cyclic;
        jump            uniform -2.5e-05;
        value           nonuniform List<scalar> 
40
(
6.18317e-07
6.28983e-07
6.40084e-07
6.51227e-07
6.6369e-07
6.7908e-07
7.0003e-07
7.30939e-07
7.78272e-07
8.50239e-07
9.55896e-07
1.10444e-06
1.30544e-06
1.56972e-06
1.90968e-06
2.33775e-06
2.86343e-06
3.48984e-06
4.20618e-06
4.99067e-06
5.74898e-06
6.37094e-06
6.82461e-06
7.14905e-06
7.37388e-06
7.52668e-06
7.62914e-06
7.6968e-06
7.74051e-06
7.76805e-06
7.78469e-06
7.79408e-06
7.79877e-06
7.80053e-06
7.80054e-06
7.79959e-06
7.79816e-06
7.79654e-06
7.79476e-06
7.79291e-06
)
;
        jumpTable       table;
        jumpTableCoeffs
        {
            values          
4
(
(0 -2.5e-05)
(25 -2.5e-05)
(25.5 -0.0001)
(26 -2.5e-05)
)
;
        }
    }
    outlet
    {
        type            uniformJump;
        patchType       cyclic;
        value           nonuniform List<scalar> 
40
(
-2.43817e-05
-2.4371e-05
-2.43599e-05
-2.43488e-05
-2.43363e-05
-2.43209e-05
-2.43e-05
-2.42691e-05
-2.42217e-05
-2.41498e-05
-2.40441e-05
-2.38956e-05
-2.36946e-05
-2.34303e-05
-2.30903e-05
-2.26623e-05
-2.21366e-05
-2.15102e-05
-2.07938e-05
-2.00093e-05
-1.9251e-05
-1.86291e-05
-1.81754e-05
-1.7851e-05
-1.76261e-05
-1.74733e-05
-1.73709e-05
-1.73032e-05
-1.72595e-05
-1.7232e-05
-1.72153e-05
-1.72059e-05
-1.72012e-05
-1.71995e-05
-1.71995e-05
-1.72004e-05
-1.72018e-05
-1.72035e-05
-1.72052e-05
-1.72071e-05
)
;
    }
    Walls
    {
        type            zeroGradient;
    }
    back
    {
        type            empty;
    }
    front
    {
        type            empty;
    }
}


// ************************************************************************* //
