/*--------------------------------*- C++ -*----------------------------------*\
| =========                 |                                                 |
| \\      /  F ield         | OpenFOAM: The Open Source CFD Toolbox           |
|  \\    /   O peration     | Version:  2312                                  |
|   \\  /    A nd           | Website:  www.openfoam.com                      |
|    \\/     M anipulation  |                                                 |
\*---------------------------------------------------------------------------*/
FoamFile
{
    version     2.0;
    format      ascii;
    arch        "LSB;label=32;scalar=64";
    class       volScalarField;
    location    "167";
    object      p;
}
// * * * * * * * * * * * * * * * * * * * * * * * * * * * * * * * * * * * * * //

dimensions      [0 2 -2 0 0 0 0];

internalField   nonuniform List<scalar> 
4800
(
-3.58176e-13
-1.43559e-06
-2.68506e-06
-3.78463e-06
-4.75829e-06
-5.6209e-06
-6.39158e-06
-7.08299e-06
-7.70167e-06
-8.25971e-06
-8.76554e-06
-9.222e-06
-9.62161e-06
-1.02048e-05
-1.19732e-05
1.34738e-08
-1.41865e-06
-2.66509e-06
-3.76242e-06
-4.73526e-06
-5.59809e-06
-6.37113e-06
-7.0665e-06
-7.69146e-06
-8.26001e-06
-8.78587e-06
-9.28597e-06
-9.77556e-06
-1.0364e-05
-1.13084e-05
2.82815e-08
-1.4e-06
-2.64337e-06
-3.73849e-06
-4.71016e-06
-5.57293e-06
-6.34624e-06
-7.04455e-06
-7.67432e-06
-8.25035e-06
-8.78767e-06
-9.30366e-06
-9.8078e-06
-1.03065e-05
-1.07731e-05
4.42981e-08
-1.37936e-06
-2.61897e-06
-3.71123e-06
-4.68094e-06
-5.54366e-06
-6.31521e-06
-7.01442e-06
-7.64598e-06
-8.2229e-06
-8.75765e-06
-9.25818e-06
-9.71641e-06
-1.00979e-05
-1.03268e-05
6.30924e-08
-1.35482e-06
-2.58961e-06
-3.678e-06
-4.64456e-06
-5.50591e-06
-6.2751e-06
-6.97105e-06
-7.5998e-06
-8.16934e-06
-8.68695e-06
-9.15019e-06
-9.53894e-06
-9.81168e-06
-9.90926e-06
8.63052e-08
-1.32457e-06
-2.55328e-06
-3.63649e-06
-4.59836e-06
-5.45563e-06
-6.22119e-06
-6.90932e-06
-7.52822e-06
-8.08065e-06
-8.56761e-06
-8.97985e-06
-9.2949e-06
-9.48118e-06
-9.50876e-06
1.16254e-07
-1.28622e-06
-2.50732e-06
-3.58359e-06
-4.53867e-06
-5.38885e-06
-6.14648e-06
-6.82231e-06
-7.42306e-06
-7.94832e-06
-8.39428e-06
-8.74985e-06
-8.99782e-06
-9.12211e-06
-9.11566e-06
1.565e-07
-1.23616e-06
-2.44781e-06
-3.51485e-06
-4.46022e-06
-5.2995e-06
-6.04375e-06
-6.70121e-06
-7.27564e-06
-7.76532e-06
-8.16476e-06
-8.46543e-06
-8.65865e-06
-8.74186e-06
-8.72092e-06
2.11945e-07
-1.16943e-06
-2.36939e-06
-3.42426e-06
-4.35617e-06
-5.17975e-06
-5.90467e-06
-6.53702e-06
-7.07804e-06
-7.52685e-06
-7.87932e-06
-8.13191e-06
-8.28411e-06
-8.34224e-06
-8.3177e-06
2.88366e-07
-1.07997e-06
-2.26547e-06
-3.30455e-06
-4.21843e-06
-5.02073e-06
-5.71997e-06
-6.32158e-06
-6.82416e-06
-7.23052e-06
-7.53968e-06
-7.75341e-06
-7.87718e-06
-7.92187e-06
-7.90026e-06
3.91393e-07
-9.61424e-07
-2.12895e-06
-3.14781e-06
-4.03851e-06
-4.8137e-06
-5.4811e-06
-6.04495e-06
-6.51004e-06
-6.87627e-06
-7.14844e-06
-7.33297e-06
-7.43874e-06
-7.47826e-06
-7.46372e-06
5.25479e-07
-8.08237e-07
-1.95324e-06
-2.94674e-06
-3.80881e-06
-4.55165e-06
-5.1833e-06
-5.70958e-06
-6.1359e-06
-6.46647e-06
-6.70929e-06
-6.87345e-06
-6.96941e-06
-7.00956e-06
-7.00477e-06
6.93531e-07
-6.16255e-07
-1.73329e-06
-2.6957e-06
-3.52385e-06
-4.23029e-06
-4.82407e-06
-5.31274e-06
-5.70436e-06
-6.00578e-06
-6.22695e-06
-6.37824e-06
-6.47064e-06
-6.51557e-06
-6.52237e-06
8.96905e-07
-3.82768e-07
-1.46592e-06
-2.3917e-06
-3.18138e-06
-3.8488e-06
-4.40468e-06
-4.85862e-06
-5.22028e-06
-5.49962e-06
-5.70637e-06
-5.85151e-06
-5.94543e-06
-5.99826e-06
-6.018e-06
1.13493e-06
-1.06918e-07
-1.1499e-06
-2.03446e-06
-2.783e-06
-3.41087e-06
-3.93073e-06
-4.35412e-06
-4.6921e-06
-4.95535e-06
-5.15402e-06
-5.29839e-06
-5.39782e-06
-5.46112e-06
-5.49511e-06
1.40445e-06
2.08791e-07
-7.87527e-07
-1.62685e-06
-2.33353e-06
-2.92404e-06
-3.41174e-06
-3.80925e-06
-4.12889e-06
-4.382e-06
-4.57789e-06
-4.72581e-06
-4.83401e-06
-4.90998e-06
-4.95958e-06
1.69904e-06
5.57809e-07
-3.8719e-07
-1.17827e-06
-1.84259e-06
-2.39897e-06
-2.86017e-06
-3.23788e-06
-3.54467e-06
-3.79213e-06
-3.9895e-06
-4.14434e-06
-4.26374e-06
-4.35427e-06
-4.42096e-06
2.00731e-06
9.28653e-07
3.7654e-08
-7.05601e-07
-1.32832e-06
-1.85271e-06
-2.29195e-06
-2.65534e-06
-2.95675e-06
-3.20313e-06
-3.40564e-06
-3.56864e-06
-3.70087e-06
-3.80766e-06
-3.89312e-06
2.31387e-06
1.30368e-06
4.68448e-07
-2.28513e-07
-8.14428e-07
-1.31013e-06
-1.72809e-06
-2.08364e-06
-2.38024e-06
-2.63344e-06
-2.8452e-06
-3.01692e-06
-3.16373e-06
-3.28751e-06
-3.39274e-06
2.59852e-06
1.66145e-06
8.83466e-07
2.28796e-07
-3.25242e-07
-7.96273e-07
-1.20113e-06
-1.55509e-06
-1.85298e-06
-2.10552e-06
-2.32019e-06
-2.50712e-06
-2.67092e-06
-2.81487e-06
-2.94106e-06
2.807e-06
1.95627e-06
1.23743e-06
6.17428e-07
8.85095e-08
-3.66813e-07
-7.6154e-07
-1.10307e-06
-1.39868e-06
-1.65651e-06
-1.8837e-06
-2.08586e-06
-2.26644e-06
-2.42775e-06
-2.57185e-06
2.95795e-06
2.16605e-06
1.49028e-06
9.02411e-07
3.95726e-07
-4.46195e-08
-4.29792e-07
-7.68427e-07
-1.06814e-06
-1.33515e-06
-1.57422e-06
-1.78911e-06
-1.98292e-06
-2.15807e-06
-2.31678e-06
3.0522e-06
2.31374e-06
1.67384e-06
1.11726e-06
6.29091e-07
1.99218e-07
-1.81299e-07
-5.20399e-07
-8.24488e-07
-1.09839e-06
-1.34593e-06
-1.57023e-06
-1.77413e-06
-1.96021e-06
-2.13074e-06
3.12013e-06
2.42524e-06
1.8121e-06
1.28269e-06
8.09743e-07
3.87677e-07
9.86969e-09
-3.30234e-07
-6.37882e-07
-9.17182e-07
-1.17157e-06
-1.40397e-06
-1.61701e-06
-1.81294e-06
-1.99374e-06
3.17664e-06
2.5206e-06
1.93737e-06
1.42123e-06
9.58455e-07
5.42044e-07
1.65881e-07
-1.75498e-07
-4.86592e-07
-7.71056e-07
-1.03199e-06
-1.272e-06
-1.49333e-06
-1.69791e-06
-1.8875e-06
3.22793e-06
2.60381e-06
2.04378e-06
1.54038e-06
1.08574e-06
6.73505e-07
2.98174e-07
-4.49723e-08
-3.59799e-07
-6.49472e-07
-9.16677e-07
-1.16367e-06
-1.39244e-06
-1.60468e-06
-1.80205e-06
3.27523e-06
2.67766e-06
2.1364e-06
1.64455e-06
1.19636e-06
7.87018e-07
4.1176e-07
6.64263e-08
-2.52247e-07
-5.46958e-07
-8.2004e-07
-1.07349e-06
-1.30907e-06
-1.52835e-06
-1.73281e-06
3.31832e-06
2.74316e-06
2.21746e-06
1.73539e-06
1.29219e-06
8.84764e-07
5.09095e-07
1.61392e-07
-1.61063e-07
-4.60575e-07
-7.39188e-07
-9.98657e-07
-1.24057e-06
-1.46632e-06
-1.67728e-06
3.35648e-06
2.80068e-06
2.28848e-06
1.81345e-06
1.37366e-06
9.67862e-07
5.91683e-07
2.41639e-07
-8.44253e-08
-3.88453e-07
-6.72207e-07
-9.37227e-07
-1.18493e-06
-1.41655e-06
-1.63338e-06
3.38974e-06
2.8509e-06
2.34846e-06
1.878e-06
1.44217e-06
1.03819e-06
6.61119e-07
3.08755e-07
-2.06938e-08
-3.28882e-07
-6.17326e-07
-8.8737e-07
-1.14028e-06
-1.37717e-06
-1.59922e-06
3.41793e-06
2.89176e-06
2.39664e-06
1.93226e-06
1.50032e-06
1.09698e-06
7.18902e-07
3.64354e-07
3.17998e-08
-2.80152e-07
-5.72802e-07
-8.4733e-07
-1.10486e-06
-1.34641e-06
-1.57308e-06
3.43971e-06
2.92406e-06
2.43667e-06
1.97799e-06
1.54859e-06
1.14563e-06
7.66615e-07
4.10071e-07
7.47142e-08
-2.40592e-07
-5.36968e-07
-8.15453e-07
-1.07705e-06
-1.32267e-06
-1.55335e-06
3.45617e-06
2.94987e-06
2.46975e-06
2.01576e-06
1.58834e-06
1.18567e-06
8.05805e-07
4.47468e-07
1.09611e-07
-2.08656e-07
-5.08301e-07
-7.90248e-07
-1.05539e-06
-1.30455e-06
-1.53869e-06
3.46859e-06
2.97047e-06
2.49661e-06
2.04676e-06
1.62103e-06
1.21851e-06
8.37894e-07
4.77965e-07
1.37884e-07
-1.82977e-07
-4.85474e-07
-7.70436e-07
-1.03865e-06
-1.29086e-06
-1.52797e-06
3.47784e-06
2.987e-06
2.51842e-06
2.07195e-06
1.64779e-06
1.24551e-06
8.64167e-07
5.02782e-07
1.60745e-07
-1.6239e-07
-4.67364e-07
-7.54949e-07
-1.02582e-06
-1.28067e-06
-1.52032e-06
3.48452e-06
3.00018e-06
2.53612e-06
2.09252e-06
1.66977e-06
1.26761e-06
8.85559e-07
5.2295e-07
1.79269e-07
-1.45897e-07
-4.53058e-07
-7.42929e-07
-1.01609e-06
-1.2732e-06
-1.51504e-06
3.48926e-06
3.0106e-06
2.55044e-06
2.10928e-06
1.68769e-06
1.28569e-06
9.03049e-07
5.3933e-07
1.94185e-07
-1.3276e-07
-4.41858e-07
-7.33689e-07
-1.00881e-06
-1.26785e-06
-1.51157e-06
3.49254e-06
3.01889e-06
2.56211e-06
2.12302e-06
1.70242e-06
1.30055e-06
9.17386e-07
5.52682e-07
2.06222e-07
-1.22254e-07
-4.33027e-07
-7.26578e-07
-1.00342e-06
-1.26413e-06
-1.50949e-06
3.49478e-06
3.0258e-06
2.57212e-06
2.1349e-06
1.71518e-06
1.31341e-06
9.29749e-07
5.64121e-07
2.16435e-07
-1.13464e-07
-4.25782e-07
-7.20923e-07
-9.99353e-07
-1.2616e-06
-1.50844e-06
3.49624e-06
3.03164e-06
2.58093e-06
2.14554e-06
1.72667e-06
1.32502e-06
9.40874e-07
5.74332e-07
2.25434e-07
-1.05866e-07
-4.19686e-07
-7.16355e-07
-9.96282e-07
-1.25995e-06
-1.50809e-06
-1.34545e-05
-1.107e-05
-9.60721e-06
-8.63251e-06
-7.85089e-06
-7.24398e-06
-6.75986e-06
-6.36107e-06
-6.02211e-06
-5.72263e-06
-5.4463e-06
-5.18004e-06
-4.91323e-06
-4.63891e-06
-4.35479e-06
-4.06547e-06
-3.78782e-06
-3.55521e-06
-3.42203e-06
-3.47952e-06
-3.82513e-06
-4.58421e-06
-5.73833e-06
-6.97239e-06
-8.06228e-06
-8.89492e-06
-9.40465e-06
-9.55728e-06
-9.33255e-06
-8.71964e-06
-7.71625e-06
-6.33234e-06
-4.59229e-06
-2.53584e-06
-2.16731e-07
2.30016e-06
4.94197e-06
7.63005e-06
1.02793e-05
1.27936e-05
1.50513e-05
1.68962e-05
1.79992e-05
1.80956e-05
1.61285e-05
-1.1731e-05
-1.05031e-05
-9.39867e-06
-8.53175e-06
-7.79837e-06
-7.20715e-06
-6.72806e-06
-6.33056e-06
-5.99163e-06
-5.69189e-06
-5.41527e-06
-5.14868e-06
-4.8819e-06
-4.60781e-06
-4.32433e-06
-4.03629e-06
-3.76075e-06
-3.53093e-06
-3.40077e-06
-3.46059e-06
-3.80546e-06
-4.55908e-06
-5.70402e-06
-6.92727e-06
-8.00802e-06
-8.83455e-06
-9.34098e-06
-9.49271e-06
-9.26947e-06
-8.66062e-06
-7.66539e-06
-6.29534e-06
-4.57691e-06
-2.55217e-06
-2.77714e-07
2.17779e-06
4.73594e-06
7.30945e-06
9.79903e-06
1.20838e-05
1.39957e-05
1.52761e-05
1.544e-05
1.37733e-05
9.29216e-06
-1.08263e-05
-1.00611e-05
-9.18013e-06
-8.4105e-06
-7.73093e-06
-7.16171e-06
-6.69096e-06
-6.29611e-06
-5.95763e-06
-5.65764e-06
-5.38059e-06
-5.11365e-06
-4.84663e-06
-4.5727e-06
-4.29001e-06
-4.00358e-06
-3.73074e-06
-3.5045e-06
-3.37826e-06
-3.44124e-06
-3.78566e-06
-4.53321e-06
-5.66738e-06
-6.87755e-06
-7.94692e-06
-8.76554e-06
-9.26746e-06
-9.41777e-06
-9.19627e-06
-8.59316e-06
-7.60928e-06
-6.2584e-06
-4.5696e-06
-2.5881e-06
-3.74273e-07
1.9982e-06
4.44385e-06
6.86496e-06
9.14658e-06
1.11444e-05
1.2657e-05
1.33943e-05
1.28984e-05
1.06447e-05
6.46203e-06
-1.02393e-05
-9.68996e-06
-8.98231e-06
-8.29134e-06
-7.66417e-06
-7.11827e-06
-6.65637e-06
-6.26369e-06
-5.92477e-06
-5.62351e-06
-5.34512e-06
-5.0771e-06
-4.80941e-06
-4.53541e-06
-4.25352e-06
-3.96893e-06
-3.69922e-06
-3.47713e-06
-3.35545e-06
-3.42216e-06
-3.76635e-06
-4.50739e-06
-5.62964e-06
-6.82486e-06
-7.88065e-06
-8.68909e-06
-9.18429e-06
-9.33122e-06
-9.11002e-06
-8.51219e-06
-7.54072e-06
-6.21235e-06
-4.55968e-06
-2.63199e-06
-4.94479e-07
1.7732e-06
4.07777e-06
6.31114e-06
8.34535e-06
1.00226e-05
1.1137e-05
1.14245e-05
1.05596e-05
8.27671e-06
4.76863e-06
-9.77226e-06
-9.35481e-06
-8.78346e-06
-8.17823e-06
-7.60112e-06
-7.07889e-06
-6.62634e-06
-6.23464e-06
-5.89381e-06
-5.58978e-06
-5.30871e-06
-5.03861e-06
-4.76966e-06
-4.49542e-06
-4.21454e-06
-3.93236e-06
-3.66664e-06
-3.44978e-06
-3.33374e-06
-3.40504e-06
-3.74919e-06
-4.48281e-06
-5.59124e-06
-6.76901e-06
-7.80868e-06
-8.60473e-06
-9.09152e-06
-9.23419e-06
-9.01356e-06
-8.42279e-06
-7.46762e-06
-6.16833e-06
-4.56168e-06
-2.70162e-06
-6.58603e-07
1.48162e-06
3.61866e-06
5.63672e-06
7.40142e-06
8.75586e-06
9.51413e-06
9.47619e-06
8.45795e-06
6.38728e-06
3.48751e-06
-9.36694e-06
-9.03998e-06
-8.57498e-06
-8.05768e-06
-7.53377e-06
-7.03974e-06
-6.59975e-06
-6.20901e-06
-5.86549e-06
-5.55733e-06
-5.27217e-06
-4.99884e-06
-4.72794e-06
-4.45325e-06
-4.17368e-06
-3.89465e-06
-3.63409e-06
-3.42383e-06
-3.31482e-06
-3.39177e-06
-3.7361e-06
-4.4611e-06
-5.55323e-06
-6.71036e-06
-7.73082e-06
-8.51191e-06
-8.98857e-06
-9.12643e-06
-8.90739e-06
-8.32674e-06
-7.39347e-06
-6.13193e-06
-4.58351e-06
-2.80705e-06
-8.78156e-07
1.11216e-06
3.05865e-06
4.84249e-06
6.33149e-06
7.38226e-06
7.84958e-06
7.60182e-06
6.56446e-06
4.77582e-06
2.45319e-06
-8.98654e-06
-8.72773e-06
-8.35468e-06
-7.91382e-06
-7.44667e-06
-6.99339e-06
-6.56856e-06
-6.1833e-06
-5.83862e-06
-5.52615e-06
-5.23615e-06
-4.95878e-06
-4.68536e-06
-4.41012e-06
-4.13228e-06
-3.85735e-06
-3.60332e-06
-3.40133e-06
-3.30095e-06
-3.38477e-06
-3.72951e-06
-4.44438e-06
-5.51716e-06
-6.64982e-06
-7.64734e-06
-8.41043e-06
-8.87489e-06
-9.00737e-06
-8.7913e-06
-8.22462e-06
-7.32007e-06
-6.1065e-06
-4.63007e-06
-2.95438e-06
-1.15936e-06
6.60605e-07
2.39899e-06
3.93989e-06
5.16218e-06
5.9469e-06
6.19055e-06
5.82446e-06
4.84285e-06
3.32847e-06
1.46506e-06
-8.6093e-06
-8.40326e-06
-8.10554e-06
-7.7388e-06
-7.33387e-06
-6.92229e-06
-6.52288e-06
-6.15026e-06
-5.80821e-06
-5.49354e-06
-5.19958e-06
-4.91842e-06
-4.64266e-06
-4.36726e-06
-4.09201e-06
-3.8225e-06
-3.57676e-06
-3.38504e-06
-3.29513e-06
-3.38715e-06
-3.7325e-06
-4.43533e-06
-5.48506e-06
-6.58864e-06
-7.55879e-06
-8.30031e-06
-8.75022e-06
-8.87685e-06
-8.6657e-06
-8.11785e-06
-7.25022e-06
-6.09634e-06
-4.70699e-06
-3.14972e-06
-1.50719e-06
1.25725e-07
1.64562e-06
2.94554e-06
3.92189e-06
4.48414e-06
4.56764e-06
4.14858e-06
3.25731e-06
1.98424e-06
4.72856e-07
-8.22421e-06
-8.06e-06
-7.82332e-06
-7.52387e-06
-7.18072e-06
-6.81681e-06
-6.45137e-06
-6.09878e-06
-5.76598e-06
-5.45385e-06
-5.15902e-06
-4.87612e-06
-4.59955e-06
-4.32546e-06
-4.05449e-06
-3.7924e-06
-3.55726e-06
-3.37829e-06
-3.30102e-06
-3.40272e-06
-3.74878e-06
-4.43713e-06
-5.45927e-06
-6.52826e-06
-7.46594e-06
-8.1818e-06
-8.61463e-06
-8.7353e-06
-8.53188e-06
-8.00899e-06
-7.18802e-06
-6.10701e-06
-4.82063e-06
-3.39898e-06
-1.925e-06
-4.90613e-07
8.08382e-07
1.87872e-06
2.63755e-06
3.0217e-06
2.99723e-06
2.56752e-06
1.77708e-06
7.07792e-07
-5.32123e-07
-7.82464e-06
-7.69468e-06
-7.5076e-06
-7.26641e-06
-6.98142e-06
-6.66818e-06
-6.3426e-06
-6.01775e-06
-5.70208e-06
-5.39928e-06
-5.10898e-06
-4.82852e-06
-4.55453e-06
-4.28472e-06
-4.02094e-06
-3.76927e-06
-3.54785e-06
-3.38471e-06
-3.3226e-06
-3.43554e-06
-3.78233e-06
-4.45324e-06
-5.44211e-06
-6.46983e-06
-7.36969e-06
-8.05557e-06
-8.46858e-06
-8.58377e-06
-8.39204e-06
-7.90175e-06
-7.13864e-06
-6.14471e-06
-4.97722e-06
-3.70669e-06
-2.41346e-06
-1.18292e-06
-9.96158e-08
7.5948e-07
1.33223e-06
1.57844e-06
1.48508e-06
1.06934e-06
3.7714e-07
-5.23489e-07
-1.55214e-06
-7.40567e-06
-7.30484e-06
-7.15875e-06
-6.96727e-06
-6.73516e-06
-6.47203e-06
-6.18953e-06
-5.89862e-06
-5.60766e-06
-5.32184e-06
-5.04306e-06
-4.77115e-06
-4.50504e-06
-4.24418e-06
-3.99198e-06
-3.7549e-06
-3.5512e-06
-3.40764e-06
-3.36361e-06
-3.48936e-06
-3.83666e-06
-4.48683e-06
-5.43585e-06
-6.41365e-06
-7.27027e-06
-7.92294e-06
-8.31346e-06
-8.42431e-06
-8.24949e-06
-7.80087e-06
-7.10803e-06
-6.21573e-06
-5.18194e-06
-4.07507e-06
-2.96985e-06
-1.94215e-06
-1.06306e-06
-3.9289e-07
2.44155e-08
1.65764e-07
3.06263e-08
-3.59017e-07
-9.61953e-07
-1.72432e-06
-2.58668e-06
-6.96406e-06
-6.88898e-06
-6.77766e-06
-6.62876e-06
-6.44385e-06
-6.22828e-06
-5.98985e-06
-5.73697e-06
-5.47699e-06
-5.21548e-06
-4.95579e-06
-4.69967e-06
-4.44816e-06
-4.20243e-06
-3.96752e-06
-3.75037e-06
-3.56925e-06
-3.44953e-06
-3.42684e-06
-3.56681e-06
-3.914e-06
-4.53964e-06
-5.44212e-06
-6.3619e-06
-7.16533e-06
-7.78306e-06
-8.15115e-06
-8.26034e-06
-8.1088e-06
-7.71204e-06
-7.10235e-06
-6.32548e-06
-5.4378e-06
-4.50296e-06
-3.58751e-06
-2.75586e-06
-2.06513e-06
-1.56048e-06
-1.27135e-06
-1.20952e-06
-1.36911e-06
-1.72862e-06
-2.25389e-06
-2.9035e-06
-3.63357e-06
-6.49886e-06
-6.44724e-06
-6.36631e-06
-6.25442e-06
-6.11149e-06
-5.94014e-06
-5.74519e-06
-5.5326e-06
-5.30828e-06
-5.07746e-06
-4.84412e-06
-4.61132e-06
-4.38181e-06
-4.15827e-06
-3.94722e-06
-3.75605e-06
-3.60285e-06
-3.5114e-06
-3.51336e-06
-3.66851e-06
-4.01483e-06
-4.61177e-06
-5.45718e-06
-6.32376e-06
-7.06086e-06
-7.62754e-06
-7.9797e-06
-8.09487e-06
-7.97504e-06
-7.64099e-06
-7.12685e-06
-6.47714e-06
-5.7442e-06
-4.98465e-06
-4.25516e-06
-3.60808e-06
-3.08747e-06
-2.72594e-06
-2.54248e-06
-2.54191e-06
-2.71591e-06
-3.04635e-06
-3.50623e-06
-4.06437e-06
-4.68857e-06
-6.01167e-06
-5.98203e-06
-5.92846e-06
-5.84941e-06
-5.74411e-06
-5.6136e-06
-5.46061e-06
-5.28916e-06
-5.10365e-06
-4.90861e-06
-4.70806e-06
-4.50574e-06
-4.30559e-06
-4.11145e-06
-3.93097e-06
-3.77198e-06
-3.65187e-06
-3.59273e-06
-3.62218e-06
-3.79263e-06
-4.13705e-06
-4.70117e-06
-5.48162e-06
-6.28784e-06
-6.95655e-06
-7.46715e-06
-7.8045e-06
-7.93263e-06
-7.85351e-06
-7.59242e-06
-7.18417e-06
-6.66982e-06
-6.09536e-06
-5.50881e-06
-4.95639e-06
-4.47899e-06
-4.10944e-06
-3.8708e-06
-3.77519e-06
-3.82472e-06
-4.00781e-06
-4.31311e-06
-4.71952e-06
-5.20421e-06
-5.74381e-06
-5.50628e-06
-5.49785e-06
-5.46973e-06
-5.42066e-06
-5.34969e-06
-5.25706e-06
-5.14423e-06
-5.01381e-06
-4.86897e-06
-4.7134e-06
-4.55082e-06
-4.38517e-06
-4.22102e-06
-4.06299e-06
-3.91925e-06
-3.79803e-06
-3.71535e-06
-3.69168e-06
-3.75008e-06
-3.93534e-06
-4.27575e-06
-4.8022e-06
-5.51282e-06
-6.24109e-06
-6.84655e-06
-7.31384e-06
-7.63517e-06
-7.78105e-06
-7.75065e-06
-7.57028e-06
-7.27402e-06
-6.89781e-06
-6.47971e-06
-6.05836e-06
-5.6699e-06
-5.34516e-06
-5.10792e-06
-4.97391e-06
-4.95094e-06
-5.03916e-06
-5.23442e-06
-5.52141e-06
-5.88654e-06
-6.31412e-06
-6.78714e-06
-4.98896e-06
-5.00168e-06
-4.99805e-06
-4.97718e-06
-4.93826e-06
-4.88121e-06
-4.80683e-06
-4.7168e-06
-4.61342e-06
-4.49962e-06
-4.3787e-06
-4.25444e-06
-4.13157e-06
-4.01505e-06
-3.91297e-06
-3.83375e-06
-3.79141e-06
-3.80467e-06
-3.89207e-06
-4.09043e-06
-4.42323e-06
-4.9095e-06
-5.54334e-06
-6.18935e-06
-6.73305e-06
-7.16378e-06
-7.47477e-06
-7.64398e-06
-7.66943e-06
-7.57501e-06
-7.39195e-06
-7.15058e-06
-6.88072e-06
-6.61186e-06
-6.37113e-06
-6.18116e-06
-6.05893e-06
-6.01555e-06
-6.05637e-06
-6.18143e-06
-6.38654e-06
-6.66168e-06
-6.99696e-06
-7.38111e-06
-7.80277e-06
-4.46957e-06
-4.50387e-06
-4.52442e-06
-4.53074e-06
-4.52235e-06
-4.49916e-06
-4.46166e-06
-4.41103e-06
-4.34898e-06
-4.27785e-06
-4.20055e-06
-4.12049e-06
-4.04218e-06
-3.97055e-06
-3.91303e-06
-3.8779e-06
-3.87682e-06
-3.92613e-06
-4.04079e-06
-4.24864e-06
-4.56943e-06
-5.01317e-06
-5.56924e-06
-6.13411e-06
-6.61863e-06
-7.02123e-06
-7.32616e-06
-7.52226e-06
-7.60785e-06
-7.60098e-06
-7.52763e-06
-7.41238e-06
-7.27781e-06
-7.14524e-06
-7.03423e-06
-6.961e-06
-6.93778e-06
-6.97248e-06
-7.06893e-06
-7.22724e-06
-7.44457e-06
-7.71619e-06
-8.03371e-06
-8.38795e-06
-8.7723e-06
-3.96234e-06
-4.0189e-06
-4.06362e-06
-4.0965e-06
-4.11748e-06
-4.12666e-06
-4.12443e-06
-4.11168e-06
-4.08981e-06
-4.06075e-06
-4.027e-06
-3.99159e-06
-3.95851e-06
-3.93239e-06
-3.91956e-06
-3.92772e-06
-3.96616e-06
-4.04817e-06
-4.18594e-06
-4.39835e-06
-4.70247e-06
-5.10358e-06
-5.58576e-06
-6.07738e-06
-6.52159e-06
-6.88824e-06
-7.18894e-06
-7.41308e-06
-7.55837e-06
-7.6358e-06
-7.66441e-06
-7.6629e-06
-7.64799e-06
-7.63403e-06
-7.6346e-06
-7.66115e-06
-7.7229e-06
-7.82568e-06
-7.97241e-06
-8.16326e-06
-8.39643e-06
-8.66881e-06
-8.9761e-06
-9.31398e-06
-9.67524e-06
-3.48341e-06
-3.56258e-06
-3.63127e-06
-3.69003e-06
-3.73927e-06
-3.77926e-06
-3.81036e-06
-3.83333e-06
-3.84938e-06
-3.86018e-06
-3.86788e-06
-3.87506e-06
-3.88505e-06
-3.90194e-06
-3.93084e-06
-3.9782e-06
-4.05121e-06
-4.15996e-06
-4.31435e-06
-4.52651e-06
-4.81007e-06
-5.16918e-06
-5.58583e-06
-6.01171e-06
-6.40744e-06
-6.75556e-06
-7.0564e-06
-7.30736e-06
-7.50672e-06
-7.65981e-06
-7.77822e-06
-7.87562e-06
-7.96366e-06
-8.05167e-06
-8.14704e-06
-8.25883e-06
-8.39427e-06
-8.55797e-06
-8.75211e-06
-8.97653e-06
-9.23061e-06
-9.51287e-06
-9.82072e-06
-1.01509e-05
-1.04995e-05
-3.05345e-06
-3.15532e-06
-3.24775e-06
-3.33152e-06
-3.40738e-06
-3.47582e-06
-3.53726e-06
-3.59234e-06
-3.64215e-06
-3.68821e-06
-3.73238e-06
-3.77688e-06
-3.8244e-06
-3.87828e-06
-3.94247e-06
-4.02188e-06
-4.12205e-06
-4.25001e-06
-4.41335e-06
-4.62042e-06
-4.88126e-06
-5.20113e-06
-5.56403e-06
-5.93634e-06
-6.29428e-06
-6.62378e-06
-6.92433e-06
-7.19624e-06
-7.43871e-06
-7.65292e-06
-7.84413e-06
-8.0206e-06
-8.19017e-06
-8.35982e-06
-8.53555e-06
-8.72017e-06
-8.92015e-06
-9.14186e-06
-9.38292e-06
-9.64243e-06
-9.92221e-06
-1.02217e-05
-1.05396e-05
-1.08741e-05
-1.12229e-05
-2.70313e-06
-2.82514e-06
-2.93887e-06
-3.04472e-06
-3.14327e-06
-3.23522e-06
-3.32137e-06
-3.4025e-06
-3.47956e-06
-3.55371e-06
-3.62644e-06
-3.69958e-06
-3.7753e-06
-3.85628e-06
-3.94555e-06
-4.04671e-06
-4.16391e-06
-4.30209e-06
-4.46714e-06
-4.66571e-06
-4.90497e-06
-5.19164e-06
-5.51455e-06
-5.84808e-06
-6.17685e-06
-6.4927e-06
-6.79236e-06
-7.0793e-06
-7.35255e-06
-7.61105e-06
-7.85648e-06
-8.09322e-06
-8.32605e-06
-8.55952e-06
-8.79758e-06
-9.04226e-06
-9.29931e-06
-9.56714e-06
-9.8409e-06
-1.01323e-05
-1.04438e-05
-1.07667e-05
-1.1101e-05
-1.14474e-05
-1.18051e-05
-2.46317e-06
-2.6006e-06
-2.73011e-06
-2.85226e-06
-2.96761e-06
-3.07665e-06
-3.18002e-06
-3.27861e-06
-3.37345e-06
-3.46565e-06
-3.55651e-06
-3.64761e-06
-3.74068e-06
-3.83818e-06
-3.94175e-06
-4.0543e-06
-4.17986e-06
-4.32213e-06
-4.4842e-06
-4.674e-06
-4.8972e-06
-5.15995e-06
-5.4535e-06
-5.75833e-06
-6.06568e-06
-6.37121e-06
-6.67213e-06
-6.96781e-06
-7.25816e-06
-7.54264e-06
-7.8214e-06
-8.09656e-06
-8.37091e-06
-8.64704e-06
-8.92733e-06
-9.21319e-06
-9.50669e-06
-9.81241e-06
-1.01224e-05
-1.04384e-05
-1.07751e-05
-1.11228e-05
-1.14787e-05
-1.1843e-05
-1.22155e-05
-2.28956e-06
-2.43953e-06
-2.58126e-06
-2.71516e-06
-2.84215e-06
-2.96308e-06
-3.07856e-06
-3.18934e-06
-3.29635e-06
-3.40038e-06
-3.50242e-06
-3.60402e-06
-3.70629e-06
-3.81487e-06
-3.93e-06
-4.05048e-06
-4.17802e-06
-4.31752e-06
-4.47904e-06
-4.66441e-06
-4.87744e-06
-5.1248e-06
-5.4008e-06
-5.68947e-06
-5.98347e-06
-6.27969e-06
-6.57679e-06
-6.87482e-06
-7.17339e-06
-7.47157e-06
-7.76925e-06
-8.06748e-06
-8.36775e-06
-8.67156e-06
-8.9802e-06
-9.29498e-06
-9.61695e-06
-9.9477e-06
-1.02881e-05
-1.06347e-05
-1.09886e-05
-1.13532e-05
-1.17268e-05
-1.21088e-05
-1.25e-05
-2.16267e-06
-2.32238e-06
-2.47366e-06
-2.6171e-06
-2.75338e-06
-2.88318e-06
-3.00717e-06
-3.12619e-06
-3.24116e-06
-3.35307e-06
-3.46303e-06
-3.5724e-06
-3.68276e-06
-3.79618e-06
-3.91451e-06
-4.0385e-06
-4.16978e-06
-4.31238e-06
-4.47396e-06
-4.65553e-06
-4.86186e-06
-5.09912e-06
-5.36246e-06
-5.63789e-06
-5.9201e-06
-6.20849e-06
-6.50219e-06
-6.80035e-06
-7.10224e-06
-7.40758e-06
-7.7163e-06
-8.02883e-06
-8.34588e-06
-8.66826e-06
-8.9967e-06
-9.33192e-06
-9.6744e-06
-1.00247e-05
-1.03825e-05
-1.07478e-05
-1.11208e-05
-1.1503e-05
-1.18941e-05
-1.22931e-05
-1.26992e-05
-2.06506e-06
-2.23301e-06
-2.39218e-06
-2.54312e-06
-2.6865e-06
-2.82307e-06
-2.95364e-06
-3.07907e-06
-3.20029e-06
-3.31827e-06
-3.43412e-06
-3.54911e-06
-3.6647e-06
-3.78252e-06
-3.90424e-06
-4.03143e-06
-4.16622e-06
-4.31187e-06
-4.47272e-06
-4.65193e-06
-4.85376e-06
-5.08339e-06
-5.33667e-06
-5.60224e-06
-5.87636e-06
-6.15884e-06
-6.44873e-06
-6.7452e-06
-7.04792e-06
-7.35676e-06
-7.67168e-06
-7.99278e-06
-8.32037e-06
-8.65481e-06
-8.99645e-06
-9.34561e-06
-9.70252e-06
-1.00673e-05
-1.04401e-05
-1.08209e-05
-1.12097e-05
-1.16067e-05
-1.20115e-05
-1.24235e-05
-1.28419e-05
-1.98718e-06
-2.16229e-06
-2.32821e-06
-2.48558e-06
-2.63514e-06
-2.77764e-06
-2.91391e-06
-3.04478e-06
-3.17119e-06
-3.29415e-06
-3.41478e-06
-3.53432e-06
-3.65415e-06
-3.77579e-06
-3.90087e-06
-4.03113e-06
-4.16873e-06
-4.31644e-06
-4.47769e-06
-4.65574e-06
-4.85446e-06
-5.07844e-06
-5.32421e-06
-5.58239e-06
-5.85e-06
-6.12695e-06
-6.41255e-06
-6.70645e-06
-7.00843e-06
-7.3184e-06
-7.6363e-06
-7.96211e-06
-8.29593e-06
-8.63788e-06
-8.98813e-06
-9.3468e-06
-9.71394e-06
-1.00896e-05
-1.04737e-05
-1.08662e-05
-1.12668e-05
-1.16755e-05
-1.20917e-05
-1.25151e-05
-1.2945e-05
-1.92485e-06
-2.10647e-06
-2.27851e-06
-2.44168e-06
-2.59672e-06
-2.74441e-06
-2.88558e-06
-3.02112e-06
-3.15199e-06
-3.27922e-06
-3.40396e-06
-3.52743e-06
-3.65099e-06
-3.77608e-06
-3.90432e-06
-4.03745e-06
-4.17758e-06
-4.32716e-06
-4.48917e-06
-4.66664e-06
-4.86317e-06
-5.08277e-06
-5.32234e-06
-5.57419e-06
-5.83601e-06
-6.10781e-06
-6.38917e-06
-6.67999e-06
-6.98016e-06
-7.28965e-06
-7.6084e-06
-7.93638e-06
-8.2736e-06
-8.62008e-06
-8.97586e-06
-9.34094e-06
-9.71527e-06
-1.00988e-05
-1.04913e-05
-1.08926e-05
-1.13024e-05
-1.17205e-05
-1.21463e-05
-1.25793e-05
-1.3019e-05
-1.87561e-06
-2.0631e-06
-2.24063e-06
-2.40895e-06
-2.56884e-06
-2.72111e-06
-2.8666e-06
-3.00625e-06
-3.14104e-06
-3.27203e-06
-3.40038e-06
-3.52731e-06
-3.65414e-06
-3.78232e-06
-3.9134e-06
-4.04912e-06
-4.19147e-06
-4.3427e-06
-4.50547e-06
-4.68255e-06
-4.87726e-06
-5.09303e-06
-5.3271e-06
-5.57332e-06
-5.83002e-06
-6.09693e-06
-6.3741e-06
-6.66152e-06
-6.95923e-06
-7.26724e-06
-7.58553e-06
-7.91409e-06
-8.25289e-06
-8.60192e-06
-8.96113e-06
-9.33046e-06
-9.70979e-06
-1.00989e-05
-1.04977e-05
-1.09058e-05
-1.13228e-05
-1.17484e-05
-1.21821e-05
-1.26233e-05
-1.30713e-05
-1.83734e-06
-2.03009e-06
-2.21252e-06
-2.38542e-06
-2.54961e-06
-2.70589e-06
-2.85517e-06
-2.9984e-06
-3.13659e-06
-3.27083e-06
-3.40229e-06
-3.53218e-06
-3.66184e-06
-3.79267e-06
-3.92622e-06
-4.06414e-06
-4.20834e-06
-4.36089e-06
-4.52424e-06
-4.70084e-06
-4.8938e-06
-5.10605e-06
-5.33511e-06
-5.57619e-06
-5.82802e-06
-6.09043e-06
-6.36351e-06
-6.64745e-06
-6.94237e-06
-7.24835e-06
-7.56541e-06
-7.89357e-06
-8.23282e-06
-8.58311e-06
-8.94437e-06
-9.31649e-06
-9.69929e-06
-1.00926e-05
-1.04961e-05
-1.09094e-05
-1.13322e-05
-1.1764e-05
-1.22043e-05
-1.26523e-05
-1.31075e-05
-1.8082e-06
-2.0056e-06
-2.19235e-06
-2.36927e-06
-2.53718e-06
-2.69693e-06
-2.84944e-06
-2.99571e-06
-3.13678e-06
-3.27376e-06
-3.40782e-06
-3.5402e-06
-3.67221e-06
-3.80524e-06
-3.94081e-06
-4.08051e-06
-4.22616e-06
-4.37968e-06
-4.54332e-06
-4.71928e-06
-4.91048e-06
-5.11938e-06
-5.34381e-06
-5.58013e-06
-5.8274e-06
-6.08555e-06
-6.35473e-06
-6.63523e-06
-6.92726e-06
-7.23096e-06
-7.54641e-06
-7.87364e-06
-8.21266e-06
-8.56342e-06
-8.92585e-06
-9.29981e-06
-9.6851e-06
-1.00815e-05
-1.04887e-05
-1.09062e-05
-1.13338e-05
-1.17708e-05
-1.22167e-05
-1.26707e-05
-1.31322e-05
-1.78645e-06
-1.98791e-06
-2.1784e-06
-2.35876e-06
-2.52983e-06
-2.6925e-06
-2.84772e-06
-2.99651e-06
-3.13996e-06
-3.27918e-06
-3.41537e-06
-3.54976e-06
-3.68366e-06
-3.81846e-06
-3.95562e-06
-4.0967e-06
-4.24341e-06
-4.39755e-06
-4.56122e-06
-4.73635e-06
-4.92577e-06
-5.13144e-06
-5.35153e-06
-5.58347e-06
-5.8265e-06
-6.08064e-06
-6.34614e-06
-6.62336e-06
-6.91257e-06
-7.21394e-06
-7.52762e-06
-7.85366e-06
-8.19209e-06
-8.54289e-06
-8.90596e-06
-9.28117e-06
-9.66832e-06
-1.00671e-05
-1.04773e-05
-1.08984e-05
-1.133e-05
-1.17715e-05
-1.22222e-05
-1.26816e-05
-1.31488e-05
-1.77053e-06
-1.97548e-06
-2.16916e-06
-2.35242e-06
-2.52613e-06
-2.69121e-06
-2.84865e-06
-2.9995e-06
-3.14486e-06
-3.28587e-06
-3.42374e-06
-3.55972e-06
-3.6951e-06
-3.83126e-06
-3.96963e-06
-4.11172e-06
-4.25915e-06
-4.41363e-06
-4.57709e-06
-4.75127e-06
-4.93887e-06
-5.14143e-06
-5.3575e-06
-5.58539e-06
-5.82453e-06
-6.07491e-06
-6.33699e-06
-6.61115e-06
-6.89768e-06
-7.19681e-06
-7.5087e-06
-7.83348e-06
-8.17117e-06
-8.52177e-06
-8.8852e-06
-9.26131e-06
-9.64991e-06
-1.00507e-05
-1.04634e-05
-1.08875e-05
-1.13226e-05
-1.17681e-05
-1.22233e-05
-1.26875e-05
-1.31598e-05
-1.75913e-06
-1.96705e-06
-2.16342e-06
-2.3491e-06
-2.52498e-06
-2.69203e-06
-2.85126e-06
-3.00374e-06
-3.1506e-06
-3.29302e-06
-3.43219e-06
-3.56938e-06
-3.70589e-06
-3.84306e-06
-3.98232e-06
-4.12511e-06
-4.27299e-06
-4.42757e-06
-4.59065e-06
-4.76379e-06
-4.94956e-06
-5.14913e-06
-5.3615e-06
-5.58567e-06
-5.82116e-06
-6.06815e-06
-6.32709e-06
-6.59842e-06
-6.88246e-06
-7.17948e-06
-7.48969e-06
-7.81322e-06
-8.15013e-06
-8.50043e-06
-8.86406e-06
-9.24088e-06
-9.63068e-06
-1.00332e-05
-1.04481e-05
-1.08749e-05
-1.13131e-05
-1.17621e-05
-1.22213e-05
-1.26899e-05
-1.31669e-05
-1.7512e-06
-1.96164e-06
-2.16025e-06
-2.34792e-06
-2.52558e-06
-2.69421e-06
-2.85486e-06
-3.00862e-06
-3.15665e-06
-3.30013e-06
-3.44029e-06
-3.57839e-06
-3.71572e-06
-3.85364e-06
-3.9935e-06
-4.13675e-06
-4.28487e-06
-4.43937e-06
-4.60193e-06
-4.774e-06
-4.95794e-06
-5.1547e-06
-5.36367e-06
-5.58441e-06
-5.81657e-06
-6.06045e-06
-6.31654e-06
-6.58529e-06
-6.86705e-06
-7.16214e-06
-7.47078e-06
-7.79313e-06
-8.12929e-06
-8.47926e-06
-8.84301e-06
-9.22041e-06
-9.61125e-06
-1.00153e-05
-1.04321e-05
-1.08613e-05
-1.13023e-05
-1.17546e-05
-1.22174e-05
-1.269e-05
-1.31714e-05
-1.74592e-06
-1.95848e-06
-2.15897e-06
-2.34828e-06
-2.52737e-06
-2.69726e-06
-2.85902e-06
-3.01377e-06
-3.16268e-06
-3.30696e-06
-3.44785e-06
-3.5866e-06
-3.72453e-06
-3.86295e-06
-4.00323e-06
-4.14674e-06
-4.29491e-06
-4.4492e-06
-4.61117e-06
-4.78215e-06
-4.96433e-06
-5.15845e-06
-5.36429e-06
-5.58189e-06
-5.81102e-06
-6.05208e-06
-6.30558e-06
-6.57198e-06
-6.85168e-06
-7.145e-06
-7.45221e-06
-7.77349e-06
-8.10894e-06
-8.4586e-06
-8.82244e-06
-9.20033e-06
-9.59209e-06
-9.99745e-06
-1.0416e-05
-1.08474e-05
-1.1291e-05
-1.17462e-05
-1.22124e-05
-1.26886e-05
-1.3174e-05
-1.74265e-06
-1.957e-06
-2.15904e-06
-2.34969e-06
-2.52994e-06
-2.70082e-06
-2.86345e-06
-3.01895e-06
-3.16852e-06
-3.31339e-06
-3.45479e-06
-3.59401e-06
-3.73234e-06
-3.8711e-06
-4.01161e-06
-4.15523e-06
-4.30334e-06
-4.45733e-06
-4.61866e-06
-4.78857e-06
-4.96907e-06
-5.16075e-06
-5.36372e-06
-5.57845e-06
-5.80484e-06
-6.04334e-06
-6.2945e-06
-6.55878e-06
-6.83662e-06
-7.12835e-06
-7.43426e-06
-7.75455e-06
-8.08937e-06
-8.43874e-06
-8.80265e-06
-9.18099e-06
-9.57357e-06
-9.98013e-06
-1.04003e-05
-1.08336e-05
-1.12796e-05
-1.17375e-05
-1.22067e-05
-1.26863e-05
-1.31753e-05
-1.74089e-06
-1.95675e-06
-2.16007e-06
-2.35181e-06
-2.53299e-06
-2.70465e-06
-2.86793e-06
-3.024e-06
-3.17405e-06
-3.31933e-06
-3.4611e-06
-3.60063e-06
-3.73922e-06
-3.87817e-06
-4.01879e-06
-4.16242e-06
-4.31039e-06
-4.46401e-06
-4.62469e-06
-4.79357e-06
-4.9725e-06
-5.16194e-06
-5.36228e-06
-5.57442e-06
-5.79834e-06
-6.03456e-06
-6.28361e-06
-6.546e-06
-6.82216e-06
-7.11247e-06
-7.41722e-06
-7.73664e-06
-8.07087e-06
-8.41998e-06
-8.78395e-06
-9.16268e-06
-9.55601e-06
-9.96365e-06
-1.03852e-05
-1.08203e-05
-1.12684e-05
-1.17288e-05
-1.22007e-05
-1.26833e-05
-1.31757e-05
-1.74026e-06
-1.95737e-06
-2.16175e-06
-2.3544e-06
-2.53632e-06
-2.7086e-06
-2.87238e-06
-3.02886e-06
-3.17926e-06
-3.32483e-06
-3.46683e-06
-3.60655e-06
-3.74529e-06
-3.88434e-06
-4.025e-06
-4.16856e-06
-4.31631e-06
-4.46954e-06
-4.62957e-06
-4.79746e-06
-4.97494e-06
-5.1623e-06
-5.36023e-06
-5.57001e-06
-5.79173e-06
-6.02588e-06
-6.27304e-06
-6.53373e-06
-6.80839e-06
-7.09742e-06
-7.40114e-06
-7.71977e-06
-8.05349e-06
-8.40236e-06
-8.76639e-06
-9.14549e-06
-9.53948e-06
-9.94811e-06
-1.0371e-05
-1.08078e-05
-1.12577e-05
-1.17203e-05
-1.21947e-05
-1.268e-05
-1.31754e-05
-1.74054e-06
-1.95877e-06
-2.16408e-06
-2.35749e-06
-2.54003e-06
-2.7128e-06
-2.87699e-06
-3.03378e-06
-3.18442e-06
-3.33018e-06
-3.47232e-06
-3.61216e-06
-3.75097e-06
-3.89004e-06
-4.03065e-06
-4.17408e-06
-4.32158e-06
-4.47437e-06
-4.63372e-06
-4.80062e-06
-4.97667e-06
-5.16201e-06
-5.35759e-06
-5.56512e-06
-5.78475e-06
-6.01694e-06
-6.26231e-06
-6.52137e-06
-6.79461e-06
-7.08243e-06
-7.38516e-06
-7.70304e-06
-8.03627e-06
-8.38492e-06
-8.749e-06
-9.12844e-06
-9.52307e-06
-9.93263e-06
-1.03568e-05
-1.07951e-05
-1.12469e-05
-1.17115e-05
-1.21883e-05
-1.26763e-05
-1.31745e-05
-1.74141e-06
-1.9607e-06
-2.16692e-06
-2.36103e-06
-2.54411e-06
-2.71732e-06
-2.88182e-06
-3.03886e-06
-3.18968e-06
-3.33556e-06
-3.47779e-06
-3.61766e-06
-3.75644e-06
-3.89544e-06
-4.03593e-06
-4.17915e-06
-4.32631e-06
-4.47862e-06
-4.63725e-06
-4.80316e-06
-4.97787e-06
-5.16133e-06
-5.35462e-06
-5.55987e-06
-5.77735e-06
-6.00761e-06
-6.2512e-06
-6.50866e-06
-6.78049e-06
-7.06711e-06
-7.36886e-06
-7.686e-06
-8.01874e-06
-8.36717e-06
-8.7313e-06
-9.11108e-06
-9.50634e-06
-9.91682e-06
-1.03422e-05
-1.0782e-05
-1.12356e-05
-1.17023e-05
-1.21815e-05
-1.26722e-05
-1.31733e-05
-1.86649e-06
-8.09627e-06
-9.52721e-06
-1.03943e-05
-1.13428e-05
-1.2352e-05
-1.34094e-05
-1.45071e-05
-1.56402e-05
-1.68077e-05
-1.80119e-05
-1.92589e-05
-2.05615e-05
-2.19434e-05
-2.3445e-05
-3.08562e-07
-5.77161e-06
-8.17934e-06
-9.68889e-06
-1.09614e-05
-1.21329e-05
-1.32773e-05
-1.44257e-05
-1.55896e-05
-1.67761e-05
-1.79918e-05
-1.92456e-05
-2.05515e-05
-2.19343e-05
-2.34346e-05
4.84079e-07
-4.34673e-06
-7.20099e-06
-9.09514e-06
-1.06072e-05
-1.19223e-05
-1.31503e-05
-1.43483e-05
-1.55423e-05
-1.67472e-05
-1.79739e-05
-1.92337e-05
-2.05423e-05
-2.19252e-05
-2.34235e-05
5.36911e-07
-3.55931e-06
-6.48789e-06
-8.60073e-06
-1.02854e-05
-1.17239e-05
-1.30311e-05
-1.42774e-05
-1.55007e-05
-1.6723e-05
-1.79596e-05
-1.92244e-05
-2.05346e-05
-2.19168e-05
-2.34121e-05
2.48999e-07
-3.0317e-06
-5.86541e-06
-8.11246e-06
-9.94386e-06
-1.15037e-05
-1.28967e-05
-1.41984e-05
-1.54556e-05
-1.66979e-05
-1.79455e-05
-1.92154e-05
-2.0527e-05
-2.19077e-05
-2.33991e-05
-1.05563e-07
-2.79113e-06
-5.37936e-06
-7.64135e-06
-9.57344e-06
-1.12441e-05
-1.27289e-05
-1.40958e-05
-1.53958e-05
-1.66642e-05
-1.79264e-05
-1.92034e-05
-2.0517e-05
-2.18961e-05
-2.33828e-05
-5.7704e-07
-2.78922e-06
-5.0763e-06
-7.24445e-06
-9.20509e-06
-1.09529e-05
-1.25215e-05
-1.39585e-05
-1.53096e-05
-1.66119e-05
-1.78948e-05
-1.91827e-05
-2.05005e-05
-2.18788e-05
-2.33607e-05
-1.17665e-06
-3.00195e-06
-4.98134e-06
-6.97956e-06
-8.89024e-06
-1.06616e-05
-1.22866e-05
-1.37855e-05
-1.51899e-05
-1.65322e-05
-1.78419e-05
-1.91459e-05
-2.04714e-05
-2.18511e-05
-2.33288e-05
-1.8824e-06
-3.39677e-06
-5.09099e-06
-6.88155e-06
-8.67857e-06
-1.04142e-05
-1.20538e-05
-1.35914e-05
-1.504e-05
-1.64216e-05
-1.77615e-05
-1.9086e-05
-2.04231e-05
-2.18069e-05
-2.3282e-05
-2.67175e-06
-3.93779e-06
-5.38213e-06
-6.95815e-06
-8.60225e-06
-1.02516e-05
-1.18599e-05
-1.34025e-05
-1.48749e-05
-1.62861e-05
-1.76534e-05
-1.89992e-05
-2.03503e-05
-2.17405e-05
-2.32144e-05
-3.52575e-06
-4.5927e-06
-5.82436e-06
-7.19751e-06
-8.67239e-06
-1.02006e-05
-1.1737e-05
-1.32482e-05
-1.47169e-05
-1.61397e-05
-1.75244e-05
-1.88872e-05
-2.02511e-05
-2.16481e-05
-2.31211e-05
-4.42927e-06
-5.3354e-06
-6.38829e-06
-7.57854e-06
-8.88407e-06
-1.02724e-05
-1.17066e-05
-1.31535e-05
-1.45888e-05
-1.60002e-05
-1.73864e-05
-1.87563e-05
-2.01278e-05
-2.15288e-05
-2.2999e-05
-5.3693e-06
-6.14469e-06
-7.04805e-06
-8.07776e-06
-9.22343e-06
-1.04659e-05
-1.17792e-05
-1.31355e-05
-1.45101e-05
-1.58854e-05
-1.72535e-05
-1.86163e-05
-1.99856e-05
-2.13843e-05
-2.28471e-05
-6.33219e-06
-7.00116e-06
-7.78011e-06
-8.67147e-06
-9.67196e-06
-1.0772e-05
-1.1956e-05
-1.3204e-05
-1.44948e-05
-1.58106e-05
-1.71395e-05
-1.84781e-05
-1.98322e-05
-2.12187e-05
-2.26665e-05
-7.30193e-06
-7.88494e-06
-8.56137e-06
-9.33552e-06
-1.02081e-05
-1.11759e-05
-1.2231e-05
-1.33615e-05
-1.45524e-05
-1.57885e-05
-1.70577e-05
-1.83532e-05
-1.96764e-05
-2.10381e-05
-2.24602e-05
-8.26019e-06
-8.775e-06
-9.36836e-06
-1.00452e-05
-1.08082e-05
-1.16579e-05
-1.25918e-05
-1.36043e-05
-1.46867e-05
-1.58286e-05
-1.70201e-05
-1.82541e-05
-1.9529e-05
-2.08504e-05
-2.22332e-05
-9.18663e-06
-9.64903e-06
-1.0177e-05
-1.07753e-05
-1.14474e-05
-1.21955e-05
-1.30207e-05
-1.39217e-05
-1.48951e-05
-1.59355e-05
-1.70367e-05
-1.8193e-05
-1.94022e-05
-2.06665e-05
-2.19943e-05
-1.00608e-05
-1.04857e-05
-1.09645e-05
-1.15018e-05
-1.21011e-05
-1.27654e-05
-1.34974e-05
-1.42986e-05
-1.51692e-05
-1.61079e-05
-1.71126e-05
-1.81803e-05
-1.9309e-05
-2.04994e-05
-2.17555e-05
-1.08681e-05
-1.12691e-05
-1.17141e-05
-1.22069e-05
-1.27506e-05
-1.33486e-05
-1.40046e-05
-1.47208e-05
-1.54994e-05
-1.63423e-05
-1.72501e-05
-1.82231e-05
-1.92612e-05
-2.03641e-05
-2.15327e-05
-1.15878e-05
-1.19789e-05
-1.24054e-05
-1.28703e-05
-1.33764e-05
-1.3927e-05
-1.45244e-05
-1.51726e-05
-1.58749e-05
-1.66337e-05
-1.74514e-05
-1.83301e-05
-1.92721e-05
-2.02786e-05
-2.1347e-05
-1.21762e-05
-1.25688e-05
-1.29897e-05
-1.34414e-05
-1.39263e-05
-1.44468e-05
-1.50057e-05
-1.56062e-05
-1.62513e-05
-1.69442e-05
-1.76883e-05
-1.84864e-05
-1.93407e-05
-2.02532e-05
-2.12233e-05
-1.2599e-05
-1.30007e-05
-1.3426e-05
-1.38764e-05
-1.43537e-05
-1.48602e-05
-1.53981e-05
-1.597e-05
-1.65788e-05
-1.72275e-05
-1.7919e-05
-1.86562e-05
-1.94416e-05
-2.02759e-05
-2.11595e-05
-1.28999e-05
-1.33128e-05
-1.37459e-05
-1.42003e-05
-1.46773e-05
-1.51785e-05
-1.57059e-05
-1.62614e-05
-1.68473e-05
-1.74662e-05
-1.81205e-05
-1.88128e-05
-1.95448e-05
-2.03179e-05
-2.11333e-05
-1.31124e-05
-1.35386e-05
-1.39819e-05
-1.44431e-05
-1.49233e-05
-1.54238e-05
-1.59462e-05
-1.64918e-05
-1.70626e-05
-1.76603e-05
-1.82871e-05
-1.89448e-05
-1.96353e-05
-2.03599e-05
-2.11202e-05
-1.32681e-05
-1.37061e-05
-1.4159e-05
-1.46273e-05
-1.51118e-05
-1.56136e-05
-1.61336e-05
-1.6673e-05
-1.72329e-05
-1.7815e-05
-1.84206e-05
-1.90516e-05
-1.97094e-05
-2.03952e-05
-2.11103e-05
-1.33824e-05
-1.38308e-05
-1.42923e-05
-1.47673e-05
-1.52564e-05
-1.57601e-05
-1.62791e-05
-1.68142e-05
-1.73663e-05
-1.79363e-05
-1.85256e-05
-1.91353e-05
-1.97668e-05
-2.04206e-05
-2.1098e-05
-1.34661e-05
-1.39233e-05
-1.43924e-05
-1.48735e-05
-1.53669e-05
-1.58728e-05
-1.63916e-05
-1.69238e-05
-1.747e-05
-1.80307e-05
-1.8607e-05
-1.91996e-05
-1.98093e-05
-2.04368e-05
-2.10829e-05
-1.35266e-05
-1.39916e-05
-1.44674e-05
-1.4954e-05
-1.54514e-05
-1.59597e-05
-1.64788e-05
-1.70092e-05
-1.75509e-05
-1.81044e-05
-1.86702e-05
-1.92488e-05
-1.98407e-05
-2.04466e-05
-2.10668e-05
-1.35701e-05
-1.40419e-05
-1.45237e-05
-1.50154e-05
-1.55166e-05
-1.60273e-05
-1.65473e-05
-1.70766e-05
-1.76151e-05
-1.8163e-05
-1.87204e-05
-1.92877e-05
-1.9865e-05
-2.04528e-05
-2.10513e-05
-1.36013e-05
-1.40793e-05
-1.45666e-05
-1.50629e-05
-1.55679e-05
-1.60812e-05
-1.66024e-05
-1.71312e-05
-1.76675e-05
-1.82111e-05
-1.87618e-05
-1.93199e-05
-1.98851e-05
-2.04578e-05
-2.10381e-05
-1.36238e-05
-1.41073e-05
-1.45998e-05
-1.51006e-05
-1.56092e-05
-1.61252e-05
-1.66478e-05
-1.71768e-05
-1.77116e-05
-1.82519e-05
-1.87974e-05
-1.93478e-05
-1.9903e-05
-2.0463e-05
-2.10276e-05
-1.36401e-05
-1.41289e-05
-1.46261e-05
-1.51312e-05
-1.56434e-05
-1.6162e-05
-1.66864e-05
-1.72158e-05
-1.77498e-05
-1.82876e-05
-1.88289e-05
-1.93731e-05
-1.99198e-05
-2.0469e-05
-2.10198e-05
-1.36522e-05
-1.41458e-05
-1.46475e-05
-1.51565e-05
-1.56722e-05
-1.61935e-05
-1.67197e-05
-1.72499e-05
-1.77835e-05
-1.83195e-05
-1.88574e-05
-1.93965e-05
-1.9936e-05
-2.04759e-05
-2.1015e-05
-1.36612e-05
-1.41592e-05
-1.46651e-05
-1.5178e-05
-1.56969e-05
-1.62209e-05
-1.67489e-05
-1.72802e-05
-1.78136e-05
-1.83483e-05
-1.88835e-05
-1.94183e-05
-1.99518e-05
-2.04837e-05
-2.10128e-05
-1.3668e-05
-1.41702e-05
-1.46799e-05
-1.51964e-05
-1.57184e-05
-1.62449e-05
-1.67748e-05
-1.73071e-05
-1.78406e-05
-1.83744e-05
-1.89074e-05
-1.94386e-05
-1.99671e-05
-2.04922e-05
-2.10127e-05
-1.36731e-05
-1.41791e-05
-1.46924e-05
-1.52122e-05
-1.57371e-05
-1.6266e-05
-1.67978e-05
-1.73312e-05
-1.7865e-05
-1.83981e-05
-1.89293e-05
-1.94575e-05
-1.99816e-05
-2.05009e-05
-2.10139e-05
-1.3677e-05
-1.41864e-05
-1.4703e-05
-1.52258e-05
-1.57534e-05
-1.62846e-05
-1.68181e-05
-1.73526e-05
-1.78868e-05
-1.84194e-05
-1.89492e-05
-1.9475e-05
-1.99954e-05
-2.05096e-05
-2.10161e-05
-1.36798e-05
-1.41924e-05
-1.4712e-05
-1.52376e-05
-1.57677e-05
-1.6301e-05
-1.68361e-05
-1.73717e-05
-1.79064e-05
-1.84387e-05
-1.89673e-05
-1.9491e-05
-2.00082e-05
-2.05181e-05
-2.1019e-05
-1.3682e-05
-1.41976e-05
-1.47202e-05
-1.52484e-05
-1.57809e-05
-1.63163e-05
-1.68531e-05
-1.73898e-05
-1.7925e-05
-1.84571e-05
-1.89847e-05
-1.95065e-05
-2.00208e-05
-2.05268e-05
-2.10225e-05
-1.36838e-05
-1.42024e-05
-1.47278e-05
-1.52588e-05
-1.57937e-05
-1.63312e-05
-1.68696e-05
-1.74075e-05
-1.79433e-05
-1.84753e-05
-1.9002e-05
-1.9522e-05
-2.00336e-05
-2.05358e-05
-2.10263e-05
-4.99674e-06
-4.99306e-06
-4.99583e-06
-5.00416e-06
-5.01734e-06
-5.0351e-06
-5.05727e-06
-5.08355e-06
-5.11391e-06
-5.14869e-06
-5.18823e-06
-5.23288e-06
-5.283e-06
-5.33888e-06
-5.40069e-06
-5.46848e-06
-5.54205e-06
-5.62096e-06
-5.70439e-06
-5.79081e-06
-5.87797e-06
-5.96276e-06
-6.03866e-06
-6.09757e-06
-6.13309e-06
-6.13933e-06
-6.11094e-06
-6.04404e-06
-5.93743e-06
-5.79338e-06
-5.61344e-06
-5.40338e-06
-5.17913e-06
-4.95774e-06
-4.75545e-06
-4.58715e-06
-4.4664e-06
-4.40142e-06
-4.39284e-06
-4.43315e-06
-4.50775e-06
-4.59775e-06
-4.68439e-06
-4.7446e-06
-4.76453e-06
-4.99533e-06
-4.99216e-06
-4.99412e-06
-5.0001e-06
-5.00957e-06
-5.02227e-06
-5.03819e-06
-5.05753e-06
-5.08052e-06
-5.1073e-06
-5.13815e-06
-5.17346e-06
-5.21363e-06
-5.2591e-06
-5.31032e-06
-5.36766e-06
-5.43139e-06
-5.50148e-06
-5.57753e-06
-5.65864e-06
-5.74308e-06
-5.82797e-06
-5.90616e-06
-5.96918e-06
-6.01088e-06
-6.0258e-06
-6.00895e-06
-5.95677e-06
-5.86773e-06
-5.74259e-06
-5.58521e-06
-5.40643e-06
-5.21798e-06
-5.03095e-06
-4.86003e-06
-4.72071e-06
-4.624e-06
-4.57496e-06
-4.57182e-06
-4.60627e-06
-4.6652e-06
-4.73359e-06
-4.79748e-06
-4.84544e-06
-4.8718e-06
-4.9796e-06
-4.97861e-06
-4.98134e-06
-4.98699e-06
-4.99523e-06
-5.00606e-06
-5.01944e-06
-5.03554e-06
-5.05457e-06
-5.07682e-06
-5.10266e-06
-5.13252e-06
-5.16692e-06
-5.20643e-06
-5.25173e-06
-5.30355e-06
-5.36274e-06
-5.43013e-06
-5.50648e-06
-5.59231e-06
-5.68764e-06
-5.79127e-06
-5.89588e-06
-5.99044e-06
-6.06626e-06
-6.1153e-06
-6.13001e-06
-6.10469e-06
-6.03637e-06
-5.9254e-06
-5.77502e-06
-5.59519e-06
-5.3986e-06
-5.20031e-06
-5.01689e-06
-4.8642e-06
-4.75461e-06
-4.69466e-06
-4.68368e-06
-4.71401e-06
-4.77285e-06
-4.84509e-06
-4.91658e-06
-4.97834e-06
-5.02845e-06
-4.95603e-06
-4.95829e-06
-4.96228e-06
-4.96794e-06
-4.97525e-06
-4.98429e-06
-4.99514e-06
-5.00803e-06
-5.02325e-06
-5.04117e-06
-5.06228e-06
-5.08712e-06
-5.1164e-06
-5.15095e-06
-5.19184e-06
-5.2404e-06
-5.29832e-06
-5.36768e-06
-5.451e-06
-5.55109e-06
-5.67078e-06
-5.81156e-06
-5.96526e-06
-6.11565e-06
-6.24905e-06
-6.35278e-06
-6.41498e-06
-6.42732e-06
-6.38541e-06
-6.28908e-06
-6.14305e-06
-5.95575e-06
-5.7413e-06
-5.51678e-06
-5.30128e-06
-5.1137e-06
-4.96988e-06
-4.87987e-06
-4.84593e-06
-4.86227e-06
-4.9165e-06
-4.99255e-06
-5.07432e-06
-5.15235e-06
-5.22697e-06
-4.92928e-06
-4.93487e-06
-4.94042e-06
-4.94641e-06
-4.95321e-06
-4.9609e-06
-4.96967e-06
-4.97983e-06
-4.99174e-06
-5.00589e-06
-5.02283e-06
-5.04329e-06
-5.06817e-06
-5.09865e-06
-5.13629e-06
-5.1832e-06
-5.24219e-06
-5.31704e-06
-5.41262e-06
-5.5349e-06
-5.69052e-06
-5.8848e-06
-6.10824e-06
-6.33635e-06
-6.54789e-06
-6.72368e-06
-6.84647e-06
-6.90673e-06
-6.89979e-06
-6.82437e-06
-6.68367e-06
-6.48729e-06
-6.24908e-06
-5.98777e-06
-5.72522e-06
-5.48428e-06
-5.28587e-06
-5.14559e-06
-5.07076e-06
-5.05904e-06
-5.09927e-06
-5.17408e-06
-5.26438e-06
-5.35881e-06
-5.4583e-06
-4.90258e-06
-4.91128e-06
-4.91838e-06
-4.92487e-06
-4.93137e-06
-4.93805e-06
-4.94515e-06
-4.95303e-06
-4.96215e-06
-4.97304e-06
-4.98639e-06
-5.00307e-06
-5.02422e-06
-5.05136e-06
-5.08663e-06
-5.133e-06
-5.19464e-06
-5.27729e-06
-5.38868e-06
-5.53859e-06
-5.73832e-06
-5.99783e-06
-6.30594e-06
-6.62677e-06
-6.92887e-06
-7.18547e-06
-7.37875e-06
-7.4972e-06
-7.53362e-06
-7.48693e-06
-7.35684e-06
-7.15309e-06
-6.89033e-06
-6.58826e-06
-6.27092e-06
-5.96514e-06
-5.69758e-06
-5.49079e-06
-5.35899e-06
-5.30512e-06
-5.32049e-06
-5.38688e-06
-5.48185e-06
-5.59139e-06
-5.7164e-06
-4.87842e-06
-4.88989e-06
-4.89843e-06
-4.90541e-06
-4.91173e-06
-4.9176e-06
-4.92327e-06
-4.92917e-06
-4.93578e-06
-4.94374e-06
-4.95381e-06
-4.96699e-06
-4.98464e-06
-5.00867e-06
-5.04175e-06
-5.08779e-06
-5.15237e-06
-5.24339e-06
-5.37172e-06
-5.55141e-06
-5.79886e-06
-6.12915e-06
-6.52921e-06
-6.94893e-06
-7.3454e-06
-7.69044e-06
-7.96517e-06
-8.15057e-06
-8.23314e-06
-8.21331e-06
-8.09601e-06
-7.88935e-06
-7.60676e-06
-7.26765e-06
-6.89712e-06
-6.52495e-06
-6.18305e-06
-5.90116e-06
-5.70155e-06
-5.59412e-06
-5.57432e-06
-5.62433e-06
-5.71877e-06
-5.84094e-06
-5.99138e-06
-4.85859e-06
-4.87246e-06
-4.88226e-06
-4.88972e-06
-4.89593e-06
-4.90108e-06
-4.90547e-06
-4.90952e-06
-4.91378e-06
-4.9189e-06
-4.92572e-06
-4.93536e-06
-4.94937e-06
-4.96995e-06
-5.00035e-06
-5.04533e-06
-5.11191e-06
-5.21017e-06
-5.35423e-06
-5.5627e-06
-5.85741e-06
-6.25843e-06
-6.75175e-06
-7.27236e-06
-7.76682e-06
-8.20053e-06
-8.54674e-06
-8.78787e-06
-8.91568e-06
-8.92652e-06
-8.82659e-06
-8.62309e-06
-8.3287e-06
-7.96194e-06
-7.54766e-06
-7.11694e-06
-6.70534e-06
-6.34889e-06
-6.07799e-06
-5.91058e-06
-5.84799e-06
-5.87451e-06
-5.96306e-06
-6.09465e-06
-6.2695e-06
-4.84422e-06
-4.86017e-06
-4.87112e-06
-4.87903e-06
-4.88513e-06
-4.88963e-06
-4.89278e-06
-4.89503e-06
-4.89692e-06
-4.89912e-06
-4.90252e-06
-4.9083e-06
-4.91815e-06
-4.93455e-06
-4.96122e-06
-5.00372e-06
-5.07041e-06
-5.1735e-06
-5.33031e-06
-5.56414e-06
-5.90257e-06
-6.36919e-06
-6.95133e-06
-7.56727e-06
-8.15177e-06
-8.66348e-06
-9.07326e-06
-9.36478e-06
-9.53165e-06
-9.57127e-06
-9.4894e-06
-9.29348e-06
-8.99551e-06
-8.61253e-06
-8.16791e-06
-7.69223e-06
-7.22262e-06
-6.79957e-06
-6.46088e-06
-6.23264e-06
-6.12341e-06
-6.12138e-06
-6.19934e-06
-6.33702e-06
-6.53441e-06
-4.83601e-06
-4.85385e-06
-4.86585e-06
-4.87418e-06
-4.88019e-06
-4.88402e-06
-4.88591e-06
-4.88628e-06
-4.88567e-06
-4.88473e-06
-4.88434e-06
-4.88573e-06
-4.89068e-06
-4.90187e-06
-4.9234e-06
-4.96156e-06
-5.02591e-06
-5.13063e-06
-5.29611e-06
-5.55031e-06
-5.92711e-06
-6.45089e-06
-7.11373e-06
-7.81552e-06
-8.47892e-06
-9.05739e-06
-9.52082e-06
-9.85389e-06
-1.00517e-05
-1.01147e-05
-1.00491e-05
-9.86312e-06
-9.568e-06
-9.17907e-06
-8.71732e-06
-8.21136e-06
-7.69794e-06
-7.21994e-06
-6.82145e-06
-6.53586e-06
-6.37959e-06
-6.34623e-06
-6.41011e-06
-6.55078e-06
-6.76847e-06
-4.83437e-06
-4.85401e-06
-4.86701e-06
-4.87577e-06
-4.88166e-06
-4.88479e-06
-4.88534e-06
-4.88369e-06
-4.88033e-06
-4.87589e-06
-4.87122e-06
-4.86754e-06
-4.86668e-06
-4.87145e-06
-4.88626e-06
-4.918e-06
-4.97731e-06
-5.08017e-06
-5.24978e-06
-5.51825e-06
-5.92546e-06
-6.50097e-06
-7.23285e-06
-8.00948e-06
-8.74001e-06
-9.3737e-06
-9.87984e-06
-1.02446e-05
-1.04655e-05
-1.0546e-05
-1.04939e-05
-1.03182e-05
-1.00297e-05
-9.64196e-06
-9.17312e-06
-8.64901e-06
-8.10444e-06
-7.58284e-06
-7.13435e-06
-6.79699e-06
-6.59536e-06
-6.52969e-06
-6.57714e-06
-6.71816e-06
-6.9538e-06
-4.83951e-06
-4.86097e-06
-4.875e-06
-4.88418e-06
-4.88995e-06
-4.89231e-06
-4.89138e-06
-4.88749e-06
-4.88106e-06
-4.87268e-06
-4.86314e-06
-4.85362e-06
-4.84595e-06
-4.84303e-06
-4.8495e-06
-4.87275e-06
-4.92434e-06
-5.02191e-06
-5.19125e-06
-5.46807e-06
-5.89645e-06
-6.51856e-06
-7.30914e-06
-8.14881e-06
-8.93517e-06
-9.61339e-06
-1.01524e-05
-1.05404e-05
-1.07775e-05
-1.08703e-05
-1.08283e-05
-1.06617e-05
-1.0381e-05
-9.99771e-06
-9.52744e-06
-8.99285e-06
-8.42585e-06
-7.86863e-06
-7.37967e-06
-6.99633e-06
-6.75146e-06
-6.65334e-06
-6.68277e-06
-6.82191e-06
-7.07321e-06
-4.85155e-06
-4.87494e-06
-4.89006e-06
-4.8997e-06
-4.90532e-06
-4.90682e-06
-4.90424e-06
-4.89782e-06
-4.88795e-06
-4.87511e-06
-4.86005e-06
-4.84387e-06
-4.82839e-06
-4.81653e-06
-4.8131e-06
-4.82589e-06
-4.86731e-06
-4.95646e-06
-5.12155e-06
-5.40141e-06
-5.84501e-06
-6.50469e-06
-7.34486e-06
-8.23768e-06
-9.07008e-06
-9.78387e-06
-1.03479e-05
-1.07524e-05
-1.10002e-05
-1.11009e-05
-1.10657e-05
-1.09058e-05
-1.06313e-05
-1.02523e-05
-9.78182e-06
-9.23978e-06
-8.65508e-06
-8.06633e-06
-7.541e-06
-7.11735e-06
-6.8312e-06
-6.70066e-06
-6.71087e-06
-6.8461e-06
-7.11083e-06
-4.87057e-06
-4.89611e-06
-4.91244e-06
-4.92257e-06
-4.928e-06
-4.92853e-06
-4.92407e-06
-4.91481e-06
-4.90105e-06
-4.88321e-06
-4.86194e-06
-4.83829e-06
-4.81399e-06
-4.792e-06
-4.77724e-06
-4.77784e-06
-4.80693e-06
-4.88496e-06
-5.04242e-06
-5.32143e-06
-5.77551e-06
-6.46274e-06
-7.34465e-06
-8.28292e-06
-9.15335e-06
-9.89567e-06
-1.04788e-05
-1.08948e-05
-1.11493e-05
-1.1254e-05
-1.12221e-05
-1.10654e-05
-1.07935e-05
-1.04154e-05
-9.94203e-06
-9.39095e-06
-8.78916e-06
-8.1733e-06
-7.60765e-06
-7.14537e-06
-6.82032e-06
-6.6576e-06
-6.6474e-06
-6.77668e-06
-7.05255e-06
-4.89672e-06
-4.92466e-06
-4.94234e-06
-4.95301e-06
-4.95821e-06
-4.95759e-06
-4.95099e-06
-4.93851e-06
-4.92038e-06
-4.89695e-06
-4.86878e-06
-4.83684e-06
-4.80281e-06
-4.76961e-06
-4.74225e-06
-4.72917e-06
-4.74413e-06
-4.80883e-06
-4.95591e-06
-5.23085e-06
-5.69106e-06
-6.39785e-06
-7.3153e-06
-8.29254e-06
-9.19451e-06
-9.96006e-06
-1.05579e-05
-1.09819e-05
-1.12398e-05
-1.13454e-05
-1.1313e-05
-1.11549e-05
-1.08803e-05
-1.04971e-05
-1.0015e-05
-9.44954e-06
-8.82694e-06
-8.18413e-06
-7.57424e-06
-7.07181e-06
-6.70873e-06
-6.51303e-06
-6.48068e-06
-6.60164e-06
-6.88622e-06
-4.93016e-06
-4.96083e-06
-4.98002e-06
-4.99126e-06
-4.99614e-06
-4.99418e-06
-4.98511e-06
-4.96897e-06
-4.94594e-06
-4.9163e-06
-4.88055e-06
-4.83954e-06
-4.79491e-06
-4.74956e-06
-4.70854e-06
-4.68055e-06
-4.67994e-06
-4.72956e-06
-4.86403e-06
-5.13197e-06
-5.59454e-06
-6.31648e-06
-7.26443e-06
-8.27308e-06
-9.20243e-06
-9.98745e-06
-1.0597e-05
-1.10263e-05
-1.12851e-05
-1.13885e-05
-1.13515e-05
-1.11865e-05
-1.09025e-05
-1.05065e-05
-1.00073e-05
-9.41947e-06
-8.76885e-06
-8.09327e-06
-7.43876e-06
-6.89049e-06
-6.48838e-06
-6.25775e-06
-6.20102e-06
-6.3109e-06
-6.60157e-06
-4.97114e-06
-5.00491e-06
-5.02579e-06
-5.0376e-06
-5.04203e-06
-5.03844e-06
-5.02649e-06
-5.00619e-06
-4.97766e-06
-4.94117e-06
-4.89717e-06
-4.84637e-06
-4.79038e-06
-4.73209e-06
-4.67654e-06
-4.63268e-06
-4.61542e-06
-4.64864e-06
-4.76879e-06
-5.02751e-06
-5.48948e-06
-6.22313e-06
-7.19657e-06
-8.23261e-06
-9.18562e-06
-9.98714e-06
-1.0606e-05
-1.10387e-05
-1.1296e-05
-1.1394e-05
-1.1348e-05
-1.11701e-05
-1.08689e-05
-1.04509e-05
-9.92454e-06
-9.30428e-06
-8.61566e-06
-7.89776e-06
-7.19987e-06
-6.59929e-06
-6.15155e-06
-5.88399e-06
-5.80071e-06
-5.89641e-06
-6.19034e-06
-5.02004e-06
-5.0573e-06
-5.08002e-06
-5.09237e-06
-5.09613e-06
-5.09054e-06
-5.0752e-06
-5.05012e-06
-5.01543e-06
-4.97141e-06
-4.9185e-06
-4.85725e-06
-4.78923e-06
-4.71736e-06
-4.64665e-06
-4.58623e-06
-4.55155e-06
-4.5674e-06
-4.67214e-06
-4.92002e-06
-5.37918e-06
-6.12176e-06
-7.11693e-06
-8.17709e-06
-9.15084e-06
-9.96661e-06
-1.05931e-05
-1.10273e-05
-1.1281e-05
-1.13704e-05
-1.13106e-05
-1.11131e-05
-1.07862e-05
-1.03361e-05
-9.77145e-06
-9.10717e-06
-8.36963e-06
-7.59974e-06
-6.85094e-06
-6.19466e-06
-5.69608e-06
-5.38726e-06
-5.27432e-06
-5.35212e-06
-5.64644e-06
-5.0773e-06
-5.11848e-06
-5.14318e-06
-5.15595e-06
-5.15871e-06
-5.15062e-06
-5.13124e-06
-5.10066e-06
-5.05904e-06
-5.00674e-06
-4.9443e-06
-4.87206e-06
-4.79141e-06
-4.70551e-06
-4.61919e-06
-4.54178e-06
-4.48924e-06
-4.48709e-06
-4.57572e-06
-4.81167e-06
-5.26643e-06
-6.01577e-06
-7.02982e-06
-8.11141e-06
-9.10352e-06
-9.93178e-06
-1.05644e-05
-1.09987e-05
-1.12465e-05
-1.13237e-05
-1.12451e-05
-1.10212e-05
-1.06597e-05
-1.0167e-05
-9.55235e-06
-8.8319e-06
-8.03359e-06
-7.2004e-06
-6.39093e-06
-5.67545e-06
-5.11969e-06
-4.76383e-06
-4.6179e-06
-4.67351e-06
-4.96599e-06
-5.14353e-06
-5.18907e-06
-5.21584e-06
-5.22879e-06
-5.23009e-06
-5.2188e-06
-5.19457e-06
-5.1576e-06
-5.10821e-06
-5.04689e-06
-4.97422e-06
-4.89036e-06
-4.79679e-06
-4.69653e-06
-4.59437e-06
-4.49978e-06
-4.42905e-06
-4.4089e-06
-4.48088e-06
-4.70425e-06
-5.1535e-06
-5.90796e-06
-6.93861e-06
-8.03944e-06
-9.04794e-06
-9.88721e-06
-1.05247e-05
-1.09574e-05
-1.11969e-05
-1.12587e-05
-1.1156e-05
-1.08987e-05
-1.04938e-05
-9.94798e-06
-9.27141e-06
-8.48231e-06
-7.61106e-06
-6.70349e-06
-5.82155e-06
-5.03809e-06
-4.42301e-06
-4.01356e-06
-3.82988e-06
-3.85769e-06
-4.14713e-06
-5.21948e-06
-5.26983e-06
-5.29867e-06
-5.31143e-06
-5.31058e-06
-5.29518e-06
-5.26506e-06
-5.22066e-06
-5.16254e-06
-5.09141e-06
-5.00769e-06
-4.91176e-06
-4.80511e-06
-4.69032e-06
-4.57228e-06
-4.46054e-06
-4.37173e-06
-4.3335e-06
-4.38875e-06
-4.59921e-06
-5.04218e-06
-5.8005e-06
-6.84593e-06
-7.96413e-06
-8.98737e-06
-9.83633e-06
-1.04773e-05
-1.0907e-05
-1.1136e-05
-1.11786e-05
-1.10468e-05
-1.07493e-05
-1.02924e-05
-9.68312e-06
-8.9331e-06
-8.06301e-06
-7.10637e-06
-6.11255e-06
-5.14703e-06
-4.28624e-06
-3.60378e-06
-3.13781e-06
-2.91088e-06
-2.90685e-06
-3.18667e-06
-5.3061e-06
-5.36171e-06
-5.39248e-06
-5.40445e-06
-5.4005e-06
-5.37979e-06
-5.34249e-06
-5.28941e-06
-5.22148e-06
-5.13953e-06
-5.04413e-06
-4.93588e-06
-4.81592e-06
-4.68663e-06
-4.55289e-06
-4.42422e-06
-4.31764e-06
-4.26153e-06
-4.30019e-06
-4.49766e-06
-4.93387e-06
-5.69508e-06
-6.75374e-06
-7.8877e-06
-8.92423e-06
-9.78161e-06
-1.04249e-05
-1.08499e-05
-1.1066e-05
-1.10859e-05
-1.09202e-05
-1.0576e-05
-1.00591e-05
-9.37677e-06
-8.54244e-06
-7.57957e-06
-6.52534e-06
-5.43323e-06
-4.3728e-06
-3.42433e-06
-2.66634e-06
-2.14015e-06
-1.86252e-06
-1.82843e-06
-2.08228e-06
-5.40458e-06
-5.46585e-06
-5.49825e-06
-5.50853e-06
-5.50015e-06
-5.47258e-06
-5.42649e-06
-5.36326e-06
-5.28424e-06
-5.19053e-06
-5.08297e-06
-4.96205e-06
-4.82871e-06
-4.68512e-06
-4.53599e-06
-4.39086e-06
-4.26697e-06
-4.19342e-06
-4.21582e-06
-4.40043e-06
-4.82961e-06
-5.59294e-06
-6.66353e-06
-7.81179e-06
-8.86025e-06
-9.72481e-06
-1.03692e-05
-1.07878e-05
-1.09886e-05
-1.09826e-05
-1.07784e-05
-1.03818e-05
-9.79755e-06
-9.03365e-06
-8.1052e-06
-7.03872e-06
-5.87536e-06
-4.67314e-06
-3.50616e-06
-2.45911e-06
-1.61796e-06
-1.02592e-06
-6.94268e-07
-6.29185e-07
-8.38568e-07
-5.51638e-06
-5.58366e-06
-5.61712e-06
-5.6244e-06
-5.60982e-06
-5.57339e-06
-5.51657e-06
-5.4415e-06
-5.34993e-06
-5.24361e-06
-5.12333e-06
-4.98951e-06
-4.84288e-06
-4.68533e-06
-4.52133e-06
-4.36034e-06
-4.21979e-06
-4.12944e-06
-4.13607e-06
-4.30812e-06
-4.73015e-06
-5.49498e-06
-6.57635e-06
-7.73757e-06
-8.79665e-06
-9.66719e-06
-1.03113e-05
-1.07219e-05
-1.09053e-05
-1.08704e-05
-1.06237e-05
-1.01694e-05
-9.51169e-06
-8.65889e-06
-7.62792e-06
-6.44835e-06
-5.16541e-06
-3.84185e-06
-2.55671e-06
-1.39971e-06
-4.66058e-07
1.99035e-07
5.92416e-07
6.96445e-07
5.29482e-07
-5.64335e-06
-5.71687e-06
-5.7504e-06
-5.75282e-06
-5.72969e-06
-5.68189e-06
-5.61202e-06
-5.52316e-06
-5.41764e-06
-5.2978e-06
-5.16431e-06
-5.01751e-06
-4.85782e-06
-4.68677e-06
-4.50856e-06
-4.33245e-06
-4.17605e-06
-4.06968e-06
-4.06118e-06
-4.2211e-06
-4.63601e-06
-5.40184e-06
-6.49296e-06
-7.66586e-06
-8.73432e-06
-9.60963e-06
-1.02522e-05
-1.06533e-05
-1.08172e-05
-1.07506e-05
-1.04579e-05
-9.9418e-06
-9.2056e-06
-8.25808e-06
-7.11786e-06
-5.81745e-06
-4.40598e-06
-2.9509e-06
-1.53637e-06
-2.57681e-07
7.80262e-07
1.52605e-06
1.99144e-06
2.14557e-06
2.02163e-06
-5.78778e-06
-5.86755e-06
-5.89963e-06
-5.89461e-06
-5.85985e-06
-5.79754e-06
-5.71198e-06
-5.6071e-06
-5.4863e-06
-5.35204e-06
-5.20497e-06
-5.04524e-06
-4.87286e-06
-4.68893e-06
-4.49727e-06
-4.30694e-06
-4.13561e-06
-4.0141e-06
-3.99124e-06
-4.13958e-06
-4.54749e-06
-5.31393e-06
-6.41383e-06
-7.59722e-06
-8.67384e-06
-9.55273e-06
-1.01925e-05
-1.05826e-05
-1.07252e-05
-1.06246e-05
-1.02832e-05
-9.70195e-06
-8.88356e-06
-7.83715e-06
-6.58288e-06
-5.15588e-06
-3.60887e-06
-2.01363e-06
-4.5961e-07
9.51923e-07
2.10916e-06
2.94373e-06
3.48481e-06
3.69971e-06
3.63416e-06
-5.95255e-06
-6.03825e-06
-6.06655e-06
-6.05051e-06
-6.00012e-06
-5.91959e-06
-5.81526e-06
-5.69214e-06
-5.55469e-06
-5.40523e-06
-5.24441e-06
-5.07195e-06
-4.88739e-06
-4.69131e-06
-4.48708e-06
-4.2835e-06
-4.09826e-06
-3.96261e-06
-3.92624e-06
-4.06363e-06
-4.46475e-06
-5.23148e-06
-6.3393e-06
-7.53203e-06
-8.61563e-06
-9.49694e-06
-1.01327e-05
-1.05105e-05
-1.06301e-05
-1.04937e-05
-1.01014e-05
-9.45283e-06
-8.54994e-06
-7.40223e-06
-6.03122e-06
-4.4742e-06
-2.78688e-06
-1.04488e-06
6.57069e-07
2.21065e-06
3.50272e-06
4.44567e-06
5.06232e-06
5.34741e-06
5.3484e-06
-6.14138e-06
-6.23208e-06
-6.25307e-06
-6.22114e-06
-6.15003e-06
-6.04703e-06
-5.92043e-06
-5.77696e-06
-5.62151e-06
-5.45632e-06
-5.28175e-06
-5.09695e-06
-4.90085e-06
-4.69345e-06
-4.47762e-06
-4.26184e-06
-4.06376e-06
-3.91502e-06
-3.86605e-06
-3.99319e-06
-4.38783e-06
-5.15458e-06
-6.26952e-06
-7.47051e-06
-8.55995e-06
-9.44258e-06
-1.00732e-05
-1.04374e-05
-1.05328e-05
-1.03591e-05
-9.91459e-06
-9.19741e-06
-8.20912e-06
-6.95952e-06
-5.47123e-06
-3.78325e-06
-1.9535e-06
-6.04842e-08
1.79662e-06
3.50255e-06
4.93949e-06
6.01211e-06
6.71431e-06
7.08052e-06
7.15683e-06
-6.35905e-06
-6.45282e-06
-6.46129e-06
-6.40688e-06
-6.30886e-06
-6.17836e-06
-6.02595e-06
-5.86e-06
-5.68547e-06
-5.5043e-06
-5.31621e-06
-5.11965e-06
-4.91279e-06
-4.69499e-06
-4.46857e-06
-4.24167e-06
-4.03188e-06
-3.87112e-06
-3.81053e-06
-3.92816e-06
-4.31665e-06
-5.08324e-06
-6.20455e-06
-7.41277e-06
-8.50698e-06
-9.38988e-06
-1.00144e-05
-1.03639e-05
-1.0434e-05
-1.0222e-05
-9.72456e-06
-8.9386e-06
-7.86535e-06
-6.51502e-06
-4.91115e-06
-3.0939e-06
-1.12248e-06
9.22936e-07
2.94018e-06
4.8084e-06
6.40248e-06
7.61868e-06
8.42449e-06
8.88432e-06
9.05074e-06
-6.61199e-06
-6.70506e-06
-6.69327e-06
-6.60773e-06
-6.47542e-06
-6.31168e-06
-6.13e-06
-5.93971e-06
-5.7454e-06
-5.54829e-06
-5.34718e-06
-5.13959e-06
-4.92286e-06
-4.69564e-06
-4.4597e-06
-4.22278e-06
-4.00239e-06
-3.83071e-06
-3.75945e-06
-3.86834e-06
-4.25108e-06
-5.01736e-06
-6.14435e-06
-7.35884e-06
-8.45681e-06
-9.339e-06
-9.95636e-06
-1.02904e-05
-1.03343e-05
-1.00836e-05
-9.53318e-06
-8.67915e-06
-7.52266e-06
-6.07444e-06
-4.35883e-06
-2.41663e-06
-3.07444e-07
1.88833e-06
4.06738e-06
6.10494e-06
7.8678e-06
9.24261e-06
1.01761e-05
1.07437e-05
1.10202e-05
-6.90894e-06
-6.99424e-06
-6.95093e-06
-6.82321e-06
-6.64764e-06
-6.44484e-06
-6.23066e-06
-6.01457e-06
-5.80023e-06
-5.58758e-06
-5.37418e-06
-5.15647e-06
-4.93085e-06
-4.69523e-06
-4.45082e-06
-4.20497e-06
-3.97508e-06
-3.79355e-06
-3.71261e-06
-3.81351e-06
-4.19092e-06
-4.95679e-06
-6.08884e-06
-7.3087e-06
-8.40948e-06
-9.29005e-06
-9.89948e-06
-1.02173e-05
-1.02346e-05
-9.94496e-06
-9.34213e-06
-8.4216e-06
-7.18472e-06
-5.64297e-06
-3.82143e-06
-1.76123e-06
4.78568e-07
2.8188e-06
5.15716e-06
7.36736e-06
9.30887e-06
1.0858e-05
1.19467e-05
1.26425e-05
1.30572e-05
-7.2622e-06
-7.32671e-06
-7.23568e-06
-7.05173e-06
-6.82293e-06
-6.57531e-06
-6.32597e-06
-6.08325e-06
-5.84913e-06
-5.6217e-06
-5.39698e-06
-5.17015e-06
-4.93667e-06
-4.69368e-06
-4.44184e-06
-4.18811e-06
-3.94978e-06
-3.75944e-06
-3.66975e-06
-3.76342e-06
-4.13592e-06
-4.90132e-06
-6.03785e-06
-7.26225e-06
-8.36497e-06
-9.24312e-06
-9.84389e-06
-1.01449e-05
-1.01353e-05
-9.80711e-06
-9.15297e-06
-8.16822e-06
-6.8548e-06
-5.22517e-06
-3.30529e-06
-1.1364e-06
1.22361e-06
3.69823e-06
6.18847e-06
8.56981e-06
1.06974e-05
1.24367e-05
1.37049e-05
1.45602e-05
1.5155e-05
-7.68943e-06
-7.70978e-06
-7.54753e-06
-7.29067e-06
-6.998e-06
-6.70042e-06
-6.41404e-06
-6.14467e-06
-5.89154e-06
-5.65043e-06
-5.41552e-06
-5.18067e-06
-4.94036e-06
-4.691e-06
-4.43272e-06
-4.17211e-06
-3.92634e-06
-3.72818e-06
-3.63064e-06
-3.71781e-06
-4.08582e-06
-4.85071e-06
-5.9912e-06
-7.21937e-06
-8.32323e-06
-9.19823e-06
-9.78976e-06
-1.00736e-05
-1.00371e-05
-9.67093e-06
-8.96705e-06
-7.92099e-06
-6.53565e-06
-4.82486e-06
-2.81568e-06
-5.49515e-07
1.9173e-06
4.51195e-06
7.141e-06
9.68545e-06
1.20009e-05
1.39454e-05
1.54159e-05
1.64695e-05
1.73084e-05
-8.21592e-06
-8.15074e-06
-7.8839e-06
-7.5359e-06
-7.16883e-06
-6.81737e-06
-6.49329e-06
-6.19809e-06
-5.92727e-06
-5.67381e-06
-5.42995e-06
-5.18821e-06
-4.94207e-06
-4.6873e-06
-4.4235e-06
-4.15692e-06
-3.90465e-06
-3.69958e-06
-3.59504e-06
-3.67639e-06
-4.04033e-06
-4.80469e-06
-5.94866e-06
-7.17992e-06
-8.2842e-06
-9.15541e-06
-9.73721e-06
-1.00037e-05
-9.94049e-06
-9.53724e-06
-8.78556e-06
-7.68156e-06
-6.22954e-06
-4.44508e-06
-2.35675e-06
-6.38253e-09
2.55119e-06
5.24739e-06
7.99607e-06
1.06874e-05
1.31834e-05
1.53417e-05
1.70383e-05
1.83344e-05
1.95158e-05
-8.87732e-06
-8.64894e-06
-8.24409e-06
-7.78126e-06
-7.33073e-06
-6.92349e-06
-6.56257e-06
-6.24321e-06
-5.95643e-06
-5.69215e-06
-5.44062e-06
-5.19305e-06
-4.94204e-06
-4.6827e-06
-4.41423e-06
-4.14253e-06
-3.88461e-06
-3.67347e-06
-3.56273e-06
-3.6389e-06
-3.99916e-06
-4.76299e-06
-5.90998e-06
-7.1437e-06
-8.24776e-06
-9.11465e-06
-9.68635e-06
-9.93535e-06
-9.84591e-06
-9.40675e-06
-8.60951e-06
-7.45132e-06
-5.93827e-06
-4.08816e-06
-1.93158e-06
4.88714e-07
3.11891e-06
5.89452e-06
8.73743e-06
1.155e-05
1.42067e-05
1.65752e-05
1.85154e-05
2.01031e-05
2.17755e-05
-9.7235e-06
-9.20158e-06
-8.61317e-06
-8.01833e-06
-7.47866e-06
-7.01648e-06
-6.6212e-06
-6.28016e-06
-5.97946e-06
-5.70594e-06
-5.44797e-06
-5.19555e-06
-4.94051e-06
-4.67738e-06
-4.40498e-06
-4.12891e-06
-3.86611e-06
-3.64968e-06
-3.53347e-06
-3.60506e-06
-3.96201e-06
-4.7253e-06
-5.87491e-06
-7.1105e-06
-8.21376e-06
-9.07586e-06
-9.63719e-06
-9.86879e-06
-9.75368e-06
-9.28e-06
-8.43974e-06
-7.23138e-06
-5.66326e-06
-3.7559e-06
-1.54243e-06
9.32724e-07
3.6159e-06
6.44573e-06
9.35164e-06
1.22494e-05
1.50311e-05
1.75867e-05
1.97698e-05
2.16905e-05
2.40673e-05
-1.07994e-05
-9.7985e-06
-8.97423e-06
-8.23678e-06
-7.60761e-06
-7.09461e-06
-6.66912e-06
-6.30952e-06
-5.99709e-06
-5.71587e-06
-5.45258e-06
-5.19619e-06
-4.93783e-06
-4.67156e-06
-4.39586e-06
-4.11607e-06
-3.84907e-06
-3.62803e-06
-3.50701e-06
-3.57458e-06
-3.92858e-06
-4.69135e-06
-5.8432e-06
-7.08012e-06
-8.18204e-06
-9.03892e-06
-9.58967e-06
-9.804e-06
-9.6639e-06
-9.15719e-06
-8.27653e-06
-7.02214e-06
-5.40501e-06
-3.44885e-06
-1.18997e-06
1.32469e-06
4.04036e-06
6.89705e-06
9.82971e-06
1.27661e-05
1.56183e-05
1.83097e-05
2.07008e-05
2.29689e-05
2.63402e-05
-1.22081e-05
-1.0421e-05
-9.30308e-06
-8.42559e-06
-7.71442e-06
-7.15809e-06
-6.70771e-06
-6.33284e-06
-6.01072e-06
-5.7231e-06
-5.45537e-06
-5.19568e-06
-4.93458e-06
-4.6657e-06
-4.38723e-06
-4.10426e-06
-3.8336e-06
-3.60851e-06
-3.48319e-06
-3.54716e-06
-3.8985e-06
-4.66081e-06
-5.81468e-06
-7.0526e-06
-8.15284e-06
-9.00421e-06
-9.54424e-06
-9.74141e-06
-9.57688e-06
-9.03839e-06
-8.11955e-06
-6.82266e-06
-5.16175e-06
-3.16421e-06
-8.70184e-07
1.66988e-06
4.39858e-06
7.25493e-06
1.01757e-05
1.3096e-05
1.5944e-05
1.86799e-05
2.11879e-05
2.37923e-05
2.86075e-05
-1.40665e-05
-1.10327e-05
-9.5643e-06
-8.57433e-06
-7.80026e-06
-7.21055e-06
-6.74051e-06
-6.35289e-06
-6.0223e-06
-5.72895e-06
-5.45725e-06
-5.19466e-06
-4.93124e-06
-4.66023e-06
-4.37952e-06
-4.09392e-06
-3.82016e-06
-3.5915e-06
-3.46226e-06
-3.52283e-06
-3.87157e-06
-4.63337e-06
-5.78925e-06
-7.02828e-06
-8.12702e-06
-8.97311e-06
-9.50268e-06
-9.68312e-06
-9.49488e-06
-8.92572e-06
-7.97043e-06
-6.6336e-06
-4.93256e-06
-2.89878e-06
-5.76845e-07
1.97834e-06
4.70517e-06
7.53895e-06
1.04137e-05
1.32632e-05
1.60187e-05
1.8655e-05
2.10776e-05
2.39241e-05
3.08205e-05
-1.56271e-05
-1.1413e-05
-9.69338e-06
-8.66217e-06
-7.86007e-06
-7.24998e-06
-6.76588e-06
-6.36802e-06
-6.03011e-06
-5.73166e-06
-5.45643e-06
-5.19137e-06
-4.92607e-06
-4.65345e-06
-4.37114e-06
-4.08368e-06
-3.80767e-06
-3.57632e-06
-3.44396e-06
-3.50166e-06
-3.8479e-06
-4.60867e-06
-5.76574e-06
-7.00529e-06
-8.10243e-06
-8.94375e-06
-9.46414e-06
-9.62997e-06
-9.42114e-06
-8.82551e-06
-7.83918e-06
-6.469e-06
-4.7356e-06
-2.6745e-06
-3.34863e-07
2.22349e-06
4.93372e-06
7.72527e-06
1.0525e-05
1.32561e-05
1.58313e-05
1.81821e-05
2.01432e-05
2.24233e-05
2.94358e-05
)
;

boundaryField
{
    inlet
    {
        type            uniformJump;
        patchType       cyclic;
        jump            uniform -2.5e-05;
        value           nonuniform List<scalar> 
40
(
7.77491e-07
7.89432e-07
8.0238e-07
8.16091e-07
8.32009e-07
8.5177e-07
8.77793e-07
9.13829e-07
9.64964e-07
1.03698e-06
1.13515e-06
1.26325e-06
1.4232e-06
1.61518e-06
1.83737e-06
2.08561e-06
2.35237e-06
2.62589e-06
2.89057e-06
3.12577e-06
3.29186e-06
3.39924e-06
3.45946e-06
3.49998e-06
3.53316e-06
3.56497e-06
3.59614e-06
3.62576e-06
3.65259e-06
3.6758e-06
3.69517e-06
3.70995e-06
3.72058e-06
3.72789e-06
3.73259e-06
3.7353e-06
3.73657e-06
3.73678e-06
3.73616e-06
3.73495e-06
)
;
        jumpTable       table;
        jumpTableCoeffs
        {
            values          
4
(
(0 -2.5e-05)
(25 -2.5e-05)
(25.5 -0.0001)
(26 -2.5e-05)
)
;
        }
    }
    outlet
    {
        type            uniformJump;
        patchType       cyclic;
        value           nonuniform List<scalar> 
40
(
-2.42225e-05
-2.42106e-05
-2.41976e-05
-2.41839e-05
-2.4168e-05
-2.41482e-05
-2.41222e-05
-2.40862e-05
-2.4035e-05
-2.3963e-05
-2.38648e-05
-2.37368e-05
-2.35768e-05
-2.33848e-05
-2.31626e-05
-2.29144e-05
-2.26476e-05
-2.23741e-05
-2.21094e-05
-2.18742e-05
-2.17081e-05
-2.16008e-05
-2.15405e-05
-2.15e-05
-2.14668e-05
-2.1435e-05
-2.14039e-05
-2.13742e-05
-2.13474e-05
-2.13242e-05
-2.13048e-05
-2.12901e-05
-2.12794e-05
-2.12721e-05
-2.12674e-05
-2.12647e-05
-2.12634e-05
-2.12632e-05
-2.12638e-05
-2.12651e-05
)
;
    }
    Walls
    {
        type            zeroGradient;
    }
    back
    {
        type            empty;
    }
    front
    {
        type            empty;
    }
}


// ************************************************************************* //
