/*--------------------------------*- C++ -*----------------------------------*\
| =========                 |                                                 |
| \\      /  F ield         | OpenFOAM: The Open Source CFD Toolbox           |
|  \\    /   O peration     | Version:  2312                                  |
|   \\  /    A nd           | Website:  www.openfoam.com                      |
|    \\/     M anipulation  |                                                 |
\*---------------------------------------------------------------------------*/
FoamFile
{
    version     2.0;
    format      ascii;
    arch        "LSB;label=32;scalar=64";
    class       volScalarField;
    location    "160.75";
    object      p;
}
// * * * * * * * * * * * * * * * * * * * * * * * * * * * * * * * * * * * * * //

dimensions      [0 2 -2 0 0 0 0];

internalField   nonuniform List<scalar> 
4800
(
-8.48165e-12
-1.06298e-06
-1.91744e-06
-2.62827e-06
-3.22875e-06
-3.75741e-06
-4.22245e-06
-4.63445e-06
-5.00552e-06
-5.343e-06
-5.65169e-06
-5.93191e-06
-6.17603e-06
-6.62224e-06
-8.21495e-06
1.26545e-08
-1.04987e-06
-1.90422e-06
-2.6154e-06
-3.21678e-06
-3.74704e-06
-4.21447e-06
-4.62986e-06
-5.00618e-06
-5.35267e-06
-5.67882e-06
-5.99814e-06
-6.32285e-06
-6.75917e-06
-7.54546e-06
2.57542e-08
-1.03611e-06
-1.89034e-06
-2.60205e-06
-3.20355e-06
-3.73467e-06
-4.20404e-06
-4.62213e-06
-5.00252e-06
-5.3553e-06
-5.69108e-06
-6.02385e-06
-6.35985e-06
-6.70467e-06
-7.03084e-06
3.87637e-08
-1.02187e-06
-1.87545e-06
-2.58719e-06
-3.18857e-06
-3.71945e-06
-4.18999e-06
-4.60932e-06
-4.99087e-06
-5.34422e-06
-5.67723e-06
-5.99522e-06
-6.28832e-06
-6.52328e-06
-6.62831e-06
5.297e-08
-1.00574e-06
-1.85806e-06
-2.56894e-06
-3.17049e-06
-3.69923e-06
-4.16949e-06
-4.588e-06
-4.96672e-06
-5.3134e-06
-5.63097e-06
-5.91518e-06
-6.14545e-06
-6.28202e-06
-6.2693e-06
6.98314e-08
-9.86243e-07
-1.83658e-06
-2.5456e-06
-3.14691e-06
-3.67172e-06
-4.13913e-06
-4.5536e-06
-4.92426e-06
-5.25596e-06
-5.54659e-06
-5.78568e-06
-5.95086e-06
-6.01176e-06
-5.94004e-06
9.17651e-08
-9.61047e-07
-1.80856e-06
-2.51454e-06
-3.11369e-06
-3.63377e-06
-4.09474e-06
-4.50045e-06
-4.85682e-06
-5.1654e-06
-5.42071e-06
-5.61078e-06
-5.71831e-06
-5.72737e-06
-5.63054e-06
1.2303e-07
-9.26136e-07
-1.76995e-06
-2.47159e-06
-3.06593e-06
-3.57975e-06
-4.03031e-06
-4.42184e-06
-4.75757e-06
-5.03661e-06
-5.25275e-06
-5.39661e-06
-5.45884e-06
-5.4359e-06
-5.33194e-06
1.70289e-07
-8.75254e-07
-1.71456e-06
-2.41042e-06
-2.99755e-06
-3.50189e-06
-3.93788e-06
-4.3101e-06
-4.62003e-06
-4.86611e-06
-5.0439e-06
-5.14884e-06
-5.17905e-06
-5.13899e-06
-5.03755e-06
2.427e-07
-7.99649e-07
-1.63377e-06
-2.32232e-06
-2.90103e-06
-3.39116e-06
-3.80859e-06
-4.15734e-06
-4.43854e-06
-4.65172e-06
-4.79572e-06
-4.871e-06
-4.88112e-06
-4.83452e-06
-4.74112e-06
3.51404e-07
-6.88335e-07
-1.51663e-06
-2.19614e-06
-2.76258e-06
-3.23697e-06
-3.63302e-06
-3.95603e-06
-4.20838e-06
-4.39191e-06
-4.50898e-06
-4.56406e-06
-4.56382e-06
-4.51803e-06
-4.43593e-06
5.08952e-07
-5.28592e-07
-1.35035e-06
-2.01927e-06
-2.57147e-06
-3.02814e-06
-3.40178e-06
-3.69937e-06
-3.92562e-06
-4.08507e-06
-4.18308e-06
-4.22657e-06
-4.22358e-06
-4.18369e-06
-4.1149e-06
7.29632e-07
-3.05803e-07
-1.12024e-06
-1.77749e-06
-2.31458e-06
-2.75318e-06
-3.10573e-06
-3.38101e-06
-3.58633e-06
-3.72876e-06
-3.81561e-06
-3.85502e-06
-3.8552e-06
-3.82489e-06
-3.77077e-06
1.03057e-06
-2.49512e-09
-8.09008e-07
-1.45409e-06
-1.97725e-06
-2.39982e-06
-2.73501e-06
-2.99362e-06
-3.18509e-06
-3.31829e-06
-3.40164e-06
-3.44355e-06
-3.4518e-06
-3.43407e-06
-3.39595e-06
1.43217e-06
4.02551e-07
-3.96649e-07
-1.03064e-06
-1.54244e-06
-1.9534e-06
-2.27757e-06
-2.52718e-06
-2.71318e-06
-2.84542e-06
-2.93271e-06
-2.98322e-06
-3.00411e-06
-3.00206e-06
-2.98177e-06
1.95652e-06
9.33152e-07
1.39215e-07
-4.86707e-07
-9.92047e-07
-1.39781e-06
-1.71897e-06
-1.96866e-06
-2.15845e-06
-2.29837e-06
-2.3971e-06
-2.46238e-06
-2.50075e-06
-2.51808e-06
-2.51848e-06
2.62355e-06
1.61118e-06
8.2526e-07
1.9821e-07
-3.08407e-07
-7.17387e-07
-1.04489e-06
-1.30462e-06
-1.50807e-06
-1.66482e-06
-1.78301e-06
-1.86984e-06
-1.93133e-06
-1.97274e-06
-1.99786e-06
3.44573e-06
2.45013e-06
1.66771e-06
1.03572e-06
5.19927e-07
9.89787e-08
-2.44452e-07
-5.24529e-07
-7.52053e-07
-9.35592e-07
-1.08244e-06
-1.19911e-06
-1.29117e-06
-1.36335e-06
-1.41919e-06
4.42251e-06
3.45237e-06
2.6713e-06
2.02873e-06
1.49748e-06
1.05688e-06
6.88421e-07
3.78204e-07
1.1668e-07
-1.03425e-07
-2.88443e-07
-4.44184e-07
-5.75708e-07
-6.87323e-07
-7.82371e-07
5.52364e-06
4.58863e-06
3.81638e-06
3.16497e-06
2.61606e-06
2.14964e-06
1.74843e-06
1.40036e-06
1.09726e-06
8.32892e-07
6.01692e-07
3.98536e-07
2.18904e-07
5.89645e-08
-8.44862e-08
6.62867e-06
5.7326e-06
4.96877e-06
4.31114e-06
3.74156e-06
3.24311e-06
2.80215e-06
2.40926e-06
2.05778e-06
1.74228e-06
1.45785e-06
1.20009e-06
9.65168e-07
7.49824e-07
5.5123e-07
7.5765e-06
6.71418e-06
5.95775e-06
5.29542e-06
4.70822e-06
4.18104e-06
3.70421e-06
3.27106e-06
2.87598e-06
2.51401e-06
2.18077e-06
1.87255e-06
1.58618e-06
1.31896e-06
1.06845e-06
8.27102e-06
7.44755e-06
6.71087e-06
6.04949e-06
5.45022e-06
4.90256e-06
4.39946e-06
3.93551e-06
3.50583e-06
3.10606e-06
2.73249e-06
2.38209e-06
2.05222e-06
1.74068e-06
1.44541e-06
8.7752e-06
7.98957e-06
7.27275e-06
6.61557e-06
6.01008e-06
5.44941e-06
4.92795e-06
4.44095e-06
3.98425e-06
3.55429e-06
3.1481e-06
2.76321e-06
2.39751e-06
2.04921e-06
1.71668e-06
9.13246e-06
8.37881e-06
7.6801e-06
7.03004e-06
6.42356e-06
5.85567e-06
5.32176e-06
4.81785e-06
4.34061e-06
3.88727e-06
3.45546e-06
3.04324e-06
2.64891e-06
2.27109e-06
1.90849e-06
9.37613e-06
8.65063e-06
7.96968e-06
7.32903e-06
6.72505e-06
6.1539e-06
5.61194e-06
5.09608e-06
4.6037e-06
4.13269e-06
3.6812e-06
3.24773e-06
2.83097e-06
2.42988e-06
2.04347e-06
9.53767e-06
8.8375e-06
8.17368e-06
7.54325e-06
6.94356e-06
6.3717e-06
5.8249e-06
5.3008e-06
4.79745e-06
4.31321e-06
3.84671e-06
3.39683e-06
2.96261e-06
2.5433e-06
2.1382e-06
9.64215e-06
8.96467e-06
8.31669e-06
7.69634e-06
7.1018e-06
6.53084e-06
5.98139e-06
5.45172e-06
4.94039e-06
4.44623e-06
3.96825e-06
3.50567e-06
3.05783e-06
2.62425e-06
2.20447e-06
9.70814e-06
9.05069e-06
8.41701e-06
7.80623e-06
7.21709e-06
6.6479e-06
6.09716e-06
5.56369e-06
5.0465e-06
4.54478e-06
4.05789e-06
3.58535e-06
3.12676e-06
2.68188e-06
2.25046e-06
9.74891e-06
9.10896e-06
8.48805e-06
7.88607e-06
7.30213e-06
6.73502e-06
6.18378e-06
5.64763e-06
5.12598e-06
4.61835e-06
4.12439e-06
3.64387e-06
3.17663e-06
2.72265e-06
2.28184e-06
9.7736e-06
9.14889e-06
8.53925e-06
7.94514e-06
7.36596e-06
6.80095e-06
6.24957e-06
5.71144e-06
5.18626e-06
4.67384e-06
4.17409e-06
3.68701e-06
3.21265e-06
2.75116e-06
2.30263e-06
9.78831e-06
9.17689e-06
8.57712e-06
7.98992e-06
7.41494e-06
6.85186e-06
6.30049e-06
5.76076e-06
5.23264e-06
4.71621e-06
4.21159e-06
3.71898e-06
3.23861e-06
2.77079e-06
2.31576e-06
9.79706e-06
9.19725e-06
8.60605e-06
8.02482e-06
7.4535e-06
6.8921e-06
6.34075e-06
5.79963e-06
5.26897e-06
4.74906e-06
4.24021e-06
3.74283e-06
3.25727e-06
2.78401e-06
2.32338e-06
9.8025e-06
9.21277e-06
8.62897e-06
8.05288e-06
7.48467e-06
6.92468e-06
6.37328e-06
5.83089e-06
5.29795e-06
4.77495e-06
4.26238e-06
3.76078e-06
3.27067e-06
2.79263e-06
2.32712e-06
9.80629e-06
9.22519e-06
8.64777e-06
8.07608e-06
7.51052e-06
6.95167e-06
6.40014e-06
5.85655e-06
5.32152e-06
4.79572e-06
4.2798e-06
3.77443e-06
3.28027e-06
2.79799e-06
2.32816e-06
9.80923e-06
9.23554e-06
8.66366e-06
8.09574e-06
7.5324e-06
6.97446e-06
6.42271e-06
5.87796e-06
5.341e-06
4.81265e-06
4.2937e-06
3.78494e-06
3.28714e-06
2.80107e-06
2.32738e-06
9.81173e-06
9.24445e-06
8.67735e-06
8.11265e-06
7.55117e-06
6.99393e-06
6.4419e-06
5.89604e-06
5.35729e-06
4.82662e-06
4.30492e-06
3.79311e-06
3.29204e-06
2.80257e-06
2.32544e-06
9.81404e-06
9.25237e-06
8.68942e-06
8.12747e-06
7.56756e-06
7.01086e-06
6.4585e-06
5.91158e-06
5.37119e-06
4.83837e-06
4.31417e-06
3.79957e-06
3.29552e-06
2.80296e-06
2.32271e-06
9.81643e-06
9.25995e-06
8.70077e-06
8.14132e-06
7.58279e-06
7.02653e-06
6.47379e-06
5.92581e-06
5.3838e-06
4.84891e-06
4.32228e-06
3.80499e-06
3.29807e-06
2.80253e-06
2.31928e-06
9.81894e-06
9.26745e-06
8.71183e-06
8.15469e-06
7.59738e-06
7.04139e-06
6.48814e-06
5.939e-06
5.3953e-06
4.85834e-06
4.32934e-06
3.80949e-06
3.2999e-06
2.80164e-06
2.31561e-06
-9.41609e-06
-7.05357e-06
-5.61936e-06
-4.66093e-06
-3.90485e-06
-3.33574e-06
-2.90567e-06
-2.58139e-06
-2.3393e-06
-2.1596e-06
-2.02492e-06
-1.91914e-06
-1.82666e-06
-1.73228e-06
-1.62091e-06
-1.47922e-06
-1.29617e-06
-1.06977e-06
-8.10482e-07
-5.49142e-07
-3.38967e-07
-2.46221e-07
-3.04751e-07
-4.13864e-07
-4.45562e-07
-3.19571e-07
4.85962e-09
5.45734e-07
1.31065e-06
2.30203e-06
3.52106e-06
4.95557e-06
6.58566e-06
8.3851e-06
1.03138e-05
1.23233e-05
1.43565e-05
1.63474e-05
1.82169e-05
1.98654e-05
2.11501e-05
2.18693e-05
2.15805e-05
1.99051e-05
1.52672e-05
-7.8064e-06
-6.54316e-06
-5.44135e-06
-4.58067e-06
-3.86871e-06
-3.31415e-06
-2.88915e-06
-2.56703e-06
-2.32637e-06
-2.14816e-06
-2.01517e-06
-1.91121e-06
-1.82056e-06
-1.72796e-06
-1.61831e-06
-1.47836e-06
-1.2971e-06
-1.07253e-06
-8.1481e-07
-5.53746e-07
-3.40967e-07
-2.4058e-07
-2.86314e-07
-3.80924e-07
-3.99861e-07
-2.64073e-07
6.66293e-08
6.1024e-07
1.37391e-06
2.35938e-06
3.5671e-06
4.98256e-06
6.58319e-06
8.34049e-06
1.02108e-05
1.21409e-05
1.40668e-05
1.59121e-05
1.75812e-05
1.89454e-05
1.98076e-05
1.98531e-05
1.84576e-05
1.48885e-05
7.96732e-06
-6.96608e-06
-6.15364e-06
-5.25929e-06
-4.48774e-06
-3.82479e-06
-3.29042e-06
-2.87337e-06
-2.55448e-06
-2.31542e-06
-2.13842e-06
-2.00672e-06
-1.90412e-06
-1.81486e-06
-1.72363e-06
-1.61538e-06
-1.47692e-06
-1.29735e-06
-1.07467e-06
-8.18701e-07
-5.58124e-07
-3.42725e-07
-2.34169e-07
-2.65896e-07
-3.4446e-07
-3.49293e-07
-2.02808e-07
1.34425e-07
6.80242e-07
1.44117e-06
2.41794e-06
3.61021e-06
5.00052e-06
6.56278e-06
8.26575e-06
1.00614e-05
1.18905e-05
1.36813e-05
1.53459e-05
1.67721e-05
1.78079e-05
1.82261e-05
1.7686e-05
1.56396e-05
1.16961e-05
5.62392e-06
-6.44363e-06
-5.8404e-06
-5.10917e-06
-4.40756e-06
-3.7912e-06
-3.27778e-06
-2.86814e-06
-2.55119e-06
-2.312e-06
-2.13447e-06
-2.00245e-06
-1.89988e-06
-1.81092e-06
-1.72023e-06
-1.61279e-06
-1.47546e-06
-1.29741e-06
-1.0766e-06
-8.22474e-07
-5.62467e-07
-3.44286e-07
-2.26938e-07
-2.43396e-07
-3.04292e-07
-2.93425e-07
-1.34811e-07
2.10018e-07
7.58537e-07
1.51651e-06
2.48269e-06
3.65683e-06
5.01695e-06
6.53264e-06
8.16946e-06
9.87414e-06
1.1581e-05
1.32099e-05
1.46627e-05
1.58154e-05
1.65056e-05
1.65128e-05
1.55512e-05
1.32687e-05
9.4874e-06
4.45728e-06
-6.04679e-06
-5.57143e-06
-4.96715e-06
-4.34867e-06
-3.77512e-06
-3.2819e-06
-2.8786e-06
-2.56151e-06
-2.31954e-06
-2.13874e-06
-2.00389e-06
-1.89917e-06
-1.80875e-06
-1.71725e-06
-1.60968e-06
-1.47294e-06
-1.29618e-06
-1.07733e-06
-8.25386e-07
-5.66297e-07
-3.4543e-07
-2.18787e-07
-2.18694e-07
-2.60313e-07
-2.32358e-07
-6.06337e-08
2.9211e-07
8.429e-07
1.59591e-06
2.54735e-06
3.69955e-06
5.02171e-06
6.48019e-06
8.03702e-06
9.63352e-06
1.11977e-05
1.26424e-05
1.38631e-05
1.47321e-05
1.50944e-05
1.47642e-05
1.35431e-05
1.12581e-05
7.90371e-06
3.80009e-06
-5.72034e-06
-5.33413e-06
-4.83009e-06
-4.29601e-06
-3.773e-06
-3.30193e-06
-2.90609e-06
-2.58787e-06
-2.34082e-06
-2.15385e-06
-2.01321e-06
-1.90356e-06
-1.80928e-06
-1.71508e-06
-1.60599e-06
-1.46895e-06
-1.29312e-06
-1.07627e-06
-8.26902e-07
-5.69221e-07
-3.45934e-07
-2.09623e-07
-1.91748e-07
-2.12535e-07
-1.66263e-07
1.92387e-08
3.79743e-07
9.3186e-07
1.6744e-06
2.60874e-06
3.73316e-06
5.00694e-06
6.39571e-06
7.85725e-06
9.32786e-06
1.07304e-05
1.19739e-05
1.29528e-05
1.35462e-05
1.36207e-05
1.30406e-05
1.16942e-05
9.5357e-06
6.6615e-06
3.36163e-06
-5.42942e-06
-5.11245e-06
-4.69722e-06
-4.23299e-06
-3.7683e-06
-3.33028e-06
-2.94651e-06
-2.62871e-06
-2.37595e-06
-2.18093e-06
-2.03187e-06
-1.91439e-06
-1.81351e-06
-1.71429e-06
-1.60194e-06
-1.46343e-06
-1.28794e-06
-1.07306e-06
-8.26679e-07
-5.70985e-07
-3.45669e-07
-1.99462e-07
-1.62674e-07
-1.61188e-07
-9.56321e-08
1.04089e-07
4.71985e-07
1.02221e-06
1.74778e-06
2.66581e-06
3.75216e-06
4.96525e-06
6.27083e-06
7.6212e-06
8.94903e-06
1.01746e-05
1.12063e-05
1.19454e-05
1.22859e-05
1.21252e-05
1.13791e-05
1.00054e-05
8.03147e-06
5.58529e-06
2.89724e-06
-5.15338e-06
-4.89154e-06
-4.55123e-06
-4.15842e-06
-3.74773e-06
-3.3514e-06
-2.98957e-06
-2.67692e-06
-2.42043e-06
-2.21764e-06
-2.05894e-06
-1.93139e-06
-1.82139e-06
-1.71483e-06
-1.59736e-06
-1.4561e-06
-1.28031e-06
-1.06735e-06
-8.24436e-07
-5.71446e-07
-3.44677e-07
-1.88557e-07
-1.31917e-07
-1.06897e-07
-2.16672e-08
1.92442e-07
5.66507e-07
1.10562e-06
1.81919e-06
2.7136e-06
3.74742e-06
4.88706e-06
6.09561e-06
7.31934e-06
8.48956e-06
9.52827e-06
1.03458e-05
1.08579e-05
1.0979e-05
1.06395e-05
9.79884e-06
8.46075e-06
6.68625e-06
4.59861e-06
2.37079e-06
-4.88153e-06
-4.66429e-06
-4.38572e-06
-4.0588e-06
-3.70589e-06
-3.35217e-06
-3.01982e-06
-2.72065e-06
-2.46525e-06
-2.25768e-06
-2.09032e-06
-1.95181e-06
-1.83107e-06
-1.71546e-06
-1.59135e-06
-1.44627e-06
-1.2697e-06
-1.05879e-06
-8.20042e-07
-5.7069e-07
-3.43333e-07
-1.77625e-07
-1.00517e-07
-5.09837e-08
5.4029e-08
2.81282e-07
6.55177e-07
1.18395e-06
1.88641e-06
2.73811e-06
3.70681e-06
4.76166e-06
5.85882e-06
6.94173e-06
7.94273e-06
8.78654e-06
9.40035e-06
9.70772e-06
9.64869e-06
9.18361e-06
8.30329e-06
7.03697e-06
5.45464e-06
3.66165e-06
1.78445e-06
-4.60669e-06
-4.42635e-06
-4.19853e-06
-3.92914e-06
-3.63173e-06
-3.32407e-06
-3.02418e-06
-2.7469e-06
-2.49876e-06
-2.29189e-06
-2.11897e-06
-1.97028e-06
-1.83871e-06
-1.71349e-06
-1.58209e-06
-1.43277e-06
-1.25545e-06
-1.04716e-06
-8.13705e-07
-5.6929e-07
-3.42598e-07
-1.68167e-07
-7.05236e-08
3.55528e-09
1.30209e-07
3.63703e-07
7.34728e-07
1.25852e-06
1.92928e-06
2.72564e-06
3.61993e-06
4.57654e-06
5.54827e-06
6.47885e-06
7.3051e-06
7.95959e-06
8.38024e-06
8.51054e-06
8.3114e-06
7.76606e-06
6.88502e-06
5.70794e-06
4.30097e-06
2.74868e-06
1.1428e-06
-4.3221e-06
-4.17316e-06
-3.98747e-06
-3.76732e-06
-3.52047e-06
-3.25898e-06
-2.99564e-06
-2.74225e-06
-2.50976e-06
-2.30984e-06
-2.13513e-06
-1.97916e-06
-1.83882e-06
-1.70513e-06
-1.56712e-06
-1.41417e-06
-1.23697e-06
-1.03258e-06
-8.06102e-07
-5.68691e-07
-3.44476e-07
-1.62907e-07
-4.55561e-08
5.13239e-08
1.97254e-07
4.36859e-07
8.04123e-07
1.30714e-06
1.93456e-06
2.66634e-06
3.4736e-06
4.31777e-06
5.15175e-06
5.92217e-06
6.57212e-06
7.04678e-06
7.29507e-06
7.2788e-06
6.9765e-06
6.38695e-06
5.53062e-06
4.44835e-06
3.19705e-06
1.8423e-06
4.50748e-07
-4.02081e-06
-3.89938e-06
-3.74931e-06
-3.57115e-06
-3.3688e-06
-3.14958e-06
-2.92332e-06
-2.6996e-06
-2.49011e-06
-2.30023e-06
-2.12788e-06
-1.97061e-06
-1.82567e-06
-1.68641e-06
-1.54402e-06
-1.38945e-06
-1.21444e-06
-1.01623e-06
-7.98954e-07
-5.71295e-07
-3.52485e-07
-1.66367e-07
-3.15165e-08
8.63691e-08
2.4671e-07
4.90814e-07
8.46366e-07
1.31675e-06
1.89024e-06
2.54547e-06
3.25201e-06
3.97115e-06
4.65843e-06
5.26601e-06
5.74632e-06
6.05473e-06
6.15453e-06
6.02191e-06
5.64828e-06
5.04143e-06
4.22511e-06
3.23641e-06
2.12169e-06
9.30797e-07
-2.87611e-07
-3.69587e-06
-3.59927e-06
-3.4802e-06
-3.33843e-06
-3.17571e-06
-2.99658e-06
-2.8078e-06
-2.61703e-06
-2.43157e-06
-2.25615e-06
-2.09221e-06
-1.93919e-06
-1.79486e-06
-1.65452e-06
-1.51157e-06
-1.35889e-06
-1.18945e-06
-1.00077e-06
-7.95881e-07
-5.8144e-07
-3.72055e-07
-1.85307e-07
-3.69018e-08
9.8175e-08
2.68064e-07
5.09654e-07
8.43678e-07
1.27095e-06
1.77875e-06
2.34485e-06
2.93888e-06
3.52396e-06
4.06081e-06
4.50928e-06
4.83087e-06
4.99209e-06
4.96867e-06
4.74773e-06
4.32884e-06
3.72391e-06
2.95586e-06
2.056e-06
1.06076e-06
7.56656e-09
-1.0679e-06
-3.3402e-06
-3.26689e-06
-3.17583e-06
-3.06653e-06
-2.93961e-06
-2.79769e-06
-2.64511e-06
-2.48706e-06
-2.32844e-06
-2.1734e-06
-2.02434e-06
-1.88164e-06
-1.7441e-06
-1.60865e-06
-1.47066e-06
-1.32482e-06
-1.1657e-06
-9.91127e-07
-8.03138e-07
-6.06305e-07
-4.10955e-07
-2.29269e-07
-7.34793e-08
7.27414e-08
2.45529e-07
4.7504e-07
7.76853e-07
1.14997e-06
1.58041e-06
2.04632e-06
2.52012e-06
2.9673e-06
3.35756e-06
3.65678e-06
3.83537e-06
3.87108e-06
3.74946e-06
3.46497e-06
3.02149e-06
2.4317e-06
1.71562e-06
8.98416e-07
7.93186e-09
-9.27984e-07
-1.88311e-06
-2.94605e-06
-2.89582e-06
-2.8314e-06
-2.75235e-06
-2.6587e-06
-2.55182e-06
-2.4343e-06
-2.30949e-06
-2.18083e-06
-2.05147e-06
-1.9237e-06
-1.79831e-06
-1.67454e-06
-1.55084e-06
-1.42488e-06
-1.29277e-06
-1.15017e-06
-9.9533e-07
-8.29632e-07
-6.55769e-07
-4.80315e-07
-3.11078e-07
-1.56533e-07
-7.80462e-09
1.59087e-07
3.66196e-07
6.24656e-07
9.32331e-07
1.27582e-06
1.63468e-06
1.98394e-06
2.30062e-06
2.55344e-06
2.71768e-06
2.77364e-06
2.70752e-06
2.51168e-06
2.185e-06
1.73303e-06
1.16732e-06
5.04226e-07
-2.3682e-07
-1.03496e-06
-1.86966e-06
-2.72163e-06
-2.50501e-06
-2.47934e-06
-2.4421e-06
-2.39303e-06
-2.33199e-06
-2.25959e-06
-2.17737e-06
-2.08738e-06
-1.99194e-06
-1.89332e-06
-1.79281e-06
-1.69215e-06
-1.59149e-06
-1.48824e-06
-1.38223e-06
-1.27166e-06
-1.15301e-06
-1.02473e-06
-8.87637e-07
-7.43367e-07
-5.95174e-07
-4.46821e-07
-3.04342e-07
-1.64669e-07
-1.45337e-08
1.59741e-07
3.6472e-07
5.97974e-07
8.50125e-07
1.10383e-06
1.33763e-06
1.52887e-06
1.65751e-06
1.70683e-06
1.66383e-06
1.52016e-06
1.27236e-06
9.21677e-07
4.7379e-07
-6.1706e-08
-6.72158e-07
-1.34303e-06
-2.059e-06
-2.80508e-06
-3.5671e-06
-2.01029e-06
-2.01235e-06
-2.00485e-06
-1.98771e-06
-1.96079e-06
-1.92446e-06
-1.87943e-06
-1.82721e-06
-1.76882e-06
-1.70599e-06
-1.64157e-06
-1.57329e-06
-1.50064e-06
-1.4287e-06
-1.35524e-06
-1.27532e-06
-1.18835e-06
-1.09448e-06
-9.93741e-07
-8.86583e-07
-7.73703e-07
-6.55843e-07
-5.37293e-07
-4.19742e-07
-2.98573e-07
-1.68429e-07
-2.53021e-08
1.33139e-07
2.98911e-07
4.53513e-07
5.78067e-07
6.59183e-07
6.84699e-07
6.43214e-07
5.26012e-07
3.28232e-07
4.87582e-08
-3.10266e-07
-7.43831e-07
-1.24448e-06
-1.80286e-06
-2.40841e-06
-3.05011e-06
-3.7171e-06
-4.39906e-06
-1.46292e-06
-1.49755e-06
-1.52406e-06
-1.54266e-06
-1.5534e-06
-1.55655e-06
-1.55256e-06
-1.54221e-06
-1.52631e-06
-1.50578e-06
-1.48178e-06
-1.45383e-06
-1.42356e-06
-1.39353e-06
-1.35959e-06
-1.31894e-06
-1.27324e-06
-1.22302e-06
-1.16715e-06
-1.10503e-06
-1.03607e-06
-9.59663e-07
-8.78017e-07
-7.93681e-07
-7.11791e-07
-6.35374e-07
-5.54326e-07
-4.64516e-07
-3.79782e-07
-3.17453e-07
-2.85825e-07
-2.92106e-07
-3.44963e-07
-4.52383e-07
-6.1985e-07
-8.50006e-07
-1.14295e-06
-1.4966e-06
-1.907e-06
-2.36865e-06
-2.8749e-06
-3.41834e-06
-3.9912e-06
-4.58575e-06
-5.1945e-06
-8.65586e-07
-9.40458e-07
-1.0081e-06
-1.06897e-06
-1.12344e-06
-1.17185e-06
-1.21455e-06
-1.25203e-06
-1.28484e-06
-1.31364e-06
-1.33923e-06
-1.36203e-06
-1.38233e-06
-1.39996e-06
-1.41374e-06
-1.42346e-06
-1.42972e-06
-1.43197e-06
-1.42884e-06
-1.41951e-06
-1.40285e-06
-1.37829e-06
-1.34602e-06
-1.30746e-06
-1.27161e-06
-1.24188e-06
-1.21535e-06
-1.18955e-06
-1.17989e-06
-1.19235e-06
-1.23006e-06
-1.29883e-06
-1.40535e-06
-1.55475e-06
-1.75016e-06
-1.99305e-06
-2.28339e-06
-2.61967e-06
-2.99905e-06
-3.4177e-06
-3.87104e-06
-4.35402e-06
-4.86132e-06
-5.38755e-06
-5.92736e-06
-2.17018e-07
-3.42663e-07
-4.62151e-07
-5.75698e-07
-6.83765e-07
-7.86821e-07
-8.85274e-07
-9.795e-07
-1.06988e-06
-1.1568e-06
-1.24057e-06
-1.32133e-06
-1.39906e-06
-1.47399e-06
-1.54615e-06
-1.61522e-06
-1.6806e-06
-1.74144e-06
-1.79703e-06
-1.84605e-06
-1.88812e-06
-1.9225e-06
-1.94686e-06
-1.96668e-06
-1.97797e-06
-1.99805e-06
-2.00716e-06
-2.03313e-06
-2.07917e-06
-2.1422e-06
-2.22444e-06
-2.33135e-06
-2.46767e-06
-2.63636e-06
-2.83925e-06
-3.07743e-06
-3.35112e-06
-3.65948e-06
-4.00072e-06
-4.37236e-06
-4.77142e-06
-5.19462e-06
-5.63842e-06
-6.09919e-06
-6.57318e-06
3.6387e-07
1.83381e-07
8.77555e-09
-1.60341e-07
-3.2454e-07
-4.84316e-07
-6.40029e-07
-7.9193e-07
-9.40224e-07
-1.08508e-06
-1.22667e-06
-1.36511e-06
-1.50051e-06
-1.63293e-06
-1.76215e-06
-1.88763e-06
-2.00863e-06
-2.12457e-06
-2.23451e-06
-2.33748e-06
-2.43334e-06
-2.52099e-06
-2.59953e-06
-2.67048e-06
-2.73249e-06
-2.77065e-06
-2.81999e-06
-2.88497e-06
-2.96292e-06
-3.05284e-06
-3.15746e-06
-3.28059e-06
-3.42525e-06
-3.59365e-06
-3.78745e-06
-4.00777e-06
-4.25506e-06
-4.52898e-06
-4.82855e-06
-5.15233e-06
-5.49853e-06
-5.86512e-06
-6.24984e-06
-6.65029e-06
-7.06397e-06
8.29265e-07
5.96748e-07
3.69876e-07
1.48368e-07
-6.82402e-08
-2.80344e-07
-4.88197e-07
-6.91943e-07
-8.91673e-07
-1.08746e-06
-1.27938e-06
-1.46745e-06
-1.65162e-06
-1.83172e-06
-2.00739e-06
-2.17811e-06
-2.3433e-06
-2.5022e-06
-2.65401e-06
-2.79804e-06
-2.93343e-06
-3.06106e-06
-3.17717e-06
-3.27518e-06
-3.36101e-06
-3.43743e-06
-3.51744e-06
-3.6028e-06
-3.69461e-06
-3.79525e-06
-3.9073e-06
-4.03317e-06
-4.17503e-06
-4.33484e-06
-4.51412e-06
-4.71392e-06
-4.93478e-06
-5.17673e-06
-5.4394e-06
-5.72209e-06
-6.02379e-06
-6.34329e-06
-6.6792e-06
-7.02998e-06
-7.394e-06
1.16151e-06
8.84432e-07
6.1317e-07
3.47534e-07
8.72138e-08
-1.68031e-07
-4.18321e-07
-6.63684e-07
-9.04115e-07
-1.13959e-06
-1.37006e-06
-1.59545e-06
-1.81556e-06
-2.03015e-06
-2.23884e-06
-2.44112e-06
-2.63643e-06
-2.82404e-06
-3.0033e-06
-3.17352e-06
-3.33422e-06
-3.48609e-06
-3.62325e-06
-3.7408e-06
-3.84333e-06
-3.93926e-06
-4.03231e-06
-4.12531e-06
-4.2218e-06
-4.32482e-06
-4.43654e-06
-4.55893e-06
-4.69394e-06
-4.84333e-06
-5.00849e-06
-5.19039e-06
-5.38966e-06
-5.60659e-06
-5.84122e-06
-6.09329e-06
-6.36234e-06
-6.64768e-06
-6.94843e-06
-7.2636e-06
-7.59209e-06
1.39552e-06
1.08155e-06
7.73852e-07
4.72347e-07
1.76884e-07
-1.12616e-07
-3.96141e-07
-6.73611e-07
-9.44928e-07
-1.20998e-06
-1.46863e-06
-1.72071e-06
-1.966e-06
-2.20418e-06
-2.43489e-06
-2.65766e-06
-2.87197e-06
-3.07722e-06
-3.27289e-06
-3.45845e-06
-3.63368e-06
-3.79865e-06
-3.94731e-06
-4.07668e-06
-4.19152e-06
-4.29657e-06
-4.39566e-06
-4.49295e-06
-4.59204e-06
-4.69561e-06
-4.80575e-06
-4.9244e-06
-5.05338e-06
-5.19428e-06
-5.34835e-06
-5.5166e-06
-5.69978e-06
-5.89843e-06
-6.11283e-06
-6.34305e-06
-6.58894e-06
-6.85017e-06
-7.12624e-06
-7.41653e-06
-7.72033e-06
1.55729e-06
1.21376e-06
8.77125e-07
5.47439e-07
2.24692e-07
-9.10519e-08
-3.9966e-07
-7.00961e-07
-9.94784e-07
-1.28095e-06
-1.55927e-06
-1.82953e-06
-2.09149e-06
-2.34483e-06
-2.58922e-06
-2.82426e-06
-3.04952e-06
-3.26455e-06
-3.469e-06
-3.66251e-06
-3.84497e-06
-4.01649e-06
-4.17193e-06
-4.30852e-06
-4.42953e-06
-4.53956e-06
-4.643e-06
-4.74366e-06
-4.8446e-06
-4.94834e-06
-5.05707e-06
-5.17273e-06
-5.29705e-06
-5.43153e-06
-5.57743e-06
-5.73583e-06
-5.9076e-06
-6.09342e-06
-6.29377e-06
-6.50891e-06
-6.73895e-06
-6.98383e-06
-7.24332e-06
-7.51705e-06
-7.8046e-06
1.66849e-06
1.30173e-06
9.42608e-07
5.91262e-07
2.47818e-07
-8.75433e-08
-4.14595e-07
-7.331e-07
-1.04283e-06
-1.34357e-06
-1.6351e-06
-1.91719e-06
-2.1896e-06
-2.45204e-06
-2.70423e-06
-2.94586e-06
-3.17664e-06
-3.39626e-06
-3.60454e-06
-3.80128e-06
-3.98658e-06
-4.16111e-06
-4.31965e-06
-4.45968e-06
-4.58425e-06
-4.69797e-06
-4.80474e-06
-4.90784e-06
-5.01014e-06
-5.11414e-06
-5.22205e-06
-5.33577e-06
-5.45699e-06
-5.58719e-06
-5.72769e-06
-5.87962e-06
-6.04393e-06
-6.22142e-06
-6.41268e-06
-6.61817e-06
-6.83814e-06
-7.07272e-06
-7.32189e-06
-7.58549e-06
-7.86329e-06
1.7446e-06
1.3598e-06
9.83386e-07
6.15606e-07
2.5668e-07
-9.31203e-08
-4.33499e-07
-7.64172e-07
-1.08488e-06
-1.39538e-06
-1.69545e-06
-1.98485e-06
-2.26337e-06
-2.53077e-06
-2.78685e-06
-3.03138e-06
-3.26419e-06
-3.48514e-06
-3.69421e-06
-3.89136e-06
-4.07695e-06
-4.25144e-06
-4.41109e-06
-4.55278e-06
-4.67976e-06
-4.7961e-06
-4.90522e-06
-5.01017e-06
-5.11372e-06
-5.21832e-06
-5.32608e-06
-5.43889e-06
-5.55843e-06
-5.68619e-06
-5.82353e-06
-5.97162e-06
-6.13149e-06
-6.30399e-06
-6.48985e-06
-6.68962e-06
-6.9037e-06
-7.13238e-06
-7.37578e-06
-7.63391e-06
-7.90669e-06
1.79628e-06
1.39748e-06
1.00782e-06
6.276e-07
2.57133e-07
-1.03238e-07
-4.53171e-07
-7.92355e-07
-1.12051e-06
-1.43739e-06
-1.74276e-06
-2.03642e-06
-2.31817e-06
-2.58784e-06
-2.8453e-06
-3.09042e-06
-3.32316e-06
-3.5435e-06
-3.75158e-06
-3.94757e-06
-4.13195e-06
-4.30526e-06
-4.46413e-06
-4.60638e-06
-4.73478e-06
-4.85281e-06
-4.9636e-06
-5.07007e-06
-5.17484e-06
-5.28023e-06
-5.38831e-06
-5.50094e-06
-5.6198e-06
-5.7464e-06
-5.88212e-06
-6.02817e-06
-6.18563e-06
-6.35544e-06
-6.5384e-06
-6.73518e-06
-6.94629e-06
-7.17213e-06
-7.41294e-06
-7.66885e-06
-7.93988e-06
1.83075e-06
1.42099e-06
1.02108e-06
6.31367e-07
2.52238e-07
-1.15913e-07
-4.72715e-07
-8.17839e-07
-1.151e-06
-1.47194e-06
-1.78046e-06
-2.07635e-06
-2.35948e-06
-2.62973e-06
-2.88703e-06
-3.13136e-06
-3.3628e-06
-3.58141e-06
-3.78751e-06
-3.98136e-06
-4.16362e-06
-4.33482e-06
-4.49213e-06
-4.63412e-06
-4.76314e-06
-4.88216e-06
-4.99412e-06
-5.10176e-06
-5.20758e-06
-5.31379e-06
-5.4224e-06
-5.53524e-06
-5.654e-06
-5.78021e-06
-5.91525e-06
-6.06038e-06
-6.21676e-06
-6.38537e-06
-6.5671e-06
-6.7627e-06
-6.97276e-06
-7.19778e-06
-7.43809e-06
-7.69391e-06
-7.96534e-06
1.85288e-06
1.4344e-06
1.02642e-06
6.29345e-07
2.43613e-07
-1.30345e-07
-4.9214e-07
-8.41435e-07
-1.17794e-06
-1.50141e-06
-1.81164e-06
-2.10848e-06
-2.39183e-06
-2.66162e-06
-2.91787e-06
-3.16062e-06
-3.39004e-06
-3.60633e-06
-3.80987e-06
-4.00106e-06
-4.18068e-06
-4.34928e-06
-4.50451e-06
-4.64565e-06
-4.77467e-06
-4.89412e-06
-5.00678e-06
-5.11526e-06
-5.22188e-06
-5.32879e-06
-5.43793e-06
-5.55113e-06
-5.67006e-06
-5.79625e-06
-5.93114e-06
-6.07603e-06
-6.2321e-06
-6.40042e-06
-6.58193e-06
-6.77745e-06
-6.98765e-06
-7.21309e-06
-7.45419e-06
-7.71123e-06
-7.98439e-06
1.86608e-06
1.44052e-06
1.02605e-06
6.23134e-07
2.32259e-07
-1.46125e-07
-5.11618e-07
-8.63878e-07
-1.20262e-06
-1.5276e-06
-1.83865e-06
-2.13563e-06
-2.4185e-06
-2.68724e-06
-2.94192e-06
-3.18267e-06
-3.40973e-06
-3.62339e-06
-3.82412e-06
-4.01241e-06
-4.18914e-06
-4.35484e-06
-4.50768e-06
-4.64756e-06
-4.77613e-06
-4.89555e-06
-5.00852e-06
-5.11748e-06
-5.22463e-06
-5.33203e-06
-5.4416e-06
-5.55512e-06
-5.67427e-06
-5.80061e-06
-5.93559e-06
-6.08055e-06
-6.23672e-06
-6.40523e-06
-6.58707e-06
-6.78312e-06
-6.99412e-06
-7.22068e-06
-7.46329e-06
-7.72229e-06
-7.99791e-06
1.87285e-06
1.44139e-06
1.02157e-06
6.13919e-07
2.18934e-07
-1.62912e-07
-5.31215e-07
-8.8563e-07
-1.22587e-06
-1.55172e-06
-1.86302e-06
-2.15968e-06
-2.44167e-06
-2.70904e-06
-2.96192e-06
-3.20048e-06
-3.42505e-06
-3.63598e-06
-3.83384e-06
-4.01915e-06
-4.1929e-06
-4.35561e-06
-4.50585e-06
-4.64421e-06
-4.77201e-06
-4.89106e-06
-5.00399e-06
-5.11311e-06
-5.22052e-06
-5.32818e-06
-5.438e-06
-5.55172e-06
-5.67104e-06
-5.79752e-06
-5.93264e-06
-6.07778e-06
-6.23422e-06
-6.40312e-06
-6.58554e-06
-6.7824e-06
-6.99451e-06
-7.22253e-06
-7.467e-06
-7.72831e-06
-8.00671e-06
1.87503e-06
1.43856e-06
1.01424e-06
6.02639e-07
2.04279e-07
-1.80357e-07
-5.50862e-07
-9.0689e-07
-1.24817e-06
-1.57448e-06
-1.88571e-06
-2.18177e-06
-2.4627e-06
-2.72856e-06
-2.97955e-06
-3.2159e-06
-3.43798e-06
-3.64622e-06
-3.84124e-06
-4.02363e-06
-4.19443e-06
-4.35421e-06
-4.50171e-06
-4.63836e-06
-4.76523e-06
-4.88362e-06
-4.99625e-06
-5.10527e-06
-5.21267e-06
-5.32039e-06
-5.43026e-06
-5.54403e-06
-5.66339e-06
-5.78993e-06
-5.92514e-06
-6.07045e-06
-6.22717e-06
-6.3965e-06
-6.57956e-06
-6.77732e-06
-6.99063e-06
-7.22021e-06
-7.46663e-06
-7.73032e-06
-8.01158e-06
1.87403e-06
1.43321e-06
1.00502e-06
5.90054e-07
1.88851e-07
-1.98101e-07
-5.70389e-07
-9.27671e-07
-1.26968e-06
-1.59622e-06
-1.90719e-06
-2.20254e-06
-2.48232e-06
-2.74666e-06
-2.99578e-06
-3.22998e-06
-3.44967e-06
-3.65533e-06
-3.84763e-06
-4.0272e-06
-4.19518e-06
-4.35205e-06
-4.49687e-06
-4.6318e-06
-4.75758e-06
-4.87511e-06
-4.98723e-06
-5.09593e-06
-5.20313e-06
-5.31069e-06
-5.42044e-06
-5.53411e-06
-5.65338e-06
-5.77985e-06
-5.91506e-06
-6.06046e-06
-6.21738e-06
-6.3871e-06
-6.57076e-06
-6.76937e-06
-6.98384e-06
-7.21493e-06
-7.46324e-06
-7.72925e-06
-8.01328e-06
1.87088e-06
1.42624e-06
9.94673e-07
5.76779e-07
1.73125e-07
-2.15798e-07
-5.89576e-07
-9.4787e-07
-1.29042e-06
-1.61705e-06
-1.92767e-06
-2.22227e-06
-2.50092e-06
-2.76378e-06
-3.01112e-06
-3.24328e-06
-3.46071e-06
-3.66394e-06
-3.85369e-06
-4.0306e-06
-4.1959e-06
-4.34988e-06
-4.49232e-06
-4.62556e-06
-4.75004e-06
-4.86662e-06
-4.97807e-06
-5.0863e-06
-5.19313e-06
-5.30039e-06
-5.40986e-06
-5.52329e-06
-5.64234e-06
-5.76863e-06
-5.90373e-06
-6.0491e-06
-6.20614e-06
-6.37615e-06
-6.5603e-06
-6.75967e-06
-6.97519e-06
-7.20766e-06
-7.45773e-06
-7.72589e-06
-8.01249e-06
1.86639e-06
1.41835e-06
9.8379e-07
5.63322e-07
1.57524e-07
-2.33111e-07
-6.08165e-07
-9.67305e-07
-1.31028e-06
-1.63693e-06
-1.94717e-06
-2.24102e-06
-2.51859e-06
-2.78007e-06
-3.02575e-06
-3.25601e-06
-3.47135e-06
-3.67233e-06
-3.85971e-06
-4.03415e-06
-4.19693e-06
-4.34815e-06
-4.48852e-06
-4.62002e-06
-4.7431e-06
-4.85872e-06
-4.96942e-06
-5.07707e-06
-5.18342e-06
-5.29026e-06
-5.39935e-06
-5.51241e-06
-5.63113e-06
-5.75715e-06
-5.89203e-06
-6.03729e-06
-6.19434e-06
-6.36452e-06
-6.54906e-06
-6.74906e-06
-6.96549e-06
-7.19918e-06
-7.45082e-06
-7.72093e-06
-8.00988e-06
1.86112e-06
1.41007e-06
9.72852e-07
5.50107e-07
1.42417e-07
-2.49719e-07
-6.25882e-07
-9.85744e-07
-1.32906e-06
-1.65569e-06
-1.96556e-06
-2.25871e-06
-2.53528e-06
-2.79548e-06
-3.03963e-06
-3.26816e-06
-3.48159e-06
-3.68052e-06
-3.86573e-06
-4.03793e-06
-4.19837e-06
-4.34711e-06
-4.48553e-06
-4.61532e-06
-4.73701e-06
-4.85169e-06
-4.9616e-06
-5.0686e-06
-5.1744e-06
-5.28075e-06
-5.38938e-06
-5.50201e-06
-5.62032e-06
-5.74598e-06
-5.88056e-06
-6.02562e-06
-6.18259e-06
-6.35285e-06
-6.53766e-06
-6.73815e-06
-6.95534e-06
-7.19009e-06
-7.44311e-06
-7.71494e-06
-8.00599e-06
1.85539e-06
1.40162e-06
9.62019e-07
5.37234e-07
1.27857e-07
-2.65612e-07
-6.42754e-07
-1.00324e-06
-1.34685e-06
-1.67343e-06
-1.98295e-06
-2.27545e-06
-2.55109e-06
-2.81011e-06
-3.05288e-06
-3.27982e-06
-3.49151e-06
-3.68857e-06
-3.87181e-06
-4.04194e-06
-4.20025e-06
-4.34677e-06
-4.48324e-06
-4.61142e-06
-4.73183e-06
-4.84554e-06
-4.95466e-06
-5.06098e-06
-5.16618e-06
-5.27197e-06
-5.38008e-06
-5.49221e-06
-5.61006e-06
-5.7353e-06
-5.86952e-06
-6.0143e-06
-6.17111e-06
-6.34136e-06
-6.52633e-06
-6.7272e-06
-6.94501e-06
-7.18066e-06
-7.43488e-06
-7.70824e-06
-8.00115e-06
1.84908e-06
1.39271e-06
9.50842e-07
5.2412e-07
1.13143e-07
-2.81584e-07
-6.59646e-07
-1.02072e-06
-1.36458e-06
-1.69111e-06
-2.00027e-06
-2.29213e-06
-2.56687e-06
-2.82477e-06
-3.06619e-06
-3.29162e-06
-3.50163e-06
-3.69689e-06
-3.87822e-06
-4.04638e-06
-4.20264e-06
-4.34705e-06
-4.48153e-06
-4.60812e-06
-4.72726e-06
-4.83996e-06
-4.94824e-06
-5.05382e-06
-5.15836e-06
-5.26354e-06
-5.37105e-06
-5.48262e-06
-5.59993e-06
-5.72466e-06
-5.85845e-06
-6.00287e-06
-6.15944e-06
-6.32959e-06
-6.51464e-06
-6.7158e-06
-6.93414e-06
-7.17058e-06
-7.42589e-06
-7.70066e-06
-7.99532e-06
1.8427e-06
1.38386e-06
9.39798e-07
5.11192e-07
9.86476e-08
-2.97322e-07
-6.76299e-07
-1.03796e-06
-1.3821e-06
-1.70859e-06
-2.01742e-06
-2.30868e-06
-2.58256e-06
-2.83937e-06
-3.0795e-06
-3.30345e-06
-3.51185e-06
-3.70536e-06
-3.88486e-06
-4.0511e-06
-4.20538e-06
-4.34772e-06
-4.48029e-06
-4.60525e-06
-4.72311e-06
-4.83483e-06
-4.94228e-06
-5.04713e-06
-5.151e-06
-5.25554e-06
-5.36245e-06
-5.47342e-06
-5.59017e-06
-5.71437e-06
-5.84769e-06
-5.99172e-06
-6.14801e-06
-6.31801e-06
-6.50309e-06
-6.70447e-06
-6.92328e-06
-7.16044e-06
-7.41676e-06
-7.69284e-06
-7.98913e-06
-7.87668e-06
-1.29222e-05
-1.29353e-05
-1.29602e-05
-1.33303e-05
-1.39136e-05
-1.46534e-05
-1.55143e-05
-1.64754e-05
-1.75236e-05
-1.86489e-05
-1.98417e-05
-2.10925e-05
-2.23915e-05
-2.37304e-05
-4.25806e-06
-9.49991e-06
-1.11629e-05
-1.20751e-05
-1.2862e-05
-1.36464e-05
-1.44921e-05
-1.5414e-05
-1.6412e-05
-1.74831e-05
-1.86223e-05
-1.98232e-05
-2.10783e-05
-2.23792e-05
-2.37183e-05
-1.9545e-06
-7.10833e-06
-9.72681e-06
-1.1246e-05
-1.23802e-05
-1.33638e-05
-1.43218e-05
-1.53094e-05
-1.63471e-05
-1.74424e-05
-1.85962e-05
-1.98055e-05
-2.10648e-05
-2.23672e-05
-2.37061e-05
-8.59011e-07
-5.51326e-06
-8.52779e-06
-1.04588e-05
-1.1885e-05
-1.30638e-05
-1.41415e-05
-1.52009e-05
-1.62819e-05
-1.74032e-05
-1.85722e-05
-1.97899e-05
-2.10531e-05
-2.23566e-05
-2.36947e-05
-3.2026e-07
-4.25268e-06
-7.35557e-06
-9.60478e-06
-1.13138e-05
-1.27034e-05
-1.39219e-05
-1.50697e-05
-1.62048e-05
-1.73584e-05
-1.85461e-05
-1.97738e-05
-2.10414e-05
-2.23459e-05
-2.36828e-05
1.61703e-08
-3.29735e-06
-6.2742e-06
-8.70293e-06
-1.06535e-05
-1.22574e-05
-1.36375e-05
-1.48954e-05
-1.61013e-05
-1.72985e-05
-1.85117e-05
-1.97531e-05
-2.10271e-05
-2.23332e-05
-2.36687e-05
1.59741e-07
-2.64284e-06
-5.38183e-06
-7.83767e-06
-9.94261e-06
-1.17305e-05
-1.32757e-05
-1.46605e-05
-1.59553e-05
-1.72106e-05
-1.84595e-05
-1.97213e-05
-2.10054e-05
-2.23149e-05
-2.36498e-05
1.01837e-07
-2.27796e-06
-4.73337e-06
-7.09506e-06
-9.24911e-06
-1.11593e-05
-1.28459e-05
-1.43584e-05
-1.57536e-05
-1.70807e-05
-1.83773e-05
-1.96683e-05
-2.09685e-05
-2.22851e-05
-2.36211e-05
-1.27253e-07
-2.16261e-06
-4.33484e-06
-6.5307e-06
-8.64174e-06
-1.05989e-05
-1.23804e-05
-1.40007e-05
-1.54939e-05
-1.68997e-05
-1.82535e-05
-1.95828e-05
-2.09062e-05
-2.22349e-05
-2.3575e-05
-4.93243e-07
-2.25002e-06
-4.16344e-06
-6.16407e-06
-8.16819e-06
-1.01026e-05
-1.19225e-05
-1.36139e-05
-1.51877e-05
-1.66676e-05
-1.80816e-05
-1.9455e-05
-2.08077e-05
-2.21537e-05
-2.35018e-05
-9.68202e-07
-2.49865e-06
-4.18511e-06
-5.98778e-06
-7.84923e-06
-9.70743e-06
-1.15113e-05
-1.32302e-05
-1.48551e-05
-1.63932e-05
-1.78613e-05
-1.92789e-05
-2.06639e-05
-2.20308e-05
-2.33901e-05
-1.53156e-06
-2.87574e-06
-4.36583e-06
-5.98081e-06
-7.68452e-06
-9.43098e-06
-1.11741e-05
-1.28769e-05
-1.45177e-05
-1.60896e-05
-1.75973e-05
-1.90522e-05
-2.04675e-05
-2.18559e-05
-2.32281e-05
-2.16751e-06
-3.35576e-06
-4.67579e-06
-6.11803e-06
-7.66157e-06
-9.27563e-06
-1.09241e-05
-1.25724e-05
-1.41929e-05
-1.57691e-05
-1.72953e-05
-1.87739e-05
-2.0212e-05
-2.16186e-05
-2.30028e-05
-2.8611e-06
-3.91659e-06
-5.08835e-06
-6.37354e-06
-7.76139e-06
-9.23323e-06
-1.0764e-05
-1.23255e-05
-1.38912e-05
-1.54401e-05
-1.69588e-05
-1.84419e-05
-1.98899e-05
-2.13068e-05
-2.26986e-05
-3.59524e-06
-4.5359e-06
-5.57729e-06
-6.72028e-06
-7.96046e-06
-9.2878e-06
-1.06867e-05
-1.21373e-05
-1.36176e-05
-1.51071e-05
-1.6589e-05
-1.80525e-05
-1.94919e-05
-2.09064e-05
-2.22976e-05
-4.34944e-06
-5.18924e-06
-6.11489e-06
-7.12907e-06
-8.23108e-06
-9.41654e-06
-1.06771e-05
-1.20003e-05
-1.33707e-05
-1.47714e-05
-1.61862e-05
-1.7602e-05
-1.90094e-05
-2.04033e-05
-2.1781e-05
-5.09997e-06
-5.84962e-06
-6.67126e-06
-7.56822e-06
-8.54174e-06
-9.59084e-06
-1.0712e-05
-1.18988e-05
-1.31419e-05
-1.44296e-05
-1.57492e-05
-1.70883e-05
-1.84367e-05
-1.97868e-05
-2.11329e-05
-5.82086e-06
-6.48814e-06
-7.21479e-06
-8.00408e-06
-8.85808e-06
-9.77767e-06
-1.07623e-05
-1.18097e-05
-1.29154e-05
-1.40731e-05
-1.52745e-05
-1.65106e-05
-1.77729e-05
-1.90531e-05
-2.03451e-05
-6.48354e-06
-7.07378e-06
-7.71216e-06
-8.40151e-06
-9.14408e-06
-9.94158e-06
-1.07951e-05
-1.1705e-05
-1.26703e-05
-1.36889e-05
-1.47571e-05
-1.58701e-05
-1.70227e-05
-1.82087e-05
-1.94232e-05
-7.06251e-06
-7.57993e-06
-8.13561e-06
-8.73183e-06
-9.37072e-06
-1.00543e-05
-1.07845e-05
-1.1563e-05
-1.23911e-05
-1.32696e-05
-1.41986e-05
-1.51773e-05
-1.62044e-05
-1.72778e-05
-1.83951e-05
-7.49261e-06
-7.94524e-06
-8.42872e-06
-8.94459e-06
-9.49467e-06
-1.0081e-05
-1.07057e-05
-1.13711e-05
-1.20797e-05
-1.28339e-05
-1.36359e-05
-1.44881e-05
-1.53927e-05
-1.63508e-05
-1.73649e-05
-7.7727e-06
-8.1725e-06
-8.59815e-06
-9.05082e-06
-9.53214e-06
-1.0044e-05
-1.05886e-05
-1.11684e-05
-1.17863e-05
-1.24453e-05
-1.3149e-05
-1.39011e-05
-1.47056e-05
-1.55672e-05
-1.64885e-05
-7.9351e-06
-8.2975e-06
-8.68279e-06
-9.09198e-06
-9.5265e-06
-9.98813e-06
-1.0479e-05
-1.10015e-05
-1.15584e-05
-1.21532e-05
-1.27897e-05
-1.34723e-05
-1.4206e-05
-1.49968e-05
-1.58506e-05
-8.03868e-06
-8.37538e-06
-8.7332e-06
-9.11308e-06
-9.51636e-06
-9.94467e-06
-1.03999e-05
-1.08844e-05
-1.14008e-05
-1.19523e-05
-1.25429e-05
-1.3177e-05
-1.38599e-05
-1.45978e-05
-1.53973e-05
-8.1069e-06
-8.42704e-06
-8.76731e-06
-9.1286e-06
-9.51213e-06
-9.91938e-06
-1.03521e-05
-1.08122e-05
-1.13024e-05
-1.18255e-05
-1.2385e-05
-1.29853e-05
-1.36313e-05
-1.43288e-05
-1.50834e-05
-8.15617e-06
-8.46669e-06
-8.79679e-06
-9.14732e-06
-9.51939e-06
-9.9143e-06
-1.03336e-05
-1.0779e-05
-1.12527e-05
-1.17574e-05
-1.22962e-05
-1.28727e-05
-1.34915e-05
-1.41576e-05
-1.48764e-05
-8.19493e-06
-8.50082e-06
-8.826e-06
-9.17129e-06
-9.53765e-06
-9.92623e-06
-1.03383e-05
-1.07754e-05
-1.12393e-05
-1.17324e-05
-1.22572e-05
-1.28169e-05
-1.34153e-05
-1.40565e-05
-1.47457e-05
-8.2268e-06
-8.53147e-06
-8.85533e-06
-9.19911e-06
-9.56366e-06
-9.94991e-06
-1.03589e-05
-1.07919e-05
-1.12504e-05
-1.17363e-05
-1.22517e-05
-1.27993e-05
-1.33821e-05
-1.40032e-05
-1.46681e-05
-8.25312e-06
-8.55882e-06
-8.88369e-06
-9.22839e-06
-9.5936e-06
-9.98008e-06
-1.03887e-05
-1.08203e-05
-1.12762e-05
-1.17579e-05
-1.2267e-05
-1.28057e-05
-1.33763e-05
-1.39818e-05
-1.46255e-05
-8.27434e-06
-8.58244e-06
-8.90975e-06
-9.25683e-06
-9.62423e-06
-1.00125e-05
-1.04223e-05
-1.08543e-05
-1.13095e-05
-1.17889e-05
-1.22938e-05
-1.28258e-05
-1.33868e-05
-1.39794e-05
-1.46051e-05
-8.29077e-06
-8.60202e-06
-8.93255e-06
-9.28283e-06
-9.65327e-06
-1.00443e-05
-1.04562e-05
-1.08897e-05
-1.13452e-05
-1.18235e-05
-1.23256e-05
-1.28525e-05
-1.34057e-05
-1.39874e-05
-1.4598e-05
-8.3028e-06
-8.61752e-06
-8.95163e-06
-9.30549e-06
-9.67937e-06
-1.00735e-05
-1.04882e-05
-1.09236e-05
-1.13801e-05
-1.18582e-05
-1.23584e-05
-1.28815e-05
-1.34284e-05
-1.40008e-05
-1.45984e-05
-8.31094e-06
-8.6292e-06
-8.96695e-06
-9.32448e-06
-9.70192e-06
-1.00994e-05
-1.05169e-05
-1.09546e-05
-1.14125e-05
-1.18909e-05
-1.23899e-05
-1.291e-05
-1.34516e-05
-1.40161e-05
-1.46026e-05
-8.3158e-06
-8.63747e-06
-8.97877e-06
-9.33987e-06
-9.7208e-06
-1.01215e-05
-1.0542e-05
-1.0982e-05
-1.14416e-05
-1.19205e-05
-1.24188e-05
-1.29365e-05
-1.34737e-05
-1.40314e-05
-1.46085e-05
-8.31798e-06
-8.64286e-06
-8.98749e-06
-9.35197e-06
-9.73622e-06
-1.01401e-05
-1.05634e-05
-1.10057e-05
-1.14669e-05
-1.19466e-05
-1.24445e-05
-1.29604e-05
-1.34939e-05
-1.40459e-05
-1.46147e-05
-8.31807e-06
-8.64589e-06
-8.9936e-06
-9.3612e-06
-9.74853e-06
-1.01553e-05
-1.05813e-05
-1.10259e-05
-1.14887e-05
-1.19692e-05
-1.24669e-05
-1.29813e-05
-1.35118e-05
-1.4059e-05
-1.46204e-05
-8.31661e-06
-8.64708e-06
-8.99757e-06
-9.36802e-06
-9.75817e-06
-1.01677e-05
-1.05961e-05
-1.10428e-05
-1.15072e-05
-1.19885e-05
-1.24862e-05
-1.29994e-05
-1.35273e-05
-1.40704e-05
-1.46252e-05
-8.31395e-06
-8.64684e-06
-8.99985e-06
-9.3729e-06
-9.76563e-06
-1.01776e-05
-1.06083e-05
-1.10569e-05
-1.15227e-05
-1.2005e-05
-1.25027e-05
-1.3015e-05
-1.35407e-05
-1.40802e-05
-1.46294e-05
-8.31019e-06
-8.64536e-06
-9.0008e-06
-9.37634e-06
-9.77157e-06
-1.01859e-05
-1.06188e-05
-1.10693e-05
-1.15366e-05
-1.20197e-05
-1.25174e-05
-1.30289e-05
-1.35528e-05
-1.40889e-05
-1.4633e-05
-8.30593e-06
-8.64321e-06
-9.00086e-06
-9.37866e-06
-9.7762e-06
-1.01928e-05
-1.06278e-05
-1.10802e-05
-1.15491e-05
-1.20331e-05
-1.25312e-05
-1.3042e-05
-1.35641e-05
-1.4097e-05
-1.46362e-05
-2.53683e-07
-2.52389e-07
-2.50704e-07
-2.48396e-07
-2.45204e-07
-2.40775e-07
-2.34812e-07
-2.27148e-07
-2.17789e-07
-2.06879e-07
-1.94665e-07
-1.81452e-07
-1.67568e-07
-1.5332e-07
-1.38959e-07
-1.24623e-07
-1.10284e-07
-9.56573e-08
-8.00752e-08
-6.23172e-08
-4.05228e-08
-1.21047e-08
2.81211e-08
8.64168e-08
1.67978e-07
2.77778e-07
4.20369e-07
5.98861e-07
8.13712e-07
1.06187e-06
1.34145e-06
1.64679e-06
1.95977e-06
2.2632e-06
2.54022e-06
2.7757e-06
2.95694e-06
3.07632e-06
3.13389e-06
3.13761e-06
3.10213e-06
3.0458e-06
2.98436e-06
2.94187e-06
2.92845e-06
-2.56738e-07
-2.56125e-07
-2.5471e-07
-2.51922e-07
-2.4763e-07
-2.41622e-07
-2.33695e-07
-2.23725e-07
-2.11675e-07
-1.9758e-07
-1.8153e-07
-1.63667e-07
-1.44164e-07
-1.23211e-07
-1.00987e-07
-7.76337e-08
-5.31972e-08
-2.75527e-08
-2.67127e-10
2.95931e-08
6.36397e-08
1.0449e-07
1.56588e-07
2.2439e-07
3.12049e-07
4.24017e-07
5.64292e-07
7.35547e-07
9.38536e-07
1.17185e-06
1.43067e-06
1.70287e-06
1.97739e-06
2.24265e-06
2.48429e-06
2.68749e-06
2.84154e-06
2.94218e-06
2.99196e-06
2.9996e-06
2.97791e-06
2.94087e-06
2.90097e-06
2.86829e-06
2.84792e-06
-2.58501e-07
-2.60277e-07
-2.60178e-07
-2.58365e-07
-2.54543e-07
-2.4854e-07
-2.40226e-07
-2.2952e-07
-2.16378e-07
-2.00804e-07
-1.82845e-07
-1.62587e-07
-1.40154e-07
-1.15711e-07
-8.94685e-08
-6.16874e-08
-3.26774e-08
-2.77098e-09
2.77519e-08
5.88053e-08
9.06997e-08
1.24753e-07
1.64433e-07
2.14446e-07
2.80518e-07
3.69329e-07
4.87185e-07
6.38792e-07
8.26329e-07
1.04885e-06
1.30243e-06
1.57687e-06
1.8591e-06
2.13413e-06
2.38579e-06
2.59902e-06
2.76255e-06
2.87115e-06
2.92661e-06
2.93707e-06
2.91497e-06
2.87413e-06
2.827e-06
2.78104e-06
2.73753e-06
-2.62508e-07
-2.67719e-07
-2.69694e-07
-2.69078e-07
-2.6605e-07
-2.60442e-07
-2.52128e-07
-2.41041e-07
-2.27148e-07
-2.10447e-07
-1.90972e-07
-1.68798e-07
-1.4406e-07
-1.16985e-07
-8.79312e-08
-5.74577e-08
-2.63944e-08
4.08316e-09
3.24235e-08
5.67496e-08
7.50977e-08
8.65256e-08
9.40264e-08
1.0488e-07
1.28562e-07
1.75952e-07
2.57381e-07
3.80097e-07
5.47823e-07
7.60099e-07
1.01245e-06
1.29574e-06
1.59576e-06
1.89568e-06
2.17706e-06
2.42218e-06
2.61683e-06
2.7528e-06
2.82934e-06
2.85295e-06
2.83548e-06
2.79142e-06
2.73471e-06
2.67292e-06
2.60525e-06
-2.70663e-07
-2.79568e-07
-2.83872e-07
-2.84817e-07
-2.82933e-07
-2.78102e-07
-2.70215e-07
-2.59227e-07
-2.45117e-07
-2.2788e-07
-2.07543e-07
-1.84187e-07
-1.57984e-07
-1.29266e-07
-9.86192e-08
-6.70282e-08
-3.60606e-08
-8.08287e-09
1.35504e-08
2.44299e-08
1.93832e-08
-5.84757e-09
-4.84956e-08
-9.61314e-08
-1.33198e-07
-1.42591e-07
-1.09091e-07
-2.42494e-08
1.16387e-07
3.13737e-07
5.64803e-07
8.5962e-07
1.18429e-06
1.52045e-06
1.84713e-06
2.14305e-06
2.38944e-06
2.57309e-06
2.68868e-06
2.73946e-06
2.736e-06
2.69371e-06
2.62908e-06
2.5513e-06
2.45886e-06
-2.847e-07
-2.97133e-07
-3.03777e-07
-3.06414e-07
-3.05883e-07
-3.02106e-07
-2.94993e-07
-2.84527e-07
-2.70691e-07
-2.5348e-07
-2.32913e-07
-2.09078e-07
-1.82192e-07
-1.52706e-07
-1.21467e-07
-8.99536e-08
-6.06022e-08
-3.72042e-08
-2.53071e-08
-3.24156e-08
-6.75951e-08
-1.39255e-07
-2.44649e-07
-3.63391e-07
-4.71306e-07
-5.44947e-07
-5.68136e-07
-5.29987e-07
-4.22749e-07
-2.46985e-07
-8.16999e-10
3.05218e-07
6.56433e-07
1.03368e-06
1.41413e-06
1.77294e-06
2.08606e-06
2.33381e-06
2.50441e-06
2.59613e-06
2.61706e-06
2.58323e-06
2.51414e-06
2.42137e-06
2.30342e-06
-3.05781e-07
-3.21384e-07
-3.30228e-07
-3.34557e-07
-3.35463e-07
-3.32897e-07
-3.26786e-07
-3.17129e-07
-3.03912e-07
-2.87116e-07
-2.66746e-07
-2.42883e-07
-2.15772e-07
-1.85968e-07
-1.54565e-07
-1.23537e-07
-9.6216e-08
-7.79083e-08
-7.65556e-08
-1.03099e-07
-1.70846e-07
-2.92737e-07
-4.6591e-07
-6.5963e-07
-8.40856e-07
-9.85342e-07
-1.07479e-06
-1.09032e-06
-1.01974e-06
-8.59644e-07
-6.19247e-07
-3.05863e-07
6.75744e-08
4.82665e-07
9.16004e-07
1.3402e-06
1.72628e-06
2.0476e-06
2.28456e-06
2.42863e-06
2.48383e-06
2.46575e-06
2.39671e-06
2.29085e-06
2.14701e-06
-3.34423e-07
-3.52803e-07
-3.63662e-07
-3.69624e-07
-3.71986e-07
-3.7071e-07
-3.65731e-07
-3.57053e-07
-3.44655e-07
-3.2849e-07
-3.0853e-07
-2.84823e-07
-2.5761e-07
-2.27503e-07
-1.95787e-07
-1.64866e-07
-1.38908e-07
-1.24686e-07
-1.32563e-07
-1.77106e-07
-2.75972e-07
-4.46585e-07
-6.8708e-07
-9.56305e-07
-1.21276e-06
-1.42535e-06
-1.56852e-06
-1.62487e-06
-1.58595e-06
-1.44915e-06
-1.22018e-06
-9.06215e-07
-5.19118e-07
-7.56643e-08
4.01706e-07
8.84758e-07
1.34098e-06
1.73732e-06
2.04577e-06
2.24961e-06
2.34696e-06
2.35141e-06
2.28718e-06
2.17075e-06
2.00138e-06
-3.70655e-07
-3.91477e-07
-4.04172e-07
-4.11692e-07
-4.15489e-07
-4.1552e-07
-4.11716e-07
-4.04078e-07
-3.92563e-07
-3.77082e-07
-3.57549e-07
-3.3395e-07
-3.06472e-07
-2.75725e-07
-2.43097e-07
-2.11313e-07
-1.85246e-07
-1.72984e-07
-1.87188e-07
-2.46167e-07
-3.71701e-07
-5.84707e-07
-8.86404e-07
-1.22368e-06
-1.54545e-06
-1.81438e-06
-2.00276e-06
-2.09436e-06
-2.08248e-06
-1.96584e-06
-1.74959e-06
-1.4406e-06
-1.04906e-06
-5.89175e-07
-8.08905e-08
4.48632e-07
9.65328e-07
1.43118e-06
1.81006e-06
2.07645e-06
2.22098e-06
2.25346e-06
2.1986e-06
2.07457e-06
1.88101e-06
-4.14189e-07
-4.37211e-07
-4.51601e-07
-4.60605e-07
-4.65791e-07
-4.67095e-07
-4.64436e-07
-4.57802e-07
-4.47113e-07
-4.32225e-07
-4.12972e-07
-3.89244e-07
-3.61126e-07
-3.29154e-07
-2.94721e-07
-2.60743e-07
-2.3262e-07
-2.19543e-07
-2.36209e-07
-3.04757e-07
-4.50714e-07
-6.97002e-07
-1.05025e-06
-1.44451e-06
-1.81908e-06
-2.13209e-06
-2.35494e-06
-2.47252e-06
-2.48003e-06
-2.37872e-06
-2.17435e-06
-1.87365e-06
-1.48496e-06
-1.01938e-06
-4.93377e-07
6.85221e-08
6.3272e-07
1.15823e-06
1.60158e-06
1.92909e-06
2.12286e-06
2.1872e-06
2.14578e-06
2.01748e-06
1.80205e-06
-4.64551e-07
-4.89639e-07
-5.05628e-07
-5.16053e-07
-5.22568e-07
-5.25073e-07
-5.23466e-07
-5.17714e-07
-5.07695e-07
-4.93195e-07
-4.73949e-07
-4.4972e-07
-4.20449e-07
-3.86529e-07
-3.49264e-07
-3.11614e-07
-2.79326e-07
-2.6244e-07
-2.77201e-07
-3.48824e-07
-5.07881e-07
-7.81524e-07
-1.17301e-06
-1.61185e-06
-2.02629e-06
-2.37085e-06
-2.61646e-06
-2.74975e-06
-2.76855e-06
-2.67692e-06
-2.48175e-06
-2.1898e-06
-1.80772e-06
-1.34354e-06
-8.09905e-07
-2.27832e-07
3.71203e-07
9.4526e-07
1.4437e-06
1.82778e-06
2.0704e-06
2.16885e-06
2.14428e-06
2.01528e-06
1.78124e-06
-5.21193e-07
-5.48319e-07
-5.65864e-07
-5.77661e-07
-5.85433e-07
-5.89032e-07
-5.88333e-07
-5.83274e-07
-5.73688e-07
-5.59281e-07
-5.3968e-07
-5.14497e-07
-4.8349e-07
-4.46852e-07
-4.05714e-07
-3.62955e-07
-3.24487e-07
-3.00999e-07
-3.09992e-07
-3.78197e-07
-5.42248e-07
-8.37019e-07
-1.2553e-06
-1.72578e-06
-2.16781e-06
-2.53224e-06
-2.78994e-06
-2.92967e-06
-2.95215e-06
-2.86413e-06
-2.67389e-06
-2.38833e-06
-2.01273e-06
-1.55243e-06
-1.01659e-06
-4.22528e-07
2.01485e-07
8.14747e-07
1.35734e-06
1.79155e-06
2.08104e-06
2.21452e-06
2.20954e-06
2.0835e-06
1.83482e-06
-5.83585e-07
-6.12813e-07
-6.31915e-07
-6.45049e-07
-6.53996e-07
-6.58555e-07
-6.5857e-07
-6.53957e-07
-6.44501e-07
-6.29831e-07
-6.09455e-07
-5.82823e-07
-5.49479e-07
-5.09374e-07
-4.634e-07
-4.14246e-07
-3.67834e-07
-3.35293e-07
-3.35214e-07
-3.95754e-07
-5.58949e-07
-8.63186e-07
-1.2992e-06
-1.79076e-06
-2.24971e-06
-2.62408e-06
-2.88494e-06
-3.0233e-06
-3.04267e-06
-2.95218e-06
-2.76145e-06
-2.4776e-06
-2.10488e-06
-1.64661e-06
-1.10916e-06
-5.06785e-07
1.35341e-07
7.80605e-07
1.36247e-06
1.83839e-06
2.17119e-06
2.33941e-06
2.35602e-06
2.23654e-06
1.97762e-06
-6.51272e-07
-6.82744e-07
-7.03442e-07
-7.17885e-07
-7.27913e-07
-7.33264e-07
-7.33756e-07
-7.29289e-07
-7.19606e-07
-7.04266e-07
-6.82663e-07
-6.54078e-07
-6.17818e-07
-5.73561e-07
-5.21916e-07
-4.65296e-07
-4.09505e-07
-3.65924e-07
-3.5415e-07
-4.04296e-07
-5.60138e-07
-8.64295e-07
-1.3104e-06
-1.81394e-06
-2.28098e-06
-2.65721e-06
-2.91408e-06
-3.0447e-06
-3.05503e-06
-2.95617e-06
-2.75885e-06
-2.47035e-06
-2.09428e-06
-1.63266e-06
-1.08987e-06
-4.77825e-07
1.80108e-07
8.4865e-07
1.4706e-06
1.98448e-06
2.35529e-06
2.55676e-06
2.59633e-06
2.48686e-06
2.22224e-06
-7.23919e-07
-7.57834e-07
-7.80195e-07
-7.95917e-07
-8.0691e-07
-8.12845e-07
-8.13527e-07
-8.08851e-07
-7.98537e-07
-7.82082e-07
-7.5878e-07
-7.27754e-07
-6.8805e-07
-6.39047e-07
-5.8106e-07
-5.16143e-07
-4.49884e-07
-3.93747e-07
-3.68066e-07
-4.04684e-07
-5.48763e-07
-8.46837e-07
-1.29558e-06
-1.80347e-06
-2.27146e-06
-2.64313e-06
-2.89041e-06
-3.00818e-06
-3.00435e-06
-2.89152e-06
-2.68116e-06
-2.38067e-06
-1.99333e-06
-1.52048e-06
-9.65399e-07
-3.38575e-07
3.37671e-07
1.02831e-06
1.68699e-06
2.23739e-06
2.6429e-06
2.87678e-06
2.94065e-06
2.84457e-06
2.57861e-06
-8.01333e-07
-8.37933e-07
-8.62036e-07
-8.78994e-07
-8.90798e-07
-8.97059e-07
-8.97583e-07
-8.92284e-07
-8.80878e-07
-8.62828e-07
-8.37349e-07
-8.03425e-07
-7.5982e-07
-7.0558e-07
-6.40759e-07
-5.66965e-07
-4.89492e-07
-4.19755e-07
-3.78571e-07
-3.99139e-07
-5.28316e-07
-8.15925e-07
-1.26139e-06
-1.76708e-06
-2.23028e-06
-2.5926e-06
-2.82605e-06
-2.92688e-06
-2.90446e-06
-2.77239e-06
-2.54254e-06
-2.22234e-06
-1.81491e-06
-1.32142e-06
-7.44957e-07
-9.55377e-08
6.05354e-07
1.32332e-06
2.01232e-06
2.60123e-06
3.04173e-06
3.30754e-06
3.39669e-06
3.3172e-06
3.05388e-06
-8.83477e-07
-9.2303e-07
-9.48954e-07
-9.67072e-07
-9.7948e-07
-9.85737e-07
-9.85675e-07
-9.79261e-07
-9.66245e-07
-9.46079e-07
-9.17925e-07
-8.80701e-07
-8.32844e-07
-7.72971e-07
-7.01002e-07
-6.17996e-07
-5.28885e-07
-4.44939e-07
-3.8728e-07
-3.90122e-07
-5.02124e-07
-7.7574e-07
-1.21303e-06
-1.71201e-06
-2.1661e-06
-2.51526e-06
-2.73152e-06
-2.81209e-06
-2.76724e-06
-2.61107e-06
-2.3555e-06
-2.00787e-06
-1.57129e-06
-1.04717e-06
-4.39025e-07
2.42873e-07
9.7715e-07
1.72844e-06
2.44765e-06
3.07878e-06
3.55463e-06
3.8542e-06
3.96936e-06
3.9096e-06
3.65196e-06
-9.70471e-07
-1.01326e-06
-1.04107e-06
-1.06022e-06
-1.07294e-06
-1.07877e-06
-1.07759e-06
-1.06947e-06
-1.05425e-06
-1.03141e-06
-1.00005e-06
-9.59163e-07
-9.06817e-07
-8.41062e-07
-7.61782e-07
-6.69461e-07
-5.68578e-07
-4.70192e-07
-3.95574e-07
-3.79716e-07
-4.72983e-07
-7.30017e-07
-1.1555e-06
-1.64426e-06
-2.0859e-06
-2.41904e-06
-2.61552e-06
-2.67312e-06
-2.60251e-06
-2.41782e-06
-2.13075e-06
-1.74835e-06
-1.27379e-06
-7.09006e-07
-5.84625e-08
6.66552e-07
1.44387e-06
2.23754e-06
2.99748e-06
3.66385e-06
4.17731e-06
4.5203e-06
4.66085e-06
4.62487e-06
4.37357e-06
-1.0626e-06
-1.10892e-06
-1.13864e-06
-1.15861e-06
-1.17125e-06
-1.17608e-06
-1.17312e-06
-1.1626e-06
-1.1445e-06
-1.11836e-06
-1.08328e-06
-1.03841e-06
-9.81315e-07
-9.09591e-07
-8.2305e-07
-7.21511e-07
-6.08982e-07
-4.96237e-07
-4.04503e-07
-3.69643e-07
-4.43164e-07
-6.81856e-07
-1.09292e-06
-1.56863e-06
-1.99533e-06
-2.31029e-06
-2.48501e-06
-2.51742e-06
-2.41818e-06
-2.20107e-06
-1.87722e-06
-1.4533e-06
-9.32515e-07
-3.17482e-07
3.86042e-07
1.16514e-06
1.99605e-06
2.84146e-06
3.65021e-06
4.36119e-06
4.91774e-06
5.29473e-06
5.46796e-06
5.46259e-06
5.21863e-06
-1.16033e-06
-1.21046e-06
-1.24206e-06
-1.26254e-06
-1.27454e-06
-1.27764e-06
-1.27205e-06
-1.25827e-06
-1.23649e-06
-1.20644e-06
-1.16724e-06
-1.11792e-06
-1.05568e-06
-9.78305e-07
-8.8468e-07
-7.74192e-07
-6.50364e-07
-5.23583e-07
-4.15008e-07
-3.61068e-07
-4.14418e-07
-6.33648e-07
-1.02841e-06
-1.48894e-06
-1.89883e-06
-2.19398e-06
-2.34537e-06
-2.35081e-06
-2.22053e-06
-1.9676e-06
-1.60236e-06
-1.1309e-06
-5.56436e-07
1.17684e-07
8.842e-07
1.72817e-06
2.62364e-06
3.53124e-06
4.39823e-06
5.16196e-06
5.76466e-06
6.18148e-06
6.39157e-06
6.40839e-06
6.19103e-06
-1.26428e-06
-1.31851e-06
-1.35187e-06
-1.37238e-06
-1.38299e-06
-1.3834e-06
-1.37412e-06
-1.35604e-06
-1.32967e-06
-1.29496e-06
-1.25116e-06
-1.19702e-06
-1.12963e-06
-1.04681e-06
-9.46381e-07
-8.27403e-07
-6.92815e-07
-5.52544e-07
-4.27634e-07
-3.54877e-07
-3.88006e-07
-5.87133e-07
-9.64256e-07
-1.40806e-06
-1.79974e-06
-2.07385e-06
-2.20073e-06
-2.17775e-06
-2.01442e-06
-1.72283e-06
-1.31229e-06
-7.88136e-07
-1.53494e-07
5.87556e-07
1.42618e-06
2.3452e-06
3.316e-06
4.29652e-06
5.23173e-06
6.05812e-06
6.71345e-06
7.17185e-06
7.42013e-06
7.45947e-06
7.28445e-06
-1.37531e-06
-1.4339e-06
-1.46878e-06
-1.48864e-06
-1.49683e-06
-1.49329e-06
-1.47901e-06
-1.45538e-06
-1.42335e-06
-1.38318e-06
-1.3342e-06
-1.27499e-06
-1.20268e-06
-1.11453e-06
-1.00776e-06
-8.80902e-07
-7.36236e-07
-5.83235e-07
-4.4265e-07
-3.51612e-07
-3.64749e-07
-5.435e-07
-9.02081e-07
-1.32806e-06
-1.70049e-06
-1.95265e-06
-2.05411e-06
-2.00161e-06
-1.80366e-06
-1.47112e-06
-1.01207e-06
-4.30984e-07
2.69242e-07
1.08389e-06
2.0026e-06
3.00584e-06
4.06216e-06
5.12635e-06
6.14054e-06
7.039e-06
7.75424e-06
8.26004e-06
8.55236e-06
8.62167e-06
8.48315e-06
-1.49447e-06
-1.55767e-06
-1.59367e-06
-1.6119e-06
-1.61628e-06
-1.6072e-06
-1.58628e-06
-1.55563e-06
-1.51676e-06
-1.47025e-06
-1.41557e-06
-1.35115e-06
-1.27403e-06
-1.18087e-06
-1.06832e-06
-9.34308e-07
-7.80394e-07
-6.15529e-07
-4.60113e-07
-3.5151e-07
-3.45096e-07
-5.03482e-07
-8.42956e-07
-1.25033e-06
-1.60278e-06
-1.83235e-06
-1.90775e-06
-1.82492e-06
-1.59115e-06
-1.21592e-06
-7.05929e-07
-6.46238e-08
7.05438e-07
1.59905e-06
2.60442e-06
3.6998e-06
4.8508e-06
6.00885e-06
7.11273e-06
8.09353e-06
8.87715e-06
9.43646e-06
9.77958e-06
9.88669e-06
9.78541e-06
-1.62313e-06
-1.69113e-06
-1.7276e-06
-1.74283e-06
-1.74159e-06
-1.72493e-06
-1.69542e-06
-1.65604e-06
-1.60898e-06
-1.55526e-06
-1.49439e-06
-1.42466e-06
-1.34287e-06
-1.24515e-06
-1.12749e-06
-9.87131e-07
-8.24902e-07
-6.49143e-07
-4.7987e-07
-3.54552e-07
-3.29198e-07
-4.67447e-07
-7.87514e-07
-1.17577e-06
-1.50775e-06
-1.7143e-06
-1.76322e-06
-1.64953e-06
-1.37916e-06
-9.60044e-07
-3.97403e-07
3.06434e-07
1.14937e-06
2.12586e-06
3.22294e-06
4.4168e-06
5.67025e-06
6.93134e-06
8.13502e-06
9.20853e-06
1.00717e-05
1.06889e-05
1.10861e-05
1.12373e-05
1.11832e-05
-1.76299e-06
-1.83591e-06
-1.87184e-06
-1.88219e-06
-1.87292e-06
-1.84616e-06
-1.80572e-06
-1.75572e-06
-1.69904e-06
-1.6372e-06
-1.56971e-06
-1.49464e-06
-1.40845e-06
-1.30668e-06
-1.18463e-06
-1.03882e-06
-8.69269e-07
-6.83675e-07
-5.01602e-07
-3.60527e-07
-3.16975e-07
-4.35482e-07
-7.36059e-07
-1.10491e-06
-1.41613e-06
-1.59941e-06
-1.62166e-06
-1.47684e-06
-1.16942e-06
-7.05753e-07
-8.94859e-08
6.78225e-07
1.59583e-06
2.65764e-06
3.84974e-06
5.14661e-06
6.50859e-06
7.88042e-06
9.19277e-06
1.0368e-05
1.13242e-05
1.20101e-05
1.24622e-05
1.26642e-05
1.26619e-05
-1.9162e-06
-1.99403e-06
-2.02792e-06
-2.03079e-06
-2.0104e-06
-1.97038e-06
-1.91635e-06
-1.85361e-06
-1.7859e-06
-1.71508e-06
-1.64061e-06
-1.56026e-06
-1.47002e-06
-1.36479e-06
-1.23913e-06
-1.0888e-06
-9.12958e-07
-7.18637e-07
-5.24877e-07
-3.6908e-07
-3.08172e-07
-4.07472e-07
-6.8865e-07
-1.03799e-06
-1.32832e-06
-1.48829e-06
-1.48384e-06
-1.30787e-06
-9.63318e-07
-4.5491e-07
2.15267e-07
1.04725e-06
2.04008e-06
3.18808e-06
4.47671e-06
5.87915e-06
7.35371e-06
8.84225e-06
1.02709e-05
1.15562e-05
1.2616e-05
1.33892e-05
1.38977e-05
1.41579e-05
1.42134e-05
-2.08555e-06
-2.168e-06
-2.19759e-06
-2.18945e-06
-2.15397e-06
-2.09696e-06
-2.02632e-06
-1.94856e-06
-1.86847e-06
-1.78791e-06
-1.70625e-06
-1.62079e-06
-1.52693e-06
-1.41889e-06
-1.29043e-06
-1.13651e-06
-9.55428e-07
-7.53501e-07
-5.492e-07
-3.7977e-07
-3.02425e-07
-3.83161e-07
-6.45186e-07
-9.75052e-07
-1.24455e-06
-1.38129e-06
-1.35031e-06
-1.14339e-06
-7.61923e-07
-2.09052e-07
5.1467e-07
1.41041e-06
2.47782e-06
3.71137e-06
5.09614e-06
6.60453e-06
8.19348e-06
9.80263e-06
1.13544e-05
1.27592e-05
1.39303e-05
1.48041e-05
1.53798e-05
1.57059e-05
1.58282e-05
-2.27462e-06
-2.36093e-06
-2.38287e-06
-2.35896e-06
-2.30337e-06
-2.22507e-06
-2.13442e-06
-2.03943e-06
-1.94565e-06
-1.85478e-06
-1.76588e-06
-1.6756e-06
-1.57865e-06
-1.46848e-06
-1.33805e-06
-1.18147e-06
-9.96176e-07
-7.87754e-07
-5.74059e-07
-3.92109e-07
-2.99305e-07
-3.6221e-07
-6.05455e-07
-9.16035e-07
-1.16488e-06
-1.27861e-06
-1.22143e-06
-9.83951e-07
-5.6609e-07
3.05511e-08
8.06855e-07
1.76502e-06
2.90521e-06
4.22213e-06
5.70076e-06
7.3132e-06
9.0158e-06
1.07469e-05
1.24262e-05
1.3959e-05
1.52515e-05
1.62347e-05
1.6892e-05
1.72933e-05
1.74944e-05
-2.48815e-06
-2.57665e-06
-2.586e-06
-2.53993e-06
-2.45815e-06
-2.3536e-06
-2.2393e-06
-2.12504e-06
-2.01645e-06
-1.91495e-06
-1.81893e-06
-1.72426e-06
-1.62482e-06
-1.51324e-06
-1.38163e-06
-1.22329e-06
-1.03477e-06
-8.20924e-07
-5.98965e-07
-4.05613e-07
-2.98359e-07
-3.44237e-07
-5.69185e-07
-8.60784e-07
-1.08928e-06
-1.18037e-06
-1.09743e-06
-8.29987e-07
-3.76496e-07
2.6285e-07
1.09024e-06
2.10872e-06
3.31886e-06
4.71557e-06
6.28392e-06
7.99616e-06
9.8089e-06
1.16604e-05
1.34689e-05
1.51352e-05
1.6558e-05
1.76608e-05
1.84184e-05
1.89052e-05
1.92014e-05
-2.7325e-06
-2.81987e-06
-2.80933e-06
-2.73268e-06
-2.61739e-06
-2.48105e-06
-2.33969e-06
-2.20423e-06
-2.08005e-06
-1.96786e-06
-1.86507e-06
-1.76655e-06
-1.66526e-06
-1.55298e-06
-1.42095e-06
-1.2617e-06
-1.07088e-06
-8.52617e-07
-6.23476e-07
-4.1982e-07
-2.99141e-07
-3.28847e-07
-5.36075e-07
-8.09103e-07
-1.01765e-06
-1.08657e-06
-9.78475e-07
-6.81799e-07
-1.93669e-07
4.86992e-07
1.36351e-06
2.43954e-06
3.71586e-06
5.18749e-06
6.83966e-06
8.64517e-06
1.05616e-05
1.25285e-05
1.44641e-05
1.6267e-05
1.78281e-05
1.90613e-05
1.99356e-05
2.05244e-05
2.09378e-05
-3.01639e-06
-3.09626e-06
-3.0552e-06
-2.93698e-06
-2.77963e-06
-2.60579e-06
-2.43417e-06
-2.27602e-06
-2.13589e-06
-2.01324e-06
-1.90419e-06
-1.80245e-06
-1.69999e-06
-1.58769e-06
-1.45596e-06
-1.29655e-06
-1.10427e-06
-8.82523e-07
-6.47221e-07
-4.34322e-07
-3.0124e-07
-3.1566e-07
-5.05817e-07
-7.60774e-07
-9.49887e-07
-9.97196e-07
-8.64629e-07
-5.39601e-07
-1.80153e-08
7.023e-07
1.62559e-06
2.75587e-06
4.0938e-06
5.63438e-06
7.36291e-06
9.25295e-06
1.12638e-05
1.33372e-05
1.53939e-05
1.7332e-05
1.90371e-05
2.0413e-05
2.14173e-05
2.21292e-05
2.26915e-05
-3.35204e-06
-3.41245e-06
-3.32553e-06
-3.15181e-06
-2.94294e-06
-2.72598e-06
-2.52138e-06
-2.33966e-06
-2.18365e-06
-2.05106e-06
-1.93643e-06
-1.83218e-06
-1.7292e-06
-1.61751e-06
-1.48672e-06
-1.32781e-06
-1.13481e-06
-9.10427e-07
-6.69908e-07
-4.48773e-07
-3.04287e-07
-3.04325e-07
-4.78114e-07
-7.15574e-07
-8.85827e-07
-9.12171e-07
-7.55921e-07
-4.0353e-07
1.50171e-07
9.08256e-07
1.87567e-06
3.05644e-06
4.45081e-06
6.05345e-06
7.84955e-06
9.81343e-06
1.19064e-05
1.40737e-05
1.62402e-05
1.83069e-05
2.01569e-05
2.16856e-05
2.28354e-05
2.36951e-05
2.44513e-05
-3.75681e-06
-3.77563e-06
-3.62031e-06
-3.37622e-06
-3.10476e-06
-2.8396e-06
-2.60018e-06
-2.3947e-06
-2.22336e-06
-2.08162e-06
-1.9622e-06
-1.85613e-06
-1.75325e-06
-1.64273e-06
-1.5134e-06
-1.35557e-06
-1.16249e-06
-9.36206e-07
-6.91326e-07
-4.62896e-07
-3.07969e-07
-2.94528e-07
-4.52691e-07
-6.73284e-07
-8.25318e-07
-8.31407e-07
-6.5233e-07
-2.73659e-07
3.10695e-07
1.1045e-06
2.11316e-06
3.34034e-06
4.78552e-06
6.44268e-06
8.29652e-06
1.03219e-05
1.24822e-05
1.47269e-05
1.69866e-05
1.91683e-05
2.11569e-05
2.28434e-05
2.41541e-05
2.51908e-05
2.62072e-05
-4.2557e-06
-4.19328e-06
-3.93928e-06
-3.60584e-06
-3.26186e-06
-2.94468e-06
-2.66971e-06
-2.44106e-06
-2.2554e-06
-2.10548e-06
-1.98209e-06
-1.87487e-06
-1.77262e-06
-1.66372e-06
-1.53629e-06
-1.37999e-06
-1.18736e-06
-9.59813e-07
-7.11338e-07
-4.7648e-07
-3.12028e-07
-2.85997e-07
-4.29297e-07
-6.33697e-07
-7.68201e-07
-7.54798e-07
-5.53805e-07
-1.50005e-07
4.63447e-07
1.2908e-06
2.33768e-06
3.607e-06
5.09708e-06
6.80079e-06
8.70188e-06
1.07752e-05
1.2986e-05
1.52877e-05
1.76182e-05
1.98933e-05
2.20044e-05
2.38453e-05
2.53272e-05
2.65734e-05
2.79495e-05
-4.88391e-06
-4.66851e-06
-4.27984e-06
-3.83555e-06
-3.4105e-06
-3.03941e-06
-2.72954e-06
-2.4791e-06
-2.28046e-06
-2.12343e-06
-1.99687e-06
-1.88907e-06
-1.78789e-06
-1.68094e-06
-1.55571e-06
-1.4013e-06
-1.20954e-06
-9.81268e-07
-7.2987e-07
-4.89375e-07
-3.1626e-07
-2.78501e-07
-4.07712e-07
-5.9662e-07
-7.14316e-07
-6.82224e-07
-4.60273e-07
-3.25488e-08
6.0838e-07
1.46704e-06
2.54901e-06
3.8561e-06
5.38504e-06
7.12715e-06
9.06461e-06
1.11717e-05
1.34144e-05
1.57499e-05
1.81231e-05
2.04607e-05
2.26656e-05
2.46428e-05
2.62939e-05
2.77799e-05
2.96628e-05
-5.68968e-06
-5.19701e-06
-4.63091e-06
-4.05842e-06
-3.5466e-06
-3.12224e-06
-2.77966e-06
-2.50952e-06
-2.29948e-06
-2.13644e-06
-2.00742e-06
-1.8995e-06
-1.79967e-06
-1.6949e-06
-1.57208e-06
-1.41977e-06
-1.22921e-06
-1.00064e-06
-7.469e-07
-5.01479e-07
-3.20506e-07
-2.71851e-07
-3.8774e-07
-5.6187e-07
-6.63503e-07
-6.13553e-07
-3.71637e-07
7.87565e-08
7.45478e-07
1.63312e-06
2.74701e-06
4.08745e-06
5.64916e-06
7.4215e-06
9.38437e-06
1.15105e-05
1.37658e-05
1.61096e-05
1.84924e-05
2.08522e-05
2.31062e-05
2.51807e-05
2.69745e-05
2.87116e-05
3.13075e-05
-6.71878e-06
-5.76988e-06
-4.97654e-06
-4.26511e-06
-3.66592e-06
-3.19207e-06
-2.82051e-06
-2.53334e-06
-2.31362e-06
-2.14559e-06
-2.01469e-06
-1.90698e-06
-1.80867e-06
-1.70617e-06
-1.58583e-06
-1.43576e-06
-1.2466e-06
-1.01807e-06
-7.62468e-07
-5.12744e-07
-3.24654e-07
-2.65893e-07
-3.69214e-07
-5.2928e-07
-6.15593e-07
-5.48616e-07
-2.87726e-07
1.84086e-07
8.74923e-07
1.78926e-06
2.93192e-06
4.30134e-06
5.88989e-06
7.68441e-06
9.66192e-06
1.17927e-05
1.40408e-05
1.63658e-05
1.87213e-05
2.10536e-05
2.32943e-05
2.53979e-05
2.72683e-05
2.92296e-05
3.2819e-05
-8.07263e-06
-6.37157e-06
-5.29434e-06
-4.44573e-06
-3.76604e-06
-3.24964e-06
-2.85388e-06
-2.55242e-06
-2.32449e-06
-2.15219e-06
-2.01972e-06
-1.91229e-06
-1.81551e-06
-1.71524e-06
-1.5974e-06
-1.44961e-06
-1.26201e-06
-1.0338e-06
-7.76725e-07
-5.23226e-07
-3.28657e-07
-2.60515e-07
-3.52003e-07
-4.98727e-07
-5.70448e-07
-4.8721e-07
-2.08206e-07
2.83973e-07
9.9753e-07
1.93664e-06
3.10546e-06
4.50016e-06
6.1104e-06
7.9201e-06
9.90266e-06
1.20248e-05
1.42473e-05
1.65272e-05
1.88169e-05
2.10651e-05
2.32118e-05
2.52367e-05
2.70556e-05
2.91678e-05
3.41737e-05
-9.87036e-06
-6.97012e-06
-5.55214e-06
-4.59163e-06
-3.84924e-06
-3.29941e-06
-2.88391e-06
-2.56994e-06
-2.33424e-06
-2.15753e-06
-2.02315e-06
-1.91567e-06
-1.82013e-06
-1.72195e-06
-1.60656e-06
-1.46118e-06
-1.27538e-06
-1.04782e-06
-7.89734e-07
-5.32953e-07
-3.32489e-07
-2.55615e-07
-3.36023e-07
-4.70222e-07
-5.28168e-07
-4.29452e-07
-1.33103e-07
3.78603e-07
1.11385e-06
2.07639e-06
3.26956e-06
4.68705e-06
6.31554e-06
8.13572e-06
1.01167e-05
1.22208e-05
1.44039e-05
1.66175e-05
1.88083e-05
2.09177e-05
2.2878e-05
2.46643e-05
2.61844e-05
2.8211e-05
3.49621e-05
-1.1394e-05
-7.35626e-06
-5.68952e-06
-4.68387e-06
-3.91153e-06
-3.34032e-06
-2.91002e-06
-2.58541e-06
-2.34244e-06
-2.16125e-06
-2.02467e-06
-1.91679e-06
-1.82218e-06
-1.72584e-06
-1.61278e-06
-1.4698e-06
-1.28598e-06
-1.05947e-06
-8.00937e-07
-5.41562e-07
-3.35968e-07
-2.51043e-07
-3.2103e-07
-4.43492e-07
-4.88718e-07
-3.75932e-07
-6.40679e-08
4.64832e-07
1.21882e-06
2.20116e-06
3.4143e-06
4.84942e-06
6.49022e-06
8.3141e-06
1.02858e-05
1.23626e-05
1.44945e-05
1.66257e-05
1.86926e-05
2.06201e-05
2.23066e-05
2.36597e-05
2.44681e-05
2.54688e-05
3.15333e-05
)
;

boundaryField
{
    inlet
    {
        type            uniformJump;
        patchType       cyclic;
        jump            uniform -2.5e-05;
        value           nonuniform List<scalar> 
40
(
6.34793e-07
6.47176e-07
6.59806e-07
6.72029e-07
6.85108e-07
7.00563e-07
7.2099e-07
7.50981e-07
7.97632e-07
8.70455e-07
9.80638e-07
1.1404e-06
1.36342e-06
1.66597e-06
2.06729e-06
2.58778e-06
3.24535e-06
4.05031e-06
4.99966e-06
6.06427e-06
7.1319e-06
8.04399e-06
8.71022e-06
9.18893e-06
9.52451e-06
9.74988e-06
9.89597e-06
9.98704e-06
1.00413e-05
1.00719e-05
1.00878e-05
1.0095e-05
1.00972e-05
1.0097e-05
1.00958e-05
1.00944e-05
1.00933e-05
1.00923e-05
1.00917e-05
1.00914e-05
)
;
        jumpTable       table;
        jumpTableCoeffs
        {
            values          
4
(
(0 -2.5e-05)
(25 -2.5e-05)
(25.5 -0.0001)
(26 -2.5e-05)
)
;
        }
    }
    outlet
    {
        type            uniformJump;
        patchType       cyclic;
        value           nonuniform List<scalar> 
40
(
-2.43652e-05
-2.43528e-05
-2.43402e-05
-2.4328e-05
-2.43149e-05
-2.42994e-05
-2.4279e-05
-2.4249e-05
-2.42024e-05
-2.41295e-05
-2.40194e-05
-2.38596e-05
-2.36366e-05
-2.3334e-05
-2.29327e-05
-2.24122e-05
-2.17547e-05
-2.09497e-05
-2.00003e-05
-1.89357e-05
-1.78681e-05
-1.6956e-05
-1.62898e-05
-1.58111e-05
-1.54755e-05
-1.52501e-05
-1.5104e-05
-1.5013e-05
-1.49587e-05
-1.49281e-05
-1.49122e-05
-1.4905e-05
-1.49028e-05
-1.4903e-05
-1.49042e-05
-1.49056e-05
-1.49067e-05
-1.49077e-05
-1.49083e-05
-1.49086e-05
)
;
    }
    Walls
    {
        type            zeroGradient;
    }
    back
    {
        type            empty;
    }
    front
    {
        type            empty;
    }
}


// ************************************************************************* //
