/*--------------------------------*- C++ -*----------------------------------*\
| =========                 |                                                 |
| \\      /  F ield         | OpenFOAM: The Open Source CFD Toolbox           |
|  \\    /   O peration     | Version:  2312                                  |
|   \\  /    A nd           | Website:  www.openfoam.com                      |
|    \\/     M anipulation  |                                                 |
\*---------------------------------------------------------------------------*/
FoamFile
{
    version     2.0;
    format      ascii;
    arch        "LSB;label=32;scalar=64";
    class       volScalarField;
    location    "147";
    object      p;
}
// * * * * * * * * * * * * * * * * * * * * * * * * * * * * * * * * * * * * * //

dimensions      [0 2 -2 0 0 0 0];

internalField   nonuniform List<scalar> 
4800
(
-2.75977e-13
-1.49571e-06
-2.68741e-06
-3.65313e-06
-4.44793e-06
-5.11202e-06
-5.67084e-06
-6.15545e-06
-6.57839e-06
-6.95049e-06
-7.28232e-06
-7.57722e-06
-7.83085e-06
-8.27352e-06
-9.82269e-06
1.88137e-08
-1.47461e-06
-2.66531e-06
-3.63099e-06
-4.42647e-06
-5.09243e-06
-5.65393e-06
-6.14284e-06
-6.57173e-06
-6.95304e-06
-7.30238e-06
-7.6361e-06
-7.96915e-06
-8.4078e-06
-9.19044e-06
3.85078e-08
-1.45245e-06
-2.64212e-06
-3.60785e-06
-4.40423e-06
-5.07196e-06
-5.63578e-06
-6.12715e-06
-6.56084e-06
-6.949e-06
-7.30826e-06
-7.65614e-06
-8.00158e-06
-8.35471e-06
-8.69571e-06
5.82465e-08
-1.4298e-06
-2.61808e-06
-3.58349e-06
-4.38038e-06
-5.04923e-06
-5.61523e-06
-6.10695e-06
-6.54264e-06
-6.93246e-06
-7.28973e-06
-7.6243e-06
-7.92962e-06
-8.17742e-06
-8.30273e-06
7.95721e-08
-1.4049e-06
-2.59128e-06
-3.55587e-06
-4.3527e-06
-5.02175e-06
-5.58922e-06
-6.07934e-06
-6.51262e-06
-6.89736e-06
-7.24069e-06
-7.54358e-06
-7.78915e-06
-7.94191e-06
-7.95064e-06
1.03849e-07
-1.37636e-06
-2.56022e-06
-3.52334e-06
-4.31929e-06
-4.9873e-06
-5.55384e-06
-6.04051e-06
-6.46619e-06
-6.83752e-06
-7.15603e-06
-7.41629e-06
-7.59965e-06
-7.67894e-06
-7.6283e-06
1.3315e-07
-1.34213e-06
-2.52277e-06
-3.48353e-06
-4.27739e-06
-4.94262e-06
-5.50508e-06
-5.9849e-06
-6.39753e-06
-6.74746e-06
-7.03308e-06
-7.24694e-06
-7.37509e-06
-7.40394e-06
-7.32746e-06
1.71261e-07
-1.29858e-06
-2.47518e-06
-3.43246e-06
-4.22255e-06
-4.88268e-06
-5.43769e-06
-5.90596e-06
-6.2999e-06
-6.62259e-06
-6.87177e-06
-7.04204e-06
-7.12698e-06
-7.12485e-06
-7.04074e-06
2.24295e-07
-1.23975e-06
-2.41144e-06
-3.36385e-06
-4.14813e-06
-4.80033e-06
-5.3442e-06
-5.79631e-06
-6.16706e-06
-6.45964e-06
-6.67348e-06
-6.80751e-06
-6.86244e-06
-6.84428e-06
-6.76276e-06
3.00828e-07
-1.15707e-06
-2.3228e-06
-3.26872e-06
-4.04484e-06
-4.68607e-06
-5.21524e-06
-5.64765e-06
-5.99301e-06
-6.25601e-06
-6.43939e-06
-6.5467e-06
-6.5838e-06
-6.56064e-06
-6.488e-06
4.11384e-07
-1.03949e-06
-2.19777e-06
-3.13524e-06
-3.90074e-06
-4.52818e-06
-5.03991e-06
-5.45096e-06
-5.7716e-06
-6.00866e-06
-6.16885e-06
-6.25932e-06
-6.2889e-06
-6.26882e-06
-6.20929e-06
5.67697e-07
-8.74088e-07
-2.02261e-06
-2.94922e-06
-3.70169e-06
-4.3132e-06
-4.80617e-06
-5.19639e-06
-5.49608e-06
-5.71301e-06
-5.85829e-06
-5.94112e-06
-5.97149e-06
-5.96047e-06
-5.91705e-06
7.82773e-07
-6.46124e-07
-1.78156e-06
-2.69444e-06
-3.43176e-06
-4.02631e-06
-4.50102e-06
-4.87278e-06
-5.15496e-06
-5.36123e-06
-5.50039e-06
-5.5837e-06
-5.62151e-06
-5.62404e-06
-5.59907e-06
1.07151e-06
-3.38321e-07
-1.45615e-06
-2.35213e-06
-3.07274e-06
-3.65073e-06
-4.10988e-06
-4.46846e-06
-4.74164e-06
-4.94287e-06
-5.08344e-06
-5.17422e-06
-5.2249e-06
-5.24462e-06
-5.24009e-06
1.45043e-06
6.91104e-08
-1.02499e-06
-1.90047e-06
-2.60337e-06
-3.16653e-06
-3.61425e-06
-3.96559e-06
-4.23631e-06
-4.44021e-06
-4.58915e-06
-4.69349e-06
-4.76188e-06
-4.80222e-06
-4.82037e-06
1.93603e-06
5.96764e-07
-4.6528e-07
-1.31578e-06
-2e-06
-2.55057e-06
-2.99171e-06
-3.34229e-06
-3.61759e-06
-3.83096e-06
-3.99395e-06
-4.11685e-06
-4.20725e-06
-4.27167e-06
-4.31519e-06
2.54181e-06
1.26276e-06
2.43787e-07
-5.75995e-07
-1.23984e-06
-1.77942e-06
-2.21818e-06
-2.57399e-06
-2.86087e-06
-3.09057e-06
-3.2728e-06
-3.41876e-06
-3.53528e-06
-3.62743e-06
-3.69945e-06
3.2744e-06
2.07804e-06
1.11597e-06
3.34269e-07
-3.06382e-07
-8.35204e-07
-1.27364e-06
-1.63803e-06
-1.94114e-06
-2.19214e-06
-2.40094e-06
-2.57542e-06
-2.72326e-06
-2.8482e-06
-2.95345e-06
4.12948e-06
3.04037e-06
2.15113e-06
1.41665e-06
8.03314e-07
2.86273e-07
-1.52475e-07
-5.2621e-07
-8.4551e-07
-1.12077e-06
-1.36004e-06
-1.56803e-06
-1.75037e-06
-1.91164e-06
-2.05506e-06
5.08549e-06
4.12574e-06
3.32432e-06
2.6464e-06
2.06562e-06
1.56231e-06
1.12237e-06
7.3689e-07
3.98943e-07
1.01367e-07
-1.63248e-07
-4.021e-07
-6.18658e-07
-8.16204e-07
-9.98224e-07
6.05349e-06
5.22895e-06
4.52054e-06
3.90354e-06
3.35875e-06
2.87219e-06
2.43456e-06
2.03783e-06
1.67555e-06
1.34794e-06
1.05267e-06
7.81584e-07
5.26854e-07
2.86564e-07
5.89561e-08
6.88243e-06
6.17465e-06
5.54815e-06
4.9863e-06
4.47636e-06
4.00919e-06
3.57803e-06
3.17952e-06
2.81015e-06
2.4608e-06
2.12759e-06
1.81494e-06
1.52394e-06
1.24694e-06
9.79074e-07
7.51837e-06
6.89658e-06
6.33012e-06
5.80855e-06
5.32357e-06
4.86949e-06
4.44203e-06
4.03738e-06
3.65226e-06
3.28414e-06
2.9343e-06
2.60095e-06
2.28153e-06
1.97203e-06
1.66996e-06
7.98367e-06
7.4252e-06
6.9034e-06
6.41232e-06
5.947e-06
5.5039e-06
5.08016e-06
4.6737e-06
4.28295e-06
3.90682e-06
3.54257e-06
3.18945e-06
2.84523e-06
2.5083e-06
2.17746e-06
8.31499e-06
7.80308e-06
7.31517e-06
6.84816e-06
6.39913e-06
5.96599e-06
5.5471e-06
5.14079e-06
4.74532e-06
4.35924e-06
3.98144e-06
3.61083e-06
3.24633e-06
2.88716e-06
2.53244e-06
8.5436e-06
8.06625e-06
7.60434e-06
7.15626e-06
6.72029e-06
6.29519e-06
5.87954e-06
5.47187e-06
5.07114e-06
4.67656e-06
4.28739e-06
3.90282e-06
3.52226e-06
3.14512e-06
2.77075e-06
8.69597e-06
8.2446e-06
7.80258e-06
7.36906e-06
6.943e-06
6.52361e-06
6.10984e-06
5.70074e-06
5.29568e-06
4.89449e-06
4.49624e-06
4.1005e-06
3.70687e-06
3.315e-06
2.92451e-06
8.79403e-06
8.36243e-06
7.93564e-06
7.51325e-06
7.09472e-06
6.67965e-06
6.26741e-06
5.85744e-06
5.44887e-06
5.04202e-06
4.63623e-06
4.23125e-06
3.82686e-06
3.42291e-06
3.01923e-06
8.85498e-06
8.43871e-06
8.02377e-06
7.6101e-06
7.19754e-06
6.78589e-06
6.37478e-06
5.96427e-06
5.55248e-06
5.14085e-06
4.72876e-06
4.31613e-06
3.90287e-06
3.48901e-06
3.0745e-06
8.89174e-06
8.48764e-06
8.08215e-06
7.6755e-06
7.26776e-06
6.85878e-06
6.44827e-06
6.03589e-06
5.62259e-06
5.20711e-06
4.78979e-06
4.37079e-06
3.95015e-06
3.52803e-06
3.10452e-06
8.91354e-06
8.51934e-06
8.12155e-06
7.72066e-06
7.31684e-06
6.91001e-06
6.50004e-06
6.08681e-06
5.67119e-06
5.25236e-06
4.83061e-06
4.40619e-06
3.9793e-06
3.5502e-06
3.11909e-06
8.92663e-06
8.54065e-06
8.14925e-06
7.75317e-06
7.35258e-06
6.94748e-06
6.53792e-06
6.12394e-06
5.70618e-06
5.28442e-06
4.85881e-06
4.42972e-06
3.99744e-06
3.56234e-06
3.12471e-06
8.93503e-06
8.556e-06
8.17e-06
7.77797e-06
7.38006e-06
6.97638e-06
6.56708e-06
6.15235e-06
5.7327e-06
5.30833e-06
4.87932e-06
4.44612e-06
4.00913e-06
3.56879e-06
3.12549e-06
8.94117e-06
8.5681e-06
8.18673e-06
7.79815e-06
7.40249e-06
6.99996e-06
6.59081e-06
6.17524e-06
5.75397e-06
5.32725e-06
4.89522e-06
4.45836e-06
4.01719e-06
3.57223e-06
3.12391e-06
8.94641e-06
8.57851e-06
8.20115e-06
7.81552e-06
7.42176e-06
7.02016e-06
6.61109e-06
6.19479e-06
5.77196e-06
5.34309e-06
4.90834e-06
4.4682e-06
4.0233e-06
3.57421e-06
3.12143e-06
8.95142e-06
8.58803e-06
8.21416e-06
7.83107e-06
7.43892e-06
7.03809e-06
6.62903e-06
6.21196e-06
5.78782e-06
5.35695e-06
4.91974e-06
4.47663e-06
4.02838e-06
3.57559e-06
3.11881e-06
8.95646e-06
8.59702e-06
8.22617e-06
7.84527e-06
7.45449e-06
7.05427e-06
6.64516e-06
6.22732e-06
5.80207e-06
5.36937e-06
4.92991e-06
4.48414e-06
4.03288e-06
3.57678e-06
3.11643e-06
8.96165e-06
8.6057e-06
8.2375e-06
7.85846e-06
7.46883e-06
7.06912e-06
6.65991e-06
6.24138e-06
5.815e-06
5.3807e-06
4.93919e-06
4.49104e-06
4.03709e-06
3.578e-06
3.11441e-06
8.9673e-06
8.6146e-06
8.24884e-06
7.8715e-06
7.4829e-06
7.08363e-06
6.67429e-06
6.2551e-06
5.82751e-06
5.39173e-06
4.94826e-06
4.49785e-06
4.04134e-06
3.5794e-06
3.1127e-06
8.97304e-06
8.6235e-06
8.26018e-06
7.88461e-06
7.49716e-06
7.09829e-06
6.6888e-06
6.26895e-06
5.84024e-06
5.40288e-06
4.95746e-06
4.50472e-06
4.04557e-06
3.58087e-06
3.11133e-06
-1.10637e-05
-8.8471e-06
-7.48768e-06
-6.57126e-06
-5.84022e-06
-5.28317e-06
-4.85853e-06
-4.53965e-06
-4.30957e-06
-4.15526e-06
-4.0662e-06
-4.03355e-06
-4.04974e-06
-4.10821e-06
-4.20345e-06
-4.33118e-06
-4.48901e-06
-4.67771e-06
-4.90262e-06
-5.17573e-06
-5.50958e-06
-5.90216e-06
-6.26184e-06
-6.43021e-06
-6.30721e-06
-5.85993e-06
-5.0919e-06
-4.01847e-06
-2.65984e-06
-1.04075e-06
8.11634e-07
2.86689e-06
5.0899e-06
7.44033e-06
9.87254e-06
1.23359e-05
1.47748e-05
1.71271e-05
1.93198e-05
2.12599e-05
2.28127e-05
2.37835e-05
2.37378e-05
2.22705e-05
1.7922e-05
-9.49772e-06
-8.33059e-06
-7.29208e-06
-6.47162e-06
-5.78454e-06
-5.24289e-06
-4.82437e-06
-4.50883e-06
-4.28153e-06
-4.13024e-06
-4.04466e-06
-4.01597e-06
-4.03656e-06
-4.09979e-06
-4.20007e-06
-4.33303e-06
-4.49616e-06
-4.68999e-06
-4.9193e-06
-5.19512e-06
-5.52833e-06
-5.91505e-06
-6.26356e-06
-6.41886e-06
-6.28349e-06
-5.82588e-06
-5.05042e-06
-3.97246e-06
-2.61224e-06
-9.95116e-07
8.50589e-07
2.89278e-06
5.09418e-06
7.41163e-06
9.79587e-06
1.21913e-05
1.45351e-05
1.67545e-05
1.87592e-05
2.04268e-05
2.15668e-05
2.18701e-05
2.07185e-05
1.73056e-05
1.05663e-05
-8.67403e-06
-7.92995e-06
-7.09202e-06
-6.35779e-06
-5.71939e-06
-5.19905e-06
-4.78982e-06
-4.47914e-06
-4.25526e-06
-4.10723e-06
-4.02521e-06
-4.00051e-06
-4.02554e-06
-4.09359e-06
-4.199e-06
-4.33731e-06
-4.50587e-06
-4.70493e-06
-4.93864e-06
-5.21694e-06
-5.54885e-06
-5.92838e-06
-6.26373e-06
-6.40393e-06
-6.25458e-06
-5.78567e-06
-5.00262e-06
-3.92093e-06
-2.56096e-06
-9.48912e-07
8.85378e-07
2.90772e-06
5.07807e-06
7.34975e-06
9.66897e-06
1.19741e-05
1.41938e-05
1.62432e-05
1.80149e-05
1.93616e-05
2.00616e-05
1.97781e-05
1.79778e-05
1.41244e-05
8.13972e-06
-8.15425e-06
-7.60379e-06
-6.92274e-06
-6.25599e-06
-5.66349e-06
-5.16553e-06
-4.7655e-06
-4.45889e-06
-4.23725e-06
-4.0912e-06
-4.01151e-06
-3.98977e-06
-4.01843e-06
-4.09072e-06
-4.20086e-06
-4.34427e-06
-4.51813e-06
-4.72231e-06
-4.96027e-06
-5.24071e-06
-5.57058e-06
-5.94149e-06
-6.26154e-06
-6.3842e-06
-6.21848e-06
-5.73614e-06
-4.94399e-06
-3.85782e-06
-2.49836e-06
-8.93023e-07
9.26373e-07
2.92298e-06
5.05329e-06
7.26633e-06
9.50293e-06
1.16946e-05
1.37614e-05
1.56072e-05
1.71114e-05
1.81153e-05
1.84012e-05
1.76819e-05
1.56074e-05
1.19372e-05
6.97056e-06
-7.75855e-06
-7.32305e-06
-6.76182e-06
-6.17654e-06
-5.62614e-06
-5.14998e-06
-4.75841e-06
-4.45449e-06
-4.23319e-06
-4.08701e-06
-4.00764e-06
-3.98709e-06
-4.01794e-06
-4.09331e-06
-4.2073e-06
-4.35515e-06
-4.53381e-06
-4.74272e-06
-4.98448e-06
-5.26643e-06
-5.59319e-06
-5.95371e-06
-6.25606e-06
-6.35882e-06
-6.17474e-06
-5.67765e-06
-4.87602e-06
-3.78614e-06
-2.42932e-06
-8.34556e-07
9.63962e-07
2.92628e-06
5.00494e-06
7.14422e-06
9.27933e-06
1.13352e-05
1.32242e-05
1.48428e-05
1.60656e-05
1.67397e-05
1.66802e-05
1.56858e-05
1.35826e-05
1.03476e-05
6.309e-06
-7.43453e-06
-7.08016e-06
-6.61014e-06
-6.10683e-06
-5.60626e-06
-5.15318e-06
-4.77193e-06
-4.47066e-06
-4.24821e-06
-4.09969e-06
-4.01819e-06
-3.9965e-06
-4.02747e-06
-4.10414e-06
-4.22052e-06
-4.37163e-06
-4.55412e-06
-4.76689e-06
-5.01159e-06
-5.29398e-06
-5.61614e-06
-5.96403e-06
-6.2459e-06
-6.32625e-06
-6.12196e-06
-5.60919e-06
-4.79848e-06
-3.70676e-06
-2.35617e-06
-7.77674e-07
9.91802e-07
2.90888e-06
4.92186e-06
6.9702e-06
8.98386e-06
1.08824e-05
1.25735e-05
1.39518e-05
1.48972e-05
1.52778e-05
1.49578e-05
1.3824e-05
1.18302e-05
9.06823e-06
5.83282e-06
-7.14892e-06
-6.85832e-06
-6.47159e-06
-6.03498e-06
-5.59066e-06
-5.17019e-06
-4.80487e-06
-4.50869e-06
-4.28529e-06
-4.13309e-06
-4.04724e-06
-4.02194e-06
-4.05057e-06
-4.12624e-06
-4.24296e-06
-4.39557e-06
-4.58032e-06
-4.79556e-06
-5.04178e-06
-5.32304e-06
-5.63856e-06
-5.97107e-06
-6.22927e-06
-6.2845e-06
-6.05817e-06
-5.52914e-06
-4.71039e-06
-3.61968e-06
-2.28025e-06
-7.25419e-07
1.00481e-06
2.86351e-06
4.79477e-06
6.73362e-06
8.6059e-06
1.03281e-05
1.18077e-05
1.29439e-05
1.36313e-05
1.37684e-05
1.32712e-05
1.20977e-05
1.02765e-05
7.93675e-06
5.31472e-06
-6.88265e-06
-6.64359e-06
-6.32776e-06
-5.95937e-06
-5.57076e-06
-5.19167e-06
-4.85045e-06
-4.56475e-06
-4.34327e-06
-4.18794e-06
-4.09668e-06
-4.06594e-06
-4.08995e-06
-4.16211e-06
-4.27673e-06
-4.42857e-06
-4.6135e-06
-4.82922e-06
-5.07496e-06
-5.35291e-06
-5.65918e-06
-5.97302e-06
-6.204e-06
-6.2313e-06
-5.98131e-06
-5.43604e-06
-4.61132e-06
-3.52583e-06
-2.20416e-06
-6.82459e-07
9.96001e-07
2.78098e-06
4.61281e-06
6.4231e-06
8.13557e-06
9.66702e-06
1.09292e-05
1.18331e-05
1.22933e-05
1.22423e-05
1.164e-05
1.04922e-05
8.8628e-06
6.87911e-06
4.72015e-06
-6.6263e-06
-6.43001e-06
-6.17374e-06
-5.86963e-06
-5.53906e-06
-5.20701e-06
-4.89779e-06
-4.62994e-06
-4.41601e-06
-4.26042e-06
-4.16458e-06
-4.12816e-06
-4.14615e-06
-4.21265e-06
-4.32275e-06
-4.47135e-06
-4.65399e-06
-4.86775e-06
-5.11048e-06
-5.38236e-06
-5.67623e-06
-5.96764e-06
-6.16763e-06
-6.16435e-06
-5.8896e-06
-5.32913e-06
-4.50213e-06
-3.42787e-06
-2.13263e-06
-6.55886e-07
9.55812e-07
2.64969e-06
4.36332e-06
6.0266e-06
7.56388e-06
8.89598e-06
9.94374e-06
1.06334e-05
1.09051e-05
1.07189e-05
1.00681e-05
8.98504e-06
7.5438e-06
5.85471e-06
4.0502e-06
-6.3734e-06
-6.21384e-06
-6.00803e-06
-5.76168e-06
-5.48808e-06
-5.20583e-06
-4.93481e-06
-4.69225e-06
-4.49298e-06
-4.34174e-06
-4.24451e-06
-4.20455e-06
-4.21655e-06
-4.27606e-06
-4.37976e-06
-4.52287e-06
-4.70073e-06
-4.90987e-06
-5.14671e-06
-5.40941e-06
-5.68735e-06
-5.95233e-06
-6.11772e-06
-6.08176e-06
-5.78209e-06
-5.20912e-06
-4.38573e-06
-3.331e-06
-2.07304e-06
-6.55601e-07
8.71925e-07
2.45581e-06
4.03248e-06
5.53237e-06
6.88355e-06
8.01467e-06
8.85922e-06
9.36134e-06
9.48242e-06
9.20699e-06
8.54839e-06
7.55007e-06
6.28279e-06
4.83629e-06
3.30785e-06
-6.11673e-06
-5.98987e-06
-5.8276e-06
-5.63242e-06
-5.41218e-06
-5.17994e-06
-4.95084e-06
-4.73993e-06
-4.56071e-06
-4.41897e-06
-4.32672e-06
-4.28759e-06
-4.29509e-06
-4.34734e-06
-4.44368e-06
-4.57977e-06
-4.75071e-06
-4.95273e-06
-5.18079e-06
-5.43114e-06
-5.68962e-06
-5.92444e-06
-6.05235e-06
-5.98277e-06
-5.65953e-06
-5.07956e-06
-4.2687e-06
-3.24413e-06
-2.03574e-06
-6.94649e-07
7.29282e-07
2.18376e-06
3.60605e-06
4.9297e-06
6.08952e-06
7.02481e-06
7.68343e-06
8.02668e-06
8.03393e-06
7.706e-06
7.06655e-06
6.16049e-06
5.04934e-06
3.8036e-06
2.49489e-06
-5.84688e-06
-5.75015e-06
-5.62641e-06
-5.47664e-06
-5.30536e-06
-5.12154e-06
-4.93606e-06
-4.76338e-06
-4.60821e-06
-4.48009e-06
-4.39985e-06
-4.36578e-06
-4.3718e-06
-4.41812e-06
-4.50755e-06
-4.63613e-06
-4.79886e-06
-4.99187e-06
-5.20872e-06
-5.44397e-06
-5.67998e-06
-5.88191e-06
-5.97104e-06
-5.86868e-06
-5.52555e-06
-4.94787e-06
-4.16458e-06
-3.17873e-06
-2.03455e-06
-7.89836e-07
5.10369e-07
1.81701e-06
3.07045e-06
4.2099e-06
5.17925e-06
5.9299e-06
6.42389e-06
6.63717e-06
6.56224e-06
6.20923e-06
5.60521e-06
4.7913e-06
3.81818e-06
2.74017e-06
1.61028e-06
-5.55178e-06
-5.48365e-06
-5.39496e-06
-5.28606e-06
-5.15946e-06
-5.02087e-06
-4.87794e-06
-4.74042e-06
-4.61632e-06
-4.51662e-06
-4.4525e-06
-4.42482e-06
-4.43197e-06
-4.47696e-06
-4.56193e-06
-4.68392e-06
-4.83837e-06
-5.02155e-06
-5.22574e-06
-5.44416e-06
-5.65604e-06
-5.8241e-06
-5.87618e-06
-5.74393e-06
-5.38651e-06
-4.8332e-06
-4.08673e-06
-3.14824e-06
-2.08904e-06
-9.62093e-07
1.95895e-07
1.33941e-06
2.41418e-06
3.36734e-06
4.15315e-06
4.73505e-06
5.08746e-06
5.19749e-06
5.06592e-06
4.70702e-06
4.14696e-06
3.4208e-06
2.56883e-06
1.63239e-06
6.50888e-07
-5.2164e-06
-5.17616e-06
-5.12026e-06
-5.04891e-06
-4.96349e-06
-4.86763e-06
-4.76693e-06
-4.66865e-06
-4.5807e-06
-4.51043e-06
-4.46493e-06
-4.44856e-06
-4.46355e-06
-4.51227e-06
-4.59618e-06
-4.7138e-06
-4.86134e-06
-5.0353e-06
-5.22705e-06
-5.42851e-06
-5.61705e-06
-5.75328e-06
-5.77381e-06
-5.61607e-06
-5.2653e-06
-4.74917e-06
-4.04145e-06
-3.17799e-06
-2.22756e-06
-1.23528e-06
-2.33564e-07
7.36691e-07
1.62913e-06
2.40039e-06
3.01499e-06
3.44701e-06
3.68071e-06
3.71072e-06
3.54214e-06
3.18989e-06
2.67699e-06
2.03189e-06
1.28581e-06
4.69888e-07
-3.86467e-07
-4.82159e-06
-4.80949e-06
-4.78546e-06
-4.74981e-06
-4.70342e-06
-4.64873e-06
-4.58975e-06
-4.53174e-06
-4.48049e-06
-4.44156e-06
-4.42076e-06
-4.42325e-06
-4.45238e-06
-4.51014e-06
-4.59785e-06
-4.71521e-06
-4.85931e-06
-5.02666e-06
-5.20849e-06
-5.39509e-06
-5.56466e-06
-5.67549e-06
-5.67323e-06
-5.50832e-06
-5.17775e-06
-4.69342e-06
-4.05809e-06
-3.30328e-06
-2.47925e-06
-1.63249e-06
-7.95212e-07
-1.85686e-09
7.11334e-07
1.31118e-06
1.77127e-06
2.07398e-06
2.21046e-06
2.17976e-06
1.98858e-06
1.6505e-06
1.1845e-06
6.12812e-07
-4.09572e-08
-7.53554e-07
-1.50305e-06
-4.34344e-06
-4.36088e-06
-4.36925e-06
-4.36902e-06
-4.36089e-06
-4.34657e-06
-4.32885e-06
-4.31142e-06
-4.29854e-06
-4.29472e-06
-4.30469e-06
-4.33281e-06
-4.38241e-06
-4.4556e-06
-4.55376e-06
-4.67721e-06
-4.82372e-06
-4.98995e-06
-5.16761e-06
-5.3449e-06
-5.50308e-06
-5.60065e-06
-5.59113e-06
-5.43867e-06
-5.13472e-06
-4.71418e-06
-4.17583e-06
-3.54502e-06
-2.86347e-06
-2.17112e-06
-1.50079e-06
-8.81111e-07
-3.38202e-07
1.04702e-07
4.29143e-07
6.23355e-07
6.82236e-07
6.06665e-07
4.03239e-07
8.34902e-08
-3.3764e-07
-8.43434e-07
-1.41651e-06
-2.03975e-06
-2.69683e-06
-3.75749e-06
-3.80671e-06
-3.84908e-06
-3.88524e-06
-3.91586e-06
-3.94224e-06
-3.96641e-06
-3.99106e-06
-4.01936e-06
-4.05479e-06
-4.10092e-06
-4.16117e-06
-4.23845e-06
-4.33494e-06
-4.45198e-06
-4.5901e-06
-4.74747e-06
-4.92089e-06
-5.10366e-06
-5.2833e-06
-5.44226e-06
-5.54333e-06
-5.54798e-06
-5.42448e-06
-5.1834e-06
-4.8448e-06
-4.41727e-06
-3.92246e-06
-3.39294e-06
-2.86121e-06
-2.35565e-06
-1.89947e-06
-1.5121e-06
-1.20942e-06
-1.00278e-06
-8.98762e-07
-9.008e-07
-1.00854e-06
-1.2167e-06
-1.51597e-06
-1.89494e-06
-2.34153e-06
-2.84338e-06
-3.38816e-06
-3.96381e-06
-3.04554e-06
-3.13003e-06
-3.20911e-06
-3.28371e-06
-3.35474e-06
-3.42339e-06
-3.49129e-06
-3.56045e-06
-3.63318e-06
-3.71205e-06
-3.79975e-06
-3.89888e-06
-4.01192e-06
-4.14069e-06
-4.28652e-06
-4.44971e-06
-4.62876e-06
-4.82121e-06
-5.01987e-06
-5.21566e-06
-5.3966e-06
-5.52558e-06
-5.56343e-06
-5.49951e-06
-5.34448e-06
-5.1071e-06
-4.80201e-06
-4.45312e-06
-4.0817e-06
-3.71056e-06
-3.36153e-06
-3.05272e-06
-2.7997e-06
-2.61626e-06
-2.51015e-06
-2.48117e-06
-2.5314e-06
-2.66194e-06
-2.86949e-06
-3.14717e-06
-3.48679e-06
-3.88001e-06
-4.31837e-06
-4.79315e-06
-5.29556e-06
-2.18691e-06
-2.31249e-06
-2.43366e-06
-2.55151e-06
-2.66727e-06
-2.78226e-06
-2.89792e-06
-3.01581e-06
-3.13766e-06
-3.26538e-06
-3.40103e-06
-3.54662e-06
-3.70415e-06
-3.87513e-06
-4.06049e-06
-4.26089e-06
-4.47455e-06
-4.69916e-06
-4.93194e-06
-5.15667e-06
-5.37035e-06
-5.56157e-06
-5.66881e-06
-5.69011e-06
-5.63657e-06
-5.5188e-06
-5.35152e-06
-5.15159e-06
-4.93447e-06
-4.71598e-06
-4.51214e-06
-4.33578e-06
-4.1966e-06
-4.10435e-06
-4.08192e-06
-4.11149e-06
-4.19767e-06
-4.34294e-06
-4.54493e-06
-4.79915e-06
-5.10065e-06
-5.44432e-06
-5.82448e-06
-6.23498e-06
-6.66952e-06
-1.17167e-06
-1.34169e-06
-1.50939e-06
-1.67551e-06
-1.84129e-06
-2.00814e-06
-2.1774e-06
-2.35034e-06
-2.52826e-06
-2.71262e-06
-2.90497e-06
-3.10689e-06
-3.31986e-06
-3.54509e-06
-3.78333e-06
-4.035e-06
-4.29905e-06
-4.57377e-06
-4.85722e-06
-5.13893e-06
-5.41191e-06
-5.67094e-06
-5.87475e-06
-6.00273e-06
-6.06961e-06
-6.08494e-06
-6.05841e-06
-6.00218e-06
-5.92894e-06
-5.85097e-06
-5.77885e-06
-5.72415e-06
-5.69692e-06
-5.69836e-06
-5.71613e-06
-5.77772e-06
-5.88593e-06
-6.03737e-06
-6.22819e-06
-6.45589e-06
-6.71871e-06
-7.0141e-06
-7.33843e-06
-7.68742e-06
-8.05673e-06
-1.61704e-07
-3.79932e-07
-5.96896e-07
-8.13643e-07
-1.03166e-06
-1.25234e-06
-1.47681e-06
-1.70611e-06
-1.94131e-06
-2.18359e-06
-2.43418e-06
-2.69432e-06
-2.96516e-06
-3.24771e-06
-3.54265e-06
-3.85032e-06
-4.17032e-06
-4.50148e-06
-4.84156e-06
-5.18554e-06
-5.52832e-06
-5.86356e-06
-6.16115e-06
-6.39904e-06
-6.58189e-06
-6.71713e-06
-6.81238e-06
-6.87725e-06
-6.92168e-06
-6.95495e-06
-6.98457e-06
-7.01753e-06
-7.06068e-06
-7.11831e-06
-7.19487e-06
-7.29518e-06
-7.42169e-06
-7.5741e-06
-7.7518e-06
-7.95479e-06
-8.18281e-06
-8.43449e-06
-8.70761e-06
-8.99966e-06
-9.30813e-06
7.15595e-07
4.52745e-07
1.89612e-07
-7.47978e-08
-3.41878e-07
-6.12793e-07
-8.88463e-07
-1.16975e-06
-1.45758e-06
-1.75293e-06
-2.05681e-06
-2.37019e-06
-2.69402e-06
-3.02912e-06
-3.37608e-06
-3.73524e-06
-4.10648e-06
-4.48893e-06
-4.88129e-06
-5.28072e-06
-5.68317e-06
-6.08445e-06
-6.459e-06
-6.78178e-06
-7.05207e-06
-7.27621e-06
-7.46086e-06
-7.61377e-06
-7.74265e-06
-7.8546e-06
-7.95671e-06
-8.0545e-06
-8.15224e-06
-8.2564e-06
-8.37087e-06
-8.49837e-06
-8.63875e-06
-8.79262e-06
-8.96168e-06
-9.14718e-06
-9.34919e-06
-9.56703e-06
-9.79975e-06
-1.00463e-05
-1.03056e-05
1.37119e-06
1.07172e-06
7.70336e-07
4.66179e-07
1.58214e-07
-1.54418e-07
-4.72439e-07
-7.96561e-07
-1.12754e-06
-1.46615e-06
-1.81318e-06
-2.16941e-06
-2.53556e-06
-2.9123e-06
-3.30012e-06
-3.69929e-06
-4.10977e-06
-4.53104e-06
-4.96217e-06
-5.40126e-06
-5.84568e-06
-6.29237e-06
-6.7172e-06
-7.09446e-06
-7.42183e-06
-7.70477e-06
-7.94906e-06
-8.161e-06
-8.347e-06
-8.51304e-06
-8.66462e-06
-8.80626e-06
-8.94187e-06
-9.07598e-06
-9.21247e-06
-9.35279e-06
-9.49799e-06
-9.65001e-06
-9.81081e-06
-9.98149e-06
-1.01624e-05
-1.03537e-05
-1.05553e-05
-1.07669e-05
-1.09881e-05
1.84878e-06
1.51809e-06
1.18417e-06
8.46489e-07
5.04354e-07
1.57142e-07
-1.95709e-07
-5.54743e-07
-9.20522e-07
-1.29362e-06
-1.67462e-06
-2.0641e-06
-2.4626e-06
-2.8706e-06
-3.28844e-06
-3.71632e-06
-4.15418e-06
-4.60165e-06
-5.05799e-06
-5.5219e-06
-5.99146e-06
-6.4641e-06
-6.91724e-06
-7.32623e-06
-7.68832e-06
-8.00823e-06
-8.29098e-06
-8.54184e-06
-8.76606e-06
-8.96846e-06
-9.15321e-06
-9.32409e-06
-9.48514e-06
-9.63996e-06
-9.79097e-06
-9.94017e-06
-1.00897e-05
-1.02416e-05
-1.03974e-05
-1.05581e-05
-1.07245e-05
-1.08974e-05
-1.10771e-05
-1.12639e-05
-1.14578e-05
2.17861e-06
1.82183e-06
1.46108e-06
1.09604e-06
7.26237e-07
3.51245e-07
-2.93179e-08
-4.15807e-07
-8.08593e-07
-1.20806e-06
-1.6146e-06
-2.02859e-06
-2.45039e-06
-2.88029e-06
-3.3185e-06
-3.76508e-06
-4.21994e-06
-4.68272e-06
-5.15282e-06
-5.62918e-06
-6.11027e-06
-6.59396e-06
-7.05962e-06
-7.48438e-06
-7.86553e-06
-8.20721e-06
-8.51371e-06
-8.78937e-06
-9.03841e-06
-9.26484e-06
-9.47219e-06
-9.66351e-06
-9.84215e-06
-1.00114e-05
-1.01734e-05
-1.03303e-05
-1.04843e-05
-1.0637e-05
-1.07899e-05
-1.09443e-05
-1.11013e-05
-1.12618e-05
-1.14266e-05
-1.15961e-05
-1.17708e-05
2.39617e-06
2.0181e-06
1.63567e-06
1.2487e-06
8.56897e-07
4.60032e-07
5.79136e-08
-3.49634e-07
-7.62806e-07
-1.18181e-06
-1.60687e-06
-2.03817e-06
-2.47591e-06
-2.92018e-06
-3.37107e-06
-3.82851e-06
-4.29234e-06
-4.76217e-06
-5.23745e-06
-5.71726e-06
-6.20036e-06
-6.68498e-06
-7.15252e-06
-7.58239e-06
-7.97214e-06
-8.32534e-06
-8.64555e-06
-8.93632e-06
-9.20113e-06
-9.44333e-06
-9.66601e-06
-9.8718e-06
-1.0063e-05
-1.02429e-05
-1.04135e-05
-1.05768e-05
-1.07346e-05
-1.08887e-05
-1.10406e-05
-1.11916e-05
-1.1343e-05
-1.14958e-05
-1.1651e-05
-1.18093e-05
-1.19714e-05
2.53297e-06
2.13762e-06
1.73776e-06
1.33332e-06
9.24183e-07
5.10309e-07
9.16721e-08
-3.31749e-07
-7.59999e-07
-1.19313e-06
-1.6312e-06
-2.07424e-06
-2.52227e-06
-2.97527e-06
-3.43316e-06
-3.89577e-06
-4.36286e-06
-4.83401e-06
-5.30869e-06
-5.78606e-06
-6.26509e-06
-6.74423e-06
-7.20702e-06
-7.63539e-06
-8.02712e-06
-8.38517e-06
-8.71245e-06
-9.01191e-06
-9.28645e-06
-9.53886e-06
-9.77174e-06
-9.98819e-06
-1.01882e-05
-1.03762e-05
-1.05534e-05
-1.0722e-05
-1.08835e-05
-1.10397e-05
-1.1192e-05
-1.13419e-05
-1.14906e-05
-1.16393e-05
-1.17891e-05
-1.19408e-05
-1.20954e-05
2.61386e-06
2.20452e-06
1.79067e-06
1.37237e-06
9.4966e-07
5.22652e-07
9.14594e-08
-3.43811e-07
-7.83071e-07
-1.22623e-06
-1.67322e-06
-2.12391e-06
-2.57821e-06
-3.03595e-06
-3.49695e-06
-3.96094e-06
-4.42761e-06
-4.89648e-06
-5.36704e-06
-5.83849e-06
-6.30996e-06
-6.78006e-06
-7.23444e-06
-7.65752e-06
-8.04725e-06
-8.40599e-06
-8.73612e-06
-9.0401e-06
-9.32035e-06
-9.57917e-06
-9.81862e-06
-1.00407e-05
-1.0249e-05
-1.04433e-05
-1.06261e-05
-1.07991e-05
-1.09643e-05
-1.1123e-05
-1.12767e-05
-1.1427e-05
-1.15751e-05
-1.17222e-05
-1.18695e-05
-1.20181e-05
-1.21688e-05
2.65779e-06
2.23706e-06
1.81195e-06
1.38261e-06
9.4923e-07
5.12037e-07
7.12594e-08
-3.72886e-07
-8.20194e-07
-1.27046e-06
-1.72348e-06
-2.17903e-06
-2.63689e-06
-3.09679e-06
-3.55844e-06
-4.02149e-06
-4.48557e-06
-4.95015e-06
-5.41473e-06
-5.87851e-06
-6.34078e-06
-6.80022e-06
-7.24451e-06
-7.66037e-06
-8.04585e-06
-8.40279e-06
-8.73318e-06
-9.03906e-06
-9.32244e-06
-9.58528e-06
-9.82941e-06
-1.00566e-05
-1.02694e-05
-1.04686e-05
-1.06558e-05
-1.08328e-05
-1.10012e-05
-1.11626e-05
-1.13183e-05
-1.14699e-05
-1.16186e-05
-1.17658e-05
-1.19126e-05
-1.20601e-05
-1.22096e-05
2.67842e-06
2.24832e-06
1.81403e-06
1.37578e-06
9.33883e-07
4.88664e-07
4.04465e-08
-4.10459e-07
-8.63748e-07
-1.31911e-06
-1.77625e-06
-2.23484e-06
-2.69455e-06
-3.15504e-06
-3.61592e-06
-4.07678e-06
-4.53718e-06
-4.99656e-06
-5.4544e-06
-5.90993e-06
-6.3625e-06
-6.81089e-06
-7.24462e-06
-7.65247e-06
-8.03258e-06
-8.38637e-06
-8.71551e-06
-9.02168e-06
-9.30656e-06
-9.57181e-06
-9.81906e-06
-1.00499e-05
-1.0266e-05
-1.04688e-05
-1.06596e-05
-1.08399e-05
-1.10113e-05
-1.11752e-05
-1.13332e-05
-1.14865e-05
-1.16366e-05
-1.17847e-05
-1.19322e-05
-1.20801e-05
-1.22298e-05
2.6851e-06
2.24717e-06
1.80525e-06
1.35967e-06
9.10821e-07
4.59126e-07
4.98065e-09
-4.51221e-07
-9.09089e-07
-1.36823e-06
-1.82826e-06
-2.28876e-06
-2.74933e-06
-3.20953e-06
-3.66894e-06
-4.12704e-06
-4.58337e-06
-5.03732e-06
-5.48835e-06
-5.9357e-06
-6.37879e-06
-6.81646e-06
-7.23986e-06
-7.63962e-06
-8.01397e-06
-8.36399e-06
-8.69107e-06
-8.99659e-06
-9.28194e-06
-9.54853e-06
-9.79774e-06
-1.0031e-05
-1.02498e-05
-1.04553e-05
-1.0649e-05
-1.0832e-05
-1.1006e-05
-1.11723e-05
-1.13324e-05
-1.14876e-05
-1.16393e-05
-1.17889e-05
-1.19376e-05
-1.20867e-05
-1.22375e-05
2.68397e-06
2.23936e-06
1.79097e-06
1.33922e-06
8.84564e-07
4.27496e-07
-3.15171e-08
-4.92011e-07
-9.53523e-07
-1.41559e-06
-1.87773e-06
-2.33949e-06
-2.80037e-06
-3.25989e-06
-3.71753e-06
-4.17275e-06
-4.62502e-06
-5.07371e-06
-5.51825e-06
-5.9579e-06
-6.39211e-06
-6.81976e-06
-7.23347e-06
-7.62547e-06
-7.99409e-06
-8.34017e-06
-8.66482e-06
-8.96919e-06
-9.25439e-06
-9.52161e-06
-9.77203e-06
-1.00066e-05
-1.02277e-05
-1.04354e-05
-1.06314e-05
-1.08167e-05
-1.09928e-05
-1.11611e-05
-1.13231e-05
-1.14801e-05
-1.16335e-05
-1.17847e-05
-1.19349e-05
-1.20856e-05
-1.22379e-05
2.67886e-06
2.22848e-06
1.7745e-06
1.31744e-06
8.57815e-07
3.96173e-07
-6.69584e-08
-5.31052e-07
-9.9558e-07
-1.46001e-06
-1.92382e-06
-2.38647e-06
-2.8474e-06
-3.30608e-06
-3.76194e-06
-4.21438e-06
-4.66283e-06
-5.10664e-06
-5.54523e-06
-5.97782e-06
-6.40392e-06
-6.82243e-06
-7.22726e-06
-7.61205e-06
-7.97524e-06
-8.31747e-06
-8.63961e-06
-8.94258e-06
-9.22728e-06
-9.49472e-06
-9.74592e-06
-9.98182e-06
-1.02041e-05
-1.04134e-05
-1.06113e-05
-1.07984e-05
-1.09762e-05
-1.11463e-05
-1.131e-05
-1.14686e-05
-1.16236e-05
-1.17762e-05
-1.1928e-05
-1.20801e-05
-1.2234e-05
2.67211e-06
2.21664e-06
1.75777e-06
1.29605e-06
8.32095e-07
3.66472e-07
-1.00231e-07
-5.67431e-07
-1.03454e-06
-1.50099e-06
-1.96618e-06
-2.42951e-06
-2.89041e-06
-3.34825e-06
-3.80244e-06
-4.25233e-06
-4.69732e-06
-5.13672e-06
-5.56994e-06
-5.9962e-06
-6.41501e-06
-6.82531e-06
-7.22212e-06
-7.60035e-06
-7.95855e-06
-8.29716e-06
-8.61686e-06
-8.91835e-06
-9.20238e-06
-9.46978e-06
-9.72145e-06
-9.95829e-06
-1.01815e-05
-1.03919e-05
-1.05914e-05
-1.07798e-05
-1.09591e-05
-1.11306e-05
-1.12957e-05
-1.14556e-05
-1.16119e-05
-1.17659e-05
-1.19191e-05
-1.20727e-05
-1.22281e-05
2.66502e-06
2.20502e-06
1.74181e-06
1.27598e-06
8.08179e-07
3.39035e-07
-1.30823e-07
-6.00762e-07
-1.07015e-06
-1.53836e-06
-2.00475e-06
-2.46869e-06
-2.92952e-06
-3.38661e-06
-3.83929e-06
-4.28691e-06
-4.72882e-06
-5.16431e-06
-5.59275e-06
-6.01339e-06
-6.42573e-06
-6.82873e-06
-7.21838e-06
-7.59071e-06
-7.94439e-06
-8.27968e-06
-8.5971e-06
-8.89715e-06
-9.18043e-06
-9.44764e-06
-9.69958e-06
-9.93705e-06
-1.01608e-05
-1.03724e-05
-1.05729e-05
-1.07625e-05
-1.09428e-05
-1.11155e-05
-1.12817e-05
-1.14427e-05
-1.16001e-05
-1.17553e-05
-1.19096e-05
-1.20645e-05
-1.22213e-05
2.65829e-06
2.19425e-06
1.72715e-06
1.25765e-06
7.86421e-07
3.14133e-07
-1.58541e-07
-6.30927e-07
-1.10235e-06
-1.57214e-06
-2.03962e-06
-2.5041e-06
-2.9649e-06
-3.42133e-06
-3.87271e-06
-4.31834e-06
-4.75754e-06
-5.18958e-06
-5.61383e-06
-6.02952e-06
-6.43615e-06
-6.83269e-06
-7.216e-06
-7.58308e-06
-7.93272e-06
-8.26503e-06
-8.58036e-06
-8.87906e-06
-9.1616e-06
-9.42854e-06
-9.68062e-06
-9.91848e-06
-1.01426e-05
-1.03552e-05
-1.05564e-05
-1.07469e-05
-1.09282e-05
-1.11017e-05
-1.12688e-05
-1.14307e-05
-1.1589e-05
-1.17451e-05
-1.19003e-05
-1.20562e-05
-1.22142e-05
2.65223e-06
2.18458e-06
1.71402e-06
1.24124e-06
7.66948e-07
2.91851e-07
-1.83343e-07
-6.57922e-07
-1.13118e-06
-1.60239e-06
-2.07086e-06
-2.53585e-06
-2.99666e-06
-3.45255e-06
-3.90281e-06
-4.34672e-06
-4.78357e-06
-5.21261e-06
-5.63321e-06
-6.04457e-06
-6.4462e-06
-6.83708e-06
-7.21479e-06
-7.57724e-06
-7.92331e-06
-8.25298e-06
-8.56643e-06
-8.86391e-06
-9.14574e-06
-9.4124e-06
-9.66452e-06
-9.90262e-06
-1.01272e-05
-1.03405e-05
-1.05423e-05
-1.07335e-05
-1.09154e-05
-1.10896e-05
-1.12573e-05
-1.14199e-05
-1.15789e-05
-1.17357e-05
-1.18917e-05
-1.20485e-05
-1.22074e-05
2.64688e-06
2.17598e-06
1.7023e-06
1.22657e-06
7.49522e-07
2.71895e-07
-2.0557e-07
-6.82129e-07
-1.15704e-06
-1.62956e-06
-2.09894e-06
-2.56442e-06
-3.02527e-06
-3.48073e-06
-3.93005e-06
-4.37247e-06
-4.80728e-06
-5.23372e-06
-5.65111e-06
-6.05869e-06
-6.45593e-06
-6.8418e-06
-7.21454e-06
-7.57286e-06
-7.91577e-06
-8.24309e-06
-8.55487e-06
-8.85124e-06
-9.13244e-06
-9.39882e-06
-9.65094e-06
-9.88924e-06
-1.01141e-05
-1.03279e-05
-1.05302e-05
-1.07219e-05
-1.09043e-05
-1.1079e-05
-1.12473e-05
-1.14104e-05
-1.15699e-05
-1.17272e-05
-1.18838e-05
-1.20412e-05
-1.22009e-05
2.64199e-06
2.16798e-06
1.69133e-06
1.21278e-06
7.33104e-07
2.53063e-07
-2.26571e-07
-7.05026e-07
-1.18153e-06
-1.65531e-06
-2.12558e-06
-2.59157e-06
-3.0525e-06
-3.50759e-06
-3.95606e-06
-4.39714e-06
-4.83009e-06
-5.25413e-06
-5.66857e-06
-6.07264e-06
-6.46581e-06
-6.84703e-06
-7.21512e-06
-7.56956e-06
-7.9095e-06
-8.23462e-06
-8.54484e-06
-8.84017e-06
-9.12076e-06
-9.38686e-06
-9.63898e-06
-9.87744e-06
-1.01027e-05
-1.03168e-05
-1.05194e-05
-1.07115e-05
-1.08944e-05
-1.10695e-05
-1.12381e-05
-1.14016e-05
-1.15615e-05
-1.17192e-05
-1.18763e-05
-1.20342e-05
-1.21945e-05
2.63762e-06
2.16062e-06
1.68108e-06
1.19978e-06
7.17507e-07
2.35077e-07
-2.46713e-07
-7.27058e-07
-1.20515e-06
-1.68019e-06
-2.15136e-06
-2.61787e-06
-3.07889e-06
-3.53362e-06
-3.98128e-06
-4.42105e-06
-4.85218e-06
-5.27389e-06
-5.68548e-06
-6.08618e-06
-6.47549e-06
-6.85235e-06
-7.21617e-06
-7.56716e-06
-7.9044e-06
-8.22745e-06
-8.53616e-06
-8.83046e-06
-9.11038e-06
-9.37612e-06
-9.62809e-06
-9.86657e-06
-1.0092e-05
-1.03065e-05
-1.05095e-05
-1.07019e-05
-1.08852e-05
-1.10607e-05
-1.12297e-05
-1.13935e-05
-1.15537e-05
-1.17118e-05
-1.18693e-05
-1.20277e-05
-1.21885e-05
-5.03508e-06
-1.02951e-05
-1.04522e-05
-1.05505e-05
-1.09787e-05
-1.16198e-05
-1.24239e-05
-1.33623e-05
-1.44207e-05
-1.55941e-05
-1.6882e-05
-1.8287e-05
-1.98127e-05
-2.14642e-05
-2.32442e-05
-1.56501e-06
-6.92007e-06
-8.68533e-06
-9.66294e-06
-1.05077e-05
-1.13508e-05
-1.22616e-05
-1.32617e-05
-1.43576e-05
-1.55542e-05
-1.68563e-05
-1.82691e-05
-1.97984e-05
-2.14503e-05
-2.32283e-05
6.88246e-07
-4.55403e-06
-7.25393e-06
-8.83247e-06
-1.00233e-05
-1.10659e-05
-1.20898e-05
-1.31563e-05
-1.42926e-05
-1.55138e-05
-1.68306e-05
-1.82515e-05
-1.97843e-05
-2.14363e-05
-2.3212e-05
1.71898e-06
-2.97991e-06
-6.0533e-06
-8.04135e-06
-9.52394e-06
-1.07623e-05
-1.19068e-05
-1.3046e-05
-1.42263e-05
-1.54741e-05
-1.68064e-05
-1.82355e-05
-1.97715e-05
-2.14233e-05
-2.31961e-05
2.20877e-06
-1.73045e-06
-4.87758e-06
-7.18058e-06
-8.94556e-06
-1.03956e-05
-1.16825e-05
-1.29115e-05
-1.4147e-05
-1.5428e-05
-1.67794e-05
-1.82185e-05
-1.97584e-05
-2.14098e-05
-2.31794e-05
2.51433e-06
-7.96572e-07
-3.80114e-06
-6.27426e-06
-8.27753e-06
-9.94169e-06
-1.13915e-05
-1.27324e-05
-1.40403e-05
-1.5366e-05
-1.67436e-05
-1.81967e-05
-1.97425e-05
-2.13942e-05
-2.31603e-05
2.61299e-06
-1.76787e-07
-2.92712e-06
-5.41405e-06
-7.56422e-06
-9.40926e-06
-1.10236e-05
-1.24924e-05
-1.38906e-05
-1.52757e-05
-1.669e-05
-1.81639e-05
-1.97194e-05
-2.13734e-05
-2.31365e-05
2.49411e-06
1.37936e-07
-2.31385e-06
-4.69201e-06
-6.88028e-06
-8.84059e-06
-1.05928e-05
-1.21881e-05
-1.3687e-05
-1.51449e-05
-1.66077e-05
-1.81112e-05
-1.96824e-05
-2.1342e-05
-2.31038e-05
2.18835e-06
1.86556e-07
-1.96894e-06
-4.16699e-06
-6.2994e-06
-8.29665e-06
-1.01369e-05
-1.18359e-05
-1.34311e-05
-1.49672e-05
-1.64873e-05
-1.8029e-05
-1.96226e-05
-2.12924e-05
-2.30553e-05
1.72861e-06
1.44801e-08
-1.8707e-06
-3.86034e-06
-5.87264e-06
-7.8354e-06
-9.70457e-06
-1.14681e-05
-1.31393e-05
-1.4747e-05
-1.63257e-05
-1.79102e-05
-1.95315e-05
-2.12158e-05
-2.29825e-05
1.13969e-06
-3.39654e-07
-1.98754e-06
-3.76723e-06
-5.62408e-06
-7.49823e-06
-9.34046e-06
-1.11223e-05
-1.28377e-05
-1.44984e-05
-1.61275e-05
-1.7753e-05
-1.9403e-05
-2.11036e-05
-2.28754e-05
4.36897e-07
-8.48243e-07
-2.29038e-06
-3.87149e-06
-5.55858e-06
-7.30858e-06
-9.07804e-06
-1.0833e-05
-1.2555e-05
-1.42416e-05
-1.59037e-05
-1.75603e-05
-1.92343e-05
-2.09488e-05
-2.27243e-05
-3.71703e-07
-1.49364e-06
-2.75731e-06
-4.15588e-06
-5.67168e-06
-7.27722e-06
-8.9397e-06
-1.06278e-05
-1.23178e-05
-1.39981e-05
-1.56684e-05
-1.73388e-05
-1.90251e-05
-2.07458e-05
-2.25189e-05
-1.2817e-06
-2.26445e-06
-3.37251e-06
-4.60545e-06
-5.95555e-06
-7.40745e-06
-8.93962e-06
-1.05277e-05
-1.21494e-05
-1.37882e-05
-1.54369e-05
-1.70968e-05
-1.87766e-05
-2.04892e-05
-2.22486e-05
-2.28911e-06
-3.1516e-06
-4.12312e-06
-5.20656e-06
-6.40017e-06
-7.69703e-06
-9.08504e-06
-1.05482e-05
-1.20688e-05
-1.36312e-05
-1.52243e-05
-1.68436e-05
-1.84914e-05
-2.01744e-05
-2.19021e-05
-3.38799e-06
-4.14529e-06
-4.99605e-06
-5.94458e-06
-6.99234e-06
-8.13762e-06
-9.3752e-06
-1.06963e-05
-1.20896e-05
-1.35429e-05
-1.50452e-05
-1.65895e-05
-1.81732e-05
-1.97982e-05
-2.1469e-05
-4.57076e-06
-5.23432e-06
-5.97675e-06
-6.80261e-06
-7.71476e-06
-8.7143e-06
-9.80032e-06
-1.09695e-05
-1.22161e-05
-1.35325e-05
-1.49108e-05
-1.6344e-05
-1.78276e-05
-1.93599e-05
-2.0942e-05
-5.82602e-06
-6.40402e-06
-7.04723e-06
-7.75984e-06
-8.54497e-06
-9.40493e-06
-1.03411e-05
-1.13535e-05
-1.24405e-05
-1.35992e-05
-1.4825e-05
-1.61133e-05
-1.746e-05
-1.88625e-05
-2.03195e-05
-7.12849e-06
-7.62649e-06
-8.17699e-06
-8.78341e-06
-9.44849e-06
-1.01747e-05
-1.09643e-05
-1.18191e-05
-1.27401e-05
-1.37274e-05
-1.47799e-05
-1.5896e-05
-1.70736e-05
-1.83112e-05
-1.96072e-05
-8.44667e-06
-8.86752e-06
-9.32898e-06
-9.83362e-06
-1.03836e-05
-1.0981e-05
-1.16282e-05
-1.23276e-05
-1.30814e-05
-1.38914e-05
-1.47591e-05
-1.56854e-05
-1.66712e-05
-1.77168e-05
-1.88224e-05
-9.63376e-06
-9.98377e-06
-1.03645e-05
-1.07774e-05
-1.1224e-05
-1.1706e-05
-1.22254e-05
-1.27846e-05
-1.33859e-05
-1.4032e-05
-1.47257e-05
-1.54695e-05
-1.62665e-05
-1.71195e-05
-1.8031e-05
-1.05783e-05
-1.08691e-05
-1.11822e-05
-1.15187e-05
-1.18802e-05
-1.2268e-05
-1.26839e-05
-1.313e-05
-1.36087e-05
-1.41228e-05
-1.46755e-05
-1.52704e-05
-1.59116e-05
-1.6604e-05
-1.73523e-05
-1.12198e-05
-1.14656e-05
-1.17283e-05
-1.20088e-05
-1.23084e-05
-1.26282e-05
-1.297e-05
-1.33357e-05
-1.37275e-05
-1.41482e-05
-1.46011e-05
-1.50902e-05
-1.56203e-05
-1.61971e-05
-1.68267e-05
-1.16598e-05
-1.18728e-05
-1.20988e-05
-1.23388e-05
-1.25938e-05
-1.28652e-05
-1.31545e-05
-1.34635e-05
-1.37945e-05
-1.41501e-05
-1.45337e-05
-1.49493e-05
-1.54017e-05
-1.58971e-05
-1.64417e-05
-1.19518e-05
-1.21415e-05
-1.23417e-05
-1.25532e-05
-1.27773e-05
-1.30152e-05
-1.32686e-05
-1.35391e-05
-1.38289e-05
-1.41407e-05
-1.44776e-05
-1.48435e-05
-1.52432e-05
-1.56826e-05
-1.61679e-05
-1.21386e-05
-1.23129e-05
-1.24959e-05
-1.26886e-05
-1.28924e-05
-1.31084e-05
-1.33383e-05
-1.35838e-05
-1.3847e-05
-1.41304e-05
-1.44369e-05
-1.47703e-05
-1.5135e-05
-1.55364e-05
-1.59804e-05
-1.22542e-05
-1.24192e-05
-1.25917e-05
-1.27729e-05
-1.29642e-05
-1.31669e-05
-1.33824e-05
-1.36126e-05
-1.38594e-05
-1.41251e-05
-1.44126e-05
-1.47252e-05
-1.5067e-05
-1.54429e-05
-1.5858e-05
-1.23233e-05
-1.24832e-05
-1.265e-05
-1.28249e-05
-1.30093e-05
-1.32045e-05
-1.34121e-05
-1.36336e-05
-1.38709e-05
-1.41263e-05
-1.44024e-05
-1.4702e-05
-1.5029e-05
-1.53875e-05
-1.57821e-05
-1.23624e-05
-1.25202e-05
-1.26846e-05
-1.28567e-05
-1.3038e-05
-1.32298e-05
-1.34335e-05
-1.36507e-05
-1.38832e-05
-1.41331e-05
-1.44026e-05
-1.46944e-05
-1.50117e-05
-1.53583e-05
-1.57379e-05
-1.23827e-05
-1.25404e-05
-1.27044e-05
-1.2876e-05
-1.30566e-05
-1.32474e-05
-1.34499e-05
-1.36657e-05
-1.38963e-05
-1.41435e-05
-1.44096e-05
-1.46968e-05
-1.50078e-05
-1.53459e-05
-1.57143e-05
-1.23914e-05
-1.25501e-05
-1.2715e-05
-1.28874e-05
-1.30687e-05
-1.32601e-05
-1.3463e-05
-1.36789e-05
-1.39093e-05
-1.41558e-05
-1.44202e-05
-1.47047e-05
-1.50115e-05
-1.53434e-05
-1.57031e-05
-1.23933e-05
-1.25535e-05
-1.27199e-05
-1.28938e-05
-1.30765e-05
-1.32693e-05
-1.34735e-05
-1.36904e-05
-1.39215e-05
-1.41682e-05
-1.44321e-05
-1.47151e-05
-1.5019e-05
-1.53461e-05
-1.56988e-05
-1.23912e-05
-1.25531e-05
-1.27212e-05
-1.28969e-05
-1.30814e-05
-1.32759e-05
-1.34817e-05
-1.37001e-05
-1.39324e-05
-1.41798e-05
-1.44437e-05
-1.47258e-05
-1.50276e-05
-1.53509e-05
-1.56978e-05
-1.23869e-05
-1.25505e-05
-1.27203e-05
-1.28978e-05
-1.30841e-05
-1.32804e-05
-1.3488e-05
-1.3708e-05
-1.39415e-05
-1.41899e-05
-1.44542e-05
-1.47357e-05
-1.50359e-05
-1.53561e-05
-1.5698e-05
-1.23815e-05
-1.25467e-05
-1.27181e-05
-1.28973e-05
-1.30853e-05
-1.32833e-05
-1.34926e-05
-1.37141e-05
-1.3949e-05
-1.41982e-05
-1.4463e-05
-1.47442e-05
-1.50431e-05
-1.53606e-05
-1.56983e-05
-1.23757e-05
-1.25423e-05
-1.27152e-05
-1.28958e-05
-1.30853e-05
-1.32849e-05
-1.34957e-05
-1.37186e-05
-1.39547e-05
-1.42049e-05
-1.44701e-05
-1.47511e-05
-1.50489e-05
-1.53642e-05
-1.56981e-05
-1.237e-05
-1.25377e-05
-1.27118e-05
-1.28937e-05
-1.30846e-05
-1.32855e-05
-1.34977e-05
-1.37219e-05
-1.39591e-05
-1.42101e-05
-1.44757e-05
-1.47565e-05
-1.50533e-05
-1.53667e-05
-1.56973e-05
-1.23644e-05
-1.2533e-05
-1.27082e-05
-1.28912e-05
-1.30832e-05
-1.32854e-05
-1.34987e-05
-1.3724e-05
-1.39622e-05
-1.42139e-05
-1.44799e-05
-1.47606e-05
-1.50565e-05
-1.53681e-05
-1.56958e-05
-1.23587e-05
-1.25282e-05
-1.27043e-05
-1.28883e-05
-1.30813e-05
-1.32846e-05
-1.34989e-05
-1.37253e-05
-1.39644e-05
-1.42168e-05
-1.44831e-05
-1.47637e-05
-1.50588e-05
-1.53688e-05
-1.56937e-05
-1.23534e-05
-1.25235e-05
-1.27004e-05
-1.28852e-05
-1.30792e-05
-1.32834e-05
-1.34987e-05
-1.3726e-05
-1.39659e-05
-1.42189e-05
-1.44855e-05
-1.47659e-05
-1.50604e-05
-1.53689e-05
-1.56913e-05
-3.71061e-06
-3.71316e-06
-3.71792e-06
-3.72426e-06
-3.73158e-06
-3.73936e-06
-3.74721e-06
-3.75483e-06
-3.762e-06
-3.7686e-06
-3.77457e-06
-3.77987e-06
-3.78445e-06
-3.78822e-06
-3.79102e-06
-3.79254e-06
-3.79231e-06
-3.78957e-06
-3.78316e-06
-3.77134e-06
-3.75171e-06
-3.72115e-06
-3.67378e-06
-3.6028e-06
-3.50287e-06
-3.36905e-06
-3.19693e-06
-2.9838e-06
-2.73012e-06
-2.43934e-06
-2.11342e-06
-1.75857e-06
-1.39582e-06
-1.04277e-06
-7.1723e-07
-4.35607e-07
-2.10818e-07
-5.12362e-08
4.22095e-08
7.64226e-08
6.4888e-08
2.50947e-08
-2.48896e-08
-6.65978e-08
-8.63633e-08
-3.7018e-06
-3.70502e-06
-3.70916e-06
-3.714e-06
-3.71925e-06
-3.72458e-06
-3.72971e-06
-3.73439e-06
-3.73843e-06
-3.74166e-06
-3.74392e-06
-3.74506e-06
-3.74491e-06
-3.74329e-06
-3.73995e-06
-3.73455e-06
-3.72661e-06
-3.71542e-06
-3.69989e-06
-3.67835e-06
-3.64837e-06
-3.60642e-06
-3.5471e-06
-3.46561e-06
-3.35787e-06
-3.21962e-06
-3.04728e-06
-2.83878e-06
-2.59402e-06
-2.31497e-06
-2.00795e-06
-1.68714e-06
-1.36328e-06
-1.04916e-06
-7.60033e-07
-5.11007e-07
-3.14026e-07
-1.74307e-07
-9.02877e-08
-5.43369e-08
-5.45673e-08
-7.74043e-08
-1.10159e-07
-1.43396e-07
-1.71088e-07
-3.68972e-06
-3.69555e-06
-3.70085e-06
-3.70611e-06
-3.71136e-06
-3.71635e-06
-3.72088e-06
-3.72477e-06
-3.72787e-06
-3.73002e-06
-3.73108e-06
-3.73088e-06
-3.72927e-06
-3.72607e-06
-3.72108e-06
-3.71411e-06
-3.7049e-06
-3.69314e-06
-3.67833e-06
-3.65964e-06
-3.63563e-06
-3.60366e-06
-3.55877e-06
-3.49583e-06
-3.40932e-06
-3.29293e-06
-3.14094e-06
-2.94948e-06
-2.71736e-06
-2.44649e-06
-2.14171e-06
-1.8148e-06
-1.48013e-06
-1.1535e-06
-8.51774e-07
-5.90659e-07
-3.82205e-07
-2.32601e-07
-1.41259e-07
-1.0132e-07
-1.01451e-07
-1.28256e-07
-1.68897e-07
-2.15599e-07
-2.67794e-07
-3.67636e-06
-3.6853e-06
-3.6924e-06
-3.69873e-06
-3.70465e-06
-3.71003e-06
-3.71473e-06
-3.71865e-06
-3.72169e-06
-3.72375e-06
-3.7247e-06
-3.72444e-06
-3.72286e-06
-3.71989e-06
-3.71551e-06
-3.70982e-06
-3.70307e-06
-3.69571e-06
-3.6884e-06
-3.68182e-06
-3.67647e-06
-3.67141e-06
-3.6614e-06
-3.63847e-06
-3.59353e-06
-3.51629e-06
-3.39727e-06
-3.23042e-06
-3.01335e-06
-2.74799e-06
-2.43994e-06
-2.10001e-06
-1.74353e-06
-1.38819e-06
-1.05305e-06
-7.56396e-07
-5.13194e-07
-3.32735e-07
-2.17215e-07
-1.61764e-07
-1.5587e-07
-1.85539e-07
-2.36196e-07
-2.99476e-07
-3.76708e-07
-3.66413e-06
-3.67634e-06
-3.6855e-06
-3.69324e-06
-3.70029e-06
-3.70659e-06
-3.71208e-06
-3.71676e-06
-3.72058e-06
-3.72351e-06
-3.72547e-06
-3.72643e-06
-3.72638e-06
-3.7254e-06
-3.72376e-06
-3.72198e-06
-3.72104e-06
-3.7225e-06
-3.72862e-06
-3.74235e-06
-3.76687e-06
-3.80389e-06
-3.84736e-06
-3.88381e-06
-3.89828e-06
-3.87463e-06
-3.79895e-06
-3.66454e-06
-3.46841e-06
-3.21186e-06
-2.89933e-06
-2.54245e-06
-2.15625e-06
-1.75981e-06
-1.37456e-06
-1.02226e-06
-7.22434e-07
-4.89565e-07
-3.30791e-07
-2.44892e-07
-2.22945e-07
-2.50073e-07
-3.08874e-07
-3.88947e-07
-4.92094e-07
-3.65492e-06
-3.67022e-06
-3.68145e-06
-3.69076e-06
-3.69919e-06
-3.70677e-06
-3.71352e-06
-3.71952e-06
-3.72481e-06
-3.72941e-06
-3.73332e-06
-3.73659e-06
-3.73934e-06
-3.74184e-06
-3.74468e-06
-3.74891e-06
-3.75636e-06
-3.76994e-06
-3.7939e-06
-3.83388e-06
-3.89638e-06
-3.98641e-06
-4.09656e-06
-4.20495e-06
-4.28848e-06
-4.32503e-06
-4.30042e-06
-4.20611e-06
-4.03697e-06
-3.79423e-06
-3.47983e-06
-3.10564e-06
-2.68717e-06
-2.24403e-06
-1.79929e-06
-1.37816e-06
-1.00552e-06
-7.02599e-07
-4.83444e-07
-3.52365e-07
-3.03263e-07
-3.2071e-07
-3.83971e-07
-4.79826e-07
-6.09993e-07
-3.64994e-06
-3.66795e-06
-3.68111e-06
-3.69201e-06
-3.70193e-06
-3.71098e-06
-3.71927e-06
-3.72695e-06
-3.73416e-06
-3.74096e-06
-3.74745e-06
-3.75377e-06
-3.76014e-06
-3.76705e-06
-3.77541e-06
-3.78684e-06
-3.80404e-06
-3.83137e-06
-3.87523e-06
-3.94425e-06
-4.04842e-06
-4.1964e-06
-4.37878e-06
-4.56292e-06
-4.7173e-06
-4.81999e-06
-4.85508e-06
-4.80615e-06
-4.66481e-06
-4.43117e-06
-4.11619e-06
-3.72854e-06
-3.28191e-06
-2.79487e-06
-2.29086e-06
-1.79755e-06
-1.34487e-06
-9.61325e-07
-6.69308e-07
-4.80519e-07
-3.93414e-07
-3.9312e-07
-4.55846e-07
-5.65358e-07
-7.22981e-07
-3.64979e-06
-3.67011e-06
-3.68499e-06
-3.6974e-06
-3.70881e-06
-3.71941e-06
-3.72936e-06
-3.73891e-06
-3.74825e-06
-3.75754e-06
-3.76694e-06
-3.77665e-06
-3.78703e-06
-3.79874e-06
-3.81298e-06
-3.83187e-06
-3.859e-06
-3.90007e-06
-3.96371e-06
-4.06161e-06
-4.20718e-06
-4.41276e-06
-4.66736e-06
-4.92763e-06
-5.15415e-06
-5.31901e-06
-5.40008e-06
-5.38389e-06
-5.26616e-06
-5.04832e-06
-4.73779e-06
-4.34306e-06
-3.87638e-06
-3.35444e-06
-2.79954e-06
-2.24018e-06
-1.7099e-06
-1.24386e-06
-8.73211e-07
-6.18407e-07
-4.84353e-07
-4.58462e-07
-5.14955e-07
-6.34949e-07
-8.19241e-07
-3.65459e-06
-3.67685e-06
-3.69325e-06
-3.70706e-06
-3.71991e-06
-3.73202e-06
-3.74364e-06
-3.75507e-06
-3.76658e-06
-3.7784e-06
-3.79074e-06
-3.80389e-06
-3.81827e-06
-3.8347e-06
-3.85462e-06
-3.88057e-06
-3.91687e-06
-3.97046e-06
-4.05207e-06
-4.17653e-06
-4.35999e-06
-4.61817e-06
-4.93916e-06
-5.26792e-06
-5.55612e-06
-5.77069e-06
-5.88868e-06
-5.89899e-06
-5.79962e-06
-5.59347e-06
-5.28772e-06
-4.89033e-06
-4.41167e-06
-3.8658e-06
-3.27264e-06
-2.65969e-06
-2.06206e-06
-1.51978e-06
-1.07212e-06
-7.48562e-07
-5.61968e-07
-5.03978e-07
-5.48503e-07
-6.74898e-07
-8.83542e-07
-3.66414e-06
-3.68808e-06
-3.70582e-06
-3.7209e-06
-3.73509e-06
-3.74862e-06
-3.76179e-06
-3.77498e-06
-3.78854e-06
-3.80273e-06
-3.81783e-06
-3.83418e-06
-3.85228e-06
-3.87301e-06
-3.89801e-06
-3.93012e-06
-3.97427e-06
-4.03841e-06
-4.1351e-06
-4.28253e-06
-4.49835e-06
-4.80141e-06
-5.1793e-06
-5.5654e-06
-5.90223e-06
-6.15359e-06
-6.29696e-06
-6.32341e-06
-6.2335e-06
-6.0327e-06
-5.72891e-06
-5.32992e-06
-4.84438e-06
-4.28362e-06
-3.66455e-06
-3.01234e-06
-2.36157e-06
-1.75484e-06
-1.23807e-06
-8.48621e-07
-6.0795e-07
-5.13623e-07
-5.41124e-07
-6.69307e-07
-8.98551e-07
-3.67809e-06
-3.70354e-06
-3.72248e-06
-3.73873e-06
-3.75411e-06
-3.7689e-06
-3.78343e-06
-3.79816e-06
-3.81348e-06
-3.82973e-06
-3.84724e-06
-3.86636e-06
-3.88766e-06
-3.91208e-06
-3.94132e-06
-3.97847e-06
-4.02888e-06
-4.10128e-06
-4.20949e-06
-4.37485e-06
-4.61717e-06
-4.9586e-06
-5.38112e-06
-5.81228e-06
-6.18438e-06
-6.45929e-06
-6.61541e-06
-6.64646e-06
-6.55612e-06
-6.3527e-06
-6.04537e-06
-5.64214e-06
-5.15052e-06
-4.57961e-06
-3.94336e-06
-3.264e-06
-2.57404e-06
-1.91638e-06
-1.3426e-06
-8.94339e-07
-6.01668e-07
-4.69316e-07
-4.75949e-07
-6.0126e-07
-8.46337e-07
-3.69601e-06
-3.72292e-06
-3.74297e-06
-3.76027e-06
-3.77671e-06
-3.79256e-06
-3.80819e-06
-3.82413e-06
-3.84084e-06
-3.85872e-06
-3.87813e-06
-3.89948e-06
-3.92334e-06
-3.95068e-06
-3.98326e-06
-4.02427e-06
-4.07934e-06
-4.15784e-06
-4.2744e-06
-4.45165e-06
-4.71503e-06
-5.08776e-06
-5.54477e-06
-6.00806e-06
-6.40276e-06
-6.68891e-06
-6.84616e-06
-6.87108e-06
-6.77065e-06
-6.5559e-06
-6.23764e-06
-5.82451e-06
-5.32357e-06
-4.74242e-06
-4.09269e-06
-3.39379e-06
-2.67526e-06
-1.97812e-06
-1.36053e-06
-8.6275e-07
-5.22531e-07
-3.52634e-07
-3.35976e-07
-4.54145e-07
-7.09858e-07
-3.71754e-06
-3.74595e-06
-3.76706e-06
-3.78532e-06
-3.80265e-06
-3.81931e-06
-3.83573e-06
-3.85249e-06
-3.87013e-06
-3.8891e-06
-3.90983e-06
-3.93277e-06
-3.95849e-06
-3.98798e-06
-4.02298e-06
-4.06675e-06
-4.12505e-06
-4.20774e-06
-4.33012e-06
-4.51445e-06
-4.79517e-06
-5.18926e-06
-5.67194e-06
-6.15668e-06
-6.5631e-06
-6.84996e-06
-6.99851e-06
-7.00809e-06
-6.88876e-06
-6.65412e-06
-6.31671e-06
-5.88611e-06
-5.36954e-06
-4.774e-06
-4.10968e-06
-3.39391e-06
-2.65359e-06
-1.92539e-06
-1.27018e-06
-7.33564e-07
-3.51905e-07
-1.46559e-07
-1.05498e-07
-2.12911e-07
-4.74214e-07
-3.7424e-06
-3.77243e-06
-3.79459e-06
-3.81372e-06
-3.83177e-06
-3.84897e-06
-3.86581e-06
-3.88293e-06
-3.90096e-06
-3.92044e-06
-3.94185e-06
-3.96569e-06
-3.99255e-06
-4.02341e-06
-4.06e-06
-4.10556e-06
-4.16592e-06
-4.25119e-06
-4.37742e-06
-4.56742e-06
-4.85841e-06
-5.26644e-06
-5.76743e-06
-6.26479e-06
-6.674e-06
-6.95309e-06
-7.08507e-06
-7.07165e-06
-6.9258e-06
-6.66336e-06
-6.29852e-06
-5.84202e-06
-5.3017e-06
-4.6847e-06
-4.00067e-06
-3.26551e-06
-2.50472e-06
-1.75335e-06
-1.06158e-06
-4.9112e-07
-7.49034e-08
1.62851e-07
2.28587e-07
1.34927e-07
-1.27509e-07
-3.77046e-06
-3.80228e-06
-3.82551e-06
-3.84542e-06
-3.86399e-06
-3.88142e-06
-3.89825e-06
-3.91523e-06
-3.93307e-06
-3.95241e-06
-3.97383e-06
-3.99787e-06
-4.02517e-06
-4.05668e-06
-4.09413e-06
-4.14069e-06
-4.20219e-06
-4.28888e-06
-4.41736e-06
-4.61145e-06
-4.90722e-06
-5.32487e-06
-5.83736e-06
-6.34011e-06
-6.74501e-06
-7.0097e-06
-7.11905e-06
-7.07644e-06
-6.89765e-06
-6.60038e-06
-6.20028e-06
-5.7093e-06
-5.13628e-06
-4.48906e-06
-3.77748e-06
-3.01682e-06
-2.23186e-06
-1.45698e-06
-7.32718e-07
-1.29252e-07
3.17392e-07
5.85589e-07
6.76127e-07
5.98793e-07
3.38845e-07
-3.80173e-06
-3.83556e-06
-3.8599e-06
-3.88048e-06
-3.89934e-06
-3.91664e-06
-3.93299e-06
-3.94925e-06
-3.96625e-06
-3.98478e-06
-4.0055e-06
-4.02907e-06
-4.05614e-06
-4.08766e-06
-4.12538e-06
-4.17235e-06
-4.23436e-06
-4.32166e-06
-4.45118e-06
-4.64745e-06
-4.94567e-06
-5.36918e-06
-5.88774e-06
-6.39021e-06
-6.78533e-06
-7.03073e-06
-7.11224e-06
-7.0359e-06
-6.81894e-06
-6.48073e-06
-6.03823e-06
-5.50458e-06
-4.88977e-06
-4.20273e-06
-3.45408e-06
-2.6594e-06
-1.84287e-06
-1.03812e-06
-2.85352e-07
3.51582e-07
8.31188e-07
1.12876e-06
1.24382e-06
1.1851e-06
9.30102e-07
-3.83639e-06
-3.87246e-06
-3.89796e-06
-3.91909e-06
-3.93795e-06
-3.95469e-06
-3.97e-06
-3.98489e-06
-4.00037e-06
-4.01735e-06
-4.03668e-06
-4.05913e-06
-4.08538e-06
-4.11636e-06
-4.15388e-06
-4.20087e-06
-4.263e-06
-4.35047e-06
-4.48031e-06
-4.67748e-06
-4.97683e-06
-5.40343e-06
-5.92392e-06
-6.4215e-06
-6.80291e-06
-7.02533e-06
-7.0756e-06
-6.96171e-06
-6.70225e-06
-6.31787e-06
-5.8266e-06
-5.24268e-06
-4.57732e-06
-3.84076e-06
-3.04484e-06
-2.20598e-06
-1.34824e-06
-5.05265e-07
2.78836e-07
9.50191e-07
1.46676e-06
1.79494e-06
1.93483e-06
1.89782e-06
1.64809e-06
-3.87478e-06
-3.91335e-06
-3.94003e-06
-3.96154e-06
-3.98005e-06
-3.99571e-06
-4.00933e-06
-4.02211e-06
-4.03528e-06
-4.04996e-06
-4.06719e-06
-4.0879e-06
-4.11282e-06
-4.14282e-06
-4.17983e-06
-4.22662e-06
-4.28873e-06
-4.37622e-06
-4.50612e-06
-4.70355e-06
-5.00314e-06
-5.43072e-06
-5.95028e-06
-6.43992e-06
-6.80458e-06
-7.00128e-06
-7.01771e-06
-6.86336e-06
-6.55788e-06
-6.12291e-06
-5.57729e-06
-4.93622e-06
-4.21212e-06
-3.41661e-06
-2.56305e-06
-1.66921e-06
-7.60022e-07
1.30154e-07
9.56635e-07
1.66811e-06
2.21881e-06
2.58253e-06
2.74932e-06
2.73873e-06
2.49299e-06
-3.91738e-06
-3.95871e-06
-3.98659e-06
-4.00824e-06
-4.02594e-06
-4.03987e-06
-4.05101e-06
-4.06084e-06
-4.07084e-06
-4.08241e-06
-4.09681e-06
-4.11523e-06
-4.13842e-06
-4.16709e-06
-4.20344e-06
-4.24999e-06
-4.31212e-06
-4.39974e-06
-4.52972e-06
-4.72726e-06
-5.0266e-06
-5.45383e-06
-5.97048e-06
-6.44996e-06
-6.79569e-06
-6.96465e-06
-6.94528e-06
-6.74814e-06
-6.39396e-06
-5.90469e-06
-5.29992e-06
-4.59561e-06
-3.80525e-06
-2.9419e-06
-2.02058e-06
-1.06078e-06
-8.89956e-08
8.59151e-07
1.7384e-06
2.49677e-06
3.0871e-06
3.48937e-06
3.68781e-06
3.69851e-06
3.46938e-06
-3.96483e-06
-4.00919e-06
-4.03824e-06
-4.05969e-06
-4.07598e-06
-4.08737e-06
-4.09509e-06
-4.10097e-06
-4.10685e-06
-4.11446e-06
-4.1253e-06
-4.14093e-06
-4.16202e-06
-4.18922e-06
-4.22485e-06
-4.27128e-06
-4.33366e-06
-4.42169e-06
-4.55202e-06
-4.74979e-06
-5.04876e-06
-5.47491e-06
-5.98722e-06
-6.45496e-06
-6.78022e-06
-6.92001e-06
-6.86345e-06
-6.62195e-06
-6.21671e-06
-5.67011e-06
-5.0021e-06
-4.22923e-06
-3.36592e-06
-2.42656e-06
-1.42791e-06
-3.91425e-07
6.54346e-07
1.67191e-06
2.61461e-06
3.42886e-06
4.0662e-06
4.50928e-06
4.74185e-06
4.77264e-06
4.57409e-06
-4.01794e-06
-4.06561e-06
-4.09574e-06
-4.11651e-06
-4.13061e-06
-4.13843e-06
-4.14158e-06
-4.14234e-06
-4.14304e-06
-4.1458e-06
-4.15247e-06
-4.16476e-06
-4.18328e-06
-4.20915e-06
-4.24418e-06
-4.29071e-06
-4.3537e-06
-4.44256e-06
-4.57372e-06
-4.77202e-06
-5.07075e-06
-5.49544e-06
-6.00246e-06
-6.45735e-06
-6.76106e-06
-6.87067e-06
-6.77589e-06
-6.48879e-06
-6.03075e-06
-5.4244e-06
-4.6898e-06
-3.84386e-06
-2.90177e-06
-1.87911e-06
-7.94351e-07
3.28932e-07
1.4598e-06
2.55824e-06
3.57538e-06
4.45675e-06
5.14951e-06
5.63533e-06
5.90503e-06
5.95872e-06
5.79554e-06
-4.07768e-06
-4.12897e-06
-4.15999e-06
-4.17941e-06
-4.19027e-06
-4.19322e-06
-4.1904e-06
-4.1847e-06
-4.17904e-06
-4.17602e-06
-4.17785e-06
-4.18631e-06
-4.20213e-06
-4.22673e-06
-4.26139e-06
-4.3084e-06
-4.37248e-06
-4.46271e-06
-4.59523e-06
-4.79452e-06
-5.09328e-06
-5.51638e-06
-6.01745e-06
-6.45873e-06
-6.74012e-06
-6.81885e-06
-6.68517e-06
-6.35156e-06
-5.83949e-06
-5.17151e-06
-4.36765e-06
-3.44498e-06
-2.41921e-06
-1.307e-06
-1.28369e-07
1.09093e-06
2.31738e-06
3.50803e-06
4.6112e-06
5.57006e-06
6.32684e-06
6.86224e-06
7.17615e-06
7.25988e-06
7.12756e-06
-4.14526e-06
-4.20047e-06
-4.23205e-06
-4.2492e-06
-4.25544e-06
-4.2519e-06
-4.24143e-06
-4.22771e-06
-4.21437e-06
-4.20459e-06
-4.20089e-06
-4.20518e-06
-4.2184e-06
-4.24177e-06
-4.27639e-06
-4.32437e-06
-4.3901e-06
-4.48233e-06
-4.6168e-06
-4.81761e-06
-5.11675e-06
-5.53824e-06
-6.03294e-06
-6.46004e-06
-6.7186e-06
-6.76599e-06
-6.59296e-06
-6.21228e-06
-5.64533e-06
-4.91443e-06
-4.03934e-06
-3.03712e-06
-1.92382e-06
-7.1692e-07
5.62109e-07
1.88548e-06
3.217e-06
4.51055e-06
5.71112e-06
6.75854e-06
7.58849e-06
8.18056e-06
8.54579e-06
8.66632e-06
8.56782e-06
-4.22216e-06
-4.28159e-06
-4.31319e-06
-4.32676e-06
-4.3266e-06
-4.31452e-06
-4.2944e-06
-4.27091e-06
-4.24851e-06
-4.23094e-06
-4.22112e-06
-4.22102e-06
-4.23167e-06
-4.25404e-06
-4.28906e-06
-4.33854e-06
-4.40656e-06
-4.50144e-06
-4.63849e-06
-4.84137e-06
-5.14128e-06
-5.56122e-06
-6.04923e-06
-6.46177e-06
-6.69714e-06
-6.71292e-06
-6.50034e-06
-6.07232e-06
-5.45004e-06
-4.65541e-06
-3.70781e-06
-2.62411e-06
-1.42051e-06
-1.15109e-07
1.26944e-06
2.70347e-06
4.14822e-06
5.55435e-06
6.86301e-06
8.01005e-06
8.92476e-06
9.57871e-06
9.99914e-06
1.01625e-05
1.01074e-05
-4.31019e-06
-4.37411e-06
-4.40487e-06
-4.41308e-06
-4.4042e-06
-4.38107e-06
-4.34892e-06
-4.31372e-06
-4.28082e-06
-4.25451e-06
-4.23805e-06
-4.23342e-06
-4.24161e-06
-4.26333e-06
-4.29924e-06
-4.35082e-06
-4.42177e-06
-4.51997e-06
-4.66025e-06
-4.86574e-06
-5.16678e-06
-5.58526e-06
-6.06635e-06
-6.46405e-06
-6.676e-06
-6.66006e-06
-6.40791e-06
-5.93257e-06
-5.25486e-06
-4.39621e-06
-3.37553e-06
-2.20934e-06
-9.13829e-07
4.9251e-07
1.98609e-06
3.53568e-06
5.10021e-06
6.62714e-06
8.05338e-06
9.30986e-06
1.03229e-05
1.10495e-05
1.15277e-05
1.17408e-05
1.1734e-05
-4.41165e-06
-4.48021e-06
-4.50879e-06
-4.5092e-06
-4.48859e-06
-4.45138e-06
-4.40453e-06
-4.35551e-06
-4.3106e-06
-4.27471e-06
-4.2512e-06
-4.242e-06
-4.24795e-06
-4.26943e-06
-4.30677e-06
-4.36106e-06
-4.4356e-06
-4.53778e-06
-4.68191e-06
-4.89053e-06
-5.19306e-06
-5.61015e-06
-6.08413e-06
-6.46677e-06
-6.65521e-06
-6.60757e-06
-6.31603e-06
-5.79361e-06
-5.06074e-06
-4.1383e-06
-3.04461e-06
-1.79584e-06
-4.07998e-07
1.10021e-06
2.70458e-06
4.37271e-06
6.06161e-06
7.71589e-06
9.26797e-06
1.06427e-05
1.17657e-05
1.25832e-05
1.31217e-05
1.33925e-05
1.34403e-05
-4.52942e-06
-4.60256e-06
-4.62692e-06
-4.61617e-06
-4.58006e-06
-4.52512e-06
-4.46063e-06
-4.39553e-06
-4.3372e-06
-4.29098e-06
-4.26015e-06
-4.24649e-06
-4.25052e-06
-4.27223e-06
-4.31155e-06
-4.36917e-06
-4.44792e-06
-4.55471e-06
-4.70325e-06
-4.91546e-06
-5.21979e-06
-5.63557e-06
-6.10227e-06
-6.46973e-06
-6.63462e-06
-6.55545e-06
-6.22487e-06
-5.65586e-06
-4.86843e-06
-3.88288e-06
-2.71696e-06
-1.3864e-06
9.29776e-08
1.70246e-06
3.41752e-06
5.20503e-06
7.0207e-06
8.80688e-06
1.0492e-05
1.19949e-05
1.32367e-05
1.41599e-05
1.47687e-05
1.51057e-05
1.52177e-05
-4.66722e-06
-4.74442e-06
-4.76146e-06
-4.73503e-06
-4.67865e-06
-4.6018e-06
-4.51638e-06
-4.43304e-06
-4.35999e-06
-4.30285e-06
-4.26463e-06
-4.24673e-06
-4.24925e-06
-4.2717e-06
-4.31356e-06
-4.37509e-06
-4.45864e-06
-4.57058e-06
-4.72404e-06
-4.94025e-06
-5.24664e-06
-5.66116e-06
-6.12045e-06
-6.47263e-06
-6.61407e-06
-6.50364e-06
-6.13452e-06
-5.51965e-06
-4.67858e-06
-3.63103e-06
-2.39427e-06
-9.83618e-07
5.85331e-07
2.29394e-06
4.11765e-06
6.0231e-06
7.96542e-06
9.88559e-06
1.17091e-05
1.33491e-05
1.47202e-05
1.57592e-05
1.64531e-05
1.68666e-05
1.70554e-05
-4.82987e-06
-4.90972e-06
-4.9148e-06
-4.86665e-06
-4.78416e-06
-4.6806e-06
-4.57089e-06
-4.46725e-06
-4.37846e-06
-4.31002e-06
-4.26452e-06
-4.24274e-06
-4.24422e-06
-4.26793e-06
-4.31287e-06
-4.37882e-06
-4.46767e-06
-4.58525e-06
-4.74404e-06
-4.96461e-06
-5.27326e-06
-5.68654e-06
-6.13832e-06
-6.47519e-06
-6.59335e-06
-6.45206e-06
-6.04506e-06
-5.38526e-06
-4.49174e-06
-3.38375e-06
-2.07812e-06
-5.89872e-07
1.06556e-06
2.86966e-06
4.79803e-06
6.81759e-06
8.88367e-06
1.0937e-05
1.29013e-05
1.46852e-05
1.61954e-05
1.73611e-05
1.81594e-05
1.86607e-05
1.8943e-05
-5.02376e-06
-5.10326e-06
-5.08947e-06
-5.01162e-06
-4.89587e-06
-4.76056e-06
-4.62318e-06
-4.49744e-06
-4.3922e-06
-4.31239e-06
-4.25988e-06
-4.23469e-06
-4.23564e-06
-4.26113e-06
-4.30963e-06
-4.38045e-06
-4.47502e-06
-4.59862e-06
-4.76309e-06
-4.98826e-06
-5.29934e-06
-5.71137e-06
-6.15555e-06
-6.47716e-06
-6.57227e-06
-6.40063e-06
-5.95656e-06
-5.25294e-06
-4.30845e-06
-3.14194e-06
-1.76993e-06
-2.07326e-07
1.53048e-06
3.42504e-06
5.45224e-06
7.57965e-06
9.76362e-06
1.19458e-05
1.40499e-05
1.59816e-05
1.764e-05
1.89442e-05
1.98648e-05
2.04711e-05
2.08701e-05
-5.25753e-06
-5.33071e-06
-5.28795e-06
-5.16988e-06
-5.01294e-06
-4.8403e-06
-4.67222e-06
-4.52302e-06
-4.40097e-06
-4.31001e-06
-4.25097e-06
-4.22291e-06
-4.22387e-06
-4.25161e-06
-4.30408e-06
-4.38014e-06
-4.48074e-06
-4.61065e-06
-4.78102e-06
-5.01099e-06
-5.32459e-06
-5.73536e-06
-6.17188e-06
-6.4783e-06
-6.55071e-06
-6.34933e-06
-5.86913e-06
-5.12297e-06
-4.12921e-06
-2.90641e-06
-1.47098e-06
1.62107e-07
1.97728e-06
3.95603e-06
6.07451e-06
8.3012e-06
1.05941e-05
1.28972e-05
1.51359e-05
1.72153e-05
1.90287e-05
2.0485e-05
2.1543e-05
2.22768e-05
2.28252e-05
-5.54311e-06
-5.59856e-06
-5.51221e-06
-5.34066e-06
-5.13364e-06
-4.91831e-06
-4.717e-06
-4.54353e-06
-4.40479e-06
-4.30319e-06
-4.23823e-06
-4.20788e-06
-4.20936e-06
-4.23977e-06
-4.29655e-06
-4.37811e-06
-4.48495e-06
-4.62133e-06
-4.79776e-06
-5.03262e-06
-5.34879e-06
-5.75826e-06
-6.18708e-06
-6.47847e-06
-6.52858e-06
-6.29816e-06
-5.78288e-06
-4.99562e-06
-3.95448e-06
-2.6779e-06
-1.18238e-06
5.16795e-07
2.40362e-06
4.45924e-06
6.65995e-06
8.97518e-06
1.13651e-05
1.3777e-05
1.61401e-05
1.83619e-05
2.03326e-05
2.19527e-05
2.31653e-05
2.4053e-05
2.47974e-05
-5.89731e-06
-5.91385e-06
-5.76225e-06
-5.5233e-06
-5.25557e-06
-4.99281e-06
-4.75661e-06
-4.55877e-06
-4.4039e-06
-4.29241e-06
-4.22226e-06
-4.19023e-06
-4.19268e-06
-4.22609e-06
-4.28741e-06
-4.37462e-06
-4.4878e-06
-4.63072e-06
-4.81326e-06
-5.05304e-06
-5.37176e-06
-5.77988e-06
-6.20099e-06
-6.47755e-06
-6.50584e-06
-6.24718e-06
-5.69796e-06
-4.87116e-06
-3.78469e-06
-2.45705e-06
-9.05053e-07
8.55422e-07
2.80761e-06
4.932e-06
7.20468e-06
9.59591e-06
1.20681e-05
1.45725e-05
1.70442e-05
1.93961e-05
2.15197e-05
2.33107e-05
2.46954e-05
2.57683e-05
2.67771e-05
-6.34419e-06
-6.28417e-06
-6.03763e-06
-5.71354e-06
-5.37574e-06
-5.06203e-06
-4.79035e-06
-4.5688e-06
-4.39882e-06
-4.27839e-06
-4.20379e-06
-4.17062e-06
-4.17443e-06
-4.21107e-06
-4.27705e-06
-4.36997e-06
-4.48948e-06
-4.63892e-06
-4.82751e-06
-5.07216e-06
-5.39339e-06
-5.80009e-06
-6.21351e-06
-6.47549e-06
-6.4825e-06
-6.19646e-06
-5.61454e-06
-4.74984e-06
-3.62022e-06
-2.2444e-06
-6.39729e-07
1.177e-06
3.1879e-06
5.3724e-06
7.70598e-06
1.01592e-05
1.26965e-05
1.52734e-05
1.78319e-05
2.02934e-05
2.25554e-05
2.45161e-05
2.6086e-05
2.73796e-05
2.87555e-05
-6.91707e-06
-6.7111e-06
-6.33698e-06
-5.90658e-06
-5.49057e-06
-5.12422e-06
-4.81783e-06
-4.574e-06
-4.39026e-06
-4.26195e-06
-4.18364e-06
-4.1498e-06
-4.15522e-06
-4.19522e-06
-4.26589e-06
-4.36444e-06
-4.49019e-06
-4.64603e-06
-4.84056e-06
-5.08997e-06
-5.41362e-06
-5.81881e-06
-6.2246e-06
-6.47229e-06
-6.45861e-06
-6.14613e-06
-5.5328e-06
-4.63194e-06
-3.46143e-06
-2.0404e-06
-3.87012e-07
1.48076e-06
3.54354e-06
5.77921e-06
8.16207e-06
1.06624e-05
1.32458e-05
1.58718e-05
1.84892e-05
2.10303e-05
2.34036e-05
2.55185e-05
2.7275e-05
2.8823e-05
3.07175e-05
-7.66162e-06
-7.19165e-06
-6.64851e-06
-6.0955e-06
-5.59601e-06
-5.1778e-06
-4.83894e-06
-4.57499e-06
-4.37911e-06
-4.244e-06
-4.16264e-06
-4.1285e-06
-4.13569e-06
-4.17906e-06
-4.25432e-06
-4.35837e-06
-4.49017e-06
-4.6522e-06
-4.85249e-06
-5.10649e-06
-5.43241e-06
-5.83603e-06
-6.23423e-06
-6.46796e-06
-6.43425e-06
-6.0963e-06
-5.45294e-06
-4.51772e-06
-3.30869e-06
-1.84554e-06
-1.47478e-07
1.76602e-06
3.87372e-06
6.1515e-06
8.57181e-06
1.11038e-05
1.37132e-05
1.63621e-05
1.90052e-05
2.1586e-05
2.40273e-05
2.62596e-05
2.81798e-05
2.99984e-05
3.2624e-05
-8.62208e-06
-7.71586e-06
-6.9567e-06
-6.2711e-06
-5.68774e-06
-5.22149e-06
-4.85394e-06
-4.57258e-06
-4.36631e-06
-4.22545e-06
-4.1416e-06
-4.1074e-06
-4.11641e-06
-4.16305e-06
-4.24273e-06
-4.35204e-06
-4.48963e-06
-4.6576e-06
-4.8634e-06
-5.12177e-06
-5.44981e-06
-5.85173e-06
-6.24242e-06
-6.46253e-06
-6.40943e-06
-6.04702e-06
-5.37502e-06
-4.40725e-06
-3.16206e-06
-1.65988e-06
7.88099e-08
2.03276e-06
4.17848e-06
6.48936e-06
8.93535e-06
1.14834e-05
1.40982e-05
1.67419e-05
1.9373e-05
2.19435e-05
2.4391e-05
2.66744e-05
2.8696e-05
3.07638e-05
3.44111e-05
-9.89209e-06
-8.26912e-06
-7.23984e-06
-6.42351e-06
-5.76315e-06
-5.25578e-06
-4.86437e-06
-4.56844e-06
-4.35332e-06
-4.20744e-06
-4.12138e-06
-4.08712e-06
-4.09779e-06
-4.14747e-06
-4.23128e-06
-4.34555e-06
-4.48862e-06
-4.66223e-06
-4.87326e-06
-5.13579e-06
-5.46581e-06
-5.866e-06
-6.24932e-06
-6.4562e-06
-6.38434e-06
-5.99834e-06
-5.29883e-06
-4.30001e-06
-3.02058e-06
-1.48192e-06
2.9402e-07
2.28392e-06
4.4617e-06
6.79774e-06
9.2588e-06
1.18087e-05
1.4409e-05
1.702e-05
1.95993e-05
2.21018e-05
2.44738e-05
2.67012e-05
2.86999e-05
3.0951e-05
3.60629e-05
-1.15828e-05
-8.81905e-06
-7.46639e-06
-6.54413e-06
-5.82437e-06
-5.28514e-06
-4.87456e-06
-4.56606e-06
-4.3427e-06
-4.19173e-06
-4.10306e-06
-4.06823e-06
-4.08003e-06
-4.13225e-06
-4.21973e-06
-4.33855e-06
-4.48674e-06
-4.66568e-06
-4.8817e-06
-5.14822e-06
-5.48018e-06
-5.87881e-06
-6.25522e-06
-6.44955e-06
-6.35973e-06
-5.951e-06
-5.22492e-06
-4.19608e-06
-2.88368e-06
-1.31015e-06
5.00907e-07
2.52391e-06
4.72987e-06
7.08577e-06
9.55455e-06
1.20958e-05
1.46667e-05
1.72224e-05
1.97149e-05
2.20928e-05
2.42945e-05
2.63041e-05
2.80326e-05
3.02385e-05
3.71775e-05
-1.30072e-05
-9.16369e-06
-7.57764e-06
-6.61432e-06
-5.86726e-06
-5.30833e-06
-4.88382e-06
-4.56496e-06
-4.33415e-06
-4.17823e-06
-4.08679e-06
-4.05108e-06
-4.06365e-06
-4.11803e-06
-4.2088e-06
-4.33178e-06
-4.48473e-06
-4.66866e-06
-4.88937e-06
-5.15961e-06
-5.4933e-06
-5.89029e-06
-6.26012e-06
-6.44281e-06
-6.33657e-06
-5.90724e-06
-5.1573e-06
-4.10175e-06
-2.76028e-06
-1.15642e-06
6.8457e-07
2.73481e-06
4.96243e-06
7.33088e-06
9.79906e-06
1.23219e-05
1.48507e-05
1.73337e-05
1.97128e-05
2.19204e-05
2.38628e-05
2.54544e-05
2.64937e-05
2.77093e-05
3.40689e-05
)
;

boundaryField
{
    inlet
    {
        type            uniformJump;
        patchType       cyclic;
        jump            uniform -2.5e-05;
        value           nonuniform List<scalar> 
40
(
8.779e-07
8.95232e-07
9.13253e-07
9.31055e-07
9.50094e-07
9.71769e-07
9.98305e-07
1.03374e-06
1.08448e-06
1.15918e-06
1.26799e-06
1.42172e-06
1.63192e-06
1.91143e-06
2.27415e-06
2.73353e-06
3.29991e-06
3.97743e-06
4.76112e-06
5.63156e-06
6.51124e-06
7.26507e-06
7.84582e-06
8.27096e-06
8.57356e-06
8.78158e-06
8.919e-06
9.00598e-06
9.05852e-06
9.08871e-06
9.10521e-06
9.11392e-06
9.11862e-06
9.12159e-06
9.12407e-06
9.12667e-06
9.12959e-06
9.13291e-06
9.13678e-06
9.14087e-06
)
;
        jumpTable       table;
        jumpTableCoeffs
        {
            values          
4
(
(0 -2.5e-05)
(25 -2.5e-05)
(25.5 -0.0001)
(26 -2.5e-05)
)
;
        }
    }
    outlet
    {
        type            uniformJump;
        patchType       cyclic;
        value           nonuniform List<scalar> 
40
(
-2.41221e-05
-2.41048e-05
-2.40867e-05
-2.40689e-05
-2.40499e-05
-2.40282e-05
-2.40017e-05
-2.39663e-05
-2.39155e-05
-2.38408e-05
-2.3732e-05
-2.35783e-05
-2.33681e-05
-2.30886e-05
-2.27258e-05
-2.22665e-05
-2.17001e-05
-2.10226e-05
-2.02389e-05
-1.93684e-05
-1.84888e-05
-1.77349e-05
-1.71542e-05
-1.6729e-05
-1.64264e-05
-1.62184e-05
-1.6081e-05
-1.5994e-05
-1.59415e-05
-1.59113e-05
-1.58948e-05
-1.58861e-05
-1.58814e-05
-1.58784e-05
-1.58759e-05
-1.58733e-05
-1.58704e-05
-1.58671e-05
-1.58632e-05
-1.58591e-05
)
;
    }
    Walls
    {
        type            zeroGradient;
    }
    back
    {
        type            empty;
    }
    front
    {
        type            empty;
    }
}


// ************************************************************************* //
