/*--------------------------------*- C++ -*----------------------------------*\
| =========                 |                                                 |
| \\      /  F ield         | OpenFOAM: The Open Source CFD Toolbox           |
|  \\    /   O peration     | Version:  2312                                  |
|   \\  /    A nd           | Website:  www.openfoam.com                      |
|    \\/     M anipulation  |                                                 |
\*---------------------------------------------------------------------------*/
FoamFile
{
    version     2.0;
    format      ascii;
    arch        "LSB;label=32;scalar=64";
    class       volScalarField;
    location    "121.25";
    object      p;
}
// * * * * * * * * * * * * * * * * * * * * * * * * * * * * * * * * * * * * * //

dimensions      [0 2 -2 0 0 0 0];

internalField   nonuniform List<scalar> 
4800
(
2.53282e-13
-1.30462e-06
-2.32657e-06
-3.14518e-06
-3.81498e-06
-4.36821e-06
-4.84233e-06
-5.25238e-06
-5.60965e-06
-5.92692e-06
-6.21245e-06
-6.46762e-06
-6.68732e-06
-7.10414e-06
-8.63281e-06
1.69359e-08
-1.28647e-06
-2.30824e-06
-3.12733e-06
-3.79834e-06
-4.35358e-06
-4.83057e-06
-5.24462e-06
-5.60738e-06
-5.93351e-06
-6.23605e-06
-6.52924e-06
-6.82681e-06
-7.2343e-06
-7.98637e-06
3.44573e-08
-1.2676e-06
-2.28917e-06
-3.10888e-06
-3.7813e-06
-4.33831e-06
-4.81688e-06
-5.23423e-06
-5.60149e-06
-5.93395e-06
-6.246e-06
-6.55262e-06
-6.86148e-06
-7.18103e-06
-7.48882e-06
5.17415e-08
-1.24852e-06
-2.26954e-06
-3.08953e-06
-3.76288e-06
-4.32173e-06
-4.80025e-06
-5.21958e-06
-5.58896e-06
-5.92239e-06
-6.23216e-06
-6.52513e-06
-6.79349e-06
-7.00769e-06
-7.10121e-06
7.02022e-08
-1.22772e-06
-2.24771e-06
-3.06752e-06
-3.74112e-06
-4.30164e-06
-4.77875e-06
-5.19744e-06
-5.5655e-06
-5.8933e-06
-6.18888e-06
-6.4502e-06
-6.65912e-06
-6.77922e-06
-6.75859e-06
9.11904e-08
-1.20382e-06
-2.22224e-06
-3.04128e-06
-3.71426e-06
-4.27513e-06
-4.75018e-06
-5.1644e-06
-5.52596e-06
-5.84061e-06
-6.11132e-06
-6.33037e-06
-6.47787e-06
-6.52595e-06
-6.44836e-06
1.16887e-07
-1.17472e-06
-2.19094e-06
-3.00839e-06
-3.6796e-06
-4.23808e-06
-4.70985e-06
-5.11592e-06
-5.46473e-06
-5.75874e-06
-5.99691e-06
-6.17023e-06
-6.26363e-06
-6.26287e-06
-6.16148e-06
1.51329e-07
-1.13659e-06
-2.14997e-06
-2.96478e-06
-3.63268e-06
-4.18658e-06
-4.65145e-06
-5.04547e-06
-5.37577e-06
-5.64333e-06
-5.84568e-06
-5.9763e-06
-6.02772e-06
-5.99747e-06
-5.89008e-06
2.01092e-07
-1.08315e-06
-2.0931e-06
-2.90404e-06
-3.56678e-06
-4.11356e-06
-4.56775e-06
-4.94542e-06
-5.25293e-06
-5.49123e-06
-5.65906e-06
-5.7544e-06
-5.77696e-06
-5.73192e-06
-5.6283e-06
2.75525e-07
-1.00528e-06
-2.01122e-06
-2.817e-06
-3.47251e-06
-4.00944e-06
-4.44961e-06
-4.80763e-06
-5.09025e-06
-5.29993e-06
-5.43819e-06
-5.5077e-06
-5.51335e-06
-5.46418e-06
-5.37017e-06
3.86321e-07
-8.91083e-07
-1.89227e-06
-2.69151e-06
-3.33778e-06
-3.86238e-06
-4.28624e-06
-4.62323e-06
-4.88167e-06
-5.06648e-06
-5.18241e-06
-5.23579e-06
-5.23448e-06
-5.18882e-06
-5.10813e-06
5.46909e-07
-7.26386e-07
-1.72164e-06
-2.51284e-06
-3.14811e-06
-3.65872e-06
-4.06543e-06
-4.3826e-06
-4.62037e-06
-4.78639e-06
-4.88818e-06
-4.93436e-06
-4.93404e-06
-4.89739e-06
-4.83254e-06
7.72748e-07
-4.94571e-07
-1.48217e-06
-2.26379e-06
-2.88694e-06
-3.38315e-06
-3.7739e-06
-4.07497e-06
-4.29789e-06
-4.45257e-06
-4.54843e-06
-4.59519e-06
-4.60214e-06
-4.5786e-06
-4.53149e-06
1.0824e-06
-1.75532e-07
-1.15323e-06
-1.92398e-06
-2.53485e-06
-3.01798e-06
-3.39627e-06
-3.68674e-06
-3.90229e-06
-4.05383e-06
-4.15161e-06
-4.20571e-06
-4.22509e-06
-4.21805e-06
-4.19045e-06
1.49771e-06
2.54817e-07
-7.10067e-07
-1.469e-06
-2.06864e-06
-2.54168e-06
-2.91247e-06
-3.19934e-06
-3.41587e-06
-3.5727e-06
-3.67995e-06
-3.74756e-06
-3.78407e-06
-3.79688e-06
-3.79102e-06
2.04197e-06
8.23045e-07
-1.24905e-07
-8.71317e-07
-1.46183e-06
-1.92924e-06
-2.29889e-06
-2.58971e-06
-2.81542e-06
-2.98563e-06
-3.10953e-06
-3.19658e-06
-3.25494e-06
-3.29133e-06
-3.31021e-06
2.73583e-06
1.55407e-06
6.29383e-07
-1.03331e-07
-6.87543e-07
-1.15497e-06
-1.53077e-06
-1.83351e-06
-2.07624e-06
-2.26736e-06
-2.4149e-06
-2.52754e-06
-2.61296e-06
-2.6773e-06
-2.72471e-06
3.59223e-06
2.46481e-06
1.5723e-06
8.56455e-07
2.76743e-07
-1.96393e-07
-5.86333e-07
-9.08464e-07
-1.17574e-06
-1.39517e-06
-1.5737e-06
-1.71925e-06
-1.83874e-06
-1.93752e-06
-2.01928e-06
4.61054e-06
3.55706e-06
2.7072e-06
2.01225e-06
1.4389e-06
9.59696e-07
5.5082e-07
2.01265e-07
-9.6722e-08
-3.49659e-07
-5.64991e-07
-7.50237e-07
-9.11309e-07
-1.05247e-06
-1.17678e-06
5.76572e-06
4.80537e-06
4.00856e-06
3.33827e-06
2.76924e-06
2.28202e-06
1.85917e-06
1.485e-06
1.15645e-06
8.68781e-07
6.14472e-07
3.86609e-07
1.80495e-07
-7.082e-09
-1.78921e-07
6.94533e-06
6.08479e-06
5.34825e-06
4.70755e-06
4.14059e-06
3.63747e-06
3.19008e-06
2.79002e-06
2.42932e-06
2.10216e-06
1.80191e-06
1.52379e-06
1.26508e-06
1.02358e-06
7.96819e-07
7.96106e-06
7.19031e-06
6.50813e-06
5.89853e-06
5.34901e-06
4.84126e-06
4.36509e-06
3.93151e-06
3.53984e-06
3.17731e-06
2.83559e-06
2.51209e-06
2.20581e-06
1.91521e-06
1.63794e-06
8.73092e-06
8.02664e-06
7.38559e-06
6.79572e-06
6.24663e-06
5.7309e-06
5.25389e-06
4.80945e-06
4.39416e-06
4.00109e-06
3.62556e-06
3.26582e-06
2.9208e-06
2.589e-06
2.26848e-06
9.28921e-06
8.63606e-06
8.0271e-06
7.45559e-06
6.91671e-06
6.40847e-06
5.92819e-06
5.4725e-06
5.0374e-06
4.61974e-06
4.21716e-06
3.82802e-06
3.45094e-06
3.08462e-06
2.72771e-06
9.68298e-06
9.07009e-06
8.4889e-06
7.93615e-06
7.40882e-06
6.90446e-06
6.42074e-06
5.9549e-06
5.50474e-06
5.06862e-06
4.64488e-06
4.23199e-06
3.82876e-06
3.43427e-06
3.04763e-06
9.95182e-06
9.37133e-06
8.81362e-06
8.27642e-06
7.75803e-06
7.25629e-06
6.7699e-06
6.29698e-06
5.83623e-06
5.38639e-06
4.94614e-06
4.51439e-06
4.09034e-06
3.67339e-06
3.26293e-06
1.01289e-05
9.57428e-06
9.03538e-06
8.51072e-06
7.99937e-06
7.5011e-06
7.01372e-06
6.53626e-06
6.06781e-06
5.60742e-06
5.15427e-06
4.7077e-06
4.2672e-06
3.83242e-06
3.40297e-06
1.0241e-05
9.70726e-06
9.18381e-06
8.67005e-06
8.16566e-06
7.67029e-06
7.18264e-06
6.70196e-06
6.22764e-06
5.75912e-06
5.29593e-06
4.83772e-06
4.38421e-06
3.93526e-06
3.49068e-06
1.03093e-05
9.79273e-06
9.28223e-06
8.77785e-06
8.27951e-06
7.78693e-06
7.29934e-06
6.81634e-06
6.33757e-06
5.86275e-06
5.39167e-06
4.92422e-06
4.46032e-06
4.00001e-06
3.5433e-06
1.03495e-05
9.84713e-06
9.34759e-06
8.85117e-06
8.35803e-06
7.868e-06
7.38073e-06
6.89604e-06
6.41381e-06
5.93398e-06
5.45656e-06
4.98162e-06
4.50927e-06
4.03972e-06
3.57313e-06
1.03723e-05
9.88196e-06
9.3917e-06
8.90211e-06
8.41345e-06
7.9257e-06
7.43881e-06
6.95281e-06
6.46777e-06
5.98382e-06
5.50116e-06
5.02001e-06
4.54064e-06
4.06341e-06
3.5886e-06
1.0385e-05
9.90496e-06
9.42261e-06
8.93889e-06
8.45405e-06
7.96826e-06
7.48174e-06
6.99463e-06
6.50721e-06
6.01977e-06
5.53265e-06
5.04622e-06
4.56088e-06
4.07712e-06
3.59532e-06
1.03924e-05
9.9211e-06
9.44557e-06
8.96684e-06
8.48523e-06
8.00112e-06
7.51489e-06
7.02679e-06
6.53728e-06
6.04679e-06
5.55577e-06
5.06475e-06
4.57423e-06
4.08479e-06
3.59695e-06
1.03972e-05
9.93347e-06
9.46381e-06
8.98934e-06
8.51048e-06
8.02774e-06
7.54172e-06
7.05268e-06
6.56128e-06
6.06805e-06
5.57358e-06
5.07849e-06
4.58338e-06
4.08894e-06
3.59577e-06
1.0401e-05
9.94384e-06
9.47924e-06
9.00844e-06
8.5319e-06
8.05026e-06
7.56438e-06
7.07442e-06
6.58127e-06
6.08556e-06
5.58798e-06
5.08923e-06
4.59003e-06
4.09113e-06
3.59321e-06
1.04046e-05
9.95317e-06
9.49295e-06
9.0253e-06
8.55067e-06
8.07e-06
7.58411e-06
7.09326e-06
6.59849e-06
6.10051e-06
5.6001e-06
5.09806e-06
4.59517e-06
4.09226e-06
3.59009e-06
1.04083e-05
9.96187e-06
9.50544e-06
9.04047e-06
8.56743e-06
8.08764e-06
7.60159e-06
7.10988e-06
6.61361e-06
6.11356e-06
5.6106e-06
5.10558e-06
4.59938e-06
4.09288e-06
3.5869e-06
1.04123e-05
9.97022e-06
9.51705e-06
9.05437e-06
8.58263e-06
8.1036e-06
7.61734e-06
7.12482e-06
6.62715e-06
6.12523e-06
5.61995e-06
5.11224e-06
4.60302e-06
4.09325e-06
3.58381e-06
1.04168e-05
9.97874e-06
9.52857e-06
9.06797e-06
8.5975e-06
8.11896e-06
7.63246e-06
7.13912e-06
6.64009e-06
6.13637e-06
5.62887e-06
5.11858e-06
4.60647e-06
4.09355e-06
3.58077e-06
1.04216e-05
9.98749e-06
9.54032e-06
9.08173e-06
8.61247e-06
8.13433e-06
7.64757e-06
7.15339e-06
6.65298e-06
6.14727e-06
5.63743e-06
5.12454e-06
4.60965e-06
4.09382e-06
3.57798e-06
-9.80206e-06
-7.54067e-06
-6.16204e-06
-5.23585e-06
-4.50101e-06
-3.94701e-06
-3.53035e-06
-3.2228e-06
-3.00543e-06
-2.86287e-06
-2.78214e-06
-2.75146e-06
-2.75969e-06
-2.79616e-06
-2.85009e-06
-2.91131e-06
-2.9701e-06
-3.01978e-06
-3.06005e-06
-3.09729e-06
-3.14989e-06
-3.22622e-06
-3.28736e-06
-3.2299e-06
-2.96725e-06
-2.45927e-06
-1.69009e-06
-6.67264e-07
5.93133e-07
2.07373e-06
3.75502e-06
5.61444e-06
7.62412e-06
9.74951e-06
1.19496e-05
1.41771e-05
1.63779e-05
1.84905e-05
2.04399e-05
2.21296e-05
2.34167e-05
2.40945e-05
2.3702e-05
2.18294e-05
1.68326e-05
-8.24483e-06
-7.03822e-06
-5.97875e-06
-5.14614e-06
-4.45556e-06
-3.91629e-06
-3.50536e-06
-3.2009e-06
-2.98608e-06
-2.84632e-06
-2.76878e-06
-2.74167e-06
-2.75372e-06
-2.79416e-06
-2.85213e-06
-2.91737e-06
-2.98012e-06
-3.03351e-06
-3.07681e-06
-3.11544e-06
-3.16628e-06
-3.23576e-06
-3.28466e-06
-3.21308e-06
-2.93756e-06
-2.41941e-06
-1.64293e-06
-6.15733e-07
6.45614e-07
2.12294e-06
3.79544e-06
5.63884e-06
7.623e-06
9.71052e-06
1.18567e-05
1.40091e-05
1.61065e-05
1.80762e-05
1.98261e-05
2.12291e-05
2.20862e-05
2.20739e-05
2.05422e-05
1.67273e-05
9.43644e-06
-7.42852e-06
-6.65284e-06
-5.79209e-06
-5.04569e-06
-4.4027e-06
-3.88377e-06
-3.4815e-06
-3.18144e-06
-2.96961e-06
-2.83267e-06
-2.75821e-06
-2.73447e-06
-2.75016e-06
-2.79439e-06
-2.85624e-06
-2.92539e-06
-2.99199e-06
-3.049e-06
-3.09524e-06
-3.13504e-06
-3.18359e-06
-3.24518e-06
-3.28023e-06
-3.19281e-06
-2.90308e-06
-2.37409e-06
-1.59035e-06
-5.59648e-07
7.00764e-07
2.17167e-06
3.83065e-06
5.65122e-06
7.60047e-06
9.63741e-06
1.17127e-05
1.3768e-05
1.57334e-05
1.75244e-05
1.90314e-05
2.01036e-05
2.05109e-05
1.9904e-05
1.77164e-05
1.3538e-05
7.17481e-06
-6.9209e-06
-6.34209e-06
-5.63841e-06
-4.95935e-06
-4.36127e-06
-3.86339e-06
-3.46946e-06
-3.1727e-06
-2.96236e-06
-2.82665e-06
-2.7538e-06
-2.7322e-06
-2.75051e-06
-2.79776e-06
-2.86292e-06
-2.93555e-06
-3.00572e-06
-3.06614e-06
-3.11509e-06
-3.15572e-06
-3.20136e-06
-3.25386e-06
-3.27319e-06
-3.16784e-06
-2.86197e-06
-2.32055e-06
-1.52844e-06
-4.93767e-07
7.65176e-07
2.2278e-06
3.86959e-06
5.66135e-06
7.56668e-06
9.54029e-06
1.15275e-05
1.34631e-05
1.52688e-05
1.68489e-05
1.80816e-05
1.88057e-05
1.87982e-05
1.77681e-05
1.53547e-05
1.13762e-05
6.11543e-06
-6.5391e-06
-6.07848e-06
-5.49644e-06
-4.8973e-06
-4.34e-06
-3.86275e-06
-3.47621e-06
-3.18095e-06
-2.96972e-06
-2.8327e-06
-2.75906e-06
-2.73749e-06
-2.75666e-06
-2.8055e-06
-2.87284e-06
-2.94813e-06
-3.02124e-06
-3.08462e-06
-3.13593e-06
-3.17698e-06
-3.21893e-06
-3.26105e-06
-3.26277e-06
-3.13758e-06
-2.81408e-06
-2.25942e-06
-1.45887e-06
-4.21149e-07
8.34088e-07
2.28454e-06
3.90322e-06
5.65774e-06
7.50779e-06
9.40339e-06
1.12843e-05
1.30788e-05
1.47015e-05
1.60496e-05
1.69976e-05
1.73917e-05
1.70458e-05
1.576e-05
1.33609e-05
9.8485e-06
5.5652e-06
-6.23032e-06
-5.85355e-06
-5.36469e-06
-4.84644e-06
-4.33781e-06
-3.88296e-06
-3.50504e-06
-3.21061e-06
-2.9964e-06
-2.85533e-06
-2.77801e-06
-2.7537e-06
-2.77123e-06
-2.81954e-06
-2.88733e-06
-2.96388e-06
-3.03887e-06
-3.10437e-06
-3.15736e-06
-3.19809e-06
-3.23544e-06
-3.26573e-06
-3.24783e-06
-3.10093e-06
-2.7586e-06
-2.19043e-06
-1.38216e-06
-3.43342e-07
9.04551e-07
2.33726e-06
3.92485e-06
5.63151e-06
7.41275e-06
9.21389e-06
1.09696e-05
1.2603e-05
1.40245e-05
1.51302e-05
1.58014e-05
1.59068e-05
1.53123e-05
1.39084e-05
1.16536e-05
8.65336e-06
5.2139e-06
-5.96096e-06
-5.64991e-06
-5.24519e-06
-4.79397e-06
-4.34191e-06
-3.91825e-06
-3.55412e-06
-3.26235e-06
-3.04468e-06
-2.89767e-06
-2.81401e-06
-2.78393e-06
-2.79686e-06
-2.84195e-06
-2.90785e-06
-2.98368e-06
-3.05896e-06
-3.12529e-06
-3.17889e-06
-3.2183e-06
-3.24983e-06
-3.26661e-06
-3.22693e-06
-3.05649e-06
-2.69444e-06
-2.11297e-06
-1.29839e-06
-2.61465e-07
9.74189e-07
2.38199e-06
3.92862e-06
5.57481e-06
7.27196e-06
8.96116e-06
1.05732e-05
1.20286e-05
1.32377e-05
1.41022e-05
1.45195e-05
1.439e-05
1.36329e-05
1.22106e-05
1.01575e-05
7.61099e-06
4.81386e-06
-5.71167e-06
-5.45369e-06
-5.12091e-06
-4.73863e-06
-4.3407e-06
-3.95764e-06
-3.61531e-06
-3.33126e-06
-3.1122e-06
-2.95944e-06
-2.86804e-06
-2.82972e-06
-2.83513e-06
-2.87408e-06
-2.93537e-06
-3.00808e-06
-3.08159e-06
-3.14703e-06
-3.19979e-06
-3.23651e-06
-3.26071e-06
-3.26217e-06
-3.19851e-06
-3.00292e-06
-2.62067e-06
-2.02699e-06
-1.20854e-06
-1.77937e-07
1.03926e-06
2.413e-06
3.9066e-06
5.47777e-06
7.07419e-06
8.63381e-06
1.00856e-05
1.13506e-05
1.23448e-05
1.29805e-05
1.3178e-05
1.28714e-05
1.20248e-05
1.06484e-05
8.81047e-06
6.64334e-06
4.32954e-06
-5.47265e-06
-5.25852e-06
-4.98607e-06
-4.66827e-06
-4.32751e-06
-3.98898e-06
-3.67651e-06
-3.40713e-06
-3.19131e-06
-3.03582e-06
-2.93739e-06
-2.88965e-06
-2.88541e-06
-2.91567e-06
-2.96968e-06
-3.03671e-06
-3.10615e-06
-3.16869e-06
-3.21886e-06
-3.25129e-06
-3.2665e-06
-3.25078e-06
-3.16109e-06
-2.9392e-06
-2.53709e-06
-1.93353e-06
-1.11551e-06
-9.70583e-08
1.09409e-06
2.42198e-06
3.84817e-06
5.32797e-06
6.80633e-06
8.21975e-06
9.49803e-06
1.05666e-05
1.13503e-05
1.17805e-05
1.17985e-05
1.13693e-05
1.04898e-05
9.1958e-06
7.56471e-06
5.70965e-06
3.76459e-06
-5.23698e-06
-5.0601e-06
-4.83834e-06
-4.57804e-06
-4.29309e-06
-4.00209e-06
-3.72495e-06
-3.47603e-06
-3.27063e-06
-3.1181e-06
-3.01545e-06
-2.95875e-06
-2.94406e-06
-2.96405e-06
-3.00873e-06
-3.06782e-06
-3.13102e-06
-3.18865e-06
-3.23444e-06
-3.26092e-06
-3.2655e-06
-3.23099e-06
-3.11379e-06
-2.86523e-06
-2.44519e-06
-1.83608e-06
-1.0255e-06
-2.3853e-08
1.13039e-06
2.39726e-06
3.73953e-06
5.11064e-06
6.454e-06
7.70697e-06
8.80338e-06
9.67682e-06
1.02651e-05
1.05166e-05
1.03957e-05
9.89073e-06
9.01824e-06
7.82448e-06
6.38237e-06
4.7831e-06
3.12434e-06
-4.99706e-06
-4.85283e-06
-4.67424e-06
-4.46435e-06
-4.23118e-06
-3.98862e-06
-3.7491e-06
-3.52518e-06
-3.3385e-06
-3.19541e-06
-3.09225e-06
-3.02861e-06
-3.00439e-06
-3.01397e-06
-3.04836e-06
-3.09808e-06
-3.15343e-06
-3.20453e-06
-3.24443e-06
-3.26362e-06
-3.25632e-06
-3.202e-06
-3.05674e-06
-2.78302e-06
-2.34851e-06
-1.74548e-06
-9.42956e-07
3.43689e-08
1.13481e-06
2.32287e-06
3.56388e-06
4.80908e-06
6.0023e-06
7.08451e-06
7.99642e-06
8.68257e-06
9.09503e-06
9.19905e-06
8.97717e-06
8.43339e-06
7.59409e-06
6.5062e-06
5.23259e-06
3.84436e-06
2.41295e-06
-4.7434e-06
-4.62867e-06
-4.48768e-06
-4.3217e-06
-4.13513e-06
-3.93692e-06
-3.73604e-06
-3.54633e-06
-3.38421e-06
-3.2536e-06
-3.15352e-06
-3.08771e-06
-3.05723e-06
-3.05804e-06
-3.0827e-06
-3.12288e-06
-3.16976e-06
-3.21356e-06
-3.24673e-06
-3.25805e-06
-3.23844e-06
-3.1649e-06
-2.99176e-06
-2.69639e-06
-2.26203e-06
-1.66697e-06
-8.72652e-07
6.05096e-08
1.08715e-06
2.17941e-06
3.30212e-06
4.40571e-06
5.43712e-06
6.34346e-06
7.07445e-06
7.58694e-06
7.84744e-06
7.83471e-06
7.54435e-06
6.98933e-06
6.19885e-06
5.2154e-06
4.09043e-06
2.8784e-06
1.63187e-06
-4.46432e-06
-4.37708e-06
-4.26974e-06
-4.14271e-06
-3.99847e-06
-3.84264e-06
-3.68338e-06
-3.53004e-06
-3.39276e-06
-3.27732e-06
-3.18687e-06
-3.12495e-06
-3.09277e-06
-3.08793e-06
-3.105e-06
-3.13704e-06
-3.17625e-06
-3.21325e-06
-3.24001e-06
-3.2442e-06
-3.21317e-06
-3.12355e-06
-2.92498e-06
-2.61792e-06
-2.19339e-06
-1.60033e-06
-8.40104e-07
2.73422e-08
9.63699e-07
1.9453e-06
2.93411e-06
3.88355e-06
4.74681e-06
5.47876e-06
6.03808e-06
6.39587e-06
6.52927e-06
6.42782e-06
6.09531e-06
5.54845e-06
4.81497e-06
3.93076e-06
2.93654e-06
1.87358e-06
7.80774e-07
-4.14571e-06
-4.085e-06
-4.00891e-06
-3.91762e-06
-3.81253e-06
-3.6973e-06
-3.57753e-06
-3.45969e-06
-3.35065e-06
-3.2565e-06
-3.18174e-06
-3.12945e-06
-3.10089e-06
-3.09506e-06
-3.10844e-06
-3.13555e-06
-3.16969e-06
-3.20216e-06
-3.2245e-06
-3.22407e-06
-3.18513e-06
-3.08411e-06
-2.8718e-06
-2.55675e-06
-2.1416e-06
-1.57796e-06
-8.776e-07
-9.08714e-08
7.42577e-07
1.59856e-06
2.44054e-06
3.2282e-06
3.9228e-06
4.49134e-06
4.89225e-06
5.11659e-06
5.14749e-06
4.98174e-06
4.62753e-06
4.10177e-06
3.42846e-06
2.63656e-06
1.75747e-06
8.22254e-07
-1.40182e-07
-3.77003e-06
-3.73608e-06
-3.69028e-06
-3.63288e-06
-3.56468e-06
-3.48793e-06
-3.4063e-06
-3.32439e-06
-3.24727e-06
-3.17998e-06
-3.1266e-06
-3.08996e-06
-3.0715e-06
-3.07112e-06
-3.08674e-06
-3.11425e-06
-3.14813e-06
-3.18058e-06
-3.20285e-06
-3.20258e-06
-3.16245e-06
-3.05798e-06
-2.8485e-06
-2.5357e-06
-2.14018e-06
-1.62567e-06
-1.00559e-06
-3.17409e-07
3.99577e-07
1.11764e-06
1.80571e-06
2.43009e-06
2.95918e-06
3.36628e-06
3.64206e-06
3.75772e-06
3.70926e-06
3.50012e-06
3.13986e-06
2.64347e-06
2.03046e-06
1.32337e-06
5.46021e-07
-2.78394e-07
-1.12834e-06
-3.31547e-06
-3.31003e-06
-3.2953e-06
-3.27172e-06
-3.23985e-06
-3.20112e-06
-3.15799e-06
-3.11371e-06
-3.07194e-06
-3.03638e-06
-3.0103e-06
-2.99623e-06
-2.9957e-06
-3.00904e-06
-3.03511e-06
-3.07075e-06
-3.11158e-06
-3.15114e-06
-3.18073e-06
-3.18859e-06
-3.15707e-06
-3.06211e-06
-2.87005e-06
-2.58235e-06
-2.22144e-06
-1.77245e-06
-1.24646e-06
-6.7386e-07
-8.82728e-08
4.84392e-07
1.01869e-06
1.48774e-06
1.86947e-06
2.14709e-06
2.30493e-06
2.33062e-06
2.22324e-06
1.98791e-06
1.63332e-06
1.1714e-06
6.17222e-07
-1.2132e-08
-6.98884e-07
-1.42586e-06
-2.17705e-06
-2.7597e-06
-2.78586e-06
-2.80471e-06
-2.81685e-06
-2.82283e-06
-2.8237e-06
-2.82113e-06
-2.81735e-06
-2.8149e-06
-2.81645e-06
-2.82444e-06
-2.841e-06
-2.86752e-06
-2.90451e-06
-2.95151e-06
-3.00609e-06
-3.06438e-06
-3.1204e-06
-3.1673e-06
-3.19497e-06
-3.18578e-06
-3.11724e-06
-2.96195e-06
-2.72175e-06
-2.41676e-06
-2.0505e-06
-1.63252e-06
-1.18575e-06
-7.37525e-07
-3.1053e-07
7.49734e-08
4.02729e-07
6.56203e-07
8.22271e-07
8.86036e-07
8.42924e-07
6.95504e-07
4.48703e-07
1.08893e-07
-3.15156e-07
-8.12201e-07
-1.36956e-06
-1.97421e-06
-2.61363e-06
-3.27603e-06
-2.08916e-06
-2.15137e-06
-2.20769e-06
-2.25898e-06
-2.30602e-06
-2.34967e-06
-2.39116e-06
-2.432e-06
-2.47394e-06
-2.5189e-06
-2.56861e-06
-2.62479e-06
-2.68837e-06
-2.76008e-06
-2.83969e-06
-2.92492e-06
-3.01588e-06
-3.10289e-06
-3.17905e-06
-3.23995e-06
-3.26988e-06
-3.24813e-06
-3.15181e-06
-2.98275e-06
-2.75856e-06
-2.4904e-06
-2.18933e-06
-1.87176e-06
-1.55697e-06
-1.26643e-06
-1.01728e-06
-8.16387e-07
-6.68983e-07
-5.94858e-07
-6.03759e-07
-6.952e-07
-8.65635e-07
-1.11191e-06
-1.43006e-06
-1.81385e-06
-2.25505e-06
-2.74453e-06
-3.27305e-06
-3.8317e-06
-4.41192e-06
-1.28968e-06
-1.39564e-06
-1.4965e-06
-1.59349e-06
-1.68766e-06
-1.77996e-06
-1.87138e-06
-1.96305e-06
-2.05622e-06
-2.15228e-06
-2.25248e-06
-2.35805e-06
-2.46988e-06
-2.58795e-06
-2.71303e-06
-2.84334e-06
-2.97418e-06
-3.10904e-06
-3.23823e-06
-3.34868e-06
-3.43457e-06
-3.481e-06
-3.46692e-06
-3.39172e-06
-3.26924e-06
-3.11194e-06
-2.93161e-06
-2.74124e-06
-2.55361e-06
-2.38369e-06
-2.24247e-06
-2.14128e-06
-2.08483e-06
-2.08529e-06
-2.14619e-06
-2.26607e-06
-2.44396e-06
-2.67923e-06
-2.96955e-06
-3.31035e-06
-3.69574e-06
-4.1195e-06
-4.57541e-06
-5.05731e-06
-5.55909e-06
-3.41442e-07
-4.99645e-07
-6.54742e-07
-8.07387e-07
-9.58548e-07
-1.10923e-06
-1.2604e-06
-1.41297e-06
-1.56789e-06
-1.72612e-06
-1.88861e-06
-2.05609e-06
-2.22937e-06
-2.40843e-06
-2.59346e-06
-2.78418e-06
-2.97622e-06
-3.17252e-06
-3.3654e-06
-3.5436e-06
-3.70411e-06
-3.83737e-06
-3.92418e-06
-3.95904e-06
-3.95096e-06
-3.91141e-06
-3.85017e-06
-3.77715e-06
-3.70713e-06
-3.6471e-06
-3.5968e-06
-3.56367e-06
-3.57119e-06
-3.62334e-06
-3.71575e-06
-3.84713e-06
-4.01959e-06
-4.23445e-06
-4.49035e-06
-4.78409e-06
-5.11189e-06
-5.46994e-06
-5.85441e-06
-6.26124e-06
-6.68619e-06
5.78572e-07
3.63758e-07
1.51042e-07
-6.03181e-08
-2.7135e-07
-4.83064e-07
-6.96348e-07
-9.11981e-07
-1.13069e-06
-1.35317e-06
-1.58013e-06
-1.81218e-06
-2.04984e-06
-2.29329e-06
-2.54258e-06
-2.79706e-06
-3.05509e-06
-3.31537e-06
-3.57386e-06
-3.82495e-06
-4.06447e-06
-4.28598e-06
-4.47121e-06
-4.60923e-06
-4.70484e-06
-4.76703e-06
-4.80401e-06
-4.82446e-06
-4.83815e-06
-4.84945e-06
-4.87001e-06
-4.90567e-06
-4.96468e-06
-5.04757e-06
-5.15366e-06
-5.28517e-06
-5.44513e-06
-5.63478e-06
-5.85344e-06
-6.09947e-06
-6.37106e-06
-6.66623e-06
-6.98277e-06
-7.31816e-06
-7.6697e-06
1.36786e-06
1.09969e-06
8.32229e-07
5.65034e-07
2.97266e-07
2.80357e-08
-2.43415e-07
-5.17706e-07
-7.95389e-07
-1.07699e-06
-1.36302e-06
-1.65393e-06
-1.95007e-06
-2.25157e-06
-2.55827e-06
-2.86965e-06
-3.1845e-06
-3.50128e-06
-3.81777e-06
-4.13037e-06
-4.43497e-06
-4.72688e-06
-4.9879e-06
-5.20332e-06
-5.37539e-06
-5.51113e-06
-5.61882e-06
-5.70685e-06
-5.78161e-06
-5.85141e-06
-5.91977e-06
-5.99802e-06
-6.08671e-06
-6.1859e-06
-6.29831e-06
-6.4273e-06
-6.57504e-06
-6.74235e-06
-6.92935e-06
-7.13581e-06
-7.36119e-06
-7.60466e-06
-7.86507e-06
-8.14106e-06
-8.43113e-06
1.95393e-06
1.64036e-06
1.32658e-06
1.01223e-06
6.96675e-07
3.7924e-07
5.93787e-08
-2.63344e-07
-5.89307e-07
-9.18867e-07
-1.25237e-06
-1.59008e-06
-1.93219e-06
-2.27868e-06
-2.62931e-06
-2.98358e-06
-3.34055e-06
-3.69895e-06
-4.05695e-06
-4.41172e-06
-4.75991e-06
-5.09796e-06
-5.40772e-06
-5.67273e-06
-5.89407e-06
-6.07841e-06
-6.23303e-06
-6.36481e-06
-6.4792e-06
-6.58353e-06
-6.68398e-06
-6.78459e-06
-6.88644e-06
-6.99218e-06
-7.10537e-06
-7.22871e-06
-7.36376e-06
-7.51164e-06
-7.6732e-06
-7.84895e-06
-8.03903e-06
-8.24324e-06
-8.46114e-06
-8.69212e-06
-8.93539e-06
2.37573e-06
2.0241e-06
1.6717e-06
1.31828e-06
9.63384e-07
6.06602e-07
2.47605e-07
-1.13849e-07
-4.77971e-07
-8.44948e-07
-1.21495e-06
-1.58807e-06
-1.96433e-06
-2.34359e-06
-2.72555e-06
-3.10968e-06
-3.49514e-06
-3.88073e-06
-4.26482e-06
-4.6452e-06
-5.01925e-06
-5.38397e-06
-5.72172e-06
-6.01605e-06
-6.2677e-06
-6.48276e-06
-6.66737e-06
-6.82725e-06
-6.96834e-06
-7.09646e-06
-7.21597e-06
-7.32947e-06
-7.43998e-06
-7.5508e-06
-7.66466e-06
-7.78364e-06
-7.90945e-06
-8.04356e-06
-8.18718e-06
-8.34116e-06
-8.50602e-06
-8.68206e-06
-8.86935e-06
-9.0678e-06
-9.27719e-06
2.66505e-06
2.28243e-06
1.8988e-06
1.51401e-06
1.12783e-06
7.40069e-07
3.50607e-07
-4.06148e-08
-4.33643e-07
-8.28501e-07
-1.22519e-06
-1.62366e-06
-2.02378e-06
-2.42529e-06
-2.8278e-06
-3.23073e-06
-3.63326e-06
-4.03428e-06
-4.43241e-06
-4.82583e-06
-5.2124e-06
-5.58947e-06
-5.94062e-06
-6.25038e-06
-6.51936e-06
-6.75307e-06
-6.9568e-06
-7.13551e-06
-7.29431e-06
-7.43796e-06
-7.56974e-06
-7.69285e-06
-7.81056e-06
-7.92558e-06
-8.04017e-06
-8.1564e-06
-8.27616e-06
-8.40107e-06
-8.53247e-06
-8.67142e-06
-8.81877e-06
-8.97516e-06
-9.14103e-06
-9.31667e-06
-9.50224e-06
2.85577e-06
2.44839e-06
2.03998e-06
1.63056e-06
1.22006e-06
8.0851e-07
3.95967e-07
-1.74671e-08
-4.31688e-07
-8.46572e-07
-1.26198e-06
-1.67771e-06
-2.0935e-06
-2.509e-06
-2.92374e-06
-3.33708e-06
-3.74825e-06
-4.15623e-06
-4.55983e-06
-4.95747e-06
-5.34738e-06
-5.7273e-06
-6.08235e-06
-6.39853e-06
-6.67643e-06
-6.92102e-06
-7.13691e-06
-7.32819e-06
-7.49811e-06
-7.65209e-06
-7.79293e-06
-7.92362e-06
-8.04696e-06
-8.16536e-06
-8.28107e-06
-8.39617e-06
-8.51256e-06
-8.63189e-06
-8.75558e-06
-8.8849e-06
-9.02088e-06
-9.16442e-06
-9.31621e-06
-9.47681e-06
-9.64668e-06
2.97622e-06
2.54923e-06
2.12141e-06
1.69288e-06
1.26376e-06
8.34248e-07
4.04551e-07
-2.50903e-08
-4.54443e-07
-8.83258e-07
-1.31127e-06
-1.73815e-06
-2.16355e-06
-2.58701e-06
-3.00803e-06
-3.42594e-06
-3.84e-06
-4.24927e-06
-4.65268e-06
-5.04888e-06
-5.43641e-06
-5.81335e-06
-6.16651e-06
-6.4836e-06
-6.76511e-06
-7.01528e-06
-7.23815e-06
-7.43887e-06
-7.61547e-06
-7.77666e-06
-7.92416e-06
-8.06058e-06
-8.18841e-06
-8.30996e-06
-8.4274e-06
-8.54275e-06
-8.65786e-06
-8.7744e-06
-8.89388e-06
-9.01766e-06
-9.14695e-06
-9.28277e-06
-9.42603e-06
-9.57751e-06
-9.73786e-06
3.04836e-06
2.6059e-06
2.16292e-06
1.71966e-06
1.27638e-06
8.33405e-07
3.91087e-07
-5.02308e-08
-4.90204e-07
-9.28478e-07
-1.36468e-06
-1.79839e-06
-2.22918e-06
-2.65653e-06
-3.07988e-06
-3.49858e-06
-3.9119e-06
-4.31895e-06
-4.71881e-06
-5.11029e-06
-5.49221e-06
-5.86292e-06
-6.21095e-06
-6.52573e-06
-6.80756e-06
-7.05979e-06
-7.28568e-06
-7.48779e-06
-7.67349e-06
-7.84053e-06
-7.99314e-06
-8.13411e-06
-8.26578e-06
-8.39036e-06
-8.50993e-06
-8.62644e-06
-8.74169e-06
-8.85738e-06
-8.97506e-06
-9.09618e-06
-9.22202e-06
-9.35376e-06
-9.49244e-06
-9.63899e-06
-9.79423e-06
3.08852e-06
2.63379e-06
2.1789e-06
1.7242e-06
1.27008e-06
8.16973e-07
3.65329e-07
-8.44154e-08
-5.31824e-07
-9.76452e-07
-1.41784e-06
-1.8555e-06
-2.28893e-06
-2.71758e-06
-3.14084e-06
-3.55807e-06
-3.96856e-06
-4.37148e-06
-4.76602e-06
-5.15112e-06
-5.52584e-06
-5.88874e-06
-6.23001e-06
-6.5407e-06
-6.82087e-06
-7.07334e-06
-7.30106e-06
-7.50672e-06
-7.69474e-06
-7.86566e-06
-8.02219e-06
-8.16679e-06
-8.30173e-06
-8.42911e-06
-8.55092e-06
-8.66904e-06
-8.78526e-06
-8.90129e-06
-9.0187e-06
-9.13899e-06
-9.26354e-06
-9.3936e-06
-9.53034e-06
-9.6748e-06
-9.82793e-06
3.10824e-06
2.64362e-06
2.17922e-06
1.71548e-06
1.25291e-06
7.9203e-07
3.33368e-07
-1.22561e-07
-5.75245e-07
-1.02416e-06
-1.46879e-06
-1.90858e-06
-2.34297e-06
-2.77138e-06
-3.19319e-06
-3.60774e-06
-4.01436e-06
-4.41227e-06
-4.80072e-06
-5.1788e-06
-5.54575e-06
-5.9003e-06
-6.23417e-06
-6.53986e-06
-6.81728e-06
-7.06878e-06
-7.29694e-06
-7.50438e-06
-7.69406e-06
-7.86761e-06
-8.02705e-06
-8.17449e-06
-8.31212e-06
-8.44194e-06
-8.56588e-06
-8.68575e-06
-8.80333e-06
-8.92032e-06
-9.03833e-06
-9.15889e-06
-9.28344e-06
-9.41332e-06
-9.54977e-06
-9.69393e-06
-9.84685e-06
3.11533e-06
2.64255e-06
2.17038e-06
1.69933e-06
1.23001e-06
7.62998e-07
2.98899e-07
-1.61708e-07
-6.18245e-07
-1.07013e-06
-1.51678e-06
-1.95761e-06
-2.392e-06
-2.81936e-06
-3.23904e-06
-3.65039e-06
-4.05275e-06
-4.44539e-06
-4.82765e-06
-5.19868e-06
-5.55789e-06
-5.90415e-06
-6.23057e-06
-6.53093e-06
-6.80502e-06
-7.05479e-06
-7.2825e-06
-7.49019e-06
-7.68142e-06
-7.85673e-06
-8.0183e-06
-8.16791e-06
-8.30769e-06
-8.43956e-06
-8.56537e-06
-8.68692e-06
-8.80594e-06
-8.92413e-06
-9.04314e-06
-9.16453e-06
-9.28978e-06
-9.4203e-06
-9.5574e-06
-9.7023e-06
-9.85611e-06
3.11495e-06
2.6353e-06
2.15661e-06
1.67949e-06
1.2046e-06
7.32595e-07
2.64133e-07
-2.00151e-07
-6.59623e-07
-1.11365e-06
-1.56161e-06
-2.00285e-06
-2.43676e-06
-2.86269e-06
-3.28e-06
-3.68804e-06
-4.08615e-06
-4.47366e-06
-4.84995e-06
-5.21426e-06
-5.5661e-06
-5.90448e-06
-6.22373e-06
-6.51878e-06
-6.78931e-06
-7.03701e-06
-7.26384e-06
-7.47167e-06
-7.66335e-06
-7.83968e-06
-8.00283e-06
-8.15406e-06
-8.29549e-06
-8.42901e-06
-8.55639e-06
-8.67938e-06
-8.79974e-06
-8.91914e-06
-9.03925e-06
-9.16166e-06
-9.28791e-06
-9.41945e-06
-9.55765e-06
-9.70379e-06
-9.85906e-06
3.11043e-06
2.62485e-06
2.14057e-06
1.65827e-06
1.17867e-06
7.02467e-07
2.30375e-07
-2.36921e-07
-6.98741e-07
-1.15441e-06
-1.60325e-06
-2.04461e-06
-2.47782e-06
-2.90223e-06
-3.31718e-06
-3.72202e-06
-4.11612e-06
-4.49883e-06
-4.86957e-06
-5.22765e-06
-5.57269e-06
-5.90379e-06
-6.21633e-06
-6.50627e-06
-6.77328e-06
-7.01876e-06
-7.24446e-06
-7.45208e-06
-7.6438e-06
-7.82057e-06
-7.9849e-06
-8.13729e-06
-8.27995e-06
-8.41473e-06
-8.54335e-06
-8.66754e-06
-8.78902e-06
-8.90949e-06
-9.03062e-06
-9.15405e-06
-9.28134e-06
-9.41399e-06
-9.55344e-06
-9.701e-06
-9.85791e-06
3.10385e-06
2.61308e-06
2.12391e-06
1.6371e-06
1.1534e-06
6.73575e-07
1.98368e-07
-2.7149e-07
-7.35276e-07
-1.19228e-06
-1.64179e-06
-2.08313e-06
-2.5156e-06
-2.93853e-06
-3.35127e-06
-3.75315e-06
-4.14358e-06
-4.52191e-06
-4.88761e-06
-5.24005e-06
-5.57891e-06
-5.90337e-06
-6.20977e-06
-6.49495e-06
-6.75856e-06
-7.00182e-06
-7.22626e-06
-7.43342e-06
-7.62481e-06
-7.80189e-06
-7.96699e-06
-8.12018e-06
-8.26371e-06
-8.39943e-06
-8.52898e-06
-8.65408e-06
-8.77645e-06
-8.89778e-06
-9.01977e-06
-9.14409e-06
-9.27232e-06
-9.40602e-06
-9.54666e-06
-9.69561e-06
-9.85415e-06
3.09648e-06
2.60109e-06
2.10759e-06
1.61678e-06
1.12947e-06
6.46448e-07
1.68503e-07
-3.03597e-07
-7.69094e-07
-1.22724e-06
-1.67731e-06
-2.11859e-06
-2.55036e-06
-2.97194e-06
-3.38267e-06
-3.7819e-06
-4.16902e-06
-4.54343e-06
-4.90462e-06
-5.25201e-06
-5.58532e-06
-5.90382e-06
-6.20464e-06
-6.48544e-06
-6.74589e-06
-6.987e-06
-7.21014e-06
-7.41664e-06
-7.6075e-06
-7.78499e-06
-7.95035e-06
-8.10413e-06
-8.24823e-06
-8.3846e-06
-8.51482e-06
-8.64058e-06
-8.76359e-06
-8.88557e-06
-9.00823e-06
-9.13325e-06
-9.26227e-06
-9.39687e-06
-9.53856e-06
-9.68876e-06
-9.8488e-06
3.08906e-06
2.58954e-06
2.09217e-06
1.59779e-06
1.10725e-06
6.21381e-07
1.40994e-07
-3.33106e-07
-8.00129e-07
-1.2593e-06
-1.70987e-06
-2.15109e-06
-2.58225e-06
-3.00263e-06
-3.41159e-06
-3.80846e-06
-4.19266e-06
-4.56359e-06
-4.92078e-06
-5.26368e-06
-5.59207e-06
-5.90525e-06
-6.20107e-06
-6.47791e-06
-6.73546e-06
-6.97456e-06
-7.1964e-06
-7.40213e-06
-7.59244e-06
-7.77021e-06
-7.9356e-06
-8.08975e-06
-8.23422e-06
-8.37101e-06
-8.50168e-06
-8.62788e-06
-8.75134e-06
-8.87377e-06
-8.9969e-06
-9.12244e-06
-9.25206e-06
-9.38738e-06
-9.52995e-06
-9.68121e-06
-9.84255e-06
3.08201e-06
2.57879e-06
2.07796e-06
1.58039e-06
1.08697e-06
5.98541e-07
1.15965e-07
-3.59931e-07
-8.2833e-07
-1.28843e-06
-1.73946e-06
-2.18066e-06
-2.6113e-06
-3.03065e-06
-3.43806e-06
-3.83288e-06
-4.21451e-06
-4.58239e-06
-4.93607e-06
-5.27503e-06
-5.59907e-06
-5.90755e-06
-6.19891e-06
-6.4722e-06
-6.72714e-06
-6.96439e-06
-7.18501e-06
-7.38994e-06
-7.57979e-06
-7.75758e-06
-7.92295e-06
-8.07726e-06
-8.22197e-06
-8.35901e-06
-8.48994e-06
-8.61642e-06
-8.74014e-06
-8.86284e-06
-8.98627e-06
-9.11216e-06
-9.24222e-06
-9.37808e-06
-9.52134e-06
-9.67348e-06
-9.83592e-06
3.07543e-06
2.56887e-06
2.06491e-06
1.56447e-06
1.06843e-06
5.777e-07
9.31434e-08
-3.8438e-07
-8.54033e-07
-1.31499e-06
-1.76647e-06
-2.20768e-06
-2.63788e-06
-3.05635e-06
-3.46242e-06
-3.85544e-06
-4.23482e-06
-4.60003e-06
-4.95061e-06
-5.28609e-06
-5.60629e-06
-5.9106e-06
-6.19797e-06
-6.46806e-06
-6.72062e-06
-6.95619e-06
-7.17566e-06
-7.37985e-06
-7.56932e-06
-7.74689e-06
-7.91223e-06
-8.06656e-06
-8.21139e-06
-8.34854e-06
-8.4796e-06
-8.60619e-06
-8.73003e-06
-8.85287e-06
-8.97645e-06
-9.10255e-06
-9.23288e-06
-9.36913e-06
-9.51291e-06
-9.66576e-06
-9.8291e-06
3.06904e-06
2.55928e-06
2.05233e-06
1.54913e-06
1.0506e-06
5.57663e-07
7.1208e-08
-4.07882e-07
-8.78747e-07
-1.34055e-06
-1.79247e-06
-2.23372e-06
-2.66355e-06
-3.08123e-06
-3.48607e-06
-3.87743e-06
-4.25475e-06
-4.61747e-06
-4.96518e-06
-5.29742e-06
-5.61404e-06
-5.91444e-06
-6.19804e-06
-6.46509e-06
-6.7154e-06
-6.94935e-06
-7.1677e-06
-7.37117e-06
-7.56025e-06
-7.73752e-06
-7.90276e-06
-8.05705e-06
-8.20189e-06
-8.33904e-06
-8.4701e-06
-8.5967e-06
-8.72054e-06
-8.84338e-06
-8.967e-06
-9.09317e-06
-9.22365e-06
-9.36016e-06
-9.50435e-06
-9.65777e-06
-9.82189e-06
3.06309e-06
2.55025e-06
2.04041e-06
1.53452e-06
1.03353e-06
5.38408e-07
5.0063e-08
-4.30596e-07
-9.02684e-07
-1.36534e-06
-1.81774e-06
-2.25906e-06
-2.68855e-06
-3.10548e-06
-3.50914e-06
-3.89892e-06
-4.27424e-06
-4.63457e-06
-4.97953e-06
-5.30868e-06
-5.62191e-06
-5.91863e-06
-6.19876e-06
-6.46308e-06
-6.71132e-06
-6.94369e-06
-7.1609e-06
-7.36354e-06
-7.55202e-06
-7.72896e-06
-7.89405e-06
-8.04823e-06
-8.19306e-06
-8.33027e-06
-8.46135e-06
-8.58794e-06
-8.71175e-06
-8.83455e-06
-8.95815e-06
-9.08434e-06
-9.2149e-06
-9.35159e-06
-9.49609e-06
-9.64999e-06
-9.81478e-06
-7.148e-06
-1.21013e-05
-1.19258e-05
-1.18259e-05
-1.21137e-05
-1.26449e-05
-1.33586e-05
-1.42184e-05
-1.52051e-05
-1.63089e-05
-1.75247e-05
-1.88492e-05
-2.02792e-05
-2.18103e-05
-2.34335e-05
-3.21913e-06
-8.49876e-06
-1.00747e-05
-1.09043e-05
-1.16269e-05
-1.23674e-05
-1.31911e-05
-1.41145e-05
-1.51397e-05
-1.62673e-05
-1.74976e-05
-1.88303e-05
-2.02642e-05
-2.17963e-05
-2.34185e-05
-6.65469e-07
-5.93948e-06
-8.5522e-06
-1.00279e-05
-1.11185e-05
-1.20692e-05
-1.30115e-05
-1.40042e-05
-1.50714e-05
-1.62247e-05
-1.74704e-05
-1.88117e-05
-2.02496e-05
-2.17824e-05
-2.34032e-05
6.01475e-07
-4.19362e-06
-7.2541e-06
-9.17933e-06
-1.05858e-05
-1.17466e-05
-1.28173e-05
-1.3887e-05
-1.50008e-05
-1.61822e-05
-1.74444e-05
-1.87947e-05
-2.02364e-05
-2.17697e-05
-2.33886e-05
1.27851e-06
-2.78734e-06
-5.96711e-06
-8.24664e-06
-9.96329e-06
-1.13537e-05
-1.25773e-05
-1.37431e-05
-1.49158e-05
-1.61326e-05
-1.74152e-05
-1.87765e-05
-2.02229e-05
-2.17567e-05
-2.33734e-05
1.73388e-06
-1.69971e-06
-4.76785e-06
-7.25441e-06
-9.23894e-06
-1.08645e-05
-1.22648e-05
-1.3551e-05
-1.48012e-05
-1.60658e-05
-1.73767e-05
-1.87532e-05
-2.02065e-05
-2.17417e-05
-2.33561e-05
1.96868e-06
-9.37862e-07
-3.76945e-06
-6.29829e-06
-8.45722e-06
-1.02862e-05
-1.18676e-05
-1.32928e-05
-1.46403e-05
-1.59689e-05
-1.73192e-05
-1.87183e-05
-2.01827e-05
-2.17213e-05
-2.33343e-05
1.97398e-06
-4.93815e-07
-3.03548e-06
-5.47476e-06
-7.69462e-06
-9.66057e-06
-1.13978e-05
-1.2963e-05
-1.44206e-05
-1.58281e-05
-1.72308e-05
-1.86621e-05
-2.0144e-05
-2.16899e-05
-2.33033e-05
1.78306e-06
-3.25885e-07
-2.57487e-06
-4.84607e-06
-7.02752e-06
-9.04951e-06
-1.08927e-05
-1.25764e-05
-1.41416e-05
-1.56351e-05
-1.71006e-05
-1.85737e-05
-2.00807e-05
-2.1639e-05
-2.32557e-05
1.43237e-06
-3.85237e-07
-2.36508e-06
-4.43514e-06
-6.50904e-06
-8.51221e-06
-1.04006e-05
-1.21637e-05
-1.38174e-05
-1.53921e-05
-1.69232e-05
-1.84442e-05
-1.99825e-05
-2.15583e-05
-2.31819e-05
9.50121e-07
-6.29735e-07
-2.3723e-06
-4.23665e-06
-6.16381e-06
-8.09058e-06
-9.96606e-06
-1.17617e-05
-1.34723e-05
-1.51108e-05
-1.67008e-05
-1.82692e-05
-1.98412e-05
-2.14376e-05
-2.30704e-05
3.54901e-07
-1.02816e-06
-2.56428e-06
-4.23227e-06
-5.99542e-06
-7.80716e-06
-9.62145e-06
-1.14029e-05
-1.31326e-05
-1.48084e-05
-1.6441e-05
-1.80485e-05
-1.96511e-05
-2.12672e-05
-2.29093e-05
-3.41783e-07
-1.55905e-06
-2.91533e-06
-4.40144e-06
-5.99667e-06
-7.6703e-06
-9.38663e-06
-1.1112e-05
-1.28216e-05
-1.45024e-05
-1.61539e-05
-1.77846e-05
-1.94077e-05
-2.10377e-05
-2.26853e-05
-1.13167e-06
-2.2068e-06
-3.4053e-06
-4.725e-06
-6.1558e-06
-7.6796e-06
-9.27204e-06
-1.09062e-05
-1.25575e-05
-1.42081e-05
-1.58489e-05
-1.74798e-05
-1.91068e-05
-2.07386e-05
-2.23831e-05
-2.00642e-06
-2.95766e-06
-4.01646e-06
-5.18443e-06
-6.45806e-06
-7.82817e-06
-9.28022e-06
-1.07956e-05
-1.23543e-05
-1.39383e-05
-1.55346e-05
-1.71365e-05
-1.87435e-05
-2.03585e-05
-2.19853e-05
-2.95515e-06
-3.79662e-06
-4.73035e-06
-5.75972e-06
-6.88491e-06
-8.10252e-06
-9.40529e-06
-1.07822e-05
-1.22196e-05
-1.37027e-05
-1.52186e-05
-1.67574e-05
-1.83139e-05
-1.98862e-05
-2.1474e-05
-3.96385e-06
-4.70595e-06
-5.5259e-06
-6.42756e-06
-7.4129e-06
-8.48182e-06
-9.63188e-06
-1.08579e-05
-1.21521e-05
-1.35049e-05
-1.49057e-05
-1.63452e-05
-1.78163e-05
-1.93138e-05
-2.08345e-05
-5.01569e-06
-5.66522e-06
-6.37913e-06
-7.1611e-06
-8.01366e-06
-8.93835e-06
-9.93544e-06
-1.10037e-05
-1.21399e-05
-1.33393e-05
-1.45954e-05
-1.59013e-05
-1.72509e-05
-1.86383e-05
-2.00591e-05
-6.08222e-06
-6.6432e-06
-7.25611e-06
-7.92403e-06
-8.64942e-06
-9.43432e-06
-1.02803e-05
-1.11885e-05
-1.21586e-05
-1.31896e-05
-1.4279e-05
-1.54236e-05
-1.66196e-05
-1.78632e-05
-1.91506e-05
-7.13016e-06
-7.60456e-06
-8.11942e-06
-8.67714e-06
-9.2798e-06
-9.92942e-06
-1.0628e-05
-1.13776e-05
-1.21799e-05
-1.3036e-05
-1.39468e-05
-1.49122e-05
-1.59321e-05
-1.70056e-05
-1.81316e-05
-8.03829e-06
-8.43177e-06
-8.85663e-06
-9.31432e-06
-9.8064e-06
-1.03346e-05
-1.0901e-05
-1.15078e-05
-1.21575e-05
-1.28524e-05
-1.35952e-05
-1.43884e-05
-1.52345e-05
-1.61362e-05
-1.70955e-05
-8.73606e-06
-9.06094e-06
-9.41002e-06
-9.78453e-06
-1.01859e-05
-1.06157e-05
-1.10759e-05
-1.15688e-05
-1.20969e-05
-1.26632e-05
-1.3271e-05
-1.39244e-05
-1.46276e-05
-1.53857e-05
-1.62039e-05
-9.19185e-06
-9.46526e-06
-9.75854e-06
-1.00727e-05
-1.04089e-05
-1.07687e-05
-1.1154e-05
-1.15669e-05
-1.201e-05
-1.24865e-05
-1.30001e-05
-1.35551e-05
-1.4157e-05
-1.4812e-05
-1.55266e-05
-9.49846e-06
-9.73447e-06
-9.98744e-06
-1.02583e-05
-1.05483e-05
-1.0859e-05
-1.11921e-05
-1.15497e-05
-1.19344e-05
-1.23492e-05
-1.2798e-05
-1.32852e-05
-1.38163e-05
-1.4398e-05
-1.50373e-05
-9.69876e-06
-9.90858e-06
-1.01336e-05
-1.03747e-05
-1.06332e-05
-1.09107e-05
-1.12088e-05
-1.15296e-05
-1.18754e-05
-1.22493e-05
-1.26548e-05
-1.30964e-05
-1.35792e-05
-1.41098e-05
-1.46951e-05
-9.82692e-06
-1.00196e-05
-1.02263e-05
-1.04482e-05
-1.06866e-05
-1.09429e-05
-1.12187e-05
-1.15161e-05
-1.18373e-05
-1.2185e-05
-1.25626e-05
-1.29741e-05
-1.34244e-05
-1.39194e-05
-1.44655e-05
-9.90826e-06
-1.00906e-05
-1.02864e-05
-1.04968e-05
-1.07232e-05
-1.0967e-05
-1.12296e-05
-1.1513e-05
-1.18193e-05
-1.2151e-05
-1.25111e-05
-1.29032e-05
-1.33316e-05
-1.38016e-05
-1.43187e-05
-9.95941e-06
-1.01363e-05
-1.03263e-05
-1.05308e-05
-1.07509e-05
-1.0988e-05
-1.12437e-05
-1.15196e-05
-1.18176e-05
-1.214e-05
-1.24895e-05
-1.28692e-05
-1.32829e-05
-1.3735e-05
-1.42304e-05
-9.99102e-06
-1.01657e-05
-1.03535e-05
-1.05556e-05
-1.07733e-05
-1.10078e-05
-1.12606e-05
-1.15331e-05
-1.18272e-05
-1.21447e-05
-1.24881e-05
-1.28599e-05
-1.32635e-05
-1.37026e-05
-1.41811e-05
-1.00099e-05
-1.01845e-05
-1.03723e-05
-1.05744e-05
-1.0792e-05
-1.10263e-05
-1.12787e-05
-1.15506e-05
-1.18433e-05
-1.21587e-05
-1.24988e-05
-1.28657e-05
-1.32623e-05
-1.36914e-05
-1.41567e-05
-1.00202e-05
-1.0196e-05
-1.03851e-05
-1.05885e-05
-1.08075e-05
-1.10432e-05
-1.12967e-05
-1.15693e-05
-1.18624e-05
-1.21773e-05
-1.25157e-05
-1.28796e-05
-1.3271e-05
-1.36926e-05
-1.4147e-05
-1.00248e-05
-1.02025e-05
-1.03935e-05
-1.0599e-05
-1.08201e-05
-1.10578e-05
-1.13132e-05
-1.15875e-05
-1.18817e-05
-1.2197e-05
-1.25349e-05
-1.28968e-05
-1.32845e-05
-1.37e-05
-1.41453e-05
-1.00255e-05
-1.02053e-05
-1.03985e-05
-1.06063e-05
-1.08298e-05
-1.10699e-05
-1.13276e-05
-1.16039e-05
-1.18996e-05
-1.22159e-05
-1.25538e-05
-1.29145e-05
-1.32993e-05
-1.37097e-05
-1.41474e-05
-1.00237e-05
-1.02055e-05
-1.04009e-05
-1.06111e-05
-1.0837e-05
-1.10796e-05
-1.13396e-05
-1.1618e-05
-1.19154e-05
-1.22329e-05
-1.2571e-05
-1.29309e-05
-1.33134e-05
-1.37196e-05
-1.41508e-05
-1.002e-05
-1.02038e-05
-1.04014e-05
-1.06138e-05
-1.0842e-05
-1.10868e-05
-1.13491e-05
-1.16295e-05
-1.19287e-05
-1.22473e-05
-1.2586e-05
-1.29453e-05
-1.33259e-05
-1.37286e-05
-1.41541e-05
-1.00153e-05
-1.02008e-05
-1.04003e-05
-1.06147e-05
-1.0845e-05
-1.1092e-05
-1.13564e-05
-1.16387e-05
-1.19395e-05
-1.22593e-05
-1.25984e-05
-1.29574e-05
-1.33364e-05
-1.37361e-05
-1.41567e-05
-1.001e-05
-1.0197e-05
-1.03982e-05
-1.06144e-05
-1.08466e-05
-1.10955e-05
-1.13617e-05
-1.16458e-05
-1.19481e-05
-1.2269e-05
-1.26086e-05
-1.29672e-05
-1.3345e-05
-1.3742e-05
-1.41584e-05
-1.00043e-05
-1.01927e-05
-1.03952e-05
-1.0613e-05
-1.08469e-05
-1.10976e-05
-1.13655e-05
-1.16511e-05
-1.19548e-05
-1.22766e-05
-1.26168e-05
-1.29752e-05
-1.33518e-05
-1.37466e-05
-1.41592e-05
-9.99811e-06
-1.01876e-05
-1.03915e-05
-1.06108e-05
-1.08462e-05
-1.10985e-05
-1.1368e-05
-1.16552e-05
-1.19601e-05
-1.22829e-05
-1.26235e-05
-1.29818e-05
-1.33574e-05
-1.375e-05
-1.41591e-05
-9.99189e-06
-1.01824e-05
-1.03875e-05
-1.06081e-05
-1.0845e-05
-1.10987e-05
-1.13696e-05
-1.16581e-05
-1.19643e-05
-1.2288e-05
-1.2629e-05
-1.29872e-05
-1.33619e-05
-1.37526e-05
-1.41585e-05
-1.69636e-06
-1.69814e-06
-1.69987e-06
-1.70134e-06
-1.70211e-06
-1.70171e-06
-1.69979e-06
-1.69607e-06
-1.6904e-06
-1.68273e-06
-1.67309e-06
-1.66155e-06
-1.64819e-06
-1.63305e-06
-1.61611e-06
-1.59724e-06
-1.57613e-06
-1.55222e-06
-1.52456e-06
-1.49162e-06
-1.45127e-06
-1.40064e-06
-1.33432e-06
-1.246e-06
-1.13059e-06
-9.83268e-07
-7.99708e-07
-5.77205e-07
-3.16053e-07
-1.96659e-08
3.09982e-07
6.66925e-07
1.03051e-06
1.38314e-06
1.70718e-06
1.9865e-06
2.20844e-06
2.36497e-06
2.45563e-06
2.48782e-06
2.47548e-06
2.43642e-06
2.38838e-06
2.35138e-06
2.33341e-06
-1.69211e-06
-1.69473e-06
-1.69637e-06
-1.69709e-06
-1.69666e-06
-1.69474e-06
-1.69106e-06
-1.68541e-06
-1.67759e-06
-1.66748e-06
-1.65495e-06
-1.63991e-06
-1.62226e-06
-1.60191e-06
-1.57869e-06
-1.55241e-06
-1.52271e-06
-1.48906e-06
-1.45056e-06
-1.4058e-06
-1.35262e-06
-1.28785e-06
-1.20689e-06
-1.10579e-06
-9.80773e-07
-8.27707e-07
-6.43021e-07
-4.24594e-07
-1.72243e-07
1.12146e-07
4.22537e-07
7.45007e-07
1.06896e-06
1.38192e-06
1.66887e-06
1.91495e-06
2.10858e-06
2.245e-06
2.32626e-06
2.36045e-06
2.35976e-06
2.33772e-06
2.30651e-06
2.27482e-06
2.25193e-06
-1.68822e-06
-1.69322e-06
-1.6962e-06
-1.69767e-06
-1.69764e-06
-1.69586e-06
-1.6921e-06
-1.68616e-06
-1.67788e-06
-1.66712e-06
-1.65372e-06
-1.63755e-06
-1.61847e-06
-1.59634e-06
-1.57101e-06
-1.54236e-06
-1.51023e-06
-1.47444e-06
-1.43465e-06
-1.39027e-06
-1.34018e-06
-1.28215e-06
-1.21244e-06
-1.12718e-06
-1.02131e-06
-8.88627e-07
-7.2341e-07
-5.21674e-07
-2.82036e-07
-6.19009e-09
3.01221e-07
6.28834e-07
9.62585e-07
1.28693e-06
1.58525e-06
1.84214e-06
2.04599e-06
2.19113e-06
2.27877e-06
2.31634e-06
2.31548e-06
2.28955e-06
2.25096e-06
2.20712e-06
2.15899e-06
-1.68574e-06
-1.69399e-06
-1.69899e-06
-1.70183e-06
-1.70284e-06
-1.70183e-06
-1.69863e-06
-1.6931e-06
-1.68509e-06
-1.67447e-06
-1.66108e-06
-1.64479e-06
-1.62547e-06
-1.60304e-06
-1.57747e-06
-1.54887e-06
-1.51755e-06
-1.48404e-06
-1.4491e-06
-1.41369e-06
-1.37862e-06
-1.3435e-06
-1.30479e-06
-1.25637e-06
-1.18974e-06
-1.09469e-06
-9.61727e-07
-7.84551e-07
-5.60448e-07
-2.90889e-07
1.88696e-08
3.58416e-07
7.12723e-07
1.06437e-06
1.39457e-06
1.68537e-06
1.92231e-06
2.09678e-06
2.20733e-06
2.25954e-06
2.26431e-06
2.23555e-06
2.18728e-06
2.12729e-06
2.05423e-06
-1.68677e-06
-1.69851e-06
-1.70581e-06
-1.71034e-06
-1.71279e-06
-1.71304e-06
-1.71096e-06
-1.70648e-06
-1.69948e-06
-1.68984e-06
-1.67744e-06
-1.66214e-06
-1.64388e-06
-1.62267e-06
-1.59869e-06
-1.57243e-06
-1.54483e-06
-1.51749e-06
-1.49276e-06
-1.47381e-06
-1.46426e-06
-1.46648e-06
-1.47677e-06
-1.48413e-06
-1.4744e-06
-1.43144e-06
-1.34127e-06
-1.1967e-06
-9.94217e-07
-7.34355e-07
-4.21237e-07
-6.60482e-08
3.16544e-07
7.07694e-07
1.08624e-06
1.4308e-06
1.72243e-06
1.94746e-06
2.09972e-06
2.18127e-06
2.20152e-06
2.17521e-06
2.11901e-06
2.04254e-06
1.94384e-06
-1.69289e-06
-1.70795e-06
-1.71756e-06
-1.72392e-06
-1.72804e-06
-1.72986e-06
-1.72933e-06
-1.7264e-06
-1.72102e-06
-1.7131e-06
-1.70252e-06
-1.68921e-06
-1.67314e-06
-1.65445e-06
-1.63358e-06
-1.61146e-06
-1.58983e-06
-1.57152e-06
-1.56086e-06
-1.56372e-06
-1.58709e-06
-1.63688e-06
-1.70876e-06
-1.78408e-06
-1.84063e-06
-1.85642e-06
-1.81686e-06
-1.71259e-06
-1.53745e-06
-1.2927e-06
-9.78999e-07
-6.07829e-07
-1.94457e-07
2.41713e-07
6.77842e-07
1.08913e-06
1.45137e-06
1.74431e-06
1.95506e-06
2.08037e-06
2.12691e-06
2.10995e-06
2.04934e-06
1.95734e-06
1.83197e-06
-1.70505e-06
-1.72306e-06
-1.73482e-06
-1.74301e-06
-1.74889e-06
-1.75247e-06
-1.75373e-06
-1.7527e-06
-1.74936e-06
-1.74365e-06
-1.73549e-06
-1.72481e-06
-1.71167e-06
-1.69633e-06
-1.67945e-06
-1.66245e-06
-1.64783e-06
-1.63982e-06
-1.64482e-06
-1.67171e-06
-1.73108e-06
-1.83268e-06
-1.97112e-06
-2.1178e-06
-2.24242e-06
-2.32289e-06
-2.34247e-06
-2.2839e-06
-2.1377e-06
-1.90257e-06
-1.58923e-06
-1.20585e-06
-7.6581e-07
-2.87509e-07
2.05882e-07
6.87136e-07
1.1271e-06
1.49835e-06
1.77983e-06
1.96108e-06
2.04437e-06
2.04445e-06
1.98413e-06
1.87852e-06
1.72599e-06
-1.72357e-06
-1.74412e-06
-1.75784e-06
-1.76779e-06
-1.77543e-06
-1.78082e-06
-1.784e-06
-1.78505e-06
-1.78398e-06
-1.78076e-06
-1.77532e-06
-1.76763e-06
-1.75776e-06
-1.74608e-06
-1.73345e-06
-1.72168e-06
-1.71403e-06
-1.71599e-06
-1.73612e-06
-1.78638e-06
-1.88088e-06
-2.03328e-06
-2.23782e-06
-2.45602e-06
-2.64987e-06
-2.79085e-06
-2.8558e-06
-2.83001e-06
-2.70787e-06
-2.48963e-06
-2.18197e-06
-1.79298e-06
-1.33465e-06
-8.23419e-07
-2.81237e-07
2.63934e-07
7.79357e-07
1.23099e-06
1.58904e-06
1.83441e-06
1.96309e-06
1.98764e-06
1.93288e-06
1.8165e-06
1.63733e-06
-1.74834e-06
-1.77108e-06
-1.78655e-06
-1.79815e-06
-1.8075e-06
-1.81469e-06
-1.8198e-06
-1.82295e-06
-1.82421e-06
-1.82354e-06
-1.8209e-06
-1.81624e-06
-1.80966e-06
-1.80154e-06
-1.7929e-06
-1.78584e-06
-1.78423e-06
-1.7947e-06
-1.82778e-06
-1.89865e-06
-2.02429e-06
-2.22179e-06
-2.48616e-06
-2.76792e-06
-3.02028e-06
-3.20932e-06
-3.3107e-06
-3.31163e-06
-3.20859e-06
-3.00323e-06
-2.702e-06
-2.31241e-06
-1.84445e-06
-1.31171e-06
-7.3353e-07
-1.36731e-07
4.44391e-07
9.70782e-07
1.40437e-06
1.71696e-06
1.89663e-06
1.9519e-06
1.90804e-06
1.78454e-06
1.58063e-06
-1.77896e-06
-1.80362e-06
-1.82066e-06
-1.8338e-06
-1.84477e-06
-1.85367e-06
-1.86062e-06
-1.8658e-06
-1.86928e-06
-1.87106e-06
-1.87108e-06
-1.86927e-06
-1.86571e-06
-1.86077e-06
-1.85551e-06
-1.85221e-06
-1.85521e-06
-1.872e-06
-1.91486e-06
-2.00232e-06
-2.15316e-06
-2.3874e-06
-2.70177e-06
-3.0356e-06
-3.33329e-06
-3.55746e-06
-3.68378e-06
-3.70131e-06
-3.60887e-06
-3.41069e-06
-3.11392e-06
-2.72574e-06
-2.25416e-06
-1.70966e-06
-1.10818e-06
-4.7397e-07
1.59185e-07
7.49434e-07
1.25162e-06
1.62937e-06
1.86206e-06
1.95237e-06
1.92426e-06
1.7979e-06
1.57257e-06
-1.81487e-06
-1.84129e-06
-1.85978e-06
-1.87434e-06
-1.88681e-06
-1.89729e-06
-1.90592e-06
-1.91293e-06
-1.91842e-06
-1.92239e-06
-1.92477e-06
-1.92546e-06
-1.92447e-06
-1.92213e-06
-1.91945e-06
-1.91878e-06
-1.92471e-06
-1.94539e-06
-1.99421e-06
-2.0926e-06
-2.26247e-06
-2.52702e-06
-2.87838e-06
-3.25168e-06
-3.58122e-06
-3.82729e-06
-3.96604e-06
-3.9889e-06
-3.89775e-06
-3.69959e-06
-3.40274e-06
-3.0144e-06
-2.54099e-06
-1.99027e-06
-1.37473e-06
-7.1535e-07
-4.37622e-08
5.97589e-07
1.1572e-06
1.59404e-06
1.87847e-06
2.00596e-06
1.99755e-06
1.87282e-06
1.63051e-06
-1.85547e-06
-1.8836e-06
-1.90344e-06
-1.91934e-06
-1.93317e-06
-1.94505e-06
-1.95514e-06
-1.9637e-06
-1.97088e-06
-1.97667e-06
-1.981e-06
-1.98372e-06
-1.98476e-06
-1.98434e-06
-1.98339e-06
-1.98419e-06
-1.99145e-06
-2.01376e-06
-2.06525e-06
-2.16825e-06
-2.35096e-06
-2.63867e-06
-3.01647e-06
-3.41595e-06
-3.76454e-06
-4.02022e-06
-4.1599e-06
-4.17773e-06
-4.07875e-06
-3.87266e-06
-3.56921e-06
-3.17591e-06
-2.69826e-06
-2.14193e-06
-1.51657e-06
-8.39932e-07
-1.4053e-07
5.40857e-07
1.14517e-06
1.63262e-06
1.96518e-06
2.13002e-06
2.14407e-06
2.02533e-06
1.77115e-06
-1.90022e-06
-1.9301e-06
-1.95125e-06
-1.96839e-06
-1.98345e-06
-1.99651e-06
-2.00778e-06
-2.01756e-06
-2.02602e-06
-2.03319e-06
-2.03898e-06
-2.04318e-06
-2.04565e-06
-2.04647e-06
-2.04642e-06
-2.04763e-06
-2.0548e-06
-2.07676e-06
-2.12825e-06
-2.23152e-06
-2.42235e-06
-2.72256e-06
-3.11771e-06
-3.53261e-06
-3.88918e-06
-4.14401e-06
-4.27487e-06
-4.27872e-06
-4.16356e-06
-3.94152e-06
-3.62383e-06
-3.21857e-06
-2.73087e-06
-2.16525e-06
-1.52938e-06
-8.38566e-07
-1.18539e-07
5.94289e-07
1.23749e-06
1.76508e-06
2.1402e-06
2.34085e-06
2.37893e-06
2.27009e-06
2.00928e-06
-1.94869e-06
-1.98043e-06
-2.00289e-06
-2.02119e-06
-2.03731e-06
-2.05131e-06
-2.06343e-06
-2.07402e-06
-2.08331e-06
-2.09135e-06
-2.09805e-06
-2.10317e-06
-2.10646e-06
-2.10786e-06
-2.10796e-06
-2.10872e-06
-2.11465e-06
-2.13466e-06
-2.18407e-06
-2.28598e-06
-2.4777e-06
-2.78247e-06
-3.18735e-06
-3.60855e-06
-3.96396e-06
-4.20951e-06
-4.32364e-06
-4.30606e-06
-4.16737e-06
-3.92176e-06
-3.58184e-06
-3.15638e-06
-2.65067e-06
-2.06885e-06
-1.41759e-06
-7.10474e-07
2.83093e-08
7.63833e-07
1.44491e-06
2.00763e-06
2.4184e-06
2.65211e-06
2.71492e-06
2.61939e-06
2.35685e-06
-2.00058e-06
-2.03435e-06
-2.05814e-06
-2.07753e-06
-2.09453e-06
-2.10918e-06
-2.12177e-06
-2.13272e-06
-2.14232e-06
-2.15067e-06
-2.15771e-06
-2.16317e-06
-2.1667e-06
-2.16808e-06
-2.16774e-06
-2.16735e-06
-2.1712e-06
-2.1881e-06
-2.23373e-06
-2.33216e-06
-2.51993e-06
-2.8242e-06
-3.23181e-06
-3.65166e-06
-3.99857e-06
-4.22835e-06
-4.31939e-06
-4.27435e-06
-4.10585e-06
-3.82974e-06
-3.45976e-06
-3.00547e-06
-2.47268e-06
-1.86582e-06
-1.19142e-06
-4.62174e-07
2.98517e-07
1.05641e-06
1.77037e-06
2.36694e-06
2.80892e-06
3.07377e-06
3.16176e-06
3.08257e-06
2.82253e-06
-2.05578e-06
-2.0918e-06
-2.11695e-06
-2.13732e-06
-2.15498e-06
-2.16995e-06
-2.18257e-06
-2.19336e-06
-2.2027e-06
-2.21077e-06
-2.21755e-06
-2.22279e-06
-2.22604e-06
-2.2269e-06
-2.22563e-06
-2.22363e-06
-2.22485e-06
-2.23789e-06
-2.27851e-06
-2.37142e-06
-2.55283e-06
-2.85247e-06
-3.25728e-06
-3.66972e-06
-4.00273e-06
-4.21079e-06
-4.27433e-06
-4.19711e-06
-3.99351e-06
-3.68071e-06
-3.27339e-06
-2.78183e-06
-2.21261e-06
-1.57092e-06
-8.63807e-07
-1.04137e-07
6.85447e-07
1.47136e-06
2.21307e-06
2.84312e-06
3.31828e-06
3.61306e-06
3.72609e-06
3.66597e-06
3.41157e-06
-2.11433e-06
-2.15283e-06
-2.17938e-06
-2.20061e-06
-2.21867e-06
-2.23355e-06
-2.24568e-06
-2.25571e-06
-2.26416e-06
-2.27133e-06
-2.27725e-06
-2.28173e-06
-2.28426e-06
-2.28416e-06
-2.28164e-06
-2.27776e-06
-2.27608e-06
-2.2849e-06
-2.31985e-06
-2.40594e-06
-2.57944e-06
-2.87184e-06
-3.26858e-06
-3.66936e-06
-3.98424e-06
-4.16696e-06
-4.19924e-06
-4.086e-06
-3.8429e-06
-3.48804e-06
-3.03677e-06
-2.50007e-06
-1.88537e-06
-1.1989e-06
-4.4882e-07
3.5129e-07
1.17898e-06
2.00086e-06
2.77178e-06
3.4356e-06
3.9467e-06
4.27266e-06
4.41106e-06
4.37342e-06
4.12555e-06
-2.17645e-06
-2.21767e-06
-2.24564e-06
-2.26757e-06
-2.28568e-06
-2.29997e-06
-2.311e-06
-2.31959e-06
-2.32645e-06
-2.33202e-06
-2.33646e-06
-2.33969e-06
-2.34117e-06
-2.3398e-06
-2.33582e-06
-2.33e-06
-2.32539e-06
-2.32994e-06
-2.35902e-06
-2.43766e-06
-2.60223e-06
-2.88511e-06
-3.27088e-06
-3.65653e-06
-3.9501e-06
-4.10467e-06
-4.1029e-06
-3.95064e-06
-3.6644e-06
-3.26289e-06
-2.76188e-06
-2.17291e-06
-1.50429e-06
-7.63467e-07
3.9988e-08
8.9117e-07
1.76679e-06
2.63276e-06
3.44336e-06
4.14523e-06
4.68985e-06
5.05098e-06
5.21659e-06
5.20658e-06
4.96419e-06
-2.24253e-06
-2.28672e-06
-2.31612e-06
-2.33848e-06
-2.3562e-06
-2.36928e-06
-2.37845e-06
-2.3848e-06
-2.38928e-06
-2.39254e-06
-2.39485e-06
-2.39635e-06
-2.39645e-06
-2.39379e-06
-2.38824e-06
-2.38056e-06
-2.37321e-06
-2.3737e-06
-2.39703e-06
-2.46811e-06
-2.6232e-06
-2.89514e-06
-3.26787e-06
-3.63592e-06
-3.90581e-06
-4.03016e-06
-3.99226e-06
-3.79867e-06
-3.46636e-06
-3.01437e-06
-2.45863e-06
-1.81112e-06
-1.08096e-06
-2.76835e-07
5.90051e-07
1.50307e-06
2.43735e-06
3.35759e-06
4.21766e-06
4.96409e-06
5.54644e-06
5.94499e-06
6.14257e-06
6.15449e-06
5.93199e-06
-2.31311e-06
-2.36052e-06
-2.39129e-06
-2.41376e-06
-2.43048e-06
-2.44155e-06
-2.44796e-06
-2.45113e-06
-2.45233e-06
-2.45252e-06
-2.45213e-06
-2.45151e-06
-2.4498e-06
-2.44574e-06
-2.43893e-06
-2.4296e-06
-2.41987e-06
-2.41671e-06
-2.43466e-06
-2.4984e-06
-2.64391e-06
-2.90412e-06
-3.26233e-06
-3.61104e-06
-3.85555e-06
-3.9482e-06
-3.87266e-06
-3.63586e-06
-3.2553e-06
-2.74969e-06
-2.13508e-06
-1.42367e-06
-6.25256e-07
2.50244e-07
1.18995e-06
2.17524e-06
3.17918e-06
4.16461e-06
5.08417e-06
5.88379e-06
6.51111e-06
6.94758e-06
7.17857e-06
7.21065e-06
7.02421e-06
-2.38892e-06
-2.43981e-06
-2.47183e-06
-2.4939e-06
-2.50883e-06
-2.51688e-06
-2.5194e-06
-2.51827e-06
-2.51521e-06
-2.5115e-06
-2.50786e-06
-2.50465e-06
-2.50091e-06
-2.49552e-06
-2.48773e-06
-2.47716e-06
-2.46554e-06
-2.4593e-06
-2.47248e-06
-2.52928e-06
-2.66541e-06
-2.91354e-06
-3.25627e-06
-3.58444e-06
-3.80241e-06
-3.86231e-06
-3.74807e-06
-3.46692e-06
-3.03622e-06
-2.47454e-06
-1.79769e-06
-1.01794e-06
-1.45593e-07
8.08343e-07
1.82933e-06
2.89663e-06
3.98095e-06
5.04268e-06
6.03247e-06
6.89483e-06
7.57482e-06
8.05242e-06
8.32031e-06
8.37598e-06
8.22577e-06
-2.47087e-06
-2.52549e-06
-2.55854e-06
-2.57953e-06
-2.59162e-06
-2.59536e-06
-2.59262e-06
-2.58588e-06
-2.57741e-06
-2.56892e-06
-2.5614e-06
-2.55521e-06
-2.54946e-06
-2.54295e-06
-2.53445e-06
-2.52313e-06
-2.51026e-06
-2.50164e-06
-2.51074e-06
-2.5612e-06
-2.68836e-06
-2.92434e-06
-3.251e-06
-3.55783e-06
-3.74848e-06
-3.77497e-06
-3.62134e-06
-3.29494e-06
-2.81286e-06
-2.19329e-06
-1.45165e-06
-6.00058e-07
3.50834e-07
1.38912e-06
2.49872e-06
3.65679e-06
4.83147e-06
5.98037e-06
7.0515e-06
7.98716e-06
8.72739e-06
9.25266e-06
9.56547e-06
9.65266e-06
9.53397e-06
-2.5601e-06
-2.61869e-06
-2.65241e-06
-2.67136e-06
-2.67923e-06
-2.67703e-06
-2.66738e-06
-2.65349e-06
-2.63835e-06
-2.62414e-06
-2.61213e-06
-2.6027e-06
-2.59501e-06
-2.5876e-06
-2.5788e-06
-2.56735e-06
-2.55394e-06
-2.54372e-06
-2.54951e-06
-2.59434e-06
-2.71304e-06
-2.93702e-06
-3.24729e-06
-3.53229e-06
-3.69512e-06
-3.68781e-06
-3.49441e-06
-3.12224e-06
-2.58801e-06
-1.90936e-06
-1.10113e-06
-1.75158e-07
8.57778e-07
1.98506e-06
3.18928e-06
4.44559e-06
5.71958e-06
6.96581e-06
8.12911e-06
9.1487e-06
9.95844e-06
1.05366e-05
1.08987e-05
1.10249e-05
1.09465e-05
-2.65802e-06
-2.72083e-06
-2.75462e-06
-2.7702e-06
-2.77204e-06
-2.76187e-06
-2.74331e-06
-2.72053e-06
-2.69736e-06
-2.67647e-06
-2.65942e-06
-2.64657e-06
-2.63702e-06
-2.62902e-06
-2.62044e-06
-2.60953e-06
-2.59635e-06
-2.58536e-06
-2.58868e-06
-2.62863e-06
-2.73947e-06
-2.95173e-06
-3.24548e-06
-3.50836e-06
-3.64315e-06
-3.60187e-06
-3.36859e-06
-2.95048e-06
-2.36376e-06
-1.6254e-06
-7.49538e-07
2.52413e-07
1.36972e-06
2.5893e-06
3.89265e-06
5.25317e-06
6.634e-06
7.98662e-06
9.25217e-06
1.0366e-05
1.12571e-05
1.18942e-05
1.23087e-05
1.24779e-05
1.24444e-05
-2.76639e-06
-2.83361e-06
-2.86657e-06
-2.87695e-06
-2.87041e-06
-2.84974e-06
-2.81992e-06
-2.78636e-06
-2.75369e-06
-2.72519e-06
-2.70261e-06
-2.68624e-06
-2.67501e-06
-2.6668e-06
-2.65902e-06
-2.64936e-06
-2.63719e-06
-2.62628e-06
-2.62798e-06
-2.66384e-06
-2.76745e-06
-2.96836e-06
-3.24559e-06
-3.48626e-06
-3.59294e-06
-3.51776e-06
-3.24472e-06
-2.7808e-06
-2.14166e-06
-1.34349e-06
-3.99684e-07
6.78895e-07
1.88172e-06
3.19546e-06
4.60079e-06
6.06973e-06
7.56326e-06
9.02985e-06
1.04065e-05
1.16236e-05
1.2609e-05
1.33177e-05
1.37861e-05
1.40056e-05
1.40211e-05
-2.88744e-06
-2.95915e-06
-2.98989e-06
-2.99258e-06
-2.97462e-06
-2.94038e-06
-2.89662e-06
-2.85019e-06
-2.80657e-06
-2.7696e-06
-2.74108e-06
-2.72119e-06
-2.70852e-06
-2.70057e-06
-2.6942e-06
-2.68649e-06
-2.67615e-06
-2.66615e-06
-2.66707e-06
-2.69961e-06
-2.79663e-06
-2.9866e-06
-3.24744e-06
-3.46594e-06
-3.54461e-06
-3.43578e-06
-3.12333e-06
-2.614e-06
-1.92287e-06
-1.06531e-06
-5.39423e-08
1.10099e-06
2.38928e-06
3.79754e-06
5.30598e-06
6.8856e-06
8.4957e-06
1.00821e-05
1.15776e-05
1.29067e-05
1.39966e-05
1.47942e-05
1.532e-05
1.5597e-05
1.56689e-05
-3.02398e-06
-3.10005e-06
-3.12647e-06
-3.11808e-06
-3.08485e-06
-3.0334e-06
-2.97271e-06
-2.91116e-06
-2.8552e-06
-2.809e-06
-2.7743e-06
-2.75098e-06
-2.73723e-06
-2.73004e-06
-2.72569e-06
-2.72065e-06
-2.71288e-06
-2.70459e-06
-2.70554e-06
-2.73551e-06
-2.8266e-06
-3.00607e-06
-3.25071e-06
-3.4472e-06
-3.49812e-06
-3.35603e-06
-3.00472e-06
-2.45065e-06
-1.70829e-06
-7.9225e-07
2.85655e-07
1.51578e-06
2.8883e-06
4.38994e-06
6.00075e-06
7.6912e-06
9.41954e-06
1.11296e-05
1.27506e-05
1.42012e-05
1.54037e-05
1.63022e-05
1.6897e-05
1.72394e-05
1.73773e-05
-3.17967e-06
-3.25951e-06
-3.27848e-06
-3.25443e-06
-3.20113e-06
-3.12825e-06
-3.04727e-06
-2.96841e-06
-2.89882e-06
-2.84281e-06
-2.80185e-06
-2.77534e-06
-2.76093e-06
-2.75503e-06
-2.75331e-06
-2.75159e-06
-2.7471e-06
-2.74127e-06
-2.743e-06
-2.77112e-06
-2.85688e-06
-3.02632e-06
-3.25504e-06
-3.42977e-06
-3.45332e-06
-3.27852e-06
-2.88906e-06
-2.29114e-06
-1.49865e-06
-5.25455e-07
6.17349e-07
1.92067e-06
3.37506e-06
4.96745e-06
6.67802e-06
8.4772e-06
1.03229e-05
1.21579e-05
1.39088e-05
1.54891e-05
1.68141e-05
1.78224e-05
1.85011e-05
1.89185e-05
1.91349e-05
-3.35928e-06
-3.44146e-06
-3.44828e-06
-3.40247e-06
-3.32317e-06
-3.22397e-06
-3.11938e-06
-3.02109e-06
-2.93682e-06
-2.87064e-06
-2.8235e-06
-2.79415e-06
-2.77956e-06
-2.77549e-06
-2.77697e-06
-2.77918e-06
-2.77861e-06
-2.77588e-06
-2.77906e-06
-2.80599e-06
-2.88701e-06
-3.0469e-06
-3.26003e-06
-3.41336e-06
-3.41003e-06
-3.20321e-06
-2.77649e-06
-2.1358e-06
-1.29455e-06
-2.65907e-07
9.39615e-07
2.31337e-06
3.84622e-06
5.52534e-06
7.33119e-06
9.23466e-06
1.11941e-05
1.31524e-05
1.50347e-05
1.67503e-05
1.82068e-05
1.93352e-05
2.01152e-05
2.06191e-05
2.0931e-05
-3.56919e-06
-3.65067e-06
-3.63838e-06
-3.56277e-06
-3.4502e-06
-3.31959e-06
-3.18797e-06
-3.06842e-06
-2.96871e-06
-2.89227e-06
-2.83925e-06
-2.80751e-06
-2.79324e-06
-2.79154e-06
-2.79674e-06
-2.80339e-06
-2.80727e-06
-2.8082e-06
-2.81342e-06
-2.83974e-06
-2.91659e-06
-3.06739e-06
-3.26532e-06
-3.39767e-06
-3.36806e-06
-3.13002e-06
-2.66706e-06
-1.98488e-06
-1.09647e-06
-1.44358e-08
1.25115e-06
2.69191e-06
4.29888e-06
6.05939e-06
7.95429e-06
9.9553e-06
1.2022e-05
1.40985e-05
1.61101e-05
1.79638e-05
1.95599e-05
2.08195e-05
2.17161e-05
2.23234e-05
2.27541e-05
-3.81802e-06
-3.89283e-06
-3.85121e-06
-3.73517e-06
-3.58144e-06
-3.41372e-06
-3.25196e-06
-3.10976e-06
-2.99424e-06
-2.90773e-06
-2.84927e-06
-2.81567e-06
-2.80226e-06
-2.80339e-06
-2.81276e-06
-2.82428e-06
-2.83304e-06
-2.83809e-06
-2.84584e-06
-2.87207e-06
-2.94523e-06
-3.08742e-06
-3.27058e-06
-3.38246e-06
-3.32725e-06
-3.0589e-06
-2.56083e-06
-1.83859e-06
-9.04831e-07
2.28258e-07
1.55084e-06
3.05463e-06
4.73058e-06
6.56601e-06
8.54215e-06
1.06317e-05
1.27961e-05
1.4982e-05
1.71167e-05
1.91071e-05
2.08481e-05
2.2251e-05
2.32779e-05
2.40096e-05
2.4592e-05
-4.11777e-06
-4.17449e-06
-4.08866e-06
-3.91918e-06
-3.71506e-06
-3.50481e-06
-3.31033e-06
-3.14465e-06
-3.01339e-06
-2.9173e-06
-2.85398e-06
-2.8191e-06
-2.80704e-06
-2.81143e-06
-2.82532e-06
-2.84203e-06
-2.85598e-06
-2.86549e-06
-2.87615e-06
-2.90272e-06
-2.97266e-06
-3.10668e-06
-3.27553e-06
-3.36752e-06
-3.28746e-06
-2.98978e-06
-2.45786e-06
-1.69711e-06
-7.19976e-07
4.616e-07
1.83782e-06
3.40019e-06
5.13934e-06
7.04231e-06
9.09051e-06
1.12576e-05
1.35074e-05
1.57898e-05
1.80364e-05
2.01567e-05
2.2043e-05
2.35989e-05
2.47715e-05
2.56525e-05
2.64329e-05
-4.48538e-06
-4.50277e-06
-4.35146e-06
-4.11364e-06
-3.84871e-06
-3.59115e-06
-3.36223e-06
-3.17291e-06
-3.02644e-06
-2.92148e-06
-2.85399e-06
-2.81839e-06
-2.80812e-06
-2.8161e-06
-2.83475e-06
-2.85685e-06
-2.8762e-06
-2.89041e-06
-2.90427e-06
-2.93154e-06
-2.99865e-06
-3.12495e-06
-3.27996e-06
-3.35268e-06
-3.2486e-06
-2.92265e-06
-2.35819e-06
-1.56058e-06
-5.42181e-07
6.85147e-07
2.11139e-06
3.72759e-06
5.52371e-06
7.48614e-06
9.59613e-06
1.18282e-05
1.41482e-05
1.65104e-05
1.88521e-05
2.10885e-05
2.31135e-05
2.4827e-05
2.61601e-05
2.72195e-05
2.8266e-05
-4.94508e-06
-4.88512e-06
-4.63894e-06
-4.31484e-06
-3.9795e-06
-3.67103e-06
-3.40702e-06
-3.19466e-06
-3.03393e-06
-2.921e-06
-2.85006e-06
-2.81425e-06
-2.80612e-06
-2.81791e-06
-2.84147e-06
-2.86906e-06
-2.8939e-06
-2.91293e-06
-2.93019e-06
-2.95841e-06
-3.02305e-06
-3.14204e-06
-3.28373e-06
-3.33782e-06
-3.2106e-06
-2.8575e-06
-2.26188e-06
-1.42913e-06
-3.71653e-07
8.98575e-07
2.37109e-06
4.03617e-06
5.88273e-06
7.89612e-06
1.00569e-05
1.23399e-05
1.47129e-05
1.71344e-05
1.95486e-05
2.18792e-05
2.40264e-05
2.5893e-05
2.7396e-05
2.8666e-05
3.00804e-05
-5.53074e-06
-5.32446e-06
-4.94901e-06
-4.51795e-06
-4.10397e-06
-3.74281e-06
-3.44441e-06
-3.21038e-06
-3.03669e-06
-2.91677e-06
-2.84305e-06
-2.80746e-06
-2.80171e-06
-2.81741e-06
-2.8459e-06
-2.87896e-06
-2.90928e-06
-2.93316e-06
-2.95392e-06
-2.98331e-06
-3.04576e-06
-3.15784e-06
-3.28673e-06
-3.3229e-06
-3.17344e-06
-2.79435e-06
-2.16898e-06
-1.30287e-06
-2.08572e-07
1.10163e-06
2.61659e-06
4.3255e-06
6.21586e-06
8.27149e-06
1.04717e-05
1.2791e-05
1.51981e-05
1.76553e-05
2.01135e-05
2.2507e-05
2.47469e-05
2.67475e-05
2.84168e-05
2.99261e-05
3.18581e-05
-6.28853e-06
-5.81698e-06
-5.27096e-06
-4.71624e-06
-4.21821e-06
-3.80506e-06
-3.47444e-06
-3.2208e-06
-3.03568e-06
-2.90979e-06
-2.83388e-06
-2.79883e-06
-2.79557e-06
-2.81518e-06
-2.8485e-06
-2.88692e-06
-2.92261e-06
-2.95129e-06
-2.97557e-06
-3.00626e-06
-3.06676e-06
-3.17229e-06
-3.2889e-06
-3.30785e-06
-3.1371e-06
-2.7332e-06
-2.07958e-06
-1.18193e-06
-5.31217e-08
1.29407e-06
2.84758e-06
4.59522e-06
6.5227e-06
8.61181e-06
1.084e-05
1.31804e-05
1.56018e-05
1.80686e-05
2.05372e-05
2.29527e-05
2.52399e-05
2.73338e-05
2.91403e-05
3.08976e-05
3.35559e-05
-7.26327e-06
-6.35334e-06
-5.5893e-06
-4.90068e-06
-4.31806e-06
-3.85668e-06
-3.49752e-06
-3.22689e-06
-3.03199e-06
-2.90109e-06
-2.82348e-06
-2.78914e-06
-2.78837e-06
-2.81176e-06
-2.84975e-06
-2.89331e-06
-2.93419e-06
-2.96752e-06
-2.99528e-06
-3.02732e-06
-3.08607e-06
-3.18539e-06
-3.29022e-06
-3.29265e-06
-3.10155e-06
-2.67403e-06
-1.99361e-06
-1.06624e-06
9.47694e-08
1.47599e-06
3.06418e-06
4.84554e-06
6.80357e-06
8.91755e-06
1.11624e-05
1.35088e-05
1.59243e-05
1.8373e-05
2.08145e-05
2.32015e-05
2.54724e-05
2.75894e-05
2.94633e-05
3.14368e-05
3.5104e-05
-8.5508e-06
-6.91931e-06
-5.88247e-06
-5.06156e-06
-4.40111e-06
-3.89831e-06
-3.51532e-06
-3.23042e-06
-3.02717e-06
-2.89188e-06
-2.81276e-06
-2.77908e-06
-2.78061e-06
-2.80752e-06
-2.84989e-06
-2.89834e-06
-2.94417e-06
-2.98199e-06
-3.01313e-06
-3.04657e-06
-3.10374e-06
-3.19719e-06
-3.29075e-06
-3.27737e-06
-3.06679e-06
-2.61668e-06
-1.91068e-06
-9.55091e-07
2.36223e-07
1.64901e-06
3.26867e-06
5.07946e-06
7.06237e-06
9.19365e-06
1.14449e-05
1.37836e-05
1.6174e-05
1.85776e-05
2.09526e-05
2.32534e-05
2.54257e-05
2.74555e-05
2.92631e-05
3.13708e-05
3.64703e-05
-1.02654e-05
-7.48357e-06
-6.11936e-06
-5.19066e-06
-4.46976e-06
-3.93457e-06
-3.53222e-06
-3.23484e-06
-3.02366e-06
-2.88375e-06
-2.80262e-06
-2.76901e-06
-2.77228e-06
-2.80223e-06
-2.84858e-06
-2.9016e-06
-2.95217e-06
-2.99436e-06
-3.02889e-06
-3.06382e-06
-3.11966e-06
-3.20768e-06
-3.29068e-06
-3.26235e-06
-3.03322e-06
-2.56148e-06
-1.83086e-06
-8.48089e-07
3.72288e-07
1.81507e-06
3.46414e-06
5.30165e-06
7.30575e-06
9.44931e-06
1.17001e-05
1.40211e-05
1.63719e-05
1.87085e-05
2.09829e-05
2.31413e-05
2.51204e-05
2.68987e-05
2.83851e-05
3.03743e-05
3.72177e-05
-1.17167e-05
-7.8442e-06
-6.24155e-06
-5.2698e-06
-4.52015e-06
-3.96448e-06
-3.54776e-06
-3.23986e-06
-3.02132e-06
-2.87675e-06
-2.79328e-06
-2.7593e-06
-2.76384e-06
-2.79638e-06
-2.84628e-06
-2.90349e-06
-2.9585e-06
-3.00488e-06
-3.04273e-06
-3.07925e-06
-3.13396e-06
-3.21694e-06
-3.29008e-06
-3.24793e-06
-3.00185e-06
-2.51054e-06
-1.75785e-06
-7.5092e-07
4.94964e-07
1.9636e-06
3.63735e-06
5.4962e-06
7.51549e-06
9.6646e-06
1.19071e-05
1.42014e-05
1.65009e-05
1.87542e-05
2.09026e-05
2.28752e-05
2.45714e-05
2.58995e-05
2.66407e-05
2.75391e-05
3.35941e-05
)
;

boundaryField
{
    inlet
    {
        type            uniformJump;
        patchType       cyclic;
        jump            uniform -2.5e-05;
        value           nonuniform List<scalar> 
40
(
7.83226e-07
7.99223e-07
8.15647e-07
8.31592e-07
8.48421e-07
8.67539e-07
8.91299e-07
9.24035e-07
9.72685e-07
1.04682e-06
1.15795e-06
1.31881e-06
1.54372e-06
1.84963e-06
2.2562e-06
2.784e-06
3.45066e-06
4.26656e-06
5.22996e-06
6.31704e-06
7.4249e-06
8.37858e-06
9.10217e-06
9.62593e-06
9.99394e-06
1.02432e-05
1.04051e-05
1.05053e-05
1.05641e-05
1.05964e-05
1.06126e-05
1.06198e-05
1.06225e-05
1.06232e-05
1.06234e-05
1.06239e-05
1.0625e-05
1.06266e-05
1.06288e-05
1.06315e-05
)
;
        jumpTable       table;
        jumpTableCoeffs
        {
            values          
4
(
(0 -2.5e-05)
(25 -2.5e-05)
(25.5 -0.0001)
(26 -2.5e-05)
)
;
        }
    }
    outlet
    {
        type            uniformJump;
        patchType       cyclic;
        value           nonuniform List<scalar> 
40
(
-2.42168e-05
-2.42008e-05
-2.41844e-05
-2.41684e-05
-2.41516e-05
-2.41325e-05
-2.41087e-05
-2.4076e-05
-2.40273e-05
-2.39532e-05
-2.38421e-05
-2.36812e-05
-2.34563e-05
-2.31504e-05
-2.27438e-05
-2.2216e-05
-2.15493e-05
-2.07334e-05
-1.977e-05
-1.8683e-05
-1.75751e-05
-1.66214e-05
-1.58978e-05
-1.53741e-05
-1.50061e-05
-1.47568e-05
-1.45949e-05
-1.44947e-05
-1.44359e-05
-1.44036e-05
-1.43874e-05
-1.43802e-05
-1.43775e-05
-1.43768e-05
-1.43766e-05
-1.43761e-05
-1.4375e-05
-1.43734e-05
-1.43712e-05
-1.43685e-05
)
;
    }
    Walls
    {
        type            zeroGradient;
    }
    back
    {
        type            empty;
    }
    front
    {
        type            empty;
    }
}


// ************************************************************************* //
