/*--------------------------------*- C++ -*----------------------------------*\
| =========                 |                                                 |
| \\      /  F ield         | OpenFOAM: The Open Source CFD Toolbox           |
|  \\    /   O peration     | Version:  2312                                  |
|   \\  /    A nd           | Website:  www.openfoam.com                      |
|    \\/     M anipulation  |                                                 |
\*---------------------------------------------------------------------------*/
FoamFile
{
    version     2.0;
    format      ascii;
    arch        "LSB;label=32;scalar=64";
    class       volScalarField;
    location    "15";
    object      p;
}
// * * * * * * * * * * * * * * * * * * * * * * * * * * * * * * * * * * * * * //

dimensions      [0 2 -2 0 0 0 0];

internalField   nonuniform List<scalar> 
4800
(
-2.11159e-11
-1.41036e-06
-2.58536e-06
-3.58121e-06
-4.436e-06
-5.17494e-06
-5.82231e-06
-6.39571e-06
-6.90363e-06
-7.35831e-06
-7.76841e-06
-8.13606e-06
-8.45494e-06
-8.956e-06
-1.05873e-05
1.54107e-08
-1.3923e-06
-2.56546e-06
-3.56014e-06
-4.41494e-06
-5.15494e-06
-5.80485e-06
-6.38226e-06
-6.89616e-06
-7.36057e-06
-7.78934e-06
-8.19804e-06
-8.60145e-06
-9.1063e-06
-9.96045e-06
3.18936e-08
-1.3729e-06
-2.54417e-06
-3.53787e-06
-4.39253e-06
-5.13341e-06
-5.78419e-06
-6.3646e-06
-6.88327e-06
-7.35473e-06
-7.79428e-06
-8.21828e-06
-8.63604e-06
-9.05683e-06
-9.4603e-06
4.89653e-08
-1.35231e-06
-2.52115e-06
-3.51335e-06
-4.36728e-06
-5.10904e-06
-5.759e-06
-6.34059e-06
-6.86138e-06
-7.33404e-06
-7.77162e-06
-8.18206e-06
-8.55841e-06
-8.87085e-06
-9.05143e-06
6.81301e-08
-1.32875e-06
-2.49439e-06
-3.48433e-06
-4.33664e-06
-5.07812e-06
-5.72692e-06
-6.30617e-06
-6.82496e-06
-7.29155e-06
-7.71409e-06
-8.09119e-06
-8.40476e-06
-8.61744e-06
-8.67534e-06
9.0864e-08
-1.30066e-06
-2.46217e-06
-3.44885e-06
-4.29838e-06
-5.03727e-06
-5.68401e-06
-6.25718e-06
-6.76781e-06
-7.21972e-06
-7.61524e-06
-7.94677e-06
-8.19403e-06
-8.3282e-06
-8.32174e-06
1.19346e-07
-1.26584e-06
-2.4221e-06
-3.40424e-06
-4.24934e-06
-4.9833e-06
-5.62432e-06
-6.18775e-06
-6.68311e-06
-7.11156e-06
-7.47103e-06
-7.7522e-06
-7.93956e-06
-8.01833e-06
-7.98176e-06
1.57233e-07
-1.22067e-06
-2.3704e-06
-3.34631e-06
-4.18475e-06
-4.9108e-06
-5.54163e-06
-6.09017e-06
-6.56347e-06
-6.96137e-06
-7.28026e-06
-7.51312e-06
-7.65228e-06
-7.69532e-06
-7.64728e-06
2.10036e-07
-1.15973e-06
-2.30143e-06
-3.26902e-06
-4.09797e-06
-4.8124e-06
-5.42823e-06
-5.95629e-06
-6.40188e-06
-6.76511e-06
-7.04363e-06
-7.23497e-06
-7.33898e-06
-7.36139e-06
-7.31229e-06
2.84996e-07
-1.07569e-06
-2.20757e-06
-3.16429e-06
-3.98043e-06
-4.67905e-06
-5.27505e-06
-5.77791e-06
-6.19232e-06
-6.52026e-06
-6.76247e-06
-6.92137e-06
-7.00227e-06
-7.01513e-06
-6.97128e-06
3.90343e-07
-9.59796e-07
-2.07951e-06
-3.02234e-06
-3.822e-06
-4.50066e-06
-5.0726e-06
-5.54705e-06
-5.92986e-06
-6.22524e-06
-6.43771e-06
-6.57363e-06
-6.64155e-06
-6.65288e-06
-6.61843e-06
5.34396e-07
-8.02673e-07
-1.9071e-06
-2.83248e-06
-3.6119e-06
-4.267e-06
-4.81217e-06
-5.25749e-06
-5.61079e-06
-5.87882e-06
-6.06926e-06
-6.19105e-06
-6.2541e-06
-6.26973e-06
-6.24752e-06
7.25283e-07
-5.94746e-07
-1.67984e-06
-2.58382e-06
-3.33955e-06
-3.96869e-06
-4.48641e-06
-4.90434e-06
-5.23236e-06
-5.47967e-06
-5.65592e-06
-5.77131e-06
-5.83591e-06
-5.86014e-06
-5.85228e-06
9.71125e-07
-3.2614e-07
-1.38698e-06
-2.26548e-06
-2.9948e-06
-3.59718e-06
-4.08891e-06
-4.48326e-06
-4.79185e-06
-5.02555e-06
-5.19498e-06
-5.31053e-06
-5.38179e-06
-5.41801e-06
-5.42624e-06
1.27984e-06
1.31096e-08
-1.01775e-06
-1.86682e-06
-2.56799e-06
-3.14436e-06
-3.61335e-06
-3.98939e-06
-4.28516e-06
-4.51224e-06
-4.68143e-06
-4.80271e-06
-4.88487e-06
-4.93597e-06
-4.96207e-06
1.6581e-06
4.31995e-07
-5.62403e-07
-1.37841e-06
-2.05061e-06
-2.60295e-06
-3.0535e-06
-3.41709e-06
-3.70659e-06
-3.93364e-06
-4.10841e-06
-4.24021e-06
-4.33696e-06
-4.4057e-06
-4.45165e-06
2.10923e-06
9.36303e-07
-1.43937e-08
-7.94001e-07
-1.43708e-06
-1.9679e-06
-2.40455e-06
-2.76151e-06
-3.05102e-06
-3.2838e-06
-3.46923e-06
-3.61588e-06
-3.73081e-06
-3.82008e-06
-3.88826e-06
2.63053e-06
1.52542e-06
6.26399e-07
-1.13562e-07
-7.2755e-07
-1.23912e-06
-1.66563e-06
-2.02064e-06
-2.31526e-06
-2.55894e-06
-2.75965e-06
-2.92528e-06
-3.0621e-06
-3.17527e-06
-3.26876e-06
3.21115e-06
2.1891e-06
1.35008e-06
6.53161e-07
6.85484e-08
-4.25304e-07
-8.44136e-07
-1.19996e-06
-1.50248e-06
-1.76007e-06
-1.97996e-06
-2.16805e-06
-2.32971e-06
-2.46957e-06
-2.59131e-06
3.82997e-06
2.9043e-06
2.13272e-06
1.48206e-06
9.27338e-07
4.50172e-07
3.70762e-08
-3.22031e-07
-6.35052e-07
-9.08561e-07
-1.14838e-06
-1.35964e-06
-1.54714e-06
-1.715e-06
-1.86657e-06
4.42431e-06
3.59781e-06
2.89485e-06
2.29024e-06
1.76451e-06
1.30302e-06
8.94838e-07
5.31718e-07
2.07192e-07
-8.39789e-08
-3.46116e-07
-5.83022e-07
-7.9899e-07
-9.97443e-07
-1.18118e-06
4.91137e-06
4.17088e-06
3.52752e-06
2.96284e-06
2.46229e-06
2.01469e-06
1.61153e-06
1.24626e-06
9.13507e-07
6.08661e-07
3.27386e-07
6.60449e-08
-1.76827e-07
-4.03331e-07
-6.15949e-07
5.27553e-06
4.60199e-06
4.00492e-06
3.47099e-06
2.98945e-06
2.55186e-06
2.1515e-06
1.78298e-06
1.44183e-06
1.12428e-06
8.27323e-07
5.4884e-07
2.86334e-07
3.79286e-08
-1.98221e-07
5.54138e-06
4.92006e-06
4.35945e-06
3.84995e-06
3.38372e-06
2.9543e-06
2.55637e-06
2.18555e-06
1.8382e-06
1.51132e-06
1.20247e-06
9.09546e-07
6.30619e-07
3.64067e-07
1.08348e-07
5.73334e-06
5.15286e-06
4.62127e-06
4.13155e-06
3.67788e-06
3.25525e-06
2.85941e-06
2.48676e-06
2.13432e-06
1.79962e-06
1.48055e-06
1.17522e-06
8.82228e-07
6.00256e-07
3.27999e-07
5.87064e-06
5.3223e-06
4.81387e-06
4.34009e-06
3.89655e-06
3.4793e-06
3.08491e-06
2.71041e-06
2.35335e-06
2.01168e-06
1.68365e-06
1.36782e-06
1.06297e-06
7.67994e-07
4.81841e-07
5.96802e-06
5.44517e-06
4.95523e-06
4.4942e-06
4.0587e-06
3.64558e-06
3.25202e-06
2.87563e-06
2.5144e-06
2.16664e-06
1.83092e-06
1.50618e-06
1.19131e-06
8.85403e-07
5.8759e-07
6.03659e-06
5.53418e-06
5.05907e-06
4.60827e-06
4.17916e-06
3.76916e-06
3.37601e-06
2.99776e-06
2.63281e-06
2.27982e-06
1.93753e-06
1.60516e-06
1.28175e-06
9.66591e-07
6.58951e-07
6.08463e-06
5.5988e-06
5.13574e-06
4.69325e-06
4.26925e-06
3.86165e-06
3.46861e-06
3.0886e-06
2.72031e-06
2.36263e-06
2.01481e-06
1.6759e-06
1.34519e-06
1.02215e-06
7.06183e-07
6.11822e-06
5.64608e-06
5.19295e-06
4.75729e-06
4.33743e-06
3.93167e-06
3.53857e-06
3.15692e-06
2.78569e-06
2.42401e-06
2.07124e-06
1.72663e-06
1.38966e-06
1.05989e-06
7.36845e-07
6.14183e-06
5.68113e-06
5.23632e-06
4.80636e-06
4.38989e-06
3.98557e-06
3.59229e-06
3.2091e-06
2.83522e-06
2.47004e-06
2.11294e-06
1.76341e-06
1.42103e-06
1.08548e-06
7.56369e-07
6.15863e-06
5.70766e-06
5.26991e-06
4.84475e-06
4.43108e-06
4.0279e-06
3.63437e-06
3.24978e-06
2.87356e-06
2.50524e-06
2.14434e-06
1.79051e-06
1.44344e-06
1.1029e-06
7.68551e-07
6.17088e-06
5.72825e-06
5.29655e-06
4.87547e-06
4.46416e-06
4.06189e-06
3.66806e-06
3.28218e-06
2.90387e-06
2.53276e-06
2.16852e-06
1.81093e-06
1.45977e-06
1.11486e-06
7.75974e-07
6.1801e-06
5.74469e-06
5.31822e-06
4.90063e-06
4.49131e-06
4.08978e-06
3.69564e-06
3.30858e-06
2.92839e-06
2.55479e-06
2.18761e-06
1.8267e-06
1.47194e-06
1.12321e-06
7.80348e-07
6.1873e-06
5.75819e-06
5.33626e-06
4.92168e-06
4.51406e-06
4.11312e-06
3.71867e-06
3.33053e-06
2.94863e-06
2.57283e-06
2.20302e-06
1.83918e-06
1.48123e-06
1.12914e-06
7.82787e-07
6.19313e-06
5.76954e-06
5.35156e-06
4.93959e-06
4.53341e-06
4.13297e-06
3.73819e-06
3.34906e-06
2.96564e-06
2.58786e-06
2.21572e-06
1.84927e-06
1.4885e-06
1.13344e-06
7.84004e-07
6.19799e-06
5.77923e-06
5.36468e-06
4.95496e-06
4.55003e-06
4.15e-06
3.75488e-06
3.36486e-06
2.98008e-06
2.60051e-06
2.22631e-06
1.85755e-06
1.49429e-06
1.1366e-06
7.8445e-07
6.20218e-06
5.78765e-06
5.3761e-06
4.96833e-06
4.56446e-06
4.16475e-06
3.76929e-06
3.37851e-06
2.99247e-06
2.61133e-06
2.23528e-06
1.86447e-06
1.499e-06
1.13897e-06
7.84395e-07
6.20605e-06
5.79544e-06
5.38666e-06
4.98069e-06
4.57778e-06
4.17828e-06
3.78258e-06
3.39102e-06
3.00379e-06
2.62115e-06
2.24336e-06
1.87064e-06
1.50308e-06
1.14085e-06
7.83978e-07
6.20965e-06
5.80296e-06
5.39687e-06
4.99262e-06
4.59064e-06
4.19143e-06
3.79539e-06
3.40303e-06
3.01463e-06
2.63052e-06
2.25098e-06
1.87627e-06
1.50666e-06
1.14234e-06
7.83377e-07
-1.19546e-05
-9.71216e-06
-8.33307e-06
-7.40753e-06
-6.66487e-06
-6.09154e-06
-5.64236e-06
-5.28635e-06
-5.00304e-06
-4.77651e-06
-4.59407e-06
-4.44533e-06
-4.32172e-06
-4.21669e-06
-4.12605e-06
-4.04977e-06
-3.99324e-06
-3.97187e-06
-4.01276e-06
-4.1606e-06
-4.47149e-06
-5.00027e-06
-5.69672e-06
-6.35357e-06
-6.81508e-06
-7.00491e-06
-6.88601e-06
-6.44699e-06
-5.68851e-06
-4.61841e-06
-3.25058e-06
-1.60649e-06
2.83542e-07
2.37985e-06
4.63417e-06
6.99111e-06
9.38938e-06
1.1762e-05
1.40335e-05
1.61132e-05
1.78757e-05
1.91578e-05
1.95881e-05
1.88462e-05
1.57211e-05
-1.03375e-05
-9.17631e-06
-8.13318e-06
-7.30857e-06
-6.61152e-06
-6.05385e-06
-5.61033e-06
-5.25662e-06
-4.97465e-06
-4.7494e-06
-4.56846e-06
-4.42149e-06
-4.29992e-06
-4.19724e-06
-4.1093e-06
-4.03614e-06
-3.98317e-06
-3.96564e-06
-4.01021e-06
-4.16058e-06
-4.47126e-06
-4.99521e-06
-5.68211e-06
-6.32771e-06
-6.7791e-06
-6.96117e-06
-6.83707e-06
-6.39535e-06
-5.63688e-06
-4.57011e-06
-3.21008e-06
-1.57982e-06
2.88351e-07
2.35233e-06
4.56073e-06
6.85389e-06
9.16437e-06
1.14157e-05
1.35171e-05
1.53517e-05
1.67443e-05
1.74244e-05
1.68639e-05
1.43114e-05
8.79618e-06
-9.48916e-06
-8.75768e-06
-7.92554e-06
-7.19211e-06
-6.54573e-06
-6.00972e-06
-5.57516e-06
-5.22531e-06
-4.94528e-06
-4.72148e-06
-4.54202e-06
-4.39675e-06
-4.2772e-06
-4.17689e-06
-4.09178e-06
-4.02197e-06
-3.97289e-06
-3.95964e-06
-4.00834e-06
-4.16155e-06
-4.47193e-06
-4.99021e-06
-5.66591e-06
-6.29825e-06
-6.73772e-06
-6.91067e-06
-6.7807e-06
-6.33642e-06
-5.57907e-06
-4.51795e-06
-3.16961e-06
-1.55912e-06
2.78652e-07
2.29844e-06
4.44487e-06
6.65291e-06
8.84761e-06
1.09416e-05
1.28281e-05
1.43666e-05
1.53534e-05
1.54832e-05
1.42821e-05
1.12299e-05
6.2324e-06
-8.94554e-06
-8.41467e-06
-7.74242e-06
-7.08188e-06
-6.48393e-06
-5.97087e-06
-5.54579e-06
-5.19937e-06
-4.92036e-06
-4.69695e-06
-4.51798e-06
-4.3736e-06
-4.25544e-06
-4.1571e-06
-4.07462e-06
-4.00814e-06
-3.96309e-06
-3.95435e-06
-4.00744e-06
-4.16365e-06
-4.47357e-06
-4.9854e-06
-5.64835e-06
-6.26542e-06
-6.69081e-06
-6.85256e-06
-6.71492e-06
-6.26677e-06
-5.50999e-06
-4.45517e-06
-3.12083e-06
-1.53471e-06
2.65029e-07
2.22917e-06
4.29747e-06
6.39876e-06
8.45006e-06
1.03537e-05
1.19903e-05
1.32074e-05
1.38012e-05
1.35047e-05
1.19949e-05
9.03073e-06
4.86414e-06
-8.52127e-06
-8.11087e-06
-7.56235e-06
-6.98522e-06
-6.43225e-06
-5.94208e-06
-5.52649e-06
-5.18246e-06
-4.90293e-06
-4.67823e-06
-4.49819e-06
-4.3534e-06
-4.23566e-06
-4.13865e-06
-4.05845e-06
-3.99524e-06
-3.9544e-06
-3.9505e-06
-4.00833e-06
-4.16769e-06
-4.47684e-06
-4.98111e-06
-5.62932e-06
-6.22882e-06
-6.63801e-06
-6.78689e-06
-6.64059e-06
-6.18851e-06
-5.43348e-06
-4.38773e-06
-3.07223e-06
-1.51786e-06
2.33412e-07
2.12794e-06
4.10029e-06
6.07321e-06
7.95673e-06
9.64586e-06
1.10162e-05
1.19183e-05
1.21752e-05
1.15931e-05
1.00021e-05
7.36022e-06
3.94325e-06
-8.16282e-06
-7.83495e-06
-7.38216e-06
-6.88726e-06
-6.38721e-06
-5.92296e-06
-5.51853e-06
-5.17682e-06
-4.89571e-06
-4.6681e-06
-4.48522e-06
-4.33839e-06
-4.21975e-06
-4.12312e-06
-4.04463e-06
-3.98447e-06
-3.94791e-06
-3.94911e-06
-4.01198e-06
-4.17454e-06
-4.48244e-06
-4.9777e-06
-5.60871e-06
-6.18799e-06
-6.57867e-06
-6.71305e-06
-6.55744e-06
-6.10206e-06
-5.35104e-06
-4.31863e-06
-3.02865e-06
-1.51555e-06
1.7459e-07
1.98355e-06
3.841e-06
5.66464e-06
7.36002e-06
8.81991e-06
9.92378e-06
1.05401e-05
1.05338e-05
9.78902e-06
8.24985e-06
5.98304e-06
3.24217e-06
-7.83538e-06
-7.57084e-06
-7.2028e-06
-6.7762e-06
-6.33409e-06
-5.90625e-06
-5.51744e-06
-5.18121e-06
-4.89941e-06
-4.6683e-06
-4.48128e-06
-4.33088e-06
-4.20991e-06
-4.11251e-06
-4.03497e-06
-3.97745e-06
-3.94509e-06
-3.95151e-06
-4.01958e-06
-4.18524e-06
-4.49115e-06
-4.97557e-06
-5.5865e-06
-6.14249e-06
-6.51209e-06
-6.63025e-06
-6.46484e-06
-6.00725e-06
-5.26333e-06
-4.24975e-06
-2.99355e-06
-1.53299e-06
8.1669e-08
1.78796e-06
3.51162e-06
5.16739e-06
6.66011e-06
7.88652e-06
8.73876e-06
9.11195e-06
8.91689e-06
8.10235e-06
6.68182e-06
4.76055e-06
2.54504e-06
-7.51869e-06
-7.30438e-06
-7.00743e-06
-6.65045e-06
-6.26473e-06
-5.87787e-06
-5.51458e-06
-5.18996e-06
-4.911e-06
-4.67785e-06
-4.48674e-06
-4.33205e-06
-4.20775e-06
-4.10861e-06
-4.03126e-06
-3.97593e-06
-3.94761e-06
-3.95928e-06
-4.03255e-06
-4.20099e-06
-4.50388e-06
-4.97524e-06
-5.56268e-06
-6.09193e-06
-6.43768e-06
-6.53792e-06
-6.36253e-06
-5.90455e-06
-5.17194e-06
-4.18417e-06
-2.97174e-06
-1.57676e-06
-5.33221e-08
1.53279e-06
3.10515e-06
4.57852e-06
5.86154e-06
6.86086e-06
7.48741e-06
7.66605e-06
7.34819e-06
6.52703e-06
5.25016e-06
3.62471e-06
1.80832e-06
-7.20256e-06
-7.02905e-06
-6.7906e-06
-6.49762e-06
-6.16973e-06
-5.82963e-06
-5.49893e-06
-5.19359e-06
-4.92342e-06
-4.69213e-06
-4.49904e-06
-4.34092e-06
-4.21335e-06
-4.1122e-06
-4.03471e-06
-3.98137e-06
-3.95704e-06
-3.97397e-06
-4.05237e-06
-4.22304e-06
-4.52156e-06
-4.97718e-06
-5.53726e-06
-6.03599e-06
-6.35505e-06
-6.43592e-06
-6.251e-06
-5.79546e-06
-5.07985e-06
-4.12669e-06
-2.96994e-06
-1.65519e-06
-2.3953e-07
1.20951e-06
2.61584e-06
3.89777e-06
4.97212e-06
5.75985e-06
6.19332e-06
6.22501e-06
5.83689e-06
5.04788e-06
3.9168e-06
2.53778e-06
1.02792e-06
-6.88048e-06
-6.74116e-06
-6.55116e-06
-6.3145e-06
-6.04259e-06
-5.75182e-06
-5.45961e-06
-5.18098e-06
-4.92681e-06
-4.70328e-06
-4.51251e-06
-4.35376e-06
-4.22461e-06
-4.12239e-06
-4.04532e-06
-3.99435e-06
-3.97433e-06
-3.99674e-06
-4.0802e-06
-4.25244e-06
-4.54496e-06
-4.9818e-06
-5.51022e-06
-5.97447e-06
-6.26421e-06
-6.32485e-06
-6.1318e-06
-5.68296e-06
-4.99182e-06
-4.08404e-06
-2.99666e-06
-1.77796e-06
-4.86565e-07
8.10401e-07
2.04009e-06
3.12783e-06
4.00203e-06
4.6001e-06
4.87502e-06
4.80157e-06
4.38152e-06
3.64554e-06
2.65112e-06
1.47523e-06
2.04053e-07
-6.54654e-06
-6.437e-06
-6.28791e-06
-6.10024e-06
-5.88006e-06
-5.63824e-06
-5.38793e-06
-5.14192e-06
-4.91074e-06
-4.70179e-06
-4.51919e-06
-4.36442e-06
-4.23711e-06
-4.13629e-06
-4.0614e-06
-4.0141e-06
-3.99935e-06
-4.02784e-06
-4.11647e-06
-4.28961e-06
-4.57438e-06
-4.98925e-06
-5.48161e-06
-5.9076e-06
-6.16598e-06
-6.20656e-06
-6.00817e-06
-5.57203e-06
-4.91484e-06
-4.0651e-06
-3.06218e-06
-1.95565e-06
-8.03736e-07
3.29361e-07
1.37693e-06
2.27409e-06
2.96263e-06
3.39624e-06
3.54531e-06
3.40044e-06
2.97421e-06
2.30008e-06
1.4285e-06
4.1994e-07
-6.62184e-07
-6.19466e-06
-6.11207e-06
-5.99849e-06
-5.85359e-06
-5.68027e-06
-5.48529e-06
-5.27802e-06
-5.06853e-06
-4.86613e-06
-4.67831e-06
-4.51034e-06
-4.36533e-06
-4.24473e-06
-4.14922e-06
-4.07961e-06
-4.03836e-06
-4.03064e-06
-4.06635e-06
-4.16057e-06
-4.3341e-06
-4.60944e-06
-4.99933e-06
-5.45174e-06
-5.83639e-06
-6.06256e-06
-6.08483e-06
-5.88571e-06
-5.47025e-06
-4.85845e-06
-4.08094e-06
-3.17807e-06
-2.19892e-06
-1.19901e-06
-2.37143e-07
6.28463e-07
1.34427e-06
1.86558e-06
2.16035e-06
2.21208e-06
2.02114e-06
1.60455e-06
9.9357e-07
2.29783e-07
-6.40375e-07
-1.57014e-06
-5.8187e-06
-5.76127e-06
-5.67944e-06
-5.57246e-06
-5.44147e-06
-5.2905e-06
-5.12586e-06
-4.95508e-06
-4.78578e-06
-4.62483e-06
-4.47778e-06
-4.34878e-06
-4.24062e-06
-4.15544e-06
-4.09529e-06
-4.06349e-06
-4.06539e-06
-4.1101e-06
-4.21073e-06
-4.38445e-06
-4.64901e-06
-5.01167e-06
-5.4215e-06
-5.76328e-06
-5.95832e-06
-5.96621e-06
-5.77297e-06
-5.38811e-06
-4.8347e-06
-4.14424e-06
-3.35627e-06
-2.51721e-06
-1.67769e-06
-8.89056e-07
-1.99696e-07
3.48408e-07
7.22761e-07
9.02651e-07
8.80336e-07
6.6127e-07
2.62866e-07
-2.88103e-07
-9.5873e-07
-1.71391e-06
-2.51911e-06
-5.4124e-06
-5.37915e-06
-5.32658e-06
-5.25397e-06
-5.1616e-06
-5.05174e-06
-4.92855e-06
-4.79741e-06
-4.66422e-06
-4.53481e-06
-4.41446e-06
-4.30767e-06
-4.21809e-06
-4.14893e-06
-4.10324e-06
-4.08508e-06
-4.09985e-06
-4.15595e-06
-4.26425e-06
-4.43849e-06
-4.69154e-06
-5.02589e-06
-5.3927e-06
-5.69282e-06
-5.8608e-06
-5.86064e-06
-5.68165e-06
-5.33878e-06
-4.85742e-06
-4.26807e-06
-3.60737e-06
-2.91702e-06
-2.24094e-06
-1.62183e-06
-1.09803e-06
-7.00978e-07
-4.53245e-07
-3.6713e-07
-4.45359e-07
-6.80636e-07
-1.05735e-06
-1.55388e-06
-2.14497e-06
-2.80445e-06
-3.5068e-06
-4.96882e-06
-4.95958e-06
-4.93495e-06
-4.89443e-06
-4.83797e-06
-4.76687e-06
-4.68379e-06
-4.5925e-06
-4.49741e-06
-4.40323e-06
-4.31456e-06
-4.23583e-06
-4.17098e-06
-4.12384e-06
-4.09813e-06
-4.09835e-06
-4.12983e-06
-4.20012e-06
-4.31794e-06
-4.49381e-06
-4.73559e-06
-5.04234e-06
-5.3684e-06
-5.63222e-06
-5.78128e-06
-5.78068e-06
-5.62547e-06
-5.33693e-06
-4.9407e-06
-4.46396e-06
-3.93862e-06
-3.40012e-06
-2.88461e-06
-2.42593e-06
-2.05315e-06
-1.78888e-06
-1.64818e-06
-1.63832e-06
-1.75905e-06
-2.00322e-06
-2.35805e-06
-2.80689e-06
-3.33091e-06
-3.91083e-06
-4.5279e-06
-4.48041e-06
-4.49585e-06
-4.49896e-06
-4.4895e-06
-4.46744e-06
-4.43355e-06
-4.38959e-06
-4.3382e-06
-4.28261e-06
-4.2265e-06
-4.17373e-06
-4.12824e-06
-4.09394e-06
-4.07475e-06
-4.07474e-06
-4.09836e-06
-4.15091e-06
-4.23852e-06
-4.36863e-06
-4.5481e-06
-4.78101e-06
-5.06295e-06
-5.35465e-06
-5.59271e-06
-5.73249e-06
-5.73808e-06
-5.61923e-06
-5.39835e-06
-5.09789e-06
-4.74064e-06
-4.35284e-06
-3.96297e-06
-3.59932e-06
-3.28756e-06
-3.04893e-06
-2.8991e-06
-2.84784e-06
-2.89957e-06
-3.05296e-06
-3.30195e-06
-3.63675e-06
-4.04507e-06
-4.51323e-06
-5.02729e-06
-5.57358e-06
-3.941e-06
-3.98256e-06
-4.01413e-06
-4.03579e-06
-4.04767e-06
-4.05037e-06
-4.04514e-06
-4.03385e-06
-4.01891e-06
-4.00313e-06
-3.98965e-06
-3.98182e-06
-3.98321e-06
-3.99748e-06
-4.02865e-06
-4.08081e-06
-4.15888e-06
-4.2677e-06
-4.41334e-06
-4.59978e-06
-4.82881e-06
-5.0945e-06
-5.36349e-06
-5.58379e-06
-5.71679e-06
-5.74518e-06
-5.67942e-06
-5.53825e-06
-5.33982e-06
-5.10292e-06
-4.84827e-06
-4.59763e-06
-4.37213e-06
-4.19055e-06
-4.06801e-06
-4.01513e-06
-4.03796e-06
-4.13956e-06
-4.31866e-06
-4.57061e-06
-4.88833e-06
-5.26312e-06
-5.68539e-06
-6.14525e-06
-6.63289e-06
-3.34824e-06
-3.41814e-06
-3.47979e-06
-3.53358e-06
-3.5799e-06
-3.61941e-06
-3.6531e-06
-3.68239e-06
-3.7091e-06
-3.73541e-06
-3.76383e-06
-3.79713e-06
-3.83835e-06
-3.89075e-06
-3.95783e-06
-4.04333e-06
-4.15124e-06
-4.28569e-06
-4.45062e-06
-4.64893e-06
-4.88061e-06
-5.14091e-06
-5.39793e-06
-5.60821e-06
-5.74984e-06
-5.81783e-06
-5.81858e-06
-5.76437e-06
-5.66905e-06
-5.54774e-06
-5.41637e-06
-5.29102e-06
-5.18677e-06
-5.11685e-06
-5.09181e-06
-5.11911e-06
-5.20321e-06
-5.34576e-06
-5.54576e-06
-5.80007e-06
-6.10401e-06
-6.45178e-06
-6.83687e-06
-7.2525e-06
-7.69173e-06
-2.70063e-06
-2.80191e-06
-2.89634e-06
-2.98445e-06
-3.06693e-06
-3.14456e-06
-3.21827e-06
-3.28924e-06
-3.35888e-06
-3.42892e-06
-3.50136e-06
-3.57845e-06
-3.66268e-06
-3.75678e-06
-3.86365e-06
-3.98639e-06
-4.12818e-06
-4.29217e-06
-4.48109e-06
-4.69678e-06
-4.93888e-06
-5.203e-06
-5.46109e-06
-5.67945e-06
-5.84808e-06
-5.96699e-06
-6.03958e-06
-6.07281e-06
-6.07643e-06
-6.06177e-06
-6.04069e-06
-6.02467e-06
-6.02416e-06
-6.04803e-06
-6.10345e-06
-6.19609e-06
-6.32976e-06
-6.50522e-06
-6.72191e-06
-6.9781e-06
-7.27103e-06
-7.5971e-06
-7.95213e-06
-8.3316e-06
-8.73078e-06
-2.00756e-06
-2.14224e-06
-2.27155e-06
-2.39601e-06
-2.51645e-06
-2.63375e-06
-2.74887e-06
-2.8628e-06
-2.9767e-06
-3.09196e-06
-3.21014e-06
-3.33303e-06
-3.46263e-06
-3.60107e-06
-3.75065e-06
-3.91376e-06
-4.09283e-06
-4.29016e-06
-4.50772e-06
-4.74674e-06
-5.007e-06
-5.28572e-06
-5.56034e-06
-5.80507e-06
-6.01435e-06
-6.18941e-06
-6.33243e-06
-6.44762e-06
-6.54135e-06
-6.6214e-06
-6.69602e-06
-6.77314e-06
-6.8599e-06
-6.96236e-06
-7.08524e-06
-7.23181e-06
-7.40468e-06
-7.60567e-06
-7.83527e-06
-8.09284e-06
-8.37696e-06
-8.68558e-06
-9.0162e-06
-9.36603e-06
-9.73197e-06
-1.35546e-06
-1.5244e-06
-1.68896e-06
-1.84975e-06
-2.00766e-06
-2.16362e-06
-2.31853e-06
-2.47328e-06
-2.62886e-06
-2.7864e-06
-2.94717e-06
-3.1126e-06
-3.28426e-06
-3.46385e-06
-3.65315e-06
-3.854e-06
-4.06824e-06
-4.29763e-06
-4.54374e-06
-4.8077e-06
-5.09e-06
-5.39022e-06
-5.69069e-06
-5.96899e-06
-6.22019e-06
-6.44571e-06
-6.64747e-06
-6.82851e-06
-6.99316e-06
-7.14662e-06
-7.29445e-06
-7.44196e-06
-7.59395e-06
-7.75442e-06
-7.92678e-06
-8.11398e-06
-8.31827e-06
-8.54085e-06
-8.78235e-06
-9.04282e-06
-9.32179e-06
-9.61835e-06
-9.93118e-06
-1.02587e-05
-1.0599e-05
-8.19792e-07
-1.0191e-06
-1.21496e-06
-1.40789e-06
-1.59869e-06
-1.7882e-06
-1.97724e-06
-2.16661e-06
-2.35718e-06
-2.54989e-06
-2.74581e-06
-2.94612e-06
-3.1521e-06
-3.36511e-06
-3.58659e-06
-3.81801e-06
-4.06089e-06
-4.31673e-06
-4.58695e-06
-4.87287e-06
-5.17573e-06
-5.49672e-06
-5.82058e-06
-6.12631e-06
-6.40929e-06
-6.67118e-06
-6.91392e-06
-7.14009e-06
-7.35289e-06
-7.55602e-06
-7.75329e-06
-7.94841e-06
-8.14476e-06
-8.34541e-06
-8.55311e-06
-8.77017e-06
-8.99811e-06
-9.23794e-06
-9.4903e-06
-9.75552e-06
-1.00336e-05
-1.03243e-05
-1.06269e-05
-1.09406e-05
-1.12644e-05
-4.26431e-07
-6.50615e-07
-8.719e-07
-1.09081e-06
-1.30805e-06
-1.52434e-06
-1.7404e-06
-1.95692e-06
-2.17464e-06
-2.39438e-06
-2.61706e-06
-2.84365e-06
-3.07524e-06
-3.31297e-06
-3.55803e-06
-3.8117e-06
-4.0753e-06
-4.35018e-06
-4.63778e-06
-4.93958e-06
-5.25721e-06
-5.59243e-06
-5.93135e-06
-6.25434e-06
-6.55729e-06
-6.84208e-06
-7.1107e-06
-7.36542e-06
-7.60883e-06
-7.8437e-06
-8.07281e-06
-8.29889e-06
-8.52445e-06
-8.75182e-06
-8.98302e-06
-9.21969e-06
-9.46323e-06
-9.71463e-06
-9.9746e-06
-1.02436e-05
-1.05218e-05
-1.08093e-05
-1.11058e-05
-1.14109e-05
-1.17239e-05
-1.40251e-07
-3.85233e-07
-6.27634e-07
-8.6793e-07
-1.10673e-06
-1.34466e-06
-1.5823e-06
-1.82026e-06
-2.05918e-06
-2.29977e-06
-2.54281e-06
-2.78914e-06
-3.0397e-06
-3.29545e-06
-3.55745e-06
-3.8268e-06
-4.10472e-06
-4.39248e-06
-4.69148e-06
-5.00323e-06
-5.32946e-06
-5.67203e-06
-6.01817e-06
-6.34997e-06
-6.66393e-06
-6.96206e-06
-7.24629e-06
-7.51865e-06
-7.78127e-06
-8.03633e-06
-8.28597e-06
-8.53227e-06
-8.77715e-06
-9.02238e-06
-9.26949e-06
-9.51988e-06
-9.77473e-06
-1.0035e-05
-1.03013e-05
-1.05742e-05
-1.0854e-05
-1.11409e-05
-1.14348e-05
-1.17355e-05
-1.20428e-05
6.22482e-08
-2.00095e-07
-4.59963e-07
-7.17776e-07
-9.7406e-07
-1.22933e-06
-1.48409e-06
-1.73885e-06
-1.99415e-06
-2.25063e-06
-2.50895e-06
-2.76985e-06
-3.03415e-06
-3.30268e-06
-3.5764e-06
-3.85628e-06
-4.14345e-06
-4.43907e-06
-4.74449e-06
-5.06116e-06
-5.39075e-06
-5.73502e-06
-6.08243e-06
-6.41696e-06
-6.73571e-06
-7.04066e-06
-7.3336e-06
-7.61631e-06
-7.89059e-06
-8.15823e-06
-8.42095e-06
-8.68039e-06
-8.93808e-06
-9.19543e-06
-9.45368e-06
-9.71393e-06
-9.97729e-06
-1.02446e-05
-1.05164e-05
-1.07933e-05
-1.10755e-05
-1.13634e-05
-1.1657e-05
-1.19562e-05
-1.2261e-05
2.01751e-07
-7.4981e-08
-3.49192e-07
-6.21258e-07
-8.91625e-07
-1.16072e-06
-1.42895e-06
-1.69676e-06
-1.96463e-06
-2.2331e-06
-2.50276e-06
-2.77426e-06
-3.04831e-06
-3.32566e-06
-3.60716e-06
-3.8937e-06
-4.18629e-06
-4.48601e-06
-4.79413e-06
-5.11196e-06
-5.44109e-06
-5.78313e-06
-6.12779e-06
-6.46103e-06
-6.78045e-06
-7.08788e-06
-7.38489e-06
-7.67307e-06
-7.95398e-06
-8.22915e-06
-8.49999e-06
-8.76784e-06
-9.03398e-06
-9.29959e-06
-9.56572e-06
-9.83321e-06
-1.01031e-05
-1.0376e-05
-1.06525e-05
-1.09332e-05
-1.12184e-05
-1.15083e-05
-1.18031e-05
-1.21028e-05
-1.24073e-05
2.95522e-07
6.86065e-09
-2.79136e-07
-5.62803e-07
-8.44513e-07
-1.12461e-06
-1.40344e-06
-1.68137e-06
-1.95884e-06
-2.23631e-06
-2.51432e-06
-2.79344e-06
-3.07429e-06
-3.35754e-06
-3.64396e-06
-3.93435e-06
-4.22964e-06
-4.53081e-06
-4.83902e-06
-5.15548e-06
-5.48166e-06
-5.81899e-06
-6.15843e-06
-6.48788e-06
-6.80534e-06
-7.11238e-06
-7.4104e-06
-7.70084e-06
-7.98507e-06
-8.26442e-06
-8.54009e-06
-8.81322e-06
-9.08487e-06
-9.35601e-06
-9.62755e-06
-9.90062e-06
-1.01756e-05
-1.04531e-05
-1.07337e-05
-1.1018e-05
-1.13063e-05
-1.15988e-05
-1.18958e-05
-1.21972e-05
-1.25032e-05
3.56835e-07
5.82453e-08
-2.37471e-07
-5.30611e-07
-8.21477e-07
-1.11035e-06
-1.39752e-06
-1.68331e-06
-1.96811e-06
-2.25233e-06
-2.53645e-06
-2.82097e-06
-3.10646e-06
-3.39351e-06
-3.68283e-06
-3.97513e-06
-4.27127e-06
-4.57212e-06
-4.87877e-06
-5.19227e-06
-5.51402e-06
-5.84526e-06
-6.17813e-06
-6.50236e-06
-6.81625e-06
-7.12111e-06
-7.41822e-06
-7.70886e-06
-7.99429e-06
-8.27565e-06
-8.554e-06
-8.83032e-06
-9.10554e-06
-9.38051e-06
-9.65604e-06
-9.93303e-06
-1.02119e-05
-1.04932e-05
-1.07774e-05
-1.10651e-05
-1.13566e-05
-1.16521e-05
-1.19518e-05
-1.22559e-05
-1.25643e-05
3.95603e-07
8.8716e-08
-2.15052e-07
-5.15959e-07
-8.14248e-07
-1.11015e-06
-1.40391e-06
-1.69582e-06
-1.98624e-06
-2.27552e-06
-2.5641e-06
-2.85242e-06
-3.14101e-06
-3.43041e-06
-3.72124e-06
-4.01416e-06
-4.30994e-06
-4.60939e-06
-4.91348e-06
-5.22317e-06
-5.53974e-06
-5.86424e-06
-6.18996e-06
-6.50829e-06
-6.81774e-06
-7.11941e-06
-7.41446e-06
-7.70409e-06
-7.9894e-06
-8.27141e-06
-8.55104e-06
-8.82918e-06
-9.10665e-06
-9.38422e-06
-9.66259e-06
-9.94253e-06
-1.02245e-05
-1.05089e-05
-1.07963e-05
-1.10872e-05
-1.13818e-05
-1.16804e-05
-1.19832e-05
-1.22904e-05
-1.26019e-05
4.19098e-07
1.05237e-07
-2.05242e-07
-5.12558e-07
-8.16905e-07
-1.11847e-06
-1.41749e-06
-1.71421e-06
-2.00896e-06
-2.30206e-06
-2.5939e-06
-2.8849e-06
-3.17552e-06
-3.46626e-06
-3.75769e-06
-4.05042e-06
-4.34513e-06
-4.64256e-06
-4.9436e-06
-5.24909e-06
-5.56023e-06
-5.87788e-06
-6.19638e-06
-6.50861e-06
-6.81326e-06
-7.11125e-06
-7.40366e-06
-7.69159e-06
-7.976e-06
-8.25782e-06
-8.53787e-06
-8.81694e-06
-9.09575e-06
-9.37501e-06
-9.65551e-06
-9.93774e-06
-1.02221e-05
-1.05092e-05
-1.07994e-05
-1.10932e-05
-1.13908e-05
-1.16925e-05
-1.19985e-05
-1.2309e-05
-1.26239e-05
4.32514e-07
1.12747e-07
-2.0337e-07
-5.16022e-07
-8.2536e-07
-1.13155e-06
-1.4348e-06
-1.73535e-06
-2.03348e-06
-2.3295e-06
-2.62376e-06
-2.91663e-06
-3.20856e-06
-3.5e-06
-3.79146e-06
-4.08351e-06
-4.37677e-06
-4.67189e-06
-4.9697e-06
-5.27094e-06
-5.5767e-06
-5.8877e-06
-6.19923e-06
-6.50549e-06
-6.80531e-06
-7.09949e-06
-7.38903e-06
-7.67491e-06
-7.95802e-06
-8.23916e-06
-8.51909e-06
-8.79854e-06
-9.07816e-06
-9.35856e-06
-9.64057e-06
-9.9246e-06
-1.0211e-05
-1.05003e-05
-1.0793e-05
-1.10894e-05
-1.13898e-05
-1.16945e-05
-1.20037e-05
-1.23174e-05
-1.26359e-05
4.39452e-07
1.14641e-07
-2.06258e-07
-5.23396e-07
-8.36896e-07
-1.14691e-06
-1.45362e-06
-1.75726e-06
-2.05807e-06
-2.35636e-06
-2.65243e-06
-2.94665e-06
-3.2394e-06
-3.53113e-06
-3.82229e-06
-4.1134e-06
-4.40504e-06
-4.69779e-06
-4.9924e-06
-5.28952e-06
-5.59016e-06
-5.89489e-06
-6.19988e-06
-6.50048e-06
-6.79564e-06
-7.08608e-06
-7.37274e-06
-7.65647e-06
-7.93807e-06
-8.21829e-06
-8.4978e-06
-8.77729e-06
-9.05736e-06
-9.33852e-06
-9.62162e-06
-9.90709e-06
-1.01952e-05
-1.04864e-05
-1.07812e-05
-1.108e-05
-1.1383e-05
-1.16905e-05
-1.20026e-05
-1.23196e-05
-1.26415e-05
4.42335e-07
1.1318e-07
-2.11813e-07
-5.32764e-07
-8.49778e-07
-1.16299e-06
-1.47258e-06
-1.77875e-06
-2.08174e-06
-2.38182e-06
-2.67929e-06
-2.97448e-06
-3.26776e-06
-3.55952e-06
-3.8502e-06
-4.14027e-06
-4.43026e-06
-4.72069e-06
-5.01225e-06
-5.3055e-06
-5.60138e-06
-5.90032e-06
-6.19928e-06
-6.49461e-06
-6.78541e-06
-7.07233e-06
-7.3562e-06
-7.6378e-06
-7.91785e-06
-8.19703e-06
-8.47597e-06
-8.75529e-06
-9.0355e-06
-9.31721e-06
-9.60114e-06
-9.88779e-06
-1.01773e-05
-1.04701e-05
-1.07668e-05
-1.10677e-05
-1.1373e-05
-1.16831e-05
-1.1998e-05
-1.2318e-05
-1.26431e-05
4.42753e-07
1.09825e-07
-2.18705e-07
-5.42932e-07
-8.62948e-07
-1.17888e-06
-1.4909e-06
-1.79918e-06
-2.10397e-06
-2.4055e-06
-2.70407e-06
-2.99998e-06
-3.29358e-06
-3.58523e-06
-3.87535e-06
-4.16437e-06
-4.45276e-06
-4.74101e-06
-5.02972e-06
-5.31941e-06
-5.61092e-06
-5.90458e-06
-6.19805e-06
-6.48856e-06
-6.77535e-06
-7.05899e-06
-7.34026e-06
-7.61983e-06
-7.89837e-06
-8.17649e-06
-8.45478e-06
-8.73384e-06
-9.01413e-06
-9.29603e-06
-9.58072e-06
-9.86832e-06
-1.01589e-05
-1.04532e-05
-1.07515e-05
-1.10542e-05
-1.13617e-05
-1.1674e-05
-1.19915e-05
-1.23143e-05
-1.26424e-05
4.4172e-07
1.05492e-07
-2.26116e-07
-5.53184e-07
-8.75793e-07
-1.19406e-06
-1.50815e-06
-1.81823e-06
-2.12452e-06
-2.42725e-06
-2.72671e-06
-3.02317e-06
-3.31697e-06
-3.60844e-06
-3.89798e-06
-4.18597e-06
-4.47286e-06
-4.75908e-06
-5.0452e-06
-5.33164e-06
-5.61918e-06
-5.90808e-06
-6.19659e-06
-6.48272e-06
-6.76585e-06
-7.04651e-06
-7.32537e-06
-7.60306e-06
-7.88015e-06
-8.15724e-06
-8.43487e-06
-8.71362e-06
-8.99378e-06
-9.27587e-06
-9.56126e-06
-9.84957e-06
-1.01411e-05
-1.04366e-05
-1.07363e-05
-1.10407e-05
-1.135e-05
-1.16644e-05
-1.19842e-05
-1.23095e-05
-1.26404e-05
4.39879e-07
1.00754e-07
-2.33549e-07
-5.63095e-07
-8.8796e-07
-1.20826e-06
-1.52413e-06
-1.83574e-06
-2.14331e-06
-2.44706e-06
-2.74724e-06
-3.04414e-06
-3.33806e-06
-3.62932e-06
-3.91828e-06
-4.20531e-06
-4.49081e-06
-4.77519e-06
-5.05895e-06
-5.34246e-06
-5.62645e-06
-5.91106e-06
-6.1951e-06
-6.4773e-06
-6.75714e-06
-7.03509e-06
-7.31177e-06
-7.58772e-06
-7.86348e-06
-8.1396e-06
-8.41657e-06
-8.69498e-06
-8.97486e-06
-9.25732e-06
-9.54315e-06
-9.83198e-06
-1.01243e-05
-1.04208e-05
-1.07218e-05
-1.10276e-05
-1.13385e-05
-1.16548e-05
-1.19767e-05
-1.23042e-05
-1.26376e-05
4.37634e-07
9.59645e-08
-2.40698e-07
-5.7241e-07
-8.99239e-07
-1.22129e-06
-1.53871e-06
-1.85165e-06
-2.16031e-06
-2.46492e-06
-2.76571e-06
-3.06295e-06
-3.35694e-06
-3.64798e-06
-3.9364e-06
-4.22255e-06
-4.5068e-06
-4.78952e-06
-5.07116e-06
-5.35206e-06
-5.63287e-06
-5.91366e-06
-6.19372e-06
-6.4724e-06
-6.7493e-06
-7.02483e-06
-7.29954e-06
-7.57392e-06
-7.84847e-06
-8.12369e-06
-8.40004e-06
-8.67804e-06
-8.95779e-06
-9.2405e-06
-9.52658e-06
-9.81586e-06
-1.01089e-05
-1.04063e-05
-1.07083e-05
-1.10154e-05
-1.13278e-05
-1.16457e-05
-1.19693e-05
-1.22989e-05
-1.26344e-05
4.35181e-07
9.12559e-08
-2.47489e-07
-5.81105e-07
-9.09657e-07
-1.23325e-06
-1.55201e-06
-1.8661e-06
-2.17571e-06
-2.48104e-06
-2.78235e-06
-3.07988e-06
-3.3739e-06
-3.66472e-06
-3.95264e-06
-4.23798e-06
-4.5211e-06
-4.80232e-06
-5.08208e-06
-5.36065e-06
-5.63862e-06
-5.91601e-06
-6.19247e-06
-6.46799e-06
-6.74227e-06
-7.01565e-06
-7.28859e-06
-7.56156e-06
-7.83501e-06
-8.1094e-06
-8.38519e-06
-8.66283e-06
-8.94248e-06
-9.22526e-06
-9.51152e-06
-9.80122e-06
-1.00949e-05
-1.0393e-05
-1.0696e-05
-1.10041e-05
-1.13177e-05
-1.1637e-05
-1.19623e-05
-1.22936e-05
-1.26311e-05
4.32499e-07
8.64564e-08
-2.54235e-07
-5.89627e-07
-9.19782e-07
-1.2448e-06
-1.5648e-06
-1.87994e-06
-2.19042e-06
-2.49642e-06
-2.79818e-06
-3.09595e-06
-3.38999e-06
-3.68058e-06
-3.96801e-06
-4.25258e-06
-4.53462e-06
-4.81443e-06
-5.0924e-06
-5.36878e-06
-5.6441e-06
-5.91827e-06
-6.19131e-06
-6.46384e-06
-6.73566e-06
-7.00701e-06
-7.27828e-06
-7.5499e-06
-7.82229e-06
-8.0959e-06
-8.37113e-06
-8.64842e-06
-8.92794e-06
-9.21072e-06
-9.49716e-06
-9.78724e-06
-1.00814e-05
-1.03802e-05
-1.0684e-05
-1.09931e-05
-1.13079e-05
-1.16285e-05
-1.19553e-05
-1.22882e-05
-1.26276e-05
4.29789e-07
8.17251e-08
-2.60852e-07
-5.97981e-07
-9.29712e-07
-1.25614e-06
-1.57737e-06
-1.89357e-06
-2.2049e-06
-2.51157e-06
-2.81379e-06
-3.1118e-06
-3.40584e-06
-3.69619e-06
-3.98312e-06
-4.26692e-06
-4.54788e-06
-4.82627e-06
-5.10245e-06
-5.37664e-06
-5.64933e-06
-5.92038e-06
-6.19029e-06
-6.45998e-06
-6.72934e-06
-6.9986e-06
-7.26822e-06
-7.5385e-06
-7.80985e-06
-8.08266e-06
-8.35731e-06
-8.63423e-06
-8.91359e-06
-9.19636e-06
-9.48299e-06
-9.7734e-06
-1.00681e-05
-1.03675e-05
-1.06721e-05
-1.09822e-05
-1.12982e-05
-1.16201e-05
-1.19484e-05
-1.2283e-05
-1.2624e-05
-4.34615e-06
-9.89216e-06
-1.06055e-05
-1.10377e-05
-1.16798e-05
-1.24601e-05
-1.33468e-05
-1.43214e-05
-1.5374e-05
-1.65015e-05
-1.77043e-05
-1.89863e-05
-2.03543e-05
-2.18209e-05
-2.34051e-05
-1.81794e-06
-7.07111e-06
-9.07006e-06
-1.02534e-05
-1.126e-05
-1.22194e-05
-1.32015e-05
-1.42314e-05
-1.53177e-05
-1.6466e-05
-1.76815e-05
-1.89707e-05
-2.03422e-05
-2.18096e-05
-2.33924e-05
-3.14396e-07
-5.19928e-06
-7.88135e-06
-9.551e-06
-1.08462e-05
-1.19746e-05
-1.30536e-05
-1.41407e-05
-1.52618e-05
-1.64314e-05
-1.76597e-05
-1.89559e-05
-2.03306e-05
-2.17983e-05
-2.33792e-05
2.41902e-07
-4.03222e-06
-6.93866e-06
-8.91727e-06
-1.04409e-05
-1.17264e-05
-1.29037e-05
-1.40506e-05
-1.52079e-05
-1.63993e-05
-1.76402e-05
-1.89432e-05
-2.03205e-05
-2.17878e-05
-2.3366e-05
3.67729e-07
-3.14833e-06
-6.05159e-06
-8.25278e-06
-9.98764e-06
-1.14368e-05
-1.27263e-05
-1.39445e-05
-1.51458e-05
-1.63635e-05
-1.76195e-05
-1.89301e-05
-2.03101e-05
-2.17768e-05
-2.33517e-05
3.66454e-07
-2.55553e-06
-5.27568e-06
-7.57225e-06
-9.47557e-06
-1.10851e-05
-1.24999e-05
-1.38052e-05
-1.50631e-05
-1.63157e-05
-1.7592e-05
-1.89131e-05
-2.02972e-05
-2.17635e-05
-2.33346e-05
2.16728e-07
-2.22762e-06
-4.68295e-06
-6.94609e-06
-8.93941e-06
-1.06778e-05
-1.22156e-05
-1.36187e-05
-1.49463e-05
-1.62451e-05
-1.75497e-05
-1.88865e-05
-2.02777e-05
-2.17449e-05
-2.33125e-05
-9.8787e-08
-2.14814e-06
-4.3134e-06
-6.44631e-06
-8.43911e-06
-1.02494e-05
-1.1885e-05
-1.33821e-05
-1.47862e-05
-1.61408e-05
-1.74827e-05
-1.88422e-05
-2.02451e-05
-2.17159e-05
-2.32811e-05
-5.56694e-07
-2.2846e-06
-4.17055e-06
-6.11935e-06
-8.03466e-06
-9.8503e-06
-1.15399e-05
-1.31093e-05
-1.45841e-05
-1.59974e-05
-1.7383e-05
-1.87717e-05
-2.01916e-05
-2.16698e-05
-2.32344e-05
-1.13074e-06
-2.59906e-06
-4.23433e-06
-5.98083e-06
-7.76745e-06
-9.52874e-06
-1.12213e-05
-1.28281e-05
-1.43544e-05
-1.58192e-05
-1.72482e-05
-1.86693e-05
-2.01101e-05
-2.15989e-05
-2.31652e-05
-1.79991e-06
-3.0578e-06
-4.47572e-06
-6.02386e-06
-7.65579e-06
-9.31875e-06
-1.0967e-05
-1.25712e-05
-1.41203e-05
-1.56192e-05
-1.70832e-05
-1.85339e-05
-1.9996e-05
-2.14968e-05
-2.30657e-05
-2.54939e-06
-3.6349e-06
-4.86676e-06
-6.23107e-06
-7.7005e-06
-9.23799e-06
-1.08045e-05
-1.23676e-05
-1.39069e-05
-1.54155e-05
-1.68986e-05
-1.83698e-05
-1.98485e-05
-2.13591e-05
-2.29293e-05
-3.36878e-06
-4.31143e-06
-5.38434e-06
-6.58294e-06
-7.89309e-06
-9.29173e-06
-1.07502e-05
-1.22396e-05
-1.37367e-05
-1.52274e-05
-1.6708e-05
-1.81844e-05
-1.96696e-05
-2.11833e-05
-2.275e-05
-4.24923e-06
-5.07235e-06
-6.00933e-06
-7.06078e-06
-8.22094e-06
-9.47736e-06
-1.08117e-05
-1.22022e-05
-1.36279e-05
-1.5072e-05
-1.65253e-05
-1.79868e-05
-1.94632e-05
-2.09686e-05
-2.25227e-05
-5.18096e-06
-5.90353e-06
-6.72421e-06
-7.64623e-06
-8.66878e-06
-9.78659e-06
-1.09897e-05
-1.22643e-05
-1.35944e-05
-1.49648e-05
-1.63642e-05
-1.77871e-05
-1.92347e-05
-2.07152e-05
-2.22433e-05
-6.15198e-06
-6.7898e-06
-7.51107e-06
-8.32011e-06
-9.21869e-06
-1.0206e-05
-1.1278e-05
-1.24275e-05
-1.36446e-05
-1.4918e-05
-1.62375e-05
-1.75959e-05
-1.89908e-05
-2.04255e-05
-2.19089e-05
-7.14883e-06
-7.71508e-06
-8.3514e-06
-9.06224e-06
-9.8505e-06
-1.07177e-05
-1.16636e-05
-1.26858e-05
-1.37797e-05
-1.49386e-05
-1.61555e-05
-1.7424e-05
-1.87403e-05
-2.01044e-05
-2.15204e-05
-8.15551e-06
-8.6613e-06
-9.225e-06
-9.85067e-06
-1.05415e-05
-1.12999e-05
-1.21278e-05
-1.30256e-05
-1.39927e-05
-1.50265e-05
-1.61236e-05
-1.728e-05
-1.84928e-05
-1.97603e-05
-2.10834e-05
-9.15085e-06
-9.6055e-06
-1.01071e-05
-1.06591e-05
-1.12643e-05
-1.19254e-05
-1.26449e-05
-1.34251e-05
-1.42674e-05
-1.51723e-05
-1.61395e-05
-1.7168e-05
-1.82564e-05
-1.94037e-05
-2.06092e-05
-1.01153e-05
-1.05263e-05
-1.09744e-05
-1.14622e-05
-1.19921e-05
-1.25665e-05
-1.31881e-05
-1.38595e-05
-1.45832e-05
-1.53615e-05
-1.61961e-05
-1.70882e-05
-1.80388e-05
-1.9048e-05
-2.01157e-05
-1.09537e-05
-1.13306e-05
-1.17364e-05
-1.21728e-05
-1.26417e-05
-1.31453e-05
-1.36857e-05
-1.42655e-05
-1.48875e-05
-1.55544e-05
-1.62689e-05
-1.70337e-05
-1.7851e-05
-1.87229e-05
-1.96503e-05
-1.15997e-05
-1.19527e-05
-1.23278e-05
-1.27267e-05
-1.31507e-05
-1.36017e-05
-1.40816e-05
-1.45926e-05
-1.51372e-05
-1.57183e-05
-1.63386e-05
-1.70013e-05
-1.77096e-05
-1.84665e-05
-1.92745e-05
-1.20465e-05
-1.23834e-05
-1.27381e-05
-1.31118e-05
-1.35056e-05
-1.39209e-05
-1.43596e-05
-1.48234e-05
-1.53145e-05
-1.58355e-05
-1.63891e-05
-1.69786e-05
-1.76073e-05
-1.82786e-05
-1.89961e-05
-1.2358e-05
-1.26851e-05
-1.30268e-05
-1.33841e-05
-1.37578e-05
-1.41493e-05
-1.45599e-05
-1.49914e-05
-1.54455e-05
-1.59245e-05
-1.6431e-05
-1.6968e-05
-1.75388e-05
-1.81469e-05
-1.87961e-05
-1.25726e-05
-1.28943e-05
-1.32283e-05
-1.35753e-05
-1.39362e-05
-1.43121e-05
-1.47042e-05
-1.51138e-05
-1.55427e-05
-1.59927e-05
-1.64662e-05
-1.69659e-05
-1.74948e-05
-1.80565e-05
-1.86546e-05
-1.2718e-05
-1.30374e-05
-1.33675e-05
-1.37088e-05
-1.40622e-05
-1.44285e-05
-1.48088e-05
-1.52042e-05
-1.56162e-05
-1.60465e-05
-1.64971e-05
-1.69704e-05
-1.74692e-05
-1.79967e-05
-1.85563e-05
-1.28148e-05
-1.31342e-05
-1.34631e-05
-1.3802e-05
-1.41516e-05
-1.45126e-05
-1.48859e-05
-1.52725e-05
-1.56736e-05
-1.60907e-05
-1.65256e-05
-1.69803e-05
-1.74573e-05
-1.79593e-05
-1.84893e-05
-1.28781e-05
-1.31991e-05
-1.35288e-05
-1.38675e-05
-1.42158e-05
-1.45745e-05
-1.49442e-05
-1.53257e-05
-1.57201e-05
-1.61286e-05
-1.65527e-05
-1.69942e-05
-1.74551e-05
-1.79378e-05
-1.8445e-05
-1.29187e-05
-1.32423e-05
-1.35739e-05
-1.39139e-05
-1.42628e-05
-1.46211e-05
-1.49894e-05
-1.53684e-05
-1.57589e-05
-1.61619e-05
-1.65786e-05
-1.70107e-05
-1.74596e-05
-1.79275e-05
-1.84165e-05
-1.29441e-05
-1.32709e-05
-1.36052e-05
-1.39475e-05
-1.4298e-05
-1.46572e-05
-1.50256e-05
-1.54037e-05
-1.57921e-05
-1.61917e-05
-1.66035e-05
-1.70286e-05
-1.74684e-05
-1.79246e-05
-1.83989e-05
-1.29596e-05
-1.32898e-05
-1.36272e-05
-1.39722e-05
-1.4325e-05
-1.46859e-05
-1.50553e-05
-1.54335e-05
-1.58211e-05
-1.62187e-05
-1.6627e-05
-1.7047e-05
-1.74797e-05
-1.79265e-05
-1.83887e-05
-1.29687e-05
-1.33024e-05
-1.3643e-05
-1.39909e-05
-1.43463e-05
-1.47093e-05
-1.50801e-05
-1.54591e-05
-1.58466e-05
-1.62431e-05
-1.6649e-05
-1.70651e-05
-1.74922e-05
-1.79312e-05
-1.83833e-05
-1.29738e-05
-1.33108e-05
-1.36546e-05
-1.40054e-05
-1.43634e-05
-1.47286e-05
-1.51012e-05
-1.54813e-05
-1.58691e-05
-1.6265e-05
-1.66693e-05
-1.70824e-05
-1.75048e-05
-1.79374e-05
-1.83807e-05
-1.29763e-05
-1.33164e-05
-1.36632e-05
-1.40169e-05
-1.43774e-05
-1.47448e-05
-1.51192e-05
-1.55006e-05
-1.5889e-05
-1.62846e-05
-1.66876e-05
-1.70983e-05
-1.75169e-05
-1.7944e-05
-1.83799e-05
-1.29771e-05
-1.33201e-05
-1.36698e-05
-1.40261e-05
-1.4389e-05
-1.47586e-05
-1.51347e-05
-1.55173e-05
-1.59064e-05
-1.6302e-05
-1.67041e-05
-1.71128e-05
-1.75282e-05
-1.79506e-05
-1.83801e-05
-1.29769e-05
-1.33226e-05
-1.36748e-05
-1.40335e-05
-1.43987e-05
-1.47702e-05
-1.5148e-05
-1.55319e-05
-1.59217e-05
-1.63174e-05
-1.67188e-05
-1.71258e-05
-1.75384e-05
-1.79568e-05
-1.83806e-05
-1.29761e-05
-1.33241e-05
-1.36786e-05
-1.40395e-05
-1.44067e-05
-1.47801e-05
-1.51594e-05
-1.55444e-05
-1.5935e-05
-1.63308e-05
-1.67316e-05
-1.71373e-05
-1.75476e-05
-1.79624e-05
-1.83814e-05
-1.29749e-05
-1.33251e-05
-1.36816e-05
-1.40445e-05
-1.44136e-05
-1.47886e-05
-1.51693e-05
-1.55554e-05
-1.59466e-05
-1.63426e-05
-1.6743e-05
-1.71475e-05
-1.75557e-05
-1.79675e-05
-1.83821e-05
-1.29733e-05
-1.33255e-05
-1.36841e-05
-1.40488e-05
-1.44197e-05
-1.47962e-05
-1.51783e-05
-1.55654e-05
-1.59573e-05
-1.63535e-05
-1.67535e-05
-1.7157e-05
-1.75633e-05
-1.79723e-05
-1.83829e-05
-1.29716e-05
-1.33257e-05
-1.3686e-05
-1.40525e-05
-1.4425e-05
-1.48032e-05
-1.51865e-05
-1.55747e-05
-1.59673e-05
-1.63637e-05
-1.67634e-05
-1.71659e-05
-1.75705e-05
-1.79767e-05
-1.83836e-05
-4.19595e-06
-4.19559e-06
-4.19944e-06
-4.2068e-06
-4.21702e-06
-4.22943e-06
-4.24379e-06
-4.25992e-06
-4.27775e-06
-4.29732e-06
-4.31874e-06
-4.34214e-06
-4.36767e-06
-4.39539e-06
-4.4253e-06
-4.45725e-06
-4.49091e-06
-4.52567e-06
-4.56052e-06
-4.5939e-06
-4.62361e-06
-4.64676e-06
-4.65755e-06
-4.64907e-06
-4.61594e-06
-4.5532e-06
-4.45636e-06
-4.32242e-06
-4.15098e-06
-3.94492e-06
-3.70594e-06
-3.43959e-06
-3.16308e-06
-2.89262e-06
-2.64406e-06
-2.43173e-06
-2.26817e-06
-2.16128e-06
-2.11194e-06
-2.11367e-06
-2.15346e-06
-2.21427e-06
-2.27966e-06
-2.32779e-06
-2.34772e-06
-4.19048e-06
-4.19084e-06
-4.19399e-06
-4.19934e-06
-4.2064e-06
-4.21514e-06
-4.22531e-06
-4.2368e-06
-4.2496e-06
-4.26374e-06
-4.27931e-06
-4.2964e-06
-4.31512e-06
-4.33554e-06
-4.35773e-06
-4.38166e-06
-4.40718e-06
-4.43391e-06
-4.46112e-06
-4.48753e-06
-4.51112e-06
-4.52885e-06
-4.53488e-06
-4.52308e-06
-4.4888e-06
-4.42763e-06
-4.33571e-06
-4.21055e-06
-4.05155e-06
-3.86013e-06
-3.64101e-06
-3.40579e-06
-3.16496e-06
-2.92953e-06
-2.71327e-06
-2.53059e-06
-2.39207e-06
-2.30253e-06
-2.26057e-06
-2.25896e-06
-2.28619e-06
-2.32901e-06
-2.37495e-06
-2.41419e-06
-2.44053e-06
-4.17663e-06
-4.17939e-06
-4.1835e-06
-4.18893e-06
-4.19552e-06
-4.20314e-06
-4.21171e-06
-4.22122e-06
-4.23168e-06
-4.24318e-06
-4.25581e-06
-4.26972e-06
-4.28504e-06
-4.30197e-06
-4.32068e-06
-4.3414e-06
-4.36433e-06
-4.38965e-06
-4.41739e-06
-4.44729e-06
-4.47854e-06
-4.50922e-06
-4.53359e-06
-4.5443e-06
-4.53496e-06
-4.49911e-06
-4.43079e-06
-4.32573e-06
-4.18213e-06
-4.0011e-06
-3.78658e-06
-3.54854e-06
-3.29945e-06
-3.05359e-06
-2.82643e-06
-2.63259e-06
-2.48338e-06
-2.38477e-06
-2.33628e-06
-2.33133e-06
-2.35883e-06
-2.40556e-06
-2.45888e-06
-2.51097e-06
-2.56085e-06
-4.15854e-06
-4.16437e-06
-4.17006e-06
-4.17606e-06
-4.18258e-06
-4.18956e-06
-4.19703e-06
-4.20503e-06
-4.21368e-06
-4.22311e-06
-4.23349e-06
-4.24503e-06
-4.25801e-06
-4.27276e-06
-4.28976e-06
-4.30961e-06
-4.33315e-06
-4.36147e-06
-4.39587e-06
-4.43782e-06
-4.48861e-06
-4.5483e-06
-4.61064e-06
-4.66474e-06
-4.70041e-06
-4.70735e-06
-4.67584e-06
-4.59938e-06
-4.47494e-06
-4.30329e-06
-4.08931e-06
-3.84191e-06
-3.57472e-06
-3.30385e-06
-3.04698e-06
-2.8213e-06
-2.64104e-06
-2.51516e-06
-2.44572e-06
-2.42785e-06
-2.45103e-06
-2.50133e-06
-2.56446e-06
-2.63224e-06
-2.70568e-06
-4.13956e-06
-4.14878e-06
-4.15626e-06
-4.16312e-06
-4.16994e-06
-4.17675e-06
-4.18362e-06
-4.19071e-06
-4.19818e-06
-4.20626e-06
-4.21519e-06
-4.22528e-06
-4.23695e-06
-4.25078e-06
-4.26758e-06
-4.28853e-06
-4.31529e-06
-4.35021e-06
-4.39638e-06
-4.45769e-06
-4.53837e-06
-4.64141e-06
-4.75966e-06
-4.87614e-06
-4.97472e-06
-5.03946e-06
-5.05584e-06
-5.01645e-06
-4.91784e-06
-4.75997e-06
-4.54632e-06
-4.28676e-06
-3.99479e-06
-3.68803e-06
-3.38659e-06
-3.11115e-06
-2.88036e-06
-2.70804e-06
-2.60074e-06
-2.55674e-06
-2.56675e-06
-2.61584e-06
-2.68713e-06
-2.77071e-06
-2.86826e-06
-4.12255e-06
-4.13475e-06
-4.14399e-06
-4.15186e-06
-4.15922e-06
-4.16618e-06
-4.17288e-06
-4.17954e-06
-4.1864e-06
-4.19375e-06
-4.20193e-06
-4.21136e-06
-4.22262e-06
-4.23655e-06
-4.25437e-06
-4.27788e-06
-4.30974e-06
-4.3538e-06
-4.41534e-06
-4.50118e-06
-4.61916e-06
-4.77593e-06
-4.96316e-06
-5.15506e-06
-5.3272e-06
-5.45705e-06
-5.52976e-06
-5.53598e-06
-5.4696e-06
-5.33231e-06
-5.1227e-06
-4.85139e-06
-4.53267e-06
-4.18503e-06
-3.83056e-06
-3.49347e-06
-3.19759e-06
-2.96298e-06
-2.80242e-06
-2.71901e-06
-2.70575e-06
-2.74706e-06
-2.823e-06
-2.92131e-06
-3.04374e-06
-4.10903e-06
-4.12388e-06
-4.13474e-06
-4.14363e-06
-4.15164e-06
-4.15894e-06
-4.16571e-06
-4.17224e-06
-4.17884e-06
-4.18587e-06
-4.19373e-06
-4.20296e-06
-4.21431e-06
-4.22886e-06
-4.24824e-06
-4.27492e-06
-4.31263e-06
-4.36681e-06
-4.44516e-06
-4.55776e-06
-4.71644e-06
-4.93189e-06
-5.19432e-06
-5.46674e-06
-5.71542e-06
-5.91717e-06
-6.05614e-06
-6.1158e-06
-6.08608e-06
-5.96435e-06
-5.76002e-06
-5.48051e-06
-5.13862e-06
-4.75241e-06
-4.34486e-06
-3.94295e-06
-3.57542e-06
-3.26903e-06
-3.04403e-06
-2.90993e-06
-2.86357e-06
-2.88967e-06
-2.96557e-06
-3.07647e-06
-3.224e-06
-4.10015e-06
-4.11726e-06
-4.12956e-06
-4.13941e-06
-4.1481e-06
-4.15581e-06
-4.16277e-06
-4.16933e-06
-4.17584e-06
-4.18271e-06
-4.19042e-06
-4.19959e-06
-4.2111e-06
-4.22628e-06
-4.24714e-06
-4.27678e-06
-4.31995e-06
-4.38372e-06
-4.47824e-06
-4.6171e-06
-4.81622e-06
-5.09031e-06
-5.42882e-06
-5.78317e-06
-6.11129e-06
-6.38451e-06
-6.57996e-06
-6.68235e-06
-6.68487e-06
-6.58616e-06
-6.39218e-06
-6.11023e-06
-5.75228e-06
-5.33532e-06
-4.88199e-06
-4.42061e-06
-3.98357e-06
-3.60379e-06
-3.30932e-06
-3.11725e-06
-3.02989e-06
-3.0338e-06
-3.10452e-06
-3.2251e-06
-3.39692e-06
-4.09649e-06
-4.11552e-06
-4.1291e-06
-4.13984e-06
-4.14917e-06
-4.1573e-06
-4.16447e-06
-4.17106e-06
-4.17748e-06
-4.18417e-06
-4.19164e-06
-4.2006e-06
-4.21204e-06
-4.22745e-06
-4.24918e-06
-4.28091e-06
-4.32831e-06
-4.39999e-06
-4.50849e-06
-4.67097e-06
-4.90747e-06
-5.23569e-06
-5.64593e-06
-6.07671e-06
-6.47659e-06
-6.81116e-06
-7.05558e-06
-7.19587e-06
-7.22689e-06
-7.14818e-06
-6.96513e-06
-6.68487e-06
-6.31821e-06
-5.88042e-06
-5.39263e-06
-4.88285e-06
-4.38534e-06
-3.93767e-06
-3.57515e-06
-3.32279e-06
-3.18968e-06
-3.16588e-06
-3.22657e-06
-3.35339e-06
-3.5476e-06
-4.09826e-06
-4.11898e-06
-4.1337e-06
-4.14526e-06
-4.15518e-06
-4.16366e-06
-4.17097e-06
-4.1775e-06
-4.18369e-06
-4.18999e-06
-4.19695e-06
-4.20533e-06
-4.21617e-06
-4.23112e-06
-4.25278e-06
-4.2853e-06
-4.33517e-06
-4.41239e-06
-4.5317e-06
-4.71384e-06
-4.98291e-06
-5.35796e-06
-5.83217e-06
-6.33026e-06
-6.79114e-06
-7.17622e-06
-7.45999e-06
-7.62961e-06
-7.6816e-06
-7.61762e-06
-7.44353e-06
-7.16662e-06
-6.7966e-06
-6.34676e-06
-5.836e-06
-5.29067e-06
-4.74506e-06
-4.23945e-06
-3.81535e-06
-3.50493e-06
-3.32469e-06
-3.26969e-06
-3.3163e-06
-3.44577e-06
-3.65957e-06
-4.10543e-06
-4.12773e-06
-4.14349e-06
-4.1558e-06
-4.16624e-06
-4.17498e-06
-4.18228e-06
-4.18856e-06
-4.19425e-06
-4.19983e-06
-4.20587e-06
-4.21312e-06
-4.22269e-06
-4.2363e-06
-4.25675e-06
-4.28855e-06
-4.33891e-06
-4.419e-06
-4.54548e-06
-4.74228e-06
-5.03736e-06
-5.45394e-06
-5.98141e-06
-6.53626e-06
-7.0467e-06
-7.47096e-06
-7.78322e-06
-7.97226e-06
-8.03686e-06
-7.98117e-06
-7.81218e-06
-7.53763e-06
-7.16648e-06
-6.71019e-06
-6.18517e-06
-5.61539e-06
-5.03368e-06
-4.48112e-06
-4.00487e-06
-3.64162e-06
-3.41555e-06
-3.32781e-06
-3.3573e-06
-3.48597e-06
-3.71604e-06
-4.1179e-06
-4.14175e-06
-4.15852e-06
-4.17153e-06
-4.1824e-06
-4.19126e-06
-4.19835e-06
-4.20411e-06
-4.20896e-06
-4.21339e-06
-4.21797e-06
-4.22345e-06
-4.23095e-06
-4.24226e-06
-4.26029e-06
-4.28985e-06
-4.33871e-06
-4.41907e-06
-4.54923e-06
-4.75548e-06
-5.06946e-06
-5.52233e-06
-6.09369e-06
-6.6939e-06
-7.24284e-06
-7.69553e-06
-8.02615e-06
-8.22539e-06
-8.29462e-06
-8.24048e-06
-8.07148e-06
-7.79609e-06
-7.42286e-06
-6.96181e-06
-6.42711e-06
-5.84015e-06
-5.23134e-06
-4.64073e-06
-4.12252e-06
-3.713e-06
-3.44373e-06
-3.3231e-06
-3.33342e-06
-3.45815e-06
-3.70094e-06
-4.13551e-06
-4.16099e-06
-4.17879e-06
-4.19246e-06
-4.20366e-06
-4.21247e-06
-4.21911e-06
-4.22401e-06
-4.2276e-06
-4.23037e-06
-4.23289e-06
-4.23589e-06
-4.2405e-06
-4.24853e-06
-4.26298e-06
-4.28885e-06
-4.33439e-06
-4.41267e-06
-4.54346e-06
-4.75456e-06
-5.08289e-06
-5.56376e-06
-6.17065e-06
-6.80657e-06
-7.38436e-06
-7.85622e-06
-8.19659e-06
-8.39823e-06
-8.46503e-06
-8.406e-06
-8.2313e-06
-7.95026e-06
-7.57136e-06
-7.10368e-06
-6.55963e-06
-5.95845e-06
-5.32803e-06
-4.70518e-06
-4.15056e-06
-3.70188e-06
-3.3927e-06
-3.23988e-06
-3.22973e-06
-3.34775e-06
-3.5998e-06
-4.15816e-06
-4.18543e-06
-4.2043e-06
-4.2186e-06
-4.23003e-06
-4.23859e-06
-4.24449e-06
-4.24814e-06
-4.25e-06
-4.25055e-06
-4.25036e-06
-4.25016e-06
-4.25105e-06
-4.25486e-06
-4.26464e-06
-4.28556e-06
-4.32621e-06
-4.40042e-06
-4.52932e-06
-4.74256e-06
-5.08053e-06
-5.58114e-06
-6.21628e-06
-6.88023e-06
-7.47886e-06
-7.96241e-06
-8.30569e-06
-8.50337e-06
-8.56177e-06
-8.492e-06
-8.30574e-06
-8.0132e-06
-7.62313e-06
-7.14403e-06
-6.58725e-06
-5.97032e-06
-5.31965e-06
-4.67033e-06
-4.07825e-06
-3.59372e-06
-3.24854e-06
-3.06486e-06
-3.03341e-06
-3.14224e-06
-3.40028e-06
-4.18584e-06
-4.2151e-06
-4.23513e-06
-4.25004e-06
-4.26157e-06
-4.26965e-06
-4.27446e-06
-4.27642e-06
-4.27602e-06
-4.27374e-06
-4.27017e-06
-4.26604e-06
-4.26243e-06
-4.26116e-06
-4.26533e-06
-4.28021e-06
-4.3147e-06
-4.38327e-06
-4.50826e-06
-4.72139e-06
-5.06477e-06
-5.57899e-06
-6.23659e-06
-6.92191e-06
-7.53495e-06
-8.02439e-06
-8.36532e-06
-8.55398e-06
-8.59903e-06
-8.51324e-06
-8.30961e-06
-7.99918e-06
-7.59119e-06
-7.09379e-06
-6.518e-06
-5.88027e-06
-5.20618e-06
-4.53115e-06
-3.90116e-06
-3.38112e-06
-3.00199e-06
-2.78796e-06
-2.7342e-06
-2.83142e-06
-3.0925e-06
-4.21863e-06
-4.25015e-06
-4.27143e-06
-4.28691e-06
-4.29838e-06
-4.3057e-06
-4.30901e-06
-4.30879e-06
-4.30554e-06
-4.2998e-06
-4.29218e-06
-4.28342e-06
-4.27456e-06
-4.26746e-06
-4.26522e-06
-4.27319e-06
-4.30054e-06
-4.36228e-06
-4.48179e-06
-4.6926e-06
-5.03843e-06
-5.56242e-06
-6.23745e-06
-6.93867e-06
-7.56115e-06
-8.05175e-06
-8.38612e-06
-8.56211e-06
-8.58973e-06
-8.48323e-06
-8.25663e-06
-7.9217e-06
-7.488e-06
-6.96424e-06
-6.36126e-06
-5.69525e-06
-4.99102e-06
-4.2853e-06
-3.61845e-06
-3.05991e-06
-2.64666e-06
-2.40162e-06
-2.3243e-06
-2.40739e-06
-2.66888e-06
-4.25674e-06
-4.29081e-06
-4.31344e-06
-4.32944e-06
-4.34064e-06
-4.34683e-06
-4.34817e-06
-4.34519e-06
-4.33845e-06
-4.32857e-06
-4.31622e-06
-4.30218e-06
-4.28741e-06
-4.27382e-06
-4.26456e-06
-4.26499e-06
-4.2845e-06
-4.33857e-06
-4.4515e-06
-4.65834e-06
-5.00459e-06
-5.53549e-06
-6.2237e-06
-6.93658e-06
-7.56467e-06
-8.05317e-06
-8.37802e-06
-8.53821e-06
-8.54492e-06
-8.41341e-06
-8.15844e-06
-7.79232e-06
-7.32506e-06
-6.76595e-06
-6.12624e-06
-5.4224e-06
-4.67992e-06
-3.93561e-06
-3.2296e-06
-2.62957e-06
-2.17794e-06
-1.90044e-06
-1.79828e-06
-1.86456e-06
-2.1243e-06
-4.30049e-06
-4.33744e-06
-4.36152e-06
-4.37792e-06
-4.38857e-06
-4.39319e-06
-4.39198e-06
-4.38555e-06
-4.37461e-06
-4.35987e-06
-4.3421e-06
-4.3222e-06
-4.30094e-06
-4.28034e-06
-4.2636e-06
-4.25606e-06
-4.2673e-06
-4.31322e-06
-4.41885e-06
-4.62069e-06
-4.96586e-06
-5.50145e-06
-6.19975e-06
-6.9211e-06
-7.55185e-06
-8.03575e-06
-8.34875e-06
-8.49067e-06
-8.47347e-06
-8.31306e-06
-8.0246e-06
-7.62075e-06
-7.11198e-06
-6.50828e-06
-5.82176e-06
-5.06981e-06
-4.27856e-06
-3.48497e-06
-2.73655e-06
-2.09101e-06
-1.59579e-06
-1.28212e-06
-1.15325e-06
-1.19917e-06
-1.45623e-06
-4.35036e-06
-4.39053e-06
-4.41612e-06
-4.43274e-06
-4.44245e-06
-4.44492e-06
-4.44044e-06
-4.42979e-06
-4.41383e-06
-4.39346e-06
-4.36958e-06
-4.34324e-06
-4.31512e-06
-4.28706e-06
-4.26257e-06
-4.24685e-06
-4.24962e-06
-4.28716e-06
-4.38514e-06
-4.58141e-06
-4.92447e-06
-5.46313e-06
-6.16919e-06
-6.89657e-06
-7.52776e-06
-8.0051e-06
-8.30444e-06
-8.42604e-06
-8.38233e-06
-8.18946e-06
-7.8627e-06
-7.41487e-06
-6.85683e-06
-6.19937e-06
-5.45577e-06
-4.64488e-06
-3.79426e-06
-2.94248e-06
-2.13949e-06
-1.44227e-06
-9.0254e-07
-5.47317e-07
-3.88532e-07
-4.09195e-07
-6.63547e-07
-4.40695e-06
-4.45068e-06
-4.47782e-06
-4.49438e-06
-4.50261e-06
-4.50218e-06
-4.49355e-06
-4.47774e-06
-4.45588e-06
-4.42905e-06
-4.39846e-06
-4.36506e-06
-4.32961e-06
-4.29401e-06
-4.26163e-06
-4.23768e-06
-4.232e-06
-4.26114e-06
-4.35149e-06
-4.54187e-06
-4.88222e-06
-5.42279e-06
-6.13484e-06
-6.86636e-06
-7.49626e-06
-7.96552e-06
-8.24972e-06
-8.3493e-06
-8.27677e-06
-8.0482e-06
-7.67869e-06
-7.18101e-06
-6.56635e-06
-5.8463e-06
-5.03555e-06
-4.15482e-06
-3.23375e-06
-2.31317e-06
-1.44506e-06
-6.88393e-07
-9.82977e-08
3.02315e-07
4.96218e-07
4.99579e-07
2.57848e-07
-4.47102e-06
-4.51869e-06
-4.54733e-06
-4.5634e-06
-4.56942e-06
-4.56512e-06
-4.55125e-06
-4.52919e-06
-4.5004e-06
-4.4663e-06
-4.42828e-06
-4.38727e-06
-4.34423e-06
-4.30108e-06
-4.26082e-06
-4.2288e-06
-4.21487e-06
-4.23585e-06
-4.31868e-06
-4.50315e-06
-4.84048e-06
-5.38216e-06
-6.09881e-06
-6.83298e-06
-7.46022e-06
-7.92018e-06
-8.18803e-06
-8.26411e-06
-8.16071e-06
-7.89353e-06
-7.47725e-06
-6.92437e-06
-6.24629e-06
-5.45543e-06
-4.568e-06
-3.60687e-06
-2.60428e-06
-1.60384e-06
-6.60217e-07
1.65128e-07
8.13732e-07
1.26217e-06
1.49587e-06
1.52288e-06
1.30692e-06
-4.54354e-06
-4.59551e-06
-4.62549e-06
-4.64044e-06
-4.64325e-06
-4.63385e-06
-4.6134e-06
-4.58378e-06
-4.54692e-06
-4.50463e-06
-4.45848e-06
-4.40948e-06
-4.35877e-06
-4.30803e-06
-4.26011e-06
-4.22032e-06
-4.1985e-06
-4.21171e-06
-4.28733e-06
-4.46606e-06
-4.80023e-06
-5.34247e-06
-6.06264e-06
-6.79825e-06
-7.4217e-06
-7.87134e-06
-8.1218e-06
-8.1731e-06
-8.03705e-06
-7.7287e-06
-7.26208e-06
-6.64927e-06
-5.90174e-06
-5.03267e-06
-4.05985e-06
-3.00848e-06
-1.91368e-06
-8.22375e-07
2.0747e-07
1.11134e-06
1.82644e-06
2.32654e-06
2.60309e-06
2.65517e-06
2.4777e-06
-4.62568e-06
-4.68232e-06
-4.71331e-06
-4.72623e-06
-4.72451e-06
-4.70843e-06
-4.67976e-06
-4.64107e-06
-4.59489e-06
-4.5434e-06
-4.4885e-06
-4.43126e-06
-4.3728e-06
-4.3146e-06
-4.25935e-06
-4.21224e-06
-4.18305e-06
-4.189e-06
-4.25785e-06
-4.43114e-06
-4.76218e-06
-5.30459e-06
-6.02739e-06
-6.76343e-06
-7.38214e-06
-7.82059e-06
-8.05276e-06
-8.07817e-06
-7.90792e-06
-7.55622e-06
-7.03623e-06
-6.35948e-06
-5.53735e-06
-4.58372e-06
-3.5179e-06
-2.36744e-06
-1.17056e-06
2.22469e-08
1.14923e-06
2.14219e-06
2.93154e-06
3.49012e-06
3.81665e-06
3.90121e-06
3.75845e-06
-4.71891e-06
-4.78053e-06
-4.81198e-06
-4.82159e-06
-4.81356e-06
-4.7888e-06
-4.74995e-06
-4.70049e-06
-4.64359e-06
-4.58197e-06
-4.51774e-06
-4.45203e-06
-4.38585e-06
-4.32047e-06
-4.25834e-06
-4.20448e-06
-4.16854e-06
-4.16785e-06
-4.23049e-06
-4.39872e-06
-4.72676e-06
-5.26906e-06
-5.99374e-06
-6.72933e-06
-7.34246e-06
-7.76896e-06
-7.98207e-06
-7.98066e-06
-7.77494e-06
-7.37808e-06
-6.80229e-06
-6.05837e-06
-5.15754e-06
-4.11422e-06
-2.94914e-06
-1.6921e-06
-3.84389e-07
9.19774e-07
2.15454e-06
3.24737e-06
4.12065e-06
4.74455e-06
5.12959e-06
5.25511e-06
5.14862e-06
-4.82505e-06
-4.89189e-06
-4.92289e-06
-4.92738e-06
-4.91073e-06
-4.87482e-06
-4.82346e-06
-4.76134e-06
-4.69225e-06
-4.6196e-06
-4.54553e-06
-4.47123e-06
-4.39749e-06
-4.32531e-06
-4.25686e-06
-4.1969e-06
-4.15491e-06
-4.14829e-06
-4.20534e-06
-4.36898e-06
-4.69419e-06
-5.23619e-06
-5.96211e-06
-6.69646e-06
-7.30326e-06
-7.71715e-06
-7.91055e-06
-7.88154e-06
-7.63933e-06
-7.19597e-06
-6.56255e-06
-5.74912e-06
-4.7666e-06
-3.62985e-06
-2.36081e-06
-9.91338e-07
4.3443e-07
1.85863e-06
3.21106e-06
4.41435e-06
5.38389e-06
6.0785e-06
6.52632e-06
6.70082e-06
6.64278e-06
-4.94637e-06
-5.01851e-06
-5.04764e-06
-5.04452e-06
-5.01627e-06
-4.96613e-06
-4.89963e-06
-4.82276e-06
-4.74008e-06
-4.6555e-06
-4.57121e-06
-4.4883e-06
-4.40728e-06
-4.3288e-06
-4.25465e-06
-4.18931e-06
-4.14205e-06
-4.13024e-06
-4.18237e-06
-4.34193e-06
-4.66456e-06
-5.20611e-06
-5.93269e-06
-6.6651e-06
-7.26492e-06
-7.6656e-06
-7.83874e-06
-7.78155e-06
-7.50212e-06
-7.01132e-06
-6.31911e-06
-5.43471e-06
-4.36874e-06
-3.13633e-06
-1.76039e-06
-2.74515e-07
1.27469e-06
2.82601e-06
4.30459e-06
5.62733e-06
6.70709e-06
7.48576e-06
7.99781e-06
8.22895e-06
8.22587e-06
-5.08573e-06
-5.16297e-06
-5.18806e-06
-5.17392e-06
-5.13022e-06
-5.06223e-06
-4.97768e-06
-4.88379e-06
-4.78616e-06
-4.68889e-06
-4.59416e-06
-4.50278e-06
-4.41488e-06
-4.33066e-06
-4.25151e-06
-4.18155e-06
-4.1298e-06
-4.11359e-06
-4.1615e-06
-4.31751e-06
-4.63782e-06
-5.17882e-06
-5.90555e-06
-6.63537e-06
-7.22762e-06
-7.61461e-06
-7.76706e-06
-7.68126e-06
-7.36417e-06
-6.82544e-06
-6.07392e-06
-5.11804e-06
-3.96807e-06
-2.63934e-06
-1.15547e-06
4.48669e-07
2.12453e-06
3.80812e-06
5.42011e-06
6.87089e-06
8.0716e-06
8.95423e-06
9.53453e-06
9.83159e-06
9.89085e-06
-5.2468e-06
-5.32841e-06
-5.34619e-06
-5.3164e-06
-5.2524e-06
-5.16242e-06
-5.05653e-06
-4.94342e-06
-4.82958e-06
-4.71907e-06
-4.61385e-06
-4.5143e-06
-4.42001e-06
-4.3307e-06
-4.24727e-06
-4.17348e-06
-4.11803e-06
-4.09818e-06
-4.14257e-06
-4.29558e-06
-4.61386e-06
-5.15423e-06
-5.88065e-06
-6.60732e-06
-7.19146e-06
-7.56434e-06
-7.69579e-06
-7.58115e-06
-7.22625e-06
-6.63953e-06
-5.82883e-06
-4.80185e-06
-3.56858e-06
-2.14445e-06
-5.53574e-07
1.16839e-06
2.9717e-06
4.79043e-06
6.54176e-06
8.13013e-06
9.46077e-06
1.04615e-05
1.11233e-05
1.14964e-05
1.16293e-05
-5.43433e-06
-5.51862e-06
-5.52423e-06
-5.4726e-06
-5.38239e-06
-5.26564e-06
-5.13493e-06
-5.00057e-06
-4.8695e-06
-4.74544e-06
-4.62989e-06
-4.52259e-06
-4.42252e-06
-4.32881e-06
-4.24184e-06
-4.16498e-06
-4.10662e-06
-4.08389e-06
-4.12543e-06
-4.27596e-06
-4.59249e-06
-5.1322e-06
-5.8579e-06
-6.58089e-06
-7.15649e-06
-7.51494e-06
-7.62519e-06
-7.48166e-06
-7.08905e-06
-6.45471e-06
-5.58556e-06
-4.48873e-06
-3.17403e-06
-1.65699e-06
3.79951e-08
1.87496e-06
3.80378e-06
5.75772e-06
7.65182e-06
9.38567e-06
1.08571e-05
1.19867e-05
1.27482e-05
1.32089e-05
1.3431e-05
-5.65462e-06
-5.73823e-06
-5.72448e-06
-5.64282e-06
-5.51931e-06
-5.37043e-06
-5.21158e-06
-5.05421e-06
-4.90515e-06
-4.76754e-06
-4.64203e-06
-4.52757e-06
-4.42239e-06
-4.32498e-06
-4.2352e-06
-4.15602e-06
-4.09548e-06
-4.07057e-06
-4.10991e-06
-4.25847e-06
-4.57354e-06
-5.11255e-06
-5.83716e-06
-6.55602e-06
-7.12271e-06
-7.46648e-06
-7.55548e-06
-7.38317e-06
-6.95322e-06
-6.27201e-06
-5.34571e-06
-4.18108e-06
-2.78789e-06
-1.18188e-06
6.12403e-07
2.55911e-06
4.60858e-06
6.69455e-06
8.73154e-06
1.06158e-05
1.22376e-05
1.35085e-05
1.43913e-05
1.49542e-05
1.52863e-05
-5.91623e-06
-5.99268e-06
-5.94907e-06
-5.82682e-06
-5.66161e-06
-5.47512e-06
-5.28507e-06
-5.10332e-06
-4.93597e-06
-4.7851e-06
-4.65021e-06
-4.52928e-06
-4.4197e-06
-4.31931e-06
-4.22743e-06
-4.14661e-06
-4.08455e-06
-4.05812e-06
-4.09584e-06
-4.2429e-06
-4.55678e-06
-5.09507e-06
-5.81828e-06
-6.53263e-06
-7.09009e-06
-7.41905e-06
-7.48683e-06
-7.28603e-06
-6.81937e-06
-6.09239e-06
-5.11073e-06
-3.88104e-06
-2.41328e-06
-7.23545e-07
1.16348e-06
3.21234e-06
5.37456e-06
7.58568e-06
9.76168e-06
1.17979e-05
1.35781e-05
1.50034e-05
1.6027e-05
1.67144e-05
1.71864e-05
-6.23103e-06
-6.28825e-06
-6.19964e-06
-6.02333e-06
-5.80737e-06
-5.57776e-06
-5.35394e-06
-5.14703e-06
-4.96158e-06
-4.79805e-06
-4.65455e-06
-4.52791e-06
-4.41467e-06
-4.31199e-06
-4.21864e-06
-4.1368e-06
-4.07384e-06
-4.04646e-06
-4.08309e-06
-4.22907e-06
-4.54201e-06
-5.07957e-06
-5.80109e-06
-6.5106e-06
-7.05862e-06
-7.37271e-06
-7.41943e-06
-7.19058e-06
-6.68804e-06
-5.9167e-06
-4.88192e-06
-3.59048e-06
-2.05286e-06
-2.85751e-07
1.6859e-06
3.82716e-06
6.09125e-06
8.41672e-06
1.07231e-05
1.29076e-05
1.48508e-05
1.64446e-05
1.76268e-05
1.84664e-05
1.91222e-05
-6.61591e-06
-6.63189e-06
-6.47619e-06
-6.23095e-06
-5.9537e-06
-5.67616e-06
-5.41688e-06
-5.18474e-06
-4.98185e-06
-4.80656e-06
-4.65534e-06
-4.52381e-06
-4.40761e-06
-4.30327e-06
-4.20903e-06
-4.1267e-06
-4.06336e-06
-4.03553e-06
-4.07153e-06
-4.21681e-06
-4.52903e-06
-5.06585e-06
-5.78545e-06
-6.48985e-06
-7.02826e-06
-7.3275e-06
-7.35343e-06
-7.09711e-06
-6.55972e-06
-5.7457e-06
-4.66037e-06
-3.31098e-06
-1.70884e-06
1.28439e-07
2.17535e-06
4.39739e-06
6.7497e-06
9.17468e-06
1.15973e-05
1.39201e-05
1.60246e-05
1.77971e-05
1.91576e-05
2.01825e-05
2.10868e-05
-7.09506e-06
-7.03086e-06
-6.77734e-06
-6.44541e-06
-6.09718e-06
-5.76808e-06
-5.47276e-06
-5.21613e-06
-4.99694e-06
-4.81101e-06
-4.65302e-06
-4.5174e-06
-4.39891e-06
-4.29345e-06
-4.19881e-06
-4.11645e-06
-4.05315e-06
-4.02529e-06
-4.06107e-06
-4.20596e-06
-4.51765e-06
-5.05372e-06
-5.7712e-06
-6.47027e-06
-6.999e-06
-7.2835e-06
-7.28899e-06
-7.0059e-06
-6.43485e-06
-5.58003e-06
-4.44699e-06
-3.04376e-06
-1.38289e-06
5.16728e-07
2.62863e-06
4.91837e-06
7.34285e-06
9.84865e-06
1.23676e-05
1.48108e-05
1.70656e-05
1.90197e-05
2.05763e-05
2.18248e-05
2.30758e-05
-7.70233e-06
-7.48564e-06
-7.10166e-06
-6.6613e-06
-6.23375e-06
-5.85139e-06
-5.52083e-06
-5.24125e-06
-5.00726e-06
-4.81194e-06
-4.64817e-06
-4.50918e-06
-4.38897e-06
-4.28286e-06
-4.18822e-06
-4.10619e-06
-4.04329e-06
-4.01574e-06
-4.0516e-06
-4.19638e-06
-4.5077e-06
-5.04301e-06
-5.75821e-06
-6.45179e-06
-6.97081e-06
-7.24074e-06
-7.22625e-06
-6.9172e-06
-6.31382e-06
-5.42024e-06
-4.24253e-06
-2.78984e-06
-1.07628e-06
8.77474e-07
3.04352e-06
5.38688e-06
7.86564e-06
1.04302e-05
1.30197e-05
1.55562e-05
1.79383e-05
2.00641e-05
2.1825e-05
2.33369e-05
2.50816e-05
-8.48456e-06
-7.99278e-06
-7.4362e-06
-6.87113e-06
-6.35894e-06
-5.92414e-06
-5.56069e-06
-5.26042e-06
-5.01345e-06
-4.81004e-06
-4.6414e-06
-4.4997e-06
-4.37824e-06
-4.27184e-06
-4.17749e-06
-4.09607e-06
-4.03384e-06
-4.00687e-06
-4.04308e-06
-4.18796e-06
-4.49904e-06
-5.03357e-06
-5.74632e-06
-6.4343e-06
-6.94363e-06
-7.19924e-06
-7.16529e-06
-6.83121e-06
-6.19694e-06
-5.26681e-06
-4.04764e-06
-2.55002e-06
-7.90021e-07
1.20946e-06
3.41848e-06
5.80079e-06
8.31467e-06
1.09132e-05
1.35421e-05
1.61351e-05
1.8606e-05
2.0874e-05
2.28266e-05
2.4629e-05
2.70765e-05
-9.48343e-06
-8.54348e-06
-7.76505e-06
-7.06523e-06
-6.46811e-06
-5.98482e-06
-5.59239e-06
-5.27432e-06
-5.0163e-06
-4.80606e-06
-4.63338e-06
-4.48951e-06
-4.36714e-06
-4.26072e-06
-4.16687e-06
-4.08624e-06
-4.02486e-06
-3.99866e-06
-4.03542e-06
-4.18057e-06
-4.49152e-06
-5.02526e-06
-5.73544e-06
-6.4177e-06
-6.9174e-06
-7.15896e-06
-7.10612e-06
-6.74795e-06
-6.08429e-06
-5.11985e-06
-3.86247e-06
-2.32448e-06
-5.24284e-07
1.51253e-06
3.75336e-06
6.15978e-06
8.68896e-06
1.12949e-05
1.39274e-05
1.65301e-05
1.90334e-05
2.13859e-05
2.34821e-05
2.55718e-05
2.90119e-05
-1.07965e-05
-9.11983e-06
-8.06547e-06
-7.23329e-06
-6.5584e-06
-6.03374e-06
-5.61733e-06
-5.28449e-06
-5.01718e-06
-4.80113e-06
-4.62496e-06
-4.47924e-06
-4.35618e-06
-4.24984e-06
-4.1566e-06
-4.07686e-06
-4.01643e-06
-3.99112e-06
-4.02855e-06
-4.17407e-06
-4.48497e-06
-5.01793e-06
-5.72552e-06
-6.40211e-06
-6.89231e-06
-7.1201e-06
-7.04885e-06
-6.66738e-06
-5.97557e-06
-4.97867e-06
-3.6858e-06
-2.11131e-06
-2.76314e-07
1.79046e-06
4.0531e-06
6.46999e-06
8.99567e-06
1.15825e-05
1.4181e-05
1.67391e-05
1.9199e-05
2.15393e-05
2.36732e-05
2.6015e-05
3.08913e-05
-1.25334e-05
-9.68797e-06
-8.30457e-06
-7.36585e-06
-6.63132e-06
-6.07479e-06
-5.63932e-06
-5.29397e-06
-5.0183e-06
-4.79675e-06
-4.61713e-06
-4.4695e-06
-4.34566e-06
-4.23939e-06
-4.14676e-06
-4.06796e-06
-4.00858e-06
-3.98423e-06
-4.02239e-06
-4.16832e-06
-4.47919e-06
-5.01145e-06
-5.71666e-06
-6.38796e-06
-6.86913e-06
-7.08368e-06
-6.99462e-06
-6.59057e-06
-5.87157e-06
-4.84354e-06
-3.51705e-06
-1.90865e-06
-4.24298e-08
2.04934e-06
4.32685e-06
6.74436e-06
9.25223e-06
1.17986e-05
1.43297e-05
1.67898e-05
1.91182e-05
2.12967e-05
2.3248e-05
2.56677e-05
3.24193e-05
-1.39893e-05
-1.00401e-05
-8.4218e-06
-7.44343e-06
-6.68226e-06
-6.10627e-06
-5.65713e-06
-5.30164e-06
-5.01861e-06
-4.79195e-06
-4.60904e-06
-4.45956e-06
-4.335e-06
-4.22886e-06
-4.13696e-06
-4.05927e-06
-4.00114e-06
-3.978e-06
-4.01711e-06
-4.16358e-06
-4.47437e-06
-5.00566e-06
-5.70829e-06
-6.37443e-06
-6.84726e-06
-7.04984e-06
-6.94488e-06
-6.52087e-06
-5.77804e-06
-4.72309e-06
-3.36802e-06
-1.73162e-06
1.59068e-07
2.26819e-06
4.55183e-06
6.95969e-06
9.43688e-06
1.19253e-05
1.43625e-05
1.66796e-05
1.87922e-05
2.06205e-05
2.20022e-05
2.36516e-05
3.01765e-05
)
;

boundaryField
{
    inlet
    {
        type            uniformJump;
        patchType       cyclic;
        jump            uniform -2.5e-05;
        value           nonuniform List<scalar> 
40
(
7.97424e-07
8.11491e-07
8.26358e-07
8.41466e-07
8.58221e-07
8.78113e-07
9.03443e-07
9.38087e-07
9.878e-07
1.0599e-06
1.1623e-06
1.30256e-06
1.48766e-06
1.7242e-06
2.01829e-06
2.3746e-06
2.79441e-06
3.27355e-06
3.80096e-06
4.35714e-06
4.88701e-06
5.31845e-06
5.63974e-06
5.87263e-06
6.03936e-06
6.15719e-06
6.23933e-06
6.2958e-06
6.33407e-06
6.35964e-06
6.37655e-06
6.38768e-06
6.39507e-06
6.40008e-06
6.40362e-06
6.40625e-06
6.40831e-06
6.41002e-06
6.41157e-06
6.41301e-06
)
;
        jumpTable       table;
        jumpTableCoeffs
        {
            values          
4
(
(0 -2.5e-05)
(25 -2.5e-05)
(25.5 -0.0001)
(26 -2.5e-05)
)
;
        }
    }
    outlet
    {
        type            uniformJump;
        patchType       cyclic;
        value           nonuniform List<scalar> 
40
(
-2.42026e-05
-2.41885e-05
-2.41736e-05
-2.41585e-05
-2.41418e-05
-2.41219e-05
-2.40966e-05
-2.40619e-05
-2.40122e-05
-2.39401e-05
-2.38377e-05
-2.36974e-05
-2.35123e-05
-2.32758e-05
-2.29817e-05
-2.26254e-05
-2.22056e-05
-2.17265e-05
-2.1199e-05
-2.06429e-05
-2.0113e-05
-1.96815e-05
-1.93603e-05
-1.91274e-05
-1.89606e-05
-1.88428e-05
-1.87607e-05
-1.87042e-05
-1.86659e-05
-1.86404e-05
-1.86235e-05
-1.86123e-05
-1.86049e-05
-1.85999e-05
-1.85964e-05
-1.85938e-05
-1.85917e-05
-1.859e-05
-1.85884e-05
-1.8587e-05
)
;
    }
    Walls
    {
        type            zeroGradient;
    }
    back
    {
        type            empty;
    }
    front
    {
        type            empty;
    }
}


// ************************************************************************* //
