/*--------------------------------*- C++ -*----------------------------------*\
| =========                 |                                                 |
| \\      /  F ield         | OpenFOAM: The Open Source CFD Toolbox           |
|  \\    /   O peration     | Version:  2312                                  |
|   \\  /    A nd           | Website:  www.openfoam.com                      |
|    \\/     M anipulation  |                                                 |
\*---------------------------------------------------------------------------*/
FoamFile
{
    version     2.0;
    format      ascii;
    arch        "LSB;label=32;scalar=64";
    class       volScalarField;
    location    "11.75";
    object      p;
}
// * * * * * * * * * * * * * * * * * * * * * * * * * * * * * * * * * * * * * //

dimensions      [0 2 -2 0 0 0 0];

internalField   nonuniform List<scalar> 
4800
(
4.50541e-13
-1.40692e-06
-2.57927e-06
-3.57303e-06
-4.42614e-06
-5.1637e-06
-5.80997e-06
-6.38245e-06
-6.88955e-06
-7.34353e-06
-7.75301e-06
-8.12007e-06
-8.43838e-06
-8.93865e-06
-1.0568e-05
1.53956e-08
-1.38891e-06
-2.55943e-06
-3.55203e-06
-4.40515e-06
-5.14376e-06
-5.79257e-06
-6.36906e-06
-6.88213e-06
-7.34584e-06
-7.77397e-06
-8.18206e-06
-8.58488e-06
-9.08909e-06
-9.94249e-06
3.1835e-08
-1.36958e-06
-2.53821e-06
-3.52982e-06
-4.38281e-06
-5.1223e-06
-5.77198e-06
-6.35147e-06
-6.8693e-06
-7.34006e-06
-7.77897e-06
-8.20238e-06
-8.6196e-06
-9.03996e-06
-9.4433e-06
4.88625e-08
-1.34904e-06
-2.51525e-06
-3.50537e-06
-4.35763e-06
-5.09798e-06
-5.74684e-06
-6.32754e-06
-6.84749e-06
-7.31945e-06
-7.75642e-06
-8.16632e-06
-8.54223e-06
-8.85443e-06
-9.03514e-06
6.79794e-08
-1.32555e-06
-2.48857e-06
-3.47643e-06
-4.32707e-06
-5.06717e-06
-5.71483e-06
-6.29321e-06
-6.81118e-06
-7.27707e-06
-7.69905e-06
-8.07569e-06
-8.38895e-06
-8.60155e-06
-8.6597e-06
9.0659e-08
-1.29753e-06
-2.45643e-06
-3.44104e-06
-4.2889e-06
-5.02642e-06
-5.67203e-06
-6.24432e-06
-6.75417e-06
-7.20541e-06
-7.60043e-06
-7.9316e-06
-8.17867e-06
-8.31288e-06
-8.30671e-06
1.19077e-07
-1.26279e-06
-2.41646e-06
-3.39653e-06
-4.23997e-06
-4.97256e-06
-5.61247e-06
-6.17501e-06
-6.66964e-06
-7.09749e-06
-7.45652e-06
-7.73741e-06
-7.92469e-06
-8.00356e-06
-7.9673e-06
1.56886e-07
-1.21772e-06
-2.36487e-06
-3.33873e-06
-4.17551e-06
-4.90022e-06
-5.52995e-06
-6.07762e-06
-6.55022e-06
-6.94759e-06
-7.2661e-06
-7.49877e-06
-7.63792e-06
-7.6811e-06
-7.63335e-06
2.0959e-07
-1.15691e-06
-2.29605e-06
-3.26159e-06
-4.0889e-06
-4.802e-06
-5.41676e-06
-5.94398e-06
-6.38892e-06
-6.75167e-06
-7.02988e-06
-7.2211e-06
-7.32513e-06
-7.3477e-06
-7.29886e-06
2.84424e-07
-1.07303e-06
-2.20236e-06
-3.15706e-06
-3.97157e-06
-4.6689e-06
-5.26386e-06
-5.7659e-06
-6.17971e-06
-6.50723e-06
-6.74919e-06
-6.90799e-06
-6.98893e-06
-7.00194e-06
-6.95834e-06
3.8962e-07
-9.57323e-07
-2.07453e-06
-3.01536e-06
-3.81342e-06
-4.49081e-06
-5.06176e-06
-5.53545e-06
-5.91768e-06
-6.21268e-06
-6.42493e-06
-6.56078e-06
-6.62873e-06
-6.6402e-06
-6.60594e-06
5.33504e-07
-8.00428e-07
-1.90239e-06
-2.82581e-06
-3.60367e-06
-4.25754e-06
-4.80175e-06
-5.24633e-06
-5.5991e-06
-5.86679e-06
-6.05702e-06
-6.17874e-06
-6.24182e-06
-6.25755e-06
-6.23549e-06
7.24214e-07
-5.92762e-07
-1.67545e-06
-2.57752e-06
-3.33175e-06
-3.95971e-06
-4.4765e-06
-4.89373e-06
-5.22123e-06
-5.46821e-06
-5.64426e-06
-5.75957e-06
-5.82417e-06
-5.84847e-06
-5.84071e-06
9.69886e-07
-3.24446e-07
-1.38297e-06
-2.25964e-06
-2.98752e-06
-3.58876e-06
-4.07964e-06
-4.47334e-06
-4.78142e-06
-5.01474e-06
-5.18392e-06
-5.29937e-06
-5.37061e-06
-5.40687e-06
-5.41517e-06
1.27846e-06
1.44975e-08
-1.01418e-06
-1.86151e-06
-2.56131e-06
-3.13661e-06
-3.6048e-06
-3.98028e-06
-4.27568e-06
-4.50223e-06
-4.6711e-06
-4.79225e-06
-4.87436e-06
-4.92546e-06
-4.95158e-06
1.65665e-06
4.33083e-07
-5.59304e-07
-1.37371e-06
-2.04464e-06
-2.59597e-06
-3.04571e-06
-3.40863e-06
-3.69758e-06
-3.92443e-06
-4.09902e-06
-4.23067e-06
-4.32732e-06
-4.39599e-06
-4.44191e-06
2.10782e-06
9.37131e-07
-1.17824e-08
-7.89967e-07
-1.43191e-06
-1.96181e-06
-2.3977e-06
-2.75407e-06
-3.04314e-06
-3.27564e-06
-3.46089e-06
-3.60738e-06
-3.72217e-06
-3.81133e-06
-3.87943e-06
2.62933e-06
1.52608e-06
6.28548e-07
-1.10216e-07
-7.23241e-07
-1.23403e-06
-1.65992e-06
-2.01442e-06
-2.30861e-06
-2.55194e-06
-2.75245e-06
-2.91792e-06
-3.05458e-06
-3.16763e-06
-3.26101e-06
3.21036e-06
2.18972e-06
1.35184e-06
6.55838e-07
7.1968e-08
-4.21279e-07
-8.39621e-07
-1.19506e-06
-1.4973e-06
-1.75467e-06
-1.97422e-06
-2.16205e-06
-2.32353e-06
-2.46328e-06
-2.58491e-06
3.82981e-06
2.90505e-06
2.13421e-06
1.48413e-06
9.29892e-07
4.53127e-07
4.03818e-08
-3.18398e-07
-6.31104e-07
-9.04321e-07
-1.14394e-06
-1.35507e-06
-1.54249e-06
-1.71027e-06
-1.86176e-06
4.42492e-06
3.59884e-06
2.89621e-06
2.29186e-06
1.76635e-06
1.30503e-06
8.9701e-07
5.34049e-07
2.09687e-07
-8.13018e-08
-3.43255e-07
-5.80091e-07
-7.96014e-07
-9.94413e-07
-1.17809e-06
4.91273e-06
4.17228e-06
3.52892e-06
2.96424e-06
2.46367e-06
2.01605e-06
1.61289e-06
1.24759e-06
9.14785e-07
6.09819e-07
3.28416e-07
6.72506e-08
-1.75429e-07
-4.01815e-07
-6.14372e-07
5.27744e-06
4.60366e-06
4.00637e-06
3.47223e-06
2.99051e-06
2.55275e-06
2.15224e-06
1.7836e-06
1.44235e-06
1.12477e-06
8.27808e-07
5.49215e-07
2.86663e-07
3.82655e-08
-1.97863e-07
5.54369e-06
4.92196e-06
4.36097e-06
3.85113e-06
3.38459e-06
2.95491e-06
2.55675e-06
2.18573e-06
1.83821e-06
1.51121e-06
1.20225e-06
9.09192e-07
6.30166e-07
3.63555e-07
1.07807e-07
5.73593e-06
5.15492e-06
4.62286e-06
4.13272e-06
3.67866e-06
3.2557e-06
2.85956e-06
2.48665e-06
2.13396e-06
1.79904e-06
1.47977e-06
1.17433e-06
8.81236e-07
5.99175e-07
3.26854e-07
5.87342e-06
5.32448e-06
4.81552e-06
4.34126e-06
3.89728e-06
3.47966e-06
3.08491e-06
2.71011e-06
2.35277e-06
2.01085e-06
1.68259e-06
1.36659e-06
1.0616e-06
7.66521e-07
4.80286e-07
5.97091e-06
5.44744e-06
4.95693e-06
4.49539e-06
4.05942e-06
3.64588e-06
3.25194e-06
2.87522e-06
2.51369e-06
2.16567e-06
1.82968e-06
1.50472e-06
1.18969e-06
8.83673e-07
5.85769e-07
6.03954e-06
5.5365e-06
5.06081e-06
4.60948e-06
4.17988e-06
3.76945e-06
3.37589e-06
2.99729e-06
2.63203e-06
2.27878e-06
1.9362e-06
1.60359e-06
1.28001e-06
9.64715e-07
6.56972e-07
6.08762e-06
5.60116e-06
5.13751e-06
4.69448e-06
4.26999e-06
3.86194e-06
3.46849e-06
3.0881e-06
2.71946e-06
2.36145e-06
2.01344e-06
1.6743e-06
1.34339e-06
1.0202e-06
7.04122e-07
6.12123e-06
5.64846e-06
5.19475e-06
4.75855e-06
4.33819e-06
3.93198e-06
3.53846e-06
3.15642e-06
2.78485e-06
2.42286e-06
2.06985e-06
1.72501e-06
1.38783e-06
1.05791e-06
7.34742e-07
6.14484e-06
5.68353e-06
5.23814e-06
4.80764e-06
4.39067e-06
3.9859e-06
3.59219e-06
3.20861e-06
2.83438e-06
2.46891e-06
2.11154e-06
1.76177e-06
1.41919e-06
1.08348e-06
7.54249e-07
6.16164e-06
5.71006e-06
5.27174e-06
4.84604e-06
4.43188e-06
4.02824e-06
3.63428e-06
3.24931e-06
2.87274e-06
2.50411e-06
2.14293e-06
1.78887e-06
1.4416e-06
1.10089e-06
7.66427e-07
6.17388e-06
5.73065e-06
5.29839e-06
4.87678e-06
4.46497e-06
4.06225e-06
3.66799e-06
3.28172e-06
2.90307e-06
2.53164e-06
2.16712e-06
1.8093e-06
1.45793e-06
1.11286e-06
7.73849e-07
6.18309e-06
5.7471e-06
5.32007e-06
4.90196e-06
4.49214e-06
4.09015e-06
3.69558e-06
3.30813e-06
2.92759e-06
2.55367e-06
2.18621e-06
1.82507e-06
1.4701e-06
1.12121e-06
7.78223e-07
6.19028e-06
5.7606e-06
5.33811e-06
4.92302e-06
4.5149e-06
4.11351e-06
3.71862e-06
3.33009e-06
2.94784e-06
2.57171e-06
2.20163e-06
1.83755e-06
1.47939e-06
1.12714e-06
7.80661e-07
6.1961e-06
5.77194e-06
5.35342e-06
4.94093e-06
4.53426e-06
4.13336e-06
3.73815e-06
3.34863e-06
2.96486e-06
2.58674e-06
2.21433e-06
1.84763e-06
1.48666e-06
1.13143e-06
7.81874e-07
6.20095e-06
5.78162e-06
5.36654e-06
4.9563e-06
4.55088e-06
4.15039e-06
3.75484e-06
3.36444e-06
2.97929e-06
2.5994e-06
2.22491e-06
1.85591e-06
1.49244e-06
1.13459e-06
7.82313e-07
6.20513e-06
5.79004e-06
5.37796e-06
4.96967e-06
4.56531e-06
4.16514e-06
3.76925e-06
3.37808e-06
2.99168e-06
2.61021e-06
2.23387e-06
1.86282e-06
1.49714e-06
1.13695e-06
7.8225e-07
6.20898e-06
5.79782e-06
5.38852e-06
4.98203e-06
4.57863e-06
4.17868e-06
3.78254e-06
3.39059e-06
3.00299e-06
2.62003e-06
2.24195e-06
1.86898e-06
1.50122e-06
1.13882e-06
7.81822e-07
6.21258e-06
5.80534e-06
5.39871e-06
4.99396e-06
4.59149e-06
4.19183e-06
3.79535e-06
3.40259e-06
3.01383e-06
2.62939e-06
2.24956e-06
1.8746e-06
1.50478e-06
1.14029e-06
7.8121e-07
-1.19353e-05
-9.69664e-06
-8.31979e-06
-7.39567e-06
-6.65412e-06
-6.08162e-06
-5.63307e-06
-5.27752e-06
-4.99455e-06
-4.76823e-06
-4.58589e-06
-4.43714e-06
-4.3134e-06
-4.20809e-06
-4.11702e-06
-4.04011e-06
-3.98269e-06
-3.96005e-06
-3.99917e-06
-4.14451e-06
-4.45202e-06
-4.97645e-06
-5.66842e-06
-6.32189e-06
-6.78159e-06
-6.97111e-06
-6.85317e-06
-6.41619e-06
-5.66071e-06
-4.5945e-06
-3.23144e-06
-1.59301e-06
2.90468e-07
2.37936e-06
4.62546e-06
6.97349e-06
9.36229e-06
1.1725e-05
1.39863e-05
1.60559e-05
1.78084e-05
1.90805e-05
1.9502e-05
1.87537e-05
1.56264e-05
-1.032e-05
-9.1613e-06
-8.12008e-06
-7.29685e-06
-6.60089e-06
-6.04405e-06
-5.60117e-06
-5.24793e-06
-4.96629e-06
-4.74125e-06
-4.5604e-06
-4.41341e-06
-4.2917e-06
-4.18873e-06
-4.10034e-06
-4.02653e-06
-3.97265e-06
-3.95382e-06
-3.9966e-06
-4.14445e-06
-4.45175e-06
-4.97136e-06
-5.65381e-06
-6.29605e-06
-6.74565e-06
-6.92741e-06
-6.80427e-06
-6.36461e-06
-5.60917e-06
-4.54634e-06
-3.19114e-06
-1.5666e-06
2.94953e-07
2.35146e-06
4.5516e-06
6.83585e-06
9.13687e-06
1.13784e-05
1.34698e-05
1.52946e-05
1.66774e-05
1.73486e-05
1.67809e-05
1.4225e-05
8.71237e-06
-9.47286e-06
-8.74307e-06
-7.9126e-06
-7.18051e-06
-6.53521e-06
-6.00003e-06
-5.56611e-06
-5.21674e-06
-4.93705e-06
-4.71345e-06
-4.53408e-06
-4.38878e-06
-4.26907e-06
-4.16846e-06
-4.08289e-06
-4.0124e-06
-3.96239e-06
-3.94781e-06
-3.9947e-06
-4.14537e-06
-4.45237e-06
-4.96634e-06
-5.63761e-06
-6.26663e-06
-6.70432e-06
-6.87697e-06
-6.74797e-06
-6.30577e-06
-5.55148e-06
-4.49435e-06
-3.1509e-06
-1.54619e-06
2.84909e-07
2.29719e-06
4.43535e-06
6.63449e-06
8.81983e-06
1.09042e-05
1.2781e-05
1.431e-05
1.52879e-05
1.541e-05
1.42032e-05
1.11492e-05
6.1545e-06
-8.92997e-06
-8.40042e-06
-7.72958e-06
-7.07036e-06
-6.47346e-06
-5.96124e-06
-5.53682e-06
-5.1909e-06
-4.91223e-06
-4.68903e-06
-4.51014e-06
-4.36572e-06
-4.2474e-06
-4.14875e-06
-4.06578e-06
-3.9986e-06
-3.95259e-06
-3.94251e-06
-3.99376e-06
-4.14741e-06
-4.45395e-06
-4.96151e-06
-5.62008e-06
-6.23387e-06
-6.6575e-06
-6.81896e-06
-6.68231e-06
-6.23627e-06
-5.48259e-06
-4.4318e-06
-3.10242e-06
-1.52215e-06
2.70873e-07
2.22748e-06
4.28753e-06
6.37999e-06
8.42209e-06
1.03163e-05
1.19437e-05
1.3152e-05
1.37378e-05
1.34347e-05
1.19205e-05
8.95525e-06
4.79076e-06
-8.50628e-06
-8.09696e-06
-7.54965e-06
-6.97374e-06
-6.42176e-06
-5.93246e-06
-5.51755e-06
-5.17404e-06
-4.89487e-06
-4.67038e-06
-4.49043e-06
-4.3456e-06
-4.22768e-06
-4.13035e-06
-4.04965e-06
-3.98572e-06
-3.9439e-06
-3.93861e-06
-3.99459e-06
-4.15137e-06
-4.45716e-06
-4.95719e-06
-5.60108e-06
-6.19736e-06
-6.60483e-06
-6.75344e-06
-6.60815e-06
-6.1582e-06
-5.40632e-06
-4.36466e-06
-3.05417e-06
-1.5057e-06
2.38813e-07
2.1258e-06
4.08996e-06
6.05419e-06
7.92875e-06
9.60888e-06
1.09705e-05
1.18645e-05
1.21144e-05
1.15268e-05
9.93238e-06
7.28965e-06
3.87445e-06
-8.14835e-06
-7.82135e-06
-7.36961e-06
-6.87577e-06
-6.37668e-06
-5.91332e-06
-5.50957e-06
-5.16839e-06
-4.88766e-06
-4.66027e-06
-4.47749e-06
-4.33062e-06
-4.2118e-06
-4.11483e-06
-4.03584e-06
-3.97493e-06
-3.93737e-06
-3.93716e-06
-3.99815e-06
-4.15814e-06
-4.46268e-06
-4.95375e-06
-5.58053e-06
-6.15665e-06
-6.54566e-06
-6.6798e-06
-6.52522e-06
-6.07201e-06
-5.32418e-06
-4.29592e-06
-3.011e-06
-1.50384e-06
1.79536e-07
1.98101e-06
3.83037e-06
5.64553e-06
7.33226e-06
8.7836e-06
9.87934e-06
1.04884e-05
1.0476e-05
9.72662e-06
8.18475e-06
5.91731e-06
3.17774e-06
-7.8214e-06
-7.55756e-06
-7.19039e-06
-6.76469e-06
-6.32355e-06
-5.89653e-06
-5.50841e-06
-5.17273e-06
-4.89131e-06
-4.66045e-06
-4.47352e-06
-4.32309e-06
-4.20194e-06
-4.1042e-06
-4.02614e-06
-3.96786e-06
-3.93447e-06
-3.93946e-06
-4.00564e-06
-4.16872e-06
-4.47131e-06
-4.95161e-06
-5.55841e-06
-6.11132e-06
-6.47931e-06
-6.59727e-06
-6.43292e-06
-5.97755e-06
-5.23686e-06
-4.22748e-06
-2.97637e-06
-1.52177e-06
8.61561e-08
1.78505e-06
3.5008e-06
5.14837e-06
6.63284e-06
7.85125e-06
8.69606e-06
9.06273e-06
8.86237e-06
8.04399e-06
6.62125e-06
4.69942e-06
2.48478e-06
-7.50518e-06
-7.29144e-06
-6.9952e-06
-6.63902e-06
-6.25414e-06
-5.86804e-06
-5.50543e-06
-5.18135e-06
-4.90278e-06
-4.66989e-06
-4.47889e-06
-4.32419e-06
-4.19971e-06
-4.10022e-06
-4.02233e-06
-3.96624e-06
-3.93687e-06
-3.94709e-06
-4.01846e-06
-4.18432e-06
-4.48394e-06
-4.95126e-06
-5.53471e-06
-6.06099e-06
-6.40521e-06
-6.5053e-06
-6.33102e-06
-5.87528e-06
-5.14595e-06
-4.16242e-06
-2.95511e-06
-1.56606e-06
-4.92845e-08
1.52957e-06
3.09427e-06
4.5598e-06
5.83505e-06
6.82697e-06
7.44678e-06
7.61962e-06
7.29715e-06
6.47272e-06
5.19398e-06
3.56795e-06
1.7521e-06
-7.1895e-06
-7.01646e-06
-6.7786e-06
-6.4863e-06
-6.15911e-06
-5.8197e-06
-5.48963e-06
-5.18481e-06
-4.91503e-06
-4.684e-06
-4.49104e-06
-4.3329e-06
-4.20516e-06
-4.10366e-06
-4.02563e-06
-3.97151e-06
-3.94612e-06
-3.96159e-06
-4.03809e-06
-4.2062e-06
-4.50152e-06
-4.95322e-06
-5.50946e-06
-6.00534e-06
-6.32298e-06
-6.40378e-06
-6.22001e-06
-5.76676e-06
-5.05446e-06
-4.10556e-06
-2.95392e-06
-1.64505e-06
-2.35913e-07
1.2061e-06
2.60509e-06
3.8796e-06
4.94671e-06
5.72766e-06
6.15505e-06
6.18162e-06
5.78947e-06
4.99761e-06
3.86487e-06
2.48524e-06
9.75636e-07
-6.86784e-06
-6.72891e-06
-6.53939e-06
-6.3033e-06
-6.03198e-06
-5.7418e-06
-5.45015e-06
-5.172e-06
-4.9182e-06
-4.69493e-06
-4.50429e-06
-4.34552e-06
-4.2162e-06
-4.11363e-06
-4.03602e-06
-3.98425e-06
-3.96317e-06
-3.98411e-06
-4.06568e-06
-4.2354e-06
-4.52482e-06
-4.95789e-06
-5.48267e-06
-5.94424e-06
-6.23268e-06
-6.29333e-06
-6.10148e-06
-5.65496e-06
-4.96716e-06
-4.06363e-06
-2.98131e-06
-1.76838e-06
-4.83318e-07
8.06905e-07
2.02965e-06
3.11047e-06
3.978e-06
4.56992e-06
4.83941e-06
4.76142e-06
4.33781e-06
3.59931e-06
2.60335e-06
1.42678e-06
1.55639e-07
-6.5343e-06
-6.42509e-06
-6.27639e-06
-6.08917e-06
-5.86948e-06
-5.62816e-06
-5.37833e-06
-5.13274e-06
-4.9019e-06
-4.69318e-06
-4.5107e-06
-4.35591e-06
-4.22843e-06
-4.12725e-06
-4.05182e-06
-4.00371e-06
-3.9879e-06
-4.01492e-06
-4.10169e-06
-4.27237e-06
-4.55416e-06
-4.96543e-06
-5.45441e-06
-5.8779e-06
-6.13516e-06
-6.17583e-06
-5.97869e-06
-5.54489e-06
-4.89106e-06
-4.04553e-06
-3.04757e-06
-1.94663e-06
-8.0078e-07
3.25938e-07
1.36702e-06
2.2578e-06
2.94028e-06
3.36836e-06
3.51259e-06
3.36368e-06
2.93429e-06
2.25789e-06
1.38485e-06
3.75545e-07
-7.06735e-07
-6.18283e-06
-6.10049e-06
-5.98721e-06
-5.84268e-06
-5.66974e-06
-5.47518e-06
-5.2683e-06
-5.05917e-06
-4.85705e-06
-4.66944e-06
-4.50156e-06
-4.35651e-06
-4.23573e-06
-4.13985e-06
-4.06969e-06
-4.02763e-06
-4.01886e-06
-4.05311e-06
-4.14553e-06
-4.31667e-06
-4.58918e-06
-4.9757e-06
-5.42503e-06
-5.8074e-06
-6.03264e-06
-6.05512e-06
-5.85727e-06
-5.44416e-06
-4.83569e-06
-4.06232e-06
-3.16425e-06
-2.19043e-06
-1.19624e-06
-2.40317e-07
6.19317e-07
1.32932e-06
1.84519e-06
2.13503e-06
2.18245e-06
1.98792e-06
1.5685e-06
9.55437e-07
1.90246e-07
-6.80714e-07
-1.61078e-06
-5.80729e-06
-5.75005e-06
-5.66844e-06
-5.56173e-06
-5.43105e-06
-5.28039e-06
-5.11606e-06
-4.94557e-06
-4.7765e-06
-4.61569e-06
-4.46871e-06
-4.33964e-06
-4.23128e-06
-4.14572e-06
-4.08502e-06
-4.05241e-06
-4.05327e-06
-4.09655e-06
-4.19546e-06
-4.36691e-06
-4.62883e-06
-4.98833e-06
-5.39547e-06
-5.73519e-06
-5.92958e-06
-5.93777e-06
-5.74578e-06
-5.36326e-06
-4.81311e-06
-4.12665e-06
-3.34325e-06
-2.50919e-06
-1.67498e-06
-8.91786e-07
-2.07842e-07
3.35043e-07
7.04545e-07
8.80089e-07
8.5398e-07
6.31726e-07
2.30769e-07
-3.22129e-07
-9.9411e-07
-1.75015e-06
-2.55577e-06
-5.40143e-06
-5.36832e-06
-5.31592e-06
-5.2435e-06
-5.15134e-06
-5.04171e-06
-4.91875e-06
-4.78781e-06
-4.65478e-06
-4.52547e-06
-4.40513e-06
-4.29824e-06
-4.20844e-06
-4.13889e-06
-4.09266e-06
-4.07368e-06
-4.08745e-06
-4.14213e-06
-4.24882e-06
-4.42094e-06
-4.67158e-06
-5.00303e-06
-5.36752e-06
-5.66589e-06
-5.83358e-06
-5.83374e-06
-5.65593e-06
-5.31531e-06
-4.83711e-06
-4.25157e-06
-3.59513e-06
-2.90939e-06
-2.23813e-06
-1.62391e-06
-1.10493e-06
-7.12509e-07
-4.69097e-07
-3.86771e-07
-4.68334e-07
-7.0644e-07
-1.08545e-06
-1.58376e-06
-2.17615e-06
-2.83651e-06
-3.53939e-06
-4.95839e-06
-4.94923e-06
-4.9247e-06
-4.8843e-06
-4.82798e-06
-4.75702e-06
-4.67408e-06
-4.58292e-06
-4.48792e-06
-4.39377e-06
-4.30507e-06
-4.2262e-06
-4.1611e-06
-4.11356e-06
-4.0873e-06
-4.08672e-06
-4.11724e-06
-4.18618e-06
-4.3025e-06
-4.47642e-06
-4.71604e-06
-5.02027e-06
-5.34413e-06
-5.60693e-06
-5.75586e-06
-5.75548e-06
-5.60136e-06
-5.31499e-06
-4.92174e-06
-4.44853e-06
-3.92708e-06
-3.39272e-06
-2.88151e-06
-2.42715e-06
-2.05858e-06
-1.79827e-06
-1.66122e-06
-1.65481e-06
-1.77853e-06
-2.0252e-06
-2.38208e-06
-2.83256e-06
-3.35781e-06
-3.93862e-06
-4.55627e-06
-4.47066e-06
-4.48613e-06
-4.48927e-06
-4.47987e-06
-4.45787e-06
-4.42404e-06
-4.38015e-06
-4.32881e-06
-4.27324e-06
-4.2171e-06
-4.16423e-06
-4.11857e-06
-4.08399e-06
-4.06439e-06
-4.06382e-06
-4.08671e-06
-4.1383e-06
-4.22477e-06
-4.35339e-06
-4.53114e-06
-4.76211e-06
-5.04213e-06
-5.33165e-06
-5.56963e-06
-5.70872e-06
-5.71452e-06
-5.59699e-06
-5.37823e-06
-5.08046e-06
-4.72633e-06
-4.34194e-06
-3.95568e-06
-3.59577e-06
-3.28775e-06
-3.05275e-06
-2.90636e-06
-2.85825e-06
-2.91285e-06
-3.0688e-06
-3.31999e-06
-3.65662e-06
-4.06642e-06
-4.53574e-06
-5.05068e-06
-5.59759e-06
-3.93211e-06
-3.97363e-06
-4.00519e-06
-4.02685e-06
-4.03873e-06
-4.04143e-06
-4.03619e-06
-4.02488e-06
-4.00989e-06
-3.99402e-06
-3.98039e-06
-3.97235e-06
-3.97343e-06
-3.98729e-06
-4.01789e-06
-4.06938e-06
-4.14656e-06
-4.25441e-06
-4.39865e-06
-4.58359e-06
-4.81095e-06
-5.07522e-06
-5.34252e-06
-5.56176e-06
-5.69446e-06
-5.72367e-06
-5.65945e-06
-5.52021e-06
-5.32405e-06
-5.08973e-06
-4.83792e-06
-4.59031e-06
-4.36794e-06
-4.18949e-06
-4.07004e-06
-4.02012e-06
-4.04556e-06
-4.14956e-06
-4.33081e-06
-4.58464e-06
-4.90396e-06
-5.28008e-06
-5.70342e-06
-6.16412e-06
-6.65238e-06
-3.3404e-06
-3.41023e-06
-3.47182e-06
-3.52556e-06
-3.57183e-06
-3.61128e-06
-3.64491e-06
-3.67412e-06
-3.70073e-06
-3.7269e-06
-3.75513e-06
-3.78818e-06
-3.82907e-06
-3.88106e-06
-3.94761e-06
-4.03247e-06
-4.13958e-06
-4.27309e-06
-4.43685e-06
-4.63386e-06
-4.86417e-06
-5.12312e-06
-5.3788e-06
-5.58822e-06
-5.72988e-06
-5.79874e-06
-5.80085e-06
-5.74823e-06
-5.65472e-06
-5.53544e-06
-5.40634e-06
-5.28342e-06
-5.18168e-06
-5.11426e-06
-5.09162e-06
-5.12121e-06
-5.20768e-06
-5.35235e-06
-5.55417e-06
-5.81006e-06
-6.11535e-06
-6.46426e-06
-6.85032e-06
-7.26672e-06
-7.70656e-06
-2.69414e-06
-2.79532e-06
-2.88966e-06
-2.97768e-06
-3.06007e-06
-3.13761e-06
-3.21122e-06
-3.28206e-06
-3.35156e-06
-3.42142e-06
-3.49364e-06
-3.57045e-06
-3.65434e-06
-3.74802e-06
-3.85439e-06
-3.97653e-06
-4.11759e-06
-4.28073e-06
-4.46867e-06
-4.68327e-06
-4.92421e-06
-5.18718e-06
-5.4443e-06
-5.66216e-06
-5.83089e-06
-5.95039e-06
-6.0239e-06
-6.05828e-06
-6.06325e-06
-6.05013e-06
-6.03076e-06
-6.0166e-06
-6.01801e-06
-6.04383e-06
-6.10121e-06
-6.19576e-06
-6.33116e-06
-6.50822e-06
-6.72636e-06
-6.98385e-06
-7.27792e-06
-7.60498e-06
-7.96085e-06
-8.34102e-06
-8.74077e-06
-2.00267e-06
-2.13725e-06
-2.26647e-06
-2.39084e-06
-2.51117e-06
-2.62836e-06
-2.74335e-06
-2.85714e-06
-2.97088e-06
-3.08593e-06
-3.20387e-06
-3.32648e-06
-3.45573e-06
-3.59377e-06
-3.74287e-06
-3.90543e-06
-4.08384e-06
-4.28043e-06
-4.49715e-06
-4.73525e-06
-4.99455e-06
-5.27234e-06
-5.54626e-06
-5.79062e-06
-5.99986e-06
-6.17515e-06
-6.31865e-06
-6.43454e-06
-6.52916e-06
-6.61028e-06
-6.68609e-06
-6.76452e-06
-6.85264e-06
-6.9565e-06
-7.08073e-06
-7.22857e-06
-7.40269e-06
-7.6049e-06
-7.83564e-06
-8.09426e-06
-8.37932e-06
-8.68876e-06
-9.02011e-06
-9.37054e-06
-9.737e-06
-1.3523e-06
-1.52116e-06
-1.68565e-06
-1.84635e-06
-2.00416e-06
-2.16e-06
-2.31478e-06
-2.46937e-06
-2.62478e-06
-2.7821e-06
-2.94262e-06
-3.10777e-06
-3.27909e-06
-3.45829e-06
-3.64713e-06
-3.84746e-06
-4.0611e-06
-4.28984e-06
-4.53522e-06
-4.79839e-06
-5.07988e-06
-5.37932e-06
-5.67915e-06
-5.95701e-06
-6.20795e-06
-6.4334e-06
-6.63528e-06
-6.81664e-06
-6.98176e-06
-7.13585e-06
-7.2844e-06
-7.43272e-06
-7.58556e-06
-7.74691e-06
-7.92017e-06
-8.10829e-06
-8.31345e-06
-8.53688e-06
-8.77919e-06
-9.04043e-06
-9.32012e-06
-9.61732e-06
-9.93073e-06
-1.02587e-05
-1.05995e-05
-8.18175e-07
-1.01744e-06
-1.21325e-06
-1.40611e-06
-1.59682e-06
-1.78622e-06
-1.97513e-06
-2.16435e-06
-2.35473e-06
-2.54723e-06
-2.7429e-06
-2.94292e-06
-3.14857e-06
-3.36119e-06
-3.58223e-06
-3.81316e-06
-4.05549e-06
-4.31071e-06
-4.58026e-06
-4.86547e-06
-5.16758e-06
-5.48784e-06
-5.81102e-06
-6.11619e-06
-6.39875e-06
-6.66036e-06
-6.90298e-06
-7.12916e-06
-7.34212e-06
-7.54552e-06
-7.74315e-06
-7.9387e-06
-8.13554e-06
-8.33672e-06
-8.545e-06
-8.76264e-06
-8.99117e-06
-9.23156e-06
-9.48446e-06
-9.75022e-06
-1.00288e-05
-1.032e-05
-1.0623e-05
-1.09371e-05
-1.12613e-05
-4.26052e-07
-6.50212e-07
-8.7146e-07
-1.09032e-06
-1.30748e-06
-1.52368e-06
-1.73961e-06
-1.95597e-06
-2.17351e-06
-2.39304e-06
-2.61547e-06
-2.84177e-06
-3.07303e-06
-3.31037e-06
-3.55501e-06
-3.8082e-06
-4.07126e-06
-4.34555e-06
-4.63251e-06
-4.93362e-06
-5.25052e-06
-5.585e-06
-5.92319e-06
-6.24554e-06
-6.54796e-06
-6.83234e-06
-7.10065e-06
-7.35519e-06
-7.59853e-06
-7.8334e-06
-8.06262e-06
-8.28886e-06
-8.51466e-06
-8.74231e-06
-8.97382e-06
-9.21081e-06
-9.45469e-06
-9.70645e-06
-9.96678e-06
-1.02361e-05
-1.05147e-05
-1.08026e-05
-1.10994e-05
-1.14048e-05
-1.17182e-05
-1.408e-07
-3.85776e-07
-6.28156e-07
-8.6841e-07
-1.10715e-06
-1.34498e-06
-1.5825e-06
-1.82032e-06
-2.05905e-06
-2.29942e-06
-2.5422e-06
-2.78824e-06
-3.03846e-06
-3.29383e-06
-3.5554e-06
-3.82428e-06
-4.10167e-06
-4.38884e-06
-4.68721e-06
-4.99828e-06
-5.32379e-06
-5.66559e-06
-6.01099e-06
-6.3421e-06
-6.65546e-06
-6.95308e-06
-7.2369e-06
-7.50893e-06
-7.77131e-06
-8.02621e-06
-8.27577e-06
-8.52205e-06
-8.76697e-06
-9.01229e-06
-9.25954e-06
-9.51008e-06
-9.76512e-06
-1.00256e-05
-1.02921e-05
-1.05653e-05
-1.08454e-05
-1.11325e-05
-1.14267e-05
-1.17277e-05
-1.20352e-05
6.1064e-08
-2.01295e-07
-4.61155e-07
-7.18937e-07
-9.75164e-07
-1.23035e-06
-1.48499e-06
-1.73959e-06
-1.99471e-06
-2.25096e-06
-2.50902e-06
-2.76963e-06
-3.03358e-06
-3.30172e-06
-3.57501e-06
-3.85441e-06
-4.14104e-06
-4.43608e-06
-4.74088e-06
-5.05687e-06
-5.38574e-06
-5.72925e-06
-6.07591e-06
-6.40973e-06
-6.72784e-06
-7.03223e-06
-7.32468e-06
-7.60697e-06
-7.88091e-06
-8.14827e-06
-8.41078e-06
-8.67006e-06
-8.92765e-06
-9.18496e-06
-9.44325e-06
-9.70356e-06
-9.967e-06
-1.02344e-05
-1.05063e-05
-1.07834e-05
-1.10658e-05
-1.13539e-05
-1.16477e-05
-1.19472e-05
-1.22522e-05
2.00139e-07
-7.66238e-08
-3.50838e-07
-6.22879e-07
-8.93191e-07
-1.1622e-06
-1.43031e-06
-1.69796e-06
-1.96564e-06
-2.23387e-06
-2.50327e-06
-2.77446e-06
-3.04816e-06
-3.32512e-06
-3.60618e-06
-3.89223e-06
-4.18429e-06
-4.48344e-06
-4.79093e-06
-5.10809e-06
-5.4365e-06
-5.77779e-06
-6.12171e-06
-6.45423e-06
-6.773e-06
-7.07982e-06
-7.3763e-06
-7.66401e-06
-7.94451e-06
-8.21933e-06
-8.48987e-06
-8.75749e-06
-9.02342e-06
-9.28885e-06
-9.55482e-06
-9.82243e-06
-1.00924e-05
-1.03653e-05
-1.06419e-05
-1.09227e-05
-1.1208e-05
-1.1498e-05
-1.1793e-05
-1.20929e-05
-1.23977e-05
2.93634e-07
4.93298e-09
-2.81072e-07
-5.64716e-07
-8.46369e-07
-1.12638e-06
-1.40508e-06
-1.68285e-06
-1.96012e-06
-2.23736e-06
-2.51509e-06
-2.79389e-06
-3.07437e-06
-3.35723e-06
-3.6432e-06
-3.93311e-06
-4.22787e-06
-4.52846e-06
-4.83606e-06
-5.15185e-06
-5.47733e-06
-5.81393e-06
-6.15263e-06
-6.48137e-06
-6.79817e-06
-7.10459e-06
-7.40206e-06
-7.69199e-06
-7.97577e-06
-8.25472e-06
-8.53005e-06
-8.8029e-06
-9.07431e-06
-9.34526e-06
-9.6167e-06
-9.88963e-06
-1.01645e-05
-1.0442e-05
-1.07227e-05
-1.10071e-05
-1.12954e-05
-1.15881e-05
-1.18852e-05
-1.21869e-05
-1.24931e-05
3.54783e-07
5.61495e-08
-2.39578e-07
-5.32693e-07
-8.23501e-07
-1.11228e-06
-1.39931e-06
-1.68494e-06
-1.96953e-06
-2.25351e-06
-2.53734e-06
-2.82154e-06
-3.10666e-06
-3.39331e-06
-3.68218e-06
-3.97399e-06
-4.2696e-06
-4.56988e-06
-4.87591e-06
-5.18877e-06
-5.50983e-06
-5.84035e-06
-6.1725e-06
-6.49603e-06
-6.80926e-06
-7.11351e-06
-7.41005e-06
-7.70017e-06
-7.98513e-06
-8.26607e-06
-8.54404e-06
-8.82004e-06
-9.095e-06
-9.36975e-06
-9.64509e-06
-9.92191e-06
-1.02007e-05
-1.04819e-05
-1.07662e-05
-1.10539e-05
-1.13455e-05
-1.16411e-05
-1.1941e-05
-1.22452e-05
-1.25539e-05
3.93463e-07
8.65299e-08
-2.17249e-07
-5.1813e-07
-8.16357e-07
-1.11216e-06
-1.40578e-06
-1.69752e-06
-1.98772e-06
-2.27675e-06
-2.56504e-06
-2.85303e-06
-3.14125e-06
-3.43023e-06
-3.72061e-06
-4.01304e-06
-4.3083e-06
-4.60718e-06
-4.91067e-06
-5.21972e-06
-5.53562e-06
-5.85943e-06
-6.18444e-06
-6.50208e-06
-6.81089e-06
-7.11195e-06
-7.40643e-06
-7.69552e-06
-7.98035e-06
-8.26192e-06
-8.54116e-06
-8.81895e-06
-9.09613e-06
-9.37348e-06
-9.65161e-06
-9.93137e-06
-1.02132e-05
-1.04976e-05
-1.0785e-05
-1.10759e-05
-1.13705e-05
-1.16693e-05
-1.19722e-05
-1.22795e-05
-1.25913e-05
4.16915e-07
1.03007e-07
-2.07481e-07
-5.14769e-07
-8.1905e-07
-1.12051e-06
-1.41938e-06
-1.71593e-06
-2.01045e-06
-2.3033e-06
-2.59484e-06
-2.8855e-06
-3.17574e-06
-3.46607e-06
-3.75705e-06
-4.04928e-06
-4.34347e-06
-4.64034e-06
-4.94078e-06
-5.24565e-06
-5.55613e-06
-5.87311e-06
-6.19092e-06
-6.50248e-06
-6.8065e-06
-7.10388e-06
-7.39573e-06
-7.68312e-06
-7.96704e-06
-8.24841e-06
-8.52805e-06
-8.80676e-06
-9.08526e-06
-9.36422e-06
-9.64454e-06
-9.92659e-06
-1.02109e-05
-1.04979e-05
-1.0788e-05
-1.10818e-05
-1.13795e-05
-1.16813e-05
-1.19874e-05
-1.22981e-05
-1.26132e-05
4.30313e-07
1.105e-07
-2.05625e-07
-5.18245e-07
-8.27514e-07
-1.1336e-06
-1.4367e-06
-1.73706e-06
-2.03496e-06
-2.33071e-06
-2.62467e-06
-2.9172e-06
-3.20875e-06
-3.49976e-06
-3.79077e-06
-4.08233e-06
-4.37507e-06
-4.66964e-06
-4.96686e-06
-5.26748e-06
-5.5726e-06
-5.88294e-06
-6.19381e-06
-6.49941e-06
-6.7986e-06
-7.09219e-06
-7.38116e-06
-7.66652e-06
-7.94913e-06
-8.22982e-06
-8.50934e-06
-8.78841e-06
-9.0677e-06
-9.34783e-06
-9.62963e-06
-9.91347e-06
-1.01997e-05
-1.0489e-05
-1.07816e-05
-1.1078e-05
-1.13785e-05
-1.16832e-05
-1.19925e-05
-1.23065e-05
-1.26251e-05
4.37245e-07
1.1239e-07
-2.08514e-07
-5.25618e-07
-8.39044e-07
-1.14894e-06
-1.4555e-06
-1.75895e-06
-2.05953e-06
-2.35754e-06
-2.6533e-06
-2.94717e-06
-3.23954e-06
-3.53084e-06
-3.82155e-06
-4.11217e-06
-4.40329e-06
-4.69549e-06
-4.98952e-06
-5.28603e-06
-5.58605e-06
-5.89013e-06
-6.19447e-06
-6.49443e-06
-6.78898e-06
-7.07883e-06
-7.36493e-06
-7.64813e-06
-7.92924e-06
-8.209e-06
-8.4881e-06
-8.76721e-06
-9.04693e-06
-9.32783e-06
-9.61069e-06
-9.89597e-06
-1.01839e-05
-1.0475e-05
-1.07698e-05
-1.10686e-05
-1.13716e-05
-1.16792e-05
-1.19915e-05
-1.23086e-05
-1.26307e-05
4.40128e-07
1.1093e-07
-2.14066e-07
-5.3498e-07
-8.51916e-07
-1.16501e-06
-1.47444e-06
-1.78042e-06
-2.08317e-06
-2.38297e-06
-2.68012e-06
-2.97496e-06
-3.26784e-06
-3.55918e-06
-3.84941e-06
-4.13899e-06
-4.42845e-06
-4.71834e-06
-5.00932e-06
-5.30198e-06
-5.59724e-06
-5.89555e-06
-6.19388e-06
-6.48858e-06
-6.77878e-06
-7.06511e-06
-7.34843e-06
-7.62951e-06
-7.90907e-06
-8.18779e-06
-8.46631e-06
-8.74525e-06
-9.02514e-06
-9.30654e-06
-9.59024e-06
-9.87669e-06
-1.0166e-05
-1.04588e-05
-1.07554e-05
-1.10563e-05
-1.13616e-05
-1.16718e-05
-1.19868e-05
-1.2307e-05
-1.26323e-05
4.40546e-07
1.07576e-07
-2.20954e-07
-5.45141e-07
-8.65077e-07
-1.18089e-06
-1.49274e-06
-1.80082e-06
-2.10536e-06
-2.40661e-06
-2.70486e-06
-3.00041e-06
-3.29362e-06
-3.58485e-06
-3.87451e-06
-4.16303e-06
-4.4509e-06
-4.73861e-06
-5.02675e-06
-5.31585e-06
-5.60675e-06
-5.8998e-06
-6.19265e-06
-6.48254e-06
-6.76873e-06
-7.0518e-06
-7.33252e-06
-7.61157e-06
-7.88961e-06
-8.16727e-06
-8.44514e-06
-8.72383e-06
-9.00378e-06
-9.28537e-06
-9.56984e-06
-9.85723e-06
-1.01477e-05
-1.04418e-05
-1.07401e-05
-1.10428e-05
-1.13503e-05
-1.16627e-05
-1.19804e-05
-1.23033e-05
-1.26317e-05
4.39511e-07
1.03243e-07
-2.28364e-07
-5.55389e-07
-8.77914e-07
-1.19606e-06
-1.50998e-06
-1.81985e-06
-2.12589e-06
-2.42834e-06
-2.72747e-06
-3.02357e-06
-3.31697e-06
-3.60802e-06
-3.89709e-06
-4.18459e-06
-4.47096e-06
-4.75664e-06
-5.04219e-06
-5.32805e-06
-5.615e-06
-5.90328e-06
-6.19118e-06
-6.47671e-06
-6.75925e-06
-7.03934e-06
-7.31765e-06
-7.59482e-06
-7.87142e-06
-8.14806e-06
-8.42526e-06
-8.70364e-06
-8.98343e-06
-9.26524e-06
-9.5504e-06
-9.83847e-06
-1.01298e-05
-1.04252e-05
-1.07249e-05
-1.10292e-05
-1.13386e-05
-1.16531e-05
-1.1973e-05
-1.22985e-05
-1.26296e-05
4.37667e-07
9.85028e-08
-2.35798e-07
-5.65299e-07
-8.90076e-07
-1.21024e-06
-1.52594e-06
-1.83735e-06
-2.14466e-06
-2.44812e-06
-2.74797e-06
-3.04451e-06
-3.33802e-06
-3.62885e-06
-3.91735e-06
-4.20389e-06
-4.48887e-06
-4.77271e-06
-5.05591e-06
-5.33884e-06
-5.62223e-06
-5.90625e-06
-6.18969e-06
-6.47129e-06
-6.75054e-06
-7.02793e-06
-7.30406e-06
-7.5795e-06
-7.85477e-06
-8.13043e-06
-8.40698e-06
-8.68499e-06
-8.96452e-06
-9.24672e-06
-9.53229e-06
-9.82088e-06
-1.01131e-05
-1.04094e-05
-1.07104e-05
-1.10162e-05
-1.13271e-05
-1.16435e-05
-1.19655e-05
-1.22932e-05
-1.26268e-05
4.35416e-07
9.37081e-08
-2.4295e-07
-5.74614e-07
-9.01354e-07
-1.22327e-06
-1.54051e-06
-1.85324e-06
-2.16165e-06
-2.46596e-06
-2.76642e-06
-3.06329e-06
-3.35688e-06
-3.64748e-06
-3.93544e-06
-4.22109e-06
-4.50482e-06
-4.787e-06
-5.06808e-06
-5.34841e-06
-5.62863e-06
-5.90884e-06
-6.1883e-06
-6.46639e-06
-6.74271e-06
-7.01768e-06
-7.29185e-06
-7.56571e-06
-7.83977e-06
-8.11453e-06
-8.39046e-06
-8.66808e-06
-8.94746e-06
-9.2299e-06
-9.51571e-06
-9.80477e-06
-1.00977e-05
-1.03949e-05
-1.06969e-05
-1.10039e-05
-1.13163e-05
-1.16344e-05
-1.19582e-05
-1.22879e-05
-1.26237e-05
4.32955e-07
8.89926e-08
-2.49746e-07
-5.83313e-07
-9.11773e-07
-1.23523e-06
-1.55381e-06
-1.86768e-06
-2.17703e-06
-2.48207e-06
-2.78304e-06
-3.08019e-06
-3.37381e-06
-3.66419e-06
-3.95164e-06
-4.23649e-06
-4.51909e-06
-4.79978e-06
-5.07898e-06
-5.35698e-06
-5.63437e-06
-5.91117e-06
-6.18705e-06
-6.46198e-06
-6.73569e-06
-7.00851e-06
-7.28091e-06
-7.55336e-06
-7.82632e-06
-8.10026e-06
-8.37562e-06
-8.65286e-06
-8.93217e-06
-9.21466e-06
-9.50065e-06
-9.79013e-06
-1.00836e-05
-1.03816e-05
-1.06845e-05
-1.09926e-05
-1.13063e-05
-1.16257e-05
-1.19511e-05
-1.22826e-05
-1.26203e-05
4.30263e-07
8.41839e-08
-2.56501e-07
-5.91842e-07
-9.21901e-07
-1.24678e-06
-1.5666e-06
-1.88152e-06
-2.19173e-06
-2.49743e-06
-2.79885e-06
-3.09625e-06
-3.38988e-06
-3.68003e-06
-3.96699e-06
-4.25106e-06
-4.53258e-06
-4.81186e-06
-5.08928e-06
-5.36509e-06
-5.63983e-06
-5.91341e-06
-6.18588e-06
-6.45783e-06
-6.72908e-06
-6.99987e-06
-7.2706e-06
-7.54171e-06
-7.81362e-06
-8.08676e-06
-8.36157e-06
-8.63845e-06
-8.91763e-06
-9.20012e-06
-9.48629e-06
-9.77614e-06
-1.00701e-05
-1.03688e-05
-1.06726e-05
-1.09817e-05
-1.12964e-05
-1.16172e-05
-1.19441e-05
-1.22772e-05
-1.26168e-05
4.27543e-07
7.94427e-08
-2.63126e-07
-6.00201e-07
-9.31836e-07
-1.25812e-06
-1.57917e-06
-1.89514e-06
-2.20621e-06
-2.51257e-06
-2.81445e-06
-3.11208e-06
-3.40571e-06
-3.69561e-06
-3.98208e-06
-4.26538e-06
-4.54582e-06
-4.82368e-06
-5.0993e-06
-5.37292e-06
-5.64504e-06
-5.91552e-06
-6.18485e-06
-6.45397e-06
-6.72276e-06
-6.99147e-06
-7.26055e-06
-7.53032e-06
-7.80118e-06
-8.07352e-06
-8.34776e-06
-8.62427e-06
-8.90328e-06
-9.18576e-06
-9.47211e-06
-9.7623e-06
-1.00568e-05
-1.03561e-05
-1.06606e-05
-1.09708e-05
-1.12867e-05
-1.16088e-05
-1.19371e-05
-1.22719e-05
-1.26132e-05
-4.42261e-06
-9.95279e-06
-1.06576e-05
-1.10848e-05
-1.17225e-05
-1.24988e-05
-1.33817e-05
-1.43525e-05
-1.54014e-05
-1.65252e-05
-1.77243e-05
-1.90024e-05
-2.03666e-05
-2.18292e-05
-2.34092e-05
-1.891e-06
-7.13192e-06
-9.12302e-06
-1.0301e-05
-1.1303e-05
-1.22583e-05
-1.32365e-05
-1.42626e-05
-1.53451e-05
-1.64897e-05
-1.77015e-05
-1.89869e-05
-2.03545e-05
-2.18179e-05
-2.33965e-05
-3.84783e-07
-5.25965e-06
-7.9346e-06
-9.59887e-06
-1.08893e-05
-1.20135e-05
-1.30886e-05
-1.41719e-05
-1.52892e-05
-1.64551e-05
-1.76797e-05
-1.89721e-05
-2.03429e-05
-2.18066e-05
-2.33833e-05
1.74503e-07
-4.09201e-06
-6.99204e-06
-8.96526e-06
-1.04841e-05
-1.17653e-05
-1.29387e-05
-1.40817e-05
-1.52352e-05
-1.64229e-05
-1.76602e-05
-1.89593e-05
-2.03328e-05
-2.17961e-05
-2.33702e-05
3.03494e-07
-3.20728e-06
-6.10487e-06
-8.30082e-06
-1.00309e-05
-1.14758e-05
-1.27612e-05
-1.39756e-05
-1.51731e-05
-1.63871e-05
-1.76394e-05
-1.89462e-05
-2.03224e-05
-2.17851e-05
-2.33558e-05
3.0501e-07
-2.61288e-06
-5.32832e-06
-7.62013e-06
-9.51889e-06
-1.11241e-05
-1.25348e-05
-1.38362e-05
-1.50904e-05
-1.63393e-05
-1.76119e-05
-1.89292e-05
-2.03095e-05
-2.17718e-05
-2.33388e-05
1.58494e-07
-2.28285e-06
-4.73443e-06
-6.99343e-06
-8.98254e-06
-1.07168e-05
-1.22506e-05
-1.36497e-05
-1.49736e-05
-1.62686e-05
-1.75695e-05
-1.89026e-05
-2.02899e-05
-2.17532e-05
-2.33167e-05
-1.53626e-07
-2.20082e-06
-4.36316e-06
-6.49263e-06
-8.48169e-06
-1.02881e-05
-1.19199e-05
-1.34131e-05
-1.48134e-05
-1.61643e-05
-1.75025e-05
-1.88583e-05
-2.02574e-05
-2.17243e-05
-2.32853e-05
-6.08062e-07
-2.33442e-06
-4.21816e-06
-6.16418e-06
-8.07627e-06
-9.88845e-06
-1.15744e-05
-1.31402e-05
-1.46113e-05
-1.60209e-05
-1.74028e-05
-1.87879e-05
-2.02039e-05
-2.16782e-05
-2.32388e-05
-1.17858e-06
-2.64582e-06
-4.27944e-06
-6.02373e-06
-7.80769e-06
-9.56594e-06
-1.12552e-05
-1.28586e-05
-1.43814e-05
-1.58426e-05
-1.7268e-05
-1.86854e-05
-2.01224e-05
-2.16073e-05
-2.31696e-05
-1.84417e-06
-3.10134e-06
-4.51806e-06
-6.0645e-06
-7.69426e-06
-9.35464e-06
-1.1e-05
-1.2601e-05
-1.41468e-05
-1.56423e-05
-1.71028e-05
-1.85499e-05
-2.00084e-05
-2.15053e-05
-2.30703e-05
-2.58997e-06
-3.67505e-06
-4.90608e-06
-6.26911e-06
-7.73682e-06
-9.27218e-06
-1.08362e-05
-1.23965e-05
-1.39328e-05
-1.54382e-05
-1.69179e-05
-1.83856e-05
-1.98608e-05
-2.13676e-05
-2.29339e-05
-3.40555e-06
-4.34801e-06
-5.42038e-06
-6.61807e-06
-7.92691e-06
-9.32383e-06
-1.07802e-05
-1.22672e-05
-1.37616e-05
-1.52493e-05
-1.67268e-05
-1.81999e-05
-1.96817e-05
-2.11918e-05
-2.27547e-05
-4.28206e-06
-5.10517e-06
-6.04185e-06
-7.09268e-06
-8.25188e-06
-9.50697e-06
-1.08396e-05
-1.22281e-05
-1.36514e-05
-1.50929e-05
-1.65434e-05
-1.80018e-05
-1.9475e-05
-2.09769e-05
-2.25275e-05
-5.20968e-06
-5.93239e-06
-6.75295e-06
-7.6746e-06
-8.69647e-06
-9.81328e-06
-1.10151e-05
-1.2288e-05
-1.36161e-05
-1.49843e-05
-1.63811e-05
-1.78012e-05
-1.92459e-05
-2.07232e-05
-2.22479e-05
-6.1764e-06
-6.81446e-06
-7.53577e-06
-8.34462e-06
-9.24277e-06
-1.02293e-05
-1.13004e-05
-1.24486e-05
-1.3664e-05
-1.49356e-05
-1.62529e-05
-1.76089e-05
-1.90011e-05
-2.04329e-05
-2.19133e-05
-7.16878e-06
-7.73534e-06
-8.3718e-06
-9.08259e-06
-9.87061e-06
-1.07373e-05
-1.16825e-05
-1.27038e-05
-1.37963e-05
-1.49538e-05
-1.61689e-05
-1.74354e-05
-1.87495e-05
-2.01111e-05
-2.15244e-05
-8.1708e-06
-8.67693e-06
-9.24084e-06
-9.86657e-06
-1.05573e-05
-1.13154e-05
-1.21428e-05
-1.304e-05
-1.40061e-05
-1.50388e-05
-1.61345e-05
-1.72894e-05
-1.85003e-05
-1.97659e-05
-2.10868e-05
-9.1613e-06
-9.61631e-06
-1.01182e-05
-1.06703e-05
-1.12755e-05
-1.19364e-05
-1.26557e-05
-1.34355e-05
-1.42772e-05
-1.51813e-05
-1.61475e-05
-1.71748e-05
-1.82619e-05
-1.94078e-05
-2.06116e-05
-1.01207e-05
-1.05322e-05
-1.09805e-05
-1.14685e-05
-1.19985e-05
-1.25729e-05
-1.31944e-05
-1.38656e-05
-1.4589e-05
-1.53668e-05
-1.62008e-05
-1.70923e-05
-1.8042e-05
-1.90503e-05
-2.01169e-05
-1.09546e-05
-1.13318e-05
-1.17379e-05
-1.21745e-05
-1.26437e-05
-1.31473e-05
-1.36877e-05
-1.42676e-05
-1.48895e-05
-1.55562e-05
-1.62705e-05
-1.70349e-05
-1.78519e-05
-1.87233e-05
-1.96502e-05
-1.1597e-05
-1.19502e-05
-1.23256e-05
-1.27247e-05
-1.3149e-05
-1.36001e-05
-1.40802e-05
-1.45913e-05
-1.5136e-05
-1.57171e-05
-1.63374e-05
-1.70002e-05
-1.77084e-05
-1.84653e-05
-1.92732e-05
-1.20411e-05
-1.23782e-05
-1.27333e-05
-1.31072e-05
-1.35012e-05
-1.39168e-05
-1.43557e-05
-1.48197e-05
-1.53111e-05
-1.58323e-05
-1.63861e-05
-1.69758e-05
-1.76046e-05
-1.82762e-05
-1.89939e-05
-1.23507e-05
-1.26781e-05
-1.30201e-05
-1.33776e-05
-1.37516e-05
-1.41434e-05
-1.45544e-05
-1.49861e-05
-1.54405e-05
-1.59199e-05
-1.64267e-05
-1.69641e-05
-1.75352e-05
-1.81437e-05
-1.87934e-05
-1.2564e-05
-1.2886e-05
-1.32203e-05
-1.35676e-05
-1.39288e-05
-1.43051e-05
-1.46975e-05
-1.51075e-05
-1.55367e-05
-1.59871e-05
-1.6461e-05
-1.69612e-05
-1.74906e-05
-1.80528e-05
-1.86515e-05
-1.27086e-05
-1.30283e-05
-1.33587e-05
-1.37003e-05
-1.4054e-05
-1.44207e-05
-1.48013e-05
-1.51972e-05
-1.56096e-05
-1.60403e-05
-1.64914e-05
-1.69653e-05
-1.74647e-05
-1.79927e-05
-1.85529e-05
-1.28049e-05
-1.31246e-05
-1.34538e-05
-1.3793e-05
-1.4143e-05
-1.45043e-05
-1.4878e-05
-1.52651e-05
-1.56666e-05
-1.60843e-05
-1.65197e-05
-1.69749e-05
-1.74525e-05
-1.79551e-05
-1.84858e-05
-1.28679e-05
-1.31892e-05
-1.35191e-05
-1.38582e-05
-1.42069e-05
-1.4566e-05
-1.49361e-05
-1.5318e-05
-1.57129e-05
-1.61219e-05
-1.65466e-05
-1.69886e-05
-1.74501e-05
-1.79335e-05
-1.84414e-05
-1.29083e-05
-1.32322e-05
-1.35641e-05
-1.39045e-05
-1.42538e-05
-1.46125e-05
-1.49812e-05
-1.53606e-05
-1.57516e-05
-1.61552e-05
-1.65725e-05
-1.70051e-05
-1.74546e-05
-1.79232e-05
-1.84128e-05
-1.29336e-05
-1.32607e-05
-1.35954e-05
-1.39379e-05
-1.42889e-05
-1.46485e-05
-1.50174e-05
-1.53959e-05
-1.57849e-05
-1.6185e-05
-1.65973e-05
-1.7023e-05
-1.74635e-05
-1.79203e-05
-1.83953e-05
-1.29491e-05
-1.32796e-05
-1.36174e-05
-1.39627e-05
-1.43159e-05
-1.46772e-05
-1.5047e-05
-1.54258e-05
-1.58139e-05
-1.6212e-05
-1.66209e-05
-1.70415e-05
-1.74748e-05
-1.79222e-05
-1.83851e-05
-1.29582e-05
-1.32922e-05
-1.36332e-05
-1.39814e-05
-1.43372e-05
-1.47006e-05
-1.50719e-05
-1.54514e-05
-1.58394e-05
-1.62364e-05
-1.66429e-05
-1.70596e-05
-1.74873e-05
-1.7927e-05
-1.83796e-05
-1.29633e-05
-1.33006e-05
-1.36447e-05
-1.39959e-05
-1.43543e-05
-1.472e-05
-1.5093e-05
-1.54736e-05
-1.5862e-05
-1.62584e-05
-1.66632e-05
-1.70769e-05
-1.74999e-05
-1.79331e-05
-1.83771e-05
-1.29657e-05
-1.33062e-05
-1.36534e-05
-1.40074e-05
-1.43683e-05
-1.47362e-05
-1.51111e-05
-1.54929e-05
-1.58819e-05
-1.62781e-05
-1.66816e-05
-1.70929e-05
-1.75121e-05
-1.79398e-05
-1.83763e-05
-1.29666e-05
-1.33099e-05
-1.36599e-05
-1.40166e-05
-1.438e-05
-1.475e-05
-1.51266e-05
-1.55097e-05
-1.58994e-05
-1.62955e-05
-1.66982e-05
-1.71074e-05
-1.75234e-05
-1.79464e-05
-1.83765e-05
-1.29664e-05
-1.33124e-05
-1.36649e-05
-1.40241e-05
-1.43897e-05
-1.47617e-05
-1.51399e-05
-1.55243e-05
-1.59147e-05
-1.63109e-05
-1.67128e-05
-1.71205e-05
-1.75337e-05
-1.79526e-05
-1.83771e-05
-1.29656e-05
-1.3314e-05
-1.36688e-05
-1.40301e-05
-1.43977e-05
-1.47716e-05
-1.51514e-05
-1.55369e-05
-1.5928e-05
-1.63243e-05
-1.67257e-05
-1.7132e-05
-1.75428e-05
-1.79583e-05
-1.83778e-05
-1.29644e-05
-1.33149e-05
-1.36718e-05
-1.40351e-05
-1.44046e-05
-1.47801e-05
-1.51613e-05
-1.55479e-05
-1.59396e-05
-1.63362e-05
-1.67371e-05
-1.71422e-05
-1.7551e-05
-1.79634e-05
-1.83786e-05
-1.29628e-05
-1.33153e-05
-1.36742e-05
-1.40394e-05
-1.44107e-05
-1.47877e-05
-1.51703e-05
-1.5558e-05
-1.59504e-05
-1.63471e-05
-1.67477e-05
-1.71517e-05
-1.75587e-05
-1.79682e-05
-1.83794e-05
-1.29611e-05
-1.33155e-05
-1.36762e-05
-1.40432e-05
-1.44161e-05
-1.47947e-05
-1.51785e-05
-1.55673e-05
-1.59604e-05
-1.63573e-05
-1.67576e-05
-1.71607e-05
-1.75658e-05
-1.79726e-05
-1.83801e-05
-4.18183e-06
-4.18148e-06
-4.18531e-06
-4.19262e-06
-4.20277e-06
-4.2151e-06
-4.22935e-06
-4.24535e-06
-4.26304e-06
-4.28245e-06
-4.30368e-06
-4.32689e-06
-4.35219e-06
-4.37968e-06
-4.40933e-06
-4.441e-06
-4.47437e-06
-4.50881e-06
-4.54334e-06
-4.57639e-06
-4.60577e-06
-4.62861e-06
-4.63913e-06
-4.63047e-06
-4.59726e-06
-4.53456e-06
-4.43792e-06
-4.30433e-06
-4.1334e-06
-3.92798e-06
-3.6898e-06
-3.42437e-06
-3.14882e-06
-2.87929e-06
-2.63159e-06
-2.41999e-06
-2.25697e-06
-2.15041e-06
-2.10122e-06
-2.10292e-06
-2.14258e-06
-2.2032e-06
-2.2684e-06
-2.3164e-06
-2.33629e-06
-4.17639e-06
-4.17675e-06
-4.17989e-06
-4.1852e-06
-4.19221e-06
-4.20087e-06
-4.21095e-06
-4.22233e-06
-4.235e-06
-4.249e-06
-4.26442e-06
-4.28133e-06
-4.29986e-06
-4.32007e-06
-4.34204e-06
-4.36573e-06
-4.39098e-06
-4.41743e-06
-4.44433e-06
-4.47042e-06
-4.49369e-06
-4.5111e-06
-4.51684e-06
-4.50482e-06
-4.47042e-06
-4.40925e-06
-4.31747e-06
-4.19261e-06
-4.03407e-06
-3.84327e-06
-3.6249e-06
-3.39051e-06
-3.15057e-06
-2.91599e-06
-2.70053e-06
-2.51852e-06
-2.3805e-06
-2.29127e-06
-2.24945e-06
-2.24784e-06
-2.27498e-06
-2.31766e-06
-2.36346e-06
-2.40261e-06
-2.4289e-06
-4.16263e-06
-4.16538e-06
-4.16948e-06
-4.17487e-06
-4.1814e-06
-4.18895e-06
-4.19744e-06
-4.20685e-06
-4.2172e-06
-4.22856e-06
-4.24105e-06
-4.25479e-06
-4.26994e-06
-4.28666e-06
-4.30517e-06
-4.32565e-06
-4.34833e-06
-4.37336e-06
-4.40079e-06
-4.43032e-06
-4.46118e-06
-4.49143e-06
-4.51537e-06
-4.52571e-06
-4.51609e-06
-4.48009e-06
-4.41179e-06
-4.30694e-06
-4.16375e-06
-3.98332e-06
-3.76956e-06
-3.53241e-06
-3.28427e-06
-3.03935e-06
-2.81307e-06
-2.61999e-06
-2.47137e-06
-2.37315e-06
-2.32486e-06
-2.31995e-06
-2.34737e-06
-2.39396e-06
-2.44714e-06
-2.4991e-06
-2.54889e-06
-4.14466e-06
-4.15047e-06
-4.15615e-06
-4.16211e-06
-4.16858e-06
-4.1755e-06
-4.18288e-06
-4.19079e-06
-4.19933e-06
-4.20863e-06
-4.21888e-06
-4.23026e-06
-4.24307e-06
-4.25763e-06
-4.27442e-06
-4.29403e-06
-4.3173e-06
-4.3453e-06
-4.37934e-06
-4.42083e-06
-4.47109e-06
-4.53014e-06
-4.59181e-06
-4.64527e-06
-4.68041e-06
-4.687e-06
-4.65536e-06
-4.57899e-06
-4.4549e-06
-4.28383e-06
-4.07064e-06
-3.8242e-06
-3.55806e-06
-3.28827e-06
-3.03245e-06
-2.80771e-06
-2.62822e-06
-2.50289e-06
-2.4338e-06
-2.41607e-06
-2.43923e-06
-2.4894e-06
-2.55238e-06
-2.61998e-06
-2.69327e-06
-4.12582e-06
-4.13503e-06
-4.14248e-06
-4.14931e-06
-4.15608e-06
-4.16283e-06
-4.16963e-06
-4.17662e-06
-4.18399e-06
-4.19194e-06
-4.20073e-06
-4.21067e-06
-4.22217e-06
-4.23581e-06
-4.25239e-06
-4.27309e-06
-4.29955e-06
-4.33409e-06
-4.37981e-06
-4.44052e-06
-4.52046e-06
-4.62258e-06
-4.73983e-06
-4.85533e-06
-4.95308e-06
-5.01723e-06
-5.0333e-06
-4.9939e-06
-4.89559e-06
-4.73829e-06
-4.52544e-06
-4.26688e-06
-3.97607e-06
-3.67055e-06
-3.37036e-06
-3.09611e-06
-2.86635e-06
-2.69484e-06
-2.58809e-06
-2.54439e-06
-2.55448e-06
-2.60349e-06
-2.6746e-06
-2.75799e-06
-2.85531e-06
-4.10897e-06
-4.12116e-06
-4.13037e-06
-4.13821e-06
-4.14552e-06
-4.15242e-06
-4.15905e-06
-4.16561e-06
-4.17237e-06
-4.17961e-06
-4.18764e-06
-4.19692e-06
-4.208e-06
-4.22173e-06
-4.23931e-06
-4.26254e-06
-4.29406e-06
-4.33768e-06
-4.39864e-06
-4.48371e-06
-4.6007e-06
-4.75623e-06
-4.94207e-06
-5.13262e-06
-5.30364e-06
-5.43267e-06
-5.5049e-06
-5.51102e-06
-5.4449e-06
-5.3081e-06
-5.09927e-06
-4.82901e-06
-4.51154e-06
-4.16529e-06
-3.81228e-06
-3.47663e-06
-3.18208e-06
-2.94858e-06
-2.78884e-06
-2.70594e-06
-2.6929e-06
-2.73419e-06
-2.80997e-06
-2.90804e-06
-3.03019e-06
-4.09564e-06
-4.11046e-06
-4.1213e-06
-4.13015e-06
-4.13811e-06
-4.14535e-06
-4.15205e-06
-4.15849e-06
-4.16499e-06
-4.17189e-06
-4.17961e-06
-4.18868e-06
-4.19984e-06
-4.21418e-06
-4.2333e-06
-4.25967e-06
-4.29698e-06
-4.35064e-06
-4.42828e-06
-4.53994e-06
-4.69737e-06
-4.91122e-06
-5.17187e-06
-5.4426e-06
-5.68989e-06
-5.89062e-06
-6.02895e-06
-6.08838e-06
-6.05876e-06
-5.9376e-06
-5.73409e-06
-5.45565e-06
-5.11505e-06
-4.73032e-06
-4.32438e-06
-3.92413e-06
-3.55819e-06
-3.25322e-06
-3.02933e-06
-2.89599e-06
-2.85001e-06
-2.8762e-06
-2.95195e-06
-3.06259e-06
-3.20978e-06
-4.08694e-06
-4.10402e-06
-4.1163e-06
-4.12611e-06
-4.13475e-06
-4.1424e-06
-4.14929e-06
-4.15576e-06
-4.16217e-06
-4.16891e-06
-4.17648e-06
-4.18548e-06
-4.1968e-06
-4.21174e-06
-4.23232e-06
-4.26161e-06
-4.30433e-06
-4.3675e-06
-4.4612e-06
-4.59892e-06
-4.79654e-06
-5.06869e-06
-5.40505e-06
-5.75741e-06
-6.08391e-06
-6.35596e-06
-6.55073e-06
-6.65291e-06
-6.65558e-06
-6.55734e-06
-6.36413e-06
-6.08321e-06
-5.72654e-06
-5.31108e-06
-4.85944e-06
-4.39984e-06
-3.9646e-06
-3.58649e-06
-3.2934e-06
-3.10234e-06
-3.01556e-06
-3.01966e-06
-3.09029e-06
-3.2106e-06
-3.38201e-06
-4.08346e-06
-4.10246e-06
-4.11601e-06
-4.12672e-06
-4.13601e-06
-4.14408e-06
-4.15118e-06
-4.15768e-06
-4.164e-06
-4.17056e-06
-4.17788e-06
-4.18667e-06
-4.19789e-06
-4.21306e-06
-4.23449e-06
-4.26583e-06
-4.31274e-06
-4.38374e-06
-4.49131e-06
-4.65248e-06
-4.88725e-06
-5.21323e-06
-5.621e-06
-6.04953e-06
-6.44762e-06
-6.78097e-06
-7.02472e-06
-7.1648e-06
-7.196e-06
-7.11777e-06
-6.93547e-06
-6.6562e-06
-6.29077e-06
-5.85443e-06
-5.36831e-06
-4.86037e-06
-4.36477e-06
-3.91893e-06
-3.55802e-06
-3.30689e-06
-3.17455e-06
-3.15107e-06
-3.21173e-06
-3.33828e-06
-3.53202e-06
-4.0854e-06
-4.1061e-06
-4.12079e-06
-4.13231e-06
-4.14219e-06
-4.15062e-06
-4.15786e-06
-4.16431e-06
-4.17039e-06
-4.17656e-06
-4.18337e-06
-4.19157e-06
-4.20219e-06
-4.21688e-06
-4.23822e-06
-4.27033e-06
-4.31967e-06
-4.39615e-06
-4.51443e-06
-4.6951e-06
-4.96226e-06
-5.33479e-06
-5.80627e-06
-6.30191e-06
-6.76092e-06
-7.14477e-06
-7.42791e-06
-7.59739e-06
-7.64961e-06
-7.58614e-06
-7.41281e-06
-7.13685e-06
-6.76799e-06
-6.31953e-06
-5.81037e-06
-5.26684e-06
-4.72316e-06
-4.21947e-06
-3.79713e-06
-3.4881e-06
-3.3088e-06
-3.25426e-06
-3.3009e-06
-3.43011e-06
-3.64341e-06
-4.09276e-06
-4.11503e-06
-4.13077e-06
-4.14304e-06
-4.15344e-06
-4.16212e-06
-4.16936e-06
-4.17555e-06
-4.18114e-06
-4.18659e-06
-4.19248e-06
-4.19954e-06
-4.20888e-06
-4.22223e-06
-4.24234e-06
-4.27371e-06
-4.3235e-06
-4.40281e-06
-4.52818e-06
-4.7234e-06
-5.01638e-06
-5.43022e-06
-5.95476e-06
-6.507e-06
-7.01553e-06
-7.4386e-06
-7.75031e-06
-7.9393e-06
-8.00421e-06
-7.94909e-06
-7.78087e-06
-7.50725e-06
-7.1372e-06
-6.6822e-06
-6.15869e-06
-5.59063e-06
-5.01081e-06
-4.46019e-06
-3.98575e-06
-3.62402e-06
-3.39902e-06
-3.31185e-06
-3.34145e-06
-3.46989e-06
-3.69942e-06
-4.10539e-06
-4.12922e-06
-4.14597e-06
-4.15895e-06
-4.16977e-06
-4.17858e-06
-4.18562e-06
-4.19128e-06
-4.19603e-06
-4.20034e-06
-4.20476e-06
-4.21005e-06
-4.21733e-06
-4.22836e-06
-4.24605e-06
-4.27516e-06
-4.32343e-06
-4.40296e-06
-4.53196e-06
-4.73655e-06
-5.04826e-06
-5.49822e-06
-6.06647e-06
-6.66397e-06
-7.21099e-06
-7.66254e-06
-7.99271e-06
-8.19201e-06
-8.26165e-06
-8.20814e-06
-8.03994e-06
-7.76548e-06
-7.39332e-06
-6.93349e-06
-6.4002e-06
-5.81487e-06
-5.20787e-06
-4.61918e-06
-4.10277e-06
-3.69484e-06
-3.42674e-06
-3.30678e-06
-3.31728e-06
-3.4418e-06
-3.68404e-06
-4.12317e-06
-4.14863e-06
-4.16641e-06
-4.18005e-06
-4.19121e-06
-4.19997e-06
-4.20656e-06
-4.21137e-06
-4.21486e-06
-4.21751e-06
-4.21987e-06
-4.22269e-06
-4.22707e-06
-4.23482e-06
-4.24891e-06
-4.27433e-06
-4.31925e-06
-4.39668e-06
-4.52627e-06
-4.73566e-06
-5.06155e-06
-5.53943e-06
-6.14304e-06
-6.77618e-06
-7.35204e-06
-7.82283e-06
-8.16286e-06
-8.36465e-06
-8.43197e-06
-8.37365e-06
-8.1998e-06
-7.9197e-06
-7.54186e-06
-7.07535e-06
-6.53265e-06
-5.93299e-06
-5.3043e-06
-4.68332e-06
-4.13051e-06
-3.68342e-06
-3.37549e-06
-3.22341e-06
-3.2135e-06
-3.33134e-06
-3.58282e-06
-4.14599e-06
-4.17323e-06
-4.19208e-06
-4.20636e-06
-4.21776e-06
-4.22628e-06
-4.23211e-06
-4.23569e-06
-4.23745e-06
-4.23788e-06
-4.23754e-06
-4.23715e-06
-4.23782e-06
-4.24134e-06
-4.25076e-06
-4.27122e-06
-4.31124e-06
-4.38459e-06
-4.51224e-06
-4.72372e-06
-5.05917e-06
-5.55669e-06
-6.18842e-06
-6.84953e-06
-7.44625e-06
-7.92879e-06
-8.27182e-06
-8.46976e-06
-8.52877e-06
-8.45979e-06
-8.27443e-06
-7.98288e-06
-7.59387e-06
-7.11594e-06
-6.56046e-06
-5.945e-06
-5.29598e-06
-4.64844e-06
-4.0582e-06
-3.57529e-06
-3.23138e-06
-3.04849e-06
-3.01734e-06
-3.12602e-06
-3.38349e-06
-4.17383e-06
-4.20307e-06
-4.22308e-06
-4.23797e-06
-4.24947e-06
-4.25751e-06
-4.26226e-06
-4.26415e-06
-4.26366e-06
-4.26127e-06
-4.25755e-06
-4.25324e-06
-4.2494e-06
-4.24785e-06
-4.25165e-06
-4.26606e-06
-4.29992e-06
-4.36761e-06
-4.49134e-06
-4.70266e-06
-5.04347e-06
-5.55449e-06
-6.20859e-06
-6.89102e-06
-7.50216e-06
-7.99064e-06
-8.33142e-06
-8.52044e-06
-8.56617e-06
-8.48126e-06
-8.2786e-06
-7.96922e-06
-7.56231e-06
-7.0661e-06
-6.4916e-06
-5.85532e-06
-5.18284e-06
-4.50956e-06
-3.88139e-06
-3.36298e-06
-2.98517e-06
-2.77198e-06
-2.71857e-06
-2.81565e-06
-3.07615e-06
-4.20678e-06
-4.23828e-06
-4.25954e-06
-4.275e-06
-4.28645e-06
-4.29372e-06
-4.29699e-06
-4.2967e-06
-4.29336e-06
-4.28752e-06
-4.27976e-06
-4.27082e-06
-4.26174e-06
-4.25435e-06
-4.25175e-06
-4.25926e-06
-4.28597e-06
-4.34682e-06
-4.46505e-06
-4.67401e-06
-5.01723e-06
-5.53792e-06
-6.20937e-06
-6.90767e-06
-7.52827e-06
-8.01798e-06
-8.35226e-06
-8.52868e-06
-8.55707e-06
-8.45152e-06
-8.22597e-06
-7.89215e-06
-7.4596e-06
-6.93706e-06
-6.33541e-06
-5.67086e-06
-4.96825e-06
-4.26427e-06
-3.59923e-06
-3.04237e-06
-2.63047e-06
-2.38634e-06
-2.3094e-06
-2.39239e-06
-2.65328e-06
-4.24504e-06
-4.2791e-06
-4.30171e-06
-4.31769e-06
-4.32887e-06
-4.33502e-06
-4.33632e-06
-4.33328e-06
-4.32646e-06
-4.31648e-06
-4.304e-06
-4.28979e-06
-4.2748e-06
-4.26093e-06
-4.25131e-06
-4.25127e-06
-4.27015e-06
-4.32332e-06
-4.43495e-06
-4.63992e-06
-4.98352e-06
-5.51105e-06
-6.19561e-06
-6.90554e-06
-7.53176e-06
-8.01941e-06
-8.34421e-06
-8.50491e-06
-8.51247e-06
-8.38199e-06
-8.12815e-06
-7.76321e-06
-7.29718e-06
-6.73936e-06
-6.10105e-06
-5.39872e-06
-4.65791e-06
-3.91538e-06
-3.21121e-06
-2.61292e-06
-2.16271e-06
-1.88617e-06
-1.78445e-06
-1.85065e-06
-2.10979e-06
-4.28895e-06
-4.32588e-06
-4.34994e-06
-4.36632e-06
-4.37695e-06
-4.38154e-06
-4.38029e-06
-4.37382e-06
-4.3628e-06
-4.34797e-06
-4.33008e-06
-4.31001e-06
-4.28855e-06
-4.26766e-06
-4.25057e-06
-4.24257e-06
-4.25317e-06
-4.29818e-06
-4.40251e-06
-4.60246e-06
-4.94494e-06
-5.4771e-06
-6.17169e-06
-6.89005e-06
-7.51894e-06
-8.00201e-06
-8.31503e-06
-8.45752e-06
-8.44123e-06
-8.28193e-06
-7.99469e-06
-7.59211e-06
-7.08466e-06
-6.48235e-06
-5.79732e-06
-5.04698e-06
-4.25748e-06
-3.46577e-06
-2.71927e-06
-2.07553e-06
-1.58183e-06
-1.2692e-06
-1.14082e-06
-1.18669e-06
-1.44314e-06
-4.33896e-06
-4.37911e-06
-4.40469e-06
-4.42129e-06
-4.43098e-06
-4.43343e-06
-4.42892e-06
-4.41822e-06
-4.40221e-06
-4.38175e-06
-4.35776e-06
-4.33126e-06
-4.30294e-06
-4.27461e-06
-4.24977e-06
-4.23358e-06
-4.23571e-06
-4.27234e-06
-4.36901e-06
-4.56336e-06
-4.90371e-06
-5.43888e-06
-6.14117e-06
-6.86553e-06
-7.49485e-06
-7.97139e-06
-8.27079e-06
-8.39302e-06
-8.3503e-06
-8.15862e-06
-7.83316e-06
-7.3867e-06
-6.8301e-06
-6.17415e-06
-5.43216e-06
-4.62302e-06
-3.77429e-06
-2.92452e-06
-2.12357e-06
-1.42828e-06
-8.90166e-07
-5.36087e-07
-3.77875e-07
-3.98493e-07
-6.52226e-07
-4.39569e-06
-4.43941e-06
-4.46654e-06
-4.48308e-06
-4.49129e-06
-4.49084e-06
-4.48219e-06
-4.46635e-06
-4.44443e-06
-4.41753e-06
-4.38683e-06
-4.35329e-06
-4.31764e-06
-4.28178e-06
-4.24905e-06
-4.22464e-06
-4.21832e-06
-4.24654e-06
-4.33557e-06
-4.52401e-06
-4.86162e-06
-5.39864e-06
-6.10686e-06
-6.83533e-06
-7.46336e-06
-7.93184e-06
-8.21614e-06
-8.3164e-06
-8.24493e-06
-8.01762e-06
-7.64952e-06
-7.15333e-06
-6.54022e-06
-5.82183e-06
-5.01287e-06
-4.13405e-06
-3.21506e-06
-2.29667e-06
-1.43077e-06
-6.76189e-07
-8.78584e-08
3.11505e-07
5.04768e-07
5.08071e-07
2.67066e-07
-4.45991e-06
-4.50755e-06
-4.53617e-06
-4.55223e-06
-4.55823e-06
-4.55393e-06
-4.54004e-06
-4.51795e-06
-4.48912e-06
-4.45496e-06
-4.41685e-06
-4.3757e-06
-4.33247e-06
-4.28907e-06
-4.24847e-06
-4.21599e-06
-4.2014e-06
-4.22147e-06
-4.30296e-06
-4.48547e-06
-4.82002e-06
-5.3581e-06
-6.07087e-06
-6.80196e-06
-7.42732e-06
-7.88652e-06
-8.1545e-06
-8.23131e-06
-8.12904e-06
-7.86321e-06
-7.44843e-06
-6.89717e-06
-6.22081e-06
-5.43178e-06
-4.54633e-06
-3.58733e-06
-2.58703e-06
-1.58901e-06
-6.47817e-07
1.75237e-07
8.21891e-07
1.26896e-06
1.50189e-06
1.52874e-06
1.31365e-06
-4.53256e-06
-4.5845e-06
-4.61446e-06
-4.62939e-06
-4.63219e-06
-4.62279e-06
-4.60234e-06
-4.5727e-06
-4.53581e-06
-4.49347e-06
-4.44724e-06
-4.39811e-06
-4.34723e-06
-4.29623e-06
-4.24797e-06
-4.20772e-06
-4.18526e-06
-4.19754e-06
-4.2718e-06
-4.44855e-06
-4.77992e-06
-5.3185e-06
-6.03474e-06
-6.76724e-06
-7.3888e-06
-7.8377e-06
-8.08831e-06
-8.1404e-06
-8.00553e-06
-7.69863e-06
-7.23362e-06
-6.62257e-06
-5.87692e-06
-5.00989e-06
-4.03928e-06
-2.99028e-06
-1.89805e-06
-8.09429e-07
2.17718e-07
1.11905e-06
1.832e-06
2.33058e-06
2.60624e-06
2.65812e-06
2.48141e-06
-4.61483e-06
-4.67142e-06
-4.70239e-06
-4.7153e-06
-4.71357e-06
-4.69749e-06
-4.66883e-06
-4.63014e-06
-4.58394e-06
-4.53242e-06
-4.47745e-06
-4.42009e-06
-4.36146e-06
-4.30301e-06
-4.24743e-06
-4.19986e-06
-4.17002e-06
-4.17503e-06
-4.24251e-06
-4.41379e-06
-4.742e-06
-5.28069e-06
-5.99951e-06
-6.73241e-06
-7.34922e-06
-7.78694e-06
-8.0193e-06
-8.04554e-06
-7.87655e-06
-7.52639e-06
-7.00814e-06
-6.3333e-06
-5.51324e-06
-4.56188e-06
-3.49852e-06
-2.35073e-06
-1.15672e-06
3.30875e-08
1.15707e-06
2.14721e-06
2.93418e-06
3.49104e-06
3.81661e-06
3.90097e-06
3.75885e-06
-4.70817e-06
-4.76974e-06
-4.80116e-06
-4.81075e-06
-4.80273e-06
-4.77798e-06
-4.73915e-06
-4.6897e-06
-4.63281e-06
-4.57116e-06
-4.50687e-06
-4.44106e-06
-4.37472e-06
-4.3091e-06
-4.24663e-06
-4.19231e-06
-4.15571e-06
-4.15408e-06
-4.21533e-06
-4.38153e-06
-4.70669e-06
-5.24523e-06
-5.96588e-06
-6.69829e-06
-7.30951e-06
-7.73529e-06
-7.94863e-06
-7.9481e-06
-7.74371e-06
-7.3485e-06
-6.77458e-06
-6.03274e-06
-5.13419e-06
-4.09338e-06
-2.93105e-06
-1.67701e-06
-3.72514e-07
9.28295e-07
2.15971e-06
3.24938e-06
4.12001e-06
4.74196e-06
5.12583e-06
5.25112e-06
5.14534e-06
-4.81441e-06
-4.88119e-06
-4.91215e-06
-4.91663e-06
-4.89999e-06
-4.8641e-06
-4.81278e-06
-4.75069e-06
-4.68162e-06
-4.60897e-06
-4.53485e-06
-4.46045e-06
-4.38656e-06
-4.31415e-06
-4.24536e-06
-4.18493e-06
-4.14228e-06
-4.1347e-06
-4.19034e-06
-4.35193e-06
-4.67423e-06
-5.21241e-06
-5.93425e-06
-6.6654e-06
-7.27028e-06
-7.68346e-06
-7.87711e-06
-7.84904e-06
-7.60824e-06
-7.16663e-06
-6.53523e-06
-5.72406e-06
-4.74405e-06
-3.61009e-06
-2.34411e-06
-9.77996e-07
4.44175e-07
1.86463e-06
3.2133e-06
4.41306e-06
5.37963e-06
6.07203e-06
6.51848e-06
6.69259e-06
6.63519e-06
-4.9358e-06
-5.00787e-06
-5.03696e-06
-5.03384e-06
-5.00561e-06
-4.95551e-06
-4.88906e-06
-4.81224e-06
-4.7296e-06
-4.64503e-06
-4.56071e-06
-4.47772e-06
-4.39655e-06
-4.31784e-06
-4.24335e-06
-4.17754e-06
-4.1296e-06
-4.11682e-06
-4.16753e-06
-4.325e-06
-4.64469e-06
-5.18238e-06
-5.90483e-06
-6.634e-06
-7.2319e-06
-7.63189e-06
-7.80531e-06
-7.7491e-06
-7.47118e-06
-6.98224e-06
-6.2922e-06
-5.41026e-06
-4.34704e-06
-3.11771e-06
-1.74518e-06
-2.63043e-07
1.28215e-06
2.82928e-06
4.30367e-06
5.62247e-06
6.69888e-06
7.47507e-06
7.98555e-06
8.21619e-06
8.21363e-06
-5.07522e-06
-5.15237e-06
-5.17742e-06
-5.16328e-06
-5.11961e-06
-5.05168e-06
-4.96722e-06
-4.87339e-06
-4.77582e-06
-4.67859e-06
-4.58384e-06
-4.49239e-06
-4.40434e-06
-4.3199e-06
-4.2404e-06
-4.16997e-06
-4.11753e-06
-4.10033e-06
-4.1468e-06
-4.3007e-06
-4.61803e-06
-5.15512e-06
-5.87768e-06
-6.60424e-06
-7.19455e-06
-7.58086e-06
-7.73362e-06
-7.64888e-06
-7.33338e-06
-6.79663e-06
-6.04745e-06
-5.09423e-06
-3.94728e-06
-2.62193e-06
-1.14183e-06
4.5816e-07
2.12957e-06
3.8085e-06
5.41583e-06
6.86221e-06
8.05914e-06
8.93896e-06
9.51749e-06
9.81388e-06
9.87357e-06
-5.23632e-06
-5.31781e-06
-5.33555e-06
-5.30578e-06
-5.24184e-06
-5.15194e-06
-5.04616e-06
-4.93314e-06
-4.81939e-06
-4.70893e-06
-4.6037e-06
-4.50408e-06
-4.40966e-06
-4.32012e-06
-4.23635e-06
-4.16207e-06
-4.10594e-06
-4.08508e-06
-4.12801e-06
-4.27887e-06
-4.59413e-06
-5.13056e-06
-5.85277e-06
-6.57614e-06
-7.15835e-06
-7.53056e-06
-7.66237e-06
-7.54884e-06
-7.19561e-06
-6.61101e-06
-5.80281e-06
-4.77872e-06
-3.54873e-06
-2.12831e-06
-5.41587e-07
1.17581e-06
2.9742e-06
4.78778e-06
6.53394e-06
8.11742e-06
9.44379e-06
1.04413e-05
1.11011e-05
1.14733e-05
1.16066e-05
-5.42384e-06
-5.508e-06
-5.51357e-06
-5.46198e-06
-5.37185e-06
-5.25522e-06
-5.12464e-06
-4.99041e-06
-4.85944e-06
-4.73545e-06
-4.61991e-06
-4.51256e-06
-4.41236e-06
-4.31842e-06
-4.2311e-06
-4.15375e-06
-4.09469e-06
-4.07093e-06
-4.11099e-06
-4.25935e-06
-4.57283e-06
-5.10855e-06
-5.82999e-06
-6.54967e-06
-7.12334e-06
-7.48113e-06
-7.59178e-06
-7.44942e-06
-7.05858e-06
-6.42649e-06
-5.56001e-06
-4.4663e-06
-3.15516e-06
-1.64217e-06
4.82737e-08
1.88023e-06
3.80365e-06
5.75193e-06
7.64033e-06
9.36874e-06
1.08354e-05
1.19613e-05
1.27205e-05
1.31802e-05
1.34024e-05
-5.64408e-06
-5.72753e-06
-5.71375e-06
-5.63216e-06
-5.50877e-06
-5.36005e-06
-5.20137e-06
-5.04417e-06
-4.89523e-06
-4.75771e-06
-4.63222e-06
-4.51772e-06
-4.41241e-06
-4.31477e-06
-4.22465e-06
-4.14496e-06
-4.0837e-06
-4.05775e-06
-4.09558e-06
-4.24193e-06
-4.55393e-06
-5.0889e-06
-5.80922e-06
-6.52476e-06
-7.08951e-06
-7.43265e-06
-7.52208e-06
-7.35101e-06
-6.92294e-06
-6.24411e-06
-5.32067e-06
-4.15938e-06
-2.77004e-06
-1.16842e-06
6.2093e-07
2.56219e-06
4.60577e-06
6.68555e-06
8.71628e-06
1.05946e-05
1.2211e-05
1.34777e-05
1.43578e-05
1.49195e-05
1.52516e-05
-5.90557e-06
-5.98185e-06
-5.93824e-06
-5.81609e-06
-5.65106e-06
-5.46477e-06
-5.27493e-06
-5.09338e-06
-4.92619e-06
-4.77542e-06
-4.64057e-06
-4.5196e-06
-4.4099e-06
-4.30928e-06
-4.21704e-06
-4.13571e-06
-4.07292e-06
-4.04542e-06
-4.08161e-06
-4.22644e-06
-4.53721e-06
-5.07142e-06
-5.79031e-06
-6.50132e-06
-7.05685e-06
-7.3852e-06
-7.45345e-06
-7.25397e-06
-6.78928e-06
-6.06482e-06
-5.08622e-06
-3.86009e-06
-2.39647e-06
-7.11468e-07
1.17023e-06
3.2132e-06
5.36904e-06
7.57345e-06
9.74262e-06
1.17722e-05
1.35464e-05
1.49671e-05
1.59875e-05
1.66733e-05
1.71451e-05
-6.22018e-06
-6.27722e-06
-6.18867e-06
-6.0125e-06
-5.79679e-06
-5.56744e-06
-5.34389e-06
-5.1372e-06
-4.95193e-06
-4.78853e-06
-4.64508e-06
-4.51841e-06
-4.40504e-06
-4.30213e-06
-4.20843e-06
-4.12605e-06
-4.06235e-06
-4.03388e-06
-4.06896e-06
-4.21268e-06
-4.52247e-06
-5.05592e-06
-5.77309e-06
-6.47924e-06
-7.02533e-06
-7.33884e-06
-7.38608e-06
-7.15862e-06
-6.65815e-06
-5.88949e-06
-4.85794e-06
-3.57031e-06
-2.03712e-06
-2.75071e-07
1.69087e-06
3.8258e-06
6.08305e-06
8.40128e-06
1.07002e-05
1.28775e-05
1.48141e-05
1.64025e-05
1.7581e-05
1.84187e-05
1.9074e-05
-6.60476e-06
-6.62057e-06
-6.46501e-06
-6.22001e-06
-5.94308e-06
-5.66587e-06
-5.40689e-06
-5.17502e-06
-4.97234e-06
-4.79719e-06
-4.64603e-06
-4.51447e-06
-4.39816e-06
-4.29358e-06
-4.19897e-06
-4.11611e-06
-4.052e-06
-4.02306e-06
-4.05749e-06
-4.20047e-06
-4.50952e-06
-5.04219e-06
-5.75742e-06
-6.45845e-06
-6.99494e-06
-7.29363e-06
-7.32012e-06
-7.06526e-06
-6.53006e-06
-5.71885e-06
-4.63694e-06
-3.29159e-06
-1.69416e-06
1.37721e-07
2.17855e-06
4.39385e-06
6.73885e-06
9.15609e-06
1.15707e-05
1.38857e-05
1.59829e-05
1.77493e-05
1.91055e-05
2.01279e-05
2.10314e-05
-7.08346e-06
-7.01911e-06
-6.76594e-06
-6.43432e-06
-6.0865e-06
-5.75781e-06
-5.46285e-06
-5.20652e-06
-4.98756e-06
-4.80178e-06
-4.64387e-06
-4.50822e-06
-4.38961e-06
-4.28392e-06
-4.18891e-06
-4.106e-06
-4.04192e-06
-4.01293e-06
-4.0471e-06
-4.18967e-06
-4.49816e-06
-5.03005e-06
-5.74313e-06
-6.43883e-06
-6.96565e-06
-7.24962e-06
-7.25573e-06
-6.97417e-06
-6.40541e-06
-5.55354e-06
-4.42412e-06
-3.02517e-06
-1.36927e-06
5.24626e-07
2.63009e-06
4.91269e-06
7.32944e-06
9.82702e-06
1.23374e-05
1.47722e-05
1.7019e-05
1.89662e-05
2.05177e-05
2.17632e-05
2.30129e-05
-7.69011e-06
-7.47345e-06
-7.08991e-06
-6.65006e-06
-6.22302e-06
-5.84115e-06
-5.511e-06
-5.23175e-06
-4.99802e-06
-4.80286e-06
-4.63917e-06
-4.50017e-06
-4.37984e-06
-4.27349e-06
-4.17846e-06
-4.09587e-06
-4.03218e-06
-4.00348e-06
-4.03772e-06
-4.18014e-06
-4.48823e-06
-5.01933e-06
-5.7301e-06
-6.42031e-06
-6.93742e-06
-7.20686e-06
-7.19303e-06
-6.8856e-06
-6.28461e-06
-5.39413e-06
-4.22022e-06
-2.77203e-06
-1.06372e-06
8.84011e-07
3.04328e-06
5.37914e-06
7.84977e-06
1.04057e-05
1.29862e-05
1.55137e-05
1.78871e-05
2.00052e-05
2.176e-05
2.32682e-05
2.50108e-05
-8.47148e-06
-7.97998e-06
-7.42409e-06
-6.85972e-06
-6.34817e-06
-5.91393e-06
-5.55094e-06
-5.25104e-06
-5.00434e-06
-4.8011e-06
-4.63255e-06
-4.49085e-06
-4.36925e-06
-4.26261e-06
-4.16787e-06
-4.08588e-06
-4.02283e-06
-3.99469e-06
-4.02926e-06
-4.17176e-06
-4.47958e-06
-5.00987e-06
-5.71818e-06
-6.40278e-06
-6.91022e-06
-7.16537e-06
-7.13213e-06
-6.79974e-06
-6.16797e-06
-5.24108e-06
-4.02589e-06
-2.53299e-06
-7.78504e-07
1.21467e-06
3.4166e-06
5.79108e-06
8.29648e-06
1.0886e-05
1.35055e-05
1.60889e-05
1.85505e-05
2.08099e-05
2.27556e-05
2.45533e-05
2.69976e-05
-9.46902e-06
-8.53003e-06
-7.75257e-06
-7.05365e-06
-6.45731e-06
-5.97465e-06
-5.58272e-06
-5.26505e-06
-5.00731e-06
-4.79727e-06
-4.62468e-06
-4.4808e-06
-4.35831e-06
-4.25163e-06
-4.15739e-06
-4.07617e-06
-4.01396e-06
-3.98657e-06
-4.02166e-06
-4.1644e-06
-4.47207e-06
-5.00154e-06
-5.70726e-06
-6.38614e-06
-6.88397e-06
-7.12509e-06
-7.07302e-06
-6.71661e-06
-6.05557e-06
-5.09451e-06
-3.84128e-06
-2.30822e-06
-5.13783e-07
1.51645e-06
3.74992e-06
6.14821e-06
8.6686e-06
1.12652e-05
1.3888e-05
1.64807e-05
1.89741e-05
2.13173e-05
2.34055e-05
2.54894e-05
2.89247e-05
-1.07803e-05
-9.10562e-06
-8.05263e-06
-7.22156e-06
-6.54758e-06
-6.02362e-06
-5.60775e-06
-5.27533e-06
-5.00832e-06
-4.79247e-06
-4.6164e-06
-4.47067e-06
-4.34748e-06
-4.24089e-06
-4.14724e-06
-4.0669e-06
-4.00563e-06
-3.97911e-06
-4.01484e-06
-4.15794e-06
-4.46553e-06
-4.99419e-06
-5.69731e-06
-6.37052e-06
-6.85886e-06
-7.08624e-06
-7.01581e-06
-6.63618e-06
-5.94709e-06
-4.95371e-06
-3.66517e-06
-2.09582e-06
-2.66808e-07
1.79314e-06
4.04814e-06
6.45664e-06
8.97328e-06
1.15506e-05
1.4139e-05
1.66869e-05
1.91365e-05
2.14668e-05
2.35918e-05
2.59266e-05
3.07958e-05
-1.25146e-05
-9.67291e-06
-8.29141e-06
-7.354e-06
-6.62049e-06
-6.06472e-06
-5.62983e-06
-5.28492e-06
-5.00957e-06
-4.78822e-06
-4.6087e-06
-4.46106e-06
-4.3371e-06
-4.23056e-06
-4.13753e-06
-4.05811e-06
-3.99787e-06
-3.97229e-06
-4.00874e-06
-4.15221e-06
-4.45974e-06
-4.98768e-06
-5.68841e-06
-6.35632e-06
-6.83566e-06
-7.04983e-06
-6.96164e-06
-6.55952e-06
-5.84334e-06
-4.81897e-06
-3.49697e-06
-1.89391e-06
-3.39015e-08
2.05081e-06
4.32044e-06
6.72933e-06
9.22794e-06
1.17646e-05
1.42855e-05
1.67352e-05
1.9053e-05
2.12212e-05
2.31629e-05
2.55742e-05
3.23149e-05
-1.39681e-05
-1.00244e-05
-8.40845e-06
-7.43151e-06
-6.67143e-06
-6.09624e-06
-5.64772e-06
-5.29268e-06
-5.00998e-06
-4.78353e-06
-4.60072e-06
-4.45124e-06
-4.32656e-06
-4.22015e-06
-4.12783e-06
-4.04951e-06
-3.99052e-06
-3.96613e-06
-4.00351e-06
-4.1475e-06
-4.45492e-06
-4.98188e-06
-5.68e-06
-6.34275e-06
-6.81376e-06
-7.016e-06
-6.91196e-06
-6.48994e-06
-5.75004e-06
-4.69887e-06
-3.34845e-06
-1.71757e-06
1.66706e-07
2.26856e-06
4.54412e-06
6.94317e-06
9.41095e-06
1.18895e-05
1.43165e-05
1.66232e-05
1.87251e-05
2.05432e-05
2.19152e-05
2.35557e-05
3.00676e-05
)
;

boundaryField
{
    inlet
    {
        type            uniformJump;
        patchType       cyclic;
        jump            uniform -2.5e-05;
        value           nonuniform List<scalar> 
40
(
7.95425e-07
8.09456e-07
8.24285e-07
8.39355e-07
8.5607e-07
8.75918e-07
9.01196e-07
9.35775e-07
9.85403e-07
1.05739e-06
1.15967e-06
1.2998e-06
1.48477e-06
1.72122e-06
2.01528e-06
2.37166e-06
2.7917e-06
3.27126e-06
3.79936e-06
4.35646e-06
4.88737e-06
5.31978e-06
5.64177e-06
5.87516e-06
6.04223e-06
6.16028e-06
6.24255e-06
6.29909e-06
6.33739e-06
6.36298e-06
6.37988e-06
6.39101e-06
6.39838e-06
6.40337e-06
6.4069e-06
6.40951e-06
6.41156e-06
6.41326e-06
6.41479e-06
6.41622e-06
)
;
        jumpTable       table;
        jumpTableCoeffs
        {
            values          
4
(
(0 -2.5e-05)
(25 -2.5e-05)
(25.5 -0.0001)
(26 -2.5e-05)
)
;
        }
    }
    outlet
    {
        type            uniformJump;
        patchType       cyclic;
        value           nonuniform List<scalar> 
40
(
-2.42046e-05
-2.41905e-05
-2.41757e-05
-2.41606e-05
-2.41439e-05
-2.41241e-05
-2.40988e-05
-2.40642e-05
-2.40146e-05
-2.39426e-05
-2.38403e-05
-2.37002e-05
-2.35152e-05
-2.32788e-05
-2.29847e-05
-2.26283e-05
-2.22083e-05
-2.17287e-05
-2.12006e-05
-2.06435e-05
-2.01126e-05
-1.96802e-05
-1.93582e-05
-1.91248e-05
-1.89578e-05
-1.88397e-05
-1.87574e-05
-1.87009e-05
-1.86626e-05
-1.8637e-05
-1.86201e-05
-1.8609e-05
-1.86016e-05
-1.85966e-05
-1.85931e-05
-1.85905e-05
-1.85884e-05
-1.85867e-05
-1.85852e-05
-1.85838e-05
)
;
    }
    Walls
    {
        type            zeroGradient;
    }
    back
    {
        type            empty;
    }
    front
    {
        type            empty;
    }
}


// ************************************************************************* //
