/*--------------------------------*- C++ -*----------------------------------*\
| =========                 |                                                 |
| \\      /  F ield         | OpenFOAM: The Open Source CFD Toolbox           |
|  \\    /   O peration     | Version:  2312                                  |
|   \\  /    A nd           | Website:  www.openfoam.com                      |
|    \\/     M anipulation  |                                                 |
\*---------------------------------------------------------------------------*/
FoamFile
{
    version     2.0;
    format      ascii;
    arch        "LSB;label=32;scalar=64";
    class       volScalarField;
    location    "108";
    object      p;
}
// * * * * * * * * * * * * * * * * * * * * * * * * * * * * * * * * * * * * * //

dimensions      [0 2 -2 0 0 0 0];

internalField   nonuniform List<scalar> 
4800
(
9.90737e-12
-1.86398e-06
-3.43376e-06
-4.77197e-06
-5.92199e-06
-6.91674e-06
-7.78231e-06
-8.53955e-06
-9.21206e-06
-9.81094e-06
-1.03457e-05
-1.08227e-05
-1.12373e-05
-1.18215e-05
-1.3557e-05
2.00212e-08
-1.83915e-06
-3.40543e-06
-4.74138e-06
-5.89033e-06
-6.88571e-06
-7.75363e-06
-8.51547e-06
-9.19506e-06
-9.80494e-06
-1.03599e-05
-1.08808e-05
-1.13854e-05
-1.19834e-05
-1.29344e-05
4.16432e-08
-1.8123e-06
-3.37492e-06
-4.70864e-06
-5.85672e-06
-6.85245e-06
-7.7226e-06
-8.4866e-06
-9.17086e-06
-9.78904e-06
-1.0356e-05
-1.08937e-05
-1.14146e-05
-1.19296e-05
-1.24199e-05
6.43337e-08
-1.78365e-06
-3.34196e-06
-4.67284e-06
-5.8194e-06
-6.81466e-06
-7.68574e-06
-8.45123e-06
-9.13585e-06
-9.75569e-06
-1.03213e-05
-1.08449e-05
-1.13225e-05
-1.1724e-05
-1.19797e-05
8.98999e-08
-1.75094e-06
-3.30393e-06
-4.63101e-06
-5.77502e-06
-6.76861e-06
-7.63844e-06
-8.40393e-06
-9.08432e-06
-9.69663e-06
-1.02467e-05
-1.07348e-05
-1.11453e-05
-1.14402e-05
-1.1564e-05
1.19867e-07
-1.71245e-06
-3.25883e-06
-4.58086e-06
-5.72091e-06
-6.71104e-06
-7.57694e-06
-8.33781e-06
-9.00908e-06
-9.60414e-06
-1.01248e-05
-1.05638e-05
-1.09023e-05
-1.11116e-05
-1.11635e-05
1.5621e-07
-1.66605e-06
-3.20427e-06
-4.51957e-06
-5.65365e-06
-6.63766e-06
-7.49599e-06
-8.24637e-06
-8.90164e-06
-9.47024e-06
-9.95093e-06
-1.03348e-05
-1.06073e-05
-1.07545e-05
-1.07703e-05
2.02069e-07
-1.60841e-06
-3.1365e-06
-4.44283e-06
-5.56819e-06
-6.5425e-06
-7.38849e-06
-8.12206e-06
-8.75358e-06
-9.2879e-06
-9.7232e-06
-1.00533e-05
-1.02718e-05
-1.03775e-05
-1.0377e-05
2.6189e-07
-1.53472e-06
-3.05019e-06
-4.34464e-06
-5.45768e-06
-6.41777e-06
-7.24585e-06
-7.95607e-06
-8.55687e-06
-9.05241e-06
-9.44212e-06
-9.72524e-06
-9.90318e-06
-9.9835e-06
-9.9783e-06
3.40943e-07
-1.43892e-06
-2.93844e-06
-4.21726e-06
-5.31352e-06
-6.25416e-06
-7.05854e-06
-7.73962e-06
-8.30537e-06
-8.76076e-06
-9.10913e-06
-9.35471e-06
-9.50499e-06
-9.57212e-06
-9.56967e-06
4.44158e-07
-1.31447e-06
-2.7934e-06
-4.05182e-06
-5.12604e-06
-6.04164e-06
-6.81698e-06
-7.46479e-06
-7.99398e-06
-8.41183e-06
-8.72553e-06
-8.94387e-06
-9.07764e-06
-9.14073e-06
-9.14624e-06
5.75293e-07
-1.15553e-06
-2.60737e-06
-3.83946e-06
-4.88577e-06
-5.77088e-06
-6.51302e-06
-7.12572e-06
-7.61977e-06
-8.00523e-06
-8.29248e-06
-8.49312e-06
-8.61957e-06
-8.68553e-06
-8.70291e-06
7.36853e-07
-9.57577e-07
-2.37353e-06
-3.57237e-06
-4.58469e-06
-5.43459e-06
-6.14108e-06
-6.71919e-06
-7.18182e-06
-7.54143e-06
-7.81049e-06
-8.00194e-06
-8.12835e-06
-8.20246e-06
-8.23464e-06
9.26037e-07
-7.18585e-07
-2.08734e-06
-3.24471e-06
-4.217e-06
-5.02803e-06
-5.69819e-06
-6.24412e-06
-6.6804e-06
-7.02099e-06
-7.27935e-06
-7.46856e-06
-7.60059e-06
-7.6868e-06
-7.73618e-06
1.13498e-06
-4.39773e-07
-1.75132e-06
-2.85515e-06
-3.78037e-06
-4.54967e-06
-5.18397e-06
-5.70099e-06
-6.11613e-06
-6.44382e-06
-6.69755e-06
-6.88984e-06
-7.03162e-06
-7.13282e-06
-7.20118e-06
1.35674e-06
-1.34905e-07
-1.37038e-06
-2.40681e-06
-3.27651e-06
-4.00113e-06
-4.60044e-06
-5.09167e-06
-5.49e-06
-5.80949e-06
-6.06299e-06
-6.262e-06
-6.41627e-06
-6.53432e-06
-6.62283e-06
1.58496e-06
1.89424e-07
-9.57001e-07
-1.91372e-06
-2.71594e-06
-3.38964e-06
-3.95291e-06
-4.4198e-06
-4.80371e-06
-5.11761e-06
-5.37331e-06
-5.58107e-06
-5.74929e-06
-5.88518e-06
-5.99446e-06
1.79947e-06
5.21e-07
-5.24054e-07
-1.39045e-06
-2.11729e-06
-2.73229e-06
-3.25488e-06
-3.6953e-06
-4.06384e-06
-4.37163e-06
-4.62916e-06
-4.84528e-06
-5.02695e-06
-5.18009e-06
-5.30959e-06
1.96106e-06
8.41515e-07
-8.34155e-08
-8.53421e-07
-1.49982e-06
-2.05142e-06
-2.52673e-06
-2.93511e-06
-3.28396e-06
-3.58213e-06
-3.8384e-06
-4.05993e-06
-4.25217e-06
-4.4198e-06
-4.56695e-06
2.05444e-06
1.11816e-06
3.27813e-07
-3.3082e-07
-8.87412e-07
-1.37014e-06
-1.79345e-06
-2.16393e-06
-2.48743e-06
-2.77104e-06
-3.0215e-06
-3.24407e-06
-3.4428e-06
-3.62123e-06
-3.78268e-06
2.08353e-06
1.32185e-06
6.75728e-07
1.27652e-07
-3.43689e-07
-7.57195e-07
-1.12424e-06
-1.45134e-06
-1.74371e-06
-2.0064e-06
-2.24399e-06
-2.46021e-06
-2.65817e-06
-2.84058e-06
-3.01009e-06
2.06998e-06
1.45464e-06
9.25921e-07
4.68804e-07
6.99413e-08
-2.83145e-07
-6.00267e-07
-8.87876e-07
-1.15017e-06
-1.39047e-06
-1.61189e-06
-1.81728e-06
-2.00915e-06
-2.18966e-06
-2.36087e-06
2.06151e-06
1.55331e-06
1.11177e-06
7.24743e-07
3.82144e-07
7.45376e-08
-2.05745e-07
-4.63773e-07
-7.02748e-07
-9.25181e-07
-1.13351e-06
-1.33003e-06
-1.51677e-06
-1.6954e-06
-1.86753e-06
2.0627e-06
1.63223e-06
1.25385e-06
9.17574e-07
6.15206e-07
3.39779e-07
8.58388e-08
-1.50473e-07
-3.71938e-07
-5.80833e-07
-7.79255e-07
-9.69059e-07
-1.15189e-06
-1.3291e-06
-1.502e-06
2.07632e-06
1.70101e-06
1.36694e-06
1.06605e-06
7.91961e-07
5.39505e-07
3.04529e-07
8.37654e-08
-1.25367e-07
-3.24955e-07
-5.16806e-07
-7.0246e-07
-8.83295e-07
-1.06047e-06
-1.23511e-06
2.10076e-06
1.76369e-06
1.46011e-06
1.18363e-06
9.29157e-07
6.92532e-07
4.7027e-07
2.59508e-07
5.79272e-08
-1.36334e-07
-3.2486e-07
-5.08992e-07
-6.89945e-07
-8.68748e-07
-1.04643e-06
2.1313e-06
1.82056e-06
1.53781e-06
1.27785e-06
1.03638e-06
8.09882e-07
5.95344e-07
3.90261e-07
1.92575e-07
6.07727e-10
-1.87078e-07
-3.71702e-07
-5.54381e-07
-7.36061e-07
-9.177e-07
2.16349e-06
1.87099e-06
1.60238e-06
1.35329e-06
1.12004e-06
8.99591e-07
6.89307e-07
4.86961e-07
2.90697e-07
9.89782e-08
-8.95327e-08
-2.75976e-07
-4.61405e-07
-6.46712e-07
-8.32811e-07
2.19423e-06
1.91457e-06
1.65558e-06
1.41354e-06
1.18534e-06
9.6829e-07
7.60023e-07
5.58534e-07
3.62133e-07
1.69389e-07
-2.09554e-08
-2.09987e-07
-3.98713e-07
-5.87989e-07
-7.78703e-07
2.22184e-06
1.95148e-06
1.69915e-06
1.46176e-06
1.23663e-06
1.02132e-06
8.13708e-07
6.11959e-07
4.14522e-07
2.20057e-07
2.73667e-08
-1.64592e-07
-3.56792e-07
-5.50062e-07
-7.4527e-07
2.2457e-06
1.98237e-06
1.73484e-06
1.50064e-06
1.27738e-06
1.06286e-06
8.55125e-07
6.52529e-07
4.53625e-07
2.57146e-07
6.195e-08
-1.32971e-07
-3.28561e-07
-5.25632e-07
-7.25035e-07
2.26588e-06
2.0081e-06
1.76424e-06
1.53234e-06
1.31028e-06
1.09602e-06
8.87807e-07
6.84124e-07
4.83623e-07
2.85101e-07
8.74629e-08
-1.10267e-07
-3.09012e-07
-5.09567e-07
-7.12775e-07
2.28275e-06
2.02954e-06
1.78864e-06
1.55857e-06
1.33732e-06
1.12309e-06
9.14273e-07
7.09472e-07
5.07421e-07
3.06976e-07
1.07084e-07
-9.32048e-08
-2.94794e-07
-4.98468e-07
-7.0506e-07
2.29677e-06
2.04748e-06
1.80911e-06
1.58055e-06
1.35995e-06
1.14566e-06
9.36251e-07
7.30411e-07
5.26949e-07
3.24774e-07
1.2287e-07
-7.96891e-08
-2.83791e-07
-4.90213e-07
-6.99779e-07
2.30839e-06
2.06255e-06
1.82642e-06
1.5992e-06
1.37915e-06
1.16482e-06
9.54889e-07
7.4814e-07
5.43443e-07
3.39756e-07
1.36094e-07
-6.84469e-08
-2.74741e-07
-4.8356e-07
-6.9572e-07
2.31801e-06
2.07526e-06
1.84115e-06
1.61513e-06
1.3956e-06
1.18128e-06
9.70922e-07
7.63406e-07
5.57657e-07
3.52672e-07
1.47497e-07
-5.87539e-08
-2.66943e-07
-4.77837e-07
-6.92249e-07
2.32596e-06
2.08598e-06
1.8537e-06
1.62879e-06
1.40977e-06
1.19549e-06
9.84807e-07
7.76662e-07
5.70031e-07
3.63949e-07
1.57486e-07
-5.02263e-08
-2.60041e-07
-4.7272e-07
-6.89074e-07
2.3326e-06
2.09513e-06
1.86454e-06
1.64064e-06
1.42212e-06
1.20793e-06
9.97006e-07
7.88351e-07
5.80986e-07
3.73976e-07
1.66416e-07
-4.25487e-08
-2.53763e-07
-4.67986e-07
-6.86028e-07
2.33842e-06
2.10338e-06
1.87441e-06
1.65152e-06
1.43352e-06
1.21946e-06
1.00836e-06
7.99282e-07
5.91278e-07
3.83448e-07
1.74907e-07
-3.51881e-08
-2.47672e-07
-4.63303e-07
-6.82894e-07
2.34346e-06
2.11077e-06
1.88339e-06
1.6615e-06
1.44405e-06
1.23017e-06
1.01895e-06
8.09505e-07
6.00932e-07
3.92357e-07
1.82916e-07
-2.82204e-08
-2.41878e-07
-4.58808e-07
-6.79826e-07
-1.51065e-05
-1.28608e-05
-1.14642e-05
-1.05232e-05
-9.75488e-06
-9.14623e-06
-8.65129e-06
-8.23998e-06
-7.89436e-06
-7.60218e-06
-7.35578e-06
-7.15111e-06
-6.98751e-06
-6.86823e-06
-6.80235e-06
-6.80517e-06
-6.90182e-06
-7.13359e-06
-7.54815e-06
-8.20926e-06
-9.19342e-06
-1.05569e-05
-1.21377e-05
-1.35599e-05
-1.46128e-05
-1.52172e-05
-1.5342e-05
-1.49858e-05
-1.4162e-05
-1.28919e-05
-1.12035e-05
-9.13244e-06
-6.7237e-06
-4.03163e-06
-1.11884e-06
1.94603e-06
5.09044e-06
8.23913e-06
1.13125e-05
1.42221e-05
1.68542e-05
1.90631e-05
2.05269e-05
2.09917e-05
1.94576e-05
-1.34169e-05
-1.22821e-05
-1.1235e-05
-1.0401e-05
-9.68054e-06
-9.08824e-06
-8.59884e-06
-8.18957e-06
-7.84484e-06
-7.55349e-06
-7.30822e-06
-7.10521e-06
-6.94396e-06
-6.82783e-06
-6.76612e-06
-6.77412e-06
-6.87696e-06
-7.11589e-06
-7.53759e-06
-8.20423e-06
-9.19111e-06
-1.05526e-05
-1.21265e-05
-1.35399e-05
-1.45846e-05
-1.51826e-05
-1.53027e-05
-1.49429e-05
-1.41165e-05
-1.28456e-05
-1.11591e-05
-9.09438e-06
-6.6982e-06
-4.0273e-06
-1.14726e-06
1.86929e-06
4.94396e-06
7.99246e-06
1.09206e-05
1.36141e-05
1.59114e-05
1.75647e-05
1.809e-05
1.67632e-05
1.25889e-05
-1.25229e-05
-1.18229e-05
-1.09958e-05
-1.02561e-05
-9.58851e-06
-9.01931e-06
-8.53926e-06
-8.13382e-06
-7.79091e-06
-7.50086e-06
-7.25707e-06
-7.05605e-06
-6.89754e-06
-6.78506e-06
-6.72817e-06
-6.74213e-06
-6.85208e-06
-7.09923e-06
-7.52896e-06
-8.20161e-06
-9.19104e-06
-1.05494e-05
-1.21139e-05
-1.35156e-05
-1.45495e-05
-1.51392e-05
-1.52532e-05
-1.48894e-05
-1.40611e-05
-1.27911e-05
-1.11101e-05
-9.05723e-06
-6.68208e-06
-4.04447e-06
-1.2139e-06
1.73163e-06
4.70622e-06
7.61453e-06
1.03458e-05
1.2761e-05
1.46646e-05
1.57674e-05
1.56119e-05
1.36499e-05
9.67999e-06
-1.19323e-05
-1.14352e-05
-1.07742e-05
-1.01113e-05
-9.49467e-06
-8.95075e-06
-8.481e-06
-8.07961e-06
-7.73825e-06
-7.44903e-06
-7.20623e-06
-7.00682e-06
-6.85076e-06
-6.74202e-06
-6.69015e-06
-6.71045e-06
-6.82802e-06
-7.08402e-06
-7.5224e-06
-8.20134e-06
-9.19322e-06
-1.05474e-05
-1.21006e-05
-1.34878e-05
-1.45079e-05
-1.5086e-05
-1.51909e-05
-1.48205e-05
-1.39884e-05
-1.27188e-05
-1.10445e-05
-9.00751e-06
-6.66072e-06
-4.06809e-06
-1.30413e-06
1.54679e-06
4.39033e-06
7.1199e-06
9.61046e-06
1.17075e-05
1.32082e-05
1.38468e-05
1.32941e-05
1.12683e-05
7.92119e-06
-1.146e-05
-1.10819e-05
-1.05494e-05
-9.97177e-06
-9.40439e-06
-8.88648e-06
-8.42742e-06
-8.03005e-06
-7.68975e-06
-7.40065e-06
-7.15818e-06
-6.95992e-06
-6.80618e-06
-6.70112e-06
-6.65457e-06
-6.6817e-06
-6.80751e-06
-7.07308e-06
-7.5206e-06
-8.20576e-06
-9.19936e-06
-1.05476e-05
-1.20864e-05
-1.34556e-05
-1.44585e-05
-1.50222e-05
-1.51161e-05
-1.47379e-05
-1.39023e-05
-1.26353e-05
-1.09721e-05
-8.95833e-06
-6.65092e-06
-4.11853e-06
-1.44121e-06
1.29009e-06
3.97315e-06
6.49258e-06
8.71545e-06
1.04857e-05
1.16194e-05
1.1913e-05
1.11766e-05
9.32928e-06
6.57809e-06
-1.10491e-05
-1.07531e-05
-1.03186e-05
-9.82284e-06
-9.31374e-06
-8.82402e-06
-8.37914e-06
-7.98729e-06
-7.64829e-06
-7.35894e-06
-7.11622e-06
-6.91861e-06
-6.76692e-06
-6.66555e-06
-6.62461e-06
-6.65904e-06
-6.79368e-06
-7.06945e-06
-7.52642e-06
-8.21729e-06
-9.21127e-06
-1.05507e-05
-1.20709e-05
-1.34178e-05
-1.43996e-05
-1.49455e-05
-1.50265e-05
-1.46402e-05
-1.38025e-05
-1.25417e-05
-1.08963e-05
-8.91588e-06
-6.66179e-06
-4.20774e-06
-1.63926e-06
9.46847e-07
3.44266e-06
5.72864e-06
7.67281e-06
9.13203e-06
9.95857e-06
1.00202e-05
9.23702e-06
7.64258e-06
5.44997e-06
-1.06641e-05
-1.043e-05
-1.00811e-05
-9.65981e-06
-9.20644e-06
-8.75671e-06
-8.33293e-06
-7.95084e-06
-7.61532e-06
-7.32658e-06
-7.08375e-06
-6.88667e-06
-6.7369e-06
-6.63926e-06
-6.6042e-06
-6.64636e-06
-6.79026e-06
-7.07664e-06
-7.54303e-06
-8.23855e-06
-9.23087e-06
-1.05578e-05
-1.2054e-05
-1.3373e-05
-1.43286e-05
-1.48532e-05
-1.49189e-05
-1.45242e-05
-1.36867e-05
-1.24373e-05
-1.08182e-05
-8.88339e-06
-6.69892e-06
-4.34337e-06
-1.90695e-06
5.09602e-07
2.79624e-06
4.83539e-06
6.50507e-06
7.68557e-06
8.27188e-06
8.19427e-06
7.44502e-06
6.10618e-06
4.36336e-06
-1.02852e-05
-1.00996e-05
-9.82175e-06
-9.47207e-06
-9.07977e-06
-8.67513e-06
-8.28143e-06
-7.91631e-06
-7.58916e-06
-7.30406e-06
-7.06285e-06
-6.86725e-06
-6.71998e-06
-6.6265e-06
-6.59779e-06
-6.64817e-06
-6.80164e-06
-7.0988e-06
-7.57409e-06
-8.27245e-06
-9.26021e-06
-1.05695e-05
-1.20348e-05
-1.33192e-05
-1.42428e-05
-1.47416e-05
-1.47897e-05
-1.4387e-05
-1.35529e-05
-1.23217e-05
-1.07397e-05
-8.86519e-06
-6.76892e-06
-4.53344e-06
-2.25195e-06
-2.62273e-08
2.03618e-06
3.82601e-06
5.23829e-06
6.18164e-06
6.59088e-06
6.4427e-06
5.76779e-06
4.65897e-06
3.26429e-06
-9.90282e-06
-9.75663e-06
-9.53748e-06
-9.2538e-06
-8.92384e-06
-8.57047e-06
-8.21523e-06
-7.87584e-06
-7.56447e-06
-7.28864e-06
-7.05306e-06
-6.86169e-06
-6.71882e-06
-6.63086e-06
-6.60957e-06
-6.66896e-06
-6.83236e-06
-7.14028e-06
-7.62337e-06
-8.32174e-06
-9.30111e-06
-1.05864e-05
-1.20121e-05
-1.32536e-05
-1.41385e-05
-1.46066e-05
-1.46351e-05
-1.42255e-05
-1.33998e-05
-1.21958e-05
-1.06641e-05
-8.86717e-06
-6.87945e-06
-4.78601e-06
-2.6805e-06
-6.62017e-07
1.16915e-06
2.71715e-06
3.89787e-06
4.64781e-06
4.93363e-06
4.76022e-06
4.17483e-06
3.26321e-06
2.13902e-06
-9.51153e-06
-9.39884e-06
-9.22876e-06
-9.00375e-06
-8.73389e-06
-8.43513e-06
-8.12512e-06
-7.82014e-06
-7.53335e-06
-7.27452e-06
-7.05084e-06
-6.86856e-06
-6.73377e-06
-6.65406e-06
-6.64223e-06
-6.71202e-06
-6.88599e-06
-7.2046e-06
-7.69399e-06
-8.38818e-06
-9.35438e-06
-1.06077e-05
-1.19833e-05
-1.31723e-05
-1.4011e-05
-1.44437e-05
-1.44511e-05
-1.40372e-05
-1.32269e-05
-1.20618e-05
-1.05962e-05
-8.89626e-06
-7.03846e-06
-5.1081e-06
-3.19618e-06
-1.39528e-06
2.0555e-07
1.52694e-06
2.5059e-06
3.10251e-06
3.30549e-06
3.1346e-06
2.63991e-06
1.89363e-06
9.81686e-07
-9.10642e-06
-9.02365e-06
-8.89573e-06
-8.72245e-06
-8.50874e-06
-8.26494e-06
-8.00438e-06
-7.7409e-06
-7.48715e-06
-7.25386e-06
-7.04987e-06
-6.88333e-06
-6.76208e-06
-6.6949e-06
-6.69577e-06
-6.77809e-06
-6.96373e-06
-7.29299e-06
-7.78641e-06
-8.47207e-06
-9.41893e-06
-1.06308e-05
-1.19442e-05
-1.30701e-05
-1.38549e-05
-1.42479e-05
-1.42342e-05
-1.38207e-05
-1.30354e-05
-1.19235e-05
-1.05425e-05
-8.9602e-06
-7.25343e-06
-5.50478e-06
-3.79932e-06
-2.21987e-06
-8.41676e-07
2.72968e-07
1.07982e-06
1.55664e-06
1.7053e-06
1.55104e-06
1.14101e-06
5.31859e-07
-2.1162e-07
-8.6825e-06
-8.62772e-06
-8.53729e-06
-8.4101e-06
-8.24821e-06
-8.05789e-06
-7.84867e-06
-7.63159e-06
-7.41788e-06
-7.21815e-06
-7.04198e-06
-6.89877e-06
-6.7977e-06
-6.74862e-06
-6.76646e-06
-6.86425e-06
-7.06323e-06
-7.40281e-06
-7.89618e-06
-8.56802e-06
-9.49107e-06
-1.0651e-05
-1.18881e-05
-1.29401e-05
-1.3664e-05
-1.40146e-05
-1.3982e-05
-1.35763e-05
-1.28286e-05
-1.17869e-05
-1.05103e-05
-9.06686e-06
-7.53055e-06
-5.97841e-06
-4.48674e-06
-3.12648e-06
-1.9584e-06
-1.02904e-06
-3.67657e-07
1.54948e-08
1.29093e-07
-1.46939e-09
-3.39095e-07
-8.36129e-07
-1.44463e-06
-8.23473e-06
-8.20698e-06
-8.15102e-06
-8.06567e-06
-7.95155e-06
-7.81236e-06
-7.65464e-06
-7.48681e-06
-7.31829e-06
-7.15881e-06
-7.01791e-06
-6.90556e-06
-6.83158e-06
-6.80681e-06
-6.8464e-06
-6.96281e-06
-7.17845e-06
-7.52686e-06
-8.01328e-06
-8.66897e-06
-9.56125e-06
-1.06589e-05
-1.18065e-05
-1.27745e-05
-1.34324e-05
-1.37407e-05
-1.36946e-05
-1.33073e-05
-1.26125e-05
-1.16598e-05
-1.05082e-05
-9.22332e-06
-7.87363e-06
-6.52784e-06
-5.25155e-06
-4.10322e-06
-3.13002e-06
-2.36531e-06
-1.82747e-06
-1.51978e-06
-1.43148e-06
-1.54021e-06
-1.81515e-06
-2.22084e-06
-2.72099e-06
-7.75785e-06
-7.75677e-06
-7.73329e-06
-7.68659e-06
-7.61678e-06
-7.52602e-06
-7.41876e-06
-7.30128e-06
-7.18117e-06
-7.06691e-06
-6.96739e-06
-6.89246e-06
-6.85209e-06
-6.85746e-06
-6.92359e-06
-7.06178e-06
-7.29673e-06
-7.65084e-06
-8.12806e-06
-8.76752e-06
-9.61669e-06
-1.06395e-05
-1.16886e-05
-1.25656e-05
-1.31555e-05
-1.34255e-05
-1.33751e-05
-1.30202e-05
-1.23959e-05
-1.15518e-05
-1.05444e-05
-9.43464e-06
-8.28309e-06
-7.14792e-06
-6.08331e-06
-5.13602e-06
-4.34165e-06
-3.72336e-06
-3.29221e-06
-3.04798e-06
-2.98037e-06
-3.07102e-06
-3.29603e-06
-3.62902e-06
-4.04285e-06
-7.24531e-06
-7.2708e-06
-7.27859e-06
-7.26826e-06
-7.23987e-06
-7.19482e-06
-7.13624e-06
-7.0688e-06
-6.99853e-06
-6.93253e-06
-6.87871e-06
-6.84617e-06
-6.8446e-06
-6.88492e-06
-6.98117e-06
-7.14485e-06
-7.3967e-06
-7.75679e-06
-8.22965e-06
-8.84532e-06
-9.63659e-06
-1.05766e-05
-1.15234e-05
-1.2307e-05
-1.28316e-05
-1.30714e-05
-1.303e-05
-1.27244e-05
-1.21896e-05
-1.14724e-05
-1.06253e-05
-9.7027e-06
-8.75525e-06
-7.8295e-06
-6.9686e-06
-6.20932e-06
-5.57826e-06
-5.09121e-06
-4.75466e-06
-4.56711e-06
-4.52009e-06
-4.59952e-06
-4.78752e-06
-5.06462e-06
-5.41085e-06
-6.69005e-06
-6.74199e-06
-6.78005e-06
-6.8042e-06
-6.81468e-06
-6.81262e-06
-6.80036e-06
-6.78148e-06
-6.76074e-06
-6.74403e-06
-6.73822e-06
-6.7512e-06
-6.79181e-06
-6.86987e-06
-6.99842e-06
-7.1886e-06
-7.45634e-06
-7.82197e-06
-8.28643e-06
-8.875e-06
-9.60486e-06
-1.04553e-05
-1.13007e-05
-1.19946e-05
-1.24621e-05
-1.26848e-05
-1.26684e-05
-1.24307e-05
-1.20038e-05
-1.14293e-05
-1.0754e-05
-1.00248e-05
-9.28172e-06
-8.55965e-06
-7.89189e-06
-7.30716e-06
-6.82541e-06
-6.45752e-06
-6.20748e-06
-6.07387e-06
-6.05051e-06
-6.12722e-06
-6.29113e-06
-6.52815e-06
-6.82379e-06
-6.08502e-06
-6.16305e-06
-6.23023e-06
-6.28694e-06
-6.33372e-06
-6.37167e-06
-6.40272e-06
-6.42978e-06
-6.45669e-06
-6.48833e-06
-6.53034e-06
-6.58952e-06
-6.67369e-06
-6.79097e-06
-6.95233e-06
-7.16762e-06
-7.45144e-06
-7.81832e-06
-8.27303e-06
-8.83061e-06
-9.50091e-06
-1.02622e-05
-1.10113e-05
-1.1626e-05
-1.20512e-05
-1.2274e-05
-1.23011e-05
-1.21495e-05
-1.18468e-05
-1.14267e-05
-1.09294e-05
-1.03937e-05
-9.8495e-06
-9.3219e-06
-8.83596e-06
-8.41357e-06
-8.06957e-06
-7.8119e-06
-7.64362e-06
-7.56411e-06
-7.56939e-06
-7.6526e-06
-7.80492e-06
-8.01658e-06
-8.27736e-06
-5.42293e-06
-5.52612e-06
-5.62093e-06
-5.70802e-06
-5.78824e-06
-5.86282e-06
-5.9335e-06
-6.00272e-06
-6.07364e-06
-6.15032e-06
-6.23758e-06
-6.3412e-06
-6.46805e-06
-6.62471e-06
-6.81968e-06
-7.05569e-06
-7.35292e-06
-7.72054e-06
-8.16328e-06
-8.68888e-06
-9.30091e-06
-9.98191e-06
-1.06483e-05
-1.12022e-05
-1.16042e-05
-1.18474e-05
-1.19376e-05
-1.18881e-05
-1.17209e-05
-1.14633e-05
-1.11459e-05
-1.07984e-05
-1.04429e-05
-1.00984e-05
-9.78339e-06
-9.51314e-06
-9.29823e-06
-9.14511e-06
-9.05701e-06
-9.03427e-06
-9.07468e-06
-9.17395e-06
-9.32642e-06
-9.52576e-06
-9.76508e-06
-4.7007e-06
-4.82668e-06
-4.94645e-06
-5.06079e-06
-5.17078e-06
-5.27782e-06
-5.38359e-06
-5.49019e-06
-5.60019e-06
-5.71682e-06
-5.8439e-06
-5.9863e-06
-6.15026e-06
-6.34197e-06
-6.56975e-06
-6.82406e-06
-7.13382e-06
-7.50237e-06
-7.93244e-06
-8.42827e-06
-8.99034e-06
-9.60625e-06
-1.02107e-05
-1.07265e-05
-1.11274e-05
-1.14106e-05
-1.15801e-05
-1.1644e-05
-1.16183e-05
-1.15252e-05
-1.13852e-05
-1.12172e-05
-1.10392e-05
-1.08672e-05
-1.07133e-05
-1.05869e-05
-1.04955e-05
-1.04452e-05
-1.04396e-05
-1.04796e-05
-1.05642e-05
-1.06911e-05
-1.0857e-05
-1.10582e-05
-1.12901e-05
-3.93338e-06
-4.07814e-06
-4.21839e-06
-4.35513e-06
-4.4897e-06
-4.62361e-06
-4.75851e-06
-4.89629e-06
-5.03915e-06
-5.18964e-06
-5.35059e-06
-5.52499e-06
-5.7154e-06
-5.92616e-06
-6.16322e-06
-6.45281e-06
-6.77826e-06
-7.14652e-06
-7.56472e-06
-8.03657e-06
-8.56189e-06
-9.1342e-06
-9.70303e-06
-1.02062e-05
-1.06274e-05
-1.09669e-05
-1.12253e-05
-1.14078e-05
-1.15258e-05
-1.15923e-05
-1.16195e-05
-1.16216e-05
-1.16128e-05
-1.16035e-05
-1.16007e-05
-1.16105e-05
-1.16393e-05
-1.16925e-05
-1.17734e-05
-1.18832e-05
-1.20219e-05
-1.21887e-05
-1.23823e-05
-1.26009e-05
-1.28419e-05
-3.17188e-06
-3.32992e-06
-3.48533e-06
-3.63904e-06
-3.79242e-06
-3.94698e-06
-4.1043e-06
-4.26602e-06
-4.43404e-06
-4.61057e-06
-4.79801e-06
-5.00013e-06
-5.21997e-06
-5.45793e-06
-5.72079e-06
-6.01888e-06
-6.35197e-06
-6.72197e-06
-7.13436e-06
-7.59248e-06
-8.09712e-06
-8.64585e-06
-9.20059e-06
-9.71358e-06
-1.01717e-05
-1.05734e-05
-1.09186e-05
-1.12104e-05
-1.14539e-05
-1.16562e-05
-1.18267e-05
-1.19756e-05
-1.21106e-05
-1.22374e-05
-1.23612e-05
-1.24876e-05
-1.26219e-05
-1.2768e-05
-1.29283e-05
-1.31043e-05
-1.32967e-05
-1.3506e-05
-1.37318e-05
-1.39733e-05
-1.42292e-05
-2.52701e-06
-2.69147e-06
-2.85523e-06
-3.01907e-06
-3.18422e-06
-3.35209e-06
-3.52416e-06
-3.70201e-06
-3.8873e-06
-4.08179e-06
-4.28777e-06
-4.50691e-06
-4.74239e-06
-5.00293e-06
-5.29092e-06
-5.6055e-06
-5.94613e-06
-6.3207e-06
-6.73415e-06
-7.18873e-06
-7.68655e-06
-8.2286e-06
-8.78517e-06
-9.3152e-06
-9.8067e-06
-1.02584e-05
-1.06697e-05
-1.10411e-05
-1.13755e-05
-1.16781e-05
-1.19549e-05
-1.2211e-05
-1.24508e-05
-1.2679e-05
-1.29004e-05
-1.31192e-05
-1.33389e-05
-1.35618e-05
-1.379e-05
-1.4025e-05
-1.4268e-05
-1.45197e-05
-1.47802e-05
-1.50493e-05
-1.53265e-05
-2.03655e-06
-2.20539e-06
-2.37506e-06
-2.54639e-06
-2.72053e-06
-2.8988e-06
-3.08254e-06
-3.27318e-06
-3.47225e-06
-3.68149e-06
-3.90323e-06
-4.13984e-06
-4.39429e-06
-4.67013e-06
-4.96863e-06
-5.28992e-06
-5.63756e-06
-6.01742e-06
-6.4331e-06
-6.88724e-06
-7.38292e-06
-7.92291e-06
-8.48256e-06
-9.02522e-06
-9.53967e-06
-1.00246e-05
-1.04789e-05
-1.0903e-05
-1.12989e-05
-1.16695e-05
-1.20179e-05
-1.23471e-05
-1.26608e-05
-1.29629e-05
-1.32566e-05
-1.35443e-05
-1.38281e-05
-1.411e-05
-1.43916e-05
-1.46745e-05
-1.49596e-05
-1.52476e-05
-1.55388e-05
-1.58334e-05
-1.61312e-05
-1.67341e-06
-1.8459e-06
-2.02056e-06
-2.19823e-06
-2.38002e-06
-2.56713e-06
-2.7608e-06
-2.96235e-06
-3.17327e-06
-3.39527e-06
-3.63005e-06
-3.87955e-06
-4.14627e-06
-4.43191e-06
-4.73789e-06
-5.06669e-06
-5.42214e-06
-5.80771e-06
-6.22643e-06
-6.68139e-06
-7.17603e-06
-7.71361e-06
-8.27292e-06
-8.82107e-06
-9.34771e-06
-9.85165e-06
-1.03322e-05
-1.07897e-05
-1.1225e-05
-1.16395e-05
-1.20354e-05
-1.2415e-05
-1.27812e-05
-1.31359e-05
-1.3481e-05
-1.38181e-05
-1.41489e-05
-1.44749e-05
-1.47974e-05
-1.51174e-05
-1.54356e-05
-1.57527e-05
-1.6069e-05
-1.63847e-05
-1.66998e-05
-1.40964e-06
-1.58637e-06
-1.76636e-06
-1.95047e-06
-2.13973e-06
-2.33527e-06
-2.5382e-06
-2.74971e-06
-2.97111e-06
-3.20379e-06
-3.44928e-06
-3.70939e-06
-3.9858e-06
-4.28007e-06
-4.59415e-06
-4.93082e-06
-5.29278e-06
-5.68262e-06
-6.1033e-06
-6.55788e-06
-7.04964e-06
-7.58178e-06
-8.13578e-06
-8.68242e-06
-9.21245e-06
-9.72503e-06
-1.02196e-05
-1.0696e-05
-1.11549e-05
-1.15972e-05
-1.20244e-05
-1.24381e-05
-1.28397e-05
-1.32301e-05
-1.36108e-05
-1.3983e-05
-1.43477e-05
-1.4706e-05
-1.50587e-05
-1.54066e-05
-1.57502e-05
-1.609e-05
-1.64261e-05
-1.67588e-05
-1.70881e-05
-1.2251e-06
-1.40682e-06
-1.59264e-06
-1.78341e-06
-1.98012e-06
-2.18374e-06
-2.39531e-06
-2.61589e-06
-2.84662e-06
-3.08876e-06
-3.34366e-06
-3.6129e-06
-3.89767e-06
-4.19976e-06
-4.52119e-06
-4.86402e-06
-5.23042e-06
-5.62274e-06
-6.04365e-06
-6.4959e-06
-6.98242e-06
-7.50614e-06
-8.05083e-06
-8.59088e-06
-9.11823e-06
-9.63214e-06
-1.0132e-05
-1.06178e-05
-1.109e-05
-1.1549e-05
-1.19958e-05
-1.2431e-05
-1.28553e-05
-1.32695e-05
-1.36745e-05
-1.4071e-05
-1.44596e-05
-1.48411e-05
-1.5216e-05
-1.55846e-05
-1.59473e-05
-1.63044e-05
-1.66559e-05
-1.70021e-05
-1.73429e-05
-1.10117e-06
-1.28834e-06
-1.48021e-06
-1.67764e-06
-1.88154e-06
-2.0928e-06
-2.31235e-06
-2.54116e-06
-2.78034e-06
-3.03094e-06
-3.29406e-06
-3.57078e-06
-3.8628e-06
-4.1716e-06
-4.49873e-06
-4.84592e-06
-5.21509e-06
-5.60831e-06
-6.02786e-06
-6.47607e-06
-6.95556e-06
-7.46883e-06
-8.00172e-06
-8.53205e-06
-9.05281e-06
-9.56332e-06
-1.00631e-05
-1.05521e-05
-1.10304e-05
-1.14983e-05
-1.1956e-05
-1.2404e-05
-1.28426e-05
-1.32723e-05
-1.36935e-05
-1.41066e-05
-1.45119e-05
-1.49099e-05
-1.53006e-05
-1.56844e-05
-1.60614e-05
-1.64317e-05
-1.67953e-05
-1.71521e-05
-1.75023e-05
-1.02139e-06
-1.21413e-06
-1.41201e-06
-1.61588e-06
-1.82657e-06
-2.04491e-06
-2.27173e-06
-2.50795e-06
-2.7545e-06
-3.01227e-06
-3.28226e-06
-3.56564e-06
-3.86378e-06
-4.17787e-06
-4.50926e-06
-4.85945e-06
-5.2301e-06
-5.62293e-06
-6.03988e-06
-6.48291e-06
-6.95428e-06
-7.45606e-06
-7.97592e-06
-8.49488e-06
-9.00689e-06
-9.51128e-06
-1.00076e-05
-1.04957e-05
-1.09754e-05
-1.1447e-05
-1.19102e-05
-1.23655e-05
-1.28127e-05
-1.32522e-05
-1.3684e-05
-1.41083e-05
-1.45252e-05
-1.49347e-05
-1.5337e-05
-1.57319e-05
-1.61196e-05
-1.65e-05
-1.68729e-05
-1.72382e-05
-1.7596e-05
-9.72384e-07
-1.17056e-06
-1.37418e-06
-1.58407e-06
-1.801e-06
-2.02574e-06
-2.25905e-06
-2.50177e-06
-2.75454e-06
-3.01858e-06
-3.29444e-06
-3.58341e-06
-3.88647e-06
-4.20467e-06
-4.53919e-06
-4.89132e-06
-5.26244e-06
-5.65397e-06
-6.06755e-06
-6.50478e-06
-6.9676e-06
-7.45764e-06
-7.96425e-06
-8.47135e-06
-8.97369e-06
-9.47056e-06
-9.96151e-06
-1.04463e-05
-1.09248e-05
-1.13969e-05
-1.18625e-05
-1.23214e-05
-1.27737e-05
-1.32192e-05
-1.36579e-05
-1.40898e-05
-1.45146e-05
-1.49324e-05
-1.5343e-05
-1.57463e-05
-1.61421e-05
-1.65303e-05
-1.69106e-05
-1.72829e-05
-1.76471e-05
-9.43815e-07
-1.14708e-06
-1.356e-06
-1.57136e-06
-1.79388e-06
-2.02428e-06
-2.26327e-06
-2.51162e-06
-2.77005e-06
-3.03912e-06
-3.31998e-06
-3.6135e-06
-3.92049e-06
-4.24188e-06
-4.57868e-06
-4.93195e-06
-5.30284e-06
-5.69253e-06
-6.10238e-06
-6.53367e-06
-6.98802e-06
-7.46667e-06
-7.9605e-06
-8.456e-06
-8.94858e-06
-9.4375e-06
-9.92233e-06
-1.04028e-05
-1.08787e-05
-1.13496e-05
-1.18155e-05
-1.22761e-05
-1.27311e-05
-1.31803e-05
-1.36235e-05
-1.40605e-05
-1.4491e-05
-1.49148e-05
-1.53317e-05
-1.57413e-05
-1.61435e-05
-1.65379e-05
-1.69243e-05
-1.73023e-05
-1.76719e-05
-9.28056e-07
-1.13596e-06
-1.34964e-06
-1.56986e-06
-1.79731e-06
-2.03266e-06
-2.27655e-06
-2.52969e-06
-2.7928e-06
-3.06641e-06
-3.35142e-06
-3.64866e-06
-3.95883e-06
-4.28272e-06
-4.62117e-06
-4.97505e-06
-5.34533e-06
-5.73295e-06
-6.13901e-06
-6.56452e-06
-7.01084e-06
-7.47883e-06
-7.96076e-06
-8.44537e-06
-8.92863e-06
-9.40978e-06
-9.88842e-06
-1.03642e-05
-1.08368e-05
-1.13059e-05
-1.17711e-05
-1.22321e-05
-1.26885e-05
-1.31399e-05
-1.35862e-05
-1.40268e-05
-1.44615e-05
-1.48898e-05
-1.53115e-05
-1.57261e-05
-1.61334e-05
-1.65329e-05
-1.69243e-05
-1.73073e-05
-1.76816e-05
-9.19818e-07
-1.13185e-06
-1.34975e-06
-1.57425e-06
-1.80599e-06
-2.04562e-06
-2.29374e-06
-2.551e-06
-2.81816e-06
-3.09563e-06
-3.38407e-06
-3.68442e-06
-3.99721e-06
-4.32307e-06
-4.66274e-06
-5.01692e-06
-5.3864e-06
-5.77191e-06
-6.17434e-06
-6.59446e-06
-7.03336e-06
-7.4916e-06
-7.9627e-06
-8.43736e-06
-8.91201e-06
-9.38594e-06
-9.85872e-06
-1.033e-05
-1.07992e-05
-1.12661e-05
-1.17301e-05
-1.21909e-05
-1.2648e-05
-1.31009e-05
-1.35493e-05
-1.39926e-05
-1.44305e-05
-1.48624e-05
-1.52879e-05
-1.57066e-05
-1.61181e-05
-1.65219e-05
-1.69176e-05
-1.73049e-05
-1.76833e-05
-9.15663e-07
-1.13134e-06
-1.35294e-06
-1.58116e-06
-1.81664e-06
-2.05997e-06
-2.31174e-06
-2.57254e-06
-2.84322e-06
-3.12401e-06
-3.41528e-06
-3.71827e-06
-4.03323e-06
-4.36072e-06
-4.70132e-06
-5.05562e-06
-5.42423e-06
-5.80773e-06
-6.2068e-06
-6.622e-06
-7.05418e-06
-7.50366e-06
-7.96504e-06
-8.43075e-06
-8.89765e-06
-9.36503e-06
-9.83245e-06
-1.02994e-05
-1.07655e-05
-1.12302e-05
-1.1693e-05
-1.21533e-05
-1.26107e-05
-1.30647e-05
-1.35147e-05
-1.39601e-05
-1.44005e-05
-1.48353e-05
-1.52641e-05
-1.56862e-05
-1.61013e-05
-1.65088e-05
-1.69082e-05
-1.72992e-05
-1.76814e-05
-9.13505e-07
-1.13237e-06
-1.3572e-06
-1.58866e-06
-1.82737e-06
-2.07392e-06
-2.32884e-06
-2.59272e-06
-2.86655e-06
-3.15001e-06
-3.44372e-06
-3.74899e-06
-4.06581e-06
-4.39465e-06
-4.736e-06
-5.09032e-06
-5.45809e-06
-5.83974e-06
-6.23577e-06
-6.64654e-06
-7.07272e-06
-7.51438e-06
-7.96713e-06
-8.42487e-06
-8.88487e-06
-9.34642e-06
-9.80905e-06
-1.02722e-05
-1.07354e-05
-1.11981e-05
-1.16596e-05
-1.21195e-05
-1.25771e-05
-1.30318e-05
-1.34831e-05
-1.39303e-05
-1.43728e-05
-1.48102e-05
-1.52417e-05
-1.56668e-05
-1.6085e-05
-1.64957e-05
-1.68984e-05
-1.72927e-05
-1.76781e-05
-9.1217e-07
-1.13381e-06
-1.36145e-06
-1.59573e-06
-1.83726e-06
-2.0866e-06
-2.34427e-06
-2.61097e-06
-2.88732e-06
-3.173e-06
-3.46897e-06
-3.77622e-06
-4.09462e-06
-4.42461e-06
-4.76658e-06
-5.12088e-06
-5.48788e-06
-5.86785e-06
-6.26116e-06
-6.66799e-06
-7.08884e-06
-7.52357e-06
-7.96868e-06
-8.41939e-06
-8.87329e-06
-9.3297e-06
-9.7881e-06
-1.02479e-05
-1.07085e-05
-1.11694e-05
-1.16299e-05
-1.20893e-05
-1.2547e-05
-1.30024e-05
-1.34548e-05
-1.39035e-05
-1.4348e-05
-1.47875e-05
-1.52214e-05
-1.56491e-05
-1.60701e-05
-1.64836e-05
-1.68893e-05
-1.72865e-05
-1.76748e-05
-9.11066e-07
-1.13512e-06
-1.36519e-06
-1.60192e-06
-1.8459e-06
-2.09768e-06
-2.35777e-06
-2.62696e-06
-2.90531e-06
-3.19303e-06
-3.49103e-06
-3.79995e-06
-4.11974e-06
-4.45072e-06
-4.79322e-06
-5.14749e-06
-5.51378e-06
-5.89226e-06
-6.28315e-06
-6.6865e-06
-7.10265e-06
-7.53126e-06
-7.96963e-06
-8.41414e-06
-8.86269e-06
-9.3146e-06
-9.76929e-06
-1.02262e-05
-1.06846e-05
-1.11439e-05
-1.16034e-05
-1.20624e-05
-1.25203e-05
-1.29763e-05
-1.34297e-05
-1.38798e-05
-1.43259e-05
-1.47674e-05
-1.52035e-05
-1.56336e-05
-1.60569e-05
-1.64731e-05
-1.68813e-05
-1.72812e-05
-1.76721e-05
-9.0994e-07
-1.13608e-06
-1.36826e-06
-1.60711e-06
-1.85322e-06
-2.10711e-06
-2.36929e-06
-2.64058e-06
-2.92078e-06
-3.2103e-06
-3.51005e-06
-3.8204e-06
-4.14139e-06
-4.47323e-06
-4.81619e-06
-5.17042e-06
-5.53609e-06
-5.91325e-06
-6.30203e-06
-6.70232e-06
-7.11433e-06
-7.53757e-06
-7.97002e-06
-8.4091e-06
-8.85298e-06
-9.30096e-06
-9.75244e-06
-1.02068e-05
-1.06632e-05
-1.11212e-05
-1.15799e-05
-1.20387e-05
-1.24967e-05
-1.29533e-05
-1.34076e-05
-1.3859e-05
-1.43067e-05
-1.47499e-05
-1.51879e-05
-1.56201e-05
-1.60457e-05
-1.64641e-05
-1.68747e-05
-1.72768e-05
-1.76702e-05
-9.08683e-07
-1.13665e-06
-1.37068e-06
-1.61139e-06
-1.85934e-06
-2.11507e-06
-2.37908e-06
-2.65214e-06
-2.93401e-06
-3.22513e-06
-3.52638e-06
-3.838e-06
-4.16004e-06
-4.49265e-06
-4.836e-06
-5.1902e-06
-5.55532e-06
-5.93133e-06
-6.31824e-06
-6.71586e-06
-7.12424e-06
-7.54274e-06
-7.96992e-06
-8.4042e-06
-8.84398e-06
-9.28853e-06
-9.73721e-06
-1.01893e-05
-1.06442e-05
-1.1101e-05
-1.15591e-05
-1.20176e-05
-1.24759e-05
-1.2933e-05
-1.33882e-05
-1.38407e-05
-1.42898e-05
-1.47346e-05
-1.51744e-05
-1.56085e-05
-1.6036e-05
-1.64565e-05
-1.68692e-05
-1.72735e-05
-1.76689e-05
-9.07199e-07
-1.13686e-06
-1.3726e-06
-1.61502e-06
-1.86468e-06
-2.1221e-06
-2.38778e-06
-2.66248e-06
-2.94591e-06
-3.23845e-06
-3.54113e-06
-3.85396e-06
-4.17697e-06
-4.51029e-06
-4.85402e-06
-5.20819e-06
-5.5728e-06
-5.94774e-06
-6.3329e-06
-6.72805e-06
-7.13308e-06
-7.54716e-06
-7.9694e-06
-8.39918e-06
-8.83517e-06
-9.27654e-06
-9.72265e-06
-1.01727e-05
-1.06261e-05
-1.10819e-05
-1.15394e-05
-1.19978e-05
-1.24563e-05
-1.2914e-05
-1.33701e-05
-1.38238e-05
-1.42742e-05
-1.47205e-05
-1.5162e-05
-1.55979e-05
-1.60274e-05
-1.64498e-05
-1.68645e-05
-1.72708e-05
-1.76683e-05
-9.05637e-07
-1.13681e-06
-1.37408e-06
-1.61808e-06
-1.86939e-06
-2.1285e-06
-2.3959e-06
-2.6722e-06
-2.95713e-06
-3.25116e-06
-3.55514e-06
-3.86914e-06
-4.19309e-06
-4.52708e-06
-4.87116e-06
-5.2253e-06
-5.5894e-06
-5.96329e-06
-6.34676e-06
-6.73939e-06
-7.14105e-06
-7.55087e-06
-7.96863e-06
-8.39428e-06
-8.82667e-06
-9.26501e-06
-9.70862e-06
-1.01568e-05
-1.06087e-05
-1.10636e-05
-1.15206e-05
-1.19789e-05
-1.24376e-05
-1.28959e-05
-1.33529e-05
-1.38077e-05
-1.42595e-05
-1.47074e-05
-1.51505e-05
-1.55882e-05
-1.60196e-05
-1.64439e-05
-1.68605e-05
-1.72687e-05
-1.76681e-05
1.93922e-06
-4.6353e-06
-6.30552e-06
-7.30657e-06
-8.36479e-06
-9.47955e-06
-1.06488e-05
-1.18741e-05
-1.31588e-05
-1.4512e-05
-1.59454e-05
-1.7477e-05
-1.91298e-05
-2.09332e-05
-2.29316e-05
3.20797e-06
-2.42186e-06
-4.98389e-06
-6.60756e-06
-7.98522e-06
-9.26128e-06
-1.05177e-05
-1.17939e-05
-1.31096e-05
-1.44818e-05
-1.59265e-05
-1.74642e-05
-1.91193e-05
-2.09219e-05
-2.29169e-05
3.82363e-06
-1.07959e-06
-4.03122e-06
-6.02421e-06
-7.63515e-06
-9.05245e-06
-1.03918e-05
-1.17175e-05
-1.30635e-05
-1.44541e-05
-1.59096e-05
-1.74527e-05
-1.91093e-05
-2.09105e-05
-2.29011e-05
3.74817e-06
-3.4751e-07
-3.3426e-06
-5.54184e-06
-7.31834e-06
-8.85589e-06
-1.02733e-05
-1.16472e-05
-1.30226e-05
-1.44307e-05
-1.58959e-05
-1.74435e-05
-1.91009e-05
-2.08996e-05
-2.28852e-05
3.37411e-06
1.16087e-07
-2.75234e-06
-5.06789e-06
-6.98241e-06
-8.63731e-06
-1.01393e-05
-1.15683e-05
-1.29778e-05
-1.44061e-05
-1.58823e-05
-1.74347e-05
-1.90925e-05
-2.08881e-05
-2.28675e-05
2.95213e-06
2.93697e-07
-2.30759e-06
-4.61803e-06
-6.6215e-06
-8.38123e-06
-9.97238e-06
-1.1466e-05
-1.29183e-05
-1.43729e-05
-1.58639e-05
-1.74231e-05
-1.9082e-05
-2.08743e-05
-2.28467e-05
2.39436e-06
2.21661e-07
-2.05956e-06
-4.25574e-06
-6.27255e-06
-8.09991e-06
-9.76965e-06
-1.13311e-05
-1.28339e-05
-1.43225e-05
-1.58341e-05
-1.74038e-05
-1.90659e-05
-2.08556e-05
-2.28208e-05
1.69366e-06
-8.04743e-08
-2.03703e-06
-4.04368e-06
-5.99308e-06
-7.83084e-06
-9.54839e-06
-1.11667e-05
-1.27203e-05
-1.42478e-05
-1.57857e-05
-1.73707e-05
-1.90394e-05
-2.08281e-05
-2.27862e-05
8.72431e-07
-5.81062e-07
-2.23804e-06
-4.01936e-06
-5.8372e-06
-7.6238e-06
-9.34402e-06
-1.09929e-05
-1.25854e-05
-1.41492e-05
-1.57153e-05
-1.73188e-05
-1.89971e-05
-2.07868e-05
-2.27387e-05
-4.94377e-08
-1.24631e-06
-2.64132e-06
-4.19268e-06
-5.84057e-06
-7.52445e-06
-9.19906e-06
-1.08417e-05
-1.24499e-05
-1.40375e-05
-1.56266e-05
-1.72477e-05
-1.8936e-05
-2.07276e-05
-2.26736e-05
-1.05733e-06
-2.04779e-06
-3.21986e-06
-4.55505e-06
-6.01819e-06
-7.56463e-06
-9.15182e-06
-1.07495e-05
-1.23425e-05
-1.39327e-05
-1.55318e-05
-1.71639e-05
-1.88573e-05
-2.06486e-05
-2.25875e-05
-2.14217e-06
-2.9653e-06
-3.94985e-06
-5.09079e-06
-6.37078e-06
-7.76183e-06
-9.23104e-06
-1.0749e-05
-1.22947e-05
-1.38609e-05
-1.54506e-05
-1.70791e-05
-1.87705e-05
-2.0552e-05
-2.24784e-05
-3.29923e-06
-3.98592e-06
-4.81361e-06
-5.78446e-06
-6.89264e-06
-8.12368e-06
-9.45634e-06
-1.08673e-05
-1.23359e-05
-1.38502e-05
-1.54063e-05
-1.70121e-05
-1.8687e-05
-2.04479e-05
-2.23488e-05
-4.52525e-06
-5.10089e-06
-5.79822e-06
-6.62295e-06
-7.5759e-06
-8.65204e-06
-9.84055e-06
-1.11263e-05
-1.24932e-05
-1.39286e-05
-1.54253e-05
-1.69863e-05
-1.86205e-05
-2.03504e-05
-2.2206e-05
-5.81713e-06
-6.30329e-06
-6.89357e-06
-7.59501e-06
-8.41184e-06
-9.34482e-06
-1.03907e-05
-1.15424e-05
-1.27896e-05
-1.41231e-05
-1.55349e-05
-1.70248e-05
-1.85973e-05
-2.02651e-05
-2.20622e-05
-7.17154e-06
-7.58736e-06
-8.09147e-06
-8.691e-06
-9.39152e-06
-1.01969e-05
-1.11087e-05
-1.21256e-05
-1.32436e-05
-1.44574e-05
-1.57621e-05
-1.71545e-05
-1.86401e-05
-2.02199e-05
-2.19243e-05
-8.58285e-06
-8.94597e-06
-9.38336e-06
-9.90141e-06
-1.05057e-05
-1.12011e-05
-1.19916e-05
-1.28797e-05
-1.38664e-05
-1.495e-05
-1.61294e-05
-1.74026e-05
-1.87712e-05
-2.02413e-05
-2.18166e-05
-1.0042e-05
-1.03672e-05
-1.07548e-05
-1.12106e-05
-1.17395e-05
-1.23441e-05
-1.30291e-05
-1.37992e-05
-1.46587e-05
-1.56093e-05
-1.66517e-05
-1.77877e-05
-1.90152e-05
-2.03437e-05
-2.1767e-05
-1.15515e-05
-1.18513e-05
-1.22005e-05
-1.26043e-05
-1.30766e-05
-1.36074e-05
-1.42021e-05
-1.48672e-05
-1.56079e-05
-1.64277e-05
-1.73288e-05
-1.83148e-05
-1.93845e-05
-2.05446e-05
-2.17916e-05
-1.31056e-05
-1.33995e-05
-1.37325e-05
-1.41068e-05
-1.45153e-05
-1.49746e-05
-1.54885e-05
-1.60593e-05
-1.66898e-05
-1.73838e-05
-1.81441e-05
-1.89743e-05
-1.98757e-05
-2.08493e-05
-2.18993e-05
-1.45002e-05
-1.47927e-05
-1.51128e-05
-1.54638e-05
-1.58481e-05
-1.6268e-05
-1.67247e-05
-1.72217e-05
-1.77626e-05
-1.83503e-05
-1.8987e-05
-1.96756e-05
-2.04174e-05
-2.12137e-05
-2.20659e-05
-1.56134e-05
-1.59158e-05
-1.62385e-05
-1.65824e-05
-1.69496e-05
-1.73411e-05
-1.7759e-05
-1.82046e-05
-1.86792e-05
-1.91853e-05
-1.97248e-05
-2.02995e-05
-2.09109e-05
-2.15594e-05
-2.22458e-05
-1.64341e-05
-1.67467e-05
-1.70722e-05
-1.74112e-05
-1.77654e-05
-1.81359e-05
-1.8524e-05
-1.89299e-05
-1.93546e-05
-1.97999e-05
-2.0267e-05
-2.07573e-05
-2.12718e-05
-2.18112e-05
-2.23766e-05
-1.70159e-05
-1.7337e-05
-1.76658e-05
-1.80031e-05
-1.8349e-05
-1.8705e-05
-1.90713e-05
-1.94483e-05
-1.98369e-05
-2.02381e-05
-2.06528e-05
-2.10818e-05
-2.15261e-05
-2.19866e-05
-2.24643e-05
-1.74154e-05
-1.7744e-05
-1.80764e-05
-1.8413e-05
-1.87541e-05
-1.90999e-05
-1.94507e-05
-1.98072e-05
-2.01697e-05
-2.0539e-05
-2.09158e-05
-2.13007e-05
-2.16948e-05
-2.2099e-05
-2.25142e-05
-1.76797e-05
-1.80151e-05
-1.83508e-05
-1.86876e-05
-1.90254e-05
-1.93641e-05
-1.97042e-05
-2.0046e-05
-2.03899e-05
-2.07364e-05
-2.10861e-05
-2.14398e-05
-2.17983e-05
-2.21628e-05
-2.2534e-05
-1.78467e-05
-1.8188e-05
-1.85272e-05
-1.88648e-05
-1.92005e-05
-1.95346e-05
-1.98674e-05
-2.0199e-05
-2.05299e-05
-2.08604e-05
-2.11913e-05
-2.15231e-05
-2.18569e-05
-2.21936e-05
-2.25343e-05
-1.79469e-05
-1.82932e-05
-1.86359e-05
-1.89747e-05
-1.93097e-05
-1.96412e-05
-1.99693e-05
-2.02942e-05
-2.06163e-05
-2.0936e-05
-2.12538e-05
-2.15705e-05
-2.1887e-05
-2.22044e-05
-2.25236e-05
-1.80037e-05
-1.83544e-05
-1.87002e-05
-1.90408e-05
-1.93761e-05
-1.97064e-05
-2.00318e-05
-2.03525e-05
-2.06688e-05
-2.09811e-05
-2.129e-05
-2.15963e-05
-2.19007e-05
-2.22044e-05
-2.25082e-05
-1.80335e-05
-1.83884e-05
-1.87372e-05
-1.90797e-05
-1.94159e-05
-1.9746e-05
-2.007e-05
-2.03882e-05
-2.07007e-05
-2.10081e-05
-2.13109e-05
-2.16097e-05
-2.19055e-05
-2.21993e-05
-2.24919e-05
-1.80476e-05
-1.84062e-05
-1.87579e-05
-1.91026e-05
-1.94401e-05
-1.97706e-05
-2.0094e-05
-2.04107e-05
-2.07209e-05
-2.1025e-05
-2.13234e-05
-2.16169e-05
-2.19064e-05
-2.21927e-05
-2.24767e-05
-1.80532e-05
-1.84153e-05
-1.87697e-05
-1.91165e-05
-1.94555e-05
-1.97866e-05
-2.01101e-05
-2.0426e-05
-2.07346e-05
-2.10363e-05
-2.13317e-05
-2.16212e-05
-2.19057e-05
-2.21862e-05
-2.24635e-05
-1.80547e-05
-1.84199e-05
-1.87769e-05
-1.91257e-05
-1.94661e-05
-1.97982e-05
-2.01219e-05
-2.04374e-05
-2.0745e-05
-2.1045e-05
-2.1338e-05
-2.16243e-05
-2.1905e-05
-2.21807e-05
-2.24524e-05
-1.80546e-05
-1.84225e-05
-1.87819e-05
-1.91327e-05
-1.94745e-05
-1.98074e-05
-2.01315e-05
-2.04469e-05
-2.07538e-05
-2.10525e-05
-2.13435e-05
-2.16273e-05
-2.19047e-05
-2.21764e-05
-2.24433e-05
-1.80542e-05
-1.84246e-05
-1.87861e-05
-1.91387e-05
-1.94817e-05
-1.98155e-05
-2.01401e-05
-2.04554e-05
-2.07617e-05
-2.10594e-05
-2.13488e-05
-2.16304e-05
-2.19051e-05
-2.21733e-05
-2.2436e-05
-1.8054e-05
-1.84266e-05
-1.87901e-05
-1.91443e-05
-1.94885e-05
-1.98231e-05
-2.01481e-05
-2.04634e-05
-2.07692e-05
-2.1066e-05
-2.1354e-05
-2.16338e-05
-2.1906e-05
-2.21712e-05
-2.24303e-05
-1.80542e-05
-1.84288e-05
-1.87942e-05
-1.91497e-05
-1.94951e-05
-1.98304e-05
-2.01557e-05
-2.0471e-05
-2.07765e-05
-2.10724e-05
-2.13593e-05
-2.16374e-05
-2.19075e-05
-2.21699e-05
-2.24258e-05
-1.80549e-05
-1.84314e-05
-1.87984e-05
-1.91551e-05
-1.95014e-05
-1.98374e-05
-2.0163e-05
-2.04783e-05
-2.07835e-05
-2.10788e-05
-2.13645e-05
-2.16412e-05
-2.19093e-05
-2.21694e-05
-2.24223e-05
-1.80562e-05
-1.84344e-05
-1.88028e-05
-1.91607e-05
-1.95079e-05
-1.98445e-05
-2.01705e-05
-2.04858e-05
-2.07907e-05
-2.10853e-05
-2.137e-05
-2.16452e-05
-2.19116e-05
-2.21693e-05
-2.24194e-05
-1.80578e-05
-1.84378e-05
-1.88077e-05
-1.91667e-05
-1.95148e-05
-1.9852e-05
-2.01782e-05
-2.04934e-05
-2.07979e-05
-2.10918e-05
-2.13755e-05
-2.16494e-05
-2.1914e-05
-2.21697e-05
-2.24172e-05
-8.60975e-06
-8.61003e-06
-8.62003e-06
-8.63861e-06
-8.66486e-06
-8.69829e-06
-8.73783e-06
-8.78357e-06
-8.83542e-06
-8.89334e-06
-8.95731e-06
-9.02727e-06
-9.10316e-06
-9.18482e-06
-9.27204e-06
-9.3644e-06
-9.46128e-06
-9.56171e-06
-9.66424e-06
-9.76678e-06
-9.86647e-06
-9.95957e-06
-1.00387e-05
-1.0095e-05
-1.01217e-05
-1.01129e-05
-1.00633e-05
-9.96932e-06
-9.83048e-06
-9.64978e-06
-9.42888e-06
-9.17407e-06
-8.90391e-06
-8.6359e-06
-8.38749e-06
-8.17472e-06
-8.01167e-06
-7.9076e-06
-7.86421e-06
-7.87518e-06
-7.92701e-06
-8.00151e-06
-8.0796e-06
-8.13864e-06
-8.16634e-06
-8.5956e-06
-8.5964e-06
-8.60476e-06
-8.61963e-06
-8.64031e-06
-8.66658e-06
-8.69889e-06
-8.73686e-06
-8.78042e-06
-8.82963e-06
-8.88456e-06
-8.94531e-06
-9.01197e-06
-9.08457e-06
-9.16307e-06
-9.24732e-06
-9.33701e-06
-9.43158e-06
-9.52997e-06
-9.63049e-06
-9.73052e-06
-9.82617e-06
-9.90903e-06
-9.96981e-06
-1.00022e-05
-1.00009e-05
-9.96118e-06
-9.87998e-06
-9.75643e-06
-9.5919e-06
-9.39145e-06
-9.1677e-06
-8.9328e-06
-8.69913e-06
-8.4822e-06
-8.2982e-06
-8.15946e-06
-8.07217e-06
-8.03575e-06
-8.04306e-06
-8.08198e-06
-8.1379e-06
-8.19664e-06
-8.24723e-06
-8.28081e-06
-8.56319e-06
-8.5662e-06
-8.57499e-06
-8.58906e-06
-8.60823e-06
-8.63237e-06
-8.66154e-06
-8.69582e-06
-8.7353e-06
-8.78014e-06
-8.8305e-06
-8.88661e-06
-8.94871e-06
-9.01706e-06
-9.09194e-06
-9.17364e-06
-9.26241e-06
-9.35847e-06
-9.46181e-06
-9.57201e-06
-9.68796e-06
-9.80703e-06
-9.91993e-06
-1.00145e-05
-1.0082e-05
-1.01146e-05
-1.01051e-05
-1.00487e-05
-9.94313e-06
-9.78975e-06
-9.59324e-06
-9.36474e-06
-9.11835e-06
-8.87016e-06
-8.63765e-06
-8.43758e-06
-8.28333e-06
-8.18268e-06
-8.13636e-06
-8.13818e-06
-8.17644e-06
-8.23635e-06
-8.30308e-06
-8.36702e-06
-8.42663e-06
-8.51838e-06
-8.52421e-06
-8.53386e-06
-8.54761e-06
-8.56556e-06
-8.58779e-06
-8.61443e-06
-8.64571e-06
-8.68187e-06
-8.72322e-06
-8.7701e-06
-8.82291e-06
-8.88214e-06
-8.94837e-06
-9.02234e-06
-9.10496e-06
-9.19738e-06
-9.30101e-06
-9.41749e-06
-9.54852e-06
-9.69544e-06
-9.85781e-06
-1.00245e-05
-1.01777e-05
-1.03037e-05
-1.039e-05
-1.04256e-05
-1.04032e-05
-1.03198e-05
-1.01766e-05
-9.97945e-06
-9.73878e-06
-9.46997e-06
-9.19108e-06
-8.92203e-06
-8.68258e-06
-8.48966e-06
-8.35473e-06
-8.28182e-06
-8.26693e-06
-8.29904e-06
-8.36237e-06
-8.43985e-06
-8.52085e-06
-8.60576e-06
-8.46624e-06
-8.47488e-06
-8.48573e-06
-8.49952e-06
-8.51673e-06
-8.53759e-06
-8.56235e-06
-8.59138e-06
-8.62506e-06
-8.66387e-06
-8.70833e-06
-8.75907e-06
-8.81688e-06
-8.88276e-06
-8.958e-06
-9.04433e-06
-9.14408e-06
-9.26029e-06
-9.39685e-06
-9.55834e-06
-9.74949e-06
-9.97301e-06
-1.02152e-05
-1.04493e-05
-1.0654e-05
-1.08107e-05
-1.09034e-05
-1.09242e-05
-1.08701e-05
-1.07416e-05
-1.05439e-05
-1.02884e-05
-9.99031e-06
-9.66909e-06
-9.34734e-06
-9.04872e-06
-8.79534e-06
-8.60451e-06
-8.48576e-06
-8.43903e-06
-8.45483e-06
-8.51607e-06
-8.60235e-06
-8.70064e-06
-8.81159e-06
-8.41038e-06
-8.42156e-06
-8.43358e-06
-8.44761e-06
-8.46443e-06
-8.48436e-06
-8.50777e-06
-8.53516e-06
-8.56708e-06
-8.60414e-06
-8.64708e-06
-8.69679e-06
-8.75437e-06
-8.82128e-06
-8.89947e-06
-8.99163e-06
-9.10144e-06
-9.23391e-06
-9.39563e-06
-9.59465e-06
-9.83982e-06
-1.01377e-05
-1.04713e-05
-1.08015e-05
-1.10969e-05
-1.13319e-05
-1.14906e-05
-1.15635e-05
-1.15458e-05
-1.14396e-05
-1.12461e-05
-1.09771e-05
-1.06483e-05
-1.02801e-05
-9.89704e-06
-9.52669e-06
-9.19704e-06
-8.93272e-06
-8.75071e-06
-8.65685e-06
-8.64451e-06
-8.69585e-06
-8.78671e-06
-8.90092e-06
-9.03889e-06
-8.35316e-06
-8.36672e-06
-8.37986e-06
-8.39419e-06
-8.41078e-06
-8.43002e-06
-8.45239e-06
-8.47852e-06
-8.50908e-06
-8.54488e-06
-8.58683e-06
-8.63606e-06
-8.69405e-06
-8.76272e-06
-8.84472e-06
-8.94373e-06
-9.06492e-06
-9.21544e-06
-9.40483e-06
-9.64503e-06
-9.94933e-06
-1.03286e-05
-1.07616e-05
-1.11941e-05
-1.15837e-05
-1.19041e-05
-1.21388e-05
-1.22718e-05
-1.22942e-05
-1.22065e-05
-1.20192e-05
-1.1741e-05
-1.13861e-05
-1.09743e-05
-1.0531e-05
-1.00866e-05
-9.67459e-06
-9.32709e-06
-9.06972e-06
-8.91597e-06
-8.86397e-06
-8.89641e-06
-8.98597e-06
-9.11328e-06
-9.27824e-06
-8.29722e-06
-8.31255e-06
-8.32658e-06
-8.34116e-06
-8.35754e-06
-8.37619e-06
-8.39766e-06
-8.42268e-06
-8.45207e-06
-8.48676e-06
-8.52787e-06
-8.57677e-06
-8.63527e-06
-8.70576e-06
-8.79158e-06
-8.89742e-06
-9.02993e-06
-9.19843e-06
-9.41557e-06
-9.69736e-06
-1.00616e-05
-1.05235e-05
-1.1058e-05
-1.15949e-05
-1.20818e-05
-1.24868e-05
-1.27865e-05
-1.29675e-05
-1.30259e-05
-1.29634e-05
-1.27869e-05
-1.25052e-05
-1.21318e-05
-1.16853e-05
-1.11908e-05
-1.068e-05
-1.01901e-05
-9.7597e-06
-9.42293e-06
-9.20199e-06
-9.10152e-06
-9.10675e-06
-9.18856e-06
-9.32501e-06
-9.51543e-06
-8.24355e-06
-8.26038e-06
-8.27514e-06
-8.2899e-06
-8.30606e-06
-8.32411e-06
-8.34468e-06
-8.36858e-06
-8.39674e-06
-8.43023e-06
-8.47034e-06
-8.51868e-06
-8.57734e-06
-8.64918e-06
-8.73818e-06
-8.84999e-06
-8.99269e-06
-9.17771e-06
-9.42077e-06
-9.74202e-06
-1.01637e-05
-1.07047e-05
-1.13366e-05
-1.19722e-05
-1.25479e-05
-1.30262e-05
-1.33826e-05
-1.36062e-05
-1.36956e-05
-1.36532e-05
-1.34864e-05
-1.32042e-05
-1.2819e-05
-1.23482e-05
-1.18154e-05
-1.1252e-05
-1.06966e-05
-1.01923e-05
-9.78054e-06
-9.49188e-06
-9.33872e-06
-9.31073e-06
-9.37895e-06
-9.52003e-06
-9.73295e-06
-8.19312e-06
-8.21122e-06
-8.22658e-06
-8.24145e-06
-8.25732e-06
-8.2747e-06
-8.29426e-06
-8.31687e-06
-8.34358e-06
-8.37557e-06
-8.41427e-06
-8.4615e-06
-8.51965e-06
-8.59197e-06
-8.68303e-06
-8.79938e-06
-8.95044e-06
-9.14962e-06
-9.41557e-06
-9.77261e-06
-1.02471e-05
-1.08602e-05
-1.15818e-05
-1.23067e-05
-1.29596e-05
-1.34992e-05
-1.39015e-05
-1.41576e-05
-1.42684e-05
-1.4239e-05
-1.40779e-05
-1.37948e-05
-1.34018e-05
-1.29148e-05
-1.23559e-05
-1.17547e-05
-1.11495e-05
-1.05853e-05
-1.01089e-05
-9.75788e-06
-9.55255e-06
-9.48846e-06
-9.53872e-06
-9.68005e-06
-9.91169e-06
-8.14654e-06
-8.1658e-06
-8.18168e-06
-8.19659e-06
-8.21208e-06
-8.22866e-06
-8.24701e-06
-8.26807e-06
-8.29295e-06
-8.32295e-06
-8.35964e-06
-8.40502e-06
-8.46173e-06
-8.53339e-06
-8.62513e-06
-8.74429e-06
-8.90154e-06
-9.11207e-06
-9.39726e-06
-9.78551e-06
-1.03064e-05
-1.09854e-05
-1.17864e-05
-1.25895e-05
-1.33076e-05
-1.38964e-05
-1.43327e-05
-1.461e-05
-1.47321e-05
-1.47074e-05
-1.4546e-05
-1.4259e-05
-1.38586e-05
-1.33601e-05
-1.27835e-05
-1.21566e-05
-1.15156e-05
-1.09053e-05
-1.03773e-05
-9.97248e-06
-9.71876e-06
-9.61845e-06
-9.64816e-06
-9.78607e-06
-1.00325e-05
-8.10426e-06
-8.12467e-06
-8.14104e-06
-8.15594e-06
-8.17095e-06
-8.18655e-06
-8.20343e-06
-8.22257e-06
-8.24514e-06
-8.27255e-06
-8.30648e-06
-8.3491e-06
-8.40331e-06
-8.47305e-06
-8.56393e-06
-8.68407e-06
-8.84524e-06
-9.0643e-06
-9.36491e-06
-9.77909e-06
-1.03399e-05
-1.10792e-05
-1.19498e-05
-1.28197e-05
-1.35915e-05
-1.42183e-05
-1.46778e-05
-1.49662e-05
-1.50907e-05
-1.50624e-05
-1.48942e-05
-1.45986e-05
-1.41886e-05
-1.3679e-05
-1.30887e-05
-1.2443e-05
-1.17756e-05
-1.11294e-05
-1.05619e-05
-1.01122e-05
-9.81496e-06
-9.67993e-06
-9.68798e-06
-9.81971e-06
-1.00775e-05
-8.06665e-06
-8.08831e-06
-8.10519e-06
-8.12004e-06
-8.13446e-06
-8.14887e-06
-8.16395e-06
-8.18073e-06
-8.20043e-06
-8.22453e-06
-8.25486e-06
-8.29375e-06
-8.3443e-06
-8.41079e-06
-8.49931e-06
-8.61863e-06
-8.78156e-06
-9.00655e-06
-9.31928e-06
-9.75382e-06
-1.03504e-05
-1.11427e-05
-1.20743e-05
-1.30009e-05
-1.38166e-05
-1.44721e-05
-1.4946e-05
-1.52375e-05
-1.53567e-05
-1.53181e-05
-1.51367e-05
-1.48269e-05
-1.4403e-05
-1.38797e-05
-1.3275e-05
-1.26125e-05
-1.19235e-05
-1.12468e-05
-1.06449e-05
-1.01584e-05
-9.82223e-06
-9.65451e-06
-9.64068e-06
-9.7643e-06
-1.00307e-05
-8.03407e-06
-8.05715e-06
-8.07462e-06
-8.0894e-06
-8.10309e-06
-8.11607e-06
-8.12899e-06
-8.1429e-06
-8.15908e-06
-8.17911e-06
-8.20494e-06
-8.23906e-06
-8.28479e-06
-8.34674e-06
-8.43141e-06
-8.54825e-06
-8.71104e-06
-8.93966e-06
-9.26182e-06
-9.71364e-06
-1.03413e-05
-1.11783e-05
-1.21638e-05
-1.31395e-05
-1.39913e-05
-1.46682e-05
-1.51499e-05
-1.54383e-05
-1.55465e-05
-1.54917e-05
-1.52914e-05
-1.49619e-05
-1.45185e-05
-1.39763e-05
-1.33529e-05
-1.26707e-05
-1.19596e-05
-1.12563e-05
-1.0618e-05
-1.00969e-05
-9.72569e-06
-9.52715e-06
-9.49147e-06
-9.60554e-06
-9.87851e-06
-8.00693e-06
-8.03167e-06
-8.04983e-06
-8.0645e-06
-8.07734e-06
-8.08861e-06
-8.09894e-06
-8.10941e-06
-8.12139e-06
-8.13652e-06
-8.15691e-06
-8.18522e-06
-8.225e-06
-8.28115e-06
-8.36064e-06
-8.47354e-06
-8.63453e-06
-8.86487e-06
-9.19432e-06
-9.66149e-06
-1.0315e-05
-1.11906e-05
-1.22245e-05
-1.32429e-05
-1.41248e-05
-1.48177e-05
-1.53024e-05
-1.55834e-05
-1.56763e-05
-1.56008e-05
-1.53765e-05
-1.50214e-05
-1.45519e-05
-1.39839e-05
-1.33348e-05
-1.26264e-05
-1.18878e-05
-1.11558e-05
-1.04784e-05
-9.92141e-06
-9.51592e-06
-9.28667e-06
-9.22857e-06
-9.33167e-06
-9.60973e-06
-7.98568e-06
-8.01238e-06
-8.03135e-06
-8.0459e-06
-8.0577e-06
-8.06693e-06
-8.07419e-06
-8.08061e-06
-8.08761e-06
-8.097e-06
-8.111e-06
-8.13247e-06
-8.1652e-06
-8.21443e-06
-8.28754e-06
-8.39523e-06
-8.55308e-06
-8.7836e-06
-9.11848e-06
-9.59876e-06
-1.02747e-05
-1.11852e-05
-1.22625e-05
-1.33186e-05
-1.4226e-05
-1.4931e-05
-1.54155e-05
-1.56859e-05
-1.57602e-05
-1.56601e-05
-1.54071e-05
-1.50206e-05
-1.4518e-05
-1.39161e-05
-1.32325e-05
-1.24888e-05
-1.17143e-05
-1.09455e-05
-1.02266e-05
-9.62754e-06
-9.1861e-06
-8.92461e-06
-8.84279e-06
-8.93328e-06
-9.21517e-06
-7.97087e-06
-7.99987e-06
-8.01977e-06
-8.03415e-06
-8.0447e-06
-8.05149e-06
-8.05513e-06
-8.05678e-06
-8.05801e-06
-8.06075e-06
-8.06741e-06
-8.08106e-06
-8.10575e-06
-8.14703e-06
-8.21273e-06
-8.31418e-06
-8.46781e-06
-8.69734e-06
-9.03621e-06
-9.52771e-06
-1.0224e-05
-1.11666e-05
-1.22833e-05
-1.3373e-05
-1.43027e-05
-1.50172e-05
-1.54992e-05
-1.57569e-05
-1.58099e-05
-1.56819e-05
-1.53957e-05
-1.49718e-05
-1.44287e-05
-1.37838e-05
-1.30555e-05
-1.22659e-05
-1.14449e-05
-1.06269e-05
-9.86419e-06
-9.21492e-06
-8.73071e-06
-8.43462e-06
-8.32739e-06
-8.40318e-06
-8.68768e-06
-7.9631e-06
-7.99477e-06
-8.01577e-06
-8.02988e-06
-8.03889e-06
-8.04276e-06
-8.0421e-06
-8.0382e-06
-8.03276e-06
-8.02793e-06
-8.02631e-06
-8.0312e-06
-8.04695e-06
-8.07942e-06
-8.13688e-06
-8.23127e-06
-8.37989e-06
-8.60757e-06
-8.94937e-06
-9.45084e-06
-1.01659e-05
-1.11381e-05
-1.22915e-05
-1.3412e-05
-1.43615e-05
-1.50835e-05
-1.55615e-05
-1.58047e-05
-1.58344e-05
-1.56753e-05
-1.53514e-05
-1.48841e-05
-1.42926e-05
-1.35952e-05
-1.28111e-05
-1.19634e-05
-1.10823e-05
-1.02072e-05
-9.39018e-06
-8.6818e-06
-8.14915e-06
-7.81334e-06
-7.67787e-06
-7.73607e-06
-8.02214e-06
-7.9631e-06
-7.99786e-06
-8.02005e-06
-8.03376e-06
-8.04083e-06
-8.04117e-06
-8.03543e-06
-8.02506e-06
-8.01199e-06
-7.99862e-06
-7.9878e-06
-7.98306e-06
-7.98908e-06
-8.01202e-06
-8.0606e-06
-8.14733e-06
-8.29041e-06
-8.51558e-06
-8.8598e-06
-9.37026e-06
-1.01028e-05
-1.1103e-05
-1.22908e-05
-1.344e-05
-1.44075e-05
-1.51357e-05
-1.56083e-05
-1.58356e-05
-1.58399e-05
-1.56468e-05
-1.52807e-05
-1.47638e-05
-1.41158e-05
-1.3356e-05
-1.25047e-05
-1.15865e-05
-1.06332e-05
-9.6868e-06
-8.80035e-06
-8.03256e-06
-7.44257e-06
-7.05852e-06
-6.89132e-06
-6.92767e-06
-7.2153e-06
-7.97169e-06
-8.00998e-06
-8.03346e-06
-8.0465e-06
-8.05112e-06
-8.04713e-06
-8.03535e-06
-8.01746e-06
-7.9957e-06
-7.97278e-06
-7.95185e-06
-7.9367e-06
-7.93232e-06
-7.94521e-06
-7.98444e-06
-8.06315e-06
-8.20025e-06
-8.4228e-06
-8.76889e-06
-9.28778e-06
-1.0037e-05
-1.10638e-05
-1.22842e-05
-1.34604e-05
-1.44445e-05
-1.51777e-05
-1.56439e-05
-1.58541e-05
-1.58311e-05
-1.56008e-05
-1.5188e-05
-1.46152e-05
-1.39027e-05
-1.30705e-05
-1.21405e-05
-1.11392e-05
-1.01007e-05
-9.06997e-06
-8.10283e-06
-7.26225e-06
-6.60874e-06
-6.17142e-06
-5.96726e-06
-5.97561e-06
-6.2646e-06
-7.98981e-06
-8.03211e-06
-8.05691e-06
-8.06891e-06
-8.07033e-06
-8.06104e-06
-8.04204e-06
-8.0154e-06
-7.98376e-06
-7.95025e-06
-7.91835e-06
-7.89211e-06
-7.8768e-06
-7.87924e-06
-7.90889e-06
-7.97938e-06
-8.11044e-06
-8.3302e-06
-8.67797e-06
-9.20491e-06
-9.97022e-06
-1.10226e-05
-1.22739e-05
-1.34756e-05
-1.44751e-05
-1.52124e-05
-1.56713e-05
-1.5863e-05
-1.58106e-05
-1.554e-05
-1.50762e-05
-1.44414e-05
-1.36563e-05
-1.27421e-05
-1.1722e-05
-1.0625e-05
-9.48833e-06
-8.36007e-06
-7.29984e-06
-6.3748e-06
-5.64873e-06
-5.1525e-06
-4.90357e-06
-4.88606e-06
-5.16422e-06
-8.01859e-06
-8.06541e-06
-8.09145e-06
-8.10181e-06
-8.09907e-06
-8.08319e-06
-8.05557e-06
-8.01877e-06
-7.97596e-06
-7.93077e-06
-7.88701e-06
-7.84912e-06
-7.82253e-06
-7.81432e-06
-7.8343e-06
-7.89661e-06
-8.02168e-06
-8.23867e-06
-8.58809e-06
-9.12287e-06
-9.90372e-06
-1.09807e-05
-1.22616e-05
-1.34876e-05
-1.45013e-05
-1.52417e-05
-1.56922e-05
-1.58641e-05
-1.57802e-05
-1.54664e-05
-1.4947e-05
-1.42443e-05
-1.33793e-05
-1.23736e-05
-1.12527e-05
-1.00481e-05
-8.80039e-06
-7.56166e-06
-6.39577e-06
-5.37423e-06
-4.56592e-06
-4.0051e-06
-3.70448e-06
-3.65836e-06
-3.91555e-06
-8.05937e-06
-8.11121e-06
-8.13827e-06
-8.14614e-06
-8.13791e-06
-8.11383e-06
-8.07588e-06
-8.02729e-06
-7.97195e-06
-7.91395e-06
-7.85755e-06
-7.80752e-06
-7.76941e-06
-7.75052e-06
-7.76096e-06
-7.81528e-06
-7.93458e-06
-8.149e-06
-8.50016e-06
-9.04261e-06
-9.83858e-06
-1.09394e-05
-1.22485e-05
-1.34974e-05
-1.45243e-05
-1.52667e-05
-1.57078e-05
-1.58584e-05
-1.5741e-05
-1.53809e-05
-1.4802e-05
-1.40259e-05
-1.30738e-05
-1.19684e-05
-1.07368e-05
-9.41339e-06
-8.04254e-06
-6.68076e-06
-5.39664e-06
-4.2666e-06
-3.36682e-06
-2.73467e-06
-2.37821e-06
-2.30166e-06
-2.52041e-06
-8.11376e-06
-8.17112e-06
-8.19872e-06
-8.20287e-06
-8.1874e-06
-8.15309e-06
-8.10275e-06
-8.04054e-06
-7.97124e-06
-7.89928e-06
-7.82958e-06
-7.76702e-06
-7.71731e-06
-7.68787e-06
-7.68904e-06
-7.73573e-06
-7.84962e-06
-8.06178e-06
-8.41484e-06
-8.9649e-06
-9.77557e-06
-1.08994e-05
-1.22355e-05
-1.3506e-05
-1.45447e-05
-1.52881e-05
-1.57185e-05
-1.58463e-05
-1.56935e-05
-1.52844e-05
-1.46421e-05
-1.37878e-05
-1.27426e-05
-1.15301e-05
-1.01791e-05
-8.727e-06
-7.22198e-06
-5.72524e-06
-4.31049e-06
-3.05964e-06
-2.05834e-06
-1.34667e-06
-9.2709e-07
-8.13609e-07
-9.92376e-07
-8.18375e-06
-8.24704e-06
-8.27437e-06
-8.27302e-06
-8.248e-06
-8.20095e-06
-8.1358e-06
-8.05806e-06
-7.9732e-06
-7.88621e-06
-7.80263e-06
-7.72732e-06
-7.66607e-06
-7.62638e-06
-7.61869e-06
-7.65822e-06
-7.76717e-06
-7.97748e-06
-8.33269e-06
-8.89031e-06
-9.71528e-06
-1.08611e-05
-1.22229e-05
-1.35136e-05
-1.4563e-05
-1.53062e-05
-1.57247e-05
-1.58283e-05
-1.5638e-05
-1.51774e-05
-1.44685e-05
-1.3532e-05
-1.23887e-05
-1.1063e-05
-9.58556e-06
-7.99644e-06
-6.34766e-06
-4.70508e-06
-3.14772e-06
-1.76349e-06
-6.48509e-07
1.51715e-07
6.46775e-07
8.09697e-07
6.69758e-07
-8.27179e-06
-8.34126e-06
-8.36696e-06
-8.35767e-06
-8.32009e-06
-8.25718e-06
-8.17452e-06
-8.07912e-06
-7.97719e-06
-7.8741e-06
-7.77622e-06
-7.6881e-06
-7.61554e-06
-7.56601e-06
-7.55001e-06
-7.58295e-06
-7.68753e-06
-7.89645e-06
-8.25409e-06
-8.81925e-06
-9.65809e-06
-1.08251e-05
-1.22111e-05
-1.35206e-05
-1.45793e-05
-1.5321e-05
-1.57264e-05
-1.58044e-05
-1.5575e-05
-1.50607e-05
-1.42826e-05
-1.32606e-05
-1.20155e-05
-1.05722e-05
-8.96306e-06
-7.23057e-06
-5.43029e-06
-3.63248e-06
-1.92155e-06
-3.91713e-07
8.52032e-07
1.74896e-06
2.3262e-06
2.55103e-06
2.46458e-06
-8.38095e-06
-8.45652e-06
-8.47847e-06
-8.45782e-06
-8.40382e-06
-8.32136e-06
-8.21828e-06
-8.1028e-06
-7.98213e-06
-7.86257e-06
-7.74994e-06
-7.64909e-06
-7.5656e-06
-7.50677e-06
-7.48308e-06
-7.5101e-06
-7.6109e-06
-7.81895e-06
-8.17932e-06
-8.75199e-06
-9.60429e-06
-1.07916e-05
-1.22004e-05
-1.35272e-05
-1.45938e-05
-1.53327e-05
-1.57237e-05
-1.57747e-05
-1.55047e-05
-1.4935e-05
-1.40858e-05
-1.29761e-05
-1.16269e-05
-1.00634e-05
-8.31933e-06
-6.4394e-06
-4.48211e-06
-2.52164e-06
-6.4783e-07
1.03798e-06
2.42706e-06
3.43843e-06
4.09963e-06
4.39538e-06
4.37346e-06
-8.5151e-06
-8.59613e-06
-8.61107e-06
-8.57439e-06
-8.49908e-06
-8.39291e-06
-8.26602e-06
-8.12815e-06
-7.98755e-06
-7.85078e-06
-7.72339e-06
-7.61011e-06
-7.51618e-06
-7.44869e-06
-7.41801e-06
-7.43981e-06
-7.53746e-06
-7.74516e-06
-8.10858e-06
-8.68872e-06
-9.55401e-06
-1.07605e-05
-1.21907e-05
-1.35333e-05
-1.46064e-05
-1.53413e-05
-1.57167e-05
-1.57395e-05
-1.54277e-05
-1.48014e-05
-1.38797e-05
-1.26814e-05
-1.1227e-05
-9.54258e-06
-7.66268e-06
-5.63377e-06
-3.51659e-06
-1.38838e-06
6.56178e-07
2.50831e-06
4.05559e-06
5.20498e-06
5.95779e-06
6.33715e-06
6.38998e-06
-8.67923e-06
-8.76405e-06
-8.76703e-06
-8.70807e-06
-8.60545e-06
-8.47079e-06
-8.31644e-06
-8.15418e-06
-7.99259e-06
-7.83824e-06
-7.69628e-06
-7.57102e-06
-7.4673e-06
-7.39185e-06
-7.35493e-06
-7.37221e-06
-7.46735e-06
-7.67521e-06
-8.04196e-06
-8.62952e-06
-9.50732e-06
-1.07321e-05
-1.21822e-05
-1.3539e-05
-1.46172e-05
-1.53468e-05
-1.57055e-05
-1.56991e-05
-1.53445e-05
-1.46608e-05
-1.36664e-05
-1.23793e-05
-1.08204e-05
-9.01601e-06
-7.0017e-06
-4.82499e-06
-2.54796e-06
-2.49781e-07
1.97149e-06
4.00087e-06
5.71855e-06
7.02349e-06
7.8862e-06
8.36275e-06
8.50509e-06
-8.87985e-06
-8.96499e-06
-8.9487e-06
-8.85911e-06
-8.72206e-06
-8.55331e-06
-8.36834e-06
-8.1798e-06
-7.99649e-06
-7.82455e-06
-7.66843e-06
-7.53183e-06
-7.41903e-06
-7.3364e-06
-7.29399e-06
-7.30745e-06
-7.40068e-06
-7.60918e-06
-7.97953e-06
-8.57441e-06
-9.46423e-06
-1.07062e-05
-1.21747e-05
-1.35443e-05
-1.46262e-05
-1.53493e-05
-1.56903e-05
-1.56539e-05
-1.52559e-05
-1.45146e-05
-1.34476e-05
-1.20729e-05
-1.04113e-05
-8.48991e-06
-6.34491e-06
-4.02437e-06
-1.5908e-06
8.76169e-07
3.2769e-06
5.492e-06
7.39331e-06
8.86981e-06
9.86746e-06
1.04571e-05
1.07101e-05
-9.12575e-06
-9.20447e-06
-9.15812e-06
-9.02729e-06
-8.8472e-06
-8.63886e-06
-8.42006e-06
-8.20389e-06
-7.99861e-06
-7.80942e-06
-7.63979e-06
-7.49261e-06
-7.37155e-06
-7.28251e-06
-7.23535e-06
-7.24567e-06
-7.33755e-06
-7.54711e-06
-7.92127e-06
-8.52336e-06
-9.42467e-06
-1.06828e-05
-1.21683e-05
-1.35491e-05
-1.46334e-05
-1.53489e-05
-1.56713e-05
-1.56042e-05
-1.51627e-05
-1.4364e-05
-1.32255e-05
-1.1765e-05
-1.0004e-05
-7.97021e-06
-5.7004e-06
-3.24282e-06
-6.59432e-07
1.97119e-06
4.54999e-06
6.95552e-06
9.05182e-06
1.07172e-05
1.18804e-05
1.26044e-05
1.29971e-05
-9.42907e-06
-9.48877e-06
-9.39669e-06
-9.21121e-06
-8.97873e-06
-8.7252e-06
-8.46997e-06
-8.22543e-06
-7.99843e-06
-7.7927e-06
-7.61042e-06
-7.45356e-06
-7.32507e-06
-7.23041e-06
-7.17921e-06
-7.18699e-06
-7.27803e-06
-7.48901e-06
-7.86715e-06
-8.47629e-06
-9.38854e-06
-1.06619e-05
-1.21629e-05
-1.35533e-05
-1.46388e-05
-1.53457e-05
-1.56488e-05
-1.55508e-05
-1.50656e-05
-1.42103e-05
-1.30019e-05
-1.14585e-05
-9.60248e-06
-7.46232e-06
-5.07557e-06
-2.49035e-06
2.32672e-07
3.01746e-06
5.76793e-06
8.36389e-06
1.06644e-05
1.25361e-05
1.38929e-05
1.47848e-05
1.53604e-05
-9.80697e-06
-9.82477e-06
-9.665e-06
-9.4085e-06
-9.11334e-06
-8.80978e-06
-8.51645e-06
-8.24358e-06
-7.99566e-06
-7.77441e-06
-7.58054e-06
-7.41495e-06
-7.27988e-06
-7.18034e-06
-7.12574e-06
-7.13155e-06
-7.22217e-06
-7.43487e-06
-7.81709e-06
-8.43308e-06
-9.35571e-06
-1.06431e-05
-1.21583e-05
-1.35571e-05
-1.46425e-05
-1.534e-05
-1.56232e-05
-1.5494e-05
-1.49657e-05
-1.40549e-05
-1.27787e-05
-1.1156e-05
-9.21015e-06
-6.97097e-06
-4.47683e-06
-1.77572e-06
1.07345e-06
3.99837e-06
6.9083e-06
9.68809e-06
1.21967e-05
1.42927e-05
1.58684e-05
1.69704e-05
1.77954e-05
-1.02838e-05
-1.0219e-05
-9.96067e-06
-9.61533e-06
-9.24725e-06
-8.88996e-06
-8.55804e-06
-8.25772e-06
-7.9902e-06
-7.75476e-06
-7.55045e-06
-7.37711e-06
-7.23628e-06
-7.13254e-06
-7.07512e-06
-7.07943e-06
-7.16999e-06
-7.38463e-06
-7.77099e-06
-8.39359e-06
-9.32602e-06
-1.06266e-05
-1.21545e-05
-1.35604e-05
-1.46447e-05
-1.53319e-05
-1.55948e-05
-1.54344e-05
-1.48637e-05
-1.38988e-05
-1.25575e-05
-1.08597e-05
-8.83003e-06
-6.5001e-06
-3.90943e-06
-1.10608e-06
1.85281e-06
4.89936e-06
7.95007e-06
1.08988e-05
1.36103e-05
1.59422e-05
1.77645e-05
1.91249e-05
2.03011e-05
-1.08941e-05
-1.06735e-05
-1.02805e-05
-9.82527e-06
-9.37581e-06
-8.96311e-06
-8.59355e-06
-8.26756e-06
-7.98221e-06
-7.73408e-06
-7.52055e-06
-7.3404e-06
-7.19457e-06
-7.08725e-06
-7.02751e-06
-7.03071e-06
-7.12149e-06
-7.33824e-06
-7.72873e-06
-8.35766e-06
-9.2993e-06
-1.0612e-05
-1.21514e-05
-1.35632e-05
-1.46454e-05
-1.53217e-05
-1.55641e-05
-1.53728e-05
-1.47605e-05
-1.37434e-05
-1.234e-05
-1.05716e-05
-8.46468e-06
-6.05292e-06
-3.3775e-06
-4.87047e-07
2.56274e-06
5.70836e-06
8.87456e-06
1.19674e-05
1.48639e-05
1.74315e-05
1.95225e-05
2.11956e-05
2.28772e-05
-1.16846e-05
-1.11827e-05
-1.06124e-05
-1.00301e-05
-9.49387e-06
-9.02675e-06
-8.62216e-06
-8.27306e-06
-7.972e-06
-7.71279e-06
-7.49122e-06
-7.30517e-06
-7.15501e-06
-7.04463e-06
-6.98299e-06
-6.98542e-06
-7.07664e-06
-7.2956e-06
-7.69015e-06
-8.32513e-06
-9.27538e-06
-1.05992e-05
-1.21489e-05
-1.35654e-05
-1.46446e-05
-1.53095e-05
-1.55313e-05
-1.53096e-05
-1.46568e-05
-1.35897e-05
-1.21276e-05
-1.02935e-05
-8.1163e-06
-5.63214e-06
-2.88442e-06
7.70152e-08
3.19704e-06
6.4157e-06
9.66569e-06
1.28669e-05
1.59142e-05
1.86975e-05
2.10619e-05
2.30962e-05
2.5505e-05
-1.26994e-05
-1.17352e-05
-1.09388e-05
-1.02193e-05
-9.59615e-06
-9.07885e-06
-8.64348e-06
-8.27453e-06
-7.96006e-06
-7.69136e-06
-7.46288e-06
-7.27172e-06
-7.11783e-06
-7.00482e-06
-6.94162e-06
-6.94352e-06
-7.03534e-06
-7.25654e-06
-7.65508e-06
-8.29578e-06
-9.25407e-06
-1.05881e-05
-1.21469e-05
-1.35671e-05
-1.46425e-05
-1.52955e-05
-1.54966e-05
-1.52451e-05
-1.45532e-05
-1.34383e-05
-1.19209e-05
-1.00263e-05
-7.78599e-06
-5.23902e-06
-2.43168e-06
5.84093e-07
3.75254e-06
7.01561e-06
1.0312e-05
1.35744e-05
1.67186e-05
1.96689e-05
2.22775e-05
2.46977e-05
2.8138e-05
-1.40327e-05
-1.23134e-05
-1.12355e-05
-1.03817e-05
-9.67916e-06
-9.11928e-06
-8.65861e-06
-8.2733e-06
-7.94759e-06
-7.6708e-06
-7.4363e-06
-7.24062e-06
-7.08339e-06
-6.96805e-06
-6.90349e-06
-6.90497e-06
-6.99742e-06
-7.22081e-06
-7.62314e-06
-8.26923e-06
-9.23503e-06
-1.05785e-05
-1.21455e-05
-1.35685e-05
-1.46396e-05
-1.52803e-05
-1.54609e-05
-1.51799e-05
-1.44499e-05
-1.3289e-05
-1.17194e-05
-9.76866e-06
-7.47135e-06
-4.87006e-06
-2.01456e-06
1.04008e-06
4.23596e-06
7.51453e-06
1.0817e-05
1.40842e-05
1.72494e-05
2.02761e-05
2.30427e-05
2.58525e-05
3.07974e-05
-1.57927e-05
-1.288e-05
-1.14673e-05
-1.05064e-05
-9.74369e-06
-9.15152e-06
-8.67118e-06
-8.27243e-06
-7.93703e-06
-7.65297e-06
-7.41291e-06
-7.21298e-06
-7.05258e-06
-6.93499e-06
-6.8691e-06
-6.87014e-06
-6.96307e-06
-7.18838e-06
-7.59414e-06
-8.24509e-06
-9.2178e-06
-1.05702e-05
-1.2145e-05
-1.35707e-05
-1.46375e-05
-1.52662e-05
-1.54265e-05
-1.51166e-05
-1.43493e-05
-1.31439e-05
-1.1524e-05
-9.52001e-06
-7.16985e-06
-4.52004e-06
-1.62451e-06
1.45758e-06
4.66449e-06
7.93446e-06
1.12065e-05
1.44212e-05
1.75164e-05
2.04727e-05
2.31955e-05
2.63044e-05
3.34213e-05
-1.72672e-05
-1.32214e-05
-1.15704e-05
-1.05727e-05
-9.78424e-06
-9.17308e-06
-8.6792e-06
-8.27002e-06
-7.92655e-06
-7.63622e-06
-7.39129e-06
-7.18764e-06
-7.02454e-06
-6.90512e-06
-6.83827e-06
-6.8392e-06
-6.93286e-06
-7.16016e-06
-7.56916e-06
-8.22445e-06
-9.2031e-06
-1.0563e-05
-1.21443e-05
-1.35722e-05
-1.46349e-05
-1.52528e-05
-1.53949e-05
-1.50591e-05
-1.42588e-05
-1.30138e-05
-1.13501e-05
-9.30028e-06
-6.90586e-06
-4.21729e-06
-1.29286e-06
1.80364e-06
5.00555e-06
8.24558e-06
1.14561e-05
1.45675e-05
1.75006e-05
2.01949e-05
2.24959e-05
2.51132e-05
3.25086e-05
)
;

boundaryField
{
    inlet
    {
        type            uniformJump;
        patchType       cyclic;
        jump            uniform -2.5e-05;
        value           nonuniform List<scalar> 
40
(
1.03419e-06
1.05158e-06
1.07025e-06
1.08958e-06
1.11119e-06
1.13656e-06
1.16773e-06
1.20792e-06
1.26158e-06
1.33366e-06
1.42832e-06
1.54846e-06
1.69401e-06
1.86003e-06
2.0364e-06
2.21622e-06
2.38416e-06
2.51625e-06
2.58471e-06
2.57759e-06
2.50884e-06
2.41207e-06
2.34247e-06
2.29918e-06
2.28109e-06
2.28336e-06
2.29851e-06
2.31993e-06
2.34299e-06
2.36495e-06
2.38449e-06
2.40121e-06
2.41519e-06
2.42673e-06
2.43618e-06
2.44387e-06
2.4501e-06
2.45517e-06
2.4595e-06
2.46314e-06
)
;
        jumpTable       table;
        jumpTableCoeffs
        {
            values          
4
(
(0 -2.5e-05)
(25 -2.5e-05)
(25.5 -0.0001)
(26 -2.5e-05)
)
;
        }
    }
    outlet
    {
        type            uniformJump;
        patchType       cyclic;
        value           nonuniform List<scalar> 
40
(
-2.39658e-05
-2.39484e-05
-2.39297e-05
-2.39104e-05
-2.38888e-05
-2.38634e-05
-2.38323e-05
-2.37921e-05
-2.37384e-05
-2.36663e-05
-2.35717e-05
-2.34515e-05
-2.3306e-05
-2.314e-05
-2.29636e-05
-2.27838e-05
-2.26158e-05
-2.24837e-05
-2.24153e-05
-2.24224e-05
-2.24912e-05
-2.25879e-05
-2.26575e-05
-2.27008e-05
-2.27189e-05
-2.27166e-05
-2.27015e-05
-2.26801e-05
-2.2657e-05
-2.2635e-05
-2.26155e-05
-2.25988e-05
-2.25848e-05
-2.25733e-05
-2.25638e-05
-2.25561e-05
-2.25499e-05
-2.25448e-05
-2.25405e-05
-2.25369e-05
)
;
    }
    Walls
    {
        type            zeroGradient;
    }
    back
    {
        type            empty;
    }
    front
    {
        type            empty;
    }
}


// ************************************************************************* //
