/*--------------------------------*- C++ -*----------------------------------*\
| =========                 |                                                 |
| \\      /  F ield         | OpenFOAM: The Open Source CFD Toolbox           |
|  \\    /   O peration     | Version:  2312                                  |
|   \\  /    A nd           | Website:  www.openfoam.com                      |
|    \\/     M anipulation  |                                                 |
\*---------------------------------------------------------------------------*/
FoamFile
{
    version     2.0;
    format      ascii;
    arch        "LSB;label=32;scalar=64";
    class       volScalarField;
    location    "10.75";
    object      p;
}
// * * * * * * * * * * * * * * * * * * * * * * * * * * * * * * * * * * * * * //

dimensions      [0 2 -2 0 0 0 0];

internalField   nonuniform List<scalar> 
4800
(
6.15884e-13
-1.408e-06
-2.58123e-06
-3.57567e-06
-4.4293e-06
-5.16724e-06
-5.81377e-06
-6.38642e-06
-6.89366e-06
-7.34772e-06
-7.75724e-06
-8.12431e-06
-8.44261e-06
-8.94271e-06
-1.05714e-05
1.54117e-08
-1.38997e-06
-2.56137e-06
-3.55464e-06
-4.40827e-06
-5.14728e-06
-5.79635e-06
-6.37301e-06
-6.88622e-06
-7.35e-06
-7.77818e-06
-8.18627e-06
-8.58906e-06
-9.0932e-06
-9.94649e-06
3.18688e-08
-1.37061e-06
-2.54012e-06
-3.53241e-06
-4.38591e-06
-5.12579e-06
-5.77573e-06
-6.3554e-06
-6.87337e-06
-7.34421e-06
-7.78316e-06
-8.20659e-06
-8.6238e-06
-9.04419e-06
-9.44769e-06
4.8915e-08
-1.35006e-06
-2.51714e-06
-3.50794e-06
-4.36071e-06
-5.10146e-06
-5.75058e-06
-6.33145e-06
-6.85154e-06
-7.32359e-06
-7.76061e-06
-8.17055e-06
-8.5465e-06
-8.8588e-06
-9.03977e-06
6.80521e-08
-1.32654e-06
-2.49043e-06
-3.47897e-06
-4.33012e-06
-5.07061e-06
-5.71856e-06
-6.2971e-06
-6.81522e-06
-7.28122e-06
-7.70327e-06
-8.07997e-06
-8.39332e-06
-8.60609e-06
-8.66451e-06
9.07524e-08
-1.2985e-06
-2.45826e-06
-3.44356e-06
-4.29193e-06
-5.02984e-06
-5.67574e-06
-6.24821e-06
-6.75821e-06
-7.20958e-06
-7.60469e-06
-7.93596e-06
-8.18317e-06
-8.31757e-06
-8.31169e-06
1.19189e-07
-1.26373e-06
-2.41827e-06
-3.39903e-06
-4.24298e-06
-4.97598e-06
-5.61618e-06
-6.17892e-06
-6.67371e-06
-7.1017e-06
-7.46085e-06
-7.74189e-06
-7.92933e-06
-8.00843e-06
-7.97244e-06
1.57011e-07
-1.21865e-06
-2.36667e-06
-3.34121e-06
-4.17852e-06
-4.90363e-06
-5.53367e-06
-6.08156e-06
-6.55434e-06
-6.95187e-06
-7.27054e-06
-7.50338e-06
-7.64272e-06
-7.68614e-06
-7.63865e-06
2.09716e-07
-1.15783e-06
-2.29783e-06
-3.26406e-06
-4.09191e-06
-4.80543e-06
-5.42051e-06
-5.94797e-06
-6.39312e-06
-6.75606e-06
-7.03445e-06
-7.22586e-06
-7.33011e-06
-7.3529e-06
-7.30432e-06
2.84536e-07
-1.07395e-06
-2.20414e-06
-3.15954e-06
-3.9746e-06
-4.67235e-06
-5.26765e-06
-5.76998e-06
-6.18401e-06
-6.51174e-06
-6.75391e-06
-6.91293e-06
-6.99409e-06
-7.00734e-06
-6.96397e-06
3.89695e-07
-9.58267e-07
-2.07633e-06
-3.01786e-06
-3.81648e-06
-4.49431e-06
-5.06562e-06
-5.5396e-06
-5.9221e-06
-6.21734e-06
-6.42982e-06
-6.5659e-06
-6.63409e-06
-6.64579e-06
-6.61176e-06
5.33512e-07
-8.01416e-07
-1.90422e-06
-2.82835e-06
-3.60677e-06
-4.2611e-06
-4.80569e-06
-5.25061e-06
-5.60366e-06
-5.87161e-06
-6.06209e-06
-6.18406e-06
-6.24738e-06
-6.26334e-06
-6.24152e-06
7.24113e-07
-5.93823e-07
-1.67734e-06
-2.58011e-06
-3.3349e-06
-3.96333e-06
-4.48052e-06
-4.89811e-06
-5.22594e-06
-5.47319e-06
-5.64952e-06
-5.76508e-06
-5.82992e-06
-5.85446e-06
-5.84694e-06
9.69614e-07
-3.25621e-07
-1.38495e-06
-2.26229e-06
-2.99074e-06
-3.59245e-06
-4.08371e-06
-4.47776e-06
-4.7862e-06
-5.01987e-06
-5.18937e-06
-5.30508e-06
-5.37657e-06
-5.41306e-06
-5.42159e-06
1.27792e-06
1.31451e-08
-1.01627e-06
-1.86426e-06
-2.56461e-06
-3.14038e-06
-3.60894e-06
-3.98471e-06
-4.28035e-06
-4.5074e-06
-4.67666e-06
-4.79808e-06
-4.88044e-06
-4.93178e-06
-4.95814e-06
1.65572e-06
4.31456e-07
-5.61586e-07
-1.37658e-06
-2.04803e-06
-2.59982e-06
-3.04998e-06
-3.41332e-06
-3.70269e-06
-3.92971e-06
-4.10452e-06
-4.23644e-06
-4.33336e-06
-4.4023e-06
-4.44848e-06
2.10631e-06
9.35097e-07
-1.43439e-08
-7.93023e-07
-1.43542e-06
-1.96573e-06
-2.40201e-06
-2.75874e-06
-3.04811e-06
-3.28084e-06
-3.4663e-06
-3.61302e-06
-3.72808e-06
-3.81752e-06
-3.88589e-06
2.62703e-06
1.52347e-06
6.25589e-07
-1.13525e-07
-7.26883e-07
-1.23799e-06
-1.66416e-06
-2.01893e-06
-2.3134e-06
-2.55701e-06
-2.75771e-06
-2.92338e-06
-3.06029e-06
-3.17358e-06
-3.26722e-06
3.20705e-06
2.18636e-06
1.34835e-06
6.52201e-07
6.81634e-08
-4.25254e-07
-8.43759e-07
-1.19934e-06
-1.50168e-06
-1.75917e-06
-1.97902e-06
-2.16712e-06
-2.32883e-06
-2.46876e-06
-2.59059e-06
3.82529e-06
2.90077e-06
2.13008e-06
1.4801e-06
9.2591e-07
4.49153e-07
3.63741e-08
-3.2249e-07
-6.3533e-07
-9.08713e-07
-1.14845e-06
-1.35966e-06
-1.54715e-06
-1.71503e-06
-1.86664e-06
4.41916e-06
3.59362e-06
2.89143e-06
2.28743e-06
1.76219e-06
1.30108e-06
8.93212e-07
5.30345e-07
2.06016e-07
-8.50077e-08
-3.47041e-07
-5.83864e-07
-7.99781e-07
-9.9821e-07
-1.18194e-06
4.90593e-06
4.16626e-06
3.52357e-06
2.95944e-06
2.45934e-06
2.01212e-06
1.60927e-06
1.24426e-06
9.11732e-07
6.07085e-07
3.25975e-07
6.46938e-08
-1.78132e-07
-4.0459e-07
-6.17173e-07
5.26994e-06
4.5971e-06
4.00064e-06
3.46721e-06
2.98611e-06
2.54887e-06
2.14882e-06
1.78057e-06
1.43963e-06
1.12226e-06
8.2544e-07
5.47103e-07
2.84705e-07
3.63756e-08
-1.99722e-07
5.53573e-06
4.91504e-06
4.35497e-06
3.84595e-06
3.38012e-06
2.95105e-06
2.55343e-06
2.18287e-06
1.83574e-06
1.50906e-06
1.20038e-06
9.07594e-07
6.28784e-07
3.62319e-07
1.06663e-07
5.72768e-06
5.14776e-06
4.61667e-06
4.1274e-06
3.67411e-06
3.25183e-06
2.85629e-06
2.4839e-06
2.13168e-06
1.79718e-06
1.47829e-06
1.17311e-06
8.80238e-07
5.9836e-07
3.26177e-07
5.86501e-06
5.31718e-06
4.80921e-06
4.33585e-06
3.89267e-06
3.47576e-06
3.08166e-06
2.70742e-06
2.35059e-06
2.00912e-06
1.68126e-06
1.36559e-06
1.06086e-06
7.65987e-07
4.79914e-07
5.9624e-06
5.44003e-06
4.95052e-06
4.48989e-06
4.05474e-06
3.64194e-06
3.24867e-06
2.87253e-06
2.51153e-06
2.16398e-06
1.82844e-06
1.50385e-06
1.18911e-06
8.83307e-07
5.85579e-07
6.03099e-06
5.52902e-06
5.05432e-06
4.6039e-06
4.17513e-06
3.76545e-06
3.37258e-06
2.99458e-06
2.62986e-06
2.27707e-06
1.93496e-06
1.60275e-06
1.27947e-06
9.64419e-07
6.56865e-07
6.07903e-06
5.59363e-06
5.13095e-06
4.68883e-06
4.26516e-06
3.85787e-06
3.46511e-06
3.08535e-06
2.71729e-06
2.35982e-06
2.01218e-06
1.67342e-06
1.34284e-06
1.01991e-06
7.04034e-07
6.11263e-06
5.64089e-06
5.18813e-06
4.75283e-06
4.33329e-06
3.92784e-06
3.53501e-06
3.15361e-06
2.78261e-06
2.42113e-06
2.06854e-06
1.7241e-06
1.38725e-06
1.0576e-06
7.34642e-07
6.13624e-06
5.67592e-06
5.23148e-06
4.80186e-06
4.38571e-06
3.98169e-06
3.58868e-06
3.20575e-06
2.83209e-06
2.46712e-06
2.11019e-06
1.76082e-06
1.41858e-06
1.08314e-06
7.54121e-07
6.15304e-06
5.70244e-06
5.26504e-06
4.84021e-06
4.42687e-06
4.02398e-06
3.63072e-06
3.24638e-06
2.87039e-06
2.50227e-06
2.14155e-06
1.78789e-06
1.44096e-06
1.10052e-06
7.66268e-07
6.16528e-06
5.72301e-06
5.29166e-06
4.87091e-06
4.45991e-06
4.05793e-06
3.66438e-06
3.27875e-06
2.90067e-06
2.52976e-06
2.16571e-06
1.80828e-06
1.45725e-06
1.11246e-06
7.73663e-07
6.1745e-06
5.73945e-06
5.31332e-06
4.89606e-06
4.48704e-06
4.0858e-06
3.69193e-06
3.30512e-06
2.92516e-06
2.55177e-06
2.18477e-06
1.82403e-06
1.4694e-06
1.12079e-06
7.78017e-07
6.1817e-06
5.75294e-06
5.33135e-06
4.91709e-06
4.50977e-06
4.10913e-06
3.71494e-06
3.32705e-06
2.94538e-06
2.56979e-06
2.20017e-06
1.83649e-06
1.47868e-06
1.1267e-06
7.80441e-07
6.18753e-06
5.76429e-06
5.34664e-06
4.93499e-06
4.52911e-06
4.12896e-06
3.73445e-06
3.34556e-06
2.96238e-06
2.5848e-06
2.21285e-06
1.84657e-06
1.48594e-06
1.13099e-06
7.81646e-07
6.1924e-06
5.77397e-06
5.35975e-06
4.95035e-06
4.54572e-06
4.14597e-06
3.75112e-06
3.36136e-06
2.9768e-06
2.59745e-06
2.22343e-06
1.85484e-06
1.49172e-06
1.13414e-06
7.82084e-07
6.19659e-06
5.78238e-06
5.37116e-06
4.96371e-06
4.56014e-06
4.16071e-06
3.76552e-06
3.37499e-06
2.98919e-06
2.60825e-06
2.23239e-06
1.86175e-06
1.49642e-06
1.13651e-06
7.82024e-07
6.20045e-06
5.79017e-06
5.38172e-06
4.97606e-06
4.57345e-06
4.17424e-06
3.7788e-06
3.38749e-06
3.0005e-06
2.61807e-06
2.24047e-06
1.86791e-06
1.5005e-06
1.13839e-06
7.81603e-07
6.20406e-06
5.7977e-06
5.39192e-06
4.98798e-06
4.58631e-06
4.18738e-06
3.79161e-06
3.3995e-06
3.01133e-06
2.62743e-06
2.24809e-06
1.87354e-06
1.50407e-06
1.13987e-06
7.80999e-07
-1.19391e-05
-9.70247e-06
-8.3267e-06
-7.40322e-06
-6.66213e-06
-6.08993e-06
-5.6416e-06
-5.28623e-06
-5.00341e-06
-4.77729e-06
-4.59522e-06
-4.44684e-06
-4.32361e-06
-4.219e-06
-4.12885e-06
-4.05313e-06
-3.99721e-06
-3.97638e-06
-4.01758e-06
-4.16515e-06
-4.4748e-06
-5.00099e-06
-5.69383e-06
-6.34732e-06
-6.80637e-06
-6.99474e-06
-6.8753e-06
-6.43655e-06
-5.67917e-06
-4.61106e-06
-3.24627e-06
-1.60637e-06
2.78186e-07
2.36772e-06
4.61404e-06
6.96185e-06
9.35005e-06
1.17119e-05
1.39721e-05
1.60403e-05
1.77915e-05
1.90625e-05
1.94832e-05
1.8735e-05
1.56096e-05
-1.03246e-05
-9.16718e-06
-8.12688e-06
-7.30429e-06
-6.60879e-06
-6.05227e-06
-5.60961e-06
-5.25655e-06
-4.97508e-06
-4.75024e-06
-4.56967e-06
-4.42305e-06
-4.30186e-06
-4.1996e-06
-4.11216e-06
-4.03955e-06
-3.98718e-06
-3.97019e-06
-4.01506e-06
-4.16516e-06
-4.4746e-06
-4.996e-06
-5.67934e-06
-6.32162e-06
-6.77057e-06
-6.95119e-06
-6.82653e-06
-6.3851e-06
-5.62775e-06
-4.56301e-06
-3.20606e-06
-1.58005e-06
2.82619e-07
2.33981e-06
4.54022e-06
6.82431e-06
9.12482e-06
1.13656e-05
1.3456e-05
1.52797e-05
1.66614e-05
1.73318e-05
1.67638e-05
1.42089e-05
8.69907e-06
-9.47781e-06
-8.74895e-06
-7.91932e-06
-7.18784e-06
-6.54299e-06
-6.00814e-06
-5.57446e-06
-5.22527e-06
-4.94576e-06
-4.72238e-06
-4.54328e-06
-4.39838e-06
-4.2792e-06
-4.17931e-06
-4.0947e-06
-4.02544e-06
-3.97696e-06
-3.96423e-06
-4.01321e-06
-4.16615e-06
-4.4753e-06
-4.99107e-06
-5.66327e-06
-6.29234e-06
-6.72939e-06
-6.9009e-06
-6.77038e-06
-6.3264e-06
-5.57019e-06
-4.51115e-06
-3.16594e-06
-1.55973e-06
2.72502e-07
2.28551e-06
4.42398e-06
6.62305e-06
8.80797e-06
1.08917e-05
1.27677e-05
1.42957e-05
1.52729e-05
1.53945e-05
1.41878e-05
1.11351e-05
6.14281e-06
-8.9351e-06
-8.40628e-06
-7.73618e-06
-7.07755e-06
-6.48111e-06
-5.96923e-06
-5.54506e-06
-5.19934e-06
-4.92086e-06
-4.69788e-06
-4.51929e-06
-4.37527e-06
-4.2575e-06
-4.15959e-06
-4.0776e-06
-4.01166e-06
-3.9672e-06
-3.95898e-06
-4.01234e-06
-4.16827e-06
-4.47697e-06
-4.98635e-06
-5.64586e-06
-6.25971e-06
-6.68271e-06
-6.84303e-06
-6.70486e-06
-6.25702e-06
-5.50143e-06
-4.44873e-06
-3.11758e-06
-1.5358e-06
2.58378e-07
2.21575e-06
4.27617e-06
6.36864e-06
8.41043e-06
1.03041e-05
1.19309e-05
1.31385e-05
1.37239e-05
1.34206e-05
1.19068e-05
8.94271e-06
4.78018e-06
-8.51154e-06
-8.10281e-06
-7.55613e-06
-6.98077e-06
-6.42926e-06
-5.94032e-06
-5.52567e-06
-5.18238e-06
-4.90342e-06
-4.67918e-06
-4.49954e-06
-4.35512e-06
-4.23778e-06
-4.1412e-06
-4.06149e-06
-3.99882e-06
-3.95856e-06
-3.95515e-06
-4.01324e-06
-4.17231e-06
-4.48026e-06
-4.98213e-06
-5.62697e-06
-6.22333e-06
-6.63017e-06
-6.77764e-06
-6.63082e-06
-6.17909e-06
-5.42529e-06
-4.38172e-06
-3.06946e-06
-1.51948e-06
2.26218e-07
2.11401e-06
4.0786e-06
6.04293e-06
7.9173e-06
9.59705e-06
1.09583e-05
1.18518e-05
1.21015e-05
1.1514e-05
9.92007e-06
7.27845e-06
3.86486e-06
-8.15372e-06
-7.82721e-06
-7.37601e-06
-6.88267e-06
-6.38403e-06
-5.92103e-06
-5.51758e-06
-5.17664e-06
-4.89615e-06
-4.66903e-06
-4.48657e-06
-4.34014e-06
-4.22191e-06
-4.12572e-06
-4.04773e-06
-3.98811e-06
-3.95211e-06
-3.95378e-06
-4.01689e-06
-4.17916e-06
-4.48588e-06
-4.97878e-06
-5.60653e-06
-6.18273e-06
-6.57112e-06
-6.70412e-06
-6.54802e-06
-6.09303e-06
-5.34328e-06
-4.31311e-06
-3.02643e-06
-1.51775e-06
1.66826e-07
1.96914e-06
3.81901e-06
5.63436e-06
7.32102e-06
8.77216e-06
9.86764e-06
1.04765e-05
1.04641e-05
9.71496e-06
8.1737e-06
5.90726e-06
3.16901e-06
-7.82688e-06
-7.56345e-06
-7.19674e-06
-6.7715e-06
-6.33077e-06
-5.90411e-06
-5.5163e-06
-5.18089e-06
-4.89975e-06
-4.66918e-06
-4.48261e-06
-4.33264e-06
-4.2121e-06
-4.11516e-06
-4.03811e-06
-3.98113e-06
-3.94932e-06
-3.9562e-06
-4.02448e-06
-4.18984e-06
-4.49459e-06
-4.97673e-06
-5.58449e-06
-6.1375e-06
-6.50487e-06
-6.62169e-06
-6.45583e-06
-5.99868e-06
-5.25609e-06
-4.24481e-06
-2.99195e-06
-1.53582e-06
7.332e-08
1.7731e-06
3.48942e-06
5.13728e-06
6.62182e-06
7.84018e-06
8.68491e-06
9.05157e-06
8.85137e-06
8.03338e-06
6.61129e-06
4.69036e-06
2.47681e-06
-7.51078e-06
-7.2974e-06
-7.00155e-06
-6.64578e-06
-6.26128e-06
-5.87553e-06
-5.51325e-06
-5.18946e-06
-4.9112e-06
-4.67863e-06
-4.48802e-06
-4.33381e-06
-4.20996e-06
-4.11129e-06
-4.03444e-06
-3.97965e-06
-3.95186e-06
-3.96396e-06
-4.03743e-06
-4.20554e-06
-4.5073e-06
-4.97645e-06
-5.56087e-06
-6.08725e-06
-6.43084e-06
-6.5298e-06
-6.35402e-06
-5.89652e-06
-5.1653e-06
-4.17989e-06
-2.97084e-06
-1.58028e-06
-6.22599e-08
1.51753e-06
3.08287e-06
4.54878e-06
5.82424e-06
6.81626e-06
7.43616e-06
7.60915e-06
7.28698e-06
6.46302e-06
5.18494e-06
3.55974e-06
1.74481e-06
-7.19523e-06
-7.02251e-06
-6.785e-06
-6.49305e-06
-6.16623e-06
-5.82716e-06
-5.49742e-06
-5.19292e-06
-4.92347e-06
-4.6928e-06
-4.50026e-06
-4.34264e-06
-4.21556e-06
-4.11489e-06
-4.03792e-06
-3.98511e-06
-3.96129e-06
-3.97863e-06
-4.05719e-06
-4.22753e-06
-4.52494e-06
-4.97846e-06
-5.53565e-06
-6.03164e-06
-6.34865e-06
-6.42832e-06
-6.24306e-06
-5.78807e-06
-5.07391e-06
-4.12316e-06
-2.9698e-06
-1.65942e-06
-2.49038e-07
1.19394e-06
2.59364e-06
3.86864e-06
4.93609e-06
5.71728e-06
6.14491e-06
6.17176e-06
5.78001e-06
4.98868e-06
3.85659e-06
2.47772e-06
9.68941e-07
-6.87373e-06
-6.73509e-06
-6.54588e-06
-6.31012e-06
-6.03913e-06
-5.7493e-06
-5.45799e-06
-5.18018e-06
-4.92673e-06
-4.70385e-06
-4.51366e-06
-4.35544e-06
-4.2268e-06
-4.12509e-06
-4.04854e-06
-3.99808e-06
-3.97856e-06
-4.00135e-06
-4.08493e-06
-4.25683e-06
-4.54829e-06
-4.98314e-06
-5.50883e-06
-5.97051e-06
-6.25831e-06
-6.31785e-06
-6.12454e-06
-5.67631e-06
-4.9867e-06
-4.08135e-06
-2.99735e-06
-1.78292e-06
-4.96601e-07
7.94628e-07
2.01815e-06
3.09955e-06
3.96753e-06
4.55983e-06
4.82967e-06
4.75208e-06
4.32895e-06
3.59101e-06
2.5957e-06
1.41984e-06
1.49439e-07
-6.54037e-06
-6.43143e-06
-6.28302e-06
-6.09611e-06
-5.87674e-06
-5.63575e-06
-5.38627e-06
-5.14104e-06
-4.91057e-06
-4.70228e-06
-4.52028e-06
-4.36607e-06
-4.23929e-06
-4.13898e-06
-4.06462e-06
-4.01783e-06
-4.00354e-06
-4.03237e-06
-4.12109e-06
-4.29387e-06
-4.57763e-06
-4.99063e-06
-5.48049e-06
-5.90408e-06
-6.16068e-06
-6.20026e-06
-6.00171e-06
-5.56626e-06
-4.91064e-06
-4.06335e-06
-3.06374e-06
-1.96133e-06
-8.14226e-07
3.1353e-07
1.35545e-06
2.24689e-06
2.92993e-06
3.35849e-06
3.50319e-06
3.35477e-06
2.92591e-06
2.2501e-06
1.37769e-06
3.6906e-07
-7.12537e-07
-6.1891e-06
-6.10702e-06
-5.99402e-06
-5.84978e-06
-5.67716e-06
-5.48293e-06
-5.2764e-06
-5.06764e-06
-4.86593e-06
-4.67877e-06
-4.5114e-06
-4.36696e-06
-4.2469e-06
-4.15192e-06
-4.08281e-06
-4.04205e-06
-4.03477e-06
-4.07077e-06
-4.16505e-06
-4.33821e-06
-4.61259e-06
-5.00078e-06
-5.45092e-06
-5.83339e-06
-6.05795e-06
-6.07936e-06
-5.88018e-06
-5.46549e-06
-4.85529e-06
-4.08021e-06
-3.18055e-06
-2.20529e-06
-1.20986e-06
-2.5287e-07
6.07653e-07
1.3184e-06
1.83491e-06
2.12532e-06
2.17329e-06
1.97932e-06
1.56048e-06
9.48019e-07
1.83456e-07
-6.86863e-07
-1.61629e-06
-5.81375e-06
-5.75677e-06
-5.67545e-06
-5.56903e-06
-5.43866e-06
-5.28833e-06
-5.12437e-06
-4.95426e-06
-4.78561e-06
-4.62529e-06
-4.47884e-06
-4.3504e-06
-4.24279e-06
-4.15813e-06
-4.09848e-06
-4.06713e-06
-4.06943e-06
-4.1144e-06
-4.21505e-06
-4.3884e-06
-4.65208e-06
-5.01318e-06
-5.42102e-06
-5.7609e-06
-5.95453e-06
-5.96171e-06
-5.76852e-06
-5.3845e-06
-4.83269e-06
-4.14459e-06
-3.35966e-06
-2.52422e-06
-1.68877e-06
-9.04505e-07
-2.1963e-07
3.24065e-07
6.94275e-07
8.7045e-07
8.4495e-07
6.23304e-07
2.2296e-07
-3.29321e-07
-1.00068e-06
-1.7561e-06
-2.56112e-06
-5.40809e-06
-5.37524e-06
-5.32312e-06
-5.25099e-06
-5.15915e-06
-5.04986e-06
-4.92727e-06
-4.79674e-06
-4.66415e-06
-4.53533e-06
-4.41555e-06
-4.30932e-06
-4.22027e-06
-4.15161e-06
-4.10639e-06
-4.08866e-06
-4.10378e-06
-4.16011e-06
-4.26839e-06
-4.44227e-06
-4.69453e-06
-5.02751e-06
-5.39262e-06
-5.69113e-06
-5.85797e-06
-5.85727e-06
-5.67843e-06
-5.33642e-06
-4.85664e-06
-4.26954e-06
-3.61165e-06
-2.92458e-06
-2.25212e-06
-1.63683e-06
-1.1169e-06
-7.23629e-07
-4.7943e-07
-3.96442e-07
-4.77356e-07
-7.14821e-07
-1.0932e-06
-1.59089e-06
-2.18267e-06
-2.84243e-06
-3.54473e-06
-4.96519e-06
-4.95629e-06
-4.93205e-06
-4.89195e-06
-4.83595e-06
-4.76534e-06
-4.68278e-06
-4.59203e-06
-4.49749e-06
-4.40385e-06
-4.31573e-06
-4.23751e-06
-4.17316e-06
-4.1265e-06
-4.10122e-06
-4.10183e-06
-4.13362e-06
-4.2041e-06
-4.32189e-06
-4.49744e-06
-4.73853e-06
-5.04413e-06
-5.36877e-06
-5.63133e-06
-5.77952e-06
-5.77856e-06
-5.62359e-06
-5.33593e-06
-4.94121e-06
-4.46654e-06
-3.94373e-06
-3.40812e-06
-2.89575e-06
-2.44034e-06
-2.07084e-06
-1.8097e-06
-1.67191e-06
-1.66472e-06
-1.78772e-06
-2.03373e-06
-2.38998e-06
-2.83984e-06
-3.3645e-06
-3.94473e-06
-4.56183e-06
-4.47749e-06
-4.49323e-06
-4.49666e-06
-4.48757e-06
-4.4659e-06
-4.43243e-06
-4.38892e-06
-4.338e-06
-4.2829e-06
-4.22728e-06
-4.17499e-06
-4.12997e-06
-4.09613e-06
-4.07738e-06
-4.07776e-06
-4.10173e-06
-4.15454e-06
-4.24229e-06
-4.37238e-06
-4.55162e-06
-4.78396e-06
-5.06502e-06
-5.35556e-06
-5.59271e-06
-5.73183e-06
-5.73726e-06
-5.61877e-06
-5.39879e-06
-5.09973e-06
-4.74432e-06
-4.35872e-06
-3.97131e-06
-3.61031e-06
-3.30129e-06
-3.06537e-06
-2.91814e-06
-2.86928e-06
-2.92317e-06
-3.07842e-06
-3.32895e-06
-3.66495e-06
-4.07414e-06
-4.54288e-06
-5.05726e-06
-5.60364e-06
-3.93884e-06
-3.98064e-06
-4.01248e-06
-4.03445e-06
-4.04666e-06
-4.04971e-06
-4.04486e-06
-4.03397e-06
-4.01945e-06
-4.00409e-06
-3.99103e-06
-3.98362e-06
-3.98542e-06
-4.00007e-06
-4.03158e-06
-4.08403e-06
-4.16232e-06
-4.27125e-06
-4.41689e-06
-4.6032e-06
-4.83183e-06
-5.09689e-06
-5.36505e-06
-5.58461e-06
-5.71724e-06
-5.7457e-06
-5.68044e-06
-5.54016e-06
-5.34298e-06
-5.10765e-06
-4.85483e-06
-4.60622e-06
-4.38289e-06
-4.20352e-06
-4.08318e-06
-4.03242e-06
-4.05718e-06
-4.16051e-06
-4.34111e-06
-4.59431e-06
-4.91302e-06
-5.28857e-06
-5.71135e-06
-6.17151e-06
-6.65927e-06
-3.34686e-06
-3.41695e-06
-3.47882e-06
-3.53285e-06
-3.57944e-06
-3.61923e-06
-3.65323e-06
-3.68285e-06
-3.7099e-06
-3.73657e-06
-3.76534e-06
-3.799e-06
-3.84057e-06
-3.89329e-06
-3.96067e-06
-4.04642e-06
-4.15452e-06
-4.28908e-06
-4.45405e-06
-4.65229e-06
-4.88373e-06
-5.14361e-06
-5.40013e-06
-5.61003e-06
-5.75155e-06
-5.81976e-06
-5.82105e-06
-5.76766e-06
-5.67341e-06
-5.55338e-06
-5.42348e-06
-5.29974e-06
-5.1972e-06
-5.12902e-06
-5.10568e-06
-5.13462e-06
-5.22028e-06
-5.36423e-06
-5.56543e-06
-5.82074e-06
-6.12549e-06
-6.47387e-06
-6.85941e-06
-7.27531e-06
-7.71468e-06
-2.70003e-06
-2.80145e-06
-2.89604e-06
-2.98434e-06
-3.06703e-06
-3.14488e-06
-3.21884e-06
-3.29006e-06
-3.35997e-06
-3.4303e-06
-3.50302e-06
-3.5804e-06
-3.66491e-06
-3.75927e-06
-3.8664e-06
-3.98936e-06
-4.13133e-06
-4.29546e-06
-4.48445e-06
-4.70014e-06
-4.94215e-06
-5.2061e-06
-5.46402e-06
-5.68233e-06
-5.85107e-06
-5.97029e-06
-6.04339e-06
-6.07732e-06
-6.08181e-06
-6.06817e-06
-6.04823e-06
-6.03345e-06
-6.03424e-06
-6.05944e-06
-6.11618e-06
-6.21009e-06
-6.34492e-06
-6.52143e-06
-6.73904e-06
-6.99601e-06
-7.28958e-06
-7.61615e-06
-7.97155e-06
-8.35126e-06
-8.75056e-06
-2.00771e-06
-2.14247e-06
-2.27189e-06
-2.39648e-06
-2.51706e-06
-2.63453e-06
-2.74982e-06
-2.86394e-06
-2.97806e-06
-3.09353e-06
-3.21193e-06
-3.33505e-06
-3.46487e-06
-3.60354e-06
-3.75333e-06
-3.91665e-06
-4.09591e-06
-4.2934e-06
-4.51109e-06
-4.7502e-06
-5.01053e-06
-5.28931e-06
-5.56404e-06
-5.80896e-06
-6.01851e-06
-6.19393e-06
-6.33741e-06
-6.45318e-06
-6.54759e-06
-6.62843e-06
-6.70392e-06
-6.78197e-06
-6.8697e-06
-6.97313e-06
-7.09696e-06
-7.24443e-06
-7.41814e-06
-7.6199e-06
-7.85018e-06
-8.10835e-06
-8.39297e-06
-8.70197e-06
-9.03289e-06
-9.38291e-06
-9.74896e-06
-1.35625e-06
-1.52522e-06
-1.68984e-06
-1.85071e-06
-2.00871e-06
-2.16478e-06
-2.31981e-06
-2.4747e-06
-2.63044e-06
-2.78814e-06
-2.94908e-06
-3.1147e-06
-3.28655e-06
-3.46634e-06
-3.65583e-06
-3.85688e-06
-4.07132e-06
-4.30091e-06
-4.54722e-06
-4.81137e-06
-5.09388e-06
-5.39434e-06
-5.6951e-06
-5.97373e-06
-6.22527e-06
-6.45117e-06
-6.65336e-06
-6.83489e-06
-7.00009e-06
-7.15416e-06
-7.30264e-06
-7.45084e-06
-7.60352e-06
-7.76469e-06
-7.93773e-06
-8.12558e-06
-8.33047e-06
-8.55361e-06
-8.7956e-06
-9.05649e-06
-9.33583e-06
-9.63268e-06
-9.94572e-06
-1.02734e-05
-1.06138e-05
-8.20998e-07
-1.02031e-06
-1.21619e-06
-1.40917e-06
-1.60003e-06
-1.78961e-06
-1.97874e-06
-2.16822e-06
-2.35891e-06
-2.55175e-06
-2.74782e-06
-2.94829e-06
-3.15444e-06
-3.36764e-06
-3.58931e-06
-3.82095e-06
-4.06405e-06
-4.32012e-06
-4.59059e-06
-4.87679e-06
-5.17995e-06
-5.5013e-06
-5.82554e-06
-6.13165e-06
-6.41502e-06
-6.6773e-06
-6.92045e-06
-7.14705e-06
-7.36032e-06
-7.56395e-06
-7.76173e-06
-7.95737e-06
-8.15425e-06
-8.35542e-06
-8.56362e-06
-8.78115e-06
-9.00955e-06
-9.24977e-06
-9.50249e-06
-9.76802e-06
-1.00464e-05
-1.03372e-05
-1.064e-05
-1.09538e-05
-1.12776e-05
-4.27899e-07
-6.52068e-07
-8.73355e-07
-1.09229e-06
-1.30957e-06
-1.52592e-06
-1.74204e-06
-1.95865e-06
-2.17647e-06
-2.39634e-06
-2.61915e-06
-2.8459e-06
-3.07766e-06
-3.31557e-06
-3.56085e-06
-3.81474e-06
-4.07858e-06
-4.35373e-06
-4.64163e-06
-4.94375e-06
-5.26174e-06
-5.59736e-06
-5.9367e-06
-6.2601e-06
-6.56346e-06
-6.84865e-06
-7.11767e-06
-7.3728e-06
-7.61663e-06
-7.85191e-06
-8.08145e-06
-8.30795e-06
-8.53394e-06
-8.76171e-06
-8.99329e-06
-9.23032e-06
-9.47419e-06
-9.72589e-06
-9.98612e-06
-1.02553e-05
-1.05337e-05
-1.08214e-05
-1.11179e-05
-1.14231e-05
-1.17361e-05
-1.41892e-07
-3.86846e-07
-6.29237e-07
-8.69542e-07
-1.10837e-06
-1.34634e-06
-1.58405e-06
-1.82209e-06
-2.06111e-06
-2.30182e-06
-2.54499e-06
-2.79148e-06
-3.04221e-06
-3.29816e-06
-3.56037e-06
-3.82997e-06
-4.10816e-06
-4.3962e-06
-4.69552e-06
-5.00763e-06
-5.33424e-06
-5.67722e-06
-6.02381e-06
-6.35603e-06
-6.67041e-06
-6.96894e-06
-7.25356e-06
-7.52631e-06
-7.78932e-06
-8.04475e-06
-8.29477e-06
-8.54142e-06
-8.78665e-06
-9.0322e-06
-9.27963e-06
-9.5303e-06
-9.78541e-06
-1.00459e-05
-1.03124e-05
-1.05855e-05
-1.08654e-05
-1.11524e-05
-1.14463e-05
-1.17471e-05
-1.20543e-05
6.04804e-08
-2.01826e-07
-4.61676e-07
-7.19491e-07
-9.75798e-07
-1.23111e-06
-1.48593e-06
-1.74077e-06
-1.99617e-06
-2.25276e-06
-2.51122e-06
-2.77229e-06
-3.03677e-06
-3.30551e-06
-3.57945e-06
-3.85959e-06
-4.14703e-06
-4.44296e-06
-4.74872e-06
-5.06575e-06
-5.39573e-06
-5.74042e-06
-6.08827e-06
-6.42323e-06
-6.7424e-06
-7.04776e-06
-7.34108e-06
-7.62416e-06
-7.8988e-06
-8.16679e-06
-8.42984e-06
-8.68959e-06
-8.94758e-06
-9.20521e-06
-9.46371e-06
-9.7242e-06
-9.98777e-06
-1.02552e-05
-1.05272e-05
-1.08042e-05
-1.10865e-05
-1.13745e-05
-1.16681e-05
-1.19673e-05
-1.2272e-05
1.99886e-07
-7.68049e-08
-3.50995e-07
-6.23061e-07
-8.93448e-07
-1.16258e-06
-1.43088e-06
-1.69877e-06
-1.96674e-06
-2.23533e-06
-2.50514e-06
-2.7768e-06
-3.05104e-06
-3.32861e-06
-3.61035e-06
-3.89715e-06
-4.19002e-06
-4.49006e-06
-4.79851e-06
-5.11671e-06
-5.44623e-06
-5.78869e-06
-6.13379e-06
-6.46746e-06
-6.78729e-06
-7.09511e-06
-7.39249e-06
-7.68103e-06
-7.96229e-06
-8.23778e-06
-8.50892e-06
-8.77706e-06
-9.04347e-06
-9.30931e-06
-9.57566e-06
-9.84337e-06
-1.01134e-05
-1.03865e-05
-1.06632e-05
-1.09439e-05
-1.12291e-05
-1.15191e-05
-1.18139e-05
-1.21135e-05
-1.2418e-05
2.93574e-07
4.95576e-09
-2.81019e-07
-5.64686e-07
-8.46416e-07
-1.12656e-06
-1.40545e-06
-1.68347e-06
-1.96104e-06
-2.23864e-06
-2.5168e-06
-2.79609e-06
-3.07713e-06
-3.3606e-06
-3.64727e-06
-3.93792e-06
-4.23351e-06
-4.53499e-06
-4.84354e-06
-5.16036e-06
-5.48693e-06
-5.82467e-06
-6.16455e-06
-6.49441e-06
-6.81227e-06
-7.11969e-06
-7.41807e-06
-7.70885e-06
-7.99342e-06
-8.27307e-06
-8.54903e-06
-8.82243e-06
-9.09433e-06
-9.36569e-06
-9.63744e-06
-9.91067e-06
-1.01858e-05
-1.04634e-05
-1.07442e-05
-1.10285e-05
-1.13168e-05
-1.16094e-05
-1.19063e-05
-1.22078e-05
-1.25137e-05
3.54814e-07
5.62682e-08
-2.39427e-07
-5.32567e-07
-8.23455e-07
-1.11237e-06
-1.3996e-06
-1.68549e-06
-1.97039e-06
-2.25475e-06
-2.53902e-06
-2.82372e-06
-3.10941e-06
-3.39669e-06
-3.68625e-06
-3.97882e-06
-4.27525e-06
-4.57641e-06
-4.88339e-06
-5.19726e-06
-5.51939e-06
-5.85103e-06
-6.18431e-06
-6.50894e-06
-6.82322e-06
-7.12846e-06
-7.42591e-06
-7.71689e-06
-8.00264e-06
-8.2843e-06
-8.56292e-06
-8.8395e-06
-9.11495e-06
-9.39013e-06
-9.66585e-06
-9.94299e-06
-1.0222e-05
-1.05034e-05
-1.07877e-05
-1.10755e-05
-1.1367e-05
-1.16625e-05
-1.19622e-05
-1.22662e-05
-1.25746e-05
3.9352e-07
8.66755e-08
-2.17071e-07
-5.17979e-07
-8.16292e-07
-1.11224e-06
-1.40607e-06
-1.69807e-06
-1.9886e-06
-2.27802e-06
-2.56676e-06
-2.85526e-06
-3.14405e-06
-3.43367e-06
-3.72475e-06
-4.01794e-06
-4.31402e-06
-4.61377e-06
-4.91819e-06
-5.22823e-06
-5.54518e-06
-5.87007e-06
-6.19619e-06
-6.5149e-06
-6.82473e-06
-7.12676e-06
-7.42216e-06
-7.71211e-06
-7.99773e-06
-8.28002e-06
-8.55993e-06
-8.83831e-06
-9.11601e-06
-9.39378e-06
-9.67232e-06
-9.95241e-06
-1.02345e-05
-1.0519e-05
-1.08065e-05
-1.10974e-05
-1.13921e-05
-1.16907e-05
-1.19935e-05
-1.23006e-05
-1.2612e-05
4.16961e-07
1.03142e-07
-2.07316e-07
-5.14634e-07
-8.19006e-07
-1.12062e-06
-1.41971e-06
-1.71653e-06
-2.01139e-06
-2.30463e-06
-2.59663e-06
-2.88781e-06
-3.17864e-06
-3.46961e-06
-3.76128e-06
-4.05428e-06
-4.34928e-06
-4.64702e-06
-4.94838e-06
-5.25422e-06
-5.56572e-06
-5.88375e-06
-6.20263e-06
-6.51524e-06
-6.82025e-06
-7.1186e-06
-7.41135e-06
-7.69958e-06
-7.9843e-06
-8.2664e-06
-8.54671e-06
-8.82602e-06
-9.10506e-06
-9.3845e-06
-9.66518e-06
-9.94756e-06
-1.02321e-05
-1.05193e-05
-1.08096e-05
-1.11034e-05
-1.1401e-05
-1.17027e-05
-1.20087e-05
-1.23191e-05
-1.2634e-05
4.30332e-07
1.10608e-07
-2.0549e-07
-5.18144e-07
-8.2751e-07
-1.13375e-06
-1.43707e-06
-1.73772e-06
-2.03597e-06
-2.33213e-06
-2.62655e-06
-2.91961e-06
-3.21175e-06
-3.50341e-06
-3.79512e-06
-4.08743e-06
-4.38098e-06
-4.67641e-06
-4.97454e-06
-5.27611e-06
-5.58223e-06
-5.8936e-06
-6.2055e-06
-6.51212e-06
-6.8123e-06
-7.10682e-06
-7.39669e-06
-7.68288e-06
-7.96628e-06
-8.2477e-06
-8.52789e-06
-8.80758e-06
-9.08741e-06
-9.368e-06
-9.65018e-06
-9.93436e-06
-1.02209e-05
-1.05103e-05
-1.08031e-05
-1.10995e-05
-1.13999e-05
-1.17046e-05
-1.20138e-05
-1.23275e-05
-1.26458e-05
4.37235e-07
1.12467e-07
-2.08414e-07
-5.25556e-07
-8.39085e-07
-1.14915e-06
-1.45594e-06
-1.75967e-06
-2.06061e-06
-2.35904e-06
-2.65528e-06
-2.94968e-06
-3.24264e-06
-3.53459e-06
-3.82601e-06
-4.11738e-06
-4.40931e-06
-4.70236e-06
-4.99729e-06
-5.29473e-06
-5.59572e-06
-5.90081e-06
-6.20616e-06
-6.50711e-06
-6.80262e-06
-7.0934e-06
-7.38037e-06
-7.66441e-06
-7.9463e-06
-8.22679e-06
-8.50656e-06
-8.78629e-06
-9.06658e-06
-9.34792e-06
-9.63118e-06
-9.9168e-06
-1.0205e-05
-1.04963e-05
-1.07912e-05
-1.109e-05
-1.1393e-05
-1.17005e-05
-1.20126e-05
-1.23296e-05
-1.26513e-05
4.40091e-07
1.10978e-07
-2.13997e-07
-5.34954e-07
-8.51998e-07
-1.16527e-06
-1.47493e-06
-1.78121e-06
-2.08432e-06
-2.38454e-06
-2.68218e-06
-2.97756e-06
-3.27104e-06
-3.56303e-06
-3.85396e-06
-4.1443e-06
-4.43457e-06
-4.7253e-06
-5.01717e-06
-5.31074e-06
-5.60696e-06
-5.90625e-06
-6.20557e-06
-6.50124e-06
-6.79238e-06
-7.07962e-06
-7.36381e-06
-7.64572e-06
-7.92606e-06
-8.2055e-06
-8.48469e-06
-8.76425e-06
-9.04466e-06
-9.32657e-06
-9.61067e-06
-9.89747e-06
-1.01871e-05
-1.048e-05
-1.07768e-05
-1.10777e-05
-1.1383e-05
-1.16931e-05
-1.2008e-05
-1.23279e-05
-1.2653e-05
4.40487e-07
1.07601e-07
-2.20911e-07
-5.45145e-07
-8.65193e-07
-1.18118e-06
-1.49328e-06
-1.80167e-06
-2.10657e-06
-2.40826e-06
-2.70699e-06
-3.00309e-06
-3.2969e-06
-3.58879e-06
-3.87916e-06
-4.16844e-06
-4.45711e-06
-4.74565e-06
-5.03468e-06
-5.32468e-06
-5.61652e-06
-5.91053e-06
-6.20434e-06
-6.49519e-06
-6.7823e-06
-7.06627e-06
-7.34785e-06
-7.62772e-06
-7.90654e-06
-8.18493e-06
-8.46347e-06
-8.74276e-06
-9.02327e-06
-9.30536e-06
-9.59022e-06
-9.87797e-06
-1.01687e-05
-1.0463e-05
-1.07614e-05
-1.10642e-05
-1.13717e-05
-1.1684e-05
-1.20015e-05
-1.23242e-05
-1.26522e-05
4.39439e-07
1.03253e-07
-2.28339e-07
-5.55415e-07
-8.78057e-07
-1.19639e-06
-1.51055e-06
-1.82074e-06
-2.12715e-06
-2.43004e-06
-2.72966e-06
-3.02632e-06
-3.32033e-06
-3.61203e-06
-3.90182e-06
-4.19007e-06
-4.47724e-06
-4.76376e-06
-5.05018e-06
-5.33693e-06
-5.62481e-06
-5.91404e-06
-6.20288e-06
-6.48934e-06
-6.7728e-06
-7.05378e-06
-7.33295e-06
-7.61093e-06
-7.8883e-06
-8.16566e-06
-8.44353e-06
-8.72252e-06
-9.00289e-06
-9.28518e-06
-9.57074e-06
-9.85919e-06
-1.01508e-05
-1.04464e-05
-1.07462e-05
-1.10506e-05
-1.13599e-05
-1.16744e-05
-1.19941e-05
-1.23194e-05
-1.26501e-05
4.37587e-07
9.85029e-08
-2.35785e-07
-5.6534e-07
-8.90239e-07
-1.21059e-06
-1.52655e-06
-1.83827e-06
-2.14597e-06
-2.44987e-06
-2.75022e-06
-3.04731e-06
-3.34144e-06
-3.63294e-06
-3.92215e-06
-4.20944e-06
-4.49522e-06
-4.77989e-06
-5.06395e-06
-5.34778e-06
-5.63208e-06
-5.91702e-06
-6.2014e-06
-6.48392e-06
-6.76408e-06
-7.04235e-06
-7.31933e-06
-7.59557e-06
-7.87161e-06
-8.14799e-06
-8.42521e-06
-8.70385e-06
-8.98395e-06
-9.26661e-06
-9.55261e-06
-9.84158e-06
-1.0134e-05
-1.04306e-05
-1.07317e-05
-1.10375e-05
-1.13485e-05
-1.16648e-05
-1.19866e-05
-1.23141e-05
-1.26473e-05
4.35334e-07
9.37047e-08
-2.42943e-07
-5.74665e-07
-9.01529e-07
-1.22364e-06
-1.54114e-06
-1.85419e-06
-2.16299e-06
-2.46775e-06
-2.76871e-06
-3.06615e-06
-3.36035e-06
-3.65162e-06
-3.94029e-06
-4.2267e-06
-4.51123e-06
-4.79424e-06
-5.07618e-06
-5.35739e-06
-5.63851e-06
-5.91964e-06
-6.20002e-06
-6.47902e-06
-6.75623e-06
-7.03208e-06
-7.30709e-06
-7.58176e-06
-7.85659e-06
-8.13207e-06
-8.40867e-06
-8.6869e-06
-8.96686e-06
-9.24977e-06
-9.53602e-06
-9.82545e-06
-1.01186e-05
-1.04161e-05
-1.07182e-05
-1.10253e-05
-1.13377e-05
-1.16556e-05
-1.19792e-05
-1.23087e-05
-1.26442e-05
4.32875e-07
8.89902e-08
-2.4974e-07
-5.83367e-07
-9.11956e-07
-1.23561e-06
-1.55445e-06
-1.86865e-06
-2.17839e-06
-2.48389e-06
-2.78537e-06
-3.08309e-06
-3.37733e-06
-3.66838e-06
-3.95655e-06
-4.24215e-06
-4.52555e-06
-4.80706e-06
-5.08711e-06
-5.36599e-06
-5.64428e-06
-5.92199e-06
-6.19877e-06
-6.47461e-06
-6.7492e-06
-7.02289e-06
-7.29613e-06
-7.56938e-06
-7.84311e-06
-8.11777e-06
-8.3938e-06
-8.67167e-06
-8.95154e-06
-9.23451e-06
-9.52095e-06
-9.8108e-06
-1.01046e-05
-1.04028e-05
-1.07058e-05
-1.1014e-05
-1.13276e-05
-1.1647e-05
-1.19722e-05
-1.23035e-05
-1.26409e-05
4.3019e-07
8.41867e-08
-2.56491e-07
-5.91895e-07
-9.22087e-07
-1.24716e-06
-1.56725e-06
-1.88251e-06
-2.19312e-06
-2.49928e-06
-2.80122e-06
-3.09918e-06
-3.39344e-06
-3.68426e-06
-3.97194e-06
-4.25677e-06
-4.53909e-06
-4.81919e-06
-5.09746e-06
-5.37414e-06
-5.64977e-06
-5.92425e-06
-6.19762e-06
-6.47046e-06
-6.74258e-06
-7.01424e-06
-7.2858e-06
-7.55771e-06
-7.83038e-06
-8.10425e-06
-8.37973e-06
-8.65725e-06
-8.93699e-06
-9.21996e-06
-9.50658e-06
-9.7968e-06
-1.00911e-05
-1.039e-05
-1.06939e-05
-1.1003e-05
-1.13178e-05
-1.16384e-05
-1.19652e-05
-1.22981e-05
-1.26373e-05
4.27478e-07
7.9453e-08
-2.63111e-07
-6.00252e-07
-9.32023e-07
-1.25851e-06
-1.57983e-06
-1.89614e-06
-2.20761e-06
-2.51444e-06
-2.81684e-06
-3.11504e-06
-3.4093e-06
-3.69988e-06
-3.98707e-06
-4.27113e-06
-4.55237e-06
-4.83104e-06
-5.10752e-06
-5.38201e-06
-5.65501e-06
-5.92637e-06
-6.1966e-06
-6.4666e-06
-6.73626e-06
-7.00582e-06
-7.27573e-06
-7.54631e-06
-7.81793e-06
-8.091e-06
-8.3659e-06
-8.64305e-06
-8.92263e-06
-9.20559e-06
-9.49239e-06
-9.78296e-06
-1.00777e-05
-1.03773e-05
-1.0682e-05
-1.09921e-05
-1.13081e-05
-1.16301e-05
-1.19582e-05
-1.22928e-05
-1.26338e-05
-4.4302e-06
-9.95691e-06
-1.06603e-05
-1.10866e-05
-1.17235e-05
-1.24989e-05
-1.33811e-05
-1.43512e-05
-1.53996e-05
-1.65229e-05
-1.77218e-05
-1.89998e-05
-2.03641e-05
-2.18272e-05
-2.3408e-05
-1.89916e-06
-7.13683e-06
-9.12623e-06
-1.03031e-05
-1.1304e-05
-1.22585e-05
-1.32359e-05
-1.42614e-05
-1.53433e-05
-1.64874e-05
-1.7699e-05
-1.89842e-05
-2.03521e-05
-2.18159e-05
-2.33954e-05
-3.93126e-07
-5.26502e-06
-7.93811e-06
-9.60111e-06
-1.08905e-05
-1.20138e-05
-1.3088e-05
-1.41707e-05
-1.52874e-05
-1.64528e-05
-1.76771e-05
-1.89695e-05
-2.03405e-05
-2.18046e-05
-2.33821e-05
1.66415e-07
-4.0976e-06
-6.99579e-06
-8.96764e-06
-1.04854e-05
-1.17656e-05
-1.29382e-05
-1.40805e-05
-1.52335e-05
-1.64207e-05
-1.76576e-05
-1.89567e-05
-2.03303e-05
-2.17941e-05
-2.3369e-05
2.95842e-07
-3.21296e-06
-6.10881e-06
-8.30334e-06
-1.00323e-05
-1.14761e-05
-1.27607e-05
-1.39744e-05
-1.51713e-05
-1.63849e-05
-1.76368e-05
-1.89436e-05
-2.03199e-05
-2.17831e-05
-2.33547e-05
2.97779e-07
-2.61849e-06
-5.33236e-06
-7.62278e-06
-9.52034e-06
-1.11245e-05
-1.25344e-05
-1.3835e-05
-1.50886e-05
-1.6337e-05
-1.76093e-05
-1.89266e-05
-2.0307e-05
-2.17698e-05
-2.33376e-05
1.5174e-07
-2.28827e-06
-4.73847e-06
-6.99616e-06
-8.98409e-06
-1.07173e-05
-1.22502e-05
-1.36486e-05
-1.49718e-05
-1.62664e-05
-1.75669e-05
-1.89e-05
-2.02875e-05
-2.17512e-05
-2.33155e-05
-1.599e-07
-2.20598e-06
-4.36712e-06
-6.49539e-06
-8.48331e-06
-1.02887e-05
-1.19196e-05
-1.3412e-05
-1.48117e-05
-1.61621e-05
-1.75e-05
-1.88557e-05
-2.02549e-05
-2.17223e-05
-2.32841e-05
-6.13889e-07
-2.33929e-06
-4.22198e-06
-6.16692e-06
-8.07794e-06
-9.8891e-06
-1.15741e-05
-1.31391e-05
-1.46096e-05
-1.60187e-05
-1.74003e-05
-1.87852e-05
-2.02015e-05
-2.16762e-05
-2.32376e-05
-1.18401e-06
-2.65041e-06
-4.28311e-06
-6.02642e-06
-7.80938e-06
-9.56667e-06
-1.1255e-05
-1.28577e-05
-1.43798e-05
-1.58405e-05
-1.72655e-05
-1.86828e-05
-2.012e-05
-2.16054e-05
-2.31685e-05
-1.84927e-06
-3.10569e-06
-4.52159e-06
-6.06714e-06
-7.69598e-06
-9.35545e-06
-1.1e-05
-1.26002e-05
-1.41454e-05
-1.56403e-05
-1.71005e-05
-1.85475e-05
-2.00061e-05
-2.15034e-05
-2.30692e-05
-2.59484e-06
-3.67923e-06
-4.90951e-06
-6.27173e-06
-7.7386e-06
-9.27311e-06
-1.08363e-05
-1.23959e-05
-1.39315e-05
-1.54364e-05
-1.69158e-05
-1.83834e-05
-1.98587e-05
-2.13659e-05
-2.29329e-05
-3.4103e-06
-4.35212e-06
-5.4238e-06
-6.62075e-06
-7.92881e-06
-9.32495e-06
-1.07805e-05
-1.22668e-05
-1.37606e-05
-1.52478e-05
-1.6725e-05
-1.81979e-05
-1.96798e-05
-2.11902e-05
-2.27538e-05
-4.28683e-06
-5.10935e-06
-6.04539e-06
-7.09555e-06
-8.25403e-06
-9.5084e-06
-1.08403e-05
-1.22282e-05
-1.36508e-05
-1.50919e-05
-1.6542e-05
-1.80002e-05
-1.94735e-05
-2.09757e-05
-2.25269e-05
-5.21469e-06
-5.93684e-06
-6.75681e-06
-7.67783e-06
-8.69905e-06
-9.8152e-06
-1.10164e-05
-1.22887e-05
-1.36162e-05
-1.49839e-05
-1.63804e-05
-1.78002e-05
-1.92449e-05
-2.07225e-05
-2.22477e-05
-6.18194e-06
-6.81946e-06
-7.54022e-06
-8.34849e-06
-9.24605e-06
-1.0232e-05
-1.13024e-05
-1.245e-05
-1.3665e-05
-1.4936e-05
-1.6253e-05
-1.76087e-05
-1.90009e-05
-2.04329e-05
-2.19137e-05
-7.17518e-06
-7.74123e-06
-8.37718e-06
-9.08743e-06
-9.8749e-06
-1.07411e-05
-1.16857e-05
-1.27064e-05
-1.37985e-05
-1.49554e-05
-1.61701e-05
-1.74363e-05
-1.87503e-05
-2.01119e-05
-2.15255e-05
-8.17846e-06
-8.68412e-06
-9.24754e-06
-9.87278e-06
-1.0563e-05
-1.13206e-05
-1.21475e-05
-1.30441e-05
-1.40097e-05
-1.50419e-05
-1.61372e-05
-1.72918e-05
-1.85025e-05
-1.97679e-05
-2.10889e-05
-9.17066e-06
-9.62523e-06
-1.01267e-05
-1.06783e-05
-1.1283e-05
-1.19435e-05
-1.26623e-05
-1.34416e-05
-1.42827e-05
-1.51864e-05
-1.61522e-05
-1.7179e-05
-1.82658e-05
-1.94113e-05
-2.0615e-05
-1.01323e-05
-1.05433e-05
-1.09912e-05
-1.14788e-05
-1.20083e-05
-1.25823e-05
-1.32033e-05
-1.3874e-05
-1.45969e-05
-1.53742e-05
-1.62076e-05
-1.70986e-05
-1.80478e-05
-1.90556e-05
-2.01218e-05
-1.09684e-05
-1.13453e-05
-1.1751e-05
-1.21872e-05
-1.26559e-05
-1.3159e-05
-1.3699e-05
-1.42783e-05
-1.48997e-05
-1.55658e-05
-1.62795e-05
-1.70433e-05
-1.78596e-05
-1.87304e-05
-1.96566e-05
-1.1613e-05
-1.19658e-05
-1.23409e-05
-1.27395e-05
-1.31633e-05
-1.3614e-05
-1.40935e-05
-1.46041e-05
-1.51483e-05
-1.57287e-05
-1.63484e-05
-1.70103e-05
-1.77178e-05
-1.84739e-05
-1.92808e-05
-1.20587e-05
-1.23955e-05
-1.27501e-05
-1.31236e-05
-1.35172e-05
-1.39323e-05
-1.43706e-05
-1.4834e-05
-1.53247e-05
-1.58452e-05
-1.63983e-05
-1.69872e-05
-1.76152e-05
-1.82858e-05
-1.90024e-05
-1.23695e-05
-1.26965e-05
-1.30381e-05
-1.33952e-05
-1.37687e-05
-1.416e-05
-1.45703e-05
-1.50014e-05
-1.54551e-05
-1.59337e-05
-1.64398e-05
-1.69762e-05
-1.75464e-05
-1.81539e-05
-1.88024e-05
-1.25836e-05
-1.29051e-05
-1.3239e-05
-1.35859e-05
-1.39466e-05
-1.43223e-05
-1.47141e-05
-1.51234e-05
-1.55519e-05
-1.60015e-05
-1.64746e-05
-1.69738e-05
-1.75023e-05
-1.80634e-05
-1.86609e-05
-1.27286e-05
-1.30479e-05
-1.33778e-05
-1.3719e-05
-1.40722e-05
-1.44383e-05
-1.48183e-05
-1.52134e-05
-1.56251e-05
-1.6055e-05
-1.65052e-05
-1.69781e-05
-1.74765e-05
-1.80034e-05
-1.85624e-05
-1.28251e-05
-1.31445e-05
-1.34732e-05
-1.3812e-05
-1.41613e-05
-1.45221e-05
-1.48951e-05
-1.52814e-05
-1.56822e-05
-1.6099e-05
-1.65335e-05
-1.69878e-05
-1.74643e-05
-1.79659e-05
-1.84955e-05
-1.28883e-05
-1.32092e-05
-1.35387e-05
-1.38772e-05
-1.42254e-05
-1.45838e-05
-1.49532e-05
-1.53344e-05
-1.57285e-05
-1.61367e-05
-1.65604e-05
-1.70015e-05
-1.7462e-05
-1.79443e-05
-1.8451e-05
-1.29287e-05
-1.32522e-05
-1.35836e-05
-1.39235e-05
-1.42722e-05
-1.46303e-05
-1.49983e-05
-1.5377e-05
-1.57672e-05
-1.61698e-05
-1.65863e-05
-1.70179e-05
-1.74664e-05
-1.79339e-05
-1.84225e-05
-1.2954e-05
-1.32807e-05
-1.36148e-05
-1.39569e-05
-1.43072e-05
-1.46662e-05
-1.50344e-05
-1.54122e-05
-1.58003e-05
-1.61996e-05
-1.6611e-05
-1.70358e-05
-1.74752e-05
-1.7931e-05
-1.84049e-05
-1.29695e-05
-1.32995e-05
-1.36368e-05
-1.39816e-05
-1.43342e-05
-1.46948e-05
-1.50639e-05
-1.54419e-05
-1.58292e-05
-1.62265e-05
-1.66345e-05
-1.70542e-05
-1.74865e-05
-1.79329e-05
-1.83947e-05
-1.29785e-05
-1.3312e-05
-1.36525e-05
-1.40002e-05
-1.43554e-05
-1.47181e-05
-1.50887e-05
-1.54675e-05
-1.58547e-05
-1.62508e-05
-1.66565e-05
-1.70722e-05
-1.74989e-05
-1.79376e-05
-1.83893e-05
-1.29835e-05
-1.33204e-05
-1.3664e-05
-1.40147e-05
-1.43724e-05
-1.47374e-05
-1.51097e-05
-1.54896e-05
-1.58772e-05
-1.62727e-05
-1.66767e-05
-1.70894e-05
-1.75115e-05
-1.79437e-05
-1.83867e-05
-1.2986e-05
-1.3326e-05
-1.36726e-05
-1.40261e-05
-1.43864e-05
-1.47536e-05
-1.51277e-05
-1.55088e-05
-1.5897e-05
-1.62923e-05
-1.6695e-05
-1.71053e-05
-1.75236e-05
-1.79503e-05
-1.83859e-05
-1.29868e-05
-1.33297e-05
-1.36791e-05
-1.40353e-05
-1.4398e-05
-1.47673e-05
-1.51432e-05
-1.55255e-05
-1.59144e-05
-1.63097e-05
-1.67114e-05
-1.71198e-05
-1.75348e-05
-1.79569e-05
-1.8386e-05
-1.29866e-05
-1.33321e-05
-1.36841e-05
-1.40427e-05
-1.44076e-05
-1.47789e-05
-1.51565e-05
-1.55401e-05
-1.59296e-05
-1.6325e-05
-1.67261e-05
-1.71328e-05
-1.75451e-05
-1.79631e-05
-1.83866e-05
-1.29857e-05
-1.33336e-05
-1.3688e-05
-1.40487e-05
-1.44157e-05
-1.47888e-05
-1.51679e-05
-1.55526e-05
-1.59429e-05
-1.63384e-05
-1.67389e-05
-1.71443e-05
-1.75542e-05
-1.79687e-05
-1.83873e-05
-1.29845e-05
-1.33345e-05
-1.36909e-05
-1.40536e-05
-1.44225e-05
-1.47973e-05
-1.51777e-05
-1.55636e-05
-1.59545e-05
-1.63502e-05
-1.67502e-05
-1.71544e-05
-1.75623e-05
-1.79737e-05
-1.83881e-05
-1.2983e-05
-1.3335e-05
-1.36934e-05
-1.4058e-05
-1.44286e-05
-1.48049e-05
-1.51867e-05
-1.55736e-05
-1.59652e-05
-1.6361e-05
-1.67608e-05
-1.71639e-05
-1.75699e-05
-1.79785e-05
-1.83888e-05
-1.29813e-05
-1.33351e-05
-1.36953e-05
-1.40617e-05
-1.44339e-05
-1.48118e-05
-1.51949e-05
-1.55829e-05
-1.59751e-05
-1.63712e-05
-1.67706e-05
-1.71728e-05
-1.7577e-05
-1.79829e-05
-1.83895e-05
-4.19806e-06
-4.19772e-06
-4.20158e-06
-4.20892e-06
-4.21912e-06
-4.2315e-06
-4.2458e-06
-4.26187e-06
-4.27962e-06
-4.2991e-06
-4.3204e-06
-4.34368e-06
-4.36905e-06
-4.3966e-06
-4.42631e-06
-4.45803e-06
-4.49144e-06
-4.52591e-06
-4.56045e-06
-4.59349e-06
-4.62285e-06
-4.64565e-06
-4.65613e-06
-4.64741e-06
-4.61415e-06
-4.55143e-06
-4.45477e-06
-4.32118e-06
-4.15029e-06
-3.94494e-06
-3.70685e-06
-3.44153e-06
-3.16609e-06
-2.89667e-06
-2.64905e-06
-2.43749e-06
-2.27446e-06
-2.16783e-06
-2.11853e-06
-2.12008e-06
-2.15959e-06
-2.22009e-06
-2.28517e-06
-2.33314e-06
-2.35306e-06
-4.19257e-06
-4.19295e-06
-4.19611e-06
-4.20144e-06
-4.20849e-06
-4.2172e-06
-4.22733e-06
-4.23877e-06
-4.25151e-06
-4.26558e-06
-4.28107e-06
-4.29806e-06
-4.31666e-06
-4.33696e-06
-4.359e-06
-4.38276e-06
-4.40808e-06
-4.43458e-06
-4.46152e-06
-4.48763e-06
-4.51089e-06
-4.52829e-06
-4.53399e-06
-4.52191e-06
-4.48745e-06
-4.42623e-06
-4.33441e-06
-4.20953e-06
-4.051e-06
-3.86023e-06
-3.64192e-06
-3.40762e-06
-3.16776e-06
-2.93326e-06
-2.71786e-06
-2.53587e-06
-2.39782e-06
-2.30852e-06
-2.26659e-06
-2.26485e-06
-2.29187e-06
-2.33446e-06
-2.3802e-06
-2.41933e-06
-2.44564e-06
-4.17874e-06
-4.18152e-06
-4.18563e-06
-4.19105e-06
-4.19762e-06
-4.20522e-06
-4.21376e-06
-4.22322e-06
-4.23364e-06
-4.24508e-06
-4.25764e-06
-4.27147e-06
-4.2867e-06
-4.30352e-06
-4.32211e-06
-4.34269e-06
-4.36545e-06
-4.39056e-06
-4.41804e-06
-4.44761e-06
-4.47847e-06
-4.50869e-06
-4.53256e-06
-4.5428e-06
-4.53307e-06
-4.49697e-06
-4.42858e-06
-4.32367e-06
-4.18046e-06
-4.00004e-06
-3.78634e-06
-3.54926e-06
-3.30121e-06
-3.05639e-06
-2.83018e-06
-2.63714e-06
-2.48851e-06
-2.39023e-06
-2.34185e-06
-2.33682e-06
-2.36413e-06
-2.41062e-06
-2.46374e-06
-2.51567e-06
-2.56547e-06
-4.16071e-06
-4.16654e-06
-4.17223e-06
-4.17822e-06
-4.18472e-06
-4.19169e-06
-4.19912e-06
-4.20709e-06
-4.2157e-06
-4.22508e-06
-4.23541e-06
-4.24689e-06
-4.25979e-06
-4.27446e-06
-4.29135e-06
-4.31107e-06
-4.33445e-06
-4.36255e-06
-4.39665e-06
-4.43819e-06
-4.48844e-06
-4.54743e-06
-4.60896e-06
-4.66225e-06
-4.69721e-06
-4.70362e-06
-4.67181e-06
-4.59534e-06
-4.47118e-06
-4.30009e-06
-4.08695e-06
-3.84059e-06
-3.57455e-06
-3.30488e-06
-3.04917e-06
-2.8245e-06
-2.64505e-06
-2.5197e-06
-2.45054e-06
-2.43272e-06
-2.45578e-06
-2.50586e-06
-2.56877e-06
-2.63634e-06
-2.70964e-06
-4.1418e-06
-4.15101e-06
-4.15848e-06
-4.16533e-06
-4.17214e-06
-4.17893e-06
-4.18578e-06
-4.19284e-06
-4.20028e-06
-4.20832e-06
-4.2172e-06
-4.22724e-06
-4.23885e-06
-4.25261e-06
-4.26932e-06
-4.29014e-06
-4.31673e-06
-4.35138e-06
-4.39719e-06
-4.45794e-06
-4.53785e-06
-4.63985e-06
-4.75688e-06
-4.87211e-06
-4.96957e-06
-5.03345e-06
-5.04929e-06
-5.00972e-06
-4.91131e-06
-4.75396e-06
-4.54114e-06
-4.28265e-06
-3.99195e-06
-3.68657e-06
-3.38654e-06
-3.11241e-06
-2.88274e-06
-2.71127e-06
-2.60451e-06
-2.56075e-06
-2.57076e-06
-2.61969e-06
-2.69074e-06
-2.77408e-06
-2.8714e-06
-4.12486e-06
-4.13705e-06
-4.14627e-06
-4.15413e-06
-4.16147e-06
-4.16842e-06
-4.1751e-06
-4.18173e-06
-4.18857e-06
-4.19589e-06
-4.20403e-06
-4.21341e-06
-4.22462e-06
-4.23849e-06
-4.25621e-06
-4.27959e-06
-4.31126e-06
-4.35501e-06
-4.41607e-06
-4.50118e-06
-4.61811e-06
-4.77345e-06
-4.95898e-06
-5.14915e-06
-5.31977e-06
-5.44845e-06
-5.52039e-06
-5.52628e-06
-5.46002e-06
-5.32313e-06
-5.11429e-06
-4.84409e-06
-4.52674e-06
-4.18065e-06
-3.82782e-06
-3.49235e-06
-3.19794e-06
-2.96454e-06
-2.80485e-06
-2.72194e-06
-2.70886e-06
-2.75008e-06
-2.8258e-06
-2.92383e-06
-3.04595e-06
-4.11141e-06
-4.12623e-06
-4.13708e-06
-4.14595e-06
-4.15394e-06
-4.16123e-06
-4.16798e-06
-4.17449e-06
-4.18108e-06
-4.18808e-06
-4.19591e-06
-4.2051e-06
-4.2164e-06
-4.23089e-06
-4.25018e-06
-4.27672e-06
-4.31421e-06
-4.36802e-06
-4.44578e-06
-4.55747e-06
-4.7148e-06
-4.92841e-06
-5.18865e-06
-5.4589e-06
-5.70572e-06
-5.90601e-06
-6.04398e-06
-6.10312e-06
-6.07329e-06
-5.95204e-06
-5.7485e-06
-5.4701e-06
-5.1296e-06
-4.74503e-06
-4.33928e-06
-3.93924e-06
-3.5735e-06
-3.26868e-06
-3.0449e-06
-2.91159e-06
-2.86561e-06
-2.89175e-06
-2.96745e-06
-3.07804e-06
-3.22518e-06
-4.10258e-06
-4.11966e-06
-4.13194e-06
-4.14178e-06
-4.15045e-06
-4.15815e-06
-4.1651e-06
-4.17164e-06
-4.17813e-06
-4.18498e-06
-4.19266e-06
-4.2018e-06
-4.21328e-06
-4.2284e-06
-4.24916e-06
-4.27866e-06
-4.32158e-06
-4.38493e-06
-4.47876e-06
-4.61652e-06
-4.81403e-06
-5.08588e-06
-5.42176e-06
-5.77355e-06
-6.0995e-06
-6.37105e-06
-6.56543e-06
-6.66731e-06
-6.66976e-06
-6.57138e-06
-6.3781e-06
-6.09719e-06
-5.74058e-06
-5.32525e-06
-4.87378e-06
-4.41439e-06
-3.97936e-06
-3.60144e-06
-3.3085e-06
-3.11752e-06
-3.03076e-06
-3.03485e-06
-3.10543e-06
-3.22568e-06
-3.39704e-06
-4.09896e-06
-4.11795e-06
-4.13151e-06
-4.14224e-06
-4.15155e-06
-4.15967e-06
-4.16683e-06
-4.17342e-06
-4.17982e-06
-4.18649e-06
-4.19395e-06
-4.20288e-06
-4.21428e-06
-4.22964e-06
-4.25129e-06
-4.28286e-06
-4.33e-06
-4.40123e-06
-4.50895e-06
-4.67018e-06
-4.90484e-06
-5.23049e-06
-5.63771e-06
-6.06561e-06
-6.4631e-06
-6.79592e-06
-7.03926e-06
-7.17903e-06
-7.20999e-06
-7.13159e-06
-6.94919e-06
-6.66987e-06
-6.30445e-06
-5.86818e-06
-5.38219e-06
-4.87442e-06
-4.37902e-06
-3.9334e-06
-3.57266e-06
-3.32165e-06
-3.18936e-06
-3.16588e-06
-3.2265e-06
-3.35298e-06
-3.54666e-06
-4.10074e-06
-4.12142e-06
-4.13612e-06
-4.14766e-06
-4.15757e-06
-4.16605e-06
-4.17335e-06
-4.17988e-06
-4.18606e-06
-4.19235e-06
-4.1993e-06
-4.20766e-06
-4.21847e-06
-4.23338e-06
-4.25497e-06
-4.28734e-06
-4.33695e-06
-4.41369e-06
-4.53217e-06
-4.71293e-06
-4.97999e-06
-5.35219e-06
-5.82308e-06
-6.31804e-06
-6.77641e-06
-7.15974e-06
-7.44245e-06
-7.61161e-06
-7.66358e-06
-7.59992e-06
-7.42644e-06
-7.15037e-06
-6.78145e-06
-6.33298e-06
-5.82388e-06
-5.28047e-06
-4.73697e-06
-4.23348e-06
-3.81132e-06
-3.50244e-06
-3.32322e-06
-3.26868e-06
-3.31529e-06
-3.44443e-06
-3.65765e-06
-4.10791e-06
-4.13017e-06
-4.14591e-06
-4.15821e-06
-4.16863e-06
-4.17737e-06
-4.18467e-06
-4.19094e-06
-4.19664e-06
-4.20222e-06
-4.20825e-06
-4.21549e-06
-4.22504e-06
-4.23862e-06
-4.25901e-06
-4.29068e-06
-4.34079e-06
-4.42041e-06
-4.54604e-06
-4.74139e-06
-5.0343e-06
-5.4478e-06
-5.97175e-06
-6.52329e-06
-7.03117e-06
-7.4537e-06
-7.76499e-06
-7.95365e-06
-8.01829e-06
-7.96294e-06
-7.79451e-06
-7.52072e-06
-7.15052e-06
-6.69543e-06
-6.17189e-06
-5.60389e-06
-5.0242e-06
-4.47377e-06
-3.99952e-06
-3.63796e-06
-3.41305e-06
-3.3259e-06
-3.35547e-06
-3.48383e-06
-3.71326e-06
-4.12036e-06
-4.14417e-06
-4.16092e-06
-4.17391e-06
-4.18477e-06
-4.19363e-06
-4.20073e-06
-4.20648e-06
-4.21134e-06
-4.21578e-06
-4.22036e-06
-4.22584e-06
-4.23335e-06
-4.24464e-06
-4.26263e-06
-4.29209e-06
-4.34072e-06
-4.42062e-06
-4.54994e-06
-4.75473e-06
-5.06642e-06
-5.51605e-06
-6.08371e-06
-6.68051e-06
-7.22688e-06
-7.67789e-06
-8.00763e-06
-8.20659e-06
-8.27593e-06
-8.22215e-06
-8.05367e-06
-7.77895e-06
-7.40655e-06
-6.94653e-06
-6.41313e-06
-5.82778e-06
-5.22087e-06
-4.63235e-06
-4.11613e-06
-3.70837e-06
-3.4404e-06
-3.32047e-06
-3.33094e-06
-3.45537e-06
-3.69748e-06
-4.13793e-06
-4.16337e-06
-4.18115e-06
-4.1948e-06
-4.206e-06
-4.21481e-06
-4.22146e-06
-4.22636e-06
-4.22997e-06
-4.23275e-06
-4.23528e-06
-4.23831e-06
-4.24293e-06
-4.25097e-06
-4.2654e-06
-4.2912e-06
-4.33654e-06
-4.4144e-06
-4.54437e-06
-4.75403e-06
-5.07996e-06
-5.55756e-06
-6.16061e-06
-6.79304e-06
-7.36826e-06
-7.8385e-06
-8.17809e-06
-8.37952e-06
-8.4465e-06
-8.38785e-06
-8.21365e-06
-7.9332e-06
-7.55501e-06
-7.08822e-06
-6.54532e-06
-5.94558e-06
-5.31692e-06
-4.6961e-06
-4.14348e-06
-3.69658e-06
-3.38879e-06
-3.23676e-06
-3.22683e-06
-3.34457e-06
-3.59589e-06
-4.16052e-06
-4.18775e-06
-4.2066e-06
-4.22089e-06
-4.23232e-06
-4.24089e-06
-4.24679e-06
-4.25046e-06
-4.25234e-06
-4.25291e-06
-4.25275e-06
-4.25258e-06
-4.25351e-06
-4.25734e-06
-4.26714e-06
-4.28801e-06
-4.32851e-06
-4.40235e-06
-4.53046e-06
-4.74229e-06
-5.07785e-06
-5.57516e-06
-6.20636e-06
-6.86677e-06
-7.46285e-06
-7.94483e-06
-8.28743e-06
-8.48496e-06
-8.54358e-06
-8.4742e-06
-8.28841e-06
-7.99641e-06
-7.60696e-06
-7.12865e-06
-6.57288e-06
-5.95727e-06
-5.30824e-06
-4.66083e-06
-4.0708e-06
-3.58809e-06
-3.24434e-06
-3.06153e-06
-3.03035e-06
-3.13892e-06
-3.39621e-06
-4.18813e-06
-4.21736e-06
-4.23736e-06
-4.25227e-06
-4.26379e-06
-4.27188e-06
-4.2767e-06
-4.27869e-06
-4.27831e-06
-4.27607e-06
-4.27254e-06
-4.26846e-06
-4.2649e-06
-4.26369e-06
-4.26789e-06
-4.28277e-06
-4.31716e-06
-4.3854e-06
-4.50967e-06
-4.72143e-06
-5.06244e-06
-5.57332e-06
-6.22692e-06
-6.90869e-06
-7.5192e-06
-8.00708e-06
-8.34743e-06
-8.53599e-06
-8.58127e-06
-8.49588e-06
-8.2927e-06
-7.98278e-06
-7.57533e-06
-7.07865e-06
-6.50379e-06
-5.8673e-06
-5.19477e-06
-4.52159e-06
-3.89364e-06
-3.37544e-06
-2.99782e-06
-2.78473e-06
-2.73131e-06
-2.82827e-06
-3.08858e-06
-4.22084e-06
-4.25233e-06
-4.27358e-06
-4.28906e-06
-4.30053e-06
-4.30785e-06
-4.31119e-06
-4.31099e-06
-4.30777e-06
-4.30208e-06
-4.29452e-06
-4.28582e-06
-4.27704e-06
-4.27001e-06
-4.26785e-06
-4.27587e-06
-4.30316e-06
-4.36463e-06
-4.48349e-06
-4.69297e-06
-5.03649e-06
-5.55712e-06
-6.22813e-06
-6.92579e-06
-7.54576e-06
-8.03488e-06
-8.36866e-06
-8.54459e-06
-8.57246e-06
-8.46635e-06
-8.24019e-06
-7.90573e-06
-7.47255e-06
-6.94946e-06
-6.34739e-06
-5.68257e-06
-4.97988e-06
-4.27598e-06
-3.61117e-06
-3.05455e-06
-2.64286e-06
-2.39884e-06
-2.32191e-06
-2.40478e-06
-2.66546e-06
-4.25886e-06
-4.2929e-06
-4.31551e-06
-4.33149e-06
-4.3427e-06
-4.3489e-06
-4.35026e-06
-4.34731e-06
-4.34061e-06
-4.33079e-06
-4.31852e-06
-4.30456e-06
-4.28988e-06
-4.2764e-06
-4.26724e-06
-4.26776e-06
-4.28727e-06
-4.34114e-06
-4.45347e-06
-4.65906e-06
-5.00306e-06
-5.53062e-06
-6.2148e-06
-6.92412e-06
-7.5497e-06
-8.03676e-06
-8.36103e-06
-8.52118e-06
-8.52815e-06
-8.39703e-06
-8.14249e-06
-7.77682e-06
-7.31008e-06
-6.75164e-06
-6.11283e-06
-5.4102e-06
-4.66927e-06
-3.9268e-06
-3.2229e-06
-2.62486e-06
-2.17488e-06
-1.89848e-06
-1.79678e-06
-1.86287e-06
-2.12179e-06
-4.30252e-06
-4.33943e-06
-4.36349e-06
-4.37987e-06
-4.39052e-06
-4.39516e-06
-4.39397e-06
-4.38759e-06
-4.3767e-06
-4.36202e-06
-4.34434e-06
-4.32454e-06
-4.3034e-06
-4.28293e-06
-4.26634e-06
-4.25893e-06
-4.27022e-06
-4.316e-06
-4.42111e-06
-4.62177e-06
-4.96475e-06
-5.49704e-06
-6.19131e-06
-6.90909e-06
-7.53735e-06
-8.01982e-06
-8.33226e-06
-8.47413e-06
-8.45719e-06
-8.29716e-06
-8.00913e-06
-7.60573e-06
-7.09751e-06
-6.49451e-06
-5.80894e-06
-5.05826e-06
-4.26863e-06
-3.477e-06
-2.73073e-06
-2.08728e-06
-1.59386e-06
-1.28138e-06
-1.15305e-06
-1.1988e-06
-1.45504e-06
-4.35229e-06
-4.3924e-06
-4.41798e-06
-4.43458e-06
-4.44429e-06
-4.44678e-06
-4.44233e-06
-4.43173e-06
-4.41584e-06
-4.39554e-06
-4.37176e-06
-4.34554e-06
-4.31756e-06
-4.28966e-06
-4.26535e-06
-4.2498e-06
-4.25267e-06
-4.29014e-06
-4.38768e-06
-4.58284e-06
-4.92378e-06
-5.45917e-06
-6.16121e-06
-6.88503e-06
-7.51373e-06
-7.98965e-06
-8.28842e-06
-8.40998e-06
-8.36652e-06
-8.17402e-06
-7.8477e-06
-7.40035e-06
-6.8429e-06
-6.18621e-06
-5.44365e-06
-4.63415e-06
-3.78528e-06
-2.93559e-06
-2.13489e-06
-1.43991e-06
-9.02097e-07
-5.48215e-07
-3.90072e-07
-4.10569e-07
-6.64116e-07
-4.40876e-06
-4.45244e-06
-4.47956e-06
-4.4961e-06
-4.50433e-06
-4.50392e-06
-4.49533e-06
-4.47957e-06
-4.45778e-06
-4.43105e-06
-4.40057e-06
-4.36731e-06
-4.33202e-06
-4.29661e-06
-4.26444e-06
-4.2407e-06
-4.23518e-06
-4.2643e-06
-4.35428e-06
-4.54363e-06
-4.88194e-06
-5.41928e-06
-6.12732e-06
-6.85529e-06
-7.4827e-06
-7.95053e-06
-8.23416e-06
-8.33369e-06
-8.2614e-06
-8.03321e-06
-7.66415e-06
-7.167e-06
-6.55299e-06
-5.83382e-06
-5.02426e-06
-4.14507e-06
-3.22595e-06
-2.30765e-06
-1.44201e-06
-6.87775e-07
-9.97751e-08
2.99359e-07
4.92543e-07
4.95897e-07
2.55137e-07
-4.47272e-06
-4.52033e-06
-4.54893e-06
-4.56498e-06
-4.571e-06
-4.56673e-06
-4.5529e-06
-4.5309e-06
-4.50219e-06
-4.46821e-06
-4.43031e-06
-4.38945e-06
-4.3466e-06
-4.30366e-06
-4.26365e-06
-4.23188e-06
-4.21815e-06
-4.23918e-06
-4.32171e-06
-4.50522e-06
-4.84057e-06
-5.37907e-06
-6.09173e-06
-6.82235e-06
-7.4471e-06
-7.90563e-06
-8.17289e-06
-8.24891e-06
-8.14575e-06
-7.87896e-06
-7.46315e-06
-6.91086e-06
-6.23354e-06
-5.4437e-06
-4.55764e-06
-3.59827e-06
-2.59786e-06
-1.59996e-06
-6.59056e-07
1.63619e-07
8.09905e-07
1.25672e-06
1.48953e-06
1.51639e-06
1.30159e-06
-4.54511e-06
-4.59701e-06
-4.62695e-06
-4.64188e-06
-4.64469e-06
-4.63532e-06
-4.61492e-06
-4.58537e-06
-4.54861e-06
-4.50643e-06
-4.46043e-06
-4.4116e-06
-4.3611e-06
-4.31059e-06
-4.26294e-06
-4.22345e-06
-4.20188e-06
-4.2152e-06
-4.29057e-06
-4.46842e-06
-4.80068e-06
-5.33978e-06
-6.05598e-06
-6.78805e-06
-7.40901e-06
-7.85721e-06
-8.10707e-06
-8.15829e-06
-8.02247e-06
-7.71452e-06
-7.24842e-06
-6.63628e-06
-5.88964e-06
-5.02177e-06
-4.05054e-06
-3.00119e-06
-1.90886e-06
-8.20396e-07
2.06417e-07
1.10732e-06
1.81987e-06
2.31817e-06
2.59367e-06
2.64555e-06
2.46906e-06
-4.62712e-06
-4.68366e-06
-4.71461e-06
-4.72751e-06
-4.72579e-06
-4.70974e-06
-4.68114e-06
-4.64253e-06
-4.59646e-06
-4.5451e-06
-4.49036e-06
-4.43331e-06
-4.37507e-06
-4.31713e-06
-4.26218e-06
-4.2154e-06
-4.18651e-06
-4.19262e-06
-4.2613e-06
-4.43376e-06
-4.76296e-06
-5.30227e-06
-6.02112e-06
-6.75362e-06
-7.36983e-06
-7.80683e-06
-8.03839e-06
-8.06371e-06
-7.8937e-06
-7.54241e-06
-7.023e-06
-6.34702e-06
-5.52594e-06
-4.57372e-06
-3.50975e-06
-2.36163e-06
-1.16756e-06
2.20469e-08
1.14564e-06
2.13531e-06
2.92184e-06
3.47837e-06
3.80375e-06
3.8881e-06
3.74616e-06
-4.7202e-06
-4.78171e-06
-4.81311e-06
-4.82269e-06
-4.81467e-06
-4.78995e-06
-4.75118e-06
-4.70181e-06
-4.64504e-06
-4.58356e-06
-4.51951e-06
-4.45401e-06
-4.38807e-06
-4.32297e-06
-4.26117e-06
-4.20767e-06
-4.17207e-06
-4.17159e-06
-4.23411e-06
-4.40158e-06
-4.72783e-06
-5.26708e-06
-5.98784e-06
-6.71989e-06
-7.33051e-06
-7.75555e-06
-7.96804e-06
-7.96652e-06
-7.76104e-06
-7.36464e-06
-6.7895e-06
-6.04647e-06
-5.14687e-06
-4.1052e-06
-2.94227e-06
-1.68793e-06
-3.83421e-07
9.17135e-07
2.1481e-06
3.23724e-06
4.10737e-06
4.72894e-06
5.11259e-06
5.23785e-06
5.13223e-06
-4.82617e-06
-4.89289e-06
-4.92382e-06
-4.92828e-06
-4.91165e-06
-4.87579e-06
-4.82453e-06
-4.76252e-06
-4.69357e-06
-4.62109e-06
-4.54722e-06
-4.47313e-06
-4.39965e-06
-4.32778e-06
-4.25968e-06
-4.2001e-06
-4.1585e-06
-4.15213e-06
-4.20911e-06
-4.37205e-06
-4.69554e-06
-5.23452e-06
-5.95653e-06
-6.68736e-06
-7.29165e-06
-7.70407e-06
-7.89682e-06
-7.86771e-06
-7.62574e-06
-7.18288e-06
-6.5502e-06
-5.7378e-06
-4.75671e-06
-3.62189e-06
-2.35534e-06
-9.88953e-07
4.33174e-07
1.85331e-06
3.20147e-06
4.40062e-06
5.36664e-06
6.05861e-06
6.50478e-06
6.67882e-06
6.62155e-06
-4.9473e-06
-5.0193e-06
-5.04835e-06
-5.04521e-06
-5.01699e-06
-4.96692e-06
-4.90053e-06
-4.82379e-06
-4.74127e-06
-4.65688e-06
-4.5728e-06
-4.49013e-06
-4.40939e-06
-4.33123e-06
-4.25745e-06
-4.19253e-06
-4.14568e-06
-4.13417e-06
-4.18628e-06
-4.3452e-06
-4.66615e-06
-5.20472e-06
-5.92742e-06
-6.65631e-06
-7.25361e-06
-7.65281e-06
-7.82529e-06
-7.76799e-06
-7.48883e-06
-6.99858e-06
-6.30721e-06
-5.424e-06
-4.35969e-06
-3.1295e-06
-1.75642e-06
-2.74057e-07
1.27103e-06
2.81777e-06
4.29157e-06
5.60969e-06
6.68546e-06
7.46116e-06
7.97132e-06
8.20186e-06
8.19938e-06
-5.08645e-06
-5.16352e-06
-5.18852e-06
-5.17437e-06
-5.13072e-06
-5.06282e-06
-4.97841e-06
-4.88467e-06
-4.78723e-06
-4.69017e-06
-4.59566e-06
-4.50454e-06
-4.41693e-06
-4.33305e-06
-4.25429e-06
-4.18478e-06
-4.13347e-06
-4.11759e-06
-4.16553e-06
-4.32095e-06
-4.63963e-06
-5.1777e-06
-5.90056e-06
-6.62687e-06
-7.21659e-06
-7.60209e-06
-7.75387e-06
-7.66796e-06
-7.35117e-06
-6.81304e-06
-6.06248e-06
-5.10797e-06
-3.9599e-06
-2.63371e-06
-1.15309e-06
4.47077e-07
2.11832e-06
3.79678e-06
5.40343e-06
6.84904e-06
8.04524e-06
8.92451e-06
9.50268e-06
9.79892e-06
9.85865e-06
-5.24726e-06
-5.32867e-06
-5.34637e-06
-5.3166e-06
-5.25266e-06
-5.16281e-06
-5.05708e-06
-4.94415e-06
-4.83053e-06
-4.72025e-06
-4.61527e-06
-4.51599e-06
-4.42201e-06
-4.33305e-06
-4.25003e-06
-4.1767e-06
-4.12173e-06
-4.10225e-06
-4.14671e-06
-4.29917e-06
-4.61586e-06
-5.15334e-06
-5.87591e-06
-6.59907e-06
-7.1807e-06
-7.55207e-06
-7.68284e-06
-7.5681e-06
-7.21352e-06
-6.62748e-06
-5.81786e-06
-4.79244e-06
-3.56133e-06
-2.14008e-06
-5.52868e-07
1.16465e-06
2.9628e-06
4.77583e-06
6.52122e-06
8.10384e-06
9.42938e-06
1.04263e-05
1.10857e-05
1.14577e-05
1.1591e-05
-5.43449e-06
-5.51856e-06
-5.5241e-06
-5.47251e-06
-5.3824e-06
-5.26582e-06
-5.1353e-06
-5.00117e-06
-4.87033e-06
-4.74652e-06
-4.63123e-06
-4.52422e-06
-4.42447e-06
-4.33113e-06
-4.24458e-06
-4.16821e-06
-4.11034e-06
-4.08801e-06
-4.12966e-06
-4.27968e-06
-4.59468e-06
-5.13152e-06
-5.85339e-06
-6.57288e-06
-7.14596e-06
-7.5029e-06
-7.61247e-06
-7.46885e-06
-7.07659e-06
-6.44301e-06
-5.57507e-06
-4.48001e-06
-3.16774e-06
-1.65394e-06
3.69632e-08
1.86898e-06
3.7921e-06
5.73975e-06
7.62728e-06
9.35473e-06
1.08204e-05
1.19457e-05
1.27044e-05
1.31638e-05
1.3386e-05
-5.65442e-06
-5.73778e-06
-5.72398e-06
-5.6424e-06
-5.51905e-06
-5.37038e-06
-5.21178e-06
-5.05467e-06
-4.90587e-06
-4.76853e-06
-4.6433e-06
-4.52914e-06
-4.42429e-06
-4.32727e-06
-4.23793e-06
-4.15925e-06
-4.09922e-06
-4.07474e-06
-4.11422e-06
-4.26231e-06
-4.57588e-06
-5.11206e-06
-5.83286e-06
-6.54824e-06
-7.11239e-06
-7.45466e-06
-7.54297e-06
-7.37058e-06
-6.94104e-06
-6.26067e-06
-5.33572e-06
-4.17307e-06
-2.7826e-06
-1.18018e-06
6.09588e-07
2.55086e-06
4.59406e-06
6.67313e-06
8.70291e-06
1.05801e-05
1.21955e-05
1.34614e-05
1.43409e-05
1.49023e-05
1.52344e-05
-5.9156e-06
-5.99178e-06
-5.94816e-06
-5.82604e-06
-5.66107e-06
-5.47485e-06
-5.2851e-06
-5.10365e-06
-4.93659e-06
-4.78601e-06
-4.65142e-06
-4.5308e-06
-4.42157e-06
-4.32158e-06
-4.23014e-06
-4.14983e-06
-4.08831e-06
-4.06233e-06
-4.10022e-06
-4.24684e-06
-4.55926e-06
-5.09475e-06
-5.81416e-06
-6.52504e-06
-7.07998e-06
-7.40743e-06
-7.47452e-06
-7.27366e-06
-6.80745e-06
-6.08141e-06
-5.10126e-06
-3.87376e-06
-2.40901e-06
-7.23223e-07
1.15886e-06
3.20179e-06
5.35719e-06
7.56081e-06
9.72893e-06
1.17573e-05
1.35304e-05
1.49501e-05
1.59698e-05
1.66553e-05
1.7127e-05
-6.22986e-06
-6.28681e-06
-6.19827e-06
-6.02216e-06
-5.80653e-06
-5.57728e-06
-5.35382e-06
-5.14725e-06
-4.96212e-06
-4.7989e-06
-4.65571e-06
-4.5294e-06
-4.41651e-06
-4.31423e-06
-4.22135e-06
-4.14003e-06
-4.07761e-06
-4.0507e-06
-4.08753e-06
-4.23311e-06
-4.54461e-06
-5.0794e-06
-5.79715e-06
-6.50319e-06
-7.04869e-06
-7.36127e-06
-7.40731e-06
-7.17842e-06
-6.67639e-06
-5.9061e-06
-4.87298e-06
-3.58395e-06
-2.04963e-06
-2.86821e-07
1.67946e-06
3.81432e-06
6.07106e-06
8.38843e-06
1.06862e-05
1.28622e-05
1.47976e-05
1.63849e-05
1.75626e-05
1.83999e-05
1.9055e-05
-6.61406e-06
-6.62979e-06
-6.47429e-06
-6.22939e-06
-5.95257e-06
-5.67547e-06
-5.41661e-06
-5.18486e-06
-4.98232e-06
-4.80737e-06
-4.65646e-06
-4.52527e-06
-4.40944e-06
-4.3055e-06
-4.21173e-06
-4.12994e-06
-4.06715e-06
-4.0398e-06
-4.07603e-06
-4.22093e-06
-4.53175e-06
-5.06582e-06
-5.78167e-06
-6.48261e-06
-7.01851e-06
-7.31624e-06
-7.34149e-06
-7.08516e-06
-6.54834e-06
-5.73547e-06
-4.65196e-06
-3.3052e-06
-1.70665e-06
1.25978e-07
2.16712e-06
4.38229e-06
6.72674e-06
9.14305e-06
1.15565e-05
1.38701e-05
1.59658e-05
1.7731e-05
1.90864e-05
2.01083e-05
2.10114e-05
-7.09232e-06
-7.02794e-06
-6.77489e-06
-6.44342e-06
-6.09576e-06
-5.76721e-06
-5.47237e-06
-5.21617e-06
-4.99736e-06
-4.81177e-06
-4.65413e-06
-4.51884e-06
-4.40072e-06
-4.29567e-06
-4.20151e-06
-4.11969e-06
-4.05696e-06
-4.0296e-06
-4.06562e-06
-4.21015e-06
-4.52047e-06
-5.05382e-06
-5.76757e-06
-6.46319e-06
-6.98941e-06
-7.2724e-06
-7.27723e-06
-6.99416e-06
-6.42374e-06
-5.57016e-06
-4.43911e-06
-3.03874e-06
-1.38173e-06
5.1289e-07
2.61864e-06
4.90108e-06
7.31722e-06
9.81383e-06
1.2323e-05
1.47563e-05
1.70016e-05
1.89475e-05
2.04979e-05
2.17427e-05
2.2992e-05
-7.69847e-06
-7.48185e-06
-7.09852e-06
-6.65888e-06
-6.23205e-06
-5.85034e-06
-5.52034e-06
-5.24122e-06
-5.00764e-06
-4.81268e-06
-4.64926e-06
-4.51062e-06
-4.39078e-06
-4.28508e-06
-4.19092e-06
-4.10944e-06
-4.04712e-06
-4.02008e-06
-4.0562e-06
-4.20064e-06
-4.51061e-06
-5.04322e-06
-5.7547e-06
-6.44485e-06
-6.96136e-06
-7.22979e-06
-7.21465e-06
-6.90566e-06
-6.30296e-06
-5.41075e-06
-4.23519e-06
-2.78557e-06
-1.07615e-06
8.72284e-07
3.03181e-06
5.36748e-06
7.83748e-06
1.03924e-05
1.29715e-05
1.54975e-05
1.78693e-05
1.99859e-05
2.17397e-05
2.32471e-05
2.4989e-05
-8.47925e-06
-7.98791e-06
-7.43234e-06
-6.86827e-06
-6.35698e-06
-5.92294e-06
-5.56011e-06
-5.26035e-06
-5.01381e-06
-4.81077e-06
-4.64248e-06
-4.50114e-06
-4.38004e-06
-4.27407e-06
-4.1802e-06
-4.09933e-06
-4.03768e-06
-4.01124e-06
-4.04772e-06
-4.19228e-06
-4.50203e-06
-5.03389e-06
-5.74294e-06
-6.42749e-06
-6.93432e-06
-7.18844e-06
-7.15385e-06
-6.81986e-06
-6.18635e-06
-5.25769e-06
-4.04083e-06
-2.5465e-06
-7.90908e-07
1.20295e-06
3.40512e-06
5.77938e-06
8.28413e-06
1.08726e-05
1.34907e-05
1.60726e-05
1.85326e-05
2.07903e-05
2.27347e-05
2.45315e-05
2.69749e-05
-9.476e-06
-8.53749e-06
-7.76048e-06
-7.06196e-06
-6.46593e-06
-5.9835e-06
-5.59174e-06
-5.27422e-06
-5.01664e-06
-4.8068e-06
-4.63446e-06
-4.49095e-06
-4.36896e-06
-4.26295e-06
-4.16959e-06
-4.08951e-06
-4.02873e-06
-4.00306e-06
-4.0401e-06
-4.18495e-06
-4.49459e-06
-5.02566e-06
-5.73216e-06
-6.41102e-06
-6.90822e-06
-7.14829e-06
-7.09483e-06
-6.73679e-06
-6.07396e-06
-5.1111e-06
-3.85619e-06
-2.32169e-06
-5.26158e-07
1.50475e-06
3.73843e-06
6.13649e-06
8.65622e-06
1.12518e-05
1.38732e-05
1.64644e-05
1.89561e-05
2.12976e-05
2.33844e-05
2.54672e-05
2.89012e-05
-1.07863e-05
-9.11256e-06
-8.06021e-06
-7.22964e-06
-6.55602e-06
-6.03232e-06
-5.61664e-06
-5.28437e-06
-5.01752e-06
-4.80187e-06
-4.62606e-06
-4.48069e-06
-4.358e-06
-4.25209e-06
-4.15933e-06
-4.08014e-06
-4.02032e-06
-3.99554e-06
-4.03326e-06
-4.1785e-06
-4.48811e-06
-5.01843e-06
-5.72235e-06
-6.39554e-06
-6.88325e-06
-7.10956e-06
-7.03771e-06
-6.6564e-06
-5.96549e-06
-4.97029e-06
-3.68005e-06
-2.10925e-06
-2.79152e-07
1.78146e-06
4.03666e-06
6.44492e-06
8.96089e-06
1.15371e-05
1.41242e-05
1.66706e-05
1.91185e-05
2.14471e-05
2.35706e-05
2.59042e-05
3.07717e-05
-1.25192e-05
-9.6793e-06
-8.29869e-06
-7.36186e-06
-6.62877e-06
-6.07328e-06
-5.63859e-06
-5.29384e-06
-5.01865e-06
-4.79749e-06
-4.61824e-06
-4.47096e-06
-4.3475e-06
-4.24165e-06
-4.14951e-06
-4.07127e-06
-4.01249e-06
-3.98868e-06
-4.02714e-06
-4.1728e-06
-4.48239e-06
-5.01202e-06
-5.71358e-06
-6.38149e-06
-6.86018e-06
-7.07326e-06
-6.98361e-06
-6.57978e-06
-5.86174e-06
-4.83552e-06
-3.5118e-06
-1.9073e-06
-4.62009e-08
2.03916e-06
4.30898e-06
6.71763e-06
9.21558e-06
1.17512e-05
1.42709e-05
1.6719e-05
1.90352e-05
2.12018e-05
2.3142e-05
2.5552e-05
3.22903e-05
-1.39714e-05
-1.00303e-05
-8.41546e-06
-7.43919e-06
-6.67956e-06
-6.10468e-06
-5.65637e-06
-5.3015e-06
-5.01896e-06
-4.79271e-06
-4.61016e-06
-4.46104e-06
-4.33686e-06
-4.23114e-06
-4.13973e-06
-4.06259e-06
-4.00507e-06
-3.98248e-06
-4.0219e-06
-4.1681e-06
-4.47763e-06
-5.00631e-06
-5.7053e-06
-6.36806e-06
-6.83841e-06
-7.03953e-06
-6.93401e-06
-6.51024e-06
-5.76845e-06
-4.71541e-06
-3.36325e-06
-1.73091e-06
1.54452e-07
2.25695e-06
4.53271e-06
6.93152e-06
9.39865e-06
1.18762e-05
1.4302e-05
1.66072e-05
1.87076e-05
2.05243e-05
2.1895e-05
2.35345e-05
3.00442e-05
)
;

boundaryField
{
    inlet
    {
        type            uniformJump;
        patchType       cyclic;
        jump            uniform -2.5e-05;
        value           nonuniform List<scalar> 
40
(
7.95986e-07
8.10029e-07
8.24872e-07
8.39958e-07
8.5669e-07
8.76556e-07
9.01849e-07
9.36437e-07
9.86061e-07
1.05803e-06
1.16026e-06
1.3003e-06
1.48514e-06
1.72138e-06
2.01512e-06
2.37103e-06
2.79041e-06
3.26907e-06
3.79601e-06
4.35176e-06
4.88128e-06
5.31254e-06
5.63376e-06
5.86665e-06
6.03341e-06
6.15129e-06
6.23347e-06
6.28997e-06
6.32826e-06
6.35384e-06
6.37076e-06
6.38189e-06
6.38928e-06
6.3943e-06
6.39784e-06
6.40048e-06
6.40255e-06
6.40426e-06
6.40581e-06
6.40726e-06
)
;
        jumpTable       table;
        jumpTableCoeffs
        {
            values          
4
(
(0 -2.5e-05)
(25 -2.5e-05)
(25.5 -0.0001)
(26 -2.5e-05)
)
;
        }
    }
    outlet
    {
        type            uniformJump;
        patchType       cyclic;
        value           nonuniform List<scalar> 
40
(
-2.4204e-05
-2.419e-05
-2.41751e-05
-2.416e-05
-2.41433e-05
-2.41234e-05
-2.40982e-05
-2.40636e-05
-2.40139e-05
-2.3942e-05
-2.38397e-05
-2.36997e-05
-2.35149e-05
-2.32786e-05
-2.29849e-05
-2.2629e-05
-2.22096e-05
-2.17309e-05
-2.1204e-05
-2.06482e-05
-2.01187e-05
-1.96875e-05
-1.93662e-05
-1.91334e-05
-1.89666e-05
-1.88487e-05
-1.87665e-05
-1.871e-05
-1.86717e-05
-1.86462e-05
-1.86292e-05
-1.86181e-05
-1.86107e-05
-1.86057e-05
-1.86022e-05
-1.85995e-05
-1.85975e-05
-1.85957e-05
-1.85942e-05
-1.85927e-05
)
;
    }
    Walls
    {
        type            zeroGradient;
    }
    back
    {
        type            empty;
    }
    front
    {
        type            empty;
    }
}


// ************************************************************************* //
