/*--------------------------------*- C++ -*----------------------------------*\
| =========                 |                                                 |
| \\      /  F ield         | OpenFOAM: The Open Source CFD Toolbox           |
|  \\    /   O peration     | Version:  2312                                  |
|   \\  /    A nd           | Website:  www.openfoam.com                      |
|    \\/     M anipulation  |                                                 |
\*---------------------------------------------------------------------------*/
FoamFile
{
    version     2.0;
    format      ascii;
    arch        "LSB;label=32;scalar=64";
    class       volScalarField;
    location    "25.25";
    object      p;
}
// * * * * * * * * * * * * * * * * * * * * * * * * * * * * * * * * * * * * * //

dimensions      [0 2 -2 0 0 0 0];

internalField   nonuniform List<scalar> 
4800
(
-6.57668e-13
-2.84286e-06
-5.25583e-06
-7.32537e-06
-9.11549e-06
-1.06706e-05
-1.20383e-05
-1.32439e-05
-1.43109e-05
-1.52639e-05
-1.61205e-05
-1.68917e-05
-1.75744e-05
-1.84035e-05
-2.04383e-05
1.87854e-08
-2.81525e-06
-5.22129e-06
-7.28658e-06
-9.07462e-06
-1.06295e-05
-1.19997e-05
-1.32105e-05
-1.42856e-05
-1.52511e-05
-1.61308e-05
-1.69505e-05
-1.77334e-05
-1.85943e-05
-1.98247e-05
3.90064e-08
-2.78572e-06
-5.18505e-06
-7.24563e-06
-9.0313e-06
-1.05847e-05
-1.19554e-05
-1.31694e-05
-1.425e-05
-1.52243e-05
-1.61172e-05
-1.69548e-05
-1.77549e-05
-1.85312e-05
-1.92699e-05
6.03121e-08
-2.7539e-06
-5.14541e-06
-7.2003e-06
-8.98244e-06
-1.05341e-05
-1.19025e-05
-1.31175e-05
-1.41996e-05
-1.51746e-05
-1.60645e-05
-1.68849e-05
-1.76343e-05
-1.82828e-05
-1.87573e-05
8.45575e-08
-2.71717e-06
-5.09909e-06
-7.14675e-06
-8.9234e-06
-1.04729e-05
-1.18358e-05
-1.30475e-05
-1.41258e-05
-1.50918e-05
-1.59619e-05
-1.67402e-05
-1.74113e-05
-1.79363e-05
-1.8256e-05
1.13491e-07
-2.67348e-06
-5.04373e-06
-7.08217e-06
-8.85105e-06
-1.03952e-05
-1.17508e-05
-1.29531e-05
-1.40197e-05
-1.49656e-05
-1.58003e-05
-1.65205e-05
-1.71076e-05
-1.75317e-05
-1.77635e-05
1.49598e-07
-2.62012e-06
-4.97628e-06
-7.00294e-06
-8.76119e-06
-1.02954e-05
-1.16406e-05
-1.28269e-05
-1.38722e-05
-1.47865e-05
-1.55741e-05
-1.62294e-05
-1.67389e-05
-1.70887e-05
-1.7274e-05
1.96945e-07
-2.55283e-06
-4.89201e-06
-6.9037e-06
-8.6476e-06
-1.01671e-05
-1.14956e-05
-1.26591e-05
-1.36737e-05
-1.4547e-05
-1.52812e-05
-1.58733e-05
-1.63187e-05
-1.66183e-05
-1.67812e-05
2.61576e-07
-2.46532e-06
-4.78414e-06
-6.77695e-06
-8.50191e-06
-1.00011e-05
-1.13059e-05
-1.2439e-05
-1.34152e-05
-1.42418e-05
-1.49223e-05
-1.5459e-05
-1.58563e-05
-1.61248e-05
-1.62801e-05
3.51393e-07
-2.34925e-06
-4.6437e-06
-6.61297e-06
-8.3136e-06
-9.78614e-06
-1.10599e-05
-1.21564e-05
-1.30892e-05
-1.38678e-05
-1.44993e-05
-1.49917e-05
-1.53562e-05
-1.56085e-05
-1.57661e-05
4.75415e-07
-2.19469e-06
-4.45987e-06
-6.40017e-06
-8.07051e-06
-9.51012e-06
-1.07472e-05
-1.18022e-05
-1.26903e-05
-1.34239e-05
-1.40144e-05
-1.44746e-05
-1.48195e-05
-1.5067e-05
-1.52339e-05
6.42894e-07
-1.99093e-06
-4.22079e-06
-6.12593e-06
-7.75987e-06
-9.16087e-06
-1.03569e-05
-1.13693e-05
-1.22149e-05
-1.29099e-05
-1.34692e-05
-1.39087e-05
-1.42453e-05
-1.44966e-05
-1.46782e-05
8.63062e-07
-1.72688e-06
-3.91421e-06
-5.77746e-06
-7.36929e-06
-8.72748e-06
-9.88053e-06
-1.0852e-05
-1.1661e-05
-1.23259e-05
-1.28641e-05
-1.32934e-05
-1.36309e-05
-1.3893e-05
-1.40936e-05
1.14533e-06
-1.39104e-06
-3.52751e-06
-5.34207e-06
-6.88704e-06
-8.20041e-06
-9.31186e-06
-1.02466e-05
-1.10262e-05
-1.16703e-05
-1.21976e-05
-1.26262e-05
-1.29724e-05
-1.32512e-05
-1.34748e-05
1.49903e-06
-9.7172e-07
-3.04815e-06
-4.80748e-06
-6.30228e-06
-7.5711e-06
-8.6447e-06
-9.54921e-06
-1.03076e-05
-1.09403e-05
-1.14661e-05
-1.19024e-05
-1.22641e-05
-1.25649e-05
-1.28153e-05
1.93226e-06
-4.58328e-07
-2.46483e-06
-4.16302e-06
-5.60576e-06
-6.83204e-06
-7.87303e-06
-8.75509e-06
-9.50117e-06
-1.01315e-05
-1.06642e-05
-1.11155e-05
-1.1499e-05
-1.18268e-05
-1.21083e-05
2.44947e-06
1.56135e-07
-1.77e-06
-3.40179e-06
-4.79173e-06
-5.9785e-06
-6.99289e-06
-7.86054e-06
-8.60296e-06
-9.23907e-06
-9.78646e-06
-1.02599e-05
-1.06713e-05
-1.10315e-05
-1.13487e-05
3.0485e-06
8.71543e-07
-9.63341e-07
-2.52398e-06
-3.86088e-06
-5.01119e-06
-6.00441e-06
-6.86477e-06
-7.61258e-06
-8.26138e-06
-8.83079e-06
-9.3329e-06
-9.7783e-06
-1.01765e-05
-1.05352e-05
3.71806e-06
1.67708e-06
-5.56802e-08
-1.54063e-06
-2.82424e-06
-3.94038e-06
-4.91552e-06
-5.7715e-06
-6.5267e-06
-7.19925e-06
-7.79783e-06
-8.33452e-06
-8.81975e-06
-9.26196e-06
-9.66788e-06
4.43523e-06
2.54773e-06
9.26817e-07
-4.78459e-07
-1.70867e-06
-2.79331e-06
-3.75528e-06
-4.61354e-06
-5.38354e-06
-6.07797e-06
-6.70746e-06
-7.28261e-06
-7.8121e-06
-8.30279e-06
-8.76051e-06
5.12802e-06
3.39726e-06
1.88875e-06
5.61611e-07
-6.17771e-07
-1.67366e-06
-2.62515e-06
-3.48842e-06
-4.27656e-06
-4.99997e-06
-5.66396e-06
-6.2816e-06
-6.85909e-06
-7.40185e-06
-7.91507e-06
5.6999e-06
4.10687e-06
2.69667e-06
1.43717e-06
3.015e-07
-7.29638e-07
-1.6716e-06
-2.53757e-06
-3.33874e-06
-4.0848e-06
-4.78755e-06
-5.44691e-06
-6.06925e-06
-6.66031e-06
-7.22468e-06
6.13109e-06
4.64906e-06
3.31774e-06
2.11191e-06
1.01034e-06
-2.40151e-09
-9.39067e-07
-1.81091e-06
-2.62745e-06
-3.39644e-06
-4.12412e-06
-4.8154e-06
-5.47482e-06
-6.10654e-06
-6.71427e-06
6.44973e-06
5.05773e-06
3.79062e-06
2.62854e-06
1.55485e-06
5.57118e-07
-3.75316e-07
-1.25188e-06
-2.0804e-06
-2.86722e-06
-3.61771e-06
-4.33644e-06
-5.02727e-06
-5.69357e-06
-6.33841e-06
6.68322e-06
5.36468e-06
4.15042e-06
3.02464e-06
1.97423e-06
9.89014e-07
6.00142e-08
-8.20664e-07
-1.65956e-06
-2.46207e-06
-3.23276e-06
-3.97545e-06
-4.69345e-06
-5.38959e-06
-6.06644e-06
6.85332e-06
5.59517e-06
4.42465e-06
3.32907e-06
2.29799e-06
1.32295e-06
3.96367e-07
-4.88341e-07
-1.33663e-06
-2.15306e-06
-2.94154e-06
-3.70514e-06
-4.44669e-06
-5.16858e-06
-5.87297e-06
6.97672e-06
5.76863e-06
4.63446e-06
3.56402e-06
2.54891e-06
1.58202e-06
6.56981e-07
-2.3168e-07
-1.08849e-06
-1.91729e-06
-2.72119e-06
-3.50294e-06
-4.26487e-06
-5.00896e-06
-5.73705e-06
7.0661e-06
5.89985e-06
4.79608e-06
3.74667e-06
2.7448e-06
1.78446e-06
8.60332e-07
-3.20758e-08
-8.96531e-07
-1.73618e-06
-2.55357e-06
-3.35111e-06
-4.13075e-06
-4.89408e-06
-5.64263e-06
7.13092e-06
5.99994e-06
4.92184e-06
3.89018e-06
2.89934e-06
1.9443e-06
1.02066e-06
1.24757e-07
-7.46485e-07
-1.59571e-06
-2.42502e-06
-3.23638e-06
-4.03142e-06
-4.81144e-06
-5.57771e-06
7.17817e-06
6.07723e-06
5.02101e-06
4.00444e-06
3.02288e-06
2.07216e-06
1.14871e-06
2.49553e-07
-6.27861e-07
-1.48548e-06
-2.32528e-06
-3.14876e-06
-3.95724e-06
-4.75179e-06
-5.53344e-06
7.21298e-06
6.13785e-06
5.10044e-06
4.09679e-06
3.12309e-06
2.17593e-06
1.25248e-06
3.50339e-07
-5.32512e-07
-1.39768e-06
-2.24674e-06
-3.08088e-06
-3.90114e-06
-4.70838e-06
-5.50344e-06
7.23907e-06
6.18628e-06
5.16515e-06
4.17263e-06
3.20563e-06
2.26144e-06
1.33784e-06
4.32951e-07
-4.54751e-07
-1.32664e-06
-2.18388e-06
-3.0274e-06
-3.85801e-06
-4.67637e-06
-5.48317e-06
7.25906e-06
6.22574e-06
5.21877e-06
4.23588e-06
3.27462e-06
2.33293e-06
1.4091e-06
5.01725e-07
-3.90364e-07
-1.26823e-06
-2.13272e-06
-2.98452e-06
-3.82425e-06
-4.6524e-06
-5.4695e-06
7.27481e-06
6.2585e-06
5.2639e-06
4.28938e-06
3.33308e-06
2.3935e-06
1.46938e-06
5.59739e-07
-3.36299e-07
-1.21949e-06
-2.0904e-06
-2.94953e-06
-3.79733e-06
-4.63411e-06
-5.46029e-06
7.28755e-06
6.28618e-06
5.30241e-06
4.33518e-06
3.38319e-06
2.44539e-06
1.52094e-06
6.09233e-07
-2.90347e-07
-1.17828e-06
-2.05491e-06
-2.92056e-06
-3.77549e-06
-4.61991e-06
-5.45411e-06
7.2981e-06
6.30987e-06
5.3356e-06
4.37474e-06
3.42649e-06
2.49022e-06
1.56542e-06
6.51812e-07
-2.50944e-07
-1.14311e-06
-2.02483e-06
-2.89626e-06
-3.75753e-06
-4.60871e-06
-5.45e-06
7.307e-06
6.3303e-06
5.36432e-06
4.40902e-06
3.46404e-06
2.52907e-06
1.60388e-06
6.88561e-07
-2.17038e-07
-1.11297e-06
-1.99921e-06
-2.87576e-06
-3.74262e-06
-4.59978e-06
-5.44732e-06
7.31466e-06
6.34811e-06
5.38941e-06
4.43896e-06
3.49678e-06
2.56281e-06
1.63737e-06
7.20523e-07
-1.87621e-07
-1.08691e-06
-1.97717e-06
-2.85827e-06
-3.73009e-06
-4.59254e-06
-5.44564e-06
7.32168e-06
6.36458e-06
5.41264e-06
4.46668e-06
3.52701e-06
2.59414e-06
1.66834e-06
7.50001e-07
-1.60555e-07
-1.06301e-06
-1.95706e-06
-2.84245e-06
-3.71891e-06
-4.58631e-06
-5.44466e-06
7.32835e-06
6.38042e-06
5.43502e-06
4.49343e-06
3.55631e-06
2.62437e-06
1.69818e-06
7.78367e-07
-1.3456e-07
-1.04013e-06
-1.93789e-06
-2.82746e-06
-3.70859e-06
-4.58091e-06
-5.44415e-06
-2.25293e-05
-2.03766e-05
-1.90187e-05
-1.81383e-05
-1.74443e-05
-1.69349e-05
-1.65677e-05
-1.63132e-05
-1.61523e-05
-1.60704e-05
-1.60565e-05
-1.61026e-05
-1.62028e-05
-1.63538e-05
-1.65551e-05
-1.68111e-05
-1.71321e-05
-1.75393e-05
-1.80665e-05
-1.87662e-05
-1.97035e-05
-2.09432e-05
-2.23863e-05
-2.37478e-05
-2.4853e-05
-2.56312e-05
-2.60508e-05
-2.6106e-05
-2.58023e-05
-2.51519e-05
-2.41725e-05
-2.28885e-05
-2.13334e-05
-1.95496e-05
-1.75882e-05
-1.55074e-05
-1.3372e-05
-1.12526e-05
-9.2296e-06
-7.40033e-06
-5.89916e-06
-4.91085e-06
-4.83786e-06
-6.07042e-06
-9.97872e-06
-2.06349e-05
-1.96463e-05
-1.86784e-05
-1.7925e-05
-1.72937e-05
-1.68117e-05
-1.64592e-05
-1.62148e-05
-1.60621e-05
-1.59878e-05
-1.59814e-05
-1.60349e-05
-1.61424e-05
-1.63008e-05
-1.65095e-05
-1.67731e-05
-1.71019e-05
-1.75169e-05
-1.80514e-05
-1.8757e-05
-1.9697e-05
-2.09346e-05
-2.23708e-05
-2.37237e-05
-2.48217e-05
-2.55954e-05
-2.60135e-05
-2.607e-05
-2.5771e-05
-2.51292e-05
-2.41634e-05
-2.28999e-05
-2.13742e-05
-1.96314e-05
-1.77259e-05
-1.57207e-05
-1.36869e-05
-1.17055e-05
-9.87327e-06
-8.31557e-06
-7.21969e-06
-6.88022e-06
-7.86691e-06
-1.10045e-05
-1.73203e-05
-1.96095e-05
-1.90577e-05
-1.83358e-05
-1.76871e-05
-1.71227e-05
-1.6675e-05
-1.63413e-05
-1.61091e-05
-1.59659e-05
-1.59e-05
-1.59016e-05
-1.5963e-05
-1.60784e-05
-1.62446e-05
-1.64615e-05
-1.67333e-05
-1.70706e-05
-1.74941e-05
-1.80366e-05
-1.87485e-05
-1.96913e-05
-2.0926e-05
-2.23536e-05
-2.36959e-05
-2.4785e-05
-2.5553e-05
-2.59692e-05
-2.60277e-05
-2.57348e-05
-2.51043e-05
-2.41567e-05
-2.29203e-05
-2.14333e-05
-1.97442e-05
-1.79117e-05
-1.60044e-05
-1.41013e-05
-1.2295e-05
-1.06987e-05
-9.46233e-06
-8.80359e-06
-9.04848e-06
-1.07037e-05
-1.43274e-05
-2.00003e-05
-1.89016e-05
-1.85536e-05
-1.80094e-05
-1.74515e-05
-1.69494e-05
-1.65368e-05
-1.62225e-05
-1.60024e-05
-1.58681e-05
-1.58099e-05
-1.58189e-05
-1.58878e-05
-1.60109e-05
-1.61851e-05
-1.64103e-05
-1.66908e-05
-1.70372e-05
-1.747e-05
-1.80212e-05
-1.87401e-05
-1.96861e-05
-2.09175e-05
-2.23354e-05
-2.36657e-05
-2.47442e-05
-2.55051e-05
-2.59181e-05
-2.59777e-05
-2.5691e-05
-2.50732e-05
-2.41467e-05
-2.29428e-05
-2.1503e-05
-1.98799e-05
-1.81373e-05
-1.63502e-05
-1.46062e-05
-1.30083e-05
-1.16824e-05
-1.07908e-05
-1.05486e-05
-1.12382e-05
-1.31997e-05
-1.66844e-05
-2.14217e-05
-1.83204e-05
-1.80875e-05
-1.76803e-05
-1.72242e-05
-1.67811e-05
-1.64032e-05
-1.61081e-05
-1.58993e-05
-1.57727e-05
-1.57209e-05
-1.57362e-05
-1.58115e-05
-1.59418e-05
-1.61238e-05
-1.63574e-05
-1.66471e-05
-1.70031e-05
-1.74459e-05
-1.80067e-05
-1.8733e-05
-1.96822e-05
-2.09097e-05
-2.23163e-05
-2.36325e-05
-2.46987e-05
-2.54512e-05
-2.58605e-05
-2.59217e-05
-2.5643e-05
-2.50413e-05
-2.41414e-05
-2.29779e-05
-2.15963e-05
-2.00539e-05
-1.84197e-05
-1.67751e-05
-1.52147e-05
-1.38489e-05
-1.28088e-05
-1.22505e-05
-1.23607e-05
-1.33414e-05
-1.53676e-05
-1.84766e-05
-2.23709e-05
-1.78048e-05
-1.7652e-05
-1.73506e-05
-1.69861e-05
-1.66129e-05
-1.62729e-05
-1.59997e-05
-1.58028e-05
-1.56832e-05
-1.56365e-05
-1.56566e-05
-1.57373e-05
-1.58737e-05
-1.60629e-05
-1.63047e-05
-1.66037e-05
-1.697e-05
-1.74234e-05
-1.79943e-05
-1.87286e-05
-1.96807e-05
-2.0903e-05
-2.22961e-05
-2.35959e-05
-2.46479e-05
-2.53907e-05
-2.57961e-05
-2.58601e-05
-2.55922e-05
-2.50113e-05
-2.41453e-05
-2.30324e-05
-2.17224e-05
-2.02772e-05
-1.87708e-05
-1.72897e-05
-1.59328e-05
-1.48124e-05
-1.40546e-05
-1.37964e-05
-1.41781e-05
-1.53183e-05
-1.72714e-05
-1.99616e-05
-2.31172e-05
-1.73171e-05
-1.7226e-05
-1.70168e-05
-1.67354e-05
-1.64278e-05
-1.61383e-05
-1.58931e-05
-1.57118e-05
-1.56007e-05
-1.5559e-05
-1.55829e-05
-1.56677e-05
-1.58093e-05
-1.60049e-05
-1.62546e-05
-1.65629e-05
-1.69396e-05
-1.74041e-05
-1.79858e-05
-1.87281e-05
-1.96828e-05
-2.08983e-05
-2.22751e-05
-2.35558e-05
-2.45913e-05
-2.53231e-05
-2.57246e-05
-2.57929e-05
-2.55394e-05
-2.49854e-05
-2.41622e-05
-2.31118e-05
-2.18882e-05
-2.05576e-05
-1.9198e-05
-1.78987e-05
-1.67589e-05
-1.58863e-05
-1.53928e-05
-1.53868e-05
-1.59595e-05
-1.71615e-05
-1.89747e-05
-2.1285e-05
-2.38731e-05
-1.68359e-05
-1.67946e-05
-1.66621e-05
-1.64608e-05
-1.6224e-05
-1.5988e-05
-1.578e-05
-1.56213e-05
-1.55228e-05
-1.54881e-05
-1.55163e-05
-1.56049e-05
-1.57509e-05
-1.59523e-05
-1.62095e-05
-1.65269e-05
-1.69144e-05
-1.73903e-05
-1.79829e-05
-1.87333e-05
-1.96897e-05
-2.08964e-05
-2.22538e-05
-2.35121e-05
-2.45286e-05
-2.52482e-05
-2.56461e-05
-2.57209e-05
-2.54865e-05
-2.49669e-05
-2.4197e-05
-2.32225e-05
-2.21014e-05
-2.0903e-05
-1.97075e-05
-1.86038e-05
-1.76867e-05
-1.7053e-05
-1.67943e-05
-1.69876e-05
-1.76812e-05
-1.88795e-05
-2.05298e-05
-2.25176e-05
-2.4677e-05
-1.6351e-05
-1.63515e-05
-1.6283e-05
-1.61552e-05
-1.59895e-05
-1.58126e-05
-1.56498e-05
-1.5522e-05
-1.54428e-05
-1.54196e-05
-1.54549e-05
-1.55487e-05
-1.56996e-05
-1.59069e-05
-1.61716e-05
-1.64982e-05
-1.68966e-05
-1.73843e-05
-1.7988e-05
-1.87461e-05
-1.9703e-05
-2.08983e-05
-2.22327e-05
-2.34649e-05
-2.44599e-05
-2.51663e-05
-2.55613e-05
-2.5646e-05
-2.54367e-05
-2.49608e-05
-2.42564e-05
-2.33727e-05
-2.23707e-05
-2.13212e-05
-2.03039e-05
-1.94035e-05
-1.87061e-05
-1.8293e-05
-1.82333e-05
-1.85748e-05
-1.93343e-05
-2.04898e-05
-2.1978e-05
-2.36994e-05
-2.55315e-05
-1.58559e-05
-1.58931e-05
-1.58789e-05
-1.58166e-05
-1.57185e-05
-1.56034e-05
-1.54921e-05
-1.54032e-05
-1.53514e-05
-1.53465e-05
-1.5394e-05
-1.54963e-05
-1.56543e-05
-1.58689e-05
-1.61419e-05
-1.64785e-05
-1.68883e-05
-1.73882e-05
-1.80032e-05
-1.87684e-05
-1.97244e-05
-2.09053e-05
-2.22122e-05
-2.34146e-05
-2.43857e-05
-2.50783e-05
-2.54723e-05
-2.55712e-05
-2.53948e-05
-2.49737e-05
-2.43486e-05
-2.35716e-05
-2.27049e-05
-2.18188e-05
-2.09891e-05
-2.02932e-05
-1.98047e-05
-1.95877e-05
-1.96897e-05
-2.01354e-05
-2.09213e-05
-2.20139e-05
-2.33523e-05
-2.48558e-05
-2.64351e-05
-1.53449e-05
-1.54161e-05
-1.54492e-05
-1.54448e-05
-1.54095e-05
-1.53557e-05
-1.52992e-05
-1.52556e-05
-1.5239e-05
-1.52601e-05
-1.53264e-05
-1.54426e-05
-1.56118e-05
-1.58366e-05
-1.61201e-05
-1.64683e-05
-1.68908e-05
-1.74037e-05
-1.80301e-05
-1.88019e-05
-1.97551e-05
-2.09183e-05
-2.21933e-05
-2.33621e-05
-2.43072e-05
-2.49866e-05
-2.53824e-05
-2.55016e-05
-2.53678e-05
-2.50141e-05
-2.44834e-05
-2.38289e-05
-2.3112e-05
-2.24001e-05
-2.17622e-05
-2.12653e-05
-2.09691e-05
-2.09206e-05
-2.11496e-05
-2.16644e-05
-2.24508e-05
-2.34732e-05
-2.46787e-05
-2.60046e-05
-2.73855e-05
-1.48126e-05
-1.49164e-05
-1.49923e-05
-1.50398e-05
-1.50621e-05
-1.50674e-05
-1.50668e-05
-1.50729e-05
-1.50978e-05
-1.51522e-05
-1.52445e-05
-1.53812e-05
-1.55672e-05
-1.58067e-05
-1.61043e-05
-1.64668e-05
-1.6904e-05
-1.74311e-05
-1.80696e-05
-1.88474e-05
-1.9796e-05
-2.09382e-05
-2.2177e-05
-2.33089e-05
-2.4227e-05
-2.48953e-05
-2.52976e-05
-2.54447e-05
-2.53647e-05
-2.50924e-05
-2.46713e-05
-2.41538e-05
-2.35985e-05
-2.30667e-05
-2.26188e-05
-2.23098e-05
-2.21854e-05
-2.22781e-05
-2.2604e-05
-2.31621e-05
-2.39339e-05
-2.48866e-05
-2.59772e-05
-2.71579e-05
-2.8381e-05
-1.42536e-05
-1.43898e-05
-1.45058e-05
-1.46008e-05
-1.46765e-05
-1.47379e-05
-1.47928e-05
-1.48509e-05
-1.49221e-05
-1.50162e-05
-1.51417e-05
-1.5306e-05
-1.55152e-05
-1.57751e-05
-1.60915e-05
-1.6472e-05
-1.69268e-05
-1.74701e-05
-1.81213e-05
-1.89048e-05
-1.98472e-05
-2.09656e-05
-2.21651e-05
-2.3258e-05
-2.41497e-05
-2.48116e-05
-2.52264e-05
-2.54104e-05
-2.53968e-05
-2.52203e-05
-2.49229e-05
-2.45541e-05
-2.41674e-05
-2.38162e-05
-2.35508e-05
-2.34142e-05
-2.34398e-05
-2.36484e-05
-2.40474e-05
-2.46309e-05
-2.53807e-05
-2.62689e-05
-2.72619e-05
-2.83239e-05
-2.94201e-05
-1.36626e-05
-1.38319e-05
-1.39867e-05
-1.41266e-05
-1.42523e-05
-1.43672e-05
-1.44767e-05
-1.45879e-05
-1.47088e-05
-1.48478e-05
-1.50129e-05
-1.52117e-05
-1.5451e-05
-1.57375e-05
-1.60783e-05
-1.64815e-05
-1.69573e-05
-1.75191e-05
-1.81844e-05
-1.89736e-05
-1.99086e-05
-2.10012e-05
-2.216e-05
-2.32144e-05
-2.40849e-05
-2.47448e-05
-2.51783e-05
-2.54098e-05
-2.54759e-05
-2.54088e-05
-2.52465e-05
-2.50338e-05
-2.48171e-05
-2.46413e-05
-2.45461e-05
-2.45637e-05
-2.47174e-05
-2.50202e-05
-2.54744e-05
-2.60722e-05
-2.67978e-05
-2.76291e-05
-2.85406e-05
-2.95059e-05
-3.04997e-05
-1.30339e-05
-1.32378e-05
-1.34315e-05
-1.3615e-05
-1.3789e-05
-1.39555e-05
-1.41186e-05
-1.42835e-05
-1.44565e-05
-1.46445e-05
-1.48548e-05
-1.50945e-05
-1.53706e-05
-1.56905e-05
-1.60616e-05
-1.64925e-05
-1.69933e-05
-1.75766e-05
-1.82574e-05
-1.9053e-05
-1.99802e-05
-2.10471e-05
-2.21642e-05
-2.31862e-05
-2.40445e-05
-2.47058e-05
-2.51656e-05
-2.54575e-05
-2.56146e-05
-2.56668e-05
-2.56464e-05
-2.55913e-05
-2.55403e-05
-2.55292e-05
-2.55883e-05
-2.57413e-05
-2.60027e-05
-2.63816e-05
-2.68777e-05
-2.74837e-05
-2.81867e-05
-2.897e-05
-2.98149e-05
-3.07023e-05
-3.16136e-05
-1.23611e-05
-1.26021e-05
-1.28362e-05
-1.30639e-05
-1.32856e-05
-1.35032e-05
-1.37195e-05
-1.39387e-05
-1.41656e-05
-1.4406e-05
-1.46661e-05
-1.49524e-05
-1.52718e-05
-1.56314e-05
-1.60389e-05
-1.65029e-05
-1.7033e-05
-1.76408e-05
-1.83392e-05
-1.91425e-05
-2.0063e-05
-2.11074e-05
-2.21885e-05
-2.31827e-05
-2.40322e-05
-2.47034e-05
-2.52055e-05
-2.55696e-05
-2.58262e-05
-2.60014e-05
-2.61226e-05
-2.62201e-05
-2.63243e-05
-2.64626e-05
-2.66576e-05
-2.69257e-05
-2.72786e-05
-2.77198e-05
-2.82489e-05
-2.88603e-05
-2.95444e-05
-3.0289e-05
-3.10809e-05
-3.19064e-05
-3.27523e-05
-1.164e-05
-1.19216e-05
-1.21988e-05
-1.24722e-05
-1.27427e-05
-1.30118e-05
-1.32819e-05
-1.35563e-05
-1.3839e-05
-1.41346e-05
-1.44484e-05
-1.47862e-05
-1.51543e-05
-1.55594e-05
-1.6009e-05
-1.65111e-05
-1.70748e-05
-1.77105e-05
-1.8429e-05
-1.9242e-05
-2.01591e-05
-2.11855e-05
-2.22415e-05
-2.32109e-05
-2.40518e-05
-2.47487e-05
-2.53089e-05
-2.57554e-05
-2.61154e-05
-2.64123e-05
-2.66686e-05
-2.69076e-05
-2.71522e-05
-2.74227e-05
-2.77352e-05
-2.81011e-05
-2.85291e-05
-2.9022e-05
-2.95786e-05
-3.0195e-05
-3.08649e-05
-3.15801e-05
-3.23312e-05
-3.3109e-05
-3.3904e-05
-1.08701e-05
-1.1197e-05
-1.15209e-05
-1.1843e-05
-1.21645e-05
-1.24869e-05
-1.28123e-05
-1.31434e-05
-1.34836e-05
-1.38368e-05
-1.42074e-05
-1.46006e-05
-1.50218e-05
-1.54772e-05
-1.59735e-05
-1.65182e-05
-1.71194e-05
-1.77861e-05
-1.85275e-05
-1.93531e-05
-2.02712e-05
-2.12855e-05
-2.23236e-05
-2.32801e-05
-2.41244e-05
-2.48557e-05
-2.54806e-05
-2.60148e-05
-2.64785e-05
-2.68911e-05
-2.72709e-05
-2.76358e-05
-2.80027e-05
-2.83867e-05
-2.87998e-05
-2.92464e-05
-2.97369e-05
-3.02729e-05
-3.08536e-05
-3.14767e-05
-3.21381e-05
-3.28326e-05
-3.35542e-05
-3.42966e-05
-3.50534e-05
-1.00524e-05
-1.04302e-05
-1.08062e-05
-1.11815e-05
-1.15577e-05
-1.19364e-05
-1.23196e-05
-1.27099e-05
-1.31099e-05
-1.35231e-05
-1.39532e-05
-1.44046e-05
-1.48821e-05
-1.53912e-05
-1.59378e-05
-1.65284e-05
-1.717e-05
-1.78703e-05
-1.86372e-05
-1.94787e-05
-2.04018e-05
-2.14106e-05
-2.24396e-05
-2.3396e-05
-2.42581e-05
-2.50313e-05
-2.57225e-05
-2.63417e-05
-2.69025e-05
-2.74199e-05
-2.79085e-05
-2.83815e-05
-2.88511e-05
-2.93278e-05
-2.98202e-05
-3.0339e-05
-3.08833e-05
-3.14563e-05
-3.20592e-05
-3.26907e-05
-3.33489e-05
-3.40306e-05
-3.47323e-05
-3.545e-05
-3.61796e-05
-9.19932e-06
-9.63307e-06
-1.00659e-05
-1.0499e-05
-1.0934e-05
-1.13727e-05
-1.1817e-05
-1.22691e-05
-1.27315e-05
-1.3207e-05
-1.3699e-05
-1.42109e-05
-1.47472e-05
-1.53122e-05
-1.59111e-05
-1.65495e-05
-1.72333e-05
-1.7969e-05
-1.87633e-05
-1.96231e-05
-2.05549e-05
-2.15639e-05
-2.25927e-05
-2.35603e-05
-2.44496e-05
-2.52673e-05
-2.60198e-05
-2.67144e-05
-2.73605e-05
-2.79689e-05
-2.85503e-05
-2.9115e-05
-2.96718e-05
-3.02284e-05
-3.07908e-05
-3.13639e-05
-3.19516e-05
-3.25568e-05
-3.31805e-05
-3.38226e-05
-3.44822e-05
-3.51582e-05
-3.58485e-05
-3.65511e-05
-3.72631e-05
-8.41139e-06
-8.90335e-06
-9.3947e-06
-9.88674e-06
-1.03811e-05
-1.08795e-05
-1.13837e-05
-1.18959e-05
-1.2418e-05
-1.29527e-05
-1.35026e-05
-1.40711e-05
-1.46615e-05
-1.52778e-05
-1.59243e-05
-1.66056e-05
-1.73269e-05
-1.80937e-05
-1.89118e-05
-1.97875e-05
-2.07272e-05
-2.17377e-05
-2.27691e-05
-2.37494e-05
-2.46629e-05
-2.55162e-05
-2.6315e-05
-2.70658e-05
-2.77754e-05
-2.84519e-05
-2.91032e-05
-2.97366e-05
-3.03586e-05
-3.09748e-05
-3.15902e-05
-3.22091e-05
-3.28347e-05
-3.3469e-05
-3.41134e-05
-3.47688e-05
-3.54354e-05
-3.61129e-05
-3.68005e-05
-3.7497e-05
-3.8201e-05
-7.77361e-06
-8.31863e-06
-8.86323e-06
-9.40858e-06
-9.95616e-06
-1.05076e-05
-1.10644e-05
-1.16286e-05
-1.22019e-05
-1.27866e-05
-1.33851e-05
-1.4e-05
-1.46346e-05
-1.52921e-05
-1.59761e-05
-1.66908e-05
-1.74406e-05
-1.82302e-05
-1.9065e-05
-1.99508e-05
-2.08941e-05
-2.19023e-05
-2.29312e-05
-2.39155e-05
-2.48413e-05
-2.57145e-05
-2.65409e-05
-2.73261e-05
-2.80759e-05
-2.87964e-05
-2.94936e-05
-3.01731e-05
-3.084e-05
-3.14989e-05
-3.21539e-05
-3.28082e-05
-3.34641e-05
-3.41236e-05
-3.47885e-05
-3.54597e-05
-3.6138e-05
-3.68233e-05
-3.75157e-05
-3.82147e-05
-3.89196e-05
-7.30787e-06
-7.89773e-06
-8.48709e-06
-9.07702e-06
-9.66882e-06
-1.02639e-05
-1.08637e-05
-1.14699e-05
-1.2084e-05
-1.27081e-05
-1.33443e-05
-1.39949e-05
-1.46626e-05
-1.53503e-05
-1.60613e-05
-1.67991e-05
-1.75676e-05
-1.83711e-05
-1.92145e-05
-2.01033e-05
-2.10437e-05
-2.20428e-05
-2.3061e-05
-2.40395e-05
-2.49659e-05
-2.58461e-05
-2.66854e-05
-2.74889e-05
-2.82616e-05
-2.90085e-05
-2.97344e-05
-3.04436e-05
-3.11404e-05
-3.18282e-05
-3.25104e-05
-3.31896e-05
-3.3868e-05
-3.45475e-05
-3.52296e-05
-3.59154e-05
-3.66058e-05
-3.7301e-05
-3.80015e-05
-3.87069e-05
-3.94173e-05
-6.97034e-06
-7.59858e-06
-8.22602e-06
-8.85361e-06
-9.48248e-06
-1.01139e-05
-1.0749e-05
-1.13893e-05
-1.20362e-05
-1.26915e-05
-1.3357e-05
-1.40349e-05
-1.47274e-05
-1.54371e-05
-1.61669e-05
-1.69199e-05
-1.76996e-05
-1.851e-05
-1.93556e-05
-2.02412e-05
-2.11726e-05
-2.21565e-05
-2.31572e-05
-2.41224e-05
-2.50415e-05
-2.59199e-05
-2.67626e-05
-2.75741e-05
-2.83589e-05
-2.91211e-05
-2.98646e-05
-3.05931e-05
-3.13099e-05
-3.20179e-05
-3.27199e-05
-3.34182e-05
-3.41146e-05
-3.48109e-05
-3.55084e-05
-3.62083e-05
-3.69113e-05
-3.76181e-05
-3.8329e-05
-3.90441e-05
-3.97634e-05
-6.73138e-06
-7.39248e-06
-8.05229e-06
-8.71162e-06
-9.37149e-06
-1.00329e-05
-1.06971e-05
-1.1365e-05
-1.20382e-05
-1.27181e-05
-1.34064e-05
-1.41048e-05
-1.48156e-05
-1.55409e-05
-1.62833e-05
-1.70455e-05
-1.78309e-05
-1.86428e-05
-1.94854e-05
-2.03631e-05
-2.12811e-05
-2.22453e-05
-2.3224e-05
-2.41713e-05
-2.5078e-05
-2.59491e-05
-2.67892e-05
-2.76023e-05
-2.83922e-05
-2.91625e-05
-2.99166e-05
-3.06575e-05
-3.13879e-05
-3.21104e-05
-3.28272e-05
-3.35404e-05
-3.42516e-05
-3.49623e-05
-3.56737e-05
-3.63869e-05
-3.71028e-05
-3.78218e-05
-3.85444e-05
-3.92707e-05
-4.0001e-05
-6.56622e-06
-7.25533e-06
-7.94254e-06
-8.62858e-06
-9.31431e-06
-1.00006e-05
-1.06885e-05
-1.13789e-05
-1.20731e-05
-1.27723e-05
-1.34781e-05
-1.41921e-05
-1.49161e-05
-1.56522e-05
-1.64025e-05
-1.71697e-05
-1.79566e-05
-1.87663e-05
-1.96025e-05
-2.04691e-05
-2.13708e-05
-2.23128e-05
-2.32674e-05
-2.41943e-05
-2.50858e-05
-2.59464e-05
-2.67802e-05
-2.75906e-05
-2.83812e-05
-2.91551e-05
-2.99151e-05
-3.06638e-05
-3.14035e-05
-3.21365e-05
-3.28646e-05
-3.35897e-05
-3.43132e-05
-3.50364e-05
-3.57603e-05
-3.6486e-05
-3.72142e-05
-3.79454e-05
-3.86802e-05
-3.94186e-05
-4.01609e-05
-6.45459e-06
-7.16761e-06
-7.87807e-06
-8.58661e-06
-9.29396e-06
-1.00009e-05
-1.07082e-05
-1.14168e-05
-1.21278e-05
-1.28423e-05
-1.35617e-05
-1.42873e-05
-1.50209e-05
-1.57641e-05
-1.65192e-05
-1.72883e-05
-1.80739e-05
-1.88788e-05
-1.97064e-05
-2.05602e-05
-2.14443e-05
-2.23633e-05
-2.3293e-05
-2.41986e-05
-2.50737e-05
-2.59221e-05
-2.67474e-05
-2.75528e-05
-2.83414e-05
-2.91158e-05
-2.98786e-05
-3.06321e-05
-3.13782e-05
-3.21189e-05
-3.28558e-05
-3.35905e-05
-3.43243e-05
-3.50583e-05
-3.57934e-05
-3.65306e-05
-3.72706e-05
-3.80138e-05
-3.87606e-05
-3.95113e-05
-4.02662e-05
-6.38106e-06
-7.11456e-06
-7.8448e-06
-8.57236e-06
-9.29785e-06
-1.00219e-05
-1.07453e-05
-1.14688e-05
-1.21933e-05
-1.29198e-05
-1.36497e-05
-1.4384e-05
-1.51244e-05
-1.58724e-05
-1.66298e-05
-1.73987e-05
-1.81813e-05
-1.89801e-05
-1.9798e-05
-2.06383e-05
-2.15045e-05
-2.24006e-05
-2.33058e-05
-2.41904e-05
-2.50488e-05
-2.58843e-05
-2.67001e-05
-2.74991e-05
-2.8284e-05
-2.90572e-05
-2.98209e-05
-3.0577e-05
-3.13275e-05
-3.20738e-05
-3.28178e-05
-3.35604e-05
-3.43029e-05
-3.50463e-05
-3.57915e-05
-3.65392e-05
-3.72901e-05
-3.80447e-05
-3.88033e-05
-3.95662e-05
-4.03335e-05
-6.33418e-06
-7.08526e-06
-7.83241e-06
-8.57611e-06
-9.31689e-06
-1.00553e-05
-1.0792e-05
-1.15276e-05
-1.22631e-05
-1.29992e-05
-1.37372e-05
-1.44782e-05
-1.52233e-05
-1.59742e-05
-1.67325e-05
-1.74998e-05
-1.82784e-05
-1.90703e-05
-1.98783e-05
-2.0705e-05
-2.15538e-05
-2.2428e-05
-2.33099e-05
-2.41743e-05
-2.50163e-05
-2.58389e-05
-2.66449e-05
-2.74369e-05
-2.82173e-05
-2.89882e-05
-2.97516e-05
-3.05091e-05
-3.12626e-05
-3.20133e-05
-3.27627e-05
-3.35118e-05
-3.42618e-05
-3.50134e-05
-3.57675e-05
-3.65248e-05
-3.72859e-05
-3.80512e-05
-3.8821e-05
-3.95955e-05
-4.03749e-05
-6.30553e-06
-7.07178e-06
-7.83343e-06
-8.5909e-06
-9.34462e-06
-1.00951e-05
-1.08429e-05
-1.15886e-05
-1.23329e-05
-1.30769e-05
-1.38213e-05
-1.45672e-05
-1.53157e-05
-1.60683e-05
-1.68264e-05
-1.75915e-05
-1.83655e-05
-1.91504e-05
-1.99485e-05
-2.07621e-05
-2.15944e-05
-2.24481e-05
-2.33082e-05
-2.41536e-05
-2.49801e-05
-2.57903e-05
-2.65867e-05
-2.73715e-05
-2.81471e-05
-2.89151e-05
-2.96775e-05
-3.04356e-05
-3.11911e-05
-3.19451e-05
-3.2699e-05
-3.34536e-05
-3.42099e-05
-3.49687e-05
-3.57308e-05
-3.64968e-05
-3.72672e-05
-3.80424e-05
-3.88227e-05
-3.96082e-05
-4.03991e-05
-6.28911e-06
-7.06848e-06
-7.84263e-06
-8.61191e-06
-9.37668e-06
-1.01374e-05
-1.08945e-05
-1.16486e-05
-1.24003e-05
-1.31505e-05
-1.39e-05
-1.46497e-05
-1.54007e-05
-1.61542e-05
-1.69115e-05
-1.76739e-05
-1.84433e-05
-1.92212e-05
-2.00099e-05
-2.08113e-05
-2.16282e-05
-2.24629e-05
-2.3303e-05
-2.41308e-05
-2.49429e-05
-2.57414e-05
-2.65286e-05
-2.73066e-05
-2.80773e-05
-2.88423e-05
-2.96032e-05
-3.03613e-05
-3.11181e-05
-3.18747e-05
-3.26322e-05
-3.33915e-05
-3.41533e-05
-3.49185e-05
-3.56877e-05
-3.64615e-05
-3.72403e-05
-3.80246e-05
-3.88145e-05
-3.96103e-05
-4.0412e-05
-6.28069e-06
-7.07149e-06
-7.85647e-06
-8.63593e-06
-9.41018e-06
-1.01796e-05
-1.09446e-05
-1.17058e-05
-1.24637e-05
-1.32191e-05
-1.39727e-05
-1.47254e-05
-1.54781e-05
-1.62319e-05
-1.6988e-05
-1.77477e-05
-1.85125e-05
-1.92839e-05
-2.00637e-05
-2.08538e-05
-2.16566e-05
-2.2474e-05
-2.32958e-05
-2.41076e-05
-2.49064e-05
-2.56941e-05
-2.64728e-05
-2.72443e-05
-2.80103e-05
-2.87722e-05
-2.95315e-05
-3.02894e-05
-3.10471e-05
-3.18057e-05
-3.25662e-05
-3.33294e-05
-3.4096e-05
-3.48668e-05
-3.56423e-05
-3.64231e-05
-3.72096e-05
-3.80021e-05
-3.88008e-05
-3.9606e-05
-4.04176e-05
-6.2774e-06
-7.07818e-06
-7.8726e-06
-8.66089e-06
-9.44334e-06
-1.02203e-05
-1.09921e-05
-1.17593e-05
-1.25224e-05
-1.32821e-05
-1.40391e-05
-1.47941e-05
-1.55481e-05
-1.63019e-05
-1.70567e-05
-1.78137e-05
-1.85741e-05
-1.93394e-05
-2.01111e-05
-2.08908e-05
-2.16808e-05
-2.24826e-05
-2.32879e-05
-2.40851e-05
-2.48718e-05
-2.56497e-05
-2.64206e-05
-2.71861e-05
-2.79476e-05
-2.87065e-05
-2.94641e-05
-3.02216e-05
-3.09799e-05
-3.17401e-05
-3.25032e-05
-3.32697e-05
-3.40405e-05
-3.48161e-05
-3.55972e-05
-3.63842e-05
-3.71776e-05
-3.79775e-05
-3.87843e-05
-3.9598e-05
-4.04187e-05
-6.27732e-06
-7.08686e-06
-7.88953e-06
-8.68554e-06
-9.4751e-06
-1.02585e-05
-1.10362e-05
-1.18086e-05
-1.25761e-05
-1.33395e-05
-1.40993e-05
-1.48562e-05
-1.56111e-05
-1.63647e-05
-1.71182e-05
-1.78726e-05
-1.86289e-05
-1.93886e-05
-2.01529e-05
-2.09233e-05
-2.17016e-05
-2.24893e-05
-2.32798e-05
-2.40639e-05
-2.48397e-05
-2.56087e-05
-2.63725e-05
-2.71324e-05
-2.78898e-05
-2.8646e-05
-2.9402e-05
-3.01588e-05
-3.09175e-05
-3.1679e-05
-3.24443e-05
-3.32138e-05
-3.39881e-05
-3.4768e-05
-3.55541e-05
-3.63466e-05
-3.71461e-05
-3.79527e-05
-3.87666e-05
-3.95881e-05
-4.04169e-05
-6.27919e-06
-7.09645e-06
-7.90637e-06
-8.70913e-06
-9.50493e-06
-1.0294e-05
-1.10768e-05
-1.18536e-05
-1.2625e-05
-1.33915e-05
-1.41536e-05
-1.49121e-05
-1.56676e-05
-1.64211e-05
-1.71732e-05
-1.79251e-05
-1.86777e-05
-1.94322e-05
-2.01899e-05
-2.09518e-05
-2.17198e-05
-2.24948e-05
-2.3272e-05
-2.40444e-05
-2.48104e-05
-2.55714e-05
-2.63287e-05
-2.70836e-05
-2.78373e-05
-2.85908e-05
-2.93453e-05
-3.01015e-05
-3.08603e-05
-3.16231e-05
-3.23902e-05
-3.31621e-05
-3.39396e-05
-3.47233e-05
-3.55136e-05
-3.63111e-05
-3.7116e-05
-3.79286e-05
-3.8749e-05
-3.95773e-05
-4.04136e-05
-6.2822e-06
-7.10626e-06
-7.92257e-06
-8.73126e-06
-9.53251e-06
-1.03266e-05
-1.11138e-05
-1.18945e-05
-1.26692e-05
-1.34383e-05
-1.42025e-05
-1.49623e-05
-1.57183e-05
-1.64714e-05
-1.72223e-05
-1.79719e-05
-1.87212e-05
-1.94711e-05
-2.02227e-05
-2.09771e-05
-2.17357e-05
-2.24995e-05
-2.32648e-05
-2.40266e-05
-2.47839e-05
-2.55377e-05
-2.62892e-05
-2.70396e-05
-2.77898e-05
-2.8541e-05
-2.92941e-05
-3.00495e-05
-3.08085e-05
-3.15724e-05
-3.2341e-05
-3.3115e-05
-3.38952e-05
-3.46822e-05
-3.54764e-05
-3.62782e-05
-3.70879e-05
-3.79058e-05
-3.87319e-05
-3.95664e-05
-4.04093e-05
-6.28579e-06
-7.11584e-06
-7.93775e-06
-8.75165e-06
-9.55769e-06
-1.03561e-05
-1.11472e-05
-1.19313e-05
-1.27088e-05
-1.34803e-05
-1.42461e-05
-1.5007e-05
-1.57634e-05
-1.65162e-05
-1.72659e-05
-1.80135e-05
-1.87597e-05
-1.95055e-05
-2.02517e-05
-2.09994e-05
-2.17497e-05
-2.25035e-05
-2.32582e-05
-2.40107e-05
-2.47602e-05
-2.55075e-05
-2.62539e-05
-2.70002e-05
-2.77474e-05
-2.84964e-05
-2.9248e-05
-3.00029e-05
-3.07623e-05
-3.15268e-05
-3.22967e-05
-3.30725e-05
-3.38552e-05
-3.4645e-05
-3.54426e-05
-3.62482e-05
-3.70621e-05
-3.78847e-05
-3.87159e-05
-3.95559e-05
-4.04046e-05
-6.2897e-06
-7.12504e-06
-7.9519e-06
-8.77038e-06
-9.58063e-06
-1.03828e-05
-1.11773e-05
-1.19644e-05
-1.27444e-05
-1.35179e-05
-1.42852e-05
-1.5047e-05
-1.58038e-05
-1.65561e-05
-1.73048e-05
-1.80506e-05
-1.8794e-05
-1.95361e-05
-2.02775e-05
-2.10192e-05
-2.17622e-05
-2.2507e-05
-2.32523e-05
-2.39964e-05
-2.4739e-05
-2.54806e-05
-2.62224e-05
-2.69651e-05
-2.77096e-05
-2.84566e-05
-2.9207e-05
-2.99614e-05
-3.07208e-05
-3.14858e-05
-3.22568e-05
-3.30343e-05
-3.3819e-05
-3.46114e-05
-3.54119e-05
-3.62209e-05
-3.70386e-05
-3.78653e-05
-3.8701e-05
-3.95458e-05
-4.03997e-05
-6.29398e-06
-7.13429e-06
-7.96575e-06
-8.78848e-06
-9.60266e-06
-1.04084e-05
-1.12061e-05
-1.19959e-05
-1.27782e-05
-1.35535e-05
-1.43222e-05
-1.50848e-05
-1.58418e-05
-1.65938e-05
-1.73415e-05
-1.80854e-05
-1.88263e-05
-1.95648e-05
-2.03018e-05
-2.10378e-05
-2.17738e-05
-2.25103e-05
-2.32467e-05
-2.3983e-05
-2.4719e-05
-2.54553e-05
-2.61927e-05
-2.6932e-05
-2.76739e-05
-2.84191e-05
-2.91683e-05
-2.99221e-05
-3.06815e-05
-3.14471e-05
-3.22191e-05
-3.29981e-05
-3.37847e-05
-3.45794e-05
-3.53826e-05
-3.61947e-05
-3.70159e-05
-3.78465e-05
-3.86863e-05
-3.95357e-05
-4.03944e-05
-6.29835e-06
-7.14348e-06
-7.97953e-06
-8.80653e-06
-9.62452e-06
-1.04337e-05
-1.12344e-05
-1.20269e-05
-1.28114e-05
-1.35885e-05
-1.43585e-05
-1.51218e-05
-1.5879e-05
-1.66307e-05
-1.73773e-05
-1.81195e-05
-1.88578e-05
-1.95929e-05
-2.03254e-05
-2.10558e-05
-2.17852e-05
-2.25133e-05
-2.32414e-05
-2.397e-05
-2.46996e-05
-2.54306e-05
-2.61638e-05
-2.68996e-05
-2.7639e-05
-2.83824e-05
-2.91303e-05
-2.98836e-05
-3.0643e-05
-3.1409e-05
-3.2182e-05
-3.29624e-05
-3.37509e-05
-3.45478e-05
-3.53537e-05
-3.61688e-05
-3.69934e-05
-3.78277e-05
-3.86718e-05
-3.95257e-05
-4.03892e-05
-3.18657e-05
-3.76325e-05
-3.84246e-05
-3.9049e-05
-3.9964e-05
-4.10847e-05
-4.23789e-05
-4.38323e-05
-4.5443e-05
-4.72189e-05
-4.91748e-05
-5.13326e-05
-5.37219e-05
-5.63842e-05
-5.9375e-05
-2.8947e-05
-3.45925e-05
-3.68127e-05
-3.82427e-05
-3.95443e-05
-4.08538e-05
-4.22481e-05
-4.37593e-05
-4.54048e-05
-4.72016e-05
-4.91695e-05
-5.13327e-05
-5.37227e-05
-5.63817e-05
-5.93656e-05
-2.72079e-05
-3.25535e-05
-3.55559e-05
-3.75169e-05
-3.91289e-05
-4.06188e-05
-4.21159e-05
-4.36873e-05
-4.53691e-05
-4.71875e-05
-4.91672e-05
-5.13355e-05
-5.37255e-05
-5.63802e-05
-5.93558e-05
-2.65554e-05
-3.12811e-05
-3.45556e-05
-3.68594e-05
-3.87207e-05
-4.03802e-05
-4.19826e-05
-4.36174e-05
-4.5337e-05
-4.71775e-05
-4.91689e-05
-5.13417e-05
-5.37307e-05
-5.63801e-05
-5.93463e-05
-2.63925e-05
-3.03357e-05
-3.36178e-05
-3.61701e-05
-3.82636e-05
-4.01006e-05
-4.18234e-05
-4.35341e-05
-4.52998e-05
-4.71668e-05
-4.9172e-05
-5.13499e-05
-5.37376e-05
-5.63806e-05
-5.93358e-05
-2.6387e-05
-2.97037e-05
-3.28035e-05
-3.5469e-05
-3.77491e-05
-3.97603e-05
-4.16175e-05
-4.34206e-05
-4.52453e-05
-4.71476e-05
-4.91717e-05
-5.13571e-05
-5.37443e-05
-5.63803e-05
-5.93228e-05
-2.65573e-05
-2.93648e-05
-3.21926e-05
-3.48332e-05
-3.72159e-05
-3.93678e-05
-4.13569e-05
-4.32633e-05
-4.51605e-05
-4.71093e-05
-4.91601e-05
-5.13579e-05
-5.37467e-05
-5.63761e-05
-5.93049e-05
-2.69129e-05
-2.93022e-05
-3.18286e-05
-3.43392e-05
-3.6728e-05
-3.89602e-05
-4.10547e-05
-4.30603e-05
-4.50367e-05
-4.70416e-05
-4.91279e-05
-5.13443e-05
-5.37387e-05
-5.6363e-05
-5.92777e-05
-2.74261e-05
-2.94773e-05
-3.17128e-05
-3.40351e-05
-3.63481e-05
-3.85906e-05
-4.07445e-05
-4.28268e-05
-4.4876e-05
-4.69396e-05
-4.90672e-05
-5.13082e-05
-5.37126e-05
-5.63342e-05
-5.9235e-05
-2.80673e-05
-2.98471e-05
-3.1822e-05
-3.39361e-05
-3.61191e-05
-3.83091e-05
-4.04691e-05
-4.25917e-05
-4.46938e-05
-4.68082e-05
-4.89763e-05
-5.12442e-05
-5.36613e-05
-5.62821e-05
-5.9169e-05
-2.88126e-05
-3.0374e-05
-3.2124e-05
-3.4034e-05
-3.60595e-05
-3.81508e-05
-4.02677e-05
-4.23889e-05
-4.45142e-05
-4.66612e-05
-4.88606e-05
-5.11517e-05
-5.35805e-05
-5.62001e-05
-5.90719e-05
-2.96452e-05
-3.10296e-05
-3.25884e-05
-3.431e-05
-3.61696e-05
-3.81338e-05
-4.01686e-05
-4.22486e-05
-4.43631e-05
-4.65175e-05
-4.87312e-05
-5.10351e-05
-5.34696e-05
-5.60837e-05
-5.89362e-05
-3.05533e-05
-3.1793e-05
-3.31901e-05
-3.47428e-05
-3.64403e-05
-3.82634e-05
-4.01885e-05
-4.21935e-05
-4.42639e-05
-4.63967e-05
-4.86021e-05
-5.09023e-05
-5.33305e-05
-5.59302e-05
-5.87556e-05
-3.15269e-05
-3.26478e-05
-3.39084e-05
-3.53126e-05
-3.68582e-05
-3.8537e-05
-4.03359e-05
-4.22397e-05
-4.42354e-05
-4.63168e-05
-4.84877e-05
-5.07625e-05
-5.31671e-05
-5.57383e-05
-5.8524e-05
-3.25552e-05
-3.35786e-05
-3.47246e-05
-3.59999e-05
-3.74074e-05
-3.89461e-05
-4.06116e-05
-4.23963e-05
-4.42922e-05
-4.62939e-05
-4.8402e-05
-5.06258e-05
-5.29845e-05
-5.55077e-05
-5.82362e-05
-3.36254e-05
-3.45694e-05
-3.56199e-05
-3.67847e-05
-3.80692e-05
-3.9477e-05
-4.10095e-05
-4.26658e-05
-4.44436e-05
-4.63409e-05
-4.83586e-05
-5.05034e-05
-5.27896e-05
-5.52403e-05
-5.78886e-05
-3.4723e-05
-3.56032e-05
-3.65749e-05
-3.7646e-05
-3.88229e-05
-4.01115e-05
-4.15168e-05
-4.30426e-05
-4.46914e-05
-4.64656e-05
-4.83685e-05
-5.04065e-05
-5.25912e-05
-5.49408e-05
-5.74811e-05
-3.58312e-05
-3.6661e-05
-3.75686e-05
-3.85611e-05
-3.96452e-05
-4.08275e-05
-4.21147e-05
-4.35133e-05
-4.50294e-05
-4.66688e-05
-4.84379e-05
-5.03444e-05
-5.23992e-05
-5.46176e-05
-5.70192e-05
-3.69272e-05
-3.77187e-05
-3.85751e-05
-3.95029e-05
-4.05081e-05
-4.15972e-05
-4.27774e-05
-4.40563e-05
-4.54418e-05
-4.6942e-05
-4.85657e-05
-5.03222e-05
-5.2223e-05
-5.42818e-05
-5.65145e-05
-3.79903e-05
-3.87538e-05
-3.95705e-05
-4.04456e-05
-4.13845e-05
-4.23931e-05
-4.34782e-05
-4.46473e-05
-4.59088e-05
-4.72717e-05
-4.87458e-05
-5.03418e-05
-5.20716e-05
-5.39488e-05
-5.59867e-05
-3.89179e-05
-3.96649e-05
-4.04549e-05
-4.12922e-05
-4.21812e-05
-4.31268e-05
-4.41352e-05
-4.52132e-05
-4.63686e-05
-4.76101e-05
-4.89475e-05
-5.03915e-05
-5.19542e-05
-5.36489e-05
-5.54883e-05
-3.96352e-05
-4.03755e-05
-4.11507e-05
-4.19641e-05
-4.28196e-05
-4.37215e-05
-4.46749e-05
-4.56857e-05
-4.6761e-05
-4.79085e-05
-4.91373e-05
-5.04575e-05
-5.18807e-05
-5.34196e-05
-5.50867e-05
-4.01368e-05
-4.08771e-05
-4.16465e-05
-4.24477e-05
-4.32838e-05
-4.41587e-05
-4.50766e-05
-4.60427e-05
-4.7063e-05
-4.81443e-05
-4.92948e-05
-5.05236e-05
-5.18414e-05
-5.32601e-05
-5.47916e-05
-4.04907e-05
-4.12359e-05
-4.20058e-05
-4.28026e-05
-4.36291e-05
-4.44883e-05
-4.5384e-05
-4.63207e-05
-4.73034e-05
-4.83381e-05
-4.94321e-05
-5.05934e-05
-5.18315e-05
-5.31573e-05
-5.4582e-05
-4.07386e-05
-4.14917e-05
-4.22662e-05
-4.3064e-05
-4.38872e-05
-4.47386e-05
-4.56215e-05
-4.65395e-05
-4.7497e-05
-4.84993e-05
-4.95525e-05
-5.06639e-05
-5.18418e-05
-5.30958e-05
-5.44362e-05
-4.09101e-05
-4.16732e-05
-4.24551e-05
-4.32573e-05
-4.40818e-05
-4.4931e-05
-4.58075e-05
-4.67144e-05
-4.76557e-05
-4.86357e-05
-4.96597e-05
-5.07341e-05
-5.18661e-05
-5.30641e-05
-5.43373e-05
-4.10277e-05
-4.18018e-05
-4.25928e-05
-4.34019e-05
-4.42307e-05
-4.50813e-05
-4.5956e-05
-4.68573e-05
-4.77884e-05
-4.87533e-05
-4.97565e-05
-5.08032e-05
-5.18998e-05
-5.30535e-05
-5.42725e-05
-4.11075e-05
-4.18932e-05
-4.26942e-05
-4.35115e-05
-4.43466e-05
-4.52011e-05
-4.60769e-05
-4.69761e-05
-4.79016e-05
-4.88564e-05
-4.98445e-05
-5.08704e-05
-5.19393e-05
-5.30574e-05
-5.42318e-05
-4.11612e-05
-4.19585e-05
-4.27698e-05
-4.35961e-05
-4.44385e-05
-4.52984e-05
-4.61772e-05
-4.70768e-05
-4.79994e-05
-4.89477e-05
-4.99249e-05
-5.09347e-05
-5.19815e-05
-5.30707e-05
-5.4208e-05
-4.11971e-05
-4.20057e-05
-4.28273e-05
-4.36627e-05
-4.45129e-05
-4.53788e-05
-4.62618e-05
-4.71632e-05
-4.80849e-05
-4.9029e-05
-4.99982e-05
-5.09954e-05
-5.20245e-05
-5.30895e-05
-5.41956e-05
-4.1221e-05
-4.20402e-05
-4.28717e-05
-4.37161e-05
-4.45741e-05
-4.54464e-05
-4.63341e-05
-4.72382e-05
-4.81601e-05
-4.91017e-05
-5.00648e-05
-5.10521e-05
-5.20664e-05
-5.31113e-05
-5.41907e-05
-4.12368e-05
-4.2066e-05
-4.29068e-05
-4.37598e-05
-4.46253e-05
-4.55039e-05
-4.63964e-05
-4.73036e-05
-4.82266e-05
-4.91666e-05
-5.01252e-05
-5.11043e-05
-5.21063e-05
-5.3134e-05
-5.41905e-05
-4.12472e-05
-4.20856e-05
-4.2935e-05
-4.37959e-05
-4.46685e-05
-4.55532e-05
-4.64505e-05
-4.73609e-05
-4.82852e-05
-4.92244e-05
-5.01794e-05
-5.11519e-05
-5.21435e-05
-5.31564e-05
-5.4193e-05
-4.1254e-05
-4.21007e-05
-4.2958e-05
-4.38262e-05
-4.47054e-05
-4.55958e-05
-4.64976e-05
-4.74112e-05
-4.83371e-05
-4.92757e-05
-5.0228e-05
-5.11949e-05
-5.21775e-05
-5.31777e-05
-5.4197e-05
-4.12582e-05
-4.21125e-05
-4.2977e-05
-4.38519e-05
-4.47371e-05
-4.56327e-05
-4.65387e-05
-4.74554e-05
-4.83828e-05
-4.93213e-05
-5.02713e-05
-5.12334e-05
-5.22084e-05
-5.31974e-05
-5.42015e-05
-4.12608e-05
-4.21218e-05
-4.29928e-05
-4.38736e-05
-4.47643e-05
-4.56647e-05
-4.65746e-05
-4.74941e-05
-4.8423e-05
-4.93615e-05
-5.03096e-05
-5.12677e-05
-5.2236e-05
-5.32153e-05
-5.42061e-05
-4.12622e-05
-4.21292e-05
-4.30059e-05
-4.38922e-05
-4.47877e-05
-4.56924e-05
-4.66059e-05
-4.75279e-05
-4.84583e-05
-4.93968e-05
-5.03434e-05
-5.1298e-05
-5.22605e-05
-5.32314e-05
-5.42106e-05
-4.12627e-05
-4.21352e-05
-4.3017e-05
-4.39081e-05
-4.4808e-05
-4.57165e-05
-4.66332e-05
-4.75576e-05
-4.84893e-05
-4.9428e-05
-5.03733e-05
-5.13248e-05
-5.22823e-05
-5.32458e-05
-5.42147e-05
-4.12626e-05
-4.21402e-05
-4.30269e-05
-4.39225e-05
-4.48266e-05
-4.57387e-05
-4.66584e-05
-4.7585e-05
-4.85181e-05
-4.9457e-05
-5.04011e-05
-5.13499e-05
-5.23027e-05
-5.32593e-05
-5.42187e-05
-4.12622e-05
-4.21444e-05
-4.30358e-05
-4.39359e-05
-4.48441e-05
-4.57599e-05
-4.66826e-05
-4.76115e-05
-4.85458e-05
-4.94849e-05
-5.04279e-05
-5.13741e-05
-5.23224e-05
-5.32723e-05
-5.42224e-05
-1.90271e-05
-1.90312e-05
-1.90482e-05
-1.90772e-05
-1.91177e-05
-1.91694e-05
-1.923e-05
-1.92998e-05
-1.93789e-05
-1.94669e-05
-1.95637e-05
-1.9669e-05
-1.97827e-05
-1.99044e-05
-2.00338e-05
-2.01704e-05
-2.03135e-05
-2.04622e-05
-2.06151e-05
-2.07702e-05
-2.0925e-05
-2.10762e-05
-2.12167e-05
-2.13378e-05
-2.14332e-05
-2.14974e-05
-2.15255e-05
-2.15137e-05
-2.14613e-05
-2.13705e-05
-2.1243e-05
-2.10846e-05
-2.09109e-05
-2.07373e-05
-2.0579e-05
-2.04498e-05
-2.03622e-05
-2.03238e-05
-2.03349e-05
-2.03886e-05
-2.04711e-05
-2.05648e-05
-2.06614e-05
-2.07235e-05
-2.07479e-05
-1.90041e-05
-1.9008e-05
-1.90228e-05
-1.90475e-05
-1.90813e-05
-1.91238e-05
-1.91763e-05
-1.92377e-05
-1.93079e-05
-1.93867e-05
-1.94741e-05
-1.95702e-05
-1.96749e-05
-1.97881e-05
-1.99099e-05
-2.00399e-05
-2.0178e-05
-2.03235e-05
-2.04755e-05
-2.06327e-05
-2.07926e-05
-2.09521e-05
-2.11025e-05
-2.12337e-05
-2.13394e-05
-2.14148e-05
-2.14554e-05
-2.14585e-05
-2.1423e-05
-2.13501e-05
-2.12437e-05
-2.11144e-05
-2.0973e-05
-2.08304e-05
-2.07006e-05
-2.05976e-05
-2.05314e-05
-2.05064e-05
-2.05209e-05
-2.05673e-05
-2.0634e-05
-2.07078e-05
-2.07764e-05
-2.08283e-05
-2.0859e-05
-1.89545e-05
-1.896e-05
-1.89752e-05
-1.89984e-05
-1.90302e-05
-1.90704e-05
-1.91189e-05
-1.91759e-05
-1.92413e-05
-1.93153e-05
-1.93978e-05
-1.94891e-05
-1.95894e-05
-1.96989e-05
-1.98178e-05
-1.99463e-05
-2.00848e-05
-2.02334e-05
-2.03923e-05
-2.05612e-05
-2.07393e-05
-2.09246e-05
-2.11072e-05
-2.12736e-05
-2.14152e-05
-2.15251e-05
-2.15968e-05
-2.16258e-05
-2.16099e-05
-2.15499e-05
-2.14496e-05
-2.13186e-05
-2.11693e-05
-2.10158e-05
-2.08737e-05
-2.07574e-05
-2.06781e-05
-2.06414e-05
-2.06468e-05
-2.06875e-05
-2.07523e-05
-2.08279e-05
-2.09018e-05
-2.09658e-05
-2.10191e-05
-1.88852e-05
-1.88934e-05
-1.89089e-05
-1.89317e-05
-1.8962e-05
-1.9e-05
-1.90457e-05
-1.90994e-05
-1.91612e-05
-1.92315e-05
-1.93105e-05
-1.93987e-05
-1.94964e-05
-1.96042e-05
-1.97228e-05
-1.98531e-05
-1.99961e-05
-2.01532e-05
-2.03259e-05
-2.05162e-05
-2.07254e-05
-2.09538e-05
-2.11895e-05
-2.14134e-05
-2.16123e-05
-2.17754e-05
-2.18927e-05
-2.19573e-05
-2.1966e-05
-2.19193e-05
-2.18223e-05
-2.16836e-05
-2.15169e-05
-2.13384e-05
-2.11658e-05
-2.10163e-05
-2.09043e-05
-2.08385e-05
-2.0821e-05
-2.08469e-05
-2.09057e-05
-2.09833e-05
-2.10656e-05
-2.11445e-05
-2.12208e-05
-1.8802e-05
-1.88129e-05
-1.88293e-05
-1.8852e-05
-1.88814e-05
-1.89179e-05
-1.89616e-05
-1.9013e-05
-1.90724e-05
-1.91402e-05
-1.9217e-05
-1.93034e-05
-1.94002e-05
-1.95082e-05
-1.96287e-05
-1.97632e-05
-1.99141e-05
-2.0084e-05
-2.02767e-05
-2.04965e-05
-2.07483e-05
-2.10353e-05
-2.13435e-05
-2.16451e-05
-2.19205e-05
-2.2153e-05
-2.2328e-05
-2.24376e-05
-2.24786e-05
-2.24505e-05
-2.23573e-05
-2.22089e-05
-2.20188e-05
-2.18049e-05
-2.15876e-05
-2.13876e-05
-2.12238e-05
-2.11102e-05
-2.10533e-05
-2.10516e-05
-2.10958e-05
-2.1171e-05
-2.12605e-05
-2.13545e-05
-2.14544e-05
-1.87091e-05
-1.87225e-05
-1.874e-05
-1.87629e-05
-1.87919e-05
-1.88274e-05
-1.88699e-05
-1.89197e-05
-1.89776e-05
-1.9044e-05
-1.91197e-05
-1.92056e-05
-1.93027e-05
-1.94124e-05
-1.95365e-05
-1.96775e-05
-1.98386e-05
-2.00246e-05
-2.02415e-05
-2.0497e-05
-2.07996e-05
-2.11568e-05
-2.15517e-05
-2.19453e-05
-2.23087e-05
-2.26189e-05
-2.28607e-05
-2.30248e-05
-2.31054e-05
-2.31031e-05
-2.30182e-05
-2.28611e-05
-2.26464e-05
-2.23928e-05
-2.21228e-05
-2.18609e-05
-2.16313e-05
-2.14543e-05
-2.1343e-05
-2.13007e-05
-2.13205e-05
-2.1387e-05
-2.14804e-05
-2.15886e-05
-2.1713e-05
-1.861e-05
-1.86256e-05
-1.86442e-05
-1.86674e-05
-1.86962e-05
-1.87312e-05
-1.87728e-05
-1.88217e-05
-1.88786e-05
-1.89443e-05
-1.90198e-05
-1.9106e-05
-1.92044e-05
-1.93168e-05
-1.94455e-05
-1.95939e-05
-1.97666e-05
-1.99702e-05
-2.02134e-05
-2.05075e-05
-2.08653e-05
-2.12985e-05
-2.17872e-05
-2.22787e-05
-2.27339e-05
-2.31292e-05
-2.34484e-05
-2.36751e-05
-2.37989e-05
-2.38196e-05
-2.37451e-05
-2.35836e-05
-2.33484e-05
-2.3058e-05
-2.27359e-05
-2.24095e-05
-2.2108e-05
-2.18586e-05
-2.16819e-05
-2.1588e-05
-2.15738e-05
-2.16243e-05
-2.17171e-05
-2.18374e-05
-2.19867e-05
-1.85074e-05
-1.85248e-05
-1.85443e-05
-1.85678e-05
-1.85966e-05
-1.86313e-05
-1.86723e-05
-1.87207e-05
-1.87771e-05
-1.88425e-05
-1.89181e-05
-1.90051e-05
-1.91052e-05
-1.92206e-05
-1.93543e-05
-1.95104e-05
-1.96948e-05
-1.9916e-05
-2.01854e-05
-2.05181e-05
-2.09316e-05
-2.14414e-05
-2.20256e-05
-2.26171e-05
-2.31678e-05
-2.36483e-05
-2.40357e-05
-2.4315e-05
-2.448e-05
-2.45296e-05
-2.44706e-05
-2.43108e-05
-2.40628e-05
-2.37441e-05
-2.33778e-05
-2.29928e-05
-2.26221e-05
-2.2299e-05
-2.20524e-05
-2.18998e-05
-2.18439e-05
-2.18717e-05
-2.19588e-05
-2.20884e-05
-2.22616e-05
-1.8403e-05
-1.8422e-05
-1.84423e-05
-1.84661e-05
-1.84949e-05
-1.85294e-05
-1.85701e-05
-1.8618e-05
-1.86741e-05
-1.87395e-05
-1.88154e-05
-1.89034e-05
-1.90053e-05
-1.91236e-05
-1.9262e-05
-1.94252e-05
-1.96205e-05
-1.9858e-05
-2.01519e-05
-2.05212e-05
-2.09877e-05
-2.15703e-05
-2.22462e-05
-2.29328e-05
-2.35715e-05
-2.41275e-05
-2.45759e-05
-2.49033e-05
-2.51052e-05
-2.51818e-05
-2.51395e-05
-2.49862e-05
-2.47332e-05
-2.43966e-05
-2.3998e-05
-2.3566e-05
-2.31355e-05
-2.27448e-05
-2.243e-05
-2.22167e-05
-2.21146e-05
-2.21141e-05
-2.21908e-05
-2.23263e-05
-2.25216e-05
-1.82983e-05
-1.83185e-05
-1.83395e-05
-1.83637e-05
-1.83926e-05
-1.84268e-05
-1.84673e-05
-1.85149e-05
-1.85707e-05
-1.8636e-05
-1.87122e-05
-1.88009e-05
-1.89044e-05
-1.90253e-05
-1.91677e-05
-1.93372e-05
-1.95419e-05
-1.97937e-05
-2.01093e-05
-2.05116e-05
-2.10269e-05
-2.16751e-05
-2.24355e-05
-2.32084e-05
-2.39248e-05
-2.45457e-05
-2.50458e-05
-2.54129e-05
-2.56445e-05
-2.57432e-05
-2.5716e-05
-2.55711e-05
-2.53189e-05
-2.49735e-05
-2.45545e-05
-2.40889e-05
-2.36116e-05
-2.31637e-05
-2.27875e-05
-2.2516e-05
-2.23664e-05
-2.23344e-05
-2.23966e-05
-2.25345e-05
-2.27491e-05
-1.81941e-05
-1.82155e-05
-1.82372e-05
-1.82617e-05
-1.82906e-05
-1.83247e-05
-1.83648e-05
-1.8412e-05
-1.84675e-05
-1.85326e-05
-1.86088e-05
-1.8698e-05
-1.88026e-05
-1.89254e-05
-1.9071e-05
-1.92455e-05
-1.9458e-05
-1.97218e-05
-2.00558e-05
-2.04862e-05
-2.10439e-05
-2.17533e-05
-2.25875e-05
-2.34364e-05
-2.42193e-05
-2.4894e-05
-2.5435e-05
-2.58322e-05
-2.60855e-05
-2.62002e-05
-2.61845e-05
-2.60473e-05
-2.57984e-05
-2.54503e-05
-2.502e-05
-2.45322e-05
-2.40204e-05
-2.35266e-05
-2.30989e-05
-2.27747e-05
-2.25792e-05
-2.25141e-05
-2.2559e-05
-2.26957e-05
-2.29263e-05
-1.80913e-05
-1.81139e-05
-1.81362e-05
-1.8161e-05
-1.81899e-05
-1.82238e-05
-1.82635e-05
-1.83101e-05
-1.83651e-05
-1.84297e-05
-1.85056e-05
-1.85949e-05
-1.86999e-05
-1.88241e-05
-1.89719e-05
-1.91502e-05
-1.93687e-05
-1.96421e-05
-1.99912e-05
-2.0445e-05
-2.10379e-05
-2.18034e-05
-2.27023e-05
-2.36159e-05
-2.44544e-05
-2.51722e-05
-2.57444e-05
-2.61627e-05
-2.643e-05
-2.65542e-05
-2.65452e-05
-2.64128e-05
-2.61666e-05
-2.58176e-05
-2.53808e-05
-2.48784e-05
-2.43414e-05
-2.38108e-05
-2.33421e-05
-2.29721e-05
-2.27334e-05
-2.26353e-05
-2.26608e-05
-2.27933e-05
-2.30363e-05
-1.79905e-05
-1.80143e-05
-1.80373e-05
-1.80624e-05
-1.80914e-05
-1.81249e-05
-1.8164e-05
-1.82099e-05
-1.8264e-05
-1.83277e-05
-1.8403e-05
-1.84918e-05
-1.85967e-05
-1.87213e-05
-1.88705e-05
-1.90513e-05
-1.92743e-05
-1.95552e-05
-1.99166e-05
-2.03893e-05
-2.10129e-05
-2.18263e-05
-2.27816e-05
-2.37504e-05
-2.46348e-05
-2.53866e-05
-2.59814e-05
-2.64134e-05
-2.66878e-05
-2.68154e-05
-2.68077e-05
-2.66756e-05
-2.64287e-05
-2.60772e-05
-2.56345e-05
-2.51206e-05
-2.45643e-05
-2.40029e-05
-2.34987e-05
-2.30902e-05
-2.28119e-05
-2.26816e-05
-2.26864e-05
-2.2812e-05
-2.30639e-05
-1.78923e-05
-1.79175e-05
-1.79413e-05
-1.79667e-05
-1.79956e-05
-1.80287e-05
-1.8067e-05
-1.81118e-05
-1.81647e-05
-1.82272e-05
-1.83012e-05
-1.8389e-05
-1.84933e-05
-1.86176e-05
-1.87673e-05
-1.89496e-05
-1.91757e-05
-1.94623e-05
-1.98335e-05
-2.03225e-05
-2.09723e-05
-2.18249e-05
-2.28294e-05
-2.38456e-05
-2.47682e-05
-2.55464e-05
-2.61572e-05
-2.65966e-05
-2.68725e-05
-2.69978e-05
-2.69859e-05
-2.68485e-05
-2.65956e-05
-2.62371e-05
-2.57852e-05
-2.52585e-05
-2.46842e-05
-2.40984e-05
-2.35575e-05
-2.31139e-05
-2.28e-05
-2.2639e-05
-2.26224e-05
-2.27386e-05
-2.29961e-05
-1.77974e-05
-1.78242e-05
-1.78488e-05
-1.78745e-05
-1.79032e-05
-1.79357e-05
-1.79729e-05
-1.80164e-05
-1.80676e-05
-1.81284e-05
-1.82007e-05
-1.8287e-05
-1.83899e-05
-1.85134e-05
-1.86627e-05
-1.88456e-05
-1.90737e-05
-1.93645e-05
-1.97438e-05
-2.02467e-05
-2.09187e-05
-2.18042e-05
-2.28518e-05
-2.39086e-05
-2.4863e-05
-2.56618e-05
-2.62832e-05
-2.67253e-05
-2.69979e-05
-2.7116e-05
-2.70942e-05
-2.69453e-05
-2.668e-05
-2.63078e-05
-2.58407e-05
-2.52963e-05
-2.47009e-05
-2.40913e-05
-2.3514e-05
-2.30355e-05
-2.26882e-05
-2.2497e-05
-2.24581e-05
-2.25625e-05
-2.28225e-05
-1.77063e-05
-1.7735e-05
-1.77606e-05
-1.77866e-05
-1.7815e-05
-1.78466e-05
-1.78824e-05
-1.79241e-05
-1.79732e-05
-1.80318e-05
-1.81019e-05
-1.8186e-05
-1.82872e-05
-1.84092e-05
-1.85576e-05
-1.87404e-05
-1.89697e-05
-1.92636e-05
-1.96492e-05
-2.01638e-05
-2.08549e-05
-2.17693e-05
-2.28548e-05
-2.39466e-05
-2.4927e-05
-2.57421e-05
-2.63704e-05
-2.68113e-05
-2.70767e-05
-2.7183e-05
-2.7146e-05
-2.69794e-05
-2.66941e-05
-2.63003e-05
-2.581e-05
-2.52408e-05
-2.46171e-05
-2.39788e-05
-2.33667e-05
-2.28506e-05
-2.24696e-05
-2.22476e-05
-2.21852e-05
-2.22753e-05
-2.25352e-05
-1.76197e-05
-1.76507e-05
-1.76774e-05
-1.77036e-05
-1.77316e-05
-1.7762e-05
-1.7796e-05
-1.78353e-05
-1.78819e-05
-1.79377e-05
-1.80051e-05
-1.80866e-05
-1.81854e-05
-1.83055e-05
-1.84526e-05
-1.86348e-05
-1.88646e-05
-1.91609e-05
-1.95517e-05
-2.00763e-05
-2.07842e-05
-2.17245e-05
-2.28433e-05
-2.39654e-05
-2.49679e-05
-2.5796e-05
-2.6428e-05
-2.68648e-05
-2.71196e-05
-2.72099e-05
-2.71526e-05
-2.69617e-05
-2.66489e-05
-2.62248e-05
-2.57019e-05
-2.5098e-05
-2.44392e-05
-2.37637e-05
-2.31153e-05
-2.25582e-05
-2.21393e-05
-2.18851e-05
-2.17978e-05
-2.1871e-05
-2.21286e-05
-1.75386e-05
-1.7572e-05
-1.75999e-05
-1.76263e-05
-1.76535e-05
-1.76824e-05
-1.77141e-05
-1.77505e-05
-1.77938e-05
-1.78463e-05
-1.79104e-05
-1.7989e-05
-1.8085e-05
-1.82029e-05
-1.83483e-05
-1.85296e-05
-1.87596e-05
-1.90577e-05
-1.9453e-05
-1.99864e-05
-2.07093e-05
-2.16729e-05
-2.28216e-05
-2.39705e-05
-2.4992e-05
-2.58304e-05
-2.64636e-05
-2.68938e-05
-2.71351e-05
-2.72058e-05
-2.71232e-05
-2.69018e-05
-2.65537e-05
-2.60903e-05
-2.5525e-05
-2.48765e-05
-2.4172e-05
-2.34499e-05
-2.27593e-05
-2.21584e-05
-2.16973e-05
-2.14069e-05
-2.1293e-05
-2.13456e-05
-2.15999e-05
-1.74636e-05
-1.75e-05
-1.75291e-05
-1.75554e-05
-1.75816e-05
-1.76083e-05
-1.76371e-05
-1.76699e-05
-1.77093e-05
-1.77578e-05
-1.78181e-05
-1.78933e-05
-1.79863e-05
-1.81017e-05
-1.82453e-05
-1.84256e-05
-1.86556e-05
-1.89553e-05
-1.93548e-05
-1.98961e-05
-2.06326e-05
-2.16177e-05
-2.27934e-05
-2.39663e-05
-2.50043e-05
-2.58506e-05
-2.64831e-05
-2.69046e-05
-2.71299e-05
-2.71776e-05
-2.70651e-05
-2.68071e-05
-2.64162e-05
-2.59045e-05
-2.52869e-05
-2.45832e-05
-2.38225e-05
-2.30446e-05
-2.23009e-05
-2.16498e-05
-2.11447e-05
-2.08133e-05
-2.06697e-05
-2.06969e-05
-2.09478e-05
-1.73959e-05
-1.74354e-05
-1.74658e-05
-1.74919e-05
-1.75165e-05
-1.75404e-05
-1.75653e-05
-1.75937e-05
-1.76284e-05
-1.76722e-05
-1.77283e-05
-1.77996e-05
-1.78894e-05
-1.80023e-05
-1.81441e-05
-1.83234e-05
-1.85534e-05
-1.88548e-05
-1.92581e-05
-1.98069e-05
-2.05561e-05
-2.15609e-05
-2.27614e-05
-2.39559e-05
-2.50083e-05
-2.58608e-05
-2.6491e-05
-2.69021e-05
-2.71091e-05
-2.71306e-05
-2.69838e-05
-2.66836e-05
-2.62427e-05
-2.56744e-05
-2.49945e-05
-2.42251e-05
-2.33972e-05
-2.2553e-05
-2.1746e-05
-2.10368e-05
-2.04822e-05
-2.01061e-05
-1.99273e-05
-1.99305e-05
-2.01682e-05
-1.73364e-05
-1.73795e-05
-1.74111e-05
-1.74365e-05
-1.74588e-05
-1.74789e-05
-1.7499e-05
-1.7522e-05
-1.75511e-05
-1.75896e-05
-1.76409e-05
-1.7708e-05
-1.77945e-05
-1.79049e-05
-1.80451e-05
-1.82236e-05
-1.84538e-05
-1.87569e-05
-1.9164e-05
-1.97199e-05
-2.04812e-05
-2.15045e-05
-2.27279e-05
-2.3942e-05
-2.50071e-05
-2.58641e-05
-2.64906e-05
-2.68896e-05
-2.70762e-05
-2.70686e-05
-2.68838e-05
-2.65362e-05
-2.60389e-05
-2.54057e-05
-2.46544e-05
-2.3809e-05
-2.29031e-05
-2.19818e-05
-2.11013e-05
-2.03248e-05
-1.97127e-05
-1.92897e-05
-1.90715e-05
-1.90513e-05
-1.92619e-05
-1.72864e-05
-1.73335e-05
-1.73662e-05
-1.73902e-05
-1.74091e-05
-1.74243e-05
-1.74383e-05
-1.74547e-05
-1.74772e-05
-1.75096e-05
-1.75555e-05
-1.76182e-05
-1.77015e-05
-1.78096e-05
-1.79484e-05
-1.81264e-05
-1.83572e-05
-1.86622e-05
-1.90733e-05
-1.96362e-05
-2.0409e-05
-2.14497e-05
-2.26942e-05
-2.39263e-05
-2.50025e-05
-2.58627e-05
-2.64841e-05
-2.68697e-05
-2.7034e-05
-2.69948e-05
-2.67684e-05
-2.63688e-05
-2.58093e-05
-2.51043e-05
-2.42731e-05
-2.33421e-05
-2.23478e-05
-2.13386e-05
-2.03742e-05
-1.95207e-05
-1.88433e-05
-1.83694e-05
-1.81085e-05
-1.80632e-05
-1.82353e-05
-1.72474e-05
-1.72988e-05
-1.73322e-05
-1.73539e-05
-1.73683e-05
-1.73769e-05
-1.73832e-05
-1.73915e-05
-1.74064e-05
-1.74318e-05
-1.74719e-05
-1.75302e-05
-1.76103e-05
-1.77163e-05
-1.78541e-05
-1.80321e-05
-1.8264e-05
-1.85712e-05
-1.89864e-05
-1.95564e-05
-2.03402e-05
-2.13973e-05
-2.26616e-05
-2.391e-05
-2.49959e-05
-2.58581e-05
-2.64733e-05
-2.68441e-05
-2.69845e-05
-2.69115e-05
-2.66405e-05
-2.61851e-05
-2.55583e-05
-2.47754e-05
-2.38571e-05
-2.2832e-05
-2.17398e-05
-2.06324e-05
-1.95733e-05
-1.86326e-05
-1.78822e-05
-1.73505e-05
-1.70391e-05
-1.69606e-05
-1.70984e-05
-1.72211e-05
-1.72771e-05
-1.73106e-05
-1.73287e-05
-1.73367e-05
-1.73368e-05
-1.73335e-05
-1.73323e-05
-1.73382e-05
-1.73559e-05
-1.73898e-05
-1.74436e-05
-1.75206e-05
-1.7625e-05
-1.77622e-05
-1.79407e-05
-1.81741e-05
-1.84841e-05
-1.89037e-05
-1.94807e-05
-2.02753e-05
-2.1348e-05
-2.26306e-05
-2.3894e-05
-2.49882e-05
-2.58513e-05
-2.64591e-05
-2.6814e-05
-2.69291e-05
-2.68204e-05
-2.65025e-05
-2.59881e-05
-2.52902e-05
-2.44245e-05
-2.3413e-05
-2.22868e-05
-2.10883e-05
-1.98733e-05
-1.87093e-05
-1.76708e-05
-1.68379e-05
-1.62425e-05
-1.58736e-05
-1.57531e-05
-1.58518e-05
-1.72094e-05
-1.72703e-05
-1.73029e-05
-1.73157e-05
-1.73148e-05
-1.73041e-05
-1.7289e-05
-1.72763e-05
-1.72719e-05
-1.72812e-05
-1.73088e-05
-1.7358e-05
-1.74323e-05
-1.75354e-05
-1.76727e-05
-1.78523e-05
-1.80879e-05
-1.84011e-05
-1.88254e-05
-1.94095e-05
-2.02145e-05
-2.1302e-05
-2.26018e-05
-2.38787e-05
-2.49801e-05
-2.58428e-05
-2.64424e-05
-2.67803e-05
-2.68689e-05
-2.67231e-05
-2.63564e-05
-2.57808e-05
-2.5009e-05
-2.4057e-05
-2.29481e-05
-2.17152e-05
-2.04036e-05
-1.90727e-05
-1.77944e-05
-1.6648e-05
-1.57204e-05
-1.50555e-05
-1.46252e-05
-1.44562e-05
-1.4506e-05
-1.7215e-05
-1.72807e-05
-1.7311e-05
-1.73158e-05
-1.73032e-05
-1.72785e-05
-1.7249e-05
-1.7223e-05
-1.72071e-05
-1.72074e-05
-1.72282e-05
-1.7273e-05
-1.7345e-05
-1.74474e-05
-1.75854e-05
-1.77668e-05
-1.8005e-05
-1.8322e-05
-1.87515e-05
-1.93428e-05
-2.01579e-05
-2.12595e-05
-2.25752e-05
-2.38644e-05
-2.49717e-05
-2.58332e-05
-2.64236e-05
-2.67436e-05
-2.68048e-05
-2.66208e-05
-2.62042e-05
-2.5566e-05
-2.47186e-05
-2.36784e-05
-2.24694e-05
-2.11262e-05
-1.96967e-05
-1.82434e-05
-1.68427e-05
-1.55801e-05
-1.45444e-05
-1.37959e-05
-1.33028e-05
-1.30769e-05
-1.30714e-05
-1.72408e-05
-1.73111e-05
-1.73369e-05
-1.73302e-05
-1.7302e-05
-1.72596e-05
-1.7213e-05
-1.71716e-05
-1.7143e-05
-1.71336e-05
-1.71477e-05
-1.71885e-05
-1.72586e-05
-1.7361e-05
-1.75002e-05
-1.76841e-05
-1.79256e-05
-1.82469e-05
-1.86819e-05
-1.92805e-05
-2.01056e-05
-2.12206e-05
-2.2551e-05
-2.38512e-05
-2.49634e-05
-2.58227e-05
-2.64031e-05
-2.67046e-05
-2.67377e-05
-2.65149e-05
-2.60477e-05
-2.53465e-05
-2.44231e-05
-2.32942e-05
-2.19844e-05
-2.05296e-05
-1.89794e-05
-1.7399e-05
-1.58693e-05
-1.44821e-05
-1.33283e-05
-1.24774e-05
-1.1917e-05
-1.16253e-05
-1.15562e-05
-1.72907e-05
-1.73648e-05
-1.73827e-05
-1.73597e-05
-1.7311e-05
-1.72469e-05
-1.718e-05
-1.71211e-05
-1.70789e-05
-1.70595e-05
-1.7067e-05
-1.71041e-05
-1.71729e-05
-1.72758e-05
-1.74171e-05
-1.7604e-05
-1.78495e-05
-1.81756e-05
-1.86164e-05
-1.92225e-05
-2.00573e-05
-2.1185e-05
-2.25291e-05
-2.38392e-05
-2.49553e-05
-2.58114e-05
-2.63812e-05
-2.66636e-05
-2.66682e-05
-2.64065e-05
-2.58887e-05
-2.51248e-05
-2.41262e-05
-2.29097e-05
-2.15004e-05
-1.99348e-05
-1.82637e-05
-1.6554e-05
-1.48901e-05
-1.33693e-05
-1.20889e-05
-1.11225e-05
-1.04816e-05
-1.0114e-05
-9.96963e-06
-1.73697e-05
-1.74459e-05
-1.74507e-05
-1.74052e-05
-1.73299e-05
-1.72395e-05
-1.71489e-05
-1.70707e-05
-1.7014e-05
-1.69845e-05
-1.69858e-05
-1.70197e-05
-1.70878e-05
-1.71921e-05
-1.7336e-05
-1.75266e-05
-1.77766e-05
-1.8108e-05
-1.85549e-05
-1.91685e-05
-2.00129e-05
-2.11527e-05
-2.25094e-05
-2.38284e-05
-2.49473e-05
-2.57996e-05
-2.63581e-05
-2.66212e-05
-2.65971e-05
-2.62965e-05
-2.57289e-05
-2.49034e-05
-2.38316e-05
-2.25301e-05
-2.10245e-05
-1.93514e-05
-1.75619e-05
-1.57236e-05
-1.39227e-05
-1.22615e-05
-1.08443e-05
-9.75239e-06
-9.013e-06
-8.55806e-06
-8.32253e-06
-1.74845e-05
-1.7559e-05
-1.75434e-05
-1.74669e-05
-1.7358e-05
-1.72358e-05
-1.71184e-05
-1.70195e-05
-1.69478e-05
-1.69084e-05
-1.69039e-05
-1.69354e-05
-1.70036e-05
-1.71097e-05
-1.72568e-05
-1.74517e-05
-1.77068e-05
-1.80438e-05
-1.84972e-05
-1.91185e-05
-1.99722e-05
-2.11235e-05
-2.24918e-05
-2.38186e-05
-2.49395e-05
-2.57873e-05
-2.63341e-05
-2.65775e-05
-2.6525e-05
-2.61861e-05
-2.55697e-05
-2.46847e-05
-2.35426e-05
-2.21603e-05
-2.05634e-05
-1.87885e-05
-1.6886e-05
-1.49231e-05
-1.29861e-05
-1.11804e-05
-9.61786e-06
-8.38875e-06
-7.53055e-06
-6.97346e-06
-6.62504e-06
-1.76439e-05
-1.77099e-05
-1.76631e-05
-1.75445e-05
-1.73936e-05
-1.72344e-05
-1.70874e-05
-1.69665e-05
-1.68798e-05
-1.6831e-05
-1.68215e-05
-1.68513e-05
-1.69201e-05
-1.70288e-05
-1.71798e-05
-1.73795e-05
-1.76399e-05
-1.7983e-05
-1.84431e-05
-1.90721e-05
-1.99349e-05
-2.10971e-05
-2.24761e-05
-2.38098e-05
-2.49319e-05
-2.57746e-05
-2.63094e-05
-2.65331e-05
-2.64524e-05
-2.60761e-05
-2.54126e-05
-2.44707e-05
-2.32622e-05
-2.18044e-05
-2.01231e-05
-1.82544e-05
-1.62475e-05
-1.41676e-05
-1.20994e-05
-1.01489e-05
-8.43406e-06
-7.05542e-06
-6.06049e-06
-5.37966e-06
-4.88754e-06
-1.78604e-05
-1.79051e-05
-1.78119e-05
-1.76365e-05
-1.74348e-05
-1.72333e-05
-1.70544e-05
-1.69112e-05
-1.68099e-05
-1.67525e-05
-1.67387e-05
-1.67676e-05
-1.68379e-05
-1.69496e-05
-1.71049e-05
-1.73098e-05
-1.7576e-05
-1.79255e-05
-1.83925e-05
-1.90291e-05
-1.99008e-05
-2.10733e-05
-2.24622e-05
-2.38019e-05
-2.49245e-05
-2.57617e-05
-2.62842e-05
-2.64883e-05
-2.63799e-05
-2.59674e-05
-2.52588e-05
-2.42633e-05
-2.2993e-05
-2.14662e-05
-1.97087e-05
-1.77564e-05
-1.56566e-05
-1.34714e-05
-1.12818e-05
-9.19141e-06
-7.32122e-06
-5.78066e-06
-4.63226e-06
-3.80105e-06
-3.12047e-06
-1.81515e-05
-1.81513e-05
-1.79878e-05
-1.77428e-05
-1.74789e-05
-1.72304e-05
-1.70183e-05
-1.6853e-05
-1.6738e-05
-1.6673e-05
-1.6656e-05
-1.66847e-05
-1.6757e-05
-1.68724e-05
-1.70324e-05
-1.72428e-05
-1.75151e-05
-1.7871e-05
-1.8345e-05
-1.89893e-05
-1.98696e-05
-2.10519e-05
-2.24499e-05
-2.37947e-05
-2.49173e-05
-2.57485e-05
-2.62587e-05
-2.64434e-05
-2.63082e-05
-2.58608e-05
-2.51095e-05
-2.40639e-05
-2.27372e-05
-2.11486e-05
-1.93245e-05
-1.73005e-05
-1.51221e-05
-1.28473e-05
-1.05515e-05
-8.33289e-06
-6.31099e-06
-4.6003e-06
-3.28066e-06
-2.26745e-06
-1.3324e-06
-1.85427e-05
-1.84561e-05
-1.81914e-05
-1.78575e-05
-1.75223e-05
-1.72237e-05
-1.69781e-05
-1.67918e-05
-1.66644e-05
-1.6593e-05
-1.65738e-05
-1.66031e-05
-1.6678e-05
-1.67974e-05
-1.69624e-05
-1.71785e-05
-1.7457e-05
-1.78196e-05
-1.83006e-05
-1.89525e-05
-1.98411e-05
-2.10327e-05
-2.2439e-05
-2.37883e-05
-2.49102e-05
-2.57351e-05
-2.6233e-05
-2.63988e-05
-2.62375e-05
-2.57569e-05
-2.49655e-05
-2.38739e-05
-2.24964e-05
-2.08538e-05
-1.89735e-05
-1.68912e-05
-1.46507e-05
-1.23058e-05
-9.92522e-06
-7.59801e-06
-5.43754e-06
-3.55649e-06
-2.05087e-06
-8.19357e-07
4.6954e-07
-1.90699e-05
-1.88201e-05
-1.84192e-05
-1.79753e-05
-1.75609e-05
-1.7211e-05
-1.69333e-05
-1.67277e-05
-1.65897e-05
-1.65132e-05
-1.64927e-05
-1.65232e-05
-1.66012e-05
-1.67249e-05
-1.68951e-05
-1.7117e-05
-1.74018e-05
-1.7771e-05
-1.8259e-05
-1.89184e-05
-1.98151e-05
-2.10154e-05
-2.24294e-05
-2.37826e-05
-2.49033e-05
-2.57218e-05
-2.62073e-05
-2.63547e-05
-2.61684e-05
-2.56563e-05
-2.48277e-05
-2.36941e-05
-2.22719e-05
-2.05833e-05
-1.86578e-05
-1.65315e-05
-1.42472e-05
-1.18552e-05
-9.41674e-06
-7.00996e-06
-4.73668e-06
-2.69856e-06
-1.00281e-06
4.82874e-07
2.27376e-06
-1.97821e-05
-1.92379e-05
-1.86583e-05
-1.80885e-05
-1.75903e-05
-1.71906e-05
-1.68836e-05
-1.66614e-05
-1.65146e-05
-1.64343e-05
-1.64133e-05
-1.64456e-05
-1.6527e-05
-1.66551e-05
-1.68307e-05
-1.70584e-05
-1.73495e-05
-1.77254e-05
-1.82202e-05
-1.8887e-05
-1.97914e-05
-2.1e-05
-2.24209e-05
-2.37773e-05
-2.48966e-05
-2.57084e-05
-2.61818e-05
-2.63113e-05
-2.61011e-05
-2.55596e-05
-2.46966e-05
-2.35255e-05
-2.20645e-05
-2.03384e-05
-1.83787e-05
-1.62232e-05
-1.39147e-05
-1.1501e-05
-9.03711e-06
-6.58962e-06
-4.24502e-06
-2.08374e-06
-2.16246e-07
1.54396e-06
4.04607e-06
-2.07187e-05
-1.97012e-05
-1.88919e-05
-1.8187e-05
-1.76059e-05
-1.71612e-05
-1.68293e-05
-1.65935e-05
-1.64399e-05
-1.63572e-05
-1.63364e-05
-1.63709e-05
-1.64557e-05
-1.65884e-05
-1.67692e-05
-1.70028e-05
-1.73001e-05
-1.76824e-05
-1.81841e-05
-1.88579e-05
-1.97698e-05
-2.09861e-05
-2.24135e-05
-2.37725e-05
-2.48898e-05
-2.56949e-05
-2.61565e-05
-2.62686e-05
-2.60359e-05
-2.54668e-05
-2.45725e-05
-2.33681e-05
-2.18744e-05
-2.0119e-05
-1.81363e-05
-1.59665e-05
-1.36538e-05
-1.12456e-05
-8.79315e-06
-6.35362e-06
-3.99757e-06
-1.77602e-06
2.07314e-07
2.22816e-06
5.72958e-06
-2.19728e-05
-2.01841e-05
-1.90948e-05
-1.826e-05
-1.76047e-05
-1.71232e-05
-1.67718e-05
-1.65256e-05
-1.6367e-05
-1.62826e-05
-1.62625e-05
-1.62992e-05
-1.63876e-05
-1.65247e-05
-1.67107e-05
-1.69499e-05
-1.72532e-05
-1.76419e-05
-1.81502e-05
-1.8831e-05
-1.975e-05
-2.09737e-05
-2.2407e-05
-2.37684e-05
-2.48836e-05
-2.56819e-05
-2.61318e-05
-2.62272e-05
-2.59728e-05
-2.53778e-05
-2.44546e-05
-2.32207e-05
-2.16994e-05
-1.99219e-05
-1.79261e-05
-1.57556e-05
-1.34576e-05
-1.10817e-05
-8.67931e-06
-6.30386e-06
-4.01556e-06
-1.83679e-06
1.47069e-07
2.37823e-06
7.32254e-06
-2.36419e-05
-2.06439e-05
-1.92302e-05
-1.82974e-05
-1.75888e-05
-1.70808e-05
-1.67151e-05
-1.64608e-05
-1.62979e-05
-1.62118e-05
-1.61921e-05
-1.62308e-05
-1.63223e-05
-1.64636e-05
-1.66544e-05
-1.68991e-05
-1.72083e-05
-1.76033e-05
-1.8118e-05
-1.88055e-05
-1.97316e-05
-2.09625e-05
-2.24017e-05
-2.37656e-05
-2.48791e-05
-2.5671e-05
-2.61096e-05
-2.61888e-05
-2.59134e-05
-2.52936e-05
-2.43433e-05
-2.30821e-05
-2.15368e-05
-1.9742e-05
-1.77398e-05
-1.55782e-05
-1.33093e-05
-1.09872e-05
-8.66849e-06
-6.41197e-06
-4.28291e-06
-2.30063e-06
-5.5339e-07
1.68383e-06
8.46964e-06
-2.50652e-05
-2.08966e-05
-1.92354e-05
-1.8279e-05
-1.75539e-05
-1.70331e-05
-1.66589e-05
-1.63988e-05
-1.62325e-05
-1.61451e-05
-1.61258e-05
-1.61663e-05
-1.62608e-05
-1.64061e-05
-1.66017e-05
-1.68518e-05
-1.71668e-05
-1.75678e-05
-1.80888e-05
-1.87826e-05
-1.97151e-05
-2.09524e-05
-2.23967e-05
-2.37626e-05
-2.48744e-05
-2.56606e-05
-2.60894e-05
-2.61545e-05
-2.58613e-05
-2.52205e-05
-2.42477e-05
-2.2965e-05
-2.1402e-05
-1.95972e-05
-1.75972e-05
-1.54547e-05
-1.32275e-05
-1.09767e-05
-8.76838e-06
-6.67625e-06
-4.79295e-06
-3.20483e-06
-2.09662e-06
-7.56147e-07
5.60861e-06
)
;

boundaryField
{
    inlet
    {
        type            uniformJump;
        patchType       cyclic;
        jump            uniform -6.25e-05;
        value           nonuniform List<scalar> 
40
(
1.56249e-06
1.5766e-06
1.59158e-06
1.60701e-06
1.62438e-06
1.64532e-06
1.67235e-06
1.70963e-06
1.76331e-06
1.84118e-06
1.95176e-06
2.10334e-06
2.30375e-06
2.56068e-06
2.88143e-06
3.27185e-06
3.73419e-06
4.26467e-06
4.85179e-06
5.47425e-06
6.06988e-06
6.55662e-06
6.91977e-06
7.18387e-06
7.37352e-06
7.50801e-06
7.60213e-06
7.66714e-06
7.71146e-06
7.74127e-06
7.76112e-06
7.77427e-06
7.78301e-06
7.78892e-06
7.79302e-06
7.79599e-06
7.79823e-06
7.8e-06
7.80151e-06
7.80297e-06
)
;
        jumpTable       table;
        jumpTableCoeffs
        {
            values          
4
(
(0 -2.5e-05)
(25 -2.5e-05)
(25.5 -0.0001)
(26 -2.5e-05)
)
;
        }
    }
    outlet
    {
        type            uniformJump;
        patchType       cyclic;
        value           nonuniform List<scalar> 
40
(
-6.09375e-05
-6.09234e-05
-6.09084e-05
-6.0893e-05
-6.08756e-05
-6.08547e-05
-6.08276e-05
-6.07904e-05
-6.07367e-05
-6.06588e-05
-6.05482e-05
-6.03967e-05
-6.01962e-05
-5.99393e-05
-5.96186e-05
-5.92281e-05
-5.87658e-05
-5.82353e-05
-5.76482e-05
-5.70257e-05
-5.64301e-05
-5.59434e-05
-5.55802e-05
-5.53161e-05
-5.51265e-05
-5.4992e-05
-5.48979e-05
-5.48329e-05
-5.47885e-05
-5.47587e-05
-5.47389e-05
-5.47257e-05
-5.4717e-05
-5.47111e-05
-5.4707e-05
-5.4704e-05
-5.47018e-05
-5.47e-05
-5.46985e-05
-5.4697e-05
)
;
    }
    Walls
    {
        type            zeroGradient;
    }
    back
    {
        type            empty;
    }
    front
    {
        type            empty;
    }
}


// ************************************************************************* //
