/*--------------------------------*- C++ -*----------------------------------*\
| =========                 |                                                 |
| \\      /  F ield         | OpenFOAM: The Open Source CFD Toolbox           |
|  \\    /   O peration     | Version:  2312                                  |
|   \\  /    A nd           | Website:  www.openfoam.com                      |
|    \\/     M anipulation  |                                                 |
\*---------------------------------------------------------------------------*/
FoamFile
{
    version     2.0;
    format      ascii;
    arch        "LSB;label=32;scalar=64";
    class       volScalarField;
    location    "154.75";
    object      p;
}
// * * * * * * * * * * * * * * * * * * * * * * * * * * * * * * * * * * * * * //

dimensions      [0 2 -2 0 0 0 0];

internalField   nonuniform List<scalar> 
4800
(
-3.99211e-14
-1.74076e-06
-3.16625e-06
-4.34915e-06
-5.34156e-06
-6.18274e-06
-6.90253e-06
-7.52353e-06
-8.07035e-06
-8.55378e-06
-8.98327e-06
-9.36437e-06
-9.69328e-06
-1.01992e-05
-1.1822e-05
2.04885e-08
-1.71649e-06
-3.13964e-06
-4.32142e-06
-5.31378e-06
-6.15603e-06
-6.87854e-06
-7.50396e-06
-8.0573e-06
-8.55081e-06
-8.99903e-06
-9.42116e-06
-9.83412e-06
-1.03459e-05
-1.12043e-05
4.22818e-08
-1.69065e-06
-3.11136e-06
-4.29208e-06
-5.28453e-06
-6.1279e-06
-6.85298e-06
-7.4808e-06
-8.03862e-06
-8.53976e-06
-8.99899e-06
-9.43666e-06
-9.86411e-06
-1.0293e-05
-1.07057e-05
6.46248e-08
-1.66368e-06
-3.08151e-06
-4.26072e-06
-5.25276e-06
-6.09659e-06
-6.82316e-06
-7.45276e-06
-8.01133e-06
-8.51411e-06
-8.97196e-06
-9.39634e-06
-9.783e-06
-1.0104e-05
-1.02942e-05
8.92356e-08
-1.63356e-06
-3.04779e-06
-4.22482e-06
-5.21572e-06
-6.05906e-06
-6.78532e-06
-7.41553e-06
-7.97056e-06
-8.46692e-06
-8.91052e-06
-9.30206e-06
-9.62641e-06
-9.848e-06
-9.91473e-06
1.17544e-07
-1.59874e-06
-3.0085e-06
-4.18247e-06
-5.17118e-06
-6.01262e-06
-6.73635e-06
-7.36332e-06
-7.91049e-06
-8.39172e-06
-8.80877e-06
-9.15536e-06
-9.41381e-06
-9.55698e-06
-9.55851e-06
1.51535e-07
-1.55722e-06
-2.96145e-06
-4.13116e-06
-5.11618e-06
-5.95365e-06
-6.67185e-06
-7.29054e-06
-7.82409e-06
-8.28202e-06
-8.66337e-06
-8.96024e-06
-9.15921e-06
-9.24701e-06
-9.21785e-06
1.94641e-07
-1.50554e-06
-2.90298e-06
-4.06688e-06
-5.04615e-06
-5.87682e-06
-6.58562e-06
-7.19073e-06
-7.70414e-06
-8.13219e-06
-8.47358e-06
-8.72292e-06
-8.87427e-06
-8.92659e-06
-8.88579e-06
2.52162e-07
-1.43834e-06
-2.82747e-06
-3.98352e-06
-4.9544e-06
-5.77479e-06
-6.46979e-06
-7.05606e-06
-7.54389e-06
-7.93853e-06
-8.24055e-06
-8.44942e-06
-8.56654e-06
-8.5989e-06
-8.55746e-06
3.31158e-07
-1.3482e-06
-2.72699e-06
-3.87266e-06
-4.83195e-06
-5.63816e-06
-6.31495e-06
-6.87797e-06
-7.33705e-06
-7.6984e-06
-7.96571e-06
-8.14365e-06
-8.23908e-06
-8.26316e-06
-8.22811e-06
4.39677e-07
-1.22603e-06
-2.59163e-06
-3.72366e-06
-4.6677e-06
-5.45581e-06
-6.11065e-06
-6.64775e-06
-7.07775e-06
-7.40903e-06
-7.64916e-06
-7.80635e-06
-7.8909e-06
-7.91546e-06
-7.89171e-06
5.85783e-07
-1.06198e-06
-2.41015e-06
-3.52442e-06
-4.44918e-06
-5.21565e-06
-5.84614e-06
-6.35691e-06
-6.7604e-06
-7.06747e-06
-7.28851e-06
-7.43463e-06
-7.51727e-06
-7.549e-06
-7.54026e-06
7.77138e-07
-8.45855e-07
-2.17066e-06
-3.26204e-06
-4.16339e-06
-4.90547e-06
-5.51092e-06
-5.99726e-06
-6.37891e-06
-6.66886e-06
-6.87938e-06
-7.0227e-06
-7.11044e-06
-7.15432e-06
-7.16351e-06
1.0207e-06
-5.67269e-07
-1.86068e-06
-2.92303e-06
-3.79684e-06
-4.5128e-06
-5.09419e-06
-5.55977e-06
-5.9255e-06
-6.20567e-06
-6.41339e-06
-6.561e-06
-6.65959e-06
-6.71955e-06
-6.74885e-06
1.32187e-06
-2.16414e-07
-1.46781e-06
-2.49368e-06
-3.3357e-06
-4.02448e-06
-4.58376e-06
-5.03306e-06
-5.38899e-06
-5.66623e-06
-5.87777e-06
-6.03538e-06
-6.14921e-06
-6.22845e-06
-6.27999e-06
1.68392e-06
2.1449e-07
-9.8123e-07
-1.96157e-06
-2.76686e-06
-3.42724e-06
-3.96629e-06
-4.40337e-06
-4.75478e-06
-5.03466e-06
-5.25523e-06
-5.42727e-06
-5.55984e-06
-5.66094e-06
-5.73664e-06
2.10771e-06
7.2969e-07
-3.93892e-07
-1.31767e-06
-2.07999e-06
-2.70967e-06
-3.22914e-06
-3.65657e-06
-4.00702e-06
-4.29333e-06
-4.52649e-06
-4.71608e-06
-4.87008e-06
-4.99541e-06
-5.09735e-06
2.59068e-06
1.32783e-06
2.94246e-07
-5.60077e-07
-1.2713e-06
-1.86591e-06
-2.36415e-06
-2.78207e-06
-3.13271e-06
-3.42705e-06
-3.67444e-06
-3.88307e-06
-4.05986e-06
-4.2108e-06
-4.34062e-06
3.11407e-06
1.99542e-06
1.0721e-06
3.01406e-07
-3.48843e-07
-9.01736e-07
-1.37441e-06
-1.78006e-06
-2.12915e-06
-2.43041e-06
-2.69134e-06
-2.91856e-06
-3.11776e-06
-3.29391e-06
-3.45121e-06
3.65654e-06
2.71e-06
1.9157e-06
1.24145e-06
6.61709e-07
1.57816e-07
-2.8368e-07
-6.72686e-07
-1.01685e-06
-1.32251e-06
-1.59525e-06
-1.8401e-06
-2.06152e-06
-2.26342e-06
-2.44908e-06
4.1783e-06
3.40605e-06
2.74397e-06
2.16923e-06
1.66326e-06
1.21224e-06
8.06483e-07
4.39142e-07
1.0504e-07
-2.00139e-07
-4.80287e-07
-7.38986e-07
-9.79521e-07
-1.20495e-06
-1.41806e-06
4.60958e-06
3.98346e-06
3.43355e-06
2.94438e-06
2.50306e-06
2.1001e-06
1.72893e-06
1.38504e-06
1.06495e-06
7.65668e-07
4.84412e-07
2.18603e-07
-3.41313e-08
-2.75754e-07
-5.0815e-07
4.94782e-06
4.42869e-06
3.9612e-06
3.5348e-06
3.14088e-06
2.77326e-06
2.42765e-06
2.10103e-06
1.79097e-06
1.49534e-06
1.21212e-06
9.39493e-07
6.7571e-07
4.19238e-07
1.68446e-07
5.20147e-06
4.75889e-06
4.35038e-06
3.96921e-06
3.60989e-06
3.26851e-06
2.94222e-06
2.62888e-06
2.32667e-06
2.03395e-06
1.74922e-06
1.4711e-06
1.19832e-06
9.29758e-07
6.64375e-07
5.38884e-06
5.00002e-06
4.6335e-06
4.28509e-06
3.95121e-06
3.62931e-06
3.31736e-06
3.01372e-06
2.7169e-06
2.42565e-06
2.13883e-06
1.85546e-06
1.57466e-06
1.29575e-06
1.01797e-06
5.52496e-06
5.1736e-06
4.83681e-06
4.51182e-06
4.19615e-06
3.88801e-06
3.58586e-06
3.28837e-06
2.99438e-06
2.70292e-06
2.41316e-06
2.12442e-06
1.83604e-06
1.54747e-06
1.25806e-06
5.62167e-06
5.29639e-06
4.98048e-06
4.67191e-06
4.36882e-06
4.06992e-06
3.77399e-06
3.47994e-06
3.18688e-06
2.89404e-06
2.60081e-06
2.30666e-06
2.01108e-06
1.71362e-06
1.41377e-06
5.68894e-06
5.38194e-06
5.08063e-06
4.78341e-06
4.48887e-06
4.19602e-06
3.90384e-06
3.61144e-06
3.31809e-06
3.0232e-06
2.72627e-06
2.42689e-06
2.12468e-06
1.81936e-06
1.51056e-06
5.73495e-06
5.441e-06
5.15e-06
4.86067e-06
4.57196e-06
4.28304e-06
3.993e-06
3.70111e-06
3.40677e-06
3.10949e-06
2.80888e-06
2.50464e-06
2.19644e-06
1.88406e-06
1.56747e-06
5.76626e-06
5.48189e-06
5.19833e-06
4.91462e-06
4.62996e-06
4.34358e-06
4.05468e-06
3.76262e-06
3.46692e-06
3.16717e-06
2.86305e-06
2.55431e-06
2.24075e-06
1.92218e-06
1.59856e-06
5.78785e-06
5.51076e-06
5.23275e-06
4.95321e-06
4.67146e-06
4.38675e-06
4.09836e-06
3.80577e-06
3.50857e-06
3.2064e-06
2.89902e-06
2.58622e-06
2.26787e-06
1.94388e-06
1.61417e-06
5.80329e-06
5.53197e-06
5.2583e-06
4.98199e-06
4.7024e-06
4.41881e-06
4.13059e-06
3.83731e-06
3.53859e-06
3.23416e-06
2.9238e-06
2.60736e-06
2.28476e-06
1.95599e-06
1.62091e-06
5.81502e-06
5.54844e-06
5.2783e-06
5.00461e-06
4.72671e-06
4.4439e-06
4.15568e-06
3.86165e-06
3.56149e-06
3.25498e-06
2.94193e-06
2.62225e-06
2.29589e-06
1.96285e-06
1.62305e-06
5.82459e-06
5.56203e-06
5.29488e-06
5.02339e-06
4.74685e-06
4.46464e-06
4.17633e-06
3.88157e-06
3.58009e-06
3.27168e-06
2.95623e-06
2.63365e-06
2.30395e-06
1.96714e-06
1.62315e-06
5.8329e-06
5.57383e-06
5.3093e-06
5.03971e-06
4.76431e-06
4.48259e-06
4.19416e-06
3.89872e-06
3.59603e-06
3.28593e-06
2.96832e-06
2.64316e-06
2.31048e-06
1.97033e-06
1.62254e-06
5.84043e-06
5.58446e-06
5.32224e-06
5.0543e-06
4.7799e-06
4.4986e-06
4.21006e-06
3.914e-06
3.61022e-06
3.2986e-06
2.97907e-06
2.65161e-06
2.31629e-06
1.97314e-06
1.62194e-06
5.8474e-06
5.59419e-06
5.33403e-06
5.06755e-06
4.79402e-06
4.51309e-06
4.22444e-06
3.92783e-06
3.62309e-06
3.31012e-06
2.98888e-06
2.65938e-06
2.32172e-06
1.97589e-06
1.62175e-06
5.854e-06
5.60328e-06
5.34497e-06
5.07978e-06
4.80704e-06
4.52644e-06
4.23768e-06
3.94057e-06
3.63497e-06
3.3208e-06
2.99803e-06
2.66671e-06
2.32694e-06
1.97873e-06
1.62201e-06
5.86064e-06
5.61229e-06
5.35574e-06
5.09177e-06
4.81978e-06
4.53948e-06
4.25064e-06
3.95306e-06
3.64665e-06
3.33134e-06
3.00713e-06
2.67408e-06
2.33234e-06
1.98188e-06
1.62275e-06
5.86701e-06
5.62096e-06
5.36613e-06
5.10339e-06
4.83217e-06
4.55224e-06
4.26337e-06
3.9654e-06
3.65825e-06
3.34189e-06
3.01632e-06
2.68163e-06
2.33797e-06
1.98535e-06
1.62385e-06
-1.32165e-05
-1.1024e-05
-9.66694e-06
-8.75018e-06
-8.00906e-06
-7.43292e-06
-6.98017e-06
-6.62431e-06
-6.34991e-06
-6.14599e-06
-6.00507e-06
-5.922e-06
-5.89413e-06
-5.92103e-06
-6.00431e-06
-6.15051e-06
-6.3711e-06
-6.68388e-06
-7.11212e-06
-7.68829e-06
-8.43928e-06
-9.36988e-06
-1.03329e-05
-1.10527e-05
-1.13925e-05
-1.13164e-05
-1.08176e-05
-9.91037e-06
-8.62262e-06
-6.9877e-06
-5.04143e-06
-2.82279e-06
-3.75177e-07
2.25285e-06
5.00779e-06
7.83188e-06
1.06637e-05
1.34376e-05
1.60802e-05
1.85038e-05
2.05848e-05
2.21567e-05
2.28399e-05
2.22818e-05
1.92412e-05
-1.16042e-05
-1.04766e-05
-9.45115e-06
-8.63467e-06
-7.93921e-06
-7.37933e-06
-6.93297e-06
-6.58013e-06
-6.30811e-06
-6.10674e-06
-5.96886e-06
-5.88943e-06
-5.8659e-06
-5.89781e-06
-5.9867e-06
-6.13909e-06
-6.36644e-06
-6.68617e-06
-7.12086e-06
-7.70186e-06
-8.45427e-06
-9.38096e-06
-1.03349e-05
-1.10433e-05
-1.13722e-05
-1.12873e-05
-1.0782e-05
-9.87001e-06
-8.57938e-06
-6.9441e-06
-5.00112e-06
-2.79106e-06
-3.5935e-07
2.2429e-06
4.95881e-06
7.72605e-06
1.04765e-05
1.31345e-05
1.56104e-05
1.77883e-05
1.94929e-05
2.04467e-05
2.01023e-05
1.76521e-05
1.20827e-05
-1.07529e-05
-1.00447e-05
-9.22844e-06
-8.50078e-06
-7.85595e-06
-7.31857e-06
-6.88161e-06
-6.53406e-06
-6.26533e-06
-6.06699e-06
-5.93247e-06
-5.85697e-06
-5.83809e-06
-5.87542e-06
-5.97035e-06
-6.12946e-06
-6.36413e-06
-6.69134e-06
-7.13285e-06
-7.71871e-06
-8.47194e-06
-9.3932e-06
-1.03357e-05
-1.10302e-05
-1.13459e-05
-1.12508e-05
-1.07383e-05
-9.82188e-06
-8.52974e-06
-6.89675e-06
-4.96138e-06
-2.76633e-06
-3.59681e-07
2.20413e-06
4.86392e-06
7.55154e-06
1.01907e-05
1.26941e-05
1.49547e-05
1.68318e-05
1.81161e-05
1.84952e-05
1.74718e-05
1.44795e-05
9.41614e-06
-1.02015e-05
-9.68786e-06
-9.03044e-06
-8.37338e-06
-7.7769e-06
-7.26367e-06
-6.83703e-06
-6.49408e-06
-6.22795e-06
-6.03179e-06
-5.89983e-06
-5.82759e-06
-5.81292e-06
-5.8554e-06
-5.95627e-06
-6.12215e-06
-6.36436e-06
-6.69929e-06
-7.14778e-06
-7.73841e-06
-8.49186e-06
-9.40624e-06
-1.03349e-05
-1.10126e-05
-1.13122e-05
-1.1204e-05
-1.06821e-05
-9.75961e-06
-8.46533e-06
-6.83538e-06
-4.91028e-06
-2.73546e-06
-3.6238e-07
2.15034e-06
4.73631e-06
7.32065e-06
9.81835e-06
1.21305e-05
1.41365e-05
1.56825e-05
1.65549e-05
1.64807e-05
1.51183e-05
1.22006e-05
7.98529e-06
-9.77062e-06
-9.37138e-06
-8.83474e-06
-8.26101e-06
-7.71059e-06
-7.22115e-06
-6.80462e-06
-6.4657e-06
-6.20105e-06
-6.00574e-06
-5.87504e-06
-5.80494e-06
-5.79363e-06
-5.84068e-06
-5.9471e-06
-6.11959e-06
-6.36931e-06
-6.71196e-06
-7.16726e-06
-7.76211e-06
-8.51461e-06
-9.41992e-06
-1.03317e-05
-1.09895e-05
-1.12702e-05
-1.11468e-05
-1.06143e-05
-9.6858e-06
-8.39079e-06
-6.76712e-06
-4.8578e-06
-2.71151e-06
-3.83654e-07
2.06246e-06
4.55482e-06
7.01185e-06
9.34069e-06
1.1434e-05
1.31645e-05
1.43787e-05
1.48963e-05
1.45117e-05
1.30457e-05
1.04466e-05
6.99459e-06
-9.40758e-06
-9.08805e-06
-8.64338e-06
-8.15207e-06
-7.65416e-06
-7.19029e-06
-6.787e-06
-6.45311e-06
-6.18941e-06
-5.99372e-06
-5.8628e-06
-5.79339e-06
-5.78422e-06
-5.83487e-06
-5.94606e-06
-6.12461e-06
-6.38149e-06
-6.73144e-06
-7.19292e-06
-7.7909e-06
-8.54057e-06
-9.43381e-06
-1.03248e-05
-1.09591e-05
-1.12178e-05
-1.10773e-05
-1.05336e-05
-9.60002e-06
-8.30715e-06
-6.69487e-06
-4.80915e-06
-2.70232e-06
-4.34111e-07
1.92733e-06
4.3046e-06
6.61043e-06
8.74665e-06
1.06028e-05
1.2055e-05
1.29671e-05
1.31999e-05
1.26311e-05
1.12006e-05
8.97375e-06
6.21147e-06
-9.07823e-06
-8.8204e-06
-8.45885e-06
-8.03733e-06
-7.59399e-06
-7.16686e-06
-6.78307e-06
-6.45758e-06
-6.19608e-06
-5.99979e-06
-5.86763e-06
-5.79753e-06
-5.7891e-06
-5.84204e-06
-5.95678e-06
-6.1404e-06
-6.40363e-06
-6.75995e-06
-7.22638e-06
-7.82573e-06
-8.56992e-06
-9.44718e-06
-1.03126e-05
-1.0919e-05
-1.11524e-05
-1.09926e-05
-1.04374e-05
-9.50048e-06
-8.2138e-06
-6.61974e-06
-4.76753e-06
-2.7135e-06
-5.21718e-07
1.73514e-06
3.97527e-06
6.10784e-06
8.03335e-06
9.64477e-06
1.08306e-05
1.14821e-05
1.15069e-05
1.08513e-05
9.52882e-06
7.64835e-06
5.4254e-06
-8.7634e-06
-8.55492e-06
-8.26329e-06
-7.91048e-06
-7.52644e-06
-7.14309e-06
-6.78683e-06
-6.4759e-06
-6.22043e-06
-6.02539e-06
-5.89235e-06
-5.82094e-06
-5.81222e-06
-5.86614e-06
-5.98293e-06
-6.17034e-06
-6.43865e-06
-6.79981e-06
-7.26924e-06
-7.86734e-06
-8.60247e-06
-9.45879e-06
-1.02944e-05
-1.08664e-05
-1.10706e-05
-1.08897e-05
-1.03232e-05
-9.3857e-06
-8.11093e-06
-6.54404e-06
-4.73771e-06
-2.75231e-06
-6.5586e-07
1.47541e-06
3.55719e-06
5.49824e-06
7.20252e-06
8.57278e-06
9.51671e-06
9.95653e-06
9.84234e-06
9.16768e-06
7.98315e-06
6.40183e-06
4.59042e-06
-8.45413e-06
-8.28656e-06
-8.05365e-06
-7.76572e-06
-7.44262e-06
-7.109e-06
-6.78855e-06
-6.50032e-06
-6.25735e-06
-6.06794e-06
-5.93648e-06
-5.86473e-06
-5.85575e-06
-5.9098e-06
-6.02722e-06
-6.21708e-06
-6.489e-06
-6.85292e-06
-7.32265e-06
-7.91596e-06
-8.63739e-06
-9.46663e-06
-1.02641e-05
-1.07976e-05
-1.09689e-05
-1.07654e-05
-1.01889e-05
-9.25517e-06
-8.0002e-06
-6.472e-06
-4.72665e-06
-2.82813e-06
-8.47521e-07
1.13718e-06
3.04182e-06
4.77855e-06
6.2595e-06
7.40213e-06
8.13638e-06
8.41358e-06
8.21613e-06
7.56525e-06
6.52437e-06
5.19424e-06
3.7003e-06
-8.14476e-06
-8.01255e-06
-7.82962e-06
-7.60022e-06
-7.33631e-06
-7.05566e-06
-6.77779e-06
-6.52054e-06
-6.29796e-06
-6.12067e-06
-5.99541e-06
-5.92622e-06
-5.91874e-06
-5.97294e-06
-6.09003e-06
-6.28153e-06
-6.55561e-06
-6.91972e-06
-7.38641e-06
-7.9706e-06
-8.67268e-06
-9.46767e-06
-1.02194e-05
-1.07086e-05
-1.08437e-05
-1.06172e-05
-1.00335e-05
-9.10994e-06
-7.88533e-06
-6.41023e-06
-4.7436e-06
-2.95223e-06
-1.1086e-06
7.0997e-07
2.42269e-06
3.94882e-06
5.21244e-06
6.14819e-06
6.7077e-06
6.86597e-06
6.62657e-06
6.02359e-06
5.11969e-06
3.99832e-06
2.75296e-06
-7.82919e-06
-7.72888e-06
-7.58941e-06
-7.41214e-06
-7.20381e-06
-6.97655e-06
-6.74544e-06
-6.52586e-06
-6.33137e-06
-6.17356e-06
-6.06068e-06
-5.9987e-06
-5.99594e-06
-6.05129e-06
-6.16804e-06
-6.36181e-06
-6.63697e-06
-6.99827e-06
-7.45816e-06
-8.02827e-06
-8.70467e-06
-9.45766e-06
-1.01559e-05
-1.05951e-05
-1.06919e-05
-1.04437e-05
-9.85773e-06
-8.95357e-06
-7.77294e-06
-6.36825e-06
-4.80029e-06
-3.13738e-06
-1.45119e-06
1.84649e-07
1.69592e-06
3.01195e-06
4.07084e-06
4.8244e-06
5.24272e-06
5.31768e-06
5.06451e-06
4.52054e-06
3.74135e-06
2.79336e-06
1.74617e-06
-7.49954e-06
-7.42917e-06
-7.32863e-06
-7.1981e-06
-7.04122e-06
-6.86593e-06
-6.68339e-06
-6.506e-06
-6.34596e-06
-6.21464e-06
-6.12075e-06
-6.07275e-06
-6.07812e-06
-6.13536e-06
-6.25406e-06
-6.45279e-06
-6.72829e-06
-7.08345e-06
-7.53262e-06
-8.08353e-06
-8.72764e-06
-9.4311e-06
-1.00686e-05
-1.04533e-05
-1.05118e-05
-1.02463e-05
-9.6659e-06
-8.79327e-06
-7.67352e-06
-6.35895e-06
-4.91069e-06
-3.3972e-06
-1.88662e-06
-4.45723e-07
8.60498e-07
1.97315e-06
2.84442e-06
3.44125e-06
3.74779e-06
3.76635e-06
3.51695e-06
3.03469e-06
2.36596e-06
1.56238e-06
6.75943e-07
-7.14572e-06
-7.10436e-06
-7.03974e-06
-6.95179e-06
-6.84246e-06
-6.71685e-06
-6.58295e-06
-6.45036e-06
-6.32936e-06
-6.23045e-06
-6.16176e-06
-6.13445e-06
-6.15332e-06
-6.21527e-06
-6.34126e-06
-6.54444e-06
-6.8185e-06
-7.16603e-06
-7.60128e-06
-8.12826e-06
-8.73405e-06
-9.38169e-06
-9.95305e-06
-1.02811e-05
-1.0305e-05
-1.00302e-05
-9.46634e-06
-8.64082e-06
-7.60188e-06
-6.39845e-06
-5.09042e-06
-3.74505e-06
-2.42415e-06
-1.18491e-06
-8.14092e-08
8.39431e-07
1.54242e-06
2.00643e-06
2.22511e-06
2.20618e-06
1.97007e-06
1.54704e-06
9.7422e-07
2.9121e-07
-4.63099e-07
-6.75499e-06
-6.74234e-06
-6.71181e-06
-6.66341e-06
-6.5983e-06
-6.51982e-06
-6.43359e-06
-6.34688e-06
-6.26796e-06
-6.20572e-06
-6.16814e-06
-6.16402e-06
-6.20056e-06
-6.27981e-06
-6.41675e-06
-6.62223e-06
-6.89274e-06
-7.23327e-06
-7.65267e-06
-8.15212e-06
-8.71507e-06
-9.30333e-06
-9.80653e-06
-1.00795e-05
-1.0077e-05
-9.80516e-06
-9.27233e-06
-8.51307e-06
-7.5771e-06
-6.50444e-06
-5.355e-06
-4.19274e-06
-3.06987e-06
-2.03275e-06
-1.1244e-06
-3.80708e-07
1.73503e-07
5.25606e-07
6.74763e-07
6.30539e-07
4.11468e-07
4.20395e-08
-4.48911e-07
-1.0314e-06
-1.6763e-06
-6.31115e-06
-6.32723e-06
-6.32982e-06
-6.31902e-06
-6.2956e-06
-6.26189e-06
-6.22189e-06
-6.18107e-06
-6.14585e-06
-6.12344e-06
-6.12091e-06
-6.14608e-06
-6.20652e-06
-6.30762e-06
-6.4577e-06
-6.66702e-06
-6.93702e-06
-7.27099e-06
-7.67318e-06
-8.14313e-06
-8.66132e-06
-9.19092e-06
-9.62911e-06
-9.85351e-06
-9.83783e-06
-9.58484e-06
-9.10035e-06
-8.43526e-06
-7.61968e-06
-6.69211e-06
-5.71758e-06
-4.74893e-06
-3.8259e-06
-2.98516e-06
-2.26028e-06
-1.67772e-06
-1.25431e-06
-9.97113e-07
-9.04294e-07
-9.66639e-07
-1.16863e-06
-1.49184e-06
-1.91425e-06
-2.41338e-06
-2.96752e-06
-5.7943e-06
-5.83978e-06
-5.87502e-06
-5.90051e-06
-5.917e-06
-5.92617e-06
-5.93096e-06
-5.93548e-06
-5.94467e-06
-5.9643e-06
-6.00047e-06
-6.05986e-06
-6.14934e-06
-6.27426e-06
-6.44181e-06
-6.65995e-06
-6.93247e-06
-7.26108e-06
-7.64689e-06
-8.08831e-06
-8.5639e-06
-9.04041e-06
-9.42345e-06
-9.61492e-06
-9.60324e-06
-9.38191e-06
-8.98105e-06
-8.4317e-06
-7.74139e-06
-6.97634e-06
-6.18967e-06
-5.41796e-06
-4.69e-06
-4.03509e-06
-3.4793e-06
-3.04163e-06
-2.7332e-06
-2.558e-06
-2.51354e-06
-2.59242e-06
-2.77884e-06
-3.06359e-06
-3.42966e-06
-3.86014e-06
-4.33904e-06
-5.18322e-06
-5.25912e-06
-5.32717e-06
-5.3882e-06
-5.44319e-06
-5.49379e-06
-5.54218e-06
-5.59136e-06
-5.64513e-06
-5.70808e-06
-5.78528e-06
-5.88209e-06
-6.00428e-06
-6.15706e-06
-6.34665e-06
-6.57887e-06
-6.85759e-06
-7.18432e-06
-7.55775e-06
-7.97541e-06
-8.41659e-06
-8.8503e-06
-9.19537e-06
-9.37954e-06
-9.38499e-06
-9.23522e-06
-8.94487e-06
-8.49752e-06
-7.95385e-06
-7.37237e-06
-6.78094e-06
-6.20098e-06
-5.65734e-06
-5.17452e-06
-4.77212e-06
-4.4633e-06
-4.2554e-06
-4.15074e-06
-4.14733e-06
-4.23907e-06
-4.42099e-06
-4.67802e-06
-4.99979e-06
-5.375e-06
-5.79213e-06
-4.45652e-06
-4.56455e-06
-4.66664e-06
-4.76351e-06
-4.85641e-06
-4.94746e-06
-5.03882e-06
-5.13233e-06
-5.23062e-06
-5.33744e-06
-5.45697e-06
-5.59355e-06
-5.75186e-06
-5.93655e-06
-6.15255e-06
-6.40405e-06
-6.69454e-06
-7.02498e-06
-7.39391e-06
-7.79643e-06
-8.21694e-06
-8.62723e-06
-8.95921e-06
-9.15807e-06
-9.21804e-06
-9.16641e-06
-8.96821e-06
-8.65601e-06
-8.28713e-06
-7.8925e-06
-7.48807e-06
-7.08964e-06
-6.71867e-06
-6.39448e-06
-6.13094e-06
-5.93695e-06
-5.81786e-06
-5.77617e-06
-5.81139e-06
-5.92059e-06
-6.09844e-06
-6.33556e-06
-6.62352e-06
-6.95467e-06
-7.32136e-06
-3.59691e-06
-3.73699e-06
-3.87338e-06
-4.00678e-06
-4.13868e-06
-4.27045e-06
-4.4046e-06
-4.54241e-06
-4.68564e-06
-4.83734e-06
-5.00091e-06
-5.1798e-06
-5.37773e-06
-5.59837e-06
-5.84572e-06
-6.12267e-06
-6.43229e-06
-6.77515e-06
-7.14951e-06
-7.55172e-06
-7.96785e-06
-8.37939e-06
-8.7349e-06
-8.97632e-06
-9.11675e-06
-9.14879e-06
-9.07648e-06
-8.92895e-06
-8.73918e-06
-8.5244e-06
-8.29597e-06
-8.06904e-06
-7.86008e-06
-7.68259e-06
-7.5463e-06
-7.45765e-06
-7.4208e-06
-7.4378e-06
-7.50846e-06
-7.63292e-06
-7.81035e-06
-8.03267e-06
-8.29357e-06
-8.58886e-06
-8.91365e-06
-2.62508e-06
-2.79635e-06
-2.96424e-06
-3.1306e-06
-3.29763e-06
-3.46799e-06
-3.6419e-06
-3.82057e-06
-4.00643e-06
-4.20209e-06
-4.40997e-06
-4.63259e-06
-4.87278e-06
-5.13348e-06
-5.41764e-06
-5.7277e-06
-6.06572e-06
-6.43259e-06
-6.82701e-06
-7.24606e-06
-7.68214e-06
-8.12088e-06
-8.52139e-06
-8.84296e-06
-9.07151e-06
-9.20834e-06
-9.27875e-06
-9.30133e-06
-9.28463e-06
-9.23944e-06
-9.17778e-06
-9.11189e-06
-9.05279e-06
-9.00966e-06
-8.98971e-06
-8.99864e-06
-9.04029e-06
-9.11679e-06
-9.22941e-06
-9.3752e-06
-9.55016e-06
-9.75683e-06
-9.99526e-06
-1.02615e-05
-1.05508e-05
-1.62475e-06
-1.83015e-06
-2.03478e-06
-2.23776e-06
-2.43666e-06
-2.64246e-06
-2.85595e-06
-3.07653e-06
-3.30528e-06
-3.54432e-06
-3.79585e-06
-4.06192e-06
-4.34472e-06
-4.64654e-06
-4.96975e-06
-5.3164e-06
-5.68817e-06
-6.08612e-06
-6.50983e-06
-6.95831e-06
-7.427e-06
-7.90889e-06
-8.36877e-06
-8.763e-06
-9.08454e-06
-9.34598e-06
-9.55728e-06
-9.72248e-06
-9.84801e-06
-9.9443e-06
-1.00215e-05
-1.0088e-05
-1.01511e-05
-1.02176e-05
-1.02932e-05
-1.03821e-05
-1.04875e-05
-1.0611e-05
-1.07543e-05
-1.09193e-05
-1.11078e-05
-1.13161e-05
-1.15429e-05
-1.17878e-05
-1.20492e-05
-7.36274e-07
-9.63941e-07
-1.1933e-06
-1.42731e-06
-1.67212e-06
-1.91838e-06
-2.16832e-06
-2.42603e-06
-2.69342e-06
-2.97157e-06
-3.26207e-06
-3.5669e-06
-3.88798e-06
-4.22723e-06
-4.58661e-06
-4.96795e-06
-5.37286e-06
-5.80252e-06
-6.2575e-06
-6.73751e-06
-7.2409e-06
-7.76382e-06
-8.27371e-06
-8.73439e-06
-9.14098e-06
-9.49757e-06
-9.80689e-06
-1.00731e-05
-1.0303e-05
-1.05043e-05
-1.06841e-05
-1.08486e-05
-1.10031e-05
-1.11527e-05
-1.13016e-05
-1.14534e-05
-1.16111e-05
-1.17776e-05
-1.19545e-05
-1.21432e-05
-1.23434e-05
-1.25563e-05
-1.27807e-05
-1.30157e-05
-1.32604e-05
-8.12665e-08
-3.33997e-07
-5.91198e-07
-8.49819e-07
-1.11521e-06
-1.38615e-06
-1.664e-06
-1.951e-06
-2.24833e-06
-2.5569e-06
-2.87812e-06
-3.21368e-06
-3.56519e-06
-3.93427e-06
-4.32257e-06
-4.73177e-06
-5.16336e-06
-5.61863e-06
-6.09851e-06
-6.60337e-06
-7.13279e-06
-7.68493e-06
-8.23206e-06
-8.74021e-06
-9.20135e-06
-9.617e-06
-9.99016e-06
-1.03251e-05
-1.0627e-05
-1.09011e-05
-1.11525e-05
-1.13858e-05
-1.16052e-05
-1.18144e-05
-1.20168e-05
-1.22156e-05
-1.24133e-05
-1.26121e-05
-1.28136e-05
-1.30187e-05
-1.32279e-05
-1.3443e-05
-1.36636e-05
-1.38892e-05
-1.41198e-05
3.99009e-07
1.30349e-07
-1.42464e-07
-4.24537e-07
-7.1141e-07
-1.00515e-06
-1.30743e-06
-1.61927e-06
-1.94155e-06
-2.27532e-06
-2.62182e-06
-2.98237e-06
-3.3583e-06
-3.751e-06
-4.16189e-06
-4.59241e-06
-5.04394e-06
-5.51771e-06
-6.01479e-06
-6.53585e-06
-7.08115e-06
-7.65032e-06
-8.21821e-06
-8.75211e-06
-9.24402e-06
-9.69579e-06
-1.01101e-05
-1.04904e-05
-1.08401e-05
-1.11633e-05
-1.14637e-05
-1.17447e-05
-1.20094e-05
-1.22609e-05
-1.25017e-05
-1.27344e-05
-1.2961e-05
-1.31833e-05
-1.34027e-05
-1.36206e-05
-1.38385e-05
-1.40569e-05
-1.42761e-05
-1.44965e-05
-1.47183e-05
7.38361e-07
4.53601e-07
1.62548e-07
-1.35583e-07
-4.40863e-07
-7.54315e-07
-1.07676e-06
-1.40891e-06
-1.75158e-06
-2.10569e-06
-2.47224e-06
-2.85225e-06
-3.24685e-06
-3.65718e-06
-4.08443e-06
-4.52981e-06
-4.99451e-06
-5.47963e-06
-5.9862e-06
-6.515e-06
-7.06658e-06
-7.64097e-06
-8.21527e-06
-8.7596e-06
-9.26695e-06
-9.73902e-06
-1.01779e-05
-1.05862e-05
-1.09665e-05
-1.13218e-05
-1.16547e-05
-1.19679e-05
-1.22638e-05
-1.25447e-05
-1.28127e-05
-1.30698e-05
-1.33176e-05
-1.35577e-05
-1.37915e-05
-1.40204e-05
-1.42458e-05
-1.44681e-05
-1.4688e-05
-1.49059e-05
-1.51225e-05
9.65326e-07
6.6655e-07
3.60993e-07
4.79357e-08
-2.73186e-07
-6.02888e-07
-9.41723e-07
-1.2903e-06
-1.64928e-06
-2.01939e-06
-2.40139e-06
-2.79611e-06
-3.20444e-06
-3.62729e-06
-4.06562e-06
-4.5204e-06
-4.99262e-06
-5.48318e-06
-5.99301e-06
-6.52279e-06
-7.07312e-06
-7.64407e-06
-8.21526e-06
-8.76015e-06
-9.27252e-06
-9.75379e-06
-1.02056e-05
-1.06298e-05
-1.10285e-05
-1.14038e-05
-1.17577e-05
-1.20922e-05
-1.24092e-05
-1.27104e-05
-1.29976e-05
-1.32722e-05
-1.35358e-05
-1.37895e-05
-1.4035e-05
-1.4273e-05
-1.45049e-05
-1.47311e-05
-1.49526e-05
-1.51699e-05
-1.53837e-05
1.10973e-06
7.99236e-07
4.81273e-07
1.55282e-07
-1.79058e-07
-5.22115e-07
-8.74324e-07
-1.23613e-06
-1.60804e-06
-1.99057e-06
-2.38432e-06
-2.78992e-06
-3.20804e-06
-3.63937e-06
-4.08466e-06
-4.54465e-06
-5.02012e-06
-5.51177e-06
-6.02035e-06
-6.5464e-06
-7.09045e-06
-7.65256e-06
-8.21481e-06
-8.75398e-06
-9.2646e-06
-9.74774e-06
-1.02046e-05
-1.06367e-05
-1.10455e-05
-1.14327e-05
-1.17997e-05
-1.2148e-05
-1.2479e-05
-1.27942e-05
-1.30949e-05
-1.33822e-05
-1.36574e-05
-1.39215e-05
-1.41757e-05
-1.44215e-05
-1.46591e-05
-1.48893e-05
-1.5113e-05
-1.53311e-05
-1.55441e-05
1.19667e-06
8.75892e-07
5.4721e-07
2.10297e-07
-1.35066e-07
-4.89142e-07
-8.52223e-07
-1.22462e-06
-1.60667e-06
-1.99877e-06
-2.40134e-06
-2.81482e-06
-3.2397e-06
-3.67648e-06
-4.12571e-06
-4.58792e-06
-5.06368e-06
-5.5535e-06
-6.05796e-06
-6.57743e-06
-7.11234e-06
-7.66265e-06
-8.21277e-06
-8.74268e-06
-9.24754e-06
-9.72807e-06
-1.01852e-05
-1.062e-05
-1.10337e-05
-1.14273e-05
-1.18021e-05
-1.21592e-05
-1.24995e-05
-1.28242e-05
-1.31344e-05
-1.34309e-05
-1.37148e-05
-1.39869e-05
-1.42483e-05
-1.45001e-05
-1.47426e-05
-1.49767e-05
-1.52033e-05
-1.54231e-05
-1.56369e-05
1.2451e-06
9.1531e-07
5.77419e-07
2.31299e-07
-1.23243e-07
-4.86376e-07
-8.5827e-07
-1.23912e-06
-1.62915e-06
-2.0286e-06
-2.43776e-06
-2.85691e-06
-3.28637e-06
-3.72648e-06
-4.17759e-06
-4.64007e-06
-5.1143e-06
-5.6006e-06
-6.09938e-06
-6.61085e-06
-7.13532e-06
-7.67264e-06
-8.20935e-06
-8.72838e-06
-9.22542e-06
-9.70088e-06
-1.01554e-05
-1.05899e-05
-1.10051e-05
-1.14019e-05
-1.17812e-05
-1.21436e-05
-1.249e-05
-1.28213e-05
-1.31381e-05
-1.34413e-05
-1.37318e-05
-1.40102e-05
-1.42773e-05
-1.4534e-05
-1.4781e-05
-1.50189e-05
-1.52486e-05
-1.54707e-05
-1.56861e-05
1.26881e-06
9.31309e-07
5.85653e-07
2.31767e-07
-1.30448e-07
-5.01065e-07
-8.80159e-07
-1.26783e-06
-1.66419e-06
-2.06936e-06
-2.4835e-06
-2.90676e-06
-3.33933e-06
-3.78137e-06
-4.2331e-06
-4.69471e-06
-5.16643e-06
-5.64841e-06
-6.1409e-06
-6.64394e-06
-7.15776e-06
-7.68204e-06
-8.20528e-06
-8.71306e-06
-9.2015e-06
-9.67075e-06
-1.01213e-05
-1.05538e-05
-1.09687e-05
-1.13666e-05
-1.17481e-05
-1.21138e-05
-1.24642e-05
-1.27999e-05
-1.31215e-05
-1.34297e-05
-1.37251e-05
-1.40084e-05
-1.42802e-05
-1.45412e-05
-1.47922e-05
-1.50336e-05
-1.52663e-05
-1.54911e-05
-1.57086e-05
1.27784e-06
9.33729e-07
5.81438e-07
2.20951e-07
-1.47733e-07
-5.24607e-07
-9.09671e-07
-1.30293e-06
-1.70441e-06
-2.11414e-06
-2.53215e-06
-2.95848e-06
-3.39318e-06
-3.83631e-06
-4.28795e-06
-4.74813e-06
-5.21694e-06
-5.69439e-06
-6.18058e-06
-6.6754e-06
-7.17898e-06
-7.69086e-06
-8.20129e-06
-8.69818e-06
-9.17801e-06
-9.64078e-06
-1.00868e-05
-1.05164e-05
-1.093e-05
-1.13278e-05
-1.17104e-05
-1.20779e-05
-1.24309e-05
-1.27698e-05
-1.3095e-05
-1.34069e-05
-1.37062e-05
-1.39933e-05
-1.42689e-05
-1.45336e-05
-1.4788e-05
-1.50326e-05
-1.52682e-05
-1.54956e-05
-1.57156e-05
1.27887e-06
9.29028e-07
5.70994e-07
2.04835e-07
-1.69373e-07
-5.5156e-07
-9.4166e-07
-1.33961e-06
-1.74533e-06
-2.15878e-06
-2.57989e-06
-3.00861e-06
-3.44487e-06
-3.88862e-06
-4.3398e-06
-4.79836e-06
-5.26422e-06
-5.73729e-06
-6.21752e-06
-6.70467e-06
-7.19877e-06
-7.69923e-06
-8.19786e-06
-8.68461e-06
-9.1563e-06
-9.61277e-06
-1.00542e-05
-1.04807e-05
-1.08925e-05
-1.12897e-05
-1.16725e-05
-1.20412e-05
-1.23959e-05
-1.2737e-05
-1.30648e-05
-1.33797e-05
-1.3682e-05
-1.39722e-05
-1.4251e-05
-1.45187e-05
-1.47761e-05
-1.50236e-05
-1.52619e-05
-1.54918e-05
-1.57141e-05
1.27599e-06
9.21181e-07
5.58132e-07
1.87047e-07
-1.9194e-07
-5.7871e-07
-9.73136e-07
-1.37508e-06
-1.78442e-06
-2.20101e-06
-2.6247e-06
-3.05535e-06
-3.49282e-06
-3.93694e-06
-4.38756e-06
-4.8445e-06
-5.30759e-06
-5.7766e-06
-6.25137e-06
-6.73156e-06
-7.21709e-06
-7.70724e-06
-8.19522e-06
-8.67276e-06
-9.13697e-06
-9.5876e-06
-1.00246e-05
-1.04481e-05
-1.0858e-05
-1.12542e-05
-1.1637e-05
-1.20063e-05
-1.23622e-05
-1.2705e-05
-1.30349e-05
-1.3352e-05
-1.36568e-05
-1.39496e-05
-1.4231e-05
-1.45011e-05
-1.47613e-05
-1.50112e-05
-1.52519e-05
-1.54841e-05
-1.57087e-05
1.27163e-06
9.12497e-07
5.45026e-07
1.69619e-07
-2.13554e-07
-6.04329e-07
-1.00253e-06
-1.40796e-06
-1.82043e-06
-2.23972e-06
-2.66563e-06
-3.09794e-06
-3.5364e-06
-3.98078e-06
-4.43083e-06
-4.88627e-06
-5.34684e-06
-5.81221e-06
-6.2821e-06
-6.75607e-06
-7.23395e-06
-7.71493e-06
-8.19341e-06
-8.66269e-06
-9.12019e-06
-9.56554e-06
-9.99859e-06
-1.04192e-05
-1.08272e-05
-1.12225e-05
-1.1605e-05
-1.19747e-05
-1.23315e-05
-1.26756e-05
-1.30071e-05
-1.33261e-05
-1.36329e-05
-1.39279e-05
-1.42114e-05
-1.44837e-05
-1.47461e-05
-1.49982e-05
-1.5241e-05
-1.54753e-05
-1.57018e-05
1.26718e-06
9.04203e-07
5.32797e-07
1.53566e-07
-2.33307e-07
-6.2762e-07
-1.02915e-06
-1.43765e-06
-1.85288e-06
-2.27456e-06
-2.70242e-06
-3.13617e-06
-3.57551e-06
-4.02011e-06
-4.46964e-06
-4.92376e-06
-5.38209e-06
-5.84423e-06
-6.3098e-06
-6.77829e-06
-7.2494e-06
-7.72226e-06
-8.19233e-06
-8.65429e-06
-9.10583e-06
-9.54648e-06
-9.97595e-06
-1.0394e-05
-1.08003e-05
-1.11946e-05
-1.15768e-05
-1.19467e-05
-1.23043e-05
-1.26494e-05
-1.29822e-05
-1.33028e-05
-1.36114e-05
-1.39082e-05
-1.41933e-05
-1.44677e-05
-1.4732e-05
-1.49859e-05
-1.52305e-05
-1.54666e-05
-1.56948e-05
1.26333e-06
8.96815e-07
5.21932e-07
1.39305e-07
-2.50855e-07
-6.48311e-07
-1.0528e-06
-1.46403e-06
-1.88171e-06
-2.30552e-06
-2.73512e-06
-3.17016e-06
-3.61028e-06
-4.0551e-06
-4.5042e-06
-4.95716e-06
-5.41354e-06
-5.87284e-06
-6.33464e-06
-6.7983e-06
-7.26347e-06
-7.72919e-06
-8.19185e-06
-8.64736e-06
-9.09366e-06
-9.53016e-06
-9.95648e-06
-1.03722e-05
-1.0777e-05
-1.11705e-05
-1.15524e-05
-1.19225e-05
-1.22806e-05
-1.26267e-05
-1.29606e-05
-1.32825e-05
-1.35925e-05
-1.38909e-05
-1.41773e-05
-1.44537e-05
-1.47195e-05
-1.49751e-05
-1.52211e-05
-1.54587e-05
-1.56885e-05
1.26021e-06
8.90521e-07
5.12581e-07
1.26939e-07
-2.66137e-07
-6.66384e-07
-1.0735e-06
-1.48716e-06
-1.90702e-06
-2.33272e-06
-2.76388e-06
-3.20009e-06
-3.64093e-06
-4.08596e-06
-4.53471e-06
-4.98669e-06
-5.44138e-06
-5.89824e-06
-6.35673e-06
-6.81619e-06
-7.27617e-06
-7.73564e-06
-8.19181e-06
-8.64168e-06
-9.08339e-06
-9.51628e-06
-9.93986e-06
-1.03536e-05
-1.07571e-05
-1.11498e-05
-1.15315e-05
-1.19018e-05
-1.22604e-05
-1.26072e-05
-1.29422e-05
-1.32652e-05
-1.35764e-05
-1.38761e-05
-1.41638e-05
-1.44417e-05
-1.47089e-05
-1.49658e-05
-1.52131e-05
-1.5452e-05
-1.56831e-05
1.25779e-06
8.8529e-07
5.04628e-07
1.163e-07
-2.79379e-07
-6.82119e-07
-1.09159e-06
-1.50742e-06
-1.92924e-06
-2.35665e-06
-2.78921e-06
-3.22648e-06
-3.668e-06
-4.11325e-06
-4.56173e-06
-5.01288e-06
-5.46613e-06
-5.92086e-06
-6.37649e-06
-6.83228e-06
-7.28772e-06
-7.74169e-06
-8.1921e-06
-8.63697e-06
-9.07465e-06
-9.50437e-06
-9.92555e-06
-1.03376e-05
-1.07399e-05
-1.1132e-05
-1.15135e-05
-1.1884e-05
-1.22431e-05
-1.25906e-05
-1.29264e-05
-1.32504e-05
-1.35628e-05
-1.38636e-05
-1.41525e-05
-1.44316e-05
-1.46999e-05
-1.49579e-05
-1.52064e-05
-1.54464e-05
-1.56785e-05
1.25594e-06
8.80813e-07
4.9757e-07
1.06709e-07
-2.91431e-07
-6.96531e-07
-1.10822e-06
-1.52612e-06
-1.9498e-06
-2.37883e-06
-2.81274e-06
-3.25104e-06
-3.69321e-06
-4.13872e-06
-4.58698e-06
-5.0374e-06
-5.48934e-06
-5.94214e-06
-6.39514e-06
-6.84754e-06
-7.29878e-06
-7.74763e-06
-8.19267e-06
-8.63286e-06
-9.0668e-06
-9.4936e-06
-9.91257e-06
-1.0323e-05
-1.07243e-05
-1.11159e-05
-1.14972e-05
-1.18679e-05
-1.22274e-05
-1.25756e-05
-1.29123e-05
-1.32373e-05
-1.35507e-05
-1.38525e-05
-1.41426e-05
-1.44228e-05
-1.46921e-05
-1.49511e-05
-1.52006e-05
-1.54415e-05
-1.56746e-05
1.2545e-06
8.76803e-07
4.91015e-07
9.76631e-08
-3.029e-07
-7.10323e-07
-1.12421e-06
-1.54414e-06
-1.96966e-06
-2.40029e-06
-2.83553e-06
-3.27484e-06
-3.71767e-06
-4.16339e-06
-4.6114e-06
-5.06105e-06
-5.51166e-06
-5.96251e-06
-6.4129e-06
-6.862e-06
-7.30919e-06
-7.75323e-06
-8.19336e-06
-8.62939e-06
-9.05991e-06
-9.48397e-06
-9.90085e-06
-1.03098e-05
-1.07101e-05
-1.11011e-05
-1.14823e-05
-1.18531e-05
-1.22131e-05
-1.25619e-05
-1.28993e-05
-1.32251e-05
-1.35395e-05
-1.38423e-05
-1.41334e-05
-1.44146e-05
-1.46849e-05
-1.49449e-05
-1.51954e-05
-1.54373e-05
-1.56712e-05
-1.24821e-06
-7.15969e-06
-8.05116e-06
-8.58403e-06
-9.31724e-06
-1.01919e-05
-1.11812e-05
-1.22715e-05
-1.34577e-05
-1.4742e-05
-1.61314e-05
-1.76366e-05
-1.92725e-05
-2.10587e-05
-2.30169e-05
1.2221e-06
-4.31601e-06
-6.48501e-06
-7.77937e-06
-8.88577e-06
-9.94458e-06
-1.10322e-05
-1.21796e-05
-1.34006e-05
-1.47064e-05
-1.61086e-05
-1.76209e-05
-1.92596e-05
-2.10456e-05
-2.30008e-05
2.69894e-06
-2.42869e-06
-5.27275e-06
-7.05963e-06
-8.46084e-06
-9.69306e-06
-1.08804e-05
-1.20869e-05
-1.33438e-05
-1.46715e-05
-1.60867e-05
-1.76058e-05
-1.92471e-05
-2.10322e-05
-2.29839e-05
3.21555e-06
-1.2443e-06
-4.30308e-06
-6.40676e-06
-8.04278e-06
-9.4368e-06
-1.07258e-05
-1.19941e-05
-1.32886e-05
-1.46389e-05
-1.6067e-05
-1.75927e-05
-1.92359e-05
-2.10196e-05
-2.29671e-05
3.29792e-06
-3.48554e-07
-3.39027e-06
-5.71963e-06
-7.57261e-06
-9.13582e-06
-1.05414e-05
-1.18841e-05
-1.32245e-05
-1.46022e-05
-1.60458e-05
-1.75791e-05
-1.92245e-05
-2.10064e-05
-2.2949e-05
3.26192e-06
2.36619e-07
-2.60182e-06
-5.01977e-06
-7.04237e-06
-8.77e-06
-1.03054e-05
-1.17389e-05
-1.31385e-05
-1.45528e-05
-1.60176e-05
-1.75616e-05
-1.92106e-05
-2.0991e-05
-2.29281e-05
3.05267e-06
5.34858e-07
-2.01549e-06
-4.38634e-06
-6.49376e-06
-8.35029e-06
-1.00112e-05
-1.15455e-05
-1.30177e-05
-1.44802e-05
-1.59745e-05
-1.75346e-05
-1.91903e-05
-2.09705e-05
-2.29023e-05
2.65918e-06
5.61124e-07
-1.67579e-06
-3.8986e-06
-5.99445e-06
-7.91758e-06
-9.67494e-06
-1.13042e-05
-1.28545e-05
-1.43745e-05
-1.59074e-05
-1.74907e-05
-1.91577e-05
-2.09404e-05
-2.28678e-05
2.10731e-06
3.50219e-07
-1.58648e-06
-3.60624e-06
-5.60991e-06
-7.52853e-06
-9.33422e-06
-1.10334e-05
-1.26539e-05
-1.4233e-05
-1.581e-05
-1.74225e-05
-1.9106e-05
-2.08944e-05
-2.28189e-05
1.42279e-06
-5.88477e-08
-1.72681e-06
-3.52606e-06
-5.38486e-06
-7.23625e-06
-9.03568e-06
-1.07663e-05
-1.24348e-05
-1.40635e-05
-1.56827e-05
-1.73264e-05
-1.90294e-05
-2.0826e-05
-2.2749e-05
6.24303e-07
-6.33482e-07
-2.06847e-06
-3.65261e-06
-5.34035e-06
-7.07889e-06
-8.82217e-06
-1.0541e-05
-1.22256e-05
-1.38836e-05
-1.55344e-05
-1.72045e-05
-1.89257e-05
-2.07304e-05
-2.26511e-05
-2.77492e-07
-1.35123e-06
-2.5865e-06
-3.9716e-06
-5.48102e-06
-7.07884e-06
-8.72662e-06
-1.03926e-05
-1.20577e-05
-1.37175e-05
-1.53807e-05
-1.70653e-05
-1.87974e-05
-2.06053e-05
-2.25197e-05
-1.27811e-06
-2.19876e-06
-3.26311e-06
-4.46888e-06
-5.80414e-06
-7.24777e-06
-8.77248e-06
-1.03509e-05
-1.19612e-05
-1.35918e-05
-1.52417e-05
-1.69217e-05
-1.86515e-05
-2.04518e-05
-2.23508e-05
-2.37633e-06
-3.16856e-06
-4.08657e-06
-5.13313e-06
-6.30475e-06
-7.59132e-06
-8.97638e-06
-1.04405e-05
-1.19639e-05
-1.35335e-05
-1.51406e-05
-1.67897e-05
-1.84983e-05
-2.02744e-05
-2.21426e-05
-3.57159e-06
-4.25565e-06
-5.04842e-06
-5.95502e-06
-6.97675e-06
-8.11064e-06
-9.34907e-06
-1.06804e-05
-1.20911e-05
-1.35684e-05
-1.5103e-05
-1.66911e-05
-1.83473e-05
-2.0078e-05
-2.18955e-05
-4.86283e-06
-5.45556e-06
-6.14121e-06
-6.92557e-06
-7.81224e-06
-8.80237e-06
-9.89434e-06
-1.10831e-05
-1.23615e-05
-1.37205e-05
-1.51527e-05
-1.66541e-05
-1.82181e-05
-1.98686e-05
-2.16102e-05
-6.2489e-06
-6.76435e-06
-7.35811e-06
-8.03573e-06
-8.80158e-06
-9.65873e-06
-1.0609e-05
-1.1652e-05
-1.27854e-05
-1.40058e-05
-1.53063e-05
-1.66882e-05
-1.81406e-05
-1.96643e-05
-2.12905e-05
-7.72235e-06
-8.17243e-06
-8.68718e-06
-9.27147e-06
-9.92939e-06
-1.06647e-05
-1.14805e-05
-1.23791e-05
-1.33615e-05
-1.44275e-05
-1.55755e-05
-1.68025e-05
-1.81127e-05
-1.94903e-05
-2.09536e-05
-9.26717e-06
-9.66075e-06
-1.01064e-05
-1.06081e-05
-1.11689e-05
-1.17924e-05
-1.24818e-05
-1.32404e-05
-1.40707e-05
-1.49748e-05
-1.59534e-05
-1.70071e-05
-1.81354e-05
-1.93391e-05
-2.06157e-05
-1.08626e-05
-1.12051e-05
-1.15877e-05
-1.20133e-05
-1.24846e-05
-1.30038e-05
-1.35738e-05
-1.41976e-05
-1.48781e-05
-1.56182e-05
-1.64202e-05
-1.72858e-05
-1.82169e-05
-1.92144e-05
-2.02785e-05
-1.23275e-05
-1.26289e-05
-1.29599e-05
-1.33221e-05
-1.37171e-05
-1.41467e-05
-1.46129e-05
-1.51181e-05
-1.56649e-05
-1.62559e-05
-1.68938e-05
-1.75812e-05
-1.83207e-05
-1.91148e-05
-1.99653e-05
-1.3516e-05
-1.37872e-05
-1.40782e-05
-1.43902e-05
-1.47247e-05
-1.50828e-05
-1.54662e-05
-1.58766e-05
-1.6316e-05
-1.67869e-05
-1.72916e-05
-1.78331e-05
-1.84143e-05
-1.90387e-05
-1.97091e-05
-1.43569e-05
-1.46043e-05
-1.48648e-05
-1.51394e-05
-1.54289e-05
-1.57346e-05
-1.60575e-05
-1.63991e-05
-1.6761e-05
-1.71453e-05
-1.75542e-05
-1.79904e-05
-1.84572e-05
-1.89585e-05
-1.94983e-05
-1.4943e-05
-1.51738e-05
-1.54126e-05
-1.56602e-05
-1.59174e-05
-1.61853e-05
-1.64647e-05
-1.6757e-05
-1.70636e-05
-1.73862e-05
-1.77271e-05
-1.8089e-05
-1.84749e-05
-1.88891e-05
-1.93359e-05
-1.53391e-05
-1.55583e-05
-1.57819e-05
-1.60105e-05
-1.62448e-05
-1.64859e-05
-1.67347e-05
-1.69924e-05
-1.72603e-05
-1.75402e-05
-1.78342e-05
-1.81448e-05
-1.84752e-05
-1.88295e-05
-1.92119e-05
-1.55953e-05
-1.58071e-05
-1.60206e-05
-1.62364e-05
-1.64553e-05
-1.66783e-05
-1.69064e-05
-1.71408e-05
-1.73827e-05
-1.7634e-05
-1.78966e-05
-1.8173e-05
-1.84663e-05
-1.87804e-05
-1.91193e-05
-1.57534e-05
-1.59612e-05
-1.61686e-05
-1.63765e-05
-1.65858e-05
-1.67973e-05
-1.70122e-05
-1.72316e-05
-1.74568e-05
-1.76896e-05
-1.7932e-05
-1.81862e-05
-1.84552e-05
-1.87427e-05
-1.90524e-05
-1.58458e-05
-1.60519e-05
-1.62564e-05
-1.646e-05
-1.66638e-05
-1.68686e-05
-1.70756e-05
-1.72859e-05
-1.7501e-05
-1.77224e-05
-1.79521e-05
-1.81923e-05
-1.84457e-05
-1.87158e-05
-1.90057e-05
-1.5896e-05
-1.61021e-05
-1.63057e-05
-1.65076e-05
-1.67087e-05
-1.69101e-05
-1.71128e-05
-1.73181e-05
-1.75273e-05
-1.77421e-05
-1.79641e-05
-1.81957e-05
-1.84392e-05
-1.86977e-05
-1.89741e-05
-1.59202e-05
-1.61274e-05
-1.63314e-05
-1.65331e-05
-1.67334e-05
-1.69335e-05
-1.71343e-05
-1.73372e-05
-1.75434e-05
-1.77545e-05
-1.79722e-05
-1.81984e-05
-1.84356e-05
-1.86863e-05
-1.89533e-05
-1.59292e-05
-1.61381e-05
-1.63432e-05
-1.65457e-05
-1.67464e-05
-1.69464e-05
-1.71467e-05
-1.73487e-05
-1.75536e-05
-1.77629e-05
-1.79781e-05
-1.82012e-05
-1.84343e-05
-1.86796e-05
-1.89396e-05
-1.593e-05
-1.61407e-05
-1.63474e-05
-1.6551e-05
-1.67526e-05
-1.69532e-05
-1.71539e-05
-1.73559e-05
-1.75605e-05
-1.7769e-05
-1.7983e-05
-1.82041e-05
-1.84344e-05
-1.86758e-05
-1.89305e-05
-1.59266e-05
-1.61392e-05
-1.63475e-05
-1.65525e-05
-1.67553e-05
-1.69568e-05
-1.71582e-05
-1.73607e-05
-1.75654e-05
-1.77737e-05
-1.7987e-05
-1.82069e-05
-1.84352e-05
-1.86735e-05
-1.89239e-05
-1.59216e-05
-1.61359e-05
-1.63458e-05
-1.65522e-05
-1.67561e-05
-1.69587e-05
-1.71609e-05
-1.73639e-05
-1.7569e-05
-1.77774e-05
-1.79904e-05
-1.82094e-05
-1.84361e-05
-1.86719e-05
-1.89188e-05
-1.59164e-05
-1.61322e-05
-1.63435e-05
-1.65511e-05
-1.67562e-05
-1.69597e-05
-1.71627e-05
-1.73664e-05
-1.75719e-05
-1.77804e-05
-1.79932e-05
-1.82115e-05
-1.84369e-05
-1.86706e-05
-1.89144e-05
-1.59115e-05
-1.61287e-05
-1.63411e-05
-1.65499e-05
-1.67559e-05
-1.69602e-05
-1.7164e-05
-1.73682e-05
-1.75741e-05
-1.77827e-05
-1.79954e-05
-1.82131e-05
-1.84374e-05
-1.86692e-05
-1.89102e-05
-1.59073e-05
-1.61256e-05
-1.63391e-05
-1.65487e-05
-1.67555e-05
-1.69606e-05
-1.71649e-05
-1.73697e-05
-1.75759e-05
-1.77846e-05
-1.79971e-05
-1.82143e-05
-1.84376e-05
-1.86678e-05
-1.89063e-05
-1.59037e-05
-1.6123e-05
-1.63373e-05
-1.65478e-05
-1.67553e-05
-1.69609e-05
-1.71657e-05
-1.73709e-05
-1.75773e-05
-1.77861e-05
-1.79984e-05
-1.82152e-05
-1.84375e-05
-1.86661e-05
-1.89024e-05
-1.59007e-05
-1.61208e-05
-1.63359e-05
-1.6547e-05
-1.67551e-05
-1.69612e-05
-1.71665e-05
-1.73719e-05
-1.75785e-05
-1.77874e-05
-1.79995e-05
-1.82157e-05
-1.84371e-05
-1.86643e-05
-1.88984e-05
-1.58982e-05
-1.61191e-05
-1.63348e-05
-1.65464e-05
-1.6755e-05
-1.69615e-05
-1.71671e-05
-1.73728e-05
-1.75796e-05
-1.77884e-05
-1.80003e-05
-1.8216e-05
-1.84365e-05
-1.86624e-05
-1.88946e-05
-6.72112e-06
-6.72372e-06
-6.73251e-06
-6.74656e-06
-6.76472e-06
-6.78655e-06
-6.81163e-06
-6.83964e-06
-6.87035e-06
-6.90361e-06
-6.93928e-06
-6.97725e-06
-7.01736e-06
-7.05941e-06
-7.10307e-06
-7.14791e-06
-7.19325e-06
-7.23812e-06
-7.28112e-06
-7.32022e-06
-7.35267e-06
-7.37499e-06
-7.38044e-06
-7.36125e-06
-7.31146e-06
-7.22573e-06
-7.0993e-06
-6.92924e-06
-6.71582e-06
-6.46239e-06
-6.17083e-06
-5.84758e-06
-5.51317e-06
-5.1852e-06
-4.88152e-06
-4.61863e-06
-4.40999e-06
-4.2645e-06
-4.18371e-06
-4.16124e-06
-4.18398e-06
-4.23436e-06
-4.29364e-06
-4.3432e-06
-4.36728e-06
-6.70739e-06
-6.71063e-06
-6.71791e-06
-6.72884e-06
-6.74322e-06
-6.76063e-06
-6.78085e-06
-6.80367e-06
-6.82893e-06
-6.85649e-06
-6.88623e-06
-6.91802e-06
-6.95171e-06
-6.98712e-06
-7.02398e-06
-7.06193e-06
-7.10042e-06
-7.13864e-06
-7.17537e-06
-7.20873e-06
-7.236e-06
-7.25327e-06
-7.2536e-06
-7.2302e-06
-7.17806e-06
-7.0925e-06
-6.96959e-06
-6.80702e-06
-6.60452e-06
-6.36396e-06
-6.09145e-06
-5.80092e-06
-5.50371e-06
-5.21269e-06
-4.94339e-06
-4.7114e-06
-4.5291e-06
-4.40237e-06
-4.3303e-06
-4.30581e-06
-4.31718e-06
-4.35057e-06
-4.39254e-06
-4.43294e-06
-4.46557e-06
-6.68295e-06
-6.68857e-06
-6.69673e-06
-6.70759e-06
-6.72114e-06
-6.73721e-06
-6.75566e-06
-6.77642e-06
-6.79941e-06
-6.82457e-06
-6.85182e-06
-6.88113e-06
-6.91242e-06
-6.94561e-06
-6.98062e-06
-7.01733e-06
-7.05558e-06
-7.0951e-06
-7.13542e-06
-7.17562e-06
-7.21413e-06
-7.24796e-06
-7.26993e-06
-7.27177e-06
-7.24663e-06
-7.18766e-06
-7.08875e-06
-6.94577e-06
-6.75742e-06
-6.52557e-06
-6.25527e-06
-5.95834e-06
-5.64934e-06
-5.34432e-06
-5.06056e-06
-4.8143e-06
-4.61834e-06
-4.47977e-06
-4.39889e-06
-4.36949e-06
-4.3804e-06
-4.41779e-06
-4.46789e-06
-4.52201e-06
-4.57927e-06
-6.65155e-06
-6.66005e-06
-6.66957e-06
-6.68087e-06
-6.69427e-06
-6.70974e-06
-6.72725e-06
-6.74684e-06
-6.76855e-06
-6.79241e-06
-6.81847e-06
-6.84678e-06
-6.87745e-06
-6.91059e-06
-6.94643e-06
-6.98528e-06
-7.02765e-06
-7.07421e-06
-7.12579e-06
-7.18321e-06
-7.24693e-06
-7.31573e-06
-7.38129e-06
-7.43122e-06
-7.45454e-06
-7.4403e-06
-7.37853e-06
-7.26302e-06
-7.09145e-06
-6.86593e-06
-6.59238e-06
-6.28183e-06
-5.94983e-06
-5.61439e-06
-5.29505e-06
-5.01081e-06
-4.77762e-06
-4.60595e-06
-4.49917e-06
-4.45321e-06
-4.45774e-06
-4.49814e-06
-4.55866e-06
-4.62978e-06
-4.71247e-06
-6.61676e-06
-6.62827e-06
-6.6394e-06
-6.6515e-06
-6.66524e-06
-6.68069e-06
-6.69795e-06
-6.71718e-06
-6.73852e-06
-6.76215e-06
-6.78822e-06
-6.81696e-06
-6.84865e-06
-6.88371e-06
-6.92275e-06
-6.96672e-06
-7.01699e-06
-7.07558e-06
-7.14514e-06
-7.22891e-06
-7.33024e-06
-7.45059e-06
-7.57977e-06
-7.69832e-06
-7.78883e-06
-7.83442e-06
-7.82049e-06
-7.74046e-06
-7.59176e-06
-7.37612e-06
-7.09845e-06
-6.77057e-06
-6.40782e-06
-6.02963e-06
-5.658e-06
-5.31555e-06
-5.02305e-06
-4.79647e-06
-4.64444e-06
-4.56675e-06
-4.55467e-06
-4.59258e-06
-4.66159e-06
-4.74989e-06
-4.85877e-06
-6.58136e-06
-6.59562e-06
-6.60838e-06
-6.62145e-06
-6.63582e-06
-6.65167e-06
-6.6692e-06
-6.68869e-06
-6.71042e-06
-6.73467e-06
-6.76177e-06
-6.79209e-06
-6.82617e-06
-6.86473e-06
-6.90889e-06
-6.9603e-06
-7.0214e-06
-7.09578e-06
-7.18833e-06
-7.30524e-06
-7.45332e-06
-7.63739e-06
-7.84467e-06
-8.04558e-06
-8.21391e-06
-8.32622e-06
-8.36813e-06
-8.33156e-06
-8.21207e-06
-8.01215e-06
-7.73342e-06
-7.38825e-06
-6.9925e-06
-6.56617e-06
-6.13297e-06
-5.71916e-06
-5.35107e-06
-5.05173e-06
-4.83697e-06
-4.71239e-06
-4.67218e-06
-4.70007e-06
-4.7736e-06
-4.87791e-06
-5.0141e-06
-6.54716e-06
-6.5638e-06
-6.57805e-06
-6.59213e-06
-6.60726e-06
-6.62373e-06
-6.64183e-06
-6.66198e-06
-6.68455e-06
-6.70999e-06
-6.73874e-06
-6.77138e-06
-6.80869e-06
-6.85173e-06
-6.90212e-06
-6.96227e-06
-7.03578e-06
-7.12791e-06
-7.24604e-06
-7.39956e-06
-7.59902e-06
-7.85288e-06
-8.14506e-06
-8.43321e-06
-8.68153e-06
-8.86687e-06
-8.97395e-06
-8.98717e-06
-8.89895e-06
-8.70973e-06
-8.43143e-06
-8.07302e-06
-7.64849e-06
-7.17695e-06
-6.6826e-06
-6.19434e-06
-5.7437e-06
-5.36116e-06
-5.0711e-06
-4.88676e-06
-4.80704e-06
-4.81626e-06
-4.88881e-06
-5.00663e-06
-5.17036e-06
-6.51539e-06
-6.534e-06
-6.54956e-06
-6.56458e-06
-6.58049e-06
-6.59766e-06
-6.61647e-06
-6.63744e-06
-6.66108e-06
-6.68794e-06
-6.71863e-06
-6.7539e-06
-6.79477e-06
-6.84263e-06
-6.8996e-06
-6.96881e-06
-7.05499e-06
-7.16512e-06
-7.30908e-06
-7.49961e-06
-7.75093e-06
-8.07528e-06
-8.45332e-06
-8.82968e-06
-9.15996e-06
-9.4156e-06
-9.57486e-06
-9.62528e-06
-9.56372e-06
-9.39242e-06
-9.11953e-06
-8.75394e-06
-8.30845e-06
-7.80052e-06
-7.25358e-06
-6.6975e-06
-6.1675e-06
-5.70067e-06
-5.33012e-06
-5.07788e-06
-4.94949e-06
-4.9317e-06
-4.997e-06
-5.12466e-06
-5.31472e-06
-6.48672e-06
-6.50695e-06
-6.52361e-06
-6.53947e-06
-6.55612e-06
-6.57397e-06
-6.59348e-06
-6.61527e-06
-6.63997e-06
-6.66824e-06
-6.70084e-06
-6.73868e-06
-6.783e-06
-6.83551e-06
-6.89876e-06
-6.97656e-06
-7.0747e-06
-7.20174e-06
-7.37e-06
-7.59561e-06
-7.89595e-06
-8.28676e-06
-8.74574e-06
-9.20359e-06
-9.6062e-06
-9.9199e-06
-1.01224e-05
-1.02038e-05
-1.01637e-05
-1.00057e-05
-9.73782e-06
-9.36858e-06
-8.90933e-06
-8.37546e-06
-7.78847e-06
-7.17755e-06
-6.57947e-06
-6.03594e-06
-5.58779e-06
-5.26585e-06
-5.08362e-06
-5.03227e-06
-5.08424e-06
-5.2172e-06
-5.43076e-06
-6.46145e-06
-6.48305e-06
-6.50064e-06
-6.51724e-06
-6.53452e-06
-6.55293e-06
-6.57302e-06
-6.59548e-06
-6.62104e-06
-6.6505e-06
-6.68472e-06
-6.72479e-06
-6.77212e-06
-6.82872e-06
-6.8975e-06
-6.9829e-06
-7.09163e-06
-7.23364e-06
-7.42352e-06
-7.68091e-06
-8.02527e-06
-8.47556e-06
-9.00693e-06
-9.53578e-06
-9.99822e-06
-1.03574e-05
-1.05916e-05
-1.06938e-05
-1.06657e-05
-1.05139e-05
-1.02471e-05
-9.87403e-06
-9.40504e-06
-8.85346e-06
-8.23845e-06
-7.58724e-06
-6.93614e-06
-6.32899e-06
-5.81264e-06
-5.42527e-06
-5.18866e-06
-5.10001e-06
-5.13368e-06
-5.26711e-06
-5.50007e-06
-6.43968e-06
-6.46249e-06
-6.48089e-06
-6.49811e-06
-6.5159e-06
-6.53471e-06
-6.55516e-06
-6.57801e-06
-6.6041e-06
-6.63433e-06
-6.66969e-06
-6.71141e-06
-6.76109e-06
-6.82095e-06
-6.89426e-06
-6.98597e-06
-7.10356e-06
-7.25823e-06
-7.46641e-06
-7.7513e-06
-8.13361e-06
-8.63675e-06
-9.22967e-06
-9.8179e-06
-1.03272e-05
-1.0719e-05
-1.09726e-05
-1.10836e-05
-1.10572e-05
-1.09028e-05
-1.06306e-05
-1.02502e-05
-9.77137e-06
-9.2061e-06
-8.57131e-06
-7.8918e-06
-7.20188e-06
-6.54536e-06
-5.97392e-06
-5.52944e-06
-5.2417e-06
-5.11492e-06
-5.12691e-06
-5.25635e-06
-5.50393e-06
-6.42139e-06
-6.44537e-06
-6.4645e-06
-6.48224e-06
-6.50039e-06
-6.51939e-06
-6.5399e-06
-6.56278e-06
-6.58895e-06
-6.61941e-06
-6.65528e-06
-6.69794e-06
-6.74912e-06
-6.81129e-06
-6.888e-06
-6.98461e-06
-7.10931e-06
-7.27432e-06
-7.49746e-06
-7.80444e-06
-8.21963e-06
-8.76886e-06
-9.41356e-06
-1.0049e-05
-1.05931e-05
-1.10054e-05
-1.12668e-05
-1.13759e-05
-1.13413e-05
-1.11752e-05
-1.08898e-05
-1.04959e-05
-1.00036e-05
-9.42413e-06
-8.77286e-06
-8.07222e-06
-7.35376e-06
-6.65923e-06
-6.04603e-06
-5.55429e-06
-5.22069e-06
-5.05709e-06
-5.04567e-06
-5.16736e-06
-5.4248e-06
-6.40657e-06
-6.43177e-06
-6.4516e-06
-6.46978e-06
-6.48812e-06
-6.50706e-06
-6.52729e-06
-6.54974e-06
-6.57545e-06
-6.6055e-06
-6.64116e-06
-6.68393e-06
-6.73572e-06
-6.79917e-06
-6.87812e-06
-6.97828e-06
-7.10843e-06
-7.28173e-06
-7.51712e-06
-7.84074e-06
-8.28557e-06
-8.87294e-06
-9.56066e-06
-1.02328e-05
-1.08011e-05
-1.12239e-05
-1.14836e-05
-1.15816e-05
-1.153e-05
-1.13436e-05
-1.10368e-05
-1.0622e-05
-1.01101e-05
-9.5124e-06
-8.84334e-06
-8.12369e-06
-7.38262e-06
-6.65755e-06
-6.00874e-06
-5.47982e-06
-5.10648e-06
-4.90861e-06
-4.87329e-06
-4.98436e-06
-5.24745e-06
-6.39525e-06
-6.42181e-06
-6.44236e-06
-6.4609e-06
-6.47925e-06
-6.49784e-06
-6.51739e-06
-6.53892e-06
-6.56354e-06
-6.59248e-06
-6.62714e-06
-6.66915e-06
-6.7206e-06
-6.78433e-06
-6.86441e-06
-6.9669e-06
-7.10106e-06
-7.28085e-06
-7.52636e-06
-7.86441e-06
-8.33341e-06
-8.9517e-06
-9.67478e-06
-1.03756e-05
-1.09598e-05
-1.1385e-05
-1.16352e-05
-1.17149e-05
-1.1639e-05
-1.14248e-05
-1.10889e-05
-1.06453e-05
-1.01063e-05
-9.48366e-06
-8.79172e-06
-8.05013e-06
-7.28685e-06
-6.53754e-06
-5.85327e-06
-5.29123e-06
-4.88418e-06
-4.65502e-06
-4.59597e-06
-4.6942e-06
-4.95955e-06
-6.3876e-06
-6.41571e-06
-6.43702e-06
-6.45583e-06
-6.47401e-06
-6.49193e-06
-6.51034e-06
-6.53037e-06
-6.55323e-06
-6.58031e-06
-6.61312e-06
-6.65349e-06
-6.70368e-06
-6.76672e-06
-6.84694e-06
-6.9507e-06
-7.08769e-06
-7.27255e-06
-7.52656e-06
-7.87788e-06
-8.36519e-06
-9.00947e-06
-9.76212e-06
-1.0485e-05
-1.10783e-05
-1.14998e-05
-1.17349e-05
-1.17906e-05
-1.16845e-05
-1.1436e-05
-1.10639e-05
-1.05838e-05
-1.00095e-05
-9.35375e-06
-8.63124e-06
-7.86131e-06
-7.07127e-06
-6.29608e-06
-5.57802e-06
-4.98293e-06
-4.54494e-06
-4.28595e-06
-4.20315e-06
-4.28668e-06
-4.55177e-06
-6.38388e-06
-6.41377e-06
-6.4359e-06
-6.45491e-06
-6.47268e-06
-6.48955e-06
-6.50633e-06
-6.52421e-06
-6.54459e-06
-6.56899e-06
-6.59912e-06
-6.63698e-06
-6.68501e-06
-6.74649e-06
-6.82596e-06
-6.93011e-06
-7.06902e-06
-7.2579e-06
-7.51901e-06
-7.88177e-06
-8.38465e-06
-9.05143e-06
-9.82855e-06
-1.05685e-05
-1.11657e-05
-1.1579e-05
-1.17947e-05
-1.18222e-05
-1.1681e-05
-1.13929e-05
-1.09782e-05
-1.04543e-05
-9.8363e-06
-9.13838e-06
-8.37606e-06
-7.56901e-06
-6.74401e-06
-5.93519e-06
-5.18535e-06
-4.55379e-06
-4.08263e-06
-3.79404e-06
-3.68736e-06
-3.75441e-06
-4.01757e-06
-6.38446e-06
-6.41641e-06
-6.43945e-06
-6.45854e-06
-6.47563e-06
-6.49101e-06
-6.50555e-06
-6.5206e-06
-6.5377e-06
-6.55859e-06
-6.58518e-06
-6.61969e-06
-6.66474e-06
-6.72388e-06
-6.80189e-06
-6.90573e-06
-7.04589e-06
-7.23806e-06
-7.50531e-06
-7.87809e-06
-8.39506e-06
-9.0818e-06
-9.87996e-06
-1.06316e-05
-1.12298e-05
-1.16315e-05
-1.18249e-05
-1.18209e-05
-1.16409e-05
-1.13086e-05
-1.08456e-05
-1.02709e-05
-9.60108e-06
-8.85164e-06
-8.03932e-06
-7.18454e-06
-6.31415e-06
-5.46337e-06
-4.67678e-06
-4.00368e-06
-3.49593e-06
-3.17563e-06
-3.04419e-06
-3.09251e-06
-3.3532e-06
-6.38987e-06
-6.42418e-06
-6.44818e-06
-6.46721e-06
-6.48328e-06
-6.49664e-06
-6.50826e-06
-6.51967e-06
-6.53263e-06
-6.54913e-06
-6.57134e-06
-6.6017e-06
-6.64304e-06
-6.69918e-06
-6.77515e-06
-6.87819e-06
-7.01916e-06
-7.21421e-06
-7.48704e-06
-7.86899e-06
-8.39904e-06
-9.10365e-06
-9.91992e-06
-1.0681e-05
-1.12772e-05
-1.1665e-05
-1.18337e-05
-1.17958e-05
-1.15741e-05
-1.11935e-05
-1.06772e-05
-1.00453e-05
-9.31561e-06
-8.50527e-06
-7.63238e-06
-6.71862e-06
-5.79172e-06
-4.88789e-06
-4.05256e-06
-3.3364e-06
-2.78741e-06
-2.42979e-06
-2.27184e-06
-2.29759e-06
-2.55699e-06
-6.40075e-06
-6.43773e-06
-6.46275e-06
-6.48151e-06
-6.49611e-06
-6.5068e-06
-6.51468e-06
-6.52153e-06
-6.52942e-06
-6.54061e-06
-6.55759e-06
-6.58308e-06
-6.62005e-06
-6.67267e-06
-6.7462e-06
-6.84814e-06
-6.98967e-06
-7.1874e-06
-7.46557e-06
-7.8563e-06
-8.39872e-06
-9.11981e-06
-9.95217e-06
-1.07207e-05
-1.1313e-05
-1.16853e-05
-1.18277e-05
-1.17539e-05
-1.14879e-05
-1.10558e-05
-1.04814e-05
-9.78623e-06
-8.98919e-06
-8.10877e-06
-7.16473e-06
-6.18037e-06
-5.18506e-06
-4.21659e-06
-3.32161e-06
-2.55217e-06
-1.95714e-06
-1.55892e-06
-1.37109e-06
-1.36934e-06
-1.62669e-06
-6.41785e-06
-6.45785e-06
-6.48391e-06
-6.50209e-06
-6.51464e-06
-6.52183e-06
-6.525e-06
-6.52625e-06
-6.52801e-06
-6.53293e-06
-6.54387e-06
-6.5638e-06
-6.59592e-06
-6.64461e-06
-6.71545e-06
-6.81614e-06
-6.9582e-06
-7.15861e-06
-7.4421e-06
-7.84145e-06
-8.39586e-06
-9.13253e-06
-9.97956e-06
-1.07541e-05
-1.13411e-05
-1.16966e-05
-1.18114e-05
-1.17003e-05
-1.13879e-05
-1.09011e-05
-1.02647e-05
-9.50063e-06
-8.62907e-06
-7.66981e-06
-6.64429e-06
-5.57778e-06
-4.50184e-06
-3.45637e-06
-2.49e-06
-1.65707e-06
-1.0086e-06
-5.64189e-07
-3.38929e-07
-3.1885e-07
-5.58424e-07
-6.4421e-06
-6.48548e-06
-6.51256e-06
-6.52971e-06
-6.53943e-06
-6.5421e-06
-6.53938e-06
-6.5338e-06
-6.52829e-06
-6.52594e-06
-6.53004e-06
-6.54378e-06
-6.57062e-06
-6.6152e-06
-6.68324e-06
-6.7827e-06
-6.92539e-06
-7.12864e-06
-7.41759e-06
-7.82558e-06
-8.3918e-06
-9.14344e-06
-1.00041e-05
-1.07834e-05
-1.1364e-05
-1.17018e-05
-1.17881e-05
-1.16384e-05
-1.12779e-05
-1.07338e-05
-1.00315e-05
-9.19361e-06
-8.24099e-06
-7.1947e-06
-6.07793e-06
-4.91815e-06
-3.74947e-06
-2.61461e-06
-1.56493e-06
-6.573e-07
5.40807e-08
5.48206e-07
8.13899e-07
8.55908e-07
6.4509e-07
-6.47457e-06
-6.52174e-06
-6.54969e-06
-6.56519e-06
-6.57107e-06
-6.56791e-06
-6.55786e-06
-6.54407e-06
-6.53003e-06
-6.51943e-06
-6.51586e-06
-6.52281e-06
-6.54415e-06
-6.58451e-06
-6.64982e-06
-6.74823e-06
-6.89178e-06
-7.09814e-06
-7.3928e-06
-7.80955e-06
-8.38754e-06
-9.15365e-06
-1.0027e-05
-1.08102e-05
-1.13835e-05
-1.17028e-05
-1.17599e-05
-1.15705e-05
-1.11603e-05
-1.05568e-05
-9.78544e-06
-8.86917e-06
-7.82961e-06
-6.6889e-06
-5.4719e-06
-4.20844e-06
-2.93548e-06
-1.69903e-06
-5.53891e-07
4.39809e-07
1.22329e-06
1.77248e-06
2.08239e-06
2.15029e-06
1.97353e-06
-6.51657e-06
-6.56794e-06
-6.59648e-06
-6.60944e-06
-6.61013e-06
-6.59951e-06
-6.58043e-06
-6.5568e-06
-6.53291e-06
-6.51297e-06
-6.50097e-06
-6.50075e-06
-6.51641e-06
-6.5526e-06
-6.61536e-06
-6.71302e-06
-6.8578e-06
-7.06763e-06
-7.36829e-06
-7.794e-06
-8.38372e-06
-9.16392e-06
-1.00493e-05
-1.08354e-05
-1.14008e-05
-1.1701e-05
-1.17281e-05
-1.14982e-05
-1.10371e-05
-1.03721e-05
-9.52893e-06
-8.53054e-06
-7.39901e-06
-6.15745e-06
-4.83233e-06
-3.4558e-06
-2.06785e-06
-7.18131e-07
5.34622e-07
1.62627e-06
2.49089e-06
3.10345e-06
3.46548e-06
3.56648e-06
3.42118e-06
-6.56965e-06
-6.62563e-06
-6.65429e-06
-6.66345e-06
-6.65717e-06
-6.63707e-06
-6.60691e-06
-6.57164e-06
-6.53646e-06
-6.50609e-06
-6.48503e-06
-6.47737e-06
-6.48728e-06
-6.51945e-06
-6.57998e-06
-6.67729e-06
-6.82373e-06
-7.03747e-06
-7.34447e-06
-7.77934e-06
-8.38077e-06
-9.17464e-06
-1.00712e-05
-1.08596e-05
-1.14163e-05
-1.16968e-05
-1.16934e-05
-1.14222e-05
-1.09091e-05
-1.01813e-05
-9.26406e-06
-8.18052e-06
-6.95298e-06
-5.60533e-06
-4.16549e-06
-2.66783e-06
-1.15539e-06
3.18415e-07
1.69053e-06
2.8921e-06
3.84881e-06
4.53278e-06
4.95658e-06
5.09935e-06
4.98776e-06
-6.63576e-06
-6.69671e-06
-6.72467e-06
-6.72828e-06
-6.71273e-06
-6.68063e-06
-6.63701e-06
-6.58814e-06
-6.54014e-06
-6.49834e-06
-6.46768e-06
-6.45238e-06
-6.45661e-06
-6.48505e-06
-6.54376e-06
-6.64121e-06
-6.78981e-06
-7.0079e-06
-7.32161e-06
-7.76582e-06
-8.37889e-06
-9.18602e-06
-1.00931e-05
-1.08829e-05
-1.14302e-05
-1.16904e-05
-1.1656e-05
-1.13431e-05
-1.07772e-05
-9.98538e-06
-8.99259e-06
-7.82173e-06
-6.49525e-06
-5.03762e-06
-3.47801e-06
-1.85282e-06
-2.07923e-07
1.39954e-06
2.90191e-06
4.22513e-06
5.28729e-06
6.04904e-06
6.53981e-06
6.73279e-06
6.66826e-06
-6.71726e-06
-6.78344e-06
-6.80939e-06
-6.80502e-06
-6.77723e-06
-6.73008e-06
-6.67033e-06
-6.60575e-06
-6.54336e-06
-6.48923e-06
-6.44854e-06
-6.42553e-06
-6.42429e-06
-6.4494e-06
-6.50678e-06
-6.60489e-06
-6.75617e-06
-6.9791e-06
-7.29986e-06
-7.75355e-06
-8.37817e-06
-9.19806e-06
-1.01149e-05
-1.09053e-05
-1.14425e-05
-1.1682e-05
-1.16162e-05
-1.12611e-05
-1.0642e-05
-9.78548e-06
-8.71619e-06
-7.45674e-06
-6.02958e-06
-4.45961e-06
-2.77698e-06
-1.01976e-06
7.63672e-07
2.5127e-06
4.15479e-06
5.60982e-06
6.79249e-06
7.64569e-06
8.206e-06
8.45726e-06
8.44702e-06
-6.81717e-06
-6.88856e-06
-6.91047e-06
-6.89479e-06
-6.85097e-06
-6.78515e-06
-6.70631e-06
-6.62373e-06
-6.54551e-06
-6.4783e-06
-6.4273e-06
-6.39667e-06
-6.3903e-06
-6.41253e-06
-6.46913e-06
-6.56846e-06
-6.72295e-06
-6.95116e-06
-7.27928e-06
-7.74257e-06
-8.37857e-06
-9.2107e-06
-1.01364e-05
-1.09267e-05
-1.14531e-05
-1.16715e-05
-1.1574e-05
-1.11765e-05
-1.05039e-05
-9.58253e-06
-8.43649e-06
-7.08813e-06
-5.55984e-06
-3.87679e-06
-2.06983e-06
-1.78267e-07
1.74756e-06
3.64409e-06
5.43402e-06
7.03029e-06
8.34568e-06
9.31153e-06
9.9457e-06
1.02657e-05
1.03175e-05
-6.93929e-06
-7.01539e-06
-7.03014e-06
-6.99863e-06
-6.93403e-06
-6.84535e-06
-6.7441e-06
-6.64135e-06
-6.54603e-06
-6.46514e-06
-6.40374e-06
-6.36573e-06
-6.35466e-06
-6.37456e-06
-6.43094e-06
-6.53205e-06
-6.69025e-06
-6.92415e-06
-7.25989e-06
-7.73284e-06
-8.37999e-06
-9.22376e-06
-1.01575e-05
-1.09468e-05
-1.14619e-05
-1.16586e-05
-1.15293e-05
-1.10894e-05
-1.03635e-05
-9.3775e-06
-8.15514e-06
-6.71852e-06
-5.08996e-06
-3.29477e-06
-1.36424e-06
6.61601e-07
2.73116e-06
4.77879e-06
6.72337e-06
8.47146e-06
9.92936e-06
1.1024e-05
1.17461e-05
1.21456e-05
1.22719e-05
-7.08855e-06
-7.1679e-06
-7.1708e-06
-7.1174e-06
-7.02615e-06
-6.90983e-06
-6.78285e-06
-6.65782e-06
-6.54437e-06
-6.44945e-06
-6.37778e-06
-6.33278e-06
-6.31753e-06
-6.33567e-06
-6.3924e-06
-6.49581e-06
-6.65818e-06
-6.89812e-06
-7.24169e-06
-7.72428e-06
-8.38231e-06
-9.23708e-06
-1.01779e-05
-1.09655e-05
-1.14686e-05
-1.16435e-05
-1.14823e-05
-1.10002e-05
-1.02213e-05
-9.1714e-06
-7.87383e-06
-6.35054e-06
-4.62382e-06
-2.71911e-06
-6.67863e-07
1.48964e-06
3.70143e-06
5.90087e-06
8.00438e-06
9.91325e-06
1.15259e-05
1.27613e-05
1.35907e-05
1.40824e-05
1.42997e-05
-7.27142e-06
-7.35089e-06
-7.33494e-06
-7.25163e-06
-7.12665e-06
-6.97754e-06
-6.82146e-06
-6.67237e-06
-6.54008e-06
-6.4311e-06
-6.34949e-06
-6.29801e-06
-6.27916e-06
-6.29612e-06
-6.35374e-06
-6.45993e-06
-6.62686e-06
-6.87312e-06
-7.22465e-06
-7.7168e-06
-8.38536e-06
-9.25047e-06
-1.01976e-05
-1.09826e-05
-1.14732e-05
-1.1626e-05
-1.1433e-05
-1.0909e-05
-1.0078e-05
-8.96528e-06
-7.59424e-06
-5.98673e-06
-4.16517e-06
-2.15514e-06
1.18819e-08
2.29584e-06
4.64524e-06
6.99379e-06
9.25713e-06
1.13328e-05
1.31109e-05
1.45011e-05
1.54618e-05
1.60611e-05
1.63914e-05
-7.49658e-06
-7.56999e-06
-7.52491e-06
-7.40131e-06
-7.23439e-06
-7.04702e-06
-6.85878e-06
-6.68429e-06
-6.53287e-06
-6.41009e-06
-6.31908e-06
-6.26174e-06
-6.23991e-06
-6.25626e-06
-6.31525e-06
-6.42463e-06
-6.59642e-06
-6.8492e-06
-7.20874e-06
-7.7103e-06
-8.389e-06
-9.26375e-06
-1.02162e-05
-1.0998e-05
-1.14757e-05
-1.16062e-05
-1.13816e-05
-1.08163e-05
-9.93409e-06
-8.7602e-06
-7.31799e-06
-5.62952e-06
-3.71751e-06
-1.60781e-06
6.68102e-07
3.07076e-06
5.5499e-06
8.04101e-06
1.04609e-05
1.27058e-05
1.4659e-05
1.62184e-05
1.73324e-05
1.80637e-05
1.85382e-05
-7.77599e-06
-7.83156e-06
-7.74237e-06
-7.56537e-06
-7.34764e-06
-7.11655e-06
-6.89364e-06
-6.693e-06
-6.5226e-06
-6.38661e-06
-6.28689e-06
-6.22439e-06
-6.20019e-06
-6.21645e-06
-6.27726e-06
-6.39013e-06
-6.56701e-06
-6.82642e-06
-7.19393e-06
-7.70468e-06
-8.39309e-06
-9.27677e-06
-1.02338e-05
-1.10116e-05
-1.14759e-05
-1.15842e-05
-1.13283e-05
-1.07224e-05
-9.79035e-06
-8.55721e-06
-7.04663e-06
-5.28112e-06
-3.28397e-06
-1.08152e-06
1.29467e-06
3.80586e-06
6.40366e-06
9.02654e-06
1.15948e-05
1.40063e-05
1.61404e-05
1.78852e-05
1.91721e-05
2.00661e-05
2.07311e-05
-8.12655e-06
-8.14272e-06
-7.98771e-06
-7.74242e-06
-7.46359e-06
-7.1841e-06
-6.92489e-06
-6.69806e-06
-6.50937e-06
-6.36102e-06
-6.25344e-06
-6.18648e-06
-6.16049e-06
-6.17713e-06
-6.24008e-06
-6.35669e-06
-6.53878e-06
-6.80483e-06
-7.18021e-06
-7.69987e-06
-8.3975e-06
-9.28938e-06
-1.02501e-05
-1.10233e-05
-1.1474e-05
-1.15601e-05
-1.12734e-05
-1.0628e-05
-9.64744e-06
-8.35729e-06
-6.78156e-06
-4.94349e-06
-2.86724e-06
-5.79967e-07
1.88646e-06
4.49393e-06
7.1962e-06
9.93575e-06
1.26383e-05
1.5207e-05
1.75218e-05
1.94643e-05
2.09465e-05
2.20388e-05
2.29627e-05
-8.57236e-06
-8.51101e-06
-8.25919e-06
-7.92853e-06
-7.579e-06
-7.24758e-06
-6.95157e-06
-6.69933e-06
-6.49346e-06
-6.33385e-06
-6.2193e-06
-6.14858e-06
-6.12133e-06
-6.13872e-06
-6.20406e-06
-6.32453e-06
-6.51188e-06
-6.7845e-06
-7.16755e-06
-7.69579e-06
-8.40213e-06
-9.3015e-06
-1.02652e-05
-1.10333e-05
-1.147e-05
-1.15341e-05
-1.12172e-05
-1.05333e-05
-9.50604e-06
-8.16135e-06
-6.52401e-06
-4.61825e-06
-2.46948e-06
-1.06045e-07
2.43947e-06
5.12929e-06
7.91918e-06
1.0756e-05
1.35726e-05
1.62808e-05
1.87664e-05
2.09117e-05
2.26099e-05
2.39424e-05
2.52282e-05
-9.14655e-06
-8.93607e-06
-8.55641e-06
-8.1184e-06
-7.68989e-06
-7.30492e-06
-6.97297e-06
-6.6969e-06
-6.4754e-06
-6.30575e-06
-6.18514e-06
-6.11129e-06
-6.08321e-06
-6.10162e-06
-6.1695e-06
-6.29388e-06
-6.48642e-06
-6.76547e-06
-7.15594e-06
-7.69237e-06
-8.40688e-06
-9.31304e-06
-1.02789e-05
-1.10414e-05
-1.14642e-05
-1.15065e-05
-1.11601e-05
-1.04389e-05
-9.3668e-06
-7.97028e-06
-6.27509e-06
-4.30681e-06
-2.09246e-06
3.38006e-07
2.95076e-06
5.70778e-06
8.5663e-06
1.14774e-05
1.43814e-05
1.72016e-05
1.98352e-05
2.21752e-05
2.41011e-05
2.57179e-05
2.75194e-05
-9.89494e-06
-9.41581e-06
-8.86579e-06
-8.3044e-06
-7.79177e-06
-7.35415e-06
-6.98869e-06
-6.69112e-06
-6.45581e-06
-6.27741e-06
-6.1516e-06
-6.07518e-06
-6.04659e-06
-6.0662e-06
-6.13667e-06
-6.26492e-06
-6.46254e-06
-6.7478e-06
-7.14538e-06
-7.68957e-06
-8.41171e-06
-9.32394e-06
-1.02913e-05
-1.10477e-05
-1.14565e-05
-1.14774e-05
-1.11024e-05
-1.03453e-05
-9.23036e-06
-7.7849e-06
-6.03586e-06
-4.01046e-06
-1.73771e-06
7.5034e-07
3.41804e-06
6.22634e-06
9.13297e-06
1.2092e-05
1.50509e-05
1.79451e-05
2.0688e-05
2.3194e-05
2.53379e-05
2.72709e-05
2.98073e-05
-1.08613e-05
-9.93916e-06
-9.17138e-06
-8.47687e-06
-7.87988e-06
-7.39363e-06
-6.99865e-06
-6.68254e-06
-6.4354e-06
-6.24952e-06
-6.11929e-06
-6.04074e-06
-6.01187e-06
-6.03277e-06
-6.10581e-06
-6.23781e-06
-6.44031e-06
-6.73151e-06
-7.13586e-06
-7.68737e-06
-8.41656e-06
-9.3342e-06
-1.03024e-05
-1.10524e-05
-1.14471e-05
-1.1447e-05
-1.10443e-05
-1.02527e-05
-9.09703e-06
-7.60559e-06
-5.80675e-06
-3.7297e-06
-1.40578e-06
1.13037e-06
3.84062e-06
6.68396e-06
9.61729e-06
1.25959e-05
1.55719e-05
1.84913e-05
2.1285e-05
2.38991e-05
2.62148e-05
2.84657e-05
3.20399e-05
-1.21378e-05
-1.04902e-05
-9.45065e-06
-8.62535e-06
-7.95119e-06
-7.42355e-06
-7.00417e-06
-6.67263e-06
-6.41549e-06
-6.22314e-06
-6.089e-06
-6.00853e-06
-5.97942e-06
-6.00152e-06
-6.07698e-06
-6.21251e-06
-6.41962e-06
-6.71644e-06
-7.12717e-06
-7.68554e-06
-8.4213e-06
-9.34379e-06
-1.03124e-05
-1.10557e-05
-1.14364e-05
-1.14158e-05
-1.0986e-05
-1.0161e-05
-8.96634e-06
-7.43135e-06
-5.58612e-06
-3.46204e-06
-1.09323e-06
1.48262e-06
4.2242e-06
7.08751e-06
1.0027e-05
1.29966e-05
1.59493e-05
1.88365e-05
2.1602e-05
2.42241e-05
2.6605e-05
2.91431e-05
3.42203e-05
-1.3832e-05
-1.10342e-05
-9.67052e-06
-8.74031e-06
-8.00724e-06
-7.44795e-06
-7.00934e-06
-6.66484e-06
-6.39871e-06
-6.2002e-06
-6.06208e-06
-5.97945e-06
-5.94977e-06
-5.97272e-06
-6.05023e-06
-6.1889e-06
-6.40022e-06
-6.70222e-06
-7.11887e-06
-7.68363e-06
-8.42553e-06
-9.35262e-06
-1.03216e-05
-1.10586e-05
-1.14258e-05
-1.13852e-05
-1.09291e-05
-1.00716e-05
-8.83899e-06
-7.262e-06
-5.37253e-06
-3.20443e-06
-7.94843e-07
1.81503e-06
4.58006e-06
7.45224e-06
1.03819e-05
1.3319e-05
1.62124e-05
1.90099e-05
2.16535e-05
2.41273e-05
2.63474e-05
2.90029e-05
3.60644e-05
-1.52519e-05
-1.13653e-05
-9.77053e-06
-8.80216e-06
-8.04324e-06
-7.46502e-06
-7.01289e-06
-6.65807e-06
-6.38419e-06
-6.18006e-06
-6.03818e-06
-5.95343e-06
-5.92313e-06
-5.94684e-06
-6.02626e-06
-6.16789e-06
-6.38316e-06
-6.69e-06
-7.11211e-06
-7.68264e-06
-8.42991e-06
-9.36077e-06
-1.03297e-05
-1.10606e-05
-1.14154e-05
-1.13567e-05
-1.08769e-05
-9.99037e-06
-8.72413e-06
-7.1102e-06
-5.18237e-06
-2.97696e-06
-5.34162e-07
2.10123e-06
4.88003e-06
7.74965e-06
1.06552e-05
1.35403e-05
1.63453e-05
1.90044e-05
2.14352e-05
2.35639e-05
2.52179e-05
2.71163e-05
3.40122e-05
)
;

boundaryField
{
    inlet
    {
        type            uniformJump;
        patchType       cyclic;
        jump            uniform -2.5e-05;
        value           nonuniform List<scalar> 
40
(
9.91534e-07
1.00984e-06
1.02919e-06
1.04877e-06
1.07013e-06
1.09472e-06
1.12461e-06
1.16343e-06
1.21661e-06
1.29109e-06
1.39429e-06
1.53305e-06
1.71318e-06
1.93904e-06
2.21318e-06
2.53684e-06
2.90859e-06
3.31855e-06
3.74918e-06
4.18901e-06
4.60651e-06
4.95023e-06
5.22477e-06
5.43281e-06
5.58845e-06
5.70281e-06
5.78464e-06
5.84163e-06
5.88042e-06
5.90649e-06
5.9241e-06
5.9364e-06
5.94554e-06
5.95289e-06
5.95927e-06
5.9651e-06
5.97055e-06
5.97578e-06
5.9811e-06
5.98622e-06
)
;
        jumpTable       table;
        jumpTableCoeffs
        {
            values          
4
(
(0 -2.5e-05)
(25 -2.5e-05)
(25.5 -0.0001)
(26 -2.5e-05)
)
;
        }
    }
    outlet
    {
        type            uniformJump;
        patchType       cyclic;
        value           nonuniform List<scalar> 
40
(
-2.40085e-05
-2.39902e-05
-2.39708e-05
-2.39512e-05
-2.39299e-05
-2.39053e-05
-2.38754e-05
-2.38366e-05
-2.37834e-05
-2.37089e-05
-2.36057e-05
-2.3467e-05
-2.32868e-05
-2.3061e-05
-2.27868e-05
-2.24632e-05
-2.20914e-05
-2.16815e-05
-2.12508e-05
-2.0811e-05
-2.03935e-05
-2.00498e-05
-1.97752e-05
-1.95672e-05
-1.94115e-05
-1.92972e-05
-1.92154e-05
-1.91584e-05
-1.91196e-05
-1.90935e-05
-1.90759e-05
-1.90636e-05
-1.90545e-05
-1.90471e-05
-1.90407e-05
-1.90349e-05
-1.90295e-05
-1.90242e-05
-1.90189e-05
-1.90138e-05
)
;
    }
    Walls
    {
        type            zeroGradient;
    }
    back
    {
        type            empty;
    }
    front
    {
        type            empty;
    }
}


// ************************************************************************* //
