/*--------------------------------*- C++ -*----------------------------------*\
| =========                 |                                                 |
| \\      /  F ield         | OpenFOAM: The Open Source CFD Toolbox           |
|  \\    /   O peration     | Version:  2312                                  |
|   \\  /    A nd           | Website:  www.openfoam.com                      |
|    \\/     M anipulation  |                                                 |
\*---------------------------------------------------------------------------*/
FoamFile
{
    version     2.0;
    format      ascii;
    arch        "LSB;label=32;scalar=64";
    class       volScalarField;
    location    "95.75";
    object      p;
}
// * * * * * * * * * * * * * * * * * * * * * * * * * * * * * * * * * * * * * //

dimensions      [0 2 -2 0 0 0 0];

internalField   nonuniform List<scalar> 
4800
(
6.24639e-13
-1.2638e-06
-2.248e-06
-3.03253e-06
-3.67217e-06
-4.19873e-06
-4.65108e-06
-5.04135e-06
-5.3816e-06
-5.68445e-06
-5.95741e-06
-6.20169e-06
-6.412e-06
-6.82153e-06
-8.3437e-06
1.66063e-08
-1.24624e-06
-2.23045e-06
-3.01565e-06
-3.65666e-06
-4.18524e-06
-4.64049e-06
-5.03472e-06
-5.38036e-06
-5.69199e-06
-5.98182e-06
-6.26388e-06
-6.55159e-06
-6.95039e-06
-7.69379e-06
3.37249e-08
-1.22804e-06
-2.21227e-06
-2.99827e-06
-3.6408e-06
-4.1711e-06
-4.62803e-06
-5.0256e-06
-5.37564e-06
-5.69351e-06
-5.99273e-06
-6.28803e-06
-6.58675e-06
-6.89697e-06
-7.19564e-06
5.05251e-08
-1.20973e-06
-2.19361e-06
-2.98009e-06
-3.62366e-06
-4.15566e-06
-4.6128e-06
-5.01241e-06
-5.36442e-06
-5.68319e-06
-5.98007e-06
-6.26164e-06
-6.51979e-06
-6.72469e-06
-6.80954e-06
6.83922e-08
-1.18982e-06
-2.1729e-06
-2.95942e-06
-3.60336e-06
-4.13705e-06
-4.59267e-06
-4.99198e-06
-5.34255e-06
-5.65562e-06
-5.93832e-06
-6.18827e-06
-6.38711e-06
-6.49822e-06
-6.46959e-06
8.86716e-08
-1.16697e-06
-2.14872e-06
-2.93472e-06
-3.57812e-06
-4.11218e-06
-4.56555e-06
-4.96079e-06
-5.30493e-06
-5.60481e-06
-5.8627e-06
-6.07054e-06
-6.20821e-06
-6.24775e-06
-6.16282e-06
1.13566e-07
-1.13906e-06
-2.11889e-06
-2.90356e-06
-3.54532e-06
-4.07738e-06
-4.52715e-06
-4.91435e-06
-5.24595e-06
-5.52524e-06
-5.75073e-06
-5.91308e-06
-5.99701e-06
-5.98818e-06
-5.88003e-06
1.47172e-07
-1.10222e-06
-2.07953e-06
-2.86185e-06
-3.50052e-06
-4.0283e-06
-4.47108e-06
-4.84624e-06
-5.15962e-06
-5.4126e-06
-5.6025e-06
-5.72246e-06
-5.76479e-06
-5.72693e-06
-5.61324e-06
1.9619e-07
-1.05008e-06
-2.02436e-06
-2.80316e-06
-3.43698e-06
-3.95791e-06
-4.39006e-06
-4.74894e-06
-5.03985e-06
-5.26382e-06
-5.41946e-06
-5.50447e-06
-5.51834e-06
-5.46605e-06
-5.3565e-06
2.70175e-07
-9.73369e-07
-1.94416e-06
-2.71823e-06
-3.34528e-06
-3.85672e-06
-4.27497e-06
-4.61436e-06
-4.88074e-06
-5.07639e-06
-5.20275e-06
-5.26225e-06
-5.25954e-06
-5.20343e-06
-5.10374e-06
3.81144e-07
-8.59937e-07
-1.82672e-06
-2.59479e-06
-3.21321e-06
-3.71289e-06
-4.11501e-06
-4.43364e-06
-4.67621e-06
-4.84734e-06
-4.95167e-06
-4.99532e-06
-4.98591e-06
-4.93352e-06
-4.84728e-06
5.43e-07
-6.95227e-07
-1.65713e-06
-2.41793e-06
-3.02614e-06
-3.51266e-06
-3.89811e-06
-4.19721e-06
-4.41945e-06
-4.57213e-06
-4.66261e-06
-4.69928e-06
-4.69103e-06
-4.64774e-06
-4.57737e-06
7.71888e-07
-4.62047e-07
-1.41776e-06
-2.17012e-06
-2.76724e-06
-3.24051e-06
-3.61079e-06
-3.89419e-06
-4.10194e-06
-4.24358e-06
-4.32835e-06
-4.3658e-06
-4.36491e-06
-4.33475e-06
-4.28203e-06
1.08738e-06
-1.39418e-07
-1.08723e-06
-1.83033e-06
-2.41669e-06
-2.87862e-06
-3.23694e-06
-3.51061e-06
-3.71151e-06
-3.85025e-06
-3.93714e-06
-3.98209e-06
-3.99371e-06
-3.98004e-06
-3.94671e-06
1.51275e-06
2.97965e-07
-6.39675e-07
-1.37298e-06
-1.94997e-06
-2.40557e-06
-2.75614e-06
-3.02746e-06
-3.23009e-06
-3.37439e-06
-3.47092e-06
-3.52957e-06
-3.55847e-06
-3.56468e-06
-3.55299e-06
2.07316e-06
8.78364e-07
-4.59494e-08
-7.69141e-07
-1.33786e-06
-1.78635e-06
-2.14206e-06
-2.42027e-06
-2.63349e-06
-2.79181e-06
-2.90536e-06
-2.98379e-06
-3.03484e-06
-3.06479e-06
-3.07786e-06
2.79124e-06
1.62874e-06
7.23092e-07
9.66335e-09
-5.55956e-07
-1.00812e-06
-1.37168e-06
-1.66412e-06
-1.89609e-06
-2.07639e-06
-2.21436e-06
-2.31908e-06
-2.39775e-06
-2.45604e-06
-2.49784e-06
3.68153e-06
2.56757e-06
1.6889e-06
9.8746e-07
4.21059e-07
-4.22364e-08
-4.21901e-07
-7.3634e-07
-9.94698e-07
-1.20478e-06
-1.37521e-06
-1.51416e-06
-1.62795e-06
-1.72141e-06
-1.79809e-06
4.74432e-06
3.69759e-06
2.8552e-06
2.17011e-06
1.60615e-06
1.13076e-06
7.25582e-07
3.81064e-07
8.98353e-08
-1.56392e-07
-3.6637e-07
-5.47392e-07
-7.04569e-07
-8.41742e-07
-9.62053e-07
5.95392e-06
4.99244e-06
4.19576e-06
3.52883e-06
2.96576e-06
2.48285e-06
2.05539e-06
1.68116e-06
1.35578e-06
1.07103e-06
8.18268e-07
5.91339e-07
3.86428e-07
2.0052e-07
3.05297e-08
7.19124e-06
6.32327e-06
5.57988e-06
4.93167e-06
4.36103e-06
3.85579e-06
3.40688e-06
3.00441e-06
2.64203e-06
2.31228e-06
2.00894e-06
1.72836e-06
1.46806e-06
1.2255e-06
9.97835e-07
8.25938e-06
7.47451e-06
6.78046e-06
6.1616e-06
5.59693e-06
5.07445e-06
4.59352e-06
4.16063e-06
3.76461e-06
3.39442e-06
3.04555e-06
2.71666e-06
2.40619e-06
2.11178e-06
1.8308e-06
9.06688e-06
8.34532e-06
7.68785e-06
7.08145e-06
6.51541e-06
5.99143e-06
5.50458e-06
5.05247e-06
4.6278e-06
4.22439e-06
3.8395e-06
3.47186e-06
3.11985e-06
2.78147e-06
2.4547e-06
9.65167e-06
8.97891e-06
8.35121e-06
7.76236e-06
7.20977e-06
6.68632e-06
6.19307e-06
5.72469e-06
5.27719e-06
4.84775e-06
4.43424e-06
4.03502e-06
3.64856e-06
3.27345e-06
2.90831e-06
1.00635e-05
9.42985e-06
8.8294e-06
8.25843e-06
7.71416e-06
7.19347e-06
6.69418e-06
6.21351e-06
5.74955e-06
5.30041e-06
4.86422e-06
4.43954e-06
4.02523e-06
3.62038e-06
3.22403e-06
1.03442e-05
9.74266e-06
9.16497e-06
8.60866e-06
8.0718e-06
7.55275e-06
7.0496e-06
6.56091e-06
6.08528e-06
5.62117e-06
5.16725e-06
4.72253e-06
4.28626e-06
3.85781e-06
3.43653e-06
1.05285e-05
9.95275e-06
9.39339e-06
8.8498e-06
8.31998e-06
7.80325e-06
7.2983e-06
6.80429e-06
6.32003e-06
5.8445e-06
5.37688e-06
4.91656e-06
4.46304e-06
4.01596e-06
3.57491e-06
1.06447e-05
1.00899e-05
9.54605e-06
9.01285e-06
8.49009e-06
7.97618e-06
7.47066e-06
6.97293e-06
6.48226e-06
5.99807e-06
5.51989e-06
5.04739e-06
4.58031e-06
4.1185e-06
3.6618e-06
1.07151e-05
1.01778e-05
9.64725e-06
9.1234e-06
8.60639e-06
8.09532e-06
7.5898e-06
7.0895e-06
6.59408e-06
6.10326e-06
5.61684e-06
5.13473e-06
4.65687e-06
4.18334e-06
3.71415e-06
1.07561e-05
1.02336e-05
9.71423e-06
9.19847e-06
8.68661e-06
8.17818e-06
7.67296e-06
7.17086e-06
6.6718e-06
6.17576e-06
5.68276e-06
5.19292e-06
4.70636e-06
4.22333e-06
3.74401e-06
1.07791e-05
1.02691e-05
9.75929e-06
9.25055e-06
8.74323e-06
8.23717e-06
7.73235e-06
7.22889e-06
6.72692e-06
6.22662e-06
5.72822e-06
5.23198e-06
4.73822e-06
4.24733e-06
3.75962e-06
1.07917e-05
1.02923e-05
9.79077e-06
9.28809e-06
8.78469e-06
8.2807e-06
7.77626e-06
7.27168e-06
6.76726e-06
6.26337e-06
5.76038e-06
5.25873e-06
4.75886e-06
4.26129e-06
3.76646e-06
1.07987e-05
1.03085e-05
9.81404e-06
9.31656e-06
8.81651e-06
8.3143e-06
7.81015e-06
7.30457e-06
6.79801e-06
6.29098e-06
5.78401e-06
5.27765e-06
4.77247e-06
4.26911e-06
3.76812e-06
1.08031e-05
1.03208e-05
9.83245e-06
9.33943e-06
8.84221e-06
8.34151e-06
7.83754e-06
7.33101e-06
6.82252e-06
6.31269e-06
5.80217e-06
5.29165e-06
4.78178e-06
4.27331e-06
3.76689e-06
1.08066e-05
1.0331e-05
9.84801e-06
9.35881e-06
8.86397e-06
8.36452e-06
7.86062e-06
7.35317e-06
6.84289e-06
6.33052e-06
5.8168e-06
5.30253e-06
4.78847e-06
4.27544e-06
3.76418e-06
1.08098e-05
1.03403e-05
9.86182e-06
9.37581e-06
8.88312e-06
8.38461e-06
7.88069e-06
7.37233e-06
6.86039e-06
6.34568e-06
5.82906e-06
5.31141e-06
4.79357e-06
4.27645e-06
3.76086e-06
1.08132e-05
1.03489e-05
9.87438e-06
9.39106e-06
8.90032e-06
8.40246e-06
7.89844e-06
7.38921e-06
6.87571e-06
6.35888e-06
5.83963e-06
5.31892e-06
4.79768e-06
4.27688e-06
3.7574e-06
1.0817e-05
1.03571e-05
9.88605e-06
9.40506e-06
8.91591e-06
8.4186e-06
7.91441e-06
7.40434e-06
6.88942e-06
6.37064e-06
5.849e-06
5.32552e-06
4.80119e-06
4.27704e-06
3.75402e-06
1.08213e-05
1.03656e-05
9.89763e-06
9.41881e-06
8.93096e-06
8.43415e-06
7.92974e-06
7.41881e-06
6.9025e-06
6.38186e-06
5.85792e-06
5.33177e-06
4.80446e-06
4.27708e-06
3.75065e-06
1.08259e-05
1.03744e-05
9.90947e-06
9.43272e-06
8.94609e-06
8.44972e-06
7.94504e-06
7.43322e-06
6.91541e-06
6.39272e-06
5.8664e-06
5.3376e-06
4.80744e-06
4.27708e-06
3.74752e-06
-9.4936e-06
-7.22204e-06
-5.83924e-06
-4.91027e-06
-4.17528e-06
-3.62218e-06
-3.20783e-06
-2.90367e-06
-2.6904e-06
-2.55223e-06
-2.47561e-06
-2.44811e-06
-2.45787e-06
-2.49327e-06
-2.54235e-06
-2.59342e-06
-2.63487e-06
-2.65817e-06
-2.66086e-06
-2.64782e-06
-2.63751e-06
-2.63899e-06
-2.62582e-06
-2.50842e-06
-2.20175e-06
-1.66278e-06
-8.76302e-07
1.50337e-07
1.40293e-06
2.86615e-06
4.52144e-06
6.34761e-06
8.31878e-06
1.04015e-05
1.25558e-05
1.47351e-05
1.68857e-05
1.89462e-05
2.08412e-05
2.24735e-05
2.36966e-05
2.43019e-05
2.38196e-05
2.18355e-05
1.66537e-05
-7.93934e-06
-6.72322e-06
-5.65889e-06
-4.82387e-06
-4.13209e-06
-3.59354e-06
-3.18485e-06
-2.88375e-06
-2.67302e-06
-2.53763e-06
-2.46419e-06
-2.44022e-06
-2.45371e-06
-2.49296e-06
-2.5459e-06
-2.60079e-06
-2.64592e-06
-2.67264e-06
-2.67808e-06
-2.66614e-06
-2.65381e-06
-2.64814e-06
-2.62246e-06
-2.49077e-06
-2.17111e-06
-1.62178e-06
-8.27796e-07
2.0322e-07
1.45658e-06
2.91624e-06
4.56232e-06
6.37177e-06
8.31651e-06
1.03602e-05
1.24592e-05
1.45615e-05
1.66066e-05
1.85216e-05
2.02138e-05
2.1555e-05
2.23437e-05
2.22519e-05
2.06203e-05
1.66915e-05
9.23766e-06
-7.12517e-06
-6.3417e-06
-5.47535e-06
-4.72611e-06
-4.08197e-06
-3.56356e-06
-3.16342e-06
-2.86664e-06
-2.65884e-06
-2.52622e-06
-2.45578e-06
-2.43508e-06
-2.45208e-06
-2.49495e-06
-2.55154e-06
-2.61005e-06
-2.65871e-06
-2.68872e-06
-2.69677e-06
-2.68572e-06
-2.67088e-06
-2.65705e-06
-2.6173e-06
-2.46969e-06
-2.1358e-06
-1.57548e-06
-7.74049e-07
2.60448e-07
1.51263e-06
2.96556e-06
4.59767e-06
6.38359e-06
8.29248e-06
1.02845e-05
1.23111e-05
1.43146e-05
1.62256e-05
1.79596e-05
1.94063e-05
2.04135e-05
2.07492e-05
2.00599e-05
1.77703e-05
1.34957e-05
7.02053e-06
-6.62078e-06
-6.03481e-06
-5.32546e-06
-4.64339e-06
-4.04404e-06
-3.54627e-06
-3.15426e-06
-2.86063e-06
-2.65418e-06
-2.52267e-06
-2.4537e-06
-2.43498e-06
-2.45442e-06
-2.50009e-06
-2.55971e-06
-2.62139e-06
-2.67325e-06
-2.7063e-06
-2.71673e-06
-2.7062e-06
-2.68823e-06
-2.66506e-06
-2.60944e-06
-2.44391e-06
-2.09396e-06
-1.52114e-06
-7.11195e-07
3.27158e-07
1.57752e-06
3.02175e-06
4.63618e-06
6.39251e-06
8.25652e-06
1.0184e-05
1.21211e-05
1.40033e-05
1.57527e-05
1.72738e-05
1.84439e-05
1.91013e-05
1.90213e-05
1.79113e-05
1.5407e-05
1.13391e-05
5.99367e-06
-6.24277e-06
-5.77562e-06
-5.18842e-06
-4.58572e-06
-4.02681e-06
-3.54926e-06
-3.16443e-06
-2.87204e-06
-2.66442e-06
-2.53138e-06
-2.4614e-06
-2.44245e-06
-2.46248e-06
-2.50944e-06
-2.57091e-06
-2.63485e-06
-2.68926e-06
-2.72487e-06
-2.7373e-06
-2.72689e-06
-2.70511e-06
-2.6714e-06
-2.59812e-06
-2.41289e-06
-2.04553e-06
-1.45949e-06
-6.4097e-07
4.00296e-07
1.64647e-06
3.07806e-06
4.6689e-06
6.3872e-06
8.19499e-06
1.00433e-05
1.18728e-05
1.36125e-05
1.51772e-05
1.64645e-05
1.7349e-05
1.76759e-05
1.72586e-05
1.58975e-05
1.34188e-05
9.82808e-06
5.47412e-06
-5.93829e-06
-5.55566e-06
-5.06202e-06
-4.53988e-06
-4.02909e-06
-3.57376e-06
-3.19727e-06
-2.90525e-06
-2.69425e-06
-2.55684e-06
-2.48282e-06
-2.46071e-06
-2.47872e-06
-2.52477e-06
-2.58626e-06
-2.65101e-06
-2.70684e-06
-2.74416e-06
-2.75792e-06
-2.74699e-06
-2.72057e-06
-2.67499e-06
-2.58219e-06
-2.37557e-06
-1.9898e-06
-1.39039e-06
-5.63975e-07
4.78153e-07
1.71631e-06
3.12974e-06
4.68904e-06
6.35871e-06
8.0968e-06
9.8497e-06
1.15529e-05
1.31303e-05
1.44928e-05
1.55369e-05
1.61441e-05
1.6183e-05
1.55198e-05
1.40459e-05
1.1721e-05
8.65423e-06
5.15587e-06
-5.67361e-06
-5.35716e-06
-4.94778e-06
-4.49287e-06
-4.03836e-06
-3.61401e-06
-3.25091e-06
-2.96084e-06
-2.74582e-06
-2.60207e-06
-2.52117e-06
-2.49274e-06
-2.50563e-06
-2.54795e-06
-2.60702e-06
-2.67054e-06
-2.72614e-06
-2.76387e-06
-2.77796e-06
-2.76558e-06
-2.73344e-06
-2.67454e-06
-2.56027e-06
-2.33069e-06
-1.92588e-06
-1.3134e-06
-4.80516e-07
5.5921e-07
1.78442e-06
3.1727e-06
4.69053e-06
6.29899e-06
7.95223e-06
9.59242e-06
1.11512e-05
1.25497e-05
1.36993e-05
1.45022e-05
1.4856e-05
1.46618e-05
1.38395e-05
1.23528e-05
1.02376e-05
7.63369e-06
4.78648e-06
-5.42936e-06
-5.16635e-06
-4.8291e-06
-4.44319e-06
-4.04263e-06
-3.65878e-06
-3.31691e-06
-3.03354e-06
-2.81657e-06
-2.66667e-06
-2.57728e-06
-2.53983e-06
-2.54456e-06
-2.58011e-06
-2.63393e-06
-2.69372e-06
-2.74701e-06
-2.78343e-06
-2.79645e-06
-2.78141e-06
-2.74231e-06
-2.66851e-06
-2.53087e-06
-2.27702e-06
-1.85309e-06
-1.22872e-06
-3.92059e-07
6.40714e-07
1.8469e-06
3.20109e-06
4.66512e-06
6.19792e-06
7.74986e-06
9.26002e-06
1.06581e-05
1.18661e-05
1.28003e-05
1.33754e-05
1.35109e-05
1.31422e-05
1.22343e-05
1.07986e-05
8.90513e-06
6.6876e-06
4.33004e-06
-5.19571e-06
-4.97683e-06
-4.70009e-06
-4.37872e-06
-4.03525e-06
-3.69522e-06
-3.38284e-06
-3.11258e-06
-2.89872e-06
-2.74579e-06
-2.64821e-06
-2.60034e-06
-2.59464e-06
-2.62074e-06
-2.66652e-06
-2.71994e-06
-2.76861e-06
-2.80176e-06
-2.81209e-06
-2.79299e-06
-2.74556e-06
-2.65538e-06
-2.49268e-06
-2.21383e-06
-1.77136e-06
-1.13839e-06
-3.01466e-07
7.17781e-07
1.89825e-06
3.20615e-06
4.60162e-06
6.0427e-06
7.47637e-06
8.84027e-06
1.00651e-05
1.10771e-05
1.18025e-05
1.21725e-05
1.21304e-05
1.16421e-05
1.07052e-05
9.35678e-06
7.67537e-06
5.77513e-06
3.79084e-06
-4.96564e-06
-4.78421e-06
-4.55832e-06
-4.29447e-06
-4.0066e-06
-3.71341e-06
-3.43409e-06
-3.18393e-06
-2.98171e-06
-2.83105e-06
-2.72711e-06
-2.66904e-06
-2.65205e-06
-2.66697e-06
-2.70253e-06
-2.74728e-06
-2.78916e-06
-2.81711e-06
-2.82312e-06
-2.79859e-06
-2.7416e-06
-2.63389e-06
-2.44512e-06
-2.14138e-06
-1.68322e-06
-1.04571e-06
-2.16015e-07
7.8629e-07
1.92977e-06
3.1749e-06
4.48584e-06
5.81824e-06
7.11708e-06
8.32104e-06
9.36479e-06
1.01825e-05
1.07135e-05
1.09072e-05
1.07289e-05
1.0168e-05
9.24203e-06
7.99808e-06
6.50996e-06
4.86952e-06
3.17484e-06
-4.73139e-06
-4.58267e-06
-4.40004e-06
-4.18661e-06
-3.95082e-06
-3.70572e-06
-3.45953e-06
-3.23569e-06
-3.05392e-06
-2.91018e-06
-2.80319e-06
-2.73729e-06
-2.70996e-06
-2.71348e-06
-2.73778e-06
-2.77238e-06
-2.80588e-06
-2.82715e-06
-2.82755e-06
-2.79661e-06
-2.7293e-06
-2.60361e-06
-2.38895e-06
-2.06171e-06
-1.59659e-06
-9.59528e-07
-1.38147e-07
8.39047e-07
1.9254e-06
3.0907e-06
4.3007e-06
5.50751e-06
6.65677e-06
7.69116e-06
8.55223e-06
9.18344e-06
9.54094e-06
9.58976e-06
9.31352e-06
8.71725e-06
7.82814e-06
6.69383e-06
5.37781e-06
3.95157e-06
2.48676e-06
-4.48336e-06
-4.36404e-06
-4.21873e-06
-4.04862e-06
-3.85804e-06
-3.65566e-06
-3.45174e-06
-3.26341e-06
-3.10157e-06
-2.96684e-06
-2.86299e-06
-2.7942e-06
-2.75945e-06
-2.75303e-06
-2.76657e-06
-2.79086e-06
-2.81546e-06
-2.82944e-06
-2.82371e-06
-2.78619e-06
-2.70874e-06
-2.5663e-06
-2.32618e-06
-1.98389e-06
-1.52084e-06
-8.83856e-07
-7.38909e-08
8.53386e-07
1.86364e-06
2.93446e-06
4.02691e-06
5.09258e-06
6.08075e-06
6.94083e-06
7.62609e-06
8.08397e-06
8.29165e-06
8.2267e-06
7.88532e-06
7.28134e-06
6.44461e-06
5.41816e-06
4.25388e-06
3.00648e-06
1.7286e-06
-4.20983e-06
-4.11781e-06
-4.00586e-06
-3.8744e-06
-3.72601e-06
-3.56665e-06
-3.40461e-06
-3.24935e-06
-3.10929e-06
-2.98975e-06
-2.8953e-06
-2.82909e-06
-2.79107e-06
-2.77773e-06
-2.78266e-06
-2.79807e-06
-2.81473e-06
-2.82215e-06
-2.81098e-06
-2.76809e-06
-2.68201e-06
-2.52715e-06
-2.26544e-06
-1.91699e-06
-1.45634e-06
-8.28048e-07
-5.83596e-08
8.02625e-07
1.72433e-06
2.68495e-06
3.64405e-06
4.55648e-06
5.37695e-06
6.06216e-06
6.57271e-06
6.88651e-06
6.97166e-06
6.82167e-06
6.44194e-06
5.84983e-06
5.07361e-06
4.14963e-06
3.11893e-06
2.02294e-06
9.0059e-07
-3.89678e-06
-3.83109e-06
-3.75018e-06
-3.65428e-06
-3.54483e-06
-3.42554e-06
-3.30185e-06
-3.18013e-06
-3.06713e-06
-2.96869e-06
-2.8891e-06
-2.83104e-06
-2.79516e-06
-2.77965e-06
-2.78003e-06
-2.78994e-06
-2.80146e-06
-2.80489e-06
-2.79067e-06
-2.74553e-06
-2.65475e-06
-2.49337e-06
-2.22395e-06
-1.86613e-06
-1.41893e-06
-8.25668e-07
-1.15372e-07
6.63521e-07
1.48397e-06
2.31919e-06
3.13263e-06
3.8852e-06
4.53891e-06
5.06047e-06
5.42221e-06
5.60316e-06
5.58894e-06
5.37857e-06
4.98106e-06
4.41379e-06
3.70121e-06
2.87266e-06
1.9598e-06
9.93793e-07
3.53854e-09
-3.52665e-06
-3.48752e-06
-3.43667e-06
-3.37436e-06
-3.30134e-06
-3.21985e-06
-3.1335e-06
-3.04688e-06
-2.96499e-06
-2.89255e-06
-2.83326e-06
-2.78962e-06
-2.76264e-06
-2.7516e-06
-2.75355e-06
-2.7636e-06
-2.77515e-06
-2.77945e-06
-2.76698e-06
-2.72493e-06
-2.63665e-06
-2.47738e-06
-2.21536e-06
-1.86391e-06
-1.43675e-06
-8.99523e-07
-2.67878e-07
4.14118e-07
1.11749e-06
1.81542e-06
2.47704e-06
3.06986e-06
3.56474e-06
3.9381e-06
4.16873e-06
4.24137e-06
4.15114e-06
3.9014e-06
3.50183e-06
2.96767e-06
2.31884e-06
1.57822e-06
7.69816e-07
-8.31307e-08
-9.59112e-07
-3.07767e-06
-3.06691e-06
-3.04696e-06
-3.01823e-06
-2.98122e-06
-2.93734e-06
-2.88904e-06
-2.83947e-06
-2.79218e-06
-2.75062e-06
-2.71777e-06
-2.69588e-06
-2.68604e-06
-2.68809e-06
-2.70005e-06
-2.7182e-06
-2.73752e-06
-2.75044e-06
-2.74758e-06
-2.71698e-06
-2.64159e-06
-2.49765e-06
-2.25824e-06
-1.93559e-06
-1.54525e-06
-1.07613e-06
-5.41054e-07
2.70865e-08
6.00537e-07
1.15535e-06
1.66558e-06
2.10822e-06
2.45895e-06
2.70337e-06
2.82303e-06
2.81043e-06
2.66619e-06
2.39504e-06
2.0054e-06
1.50959e-06
9.23184e-07
2.63568e-07
-4.51391e-07
-1.2045e-06
-1.97978e-06
-2.52751e-06
-2.54845e-06
-2.56215e-06
-2.56917e-06
-2.56999e-06
-2.56561e-06
-2.55766e-06
-2.54828e-06
-2.53991e-06
-2.535e-06
-2.53582e-06
-2.5442e-06
-2.56113e-06
-2.58682e-06
-2.61994e-06
-2.65736e-06
-2.69454e-06
-2.72618e-06
-2.74401e-06
-2.73703e-06
-2.68854e-06
-2.57694e-06
-2.37955e-06
-2.10681e-06
-1.77683e-06
-1.39246e-06
-9.65508e-07
-5.20733e-07
-8.23715e-08
3.28274e-07
6.92308e-07
9.96137e-07
1.22788e-06
1.36387e-06
1.39449e-06
1.31936e-06
1.14111e-06
8.63594e-07
4.93192e-07
3.94026e-08
-4.85957e-07
-1.07002e-06
-1.69979e-06
-2.36273e-06
-3.04702e-06
-1.86308e-06
-1.92052e-06
-1.97213e-06
-2.01871e-06
-2.06094e-06
-2.09965e-06
-2.13599e-06
-2.17139e-06
-2.20755e-06
-2.24612e-06
-2.28882e-06
-2.33689e-06
-2.39116e-06
-2.45221e-06
-2.51836e-06
-2.58942e-06
-2.66001e-06
-2.72363e-06
-2.77383e-06
-2.80535e-06
-2.80102e-06
-2.74172e-06
-2.60868e-06
-2.4101e-06
-2.16349e-06
-1.87883e-06
-1.56771e-06
-1.24658e-06
-9.36959e-07
-6.60949e-07
-4.29078e-07
-2.41089e-07
-1.14976e-07
-6.83006e-08
-1.04204e-07
-2.20578e-07
-4.15739e-07
-6.87546e-07
-1.03142e-06
-1.44021e-06
-1.90528e-06
-2.41748e-06
-2.96764e-06
-3.54679e-06
-4.1463e-06
-1.07104e-06
-1.17316e-06
-1.27025e-06
-1.36342e-06
-1.45364e-06
-1.5418e-06
-1.62885e-06
-1.71584e-06
-1.80395e-06
-1.89439e-06
-1.98825e-06
-2.08667e-06
-2.1898e-06
-2.29826e-06
-2.41217e-06
-2.5255e-06
-2.64197e-06
-2.76092e-06
-2.86433e-06
-2.94804e-06
-3.0057e-06
-3.02001e-06
-2.97409e-06
-2.87217e-06
-2.72861e-06
-2.55547e-06
-2.36455e-06
-2.16651e-06
-1.97404e-06
-1.79649e-06
-1.68108e-06
-1.59267e-06
-1.55382e-06
-1.5741e-06
-1.65317e-06
-1.79083e-06
-1.98786e-06
-2.24342e-06
-2.55402e-06
-2.91445e-06
-3.31877e-06
-3.76087e-06
-4.23453e-06
-4.73345e-06
-5.25142e-06
-1.30218e-07
-2.86741e-07
-4.40132e-07
-5.90912e-07
-7.3998e-07
-8.88314e-07
-1.03683e-06
-1.1864e-06
-1.33785e-06
-1.49206e-06
-1.6497e-06
-1.81156e-06
-1.97794e-06
-2.14879e-06
-2.32469e-06
-2.50232e-06
-2.6829e-06
-2.86371e-06
-3.03585e-06
-3.19145e-06
-3.32799e-06
-3.43373e-06
-3.49246e-06
-3.50245e-06
-3.47417e-06
-3.41823e-06
-3.34445e-06
-3.26846e-06
-3.20242e-06
-3.14631e-06
-3.07306e-06
-3.04565e-06
-3.06626e-06
-3.12789e-06
-3.22828e-06
-3.36992e-06
-3.55532e-06
-3.78425e-06
-4.05414e-06
-4.36158e-06
-4.703e-06
-5.07468e-06
-5.47262e-06
-5.89259e-06
-6.33023e-06
7.78713e-07
5.6312e-07
3.49825e-07
1.38143e-07
-7.29338e-08
-2.84395e-07
-4.97084e-07
-7.11701e-07
-9.28877e-07
-1.14922e-06
-1.37329e-06
-1.6016e-06
-1.83445e-06
-2.07195e-06
-2.3139e-06
-2.55906e-06
-2.8063e-06
-3.05315e-06
-3.29497e-06
-3.5273e-06
-3.74573e-06
-3.9428e-06
-4.10227e-06
-4.21628e-06
-4.29071e-06
-4.33401e-06
-4.35473e-06
-4.36353e-06
-4.36556e-06
-4.37264e-06
-4.3861e-06
-4.42128e-06
-4.48113e-06
-4.56391e-06
-4.67122e-06
-4.80676e-06
-4.97281e-06
-5.16941e-06
-5.39536e-06
-5.64911e-06
-5.92892e-06
-6.23273e-06
-6.55812e-06
-6.90243e-06
-7.26289e-06
1.5572e-06
1.28578e-06
1.01538e-06
7.45569e-07
4.75498e-07
2.04319e-07
-6.86597e-08
-3.43981e-07
-6.22109e-07
-9.03482e-07
-1.1885e-06
-1.4775e-06
-1.77068e-06
-2.06796e-06
-2.36902e-06
-2.67295e-06
-2.97846e-06
-3.2839e-06
-3.58641e-06
-3.88224e-06
-4.16721e-06
-4.43635e-06
-4.67286e-06
-4.8642e-06
-5.01336e-06
-5.12827e-06
-5.21811e-06
-5.29002e-06
-5.35135e-06
-5.40505e-06
-5.46675e-06
-5.53864e-06
-5.61994e-06
-5.713e-06
-5.82172e-06
-5.94901e-06
-6.09632e-06
-6.2642e-06
-6.45274e-06
-6.66168e-06
-6.89036e-06
-7.13779e-06
-7.40269e-06
-7.68364e-06
-7.97905e-06
2.13427e-06
1.81521e-06
1.49633e-06
1.17727e-06
8.57393e-07
5.36088e-07
2.12879e-07
-1.12597e-07
-4.40638e-07
-7.71516e-07
-1.10546e-06
-1.44263e-06
-1.78303e-06
-2.1265e-06
-2.47262e-06
-2.82063e-06
-3.16946e-06
-3.51759e-06
-3.86267e-06
-4.20164e-06
-4.53114e-06
-4.84735e-06
-5.13305e-06
-5.37372e-06
-5.57138e-06
-5.73331e-06
-5.86698e-06
-5.97872e-06
-6.07554e-06
-6.16456e-06
-6.25234e-06
-6.34013e-06
-6.43014e-06
-6.52624e-06
-6.63174e-06
-6.74874e-06
-6.87869e-06
-7.02278e-06
-7.1818e-06
-7.35614e-06
-7.54578e-06
-7.75043e-06
-7.9696e-06
-8.20259e-06
-8.44855e-06
2.54861e-06
2.18969e-06
1.83045e-06
1.47064e-06
1.10986e-06
7.47746e-07
3.8404e-07
1.8572e-08
-3.48789e-07
-7.18139e-07
-1.08954e-06
-1.46297e-06
-1.8383e-06
-2.21525e-06
-2.59334e-06
-2.97183e-06
-3.34967e-06
-3.72539e-06
-4.09707e-06
-4.46227e-06
-4.81821e-06
-5.16158e-06
-5.47559e-06
-5.74552e-06
-5.97292e-06
-6.16431e-06
-6.32593e-06
-6.46411e-06
-6.58582e-06
-6.69643e-06
-6.79894e-06
-6.8965e-06
-6.99282e-06
-7.09113e-06
-7.19389e-06
-7.30311e-06
-7.42056e-06
-7.54772e-06
-7.6857e-06
-7.83524e-06
-7.9968e-06
-8.17062e-06
-8.35673e-06
-8.55496e-06
-8.76503e-06
2.8323e-06
2.44103e-06
2.04925e-06
1.65686e-06
1.26367e-06
8.6955e-07
4.74449e-07
7.83795e-08
-3.18624e-07
-7.16497e-07
-1.11514e-06
-1.51437e-06
-1.91395e-06
-2.31345e-06
-2.71233e-06
-3.10981e-06
-3.50487e-06
-3.8962e-06
-4.28219e-06
-4.66076e-06
-5.02956e-06
-5.38572e-06
-5.71354e-06
-5.99904e-06
-6.24358e-06
-6.45302e-06
-6.63297e-06
-6.78933e-06
-6.92748e-06
-7.0512e-06
-7.164e-06
-7.26958e-06
-7.37113e-06
-7.47125e-06
-7.57229e-06
-7.6764e-06
-7.78545e-06
-7.90103e-06
-8.02445e-06
-8.15673e-06
-8.29867e-06
-8.45089e-06
-8.61377e-06
-8.78755e-06
-8.97234e-06
3.01918e-06
2.60215e-06
2.18468e-06
1.76682e-06
1.34856e-06
9.29988e-07
5.11228e-07
9.24555e-08
-3.26145e-07
-7.44361e-07
-1.16195e-06
-1.57861e-06
-1.99395e-06
-2.40748e-06
-2.81857e-06
-3.22645e-06
-3.63015e-06
-4.02849e-06
-4.42005e-06
-4.80305e-06
-5.17552e-06
-5.535e-06
-5.86727e-06
-6.15963e-06
-6.41338e-06
-6.63367e-06
-6.82543e-06
-6.99355e-06
-7.14237e-06
-7.27538e-06
-7.3962e-06
-7.50807e-06
-7.61371e-06
-7.71562e-06
-7.81618e-06
-7.91751e-06
-8.0215e-06
-8.12981e-06
-8.24388e-06
-8.36494e-06
-8.49403e-06
-8.632e-06
-8.77952e-06
-8.93712e-06
-9.1052e-06
3.13723e-06
2.69992e-06
2.26243e-06
1.82492e-06
1.38759e-06
9.50661e-07
5.14436e-07
7.9219e-08
-3.54676e-07
-7.86914e-07
-1.21713e-06
-1.64491e-06
-2.06978e-06
-2.49116e-06
-2.90841e-06
-3.32073e-06
-3.72724e-06
-4.12683e-06
-4.51826e-06
-4.90001e-06
-5.27044e-06
-5.62749e-06
-5.95853e-06
-6.25244e-06
-6.51036e-06
-6.73674e-06
-6.93573e-06
-7.1113e-06
-7.26747e-06
-7.40744e-06
-7.53437e-06
-7.65112e-06
-7.76032e-06
-7.8644e-06
-7.96563e-06
-8.06608e-06
-8.16764e-06
-8.272e-06
-8.38072e-06
-8.49515e-06
-8.61648e-06
-8.74576e-06
-8.88387e-06
-9.03155e-06
-9.18944e-06
3.20806e-06
2.75485e-06
2.30181e-06
1.84925e-06
1.39749e-06
9.46908e-07
4.9793e-07
5.09678e-08
-3.93557e-07
-8.35207e-07
-1.27352e-06
-1.70799e-06
-2.13808e-06
-2.56316e-06
-2.98257e-06
-3.39552e-06
-3.80117e-06
-4.1985e-06
-4.58643e-06
-4.96365e-06
-5.32884e-06
-5.68023e-06
-6.00687e-06
-6.29919e-06
-6.55806e-06
-6.78725e-06
-6.99046e-06
-7.17093e-06
-7.33225e-06
-7.47728e-06
-7.60887e-06
-7.72967e-06
-7.84216e-06
-7.94865e-06
-8.05132e-06
-8.15217e-06
-8.25308e-06
-8.35581e-06
-8.46194e-06
-8.57293e-06
-8.6901e-06
-8.81462e-06
-8.94753e-06
-9.08975e-06
-9.24209e-06
3.24763e-06
2.78187e-06
2.31669e-06
1.85251e-06
1.38977e-06
9.28985e-07
4.70657e-07
1.52974e-08
-4.36586e-07
-8.8447e-07
-1.32782e-06
-1.76605e-06
-2.19858e-06
-2.62474e-06
-3.04387e-06
-3.45518e-06
-3.85788e-06
-4.25103e-06
-4.6337e-06
-5.00473e-06
-5.36308e-06
-5.70722e-06
-6.02781e-06
-6.31674e-06
-6.5746e-06
-6.80457e-06
-7.00973e-06
-7.19343e-06
-7.35833e-06
-7.50712e-06
-7.64235e-06
-7.76652e-06
-7.88195e-06
-7.99086e-06
-8.0953e-06
-8.19727e-06
-8.29864e-06
-8.40116e-06
-8.50647e-06
-8.61611e-06
-8.73148e-06
-8.85386e-06
-8.98443e-06
-9.1242e-06
-9.27413e-06
3.26716e-06
2.79132e-06
2.31649e-06
1.84318e-06
1.37194e-06
9.03373e-07
4.38065e-07
-2.34e-08
-4.80439e-07
-9.3246e-07
-1.37886e-06
-1.81902e-06
-2.25229e-06
-2.67801e-06
-3.09548e-06
-3.50395e-06
-3.90266e-06
-4.29075e-06
-4.6674e-06
-5.03159e-06
-5.3825e-06
-5.71881e-06
-6.03266e-06
-6.31724e-06
-6.57294e-06
-6.80241e-06
-7.00827e-06
-7.19385e-06
-7.36116e-06
-7.51271e-06
-7.65075e-06
-7.77764e-06
-7.89559e-06
-8.0067e-06
-8.11299e-06
-8.21638e-06
-8.31875e-06
-8.42186e-06
-8.5274e-06
-8.63694e-06
-8.75196e-06
-8.87384e-06
-9.00383e-06
-9.14308e-06
-9.29262e-06
3.27422e-06
2.79011e-06
2.30742e-06
1.82675e-06
1.34874e-06
8.74077e-07
4.03399e-07
-6.26411e-08
-5.23397e-07
-9.7822e-07
-1.42646e-06
-1.86744e-06
-2.30051e-06
-2.72497e-06
-3.14012e-06
-3.54522e-06
-3.93957e-06
-4.32234e-06
-4.69283e-06
-5.05013e-06
-5.39361e-06
-5.7221e-06
-6.02907e-06
-6.30891e-06
-6.56181e-06
-6.79002e-06
-6.99598e-06
-7.18238e-06
-7.35116e-06
-7.50469e-06
-7.64484e-06
-7.77385e-06
-7.89386e-06
-8.00688e-06
-8.11486e-06
-8.2197e-06
-8.32326e-06
-8.42732e-06
-8.53358e-06
-8.64368e-06
-8.75917e-06
-8.88146e-06
-9.01192e-06
-9.15174e-06
-9.30206e-06
3.27384e-06
2.78276e-06
2.2935e-06
1.80672e-06
1.32317e-06
8.43555e-07
3.68592e-07
-1.01016e-07
-5.64569e-07
-1.02137e-06
-1.47073e-06
-1.91194e-06
-2.34432e-06
-2.76715e-06
-3.17974e-06
-3.58138e-06
-3.97137e-06
-4.34896e-06
-4.71351e-06
-5.06423e-06
-5.40059e-06
-5.72161e-06
-6.02192e-06
-6.29696e-06
-6.54678e-06
-6.77333e-06
-6.97882e-06
-7.16546e-06
-7.33498e-06
-7.48993e-06
-7.63163e-06
-7.76224e-06
-7.88387e-06
-7.99845e-06
-8.10786e-06
-8.21401e-06
-8.31871e-06
-8.42378e-06
-8.53095e-06
-8.64189e-06
-8.75819e-06
-8.88134e-06
-9.01276e-06
-9.15373e-06
-9.30544e-06
3.26926e-06
2.77218e-06
2.27729e-06
1.78532e-06
1.29707e-06
8.1331e-07
3.34796e-07
-1.37717e-07
-6.03485e-07
-1.06177e-06
-1.51185e-06
-1.95299e-06
-2.38448e-06
-2.8056e-06
-3.21566e-06
-3.61396e-06
-3.99982e-06
-4.37256e-06
-4.73159e-06
-5.07619e-06
-5.40596e-06
-5.72004e-06
-6.01408e-06
-6.28446e-06
-6.53115e-06
-6.75586e-06
-6.96052e-06
-7.14703e-06
-7.31674e-06
-7.4727e-06
-7.61551e-06
-7.74728e-06
-7.87013e-06
-7.9859e-06
-8.09646e-06
-8.20367e-06
-8.30936e-06
-8.41534e-06
-8.52338e-06
-8.63518e-06
-8.75238e-06
-8.87654e-06
-9.0091e-06
-9.15142e-06
-9.30474e-06
3.26254e-06
2.7602e-06
2.26039e-06
1.7639e-06
1.27158e-06
7.84239e-07
3.02684e-07
-1.72291e-07
-6.39904e-07
-1.09938e-06
-1.54997e-06
-1.99092e-06
-2.42149e-06
-2.84097e-06
-3.24866e-06
-3.64386e-06
-4.02595e-06
-4.39427e-06
-4.74826e-06
-5.08731e-06
-5.41108e-06
-5.71882e-06
-6.00707e-06
-6.27306e-06
-6.51671e-06
-6.73951e-06
-6.94317e-06
-7.12917e-06
-7.299e-06
-7.45548e-06
-7.59907e-06
-7.73162e-06
-7.85534e-06
-7.97199e-06
-8.0834e-06
-8.19141e-06
-8.29787e-06
-8.40459e-06
-8.51336e-06
-8.62592e-06
-8.74396e-06
-8.86906e-06
-9.00275e-06
-9.14641e-06
-9.30134e-06
3.25495e-06
2.74794e-06
2.24376e-06
1.74327e-06
1.24735e-06
7.56855e-07
2.72629e-07
-2.045e-07
-6.73714e-07
-1.13421e-06
-1.58521e-06
-2.02594e-06
-2.45566e-06
-2.87363e-06
-3.27917e-06
-3.6716e-06
-4.05029e-06
-4.41462e-06
-4.76411e-06
-5.09817e-06
-5.41655e-06
-5.71857e-06
-6.00155e-06
-6.26348e-06
-6.50426e-06
-6.72517e-06
-6.92771e-06
-7.1128e-06
-7.28299e-06
-7.4396e-06
-7.58369e-06
-7.71673e-06
-7.84102e-06
-7.95827e-06
-8.07027e-06
-8.17884e-06
-8.28584e-06
-8.3931e-06
-8.50242e-06
-8.61558e-06
-8.7343e-06
-8.86023e-06
-8.99491e-06
-9.13979e-06
-9.29621e-06
3.24725e-06
2.73605e-06
2.22797e-06
1.72391e-06
1.22477e-06
7.3146e-07
2.44848e-07
-2.34201e-07
-7.04845e-07
-1.16625e-06
-1.61762e-06
-2.05816e-06
-2.48712e-06
-2.90376e-06
-3.3074e-06
-3.69735e-06
-4.07303e-06
-4.43384e-06
-4.77932e-06
-5.10895e-06
-5.42252e-06
-5.71943e-06
-5.99767e-06
-6.25591e-06
-6.49403e-06
-6.71313e-06
-6.91452e-06
-7.09883e-06
-7.2691e-06
-7.42567e-06
-7.56997e-06
-7.70331e-06
-7.82795e-06
-7.94557e-06
-8.05794e-06
-8.16687e-06
-8.27421e-06
-8.3818e-06
-8.49149e-06
-8.60508e-06
-8.72432e-06
-8.85089e-06
-8.9864e-06
-9.13232e-06
-9.29004e-06
3.23987e-06
2.72493e-06
2.21335e-06
1.70609e-06
1.20408e-06
7.08239e-07
2.19487e-07
-2.61291e-07
-7.33225e-07
-1.19546e-06
-1.64718e-06
-2.08758e-06
-2.51589e-06
-2.93138e-06
-3.33335e-06
-3.72114e-06
-4.09418e-06
-4.45189e-06
-4.79385e-06
-5.11957e-06
-5.42891e-06
-5.72129e-06
-5.9953e-06
-6.25021e-06
-6.48591e-06
-6.70334e-06
-6.90362e-06
-7.08724e-06
-7.25731e-06
-7.41381e-06
-7.55812e-06
-7.69164e-06
-7.81646e-06
-7.93428e-06
-8.04683e-06
-8.15594e-06
-8.26345e-06
-8.37122e-06
-8.48112e-06
-8.59497e-06
-8.71456e-06
-8.84161e-06
-8.97777e-06
-9.12455e-06
-9.28337e-06
3.23294e-06
2.7146e-06
2.19987e-06
1.68971e-06
1.18509e-06
6.86976e-07
1.96285e-07
-2.86064e-07
-7.59178e-07
-1.22219e-06
-1.67425e-06
-2.11455e-06
-2.54232e-06
-2.95681e-06
-3.35734e-06
-3.74324e-06
-4.11396e-06
-4.46895e-06
-4.8078e-06
-5.13008e-06
-5.43566e-06
-5.72401e-06
-5.99421e-06
-6.24611e-06
-6.47961e-06
-6.6955e-06
-6.89475e-06
-7.07778e-06
-7.24751e-06
-7.40384e-06
-7.54805e-06
-7.68164e-06
-7.8065e-06
-7.92437e-06
-8.03697e-06
-8.14612e-06
-8.25365e-06
-8.36146e-06
-8.47142e-06
-8.58539e-06
-8.70519e-06
-8.83257e-06
-8.96921e-06
-9.11667e-06
-9.2764e-06
3.22615e-06
2.70456e-06
2.18681e-06
1.67388e-06
1.16677e-06
6.66463e-07
1.73909e-07
-3.09953e-07
-7.84213e-07
-1.24798e-06
-1.7004e-06
-2.14065e-06
-2.56794e-06
-2.98153e-06
-3.38073e-06
-3.76489e-06
-4.13346e-06
-4.48592e-06
-4.82189e-06
-5.14095e-06
-5.44303e-06
-5.7276e-06
-5.99421e-06
-6.24323e-06
-6.47464e-06
-6.68904e-06
-6.88728e-06
-7.0697e-06
-7.23898e-06
-7.39512e-06
-7.5392e-06
-7.67272e-06
-7.79751e-06
-7.91532e-06
-8.02786e-06
-8.13692e-06
-8.24436e-06
-8.35208e-06
-8.46198e-06
-8.57594e-06
-8.69582e-06
-8.82341e-06
-8.96041e-06
-9.10842e-06
-9.26893e-06
3.21979e-06
2.69509e-06
2.17441e-06
1.65877e-06
1.14921e-06
6.46731e-07
1.52321e-07
-3.33061e-07
-8.08479e-07
-1.27303e-06
-1.72583e-06
-2.16606e-06
-2.59292e-06
-3.00565e-06
-3.40359e-06
-3.78608e-06
-4.15259e-06
-4.50263e-06
-4.83583e-06
-5.15183e-06
-5.45059e-06
-5.73162e-06
-5.9949e-06
-6.24134e-06
-6.4708e-06
-6.68376e-06
-6.88094e-06
-7.06256e-06
-7.23133e-06
-7.38719e-06
-7.53109e-06
-7.6645e-06
-7.78929e-06
-7.90706e-06
-8.01951e-06
-8.12845e-06
-8.23575e-06
-8.34333e-06
-8.4531e-06
-8.567e-06
-8.68689e-06
-8.8146e-06
-8.95187e-06
-9.10034e-06
-9.26152e-06
-7.63088e-06
-1.25094e-05
-1.22447e-05
-1.20913e-05
-1.2342e-05
-1.2845e-05
-1.35365e-05
-1.43783e-05
-1.53497e-05
-1.644e-05
-1.76429e-05
-1.89537e-05
-2.03675e-05
-2.18775e-05
-2.34714e-05
-3.57266e-06
-8.84116e-06
-1.03685e-05
-1.11592e-05
-1.18502e-05
-1.25648e-05
-1.33675e-05
-1.42734e-05
-1.52837e-05
-1.6398e-05
-1.76155e-05
-1.89346e-05
-2.03524e-05
-2.18634e-05
-2.34565e-05
-9.3258e-07
-6.22501e-06
-8.8187e-06
-1.02689e-05
-1.13344e-05
-1.22625e-05
-1.31854e-05
-1.41616e-05
-1.52144e-05
-1.63547e-05
-1.75878e-05
-1.89157e-05
-2.03375e-05
-2.18495e-05
-2.34413e-05
4.00852e-07
-4.42894e-06
-7.49139e-06
-9.40298e-06
-1.07916e-05
-1.19341e-05
-1.29878e-05
-1.40423e-05
-1.51425e-05
-1.63114e-05
-1.75613e-05
-1.88983e-05
-2.03242e-05
-2.18367e-05
-2.34269e-05
1.12997e-06
-2.97691e-06
-6.17117e-06
-8.4486e-06
-1.01556e-05
-1.15332e-05
-1.2743e-05
-1.38955e-05
-1.50558e-05
-1.62607e-05
-1.75315e-05
-1.88798e-05
-2.03105e-05
-2.18238e-05
-2.3412e-05
1.6271e-06
-1.84517e-06
-4.93587e-06
-7.43075e-06
-9.41429e-06
-1.10332e-05
-1.2424e-05
-1.36995e-05
-1.49388e-05
-1.61925e-05
-1.74921e-05
-1.8856e-05
-2.0294e-05
-2.18089e-05
-2.33951e-05
1.89886e-06
-1.04357e-06
-3.90186e-06
-6.44668e-06
-8.61236e-06
-1.04412e-05
-1.20178e-05
-1.34357e-05
-1.47746e-05
-1.60936e-05
-1.74335e-05
-1.88205e-05
-2.02699e-05
-2.17886e-05
-2.33737e-05
1.93681e-06
-5.64495e-07
-3.1344e-06
-5.59445e-06
-7.82719e-06
-9.79903e-06
-1.15367e-05
-1.30985e-05
-1.45502e-05
-1.59499e-05
-1.73434e-05
-1.87634e-05
-2.02308e-05
-2.17571e-05
-2.3343e-05
1.77507e-06
-3.65368e-07
-2.6428e-06
-4.93746e-06
-7.13621e-06
-9.16918e-06
-1.10177e-05
-1.27021e-05
-1.42646e-05
-1.57528e-05
-1.72106e-05
-1.86734e-05
-2.01666e-05
-2.17059e-05
-2.32957e-05
1.45112e-06
-3.96321e-07
-2.40424e-06
-4.49913e-06
-6.59327e-06
-8.6114e-06
-1.05094e-05
-1.22774e-05
-1.39317e-05
-1.55038e-05
-1.70291e-05
-1.85412e-05
-2.00667e-05
-2.16242e-05
-2.32216e-05
9.94065e-07
-6.14254e-07
-2.3843e-06
-4.27403e-06
-6.22328e-06
-8.16793e-06
-1.00566e-05
-1.18607e-05
-1.35754e-05
-1.52141e-05
-1.68006e-05
-1.83618e-05
-1.99224e-05
-2.15014e-05
-2.3109e-05
4.23292e-07
-9.87048e-07
-2.54994e-06
-4.24336e-06
-6.02963e-06
-7.86125e-06
-9.69147e-06
-1.14845e-05
-1.32216e-05
-1.49005e-05
-1.65321e-05
-1.81344e-05
-1.9727e-05
-2.13272e-05
-2.29453e-05
-2.48944e-07
-1.49237e-06
-2.87458e-06
-4.38579e-06
-6.00454e-06
-7.69927e-06
-9.43352e-06
-1.11731e-05
-1.28927e-05
-1.45795e-05
-1.62325e-05
-1.78603e-05
-1.94754e-05
-2.10912e-05
-2.27166e-05
-1.01358e-06
-2.1137e-06
-3.33713e-06
-4.68125e-06
-6.13541e-06
-7.68082e-06
-9.2924e-06
-1.09426e-05
-1.26063e-05
-1.42653e-05
-1.59103e-05
-1.75407e-05
-1.91619e-05
-2.07817e-05
-2.24062e-05
-1.86138e-06
-2.8363e-06
-3.91879e-06
-5.11016e-06
-6.40647e-06
-7.79804e-06
-9.2697e-06
-1.08022e-05
-1.2375e-05
-1.39695e-05
-1.55722e-05
-1.71761e-05
-1.87798e-05
-2.03854e-05
-2.19952e-05
-2.78045e-06
-3.64405e-06
-4.59995e-06
-5.65131e-06
-6.79803e-06
-8.03631e-06
-9.3584e-06
-1.07528e-05
-1.22051e-05
-1.37002e-05
-1.52244e-05
-1.67675e-05
-1.83234e-05
-1.98893e-05
-2.14637e-05
-3.7555e-06
-4.51791e-06
-5.35818e-06
-6.28005e-06
-7.28529e-06
-8.37353e-06
-9.54194e-06
-1.07849e-05
-1.20943e-05
-1.34597e-05
-1.48703e-05
-1.63161e-05
-1.77891e-05
-1.92836e-05
-2.07951e-05
-4.76843e-06
-5.43605e-06
-6.16807e-06
-6.96806e-06
-7.83846e-06
-8.78058e-06
-9.79448e-06
-1.08786e-05
-1.20294e-05
-1.32415e-05
-1.45081e-05
-1.58219e-05
-1.71759e-05
-1.85637e-05
-1.99801e-05
-5.79011e-06
-6.36648e-06
-6.99481e-06
-7.67814e-06
-8.41884e-06
-9.21885e-06
-1.00796e-05
-1.10019e-05
-1.19854e-05
-1.30287e-05
-1.41289e-05
-1.52825e-05
-1.64852e-05
-1.77326e-05
-1.90207e-05
-6.78657e-06
-7.27333e-06
-7.80065e-06
-8.37087e-06
-8.98606e-06
-9.64818e-06
-1.03592e-05
-1.1121e-05
-1.19351e-05
-1.28027e-05
-1.37242e-05
-1.46995e-05
-1.57281e-05
-1.68089e-05
-1.79406e-05
-7.64045e-06
-8.04309e-06
-8.47735e-06
-8.94464e-06
-9.44652e-06
-9.98474e-06
-1.05613e-05
-1.11785e-05
-1.18387e-05
-1.25442e-05
-1.32977e-05
-1.41014e-05
-1.49582e-05
-1.58704e-05
-1.684e-05
-8.28972e-06
-8.62079e-06
-8.97651e-06
-9.3581e-06
-9.76699e-06
-1.02048e-05
-1.06735e-05
-1.11753e-05
-1.17129e-05
-1.22893e-05
-1.29079e-05
-1.35727e-05
-1.42881e-05
-1.50593e-05
-1.58916e-05
-8.70835e-06
-8.98575e-06
-9.28368e-06
-9.60308e-06
-9.94525e-06
-1.03117e-05
-1.07044e-05
-1.11256e-05
-1.15778e-05
-1.20643e-05
-1.2589e-05
-1.31563e-05
-1.37717e-05
-1.44417e-05
-1.5173e-05
-8.98784e-06
-9.22622e-06
-9.48241e-06
-9.75736e-06
-1.00523e-05
-1.03689e-05
-1.07088e-05
-1.10743e-05
-1.1468e-05
-1.1893e-05
-1.23533e-05
-1.28534e-05
-1.33992e-05
-1.39973e-05
-1.46551e-05
-9.16912e-06
-9.38022e-06
-9.60748e-06
-9.85193e-06
-1.01149e-05
-1.03978e-05
-1.07025e-05
-1.10311e-05
-1.1386e-05
-1.17704e-05
-1.21878e-05
-1.26429e-05
-1.31411e-05
-1.36889e-05
-1.42936e-05
-9.28484e-06
-9.47806e-06
-9.68653e-06
-9.91132e-06
-1.01538e-05
-1.04154e-05
-1.06978e-05
-1.10031e-05
-1.13335e-05
-1.16919e-05
-1.20818e-05
-1.25072e-05
-1.29733e-05
-1.3486e-05
-1.40518e-05
-9.35867e-06
-9.54111e-06
-9.7383e-06
-9.9514e-06
-1.01817e-05
-1.04308e-05
-1.07001e-05
-1.09916e-05
-1.13073e-05
-1.16499e-05
-1.20226e-05
-1.24288e-05
-1.28732e-05
-1.3361e-05
-1.38979e-05
-9.40574e-06
-9.58245e-06
-9.7737e-06
-9.98071e-06
-1.02048e-05
-1.04473e-05
-1.07098e-05
-1.09938e-05
-1.13015e-05
-1.16351e-05
-1.19973e-05
-1.23913e-05
-1.28209e-05
-1.32907e-05
-1.38057e-05
-9.43548e-06
-9.60989e-06
-9.79881e-06
-1.00035e-05
-1.02252e-05
-1.04651e-05
-1.07248e-05
-1.10057e-05
-1.13096e-05
-1.16385e-05
-1.19946e-05
-1.23808e-05
-1.28003e-05
-1.32569e-05
-1.37548e-05
-9.45375e-06
-9.62805e-06
-9.81693e-06
-1.00216e-05
-1.02434e-05
-1.04833e-05
-1.07428e-05
-1.10231e-05
-1.13258e-05
-1.16527e-05
-1.20056e-05
-1.23869e-05
-1.27993e-05
-1.32458e-05
-1.373e-05
-9.46421e-06
-9.63969e-06
-9.82989e-06
-1.0036e-05
-1.02592e-05
-1.05006e-05
-1.07613e-05
-1.10426e-05
-1.13457e-05
-1.16722e-05
-1.20236e-05
-1.24018e-05
-1.28089e-05
-1.32476e-05
-1.37205e-05
-9.46923e-06
-9.64656e-06
-9.83877e-06
-1.0047e-05
-1.02725e-05
-1.0516e-05
-1.07788e-05
-1.10619e-05
-1.13663e-05
-1.16933e-05
-1.20441e-05
-1.24203e-05
-1.28236e-05
-1.32559e-05
-1.37195e-05
-9.47042e-06
-9.64986e-06
-9.84436e-06
-1.00551e-05
-1.0283e-05
-1.05291e-05
-1.07943e-05
-1.10794e-05
-1.13855e-05
-1.17135e-05
-1.20644e-05
-1.24393e-05
-1.28396e-05
-1.32667e-05
-1.37223e-05
-9.46891e-06
-9.65047e-06
-9.84728e-06
-1.00604e-05
-1.02909e-05
-1.05396e-05
-1.08072e-05
-1.10946e-05
-1.14025e-05
-1.17317e-05
-1.20829e-05
-1.2457e-05
-1.28549e-05
-1.32776e-05
-1.37264e-05
-9.46553e-06
-9.64908e-06
-9.84807e-06
-1.00636e-05
-1.02964e-05
-1.05475e-05
-1.08175e-05
-1.11071e-05
-1.14169e-05
-1.17473e-05
-1.2099e-05
-1.24725e-05
-1.28685e-05
-1.32875e-05
-1.37304e-05
-9.46093e-06
-9.64627e-06
-9.84723e-06
-1.00648e-05
-1.02999e-05
-1.05533e-05
-1.08255e-05
-1.11171e-05
-1.14286e-05
-1.17603e-05
-1.21125e-05
-1.24856e-05
-1.28799e-05
-1.32958e-05
-1.37336e-05
-9.45561e-06
-9.6425e-06
-9.8452e-06
-1.00647e-05
-1.03018e-05
-1.05572e-05
-1.08314e-05
-1.11248e-05
-1.14379e-05
-1.17707e-05
-1.21235e-05
-1.24964e-05
-1.28893e-05
-1.33025e-05
-1.37358e-05
-9.44979e-06
-9.63804e-06
-9.84226e-06
-1.00634e-05
-1.03023e-05
-1.05595e-05
-1.08355e-05
-1.11306e-05
-1.14451e-05
-1.1779e-05
-1.21323e-05
-1.2505e-05
-1.28968e-05
-1.33076e-05
-1.3737e-05
-9.44335e-06
-9.63282e-06
-9.83844e-06
-1.00612e-05
-1.03017e-05
-1.05606e-05
-1.08383e-05
-1.11351e-05
-1.14509e-05
-1.17859e-05
-1.21397e-05
-1.25123e-05
-1.2903e-05
-1.33116e-05
-1.37374e-05
-9.43684e-06
-9.62742e-06
-9.8343e-06
-1.00584e-05
-1.03004e-05
-1.05609e-05
-1.08402e-05
-1.11384e-05
-1.14555e-05
-1.17914e-05
-1.21458e-05
-1.25182e-05
-1.2908e-05
-1.33146e-05
-1.37371e-05
-1.22428e-06
-1.22592e-06
-1.22701e-06
-1.22736e-06
-1.22657e-06
-1.22421e-06
-1.21991e-06
-1.21341e-06
-1.20457e-06
-1.19335e-06
-1.1798e-06
-1.16401e-06
-1.14608e-06
-1.12608e-06
-1.10402e-06
-1.07981e-06
-1.05317e-06
-1.02358e-06
-9.90131e-07
-9.51355e-07
-9.05155e-07
-8.4873e-07
-7.76746e-07
-6.83002e-07
-5.62458e-07
-4.1032e-07
-2.22268e-07
4.40303e-09
2.69413e-07
5.69343e-07
9.02208e-07
1.26207e-06
1.62826e-06
1.98311e-06
2.30896e-06
2.58967e-06
2.8126e-06
2.96979e-06
3.06087e-06
3.09336e-06
3.08134e-06
3.04266e-06
2.99492e-06
2.95791e-06
2.94119e-06
-1.22115e-06
-1.2236e-06
-1.22468e-06
-1.22444e-06
-1.22266e-06
-1.21901e-06
-1.21321e-06
-1.20504e-06
-1.19431e-06
-1.1809e-06
-1.16469e-06
-1.14559e-06
-1.12352e-06
-1.09838e-06
-1.07005e-06
-1.03833e-06
-1.0029e-06
-9.6325e-07
-9.18536e-07
-8.67372e-07
-8.07672e-07
-7.3632e-07
-6.48902e-07
-5.41681e-07
-4.10971e-07
-2.52648e-07
-6.31496e-08
1.59655e-07
4.1596e-07
7.03888e-07
1.01742e-06
1.34262e-06
1.6689e-06
1.98377e-06
2.27225e-06
2.51947e-06
2.7139e-06
2.85087e-06
2.93254e-06
2.96715e-06
2.96699e-06
2.94566e-06
2.9154e-06
2.88514e-06
2.86245e-06
-1.2191e-06
-1.22396e-06
-1.22643e-06
-1.22703e-06
-1.22577e-06
-1.22238e-06
-1.21662e-06
-1.20831e-06
-1.19727e-06
-1.18335e-06
-1.16638e-06
-1.14624e-06
-1.12278e-06
-1.09586e-06
-1.06535e-06
-1.03111e-06
-9.93007e-07
-9.50874e-07
-9.04414e-07
-8.53059e-07
-7.95757e-07
-7.3036e-07
-6.53398e-07
-5.61359e-07
-4.49281e-07
-3.1097e-07
-1.40707e-07
6.55243e-08
3.09142e-07
5.88482e-07
8.98927e-07
1.22914e-06
1.56507e-06
1.89117e-06
2.19081e-06
2.44862e-06
2.65303e-06
2.79851e-06
2.88642e-06
2.9243e-06
2.92396e-06
2.89874e-06
2.86099e-06
2.81803e-06
2.77069e-06
-1.21921e-06
-1.22736e-06
-1.23191e-06
-1.23395e-06
-1.23382e-06
-1.23132e-06
-1.22626e-06
-1.21847e-06
-1.20781e-06
-1.19413e-06
-1.17725e-06
-1.15703e-06
-1.13333e-06
-1.10604e-06
-1.07514e-06
-1.04073e-06
-1.0031e-06
-9.628e-07
-9.20615e-07
-8.77525e-07
-8.34428e-07
-7.9103e-07
-7.44195e-07
-6.8827e-07
-6.14898e-07
-5.13869e-07
-3.75669e-07
-1.93941e-07
3.40979e-08
3.07055e-07
6.19728e-07
9.61738e-07
1.31806e-06
1.67128e-06
2.0026e-06
2.2941e-06
2.5314e-06
2.70601e-06
2.81666e-06
2.86911e-06
2.87435e-06
2.8463e-06
2.79888e-06
2.73974e-06
2.66749e-06
-1.22341e-06
-1.2351e-06
-1.24202e-06
-1.24583e-06
-1.24723e-06
-1.24609e-06
-1.24226e-06
-1.23563e-06
-1.22607e-06
-1.21345e-06
-1.19761e-06
-1.1784e-06
-1.15571e-06
-1.12953e-06
-1.10003e-06
-1.06766e-06
-1.03336e-06
-9.98688e-07
-9.66032e-07
-9.38589e-07
-9.2006e-07
-9.12973e-07
-9.14147e-07
-9.13235e-07
-8.96219e-07
-8.46933e-07
-7.51378e-07
-6.02258e-07
-3.95917e-07
-1.32765e-07
1.83129e-07
5.40615e-07
9.25054e-07
1.3176e-06
1.69708e-06
2.04215e-06
2.33395e-06
2.55895e-06
2.71117e-06
2.79286e-06
2.81355e-06
2.78795e-06
2.73262e-06
2.65701e-06
2.55912e-06
-1.23321e-06
-1.24828e-06
-1.25756e-06
-1.26328e-06
-1.26643e-06
-1.26696e-06
-1.26477e-06
-1.25979e-06
-1.25195e-06
-1.2411e-06
-1.22713e-06
-1.20989e-06
-1.18933e-06
-1.16554e-06
-1.13892e-06
-1.11036e-06
-1.08155e-06
-1.0553e-06
-1.03593e-06
-1.02936e-06
-1.04269e-06
-1.082e-06
-1.14368e-06
-1.20987e-06
-1.2585e-06
-1.26764e-06
-1.22256e-06
-1.11372e-06
-9.34754e-07
-6.86852e-07
-3.70539e-07
2.76875e-09
4.17815e-07
8.55192e-07
1.29206e-06
1.70366e-06
2.06586e-06
2.35859e-06
2.56916e-06
2.6945e-06
2.74143e-06
2.72517e-06
2.66544e-06
2.5743e-06
2.44975e-06
-1.24946e-06
-1.26754e-06
-1.27904e-06
-1.28666e-06
-1.29166e-06
-1.29403e-06
-1.29372e-06
-1.29073e-06
-1.28501e-06
-1.27645e-06
-1.26491e-06
-1.2503e-06
-1.2326e-06
-1.21201e-06
-1.18913e-06
-1.16531e-06
-1.14299e-06
-1.12635e-06
-1.12178e-06
-1.1382e-06
-1.18632e-06
-1.27613e-06
-1.40314e-06
-1.53971e-06
-1.65578e-06
-1.72923e-06
-1.74309e-06
-1.67988e-06
-1.5299e-06
-1.29165e-06
-9.75798e-07
-5.90444e-07
-1.48943e-07
3.30326e-07
8.24211e-07
1.30554e-06
1.74526e-06
2.11611e-06
2.39724e-06
2.5784e-06
2.66197e-06
2.6627e-06
2.60321e-06
2.49844e-06
2.34669e-06
-1.27243e-06
-1.29311e-06
-1.30663e-06
-1.31607e-06
-1.32292e-06
-1.32719e-06
-1.3289e-06
-1.32808e-06
-1.32471e-06
-1.3187e-06
-1.30992e-06
-1.29829e-06
-1.28379e-06
-1.2667e-06
-1.24781e-06
-1.22882e-06
-1.21291e-06
-1.20549e-06
-1.21511e-06
-1.25374e-06
-1.33567e-06
-1.47481e-06
-1.66656e-06
-1.87358e-06
-2.05816e-06
-2.1916e-06
-2.2505e-06
-2.21988e-06
-2.09391e-06
-1.87263e-06
-1.56262e-06
-1.1719e-06
-7.12426e-07
-2.00571e-07
3.41779e-07
8.86756e-07
1.40174e-06
1.85282e-06
2.2104e-06
2.45556e-06
2.5844e-06
2.60947e-06
2.55543e-06
2.43979e-06
2.26131e-06
-1.30194e-06
-1.32486e-06
-1.34019e-06
-1.35136e-06
-1.35999e-06
-1.36616e-06
-1.36989e-06
-1.37128e-06
-1.37032e-06
-1.36694e-06
-1.361e-06
-1.3524e-06
-1.34111e-06
-1.32744e-06
-1.31227e-06
-1.29758e-06
-1.28713e-06
-1.28743e-06
-1.30898e-06
-1.36697e-06
-1.47854e-06
-1.66116e-06
-1.91124e-06
-2.18062e-06
-2.42282e-06
-2.60373e-06
-2.69869e-06
-2.6946e-06
-2.58767e-06
-2.37935e-06
-2.07602e-06
-1.68509e-06
-1.21647e-06
-6.83612e-07
-1.05694e-07
4.90611e-07
1.07114e-06
1.59694e-06
2.03004e-06
2.34238e-06
2.52213e-06
2.57777e-06
2.53445e-06
2.41152e-06
2.20815e-06
-1.33753e-06
-1.36243e-06
-1.37939e-06
-1.39217e-06
-1.40251e-06
-1.41048e-06
-1.41616e-06
-1.41967e-06
-1.42103e-06
-1.42018e-06
-1.41696e-06
-1.41122e-06
-1.4029e-06
-1.39227e-06
-1.38022e-06
-1.36888e-06
-1.36242e-06
-1.36822e-06
-1.39846e-06
-1.47171e-06
-1.60686e-06
-1.82442e-06
-2.12286e-06
-2.44296e-06
-2.72952e-06
-2.94488e-06
-3.06437e-06
-3.07665e-06
-2.9803e-06
-2.77936e-06
-2.4809e-06
-2.09198e-06
-1.62043e-06
-1.0765e-06
-4.7584e-07
1.57529e-07
7.8998e-07
1.37972e-06
1.88157e-06
2.2592e-06
2.49197e-06
2.58255e-06
2.5548e-06
2.42878e-06
2.20375e-06
-1.3786e-06
-1.40531e-06
-1.42377e-06
-1.43805e-06
-1.44997e-06
-1.45962e-06
-1.46708e-06
-1.47254e-06
-1.47602e-06
-1.47745e-06
-1.47667e-06
-1.47345e-06
-1.46768e-06
-1.45952e-06
-1.4498e-06
-1.44068e-06
-1.43656e-06
-1.44538e-06
-1.48045e-06
-1.56317e-06
-1.71566e-06
-1.9616e-06
-2.29526e-06
-2.65331e-06
-2.97066e-06
-3.20717e-06
-3.33863e-06
-3.35606e-06
-3.26105e-06
-3.06047e-06
-2.76251e-06
-2.37421e-06
-1.90173e-06
-1.35243e-06
-7.38398e-07
-8.02694e-08
5.90512e-07
1.23151e-06
1.79105e-06
2.22806e-06
2.51273e-06
2.6405e-06
2.6323e-06
2.50769e-06
2.26541e-06
-1.42449e-06
-1.45296e-06
-1.47284e-06
-1.48852e-06
-1.5019e-06
-1.51304e-06
-1.52208e-06
-1.52921e-06
-1.5345e-06
-1.53787e-06
-1.53912e-06
-1.53799e-06
-1.53423e-06
-1.5279e-06
-1.51968e-06
-1.51163e-06
-1.50822e-06
-1.5178e-06
-1.55436e-06
-1.64013e-06
-1.80374e-06
-2.07083e-06
-2.4289e-06
-2.81156e-06
-3.1468e-06
-3.39213e-06
-3.52404e-06
-3.53628e-06
-3.43359e-06
-3.22551e-06
-2.92167e-06
-2.52934e-06
-2.05362e-06
-1.49969e-06
-8.76619e-07
-2.01728e-07
4.96711e-07
1.17791e-06
1.78243e-06
2.27042e-06
2.60354e-06
2.76876e-06
2.78298e-06
2.66419e-06
2.4098e-06
-1.47461e-06
-1.50489e-06
-1.52614e-06
-1.54313e-06
-1.55782e-06
-1.57026e-06
-1.58059e-06
-1.58906e-06
-1.59578e-06
-1.60066e-06
-1.60348e-06
-1.60391e-06
-1.6016e-06
-1.59643e-06
-1.5889e-06
-1.5809e-06
-1.57679e-06
-1.58514e-06
-1.62049e-06
-1.70505e-06
-1.87477e-06
-2.15229e-06
-2.52555e-06
-2.92197e-06
-3.26398e-06
-3.50758e-06
-3.63023e-06
-3.62834e-06
-3.50967e-06
-3.28615e-06
-2.96886e-06
-2.56554e-06
-2.08082e-06
-1.51859e-06
-8.85852e-07
-1.97368e-07
5.21415e-07
1.23411e-06
1.87786e-06
2.40631e-06
2.78232e-06
2.98357e-06
3.02187e-06
2.9129e-06
2.65172e-06
-1.5285e-06
-1.5607e-06
-1.58331e-06
-1.60154e-06
-1.61738e-06
-1.63086e-06
-1.64217e-06
-1.6516e-06
-1.65929e-06
-1.66519e-06
-1.66906e-06
-1.67051e-06
-1.66907e-06
-1.66442e-06
-1.65689e-06
-1.64807e-06
-1.64214e-06
-1.64767e-06
-1.67972e-06
-1.76139e-06
-1.9299e-06
-2.20985e-06
-2.59055e-06
-2.99154e-06
-3.33113e-06
-3.56448e-06
-3.66994e-06
-3.64651e-06
-3.50452e-06
-3.25797e-06
-2.91923e-06
-2.49665e-06
-1.99494e-06
-1.41747e-06
-7.70175e-07
-6.60129e-08
6.71133e-07
1.40633e-06
2.0882e-06
2.65207e-06
3.06401e-06
3.29855e-06
3.36171e-06
3.26607e-06
3.00315e-06
-1.58583e-06
-1.62011e-06
-1.64411e-06
-1.66349e-06
-1.68031e-06
-1.69455e-06
-1.70647e-06
-1.71641e-06
-1.72457e-06
-1.73096e-06
-1.73532e-06
-1.73724e-06
-1.73611e-06
-1.73144e-06
-1.72331e-06
-1.71303e-06
-1.70446e-06
-1.70601e-06
-1.73305e-06
-1.8096e-06
-1.9722e-06
-2.24934e-06
-2.63036e-06
-3.02822e-06
-3.35806e-06
-3.5745e-06
-3.65646e-06
-3.60545e-06
-3.43385e-06
-3.1573e-06
-2.78924e-06
-2.33871e-06
-1.81083e-06
-1.20921e-06
-5.39563e-07
1.86098e-07
9.44668e-07
1.7019e-06
2.41661e-06
3.01445e-06
3.45782e-06
3.7237e-06
3.81218e-06
3.73303e-06
3.47275e-06
-1.64644e-06
-1.68302e-06
-1.70843e-06
-1.72887e-06
-1.74645e-06
-1.76113e-06
-1.77321e-06
-1.78315e-06
-1.79124e-06
-1.79753e-06
-1.80182e-06
-1.80367e-06
-1.80237e-06
-1.7972e-06
-1.78803e-06
-1.77585e-06
-1.76411e-06
-1.76096e-06
-1.78177e-06
-1.85114e-06
-2.00538e-06
-2.27557e-06
-2.65122e-06
-3.03985e-06
-3.35425e-06
-3.54825e-06
-3.60209e-06
-3.51871e-06
-3.3122e-06
-2.99943e-06
-2.59468e-06
-2.10766e-06
-1.54416e-06
-9.08477e-07
-2.06835e-07
5.48588e-07
1.33549e-06
2.12022e-06
2.86261e-06
3.49376e-06
3.97027e-06
4.26623e-06
4.37993e-06
4.32006e-06
4.06571e-06
-1.71035e-06
-1.74946e-06
-1.77632e-06
-1.7977e-06
-1.81577e-06
-1.83048e-06
-1.84222e-06
-1.85158e-06
-1.85897e-06
-1.86455e-06
-1.86819e-06
-1.86947e-06
-1.86758e-06
-1.86152e-06
-1.85102e-06
-1.8367e-06
-1.82157e-06
-1.81337e-06
-1.8273e-06
-1.8882e-06
-2.03249e-06
-2.29288e-06
-2.65822e-06
-3.03313e-06
-3.32792e-06
-3.49565e-06
-3.51762e-06
-3.39802e-06
-3.15215e-06
-2.79773e-06
-2.34962e-06
-1.81814e-06
-1.20986e-06
-5.30106e-07
2.13844e-07
1.00906e-06
1.83348e-06
2.65377e-06
3.42467e-06
4.08946e-06
4.60138e-06
4.92877e-06
5.06801e-06
5.03098e-06
4.78348e-06
-1.77776e-06
-1.81963e-06
-1.84797e-06
-1.87011e-06
-1.88832e-06
-1.90257e-06
-1.91336e-06
-1.92147e-06
-1.92747e-06
-1.93169e-06
-1.93407e-06
-1.9343e-06
-1.93152e-06
-1.92431e-06
-1.9123e-06
-1.89582e-06
-1.87729e-06
-1.86403e-06
-1.8709e-06
-1.92273e-06
-2.056e-06
-2.30435e-06
-2.65633e-06
-3.01405e-06
-3.28603e-06
-3.42461e-06
-3.4119e-06
-3.25306e-06
-2.96416e-06
-2.56346e-06
-2.06613e-06
-1.48299e-06
-8.21424e-07
-8.79453e-08
7.0874e-07
1.55438e-06
2.42608e-06
3.28984e-06
4.09977e-06
4.80196e-06
5.34731e-06
5.70968e-06
5.87615e-06
5.86741e-06
5.62563e-06
-1.84903e-06
-1.89391e-06
-1.92371e-06
-1.94636e-06
-1.96427e-06
-1.97743e-06
-1.98654e-06
-1.99259e-06
-1.99644e-06
-1.99858e-06
-1.99909e-06
-1.99782e-06
-1.99387e-06
-1.98547e-06
-1.97188e-06
-1.95337e-06
-1.93167e-06
-1.91359e-06
-1.91357e-06
-1.9562e-06
-2.07794e-06
-2.31283e-06
-2.64929e-06
-2.98735e-06
-3.23413e-06
-3.34144e-06
-3.29195e-06
-3.09153e-06
-2.75666e-06
-2.30579e-06
-1.75423e-06
-1.11311e-06
-3.9061e-07
4.05551e-07
1.26503e-06
2.17184e-06
3.1015e-06
4.01879e-06
4.87745e-06
5.62352e-06
6.20621e-06
6.60569e-06
6.80433e-06
6.8173e-06
6.5968e-06
-1.92468e-06
-1.97282e-06
-2.00403e-06
-2.02684e-06
-2.04385e-06
-2.05513e-06
-2.06163e-06
-2.06471e-06
-2.06553e-06
-2.06485e-06
-2.06293e-06
-2.05981e-06
-2.05426e-06
-2.04458e-06
-2.02978e-06
-2.00948e-06
-1.985e-06
-1.96256e-06
-1.95604e-06
-1.98975e-06
-2.09984e-06
-2.3205e-06
-2.63995e-06
-2.95659e-06
-3.17644e-06
-3.25096e-06
-3.16319e-06
-2.91933e-06
-2.53625e-06
-2.03208e-06
-1.4221e-06
-7.17652e-07
7.24839e-08
9.39378e-07
1.871e-06
2.84936e-06
3.84791e-06
4.82956e-06
5.74689e-06
6.54549e-06
7.17256e-06
7.60935e-06
7.84127e-06
7.8744e-06
7.69155e-06
-2.00542e-06
-2.05706e-06
-2.08955e-06
-2.11203e-06
-2.12734e-06
-2.13573e-06
-2.13852e-06
-2.13751e-06
-2.1343e-06
-2.13001e-06
-2.12512e-06
-2.11967e-06
-2.11237e-06
-2.1015e-06
-2.08581e-06
-2.06414e-06
-2.03742e-06
-2.01123e-06
-1.99883e-06
-2.02407e-06
-2.12275e-06
-2.32884e-06
-2.6303e-06
-2.92433e-06
-3.11607e-06
-3.15677e-06
-3.02965e-06
-2.74116e-06
-2.30802e-06
-1.74809e-06
-1.07637e-06
-3.04174e-07
5.59232e-07
1.50385e-06
2.51601e-06
3.57558e-06
4.65363e-06
5.7107e-06
6.69737e-06
7.55794e-06
8.23696e-06
8.71439e-06
8.98334e-06
9.04064e-06
8.89413e-06
-2.09216e-06
-2.14753e-06
-2.18108e-06
-2.20253e-06
-2.21509e-06
-2.2193e-06
-2.217e-06
-2.21059e-06
-2.20223e-06
-2.19345e-06
-2.18498e-06
-2.17684e-06
-2.16781e-06
-2.15603e-06
-2.1397e-06
-2.11721e-06
-2.08893e-06
-2.05971e-06
-2.0422e-06
-2.05958e-06
-2.1473e-06
-2.33878e-06
-2.62169e-06
-2.89232e-06
-3.05519e-06
-3.06138e-06
-2.89422e-06
-2.56025e-06
-2.0758e-06
-1.45834e-06
-7.22352e-07
1.21026e-07
1.06224e-06
2.0904e-06
3.19029e-06
4.33971e-06
5.50717e-06
6.65042e-06
7.71747e-06
8.65047e-06
9.38897e-06
9.91347e-06
1.02273e-05
1.03166e-05
1.02022e-05
-2.18601e-06
-2.24536e-06
-2.27958e-06
-2.29903e-06
-2.30747e-06
-2.30586e-06
-2.29681e-06
-2.28348e-06
-2.26873e-06
-2.25452e-06
-2.24187e-06
-2.23081e-06
-2.2201e-06
-2.20765e-06
-2.19115e-06
-2.16848e-06
-2.13937e-06
-2.10796e-06
-2.08613e-06
-2.09642e-06
-2.17374e-06
-2.35081e-06
-2.61488e-06
-2.86163e-06
-2.99518e-06
-2.96648e-06
-2.75892e-06
-2.37896e-06
-1.84249e-06
-1.16632e-06
-3.64343e-07
5.52675e-07
1.57508e-06
2.6913e-06
3.8848e-06
5.1314e-06
6.39707e-06
7.63656e-06
8.79472e-06
9.81071e-06
1.0618e-05
1.11946e-05
1.15572e-05
1.16857e-05
1.16123e-05
-2.28837e-06
-2.35191e-06
-2.38621e-06
-2.40234e-06
-2.40482e-06
-2.39538e-06
-2.37759e-06
-2.35558e-06
-2.33307e-06
-2.31251e-06
-2.29513e-06
-2.28098e-06
-2.2687e-06
-2.2559e-06
-2.23975e-06
-2.2176e-06
-2.18847e-06
-2.15574e-06
-2.13049e-06
-2.13449e-06
-2.20205e-06
-2.36505e-06
-2.6102e-06
-2.83285e-06
-2.93685e-06
-2.87315e-06
-2.62511e-06
-2.19902e-06
-1.61022e-06
-8.74788e-07
-5.84666e-09
9.86305e-07
2.0921e-06
3.29953e-06
4.59099e-06
5.94057e-06
7.31184e-06
8.65648e-06
9.91568e-06
1.10248e-05
1.19129e-05
1.25479e-05
1.29622e-05
1.31339e-05
1.31061e-05
-2.40098e-06
-2.4689e-06
-2.50236e-06
-2.51333e-06
-2.5075e-06
-2.48768e-06
-2.4588e-06
-2.42624e-06
-2.39451e-06
-2.36665e-06
-2.34407e-06
-2.32673e-06
-2.31306e-06
-2.30031e-06
-2.28512e-06
-2.26422e-06
-2.23589e-06
-2.20272e-06
-2.17495e-06
-2.1735e-06
-2.23202e-06
-2.38136e-06
-2.60766e-06
-2.80617e-06
-2.88063e-06
-2.78202e-06
-2.49367e-06
-2.02162e-06
-1.38062e-06
-5.85887e-07
3.50244e-07
1.41807e-06
2.60826e-06
3.9086e-06
5.30072e-06
6.75731e-06
8.23985e-06
9.69708e-06
1.1066e-05
1.22771e-05
1.32586e-05
1.39653e-05
1.44327e-05
1.46548e-05
1.46765e-05
-2.52606e-06
-2.59843e-06
-2.62965e-06
-2.63296e-06
-2.61579e-06
-2.58251e-06
-2.53981e-06
-2.49464e-06
-2.45224e-06
-2.41622e-06
-2.38804e-06
-2.3675e-06
-2.35271e-06
-2.34049e-06
-2.32687e-06
-2.30795e-06
-2.28125e-06
-2.24851e-06
-2.21912e-06
-2.21306e-06
-2.26324e-06
-2.39942e-06
-2.60708e-06
-2.78155e-06
-2.82665e-06
-2.69341e-06
-2.36514e-06
-1.8476e-06
-1.15488e-06
-3.01351e-07
7.01503e-07
1.84461e-06
3.11901e-06
4.51246e-06
6.00616e-06
7.57185e-06
9.16938e-06
1.07449e-05
1.22313e-05
1.35531e-05
1.46377e-05
1.54329e-05
1.59574e-05
1.62369e-05
1.63156e-05
-2.66642e-06
-2.74307e-06
-2.76996e-06
-2.76221e-06
-2.72984e-06
-2.6795e-06
-2.61988e-06
-2.55988e-06
-2.50545e-06
-2.4605e-06
-2.42647e-06
-2.40284e-06
-2.38728e-06
-2.37608e-06
-2.36467e-06
-2.34846e-06
-2.32417e-06
-2.29271e-06
-2.26255e-06
-2.25269e-06
-2.29526e-06
-2.41882e-06
-2.60811e-06
-2.75879e-06
-2.77485e-06
-2.60746e-06
-2.23986e-06
-1.67754e-06
-9.33948e-07
-2.25871e-08
1.04587e-06
2.26298e-06
3.62022e-06
5.10549e-06
6.69987e-06
8.37463e-06
1.00886e-05
1.1786e-05
1.33963e-05
1.48383e-05
1.60344e-05
1.69292e-05
1.75224e-05
1.78674e-05
1.80124e-05
-2.82568e-06
-2.90604e-06
-2.92544e-06
-2.90203e-06
-2.84965e-06
-2.77819e-06
-2.69804e-06
-2.6211e-06
-2.55333e-06
-2.4989e-06
-2.45893e-06
-2.43244e-06
-2.41653e-06
-2.4069e-06
-2.3983e-06
-2.38547e-06
-2.36433e-06
-2.33492e-06
-2.30479e-06
-2.29192e-06
-2.32759e-06
-2.43907e-06
-2.61038e-06
-2.73762e-06
-2.72509e-06
-2.52416e-06
-2.11802e-06
-1.51187e-06
-7.18559e-07
2.49237e-07
1.38157e-06
2.67059e-06
4.10819e-06
5.68252e-06
7.3748e-06
9.15633e-06
1.09857e-05
1.28061e-05
1.45444e-05
1.61145e-05
1.74318e-05
1.84351e-05
1.91121e-05
1.95318e-05
1.97558e-05
-3.00862e-06
-3.09124e-06
-3.09844e-06
-3.05327e-06
-2.97487e-06
-2.87703e-06
-2.77381e-06
-2.67748e-06
-2.59529e-06
-2.53098e-06
-2.48518e-06
-2.45618e-06
-2.44039e-06
-2.43286e-06
-2.42766e-06
-2.41882e-06
-2.40148e-06
-2.37481e-06
-2.34544e-06
-2.33029e-06
-2.35972e-06
-2.45972e-06
-2.61346e-06
-2.71772e-06
-2.67719e-06
-2.44347e-06
-1.99973e-06
-1.35091e-06
-5.09303e-07
5.13149e-07
1.70711e-06
3.06519e-06
4.57963e-06
6.23886e-06
8.02443e-06
9.90812e-06
1.1849e-05
1.37906e-05
1.56583e-05
1.73619e-05
1.8809e-05
1.9931e-05
2.07086e-05
2.12146e-05
2.15348e-05
-3.22159e-06
-3.30344e-06
-3.2915e-06
-3.21652e-06
-3.10478e-06
-2.97558e-06
-2.84563e-06
-2.7282e-06
-2.63082e-06
-2.55655e-06
-2.50517e-06
-2.4741e-06
-2.45895e-06
-2.45404e-06
-2.45276e-06
-2.44846e-06
-2.43546e-06
-2.41213e-06
-2.38415e-06
-2.36737e-06
-2.39121e-06
-2.4803e-06
-2.61699e-06
-2.6988e-06
-2.63095e-06
-2.36532e-06
-1.88506e-06
-1.19491e-06
-3.06665e-07
7.68333e-07
2.0212e-06
3.44483e-06
5.0317e-06
6.77039e-06
8.6429e-06
1.06219e-05
1.26676e-05
1.4725e-05
1.67197e-05
1.85592e-05
2.0144e-05
2.13958e-05
2.22886e-05
2.28977e-05
2.33376e-05
-3.47325e-06
-3.54836e-06
-3.50702e-06
-3.39153e-06
-3.23869e-06
-3.07239e-06
-2.91249e-06
-2.77261e-06
-2.65966e-06
-2.57561e-06
-2.51911e-06
-2.48649e-06
-2.47249e-06
-2.47069e-06
-2.47376e-06
-2.47442e-06
-2.46622e-06
-2.44671e-06
-2.42066e-06
-2.40284e-06
-2.42169e-06
-2.50043e-06
-2.62061e-06
-2.68059e-06
-2.5862e-06
-2.28964e-06
-1.77406e-06
-1.04405e-06
-1.1104e-07
1.01412e-06
2.32278e-06
3.80792e-06
5.46201e-06
7.27363e-06
9.22516e-06
1.12903e-05
1.34312e-05
1.55953e-05
1.77106e-05
1.96843e-05
2.14117e-05
2.28048e-05
2.38264e-05
2.45593e-05
2.51516e-05
-3.7756e-06
-3.83258e-06
-3.74692e-06
-3.57795e-06
-3.37469e-06
-3.16589e-06
-2.97342e-06
-2.81025e-06
-2.6818e-06
-2.58845e-06
-2.52739e-06
-2.4938e-06
-2.48144e-06
-2.48314e-06
-2.49093e-06
-2.49686e-06
-2.49379e-06
-2.47848e-06
-2.4548e-06
-2.43643e-06
-2.45082e-06
-2.5198e-06
-2.62404e-06
-2.66287e-06
-2.54279e-06
-2.21636e-06
-1.66676e-06
-8.98503e-07
7.72563e-08
1.24997e-06
2.61101e-06
4.15319e-06
5.86868e-06
7.7458e-06
9.76711e-06
1.19073e-05
1.41309e-05
1.63888e-05
1.86131e-05
2.07137e-05
2.25837e-05
2.41273e-05
2.52927e-05
2.61739e-05
2.6965e-05
-4.1456e-06
-4.16323e-06
-4.01203e-06
-3.77457e-06
-3.51045e-06
-3.25437e-06
-3.02758e-06
-2.84096e-06
-2.69752e-06
-2.59558e-06
-2.53064e-06
-2.49661e-06
-2.48632e-06
-2.49186e-06
-2.5046e-06
-2.51603e-06
-2.5183e-06
-2.50744e-06
-2.48647e-06
-2.46797e-06
-2.4784e-06
-2.53815e-06
-2.62705e-06
-2.64546e-06
-2.5006e-06
-2.14543e-06
-1.56319e-06
-7.58382e-07
2.57981e-07
1.47549e-06
2.88528e-06
4.47972e-06
6.25035e-06
8.18487e-06
1.02657e-05
1.24682e-05
1.47593e-05
1.7094e-05
1.94102e-05
2.16237e-05
2.36291e-05
2.53271e-05
2.66503e-05
2.77084e-05
2.87666e-05
-4.60755e-06
-4.54774e-06
-4.30168e-06
-3.97773e-06
-3.64314e-06
-3.33614e-06
-3.07437e-06
-2.86488e-06
-2.70741e-06
-2.59774e-06
-2.52963e-06
-2.49567e-06
-2.48779e-06
-2.49737e-06
-2.5152e-06
-2.5322e-06
-2.53993e-06
-2.53368e-06
-2.51564e-06
-2.49734e-06
-2.50424e-06
-2.5553e-06
-2.62948e-06
-2.62824e-06
-2.45957e-06
-2.07683e-06
-1.46337e-06
-6.2378e-07
4.30964e-07
1.69039e-06
3.14517e-06
4.78692e-06
6.60618e-06
8.58959e-06
1.07189e-05
1.29698e-05
1.53111e-05
1.7702e-05
2.00872e-05
2.23912e-05
2.45149e-05
2.6362e-05
2.78515e-05
2.91178e-05
3.05446e-05
-5.19541e-06
-4.9893e-06
-4.61369e-06
-4.18263e-06
-3.76931e-06
-3.40962e-06
-3.11354e-06
-2.88253e-06
-2.71228e-06
-2.59587e-06
-2.52523e-06
-2.49177e-06
-2.48651e-06
-2.50023e-06
-2.52315e-06
-2.54572e-06
-2.5589e-06
-2.5573e-06
-2.54235e-06
-2.52453e-06
-2.52827e-06
-2.57113e-06
-2.63123e-06
-2.61112e-06
-2.41962e-06
-2.01056e-06
-1.36735e-06
-4.9478e-07
5.96065e-07
1.89448e-06
3.39042e-06
5.07443e-06
6.9357e-06
8.95932e-06
1.11258e-05
1.34104e-05
1.5783e-05
1.82062e-05
2.06318e-05
2.29947e-05
2.52065e-05
2.71828e-05
2.88335e-05
3.03356e-05
3.22805e-05
-5.95546e-06
-5.484e-06
-4.93754e-06
-4.38262e-06
-3.8851e-06
-3.47339e-06
-3.14516e-06
-2.89466e-06
-2.71317e-06
-2.591e-06
-2.51841e-06
-2.48572e-06
-2.48319e-06
-2.50102e-06
-2.52895e-06
-2.55696e-06
-2.57549e-06
-2.57851e-06
-2.56671e-06
-2.54954e-06
-2.55046e-06
-2.58559e-06
-2.63222e-06
-2.59405e-06
-2.38076e-06
-1.9466e-06
-1.27517e-06
-3.71474e-07
7.53138e-07
2.08755e-06
3.62076e-06
5.34197e-06
7.23861e-06
9.29373e-06
1.14859e-05
1.37892e-05
1.61732e-05
1.86027e-05
2.10351e-05
2.34156e-05
2.56695e-05
2.7733e-05
2.95141e-05
3.12585e-05
3.39294e-05
-6.93273e-06
-6.02261e-06
-5.25779e-06
-4.56866e-06
-3.98641e-06
-3.52641e-06
-3.16967e-06
-2.90229e-06
-2.71118e-06
-2.58417e-06
-2.51011e-06
-2.47835e-06
-2.47852e-06
-2.50032e-06
-2.53306e-06
-2.56632e-06
-2.59001e-06
-2.59753e-06
-2.58886e-06
-2.57246e-06
-2.57082e-06
-2.59865e-06
-2.63243e-06
-2.57701e-06
-2.34293e-06
-1.88492e-06
-1.18675e-06
-2.53781e-07
9.02282e-07
2.26973e-06
3.83638e-06
5.5898e-06
7.5153e-06
9.59337e-06
1.18e-05
1.41069e-05
1.64821e-05
1.88904e-05
2.12919e-05
2.36393e-05
2.58712e-05
2.79506e-05
2.97903e-05
3.17425e-05
3.54199e-05
-8.22347e-06
-6.59104e-06
-5.55291e-06
-4.73118e-06
-4.07089e-06
-3.56937e-06
-3.1888e-06
-2.90722e-06
-2.70787e-06
-2.57665e-06
-2.50126e-06
-2.47035e-06
-2.47301e-06
-2.49853e-06
-2.53579e-06
-2.57401e-06
-2.60264e-06
-2.61452e-06
-2.60892e-06
-2.59339e-06
-2.58942e-06
-2.61037e-06
-2.6319e-06
-2.56e-06
-2.30608e-06
-1.82531e-06
-1.10166e-06
-1.40936e-07
1.04467e-06
2.44269e-06
4.03959e-06
5.82098e-06
7.7697e-06
9.86322e-06
1.20742e-05
1.4371e-05
1.67184e-05
1.90785e-05
2.14096e-05
2.36658e-05
2.57932e-05
2.77771e-05
2.95394e-05
3.16127e-05
3.67157e-05
-9.94276e-06
-7.15827e-06
-5.79193e-06
-4.86199e-06
-4.14099e-06
-3.60692e-06
-3.20694e-06
-2.9129e-06
-2.70569e-06
-2.56997e-06
-2.49272e-06
-2.46206e-06
-2.46664e-06
-2.49536e-06
-2.53675e-06
-2.57963e-06
-2.61301e-06
-2.62915e-06
-2.62668e-06
-2.61217e-06
-2.60618e-06
-2.62077e-06
-2.63081e-06
-2.54334e-06
-2.27054e-06
-1.76797e-06
-1.01984e-06
-3.24117e-08
1.18149e-06
2.60853e-06
4.23361e-06
6.04026e-06
8.00857e-06
1.01126e-05
1.2321e-05
1.45979e-05
1.69032e-05
1.91932e-05
2.14199e-05
2.35281e-05
2.54569e-05
2.71804e-05
2.86075e-05
3.05423e-05
3.73686e-05
-1.13999e-05
-7.52254e-06
-5.91652e-06
-4.94284e-06
-4.19291e-06
-3.63816e-06
-3.22371e-06
-2.9191e-06
-2.70454e-06
-2.56423e-06
-2.48474e-06
-2.45385e-06
-2.45985e-06
-2.49129e-06
-2.53636e-06
-2.58352e-06
-2.62135e-06
-2.6416e-06
-2.64222e-06
-2.62889e-06
-2.62119e-06
-2.62991e-06
-2.62926e-06
-2.52743e-06
-2.23738e-06
-1.71509e-06
-9.44973e-07
6.61645e-08
1.30487e-06
2.75686e-06
4.40549e-06
6.23215e-06
8.21415e-06
1.0322e-05
1.25204e-05
1.47684e-05
1.702e-05
1.92239e-05
2.13213e-05
2.32413e-05
2.48789e-05
2.61429e-05
2.68088e-05
2.7624e-05
3.36033e-05
)
;

boundaryField
{
    inlet
    {
        type            uniformJump;
        patchType       cyclic;
        jump            uniform -2.5e-05;
        value           nonuniform List<scalar> 
40
(
7.64278e-07
7.80066e-07
7.96218e-07
8.11816e-07
8.28202e-07
8.46783e-07
8.69935e-07
9.02063e-07
9.50246e-07
1.02429e-06
1.13607e-06
1.29883e-06
1.52766e-06
1.84058e-06
2.25879e-06
2.80475e-06
3.49808e-06
4.35072e-06
5.3618e-06
6.50665e-06
7.67561e-06
8.6839e-06
9.44696e-06
9.9983e-06
1.03849e-05
1.06462e-05
1.08153e-05
1.09195e-05
1.09801e-05
1.10131e-05
1.10293e-05
1.10361e-05
1.10382e-05
1.10384e-05
1.10381e-05
1.10381e-05
1.10387e-05
1.104e-05
1.1042e-05
1.10444e-05
)
;
        jumpTable       table;
        jumpTableCoeffs
        {
            values          
4
(
(0 -2.5e-05)
(25 -2.5e-05)
(25.5 -0.0001)
(26 -2.5e-05)
)
;
        }
    }
    outlet
    {
        type            uniformJump;
        patchType       cyclic;
        value           nonuniform List<scalar> 
40
(
-2.42357e-05
-2.42199e-05
-2.42038e-05
-2.41882e-05
-2.41718e-05
-2.41532e-05
-2.41301e-05
-2.40979e-05
-2.40498e-05
-2.39757e-05
-2.38639e-05
-2.37012e-05
-2.34723e-05
-2.31594e-05
-2.27412e-05
-2.21953e-05
-2.15019e-05
-2.06493e-05
-1.96382e-05
-1.84934e-05
-1.73244e-05
-1.63161e-05
-1.5553e-05
-1.50017e-05
-1.46151e-05
-1.43538e-05
-1.41847e-05
-1.40805e-05
-1.40199e-05
-1.39869e-05
-1.39707e-05
-1.39639e-05
-1.39618e-05
-1.39616e-05
-1.39619e-05
-1.39619e-05
-1.39613e-05
-1.396e-05
-1.3958e-05
-1.39556e-05
)
;
    }
    Walls
    {
        type            zeroGradient;
    }
    back
    {
        type            empty;
    }
    front
    {
        type            empty;
    }
}


// ************************************************************************* //
