/*--------------------------------*- C++ -*----------------------------------*\
| =========                 |                                                 |
| \\      /  F ield         | OpenFOAM: The Open Source CFD Toolbox           |
|  \\    /   O peration     | Version:  2312                                  |
|   \\  /    A nd           | Website:  www.openfoam.com                      |
|    \\/     M anipulation  |                                                 |
\*---------------------------------------------------------------------------*/
FoamFile
{
    version     2.0;
    format      ascii;
    arch        "LSB;label=32;scalar=64";
    class       volScalarField;
    location    "66.75";
    object      p;
}
// * * * * * * * * * * * * * * * * * * * * * * * * * * * * * * * * * * * * * //

dimensions      [0 2 -2 0 0 0 0];

internalField   nonuniform List<scalar> 
4800
(
3.57846e-13
-1.29495e-06
-2.3001e-06
-3.09786e-06
-3.74471e-06
-4.2745e-06
-4.72644e-06
-5.11525e-06
-5.4528e-06
-5.752e-06
-6.02106e-06
-6.26134e-06
-6.46789e-06
-6.87337e-06
-8.38757e-06
1.71808e-08
-1.27672e-06
-2.28189e-06
-3.08037e-06
-3.7286e-06
-4.26053e-06
-4.71537e-06
-5.1082e-06
-5.45118e-06
-5.75912e-06
-6.04497e-06
-6.32283e-06
-6.60631e-06
-7.00081e-06
-7.7391e-06
3.48945e-08
-1.25784e-06
-2.26303e-06
-3.06234e-06
-3.7122e-06
-4.24602e-06
-4.70254e-06
-5.09873e-06
-5.44619e-06
-5.76036e-06
-6.05555e-06
-6.34659e-06
-6.64097e-06
-6.94707e-06
-7.24226e-06
5.22656e-08
-1.23889e-06
-2.24375e-06
-3.04361e-06
-3.69462e-06
-4.23039e-06
-4.68702e-06
-5.08528e-06
-5.43487e-06
-5.74999e-06
-6.04287e-06
-6.32028e-06
-6.5743e-06
-6.77553e-06
-6.8577e-06
7.06969e-08
-1.21838e-06
-2.22248e-06
-3.02246e-06
-3.67399e-06
-4.2116e-06
-4.66694e-06
-5.06476e-06
-5.4131e-06
-5.72269e-06
-6.00151e-06
-6.24752e-06
-6.44261e-06
-6.55056e-06
-6.51976e-06
9.15192e-08
-1.19496e-06
-2.19781e-06
-2.99738e-06
-3.64861e-06
-4.18703e-06
-4.64027e-06
-5.03387e-06
-5.37591e-06
-5.67256e-06
-5.92683e-06
-6.13105e-06
-6.26543e-06
-6.30228e-06
-6.21555e-06
1.16905e-07
-1.16655e-06
-2.16759e-06
-2.96599e-06
-3.61583e-06
-4.15217e-06
-4.60245e-06
-4.98821e-06
-5.31784e-06
-5.59423e-06
-5.81646e-06
-5.97562e-06
-6.05671e-06
-6.04563e-06
-5.93596e-06
1.50929e-07
-1.12931e-06
-2.12797e-06
-2.92421e-06
-3.57124e-06
-4.10343e-06
-4.54723e-06
-4.92138e-06
-5.23302e-06
-5.48352e-06
-5.6706e-06
-5.78784e-06
-5.82782e-06
-5.7881e-06
-5.67313e-06
2.00287e-07
-1.07687e-06
-2.07266e-06
-2.86563e-06
-3.50812e-06
-4.03379e-06
-4.46747e-06
-4.82587e-06
-5.11541e-06
-5.33739e-06
-5.49076e-06
-5.57358e-06
-5.58556e-06
-5.53182e-06
-5.42125e-06
2.74579e-07
-9.99875e-07
-1.99238e-06
-2.78089e-06
-3.41697e-06
-3.93358e-06
-4.35398e-06
-4.69352e-06
-4.95907e-06
-5.15333e-06
-5.27804e-06
-5.33592e-06
-5.33183e-06
-5.27467e-06
-5.17426e-06
3.85918e-07
-8.86055e-07
-1.87474e-06
-2.65757e-06
-3.2854e-06
-3.79077e-06
-4.19579e-06
-4.51533e-06
-4.75775e-06
-4.92818e-06
-5.03156e-06
-5.07421e-06
-5.06396e-06
-5.01095e-06
-4.92435e-06
5.48361e-07
-7.20619e-07
-1.70456e-06
-2.48043e-06
-3.09847e-06
-3.59121e-06
-3.98041e-06
-4.28129e-06
-4.50421e-06
-4.657e-06
-4.74728e-06
-4.78365e-06
-4.77514e-06
-4.73174e-06
-4.66141e-06
7.78279e-07
-4.86052e-07
-1.46382e-06
-2.2315e-06
-2.83882e-06
-3.31877e-06
-3.69373e-06
-3.97988e-06
-4.18927e-06
-4.33193e-06
-4.41735e-06
-4.45522e-06
-4.45471e-06
-4.42498e-06
-4.37278e-06
1.09556e-06
-1.60919e-07
-1.1306e-06
-1.88913e-06
-2.48589e-06
-2.95453e-06
-3.31878e-06
-3.59618e-06
-3.7998e-06
-3.94061e-06
-4.02904e-06
-4.07518e-06
-4.08785e-06
-4.0752e-06
-4.04291e-06
1.52388e-06
2.80699e-07
-6.78313e-07
-1.42712e-06
-2.01458e-06
-2.47506e-06
-2.83391e-06
-3.10989e-06
-3.31636e-06
-3.46391e-06
-3.56294e-06
-3.62356e-06
-3.65419e-06
-3.66204e-06
-3.65197e-06
2.0888e-06
8.67755e-07
-7.67957e-08
-8.15655e-07
-1.39603e-06
-1.85297e-06
-2.21314e-06
-2.49568e-06
-2.71339e-06
-2.87588e-06
-2.99284e-06
-3.074e-06
-3.12743e-06
-3.15964e-06
-3.17492e-06
2.8134e-06
1.62788e-06
7.04085e-07
-2.40524e-08
-6.01233e-07
-1.06063e-06
-1.42933e-06
-1.72606e-06
-1.96313e-06
-2.14847e-06
-2.29065e-06
-2.39877e-06
-2.48042e-06
-2.54155e-06
-2.58614e-06
3.71278e-06
2.58026e-06
1.68645e-06
9.72394e-07
3.96386e-07
-7.28685e-08
-4.589e-07
-7.77664e-07
-1.04112e-06
-1.25652e-06
-1.43157e-06
-1.5744e-06
-1.69171e-06
-1.7886e-06
-1.86865e-06
4.78769e-06
3.72826e-06
2.87498e-06
2.1795e-06
1.60719e-06
1.12685e-06
7.17396e-07
3.68665e-07
7.27913e-08
-1.78028e-07
-3.92158e-07
-5.77039e-07
-7.38079e-07
-8.79215e-07
-1.0035e-06
6.01273e-06
5.04615e-06
4.24392e-06
3.56974e-06
2.99799e-06
2.50746e-06
2.08191e-06
1.70603e-06
1.37729e-06
1.08935e-06
8.33695e-07
6.03697e-07
3.95264e-07
2.05483e-07
3.14735e-08
7.26888e-06
6.40303e-06
5.66093e-06
5.01244e-06
4.43607e-06
3.91934e-06
3.47538e-06
3.0735e-06
2.7099e-06
2.37864e-06
2.07328e-06
1.78981e-06
1.52584e-06
1.27917e-06
1.04717e-06
8.35488e-06
7.57959e-06
6.89232e-06
6.27859e-06
5.72398e-06
5.21326e-06
4.72069e-06
4.27921e-06
3.87979e-06
3.50831e-06
3.1575e-06
2.82537e-06
2.51088e-06
2.21213e-06
1.92655e-06
9.17847e-06
8.47019e-06
7.82402e-06
7.22811e-06
6.67173e-06
6.14923e-06
5.65949e-06
5.20469e-06
4.77891e-06
4.37459e-06
3.98774e-06
3.617e-06
3.26118e-06
2.9185e-06
2.58692e-06
9.77548e-06
9.11831e-06
8.50353e-06
7.92454e-06
7.37733e-06
6.86014e-06
6.36933e-06
5.90198e-06
5.45467e-06
5.02444e-06
4.60912e-06
4.20716e-06
3.81715e-06
3.43773e-06
3.06754e-06
1.0196e-05
9.57903e-06
8.99186e-06
8.4316e-06
7.89595e-06
7.3813e-06
6.88611e-06
6.40776e-06
5.94457e-06
5.49501e-06
5.05738e-06
4.63026e-06
4.21252e-06
3.80329e-06
3.40168e-06
1.04825e-05
9.89797e-06
9.33419e-06
8.78913e-06
8.26085e-06
7.7491e-06
7.25094e-06
6.76528e-06
6.29106e-06
5.82707e-06
5.37206e-06
4.92508e-06
4.48542e-06
4.05254e-06
3.62583e-06
1.06703e-05
1.01118e-05
9.56675e-06
9.03426e-06
8.5135e-06
8.00425e-06
7.50484e-06
7.01438e-06
6.53204e-06
6.05699e-06
5.58849e-06
5.12602e-06
4.66914e-06
4.21755e-06
3.77092e-06
1.07885e-05
1.02508e-05
9.72126e-06
9.19974e-06
8.68584e-06
8.17949e-06
7.6797e-06
7.18584e-06
6.69738e-06
6.21387e-06
5.73495e-06
5.26038e-06
4.78995e-06
4.32357e-06
3.86113e-06
1.08597e-05
1.03391e-05
9.8227e-06
9.31063e-06
8.80281e-06
8.29931e-06
7.79959e-06
7.30333e-06
6.81028e-06
6.32029e-06
5.83324e-06
5.34911e-06
4.8679e-06
4.38973e-06
3.91468e-06
1.09008e-05
1.03946e-05
9.88915e-06
9.38512e-06
8.88267e-06
8.38185e-06
7.88248e-06
7.38452e-06
6.88796e-06
6.39285e-06
5.8993e-06
5.40747e-06
4.91754e-06
4.42983e-06
3.94454e-06
1.09236e-05
1.04295e-05
9.93337e-06
9.43607e-06
8.9384e-06
8.44002e-06
7.94112e-06
7.44188e-06
6.9425e-06
6.44321e-06
5.94431e-06
5.44611e-06
4.94897e-06
4.45333e-06
3.95956e-06
1.09359e-05
1.04521e-05
9.96397e-06
9.47261e-06
8.97886e-06
8.48259e-06
7.98414e-06
7.48384e-06
6.98208e-06
6.47927e-06
5.97583e-06
5.47223e-06
4.96896e-06
4.4666e-06
3.96561e-06
1.09427e-05
1.04677e-05
9.98647e-06
9.50028e-06
9.00982e-06
8.5153e-06
8.01721e-06
7.51596e-06
7.01212e-06
6.50622e-06
5.99882e-06
5.49053e-06
4.98194e-06
4.47373e-06
3.9665e-06
1.09469e-05
1.04795e-05
1.00043e-05
9.52251e-06
9.03484e-06
8.54175e-06
8.04393e-06
7.54178e-06
7.03605e-06
6.52739e-06
6.01647e-06
5.50402e-06
4.99072e-06
4.47736e-06
3.96462e-06
1.09503e-05
1.04895e-05
1.00194e-05
9.54139e-06
9.0561e-06
8.56417e-06
8.06652e-06
7.56348e-06
7.05601e-06
6.54484e-06
6.03075e-06
5.51455e-06
4.99704e-06
4.47907e-06
3.96142e-06
1.09536e-05
1.04986e-05
1.00329e-05
9.55813e-06
9.07482e-06
8.58388e-06
8.08628e-06
7.58236e-06
7.07325e-06
6.55978e-06
6.04281e-06
5.52323e-06
5.00192e-06
4.47981e-06
3.95776e-06
1.09572e-05
1.05071e-05
1.00453e-05
9.57327e-06
9.09164e-06
8.60158e-06
8.10386e-06
7.59909e-06
7.08847e-06
6.57289e-06
6.0533e-06
5.53066e-06
5.00593e-06
4.48011e-06
3.9541e-06
1.09611e-05
1.05155e-05
1.0057e-05
9.58723e-06
9.10684e-06
8.61767e-06
8.11977e-06
7.61419e-06
7.10217e-06
6.58468e-06
6.06271e-06
5.5373e-06
5.00945e-06
4.48024e-06
3.95064e-06
1.09657e-05
1.05241e-05
1.00686e-05
9.60098e-06
9.12191e-06
8.63325e-06
8.13512e-06
7.62873e-06
7.11532e-06
6.596e-06
6.07175e-06
5.54367e-06
5.01283e-06
4.48035e-06
3.94728e-06
1.09706e-05
1.0533e-05
1.00805e-05
9.61495e-06
9.13714e-06
8.64889e-06
8.15051e-06
7.64327e-06
7.12846e-06
6.60708e-06
6.08044e-06
5.5497e-06
5.01599e-06
4.48049e-06
3.94423e-06
-9.53032e-06
-7.26838e-06
-5.89116e-06
-4.96515e-06
-4.23265e-06
-3.68156e-06
-3.26947e-06
-2.96838e-06
-2.75948e-06
-2.62752e-06
-2.55942e-06
-2.54324e-06
-2.56757e-06
-2.62129e-06
-2.69281e-06
-2.77069e-06
-2.84334e-06
-2.90132e-06
-2.94091e-06
-2.9638e-06
-2.98306e-06
-3.00174e-06
-2.98163e-06
-2.83391e-06
-2.48181e-06
-1.88679e-06
-1.0361e-06
6.07193e-08
1.38505e-06
2.91816e-06
4.63973e-06
6.52727e-06
8.5533e-06
1.06838e-05
1.28785e-05
1.50909e-05
1.72678e-05
1.9348e-05
2.12568e-05
2.28968e-05
2.41212e-05
2.47197e-05
2.42181e-05
2.21941e-05
1.69364e-05
-7.9821e-06
-6.77068e-06
-5.71021e-06
-4.87793e-06
-4.18834e-06
-3.6518e-06
-3.24547e-06
-2.94758e-06
-2.7414e-06
-2.61242e-06
-2.54771e-06
-2.53531e-06
-2.56367e-06
-2.62155e-06
-2.69724e-06
-2.77924e-06
-2.85586e-06
-2.91749e-06
-2.96001e-06
-2.98412e-06
-3.00141e-06
-3.01298e-06
-2.98027e-06
-2.81808e-06
-2.45284e-06
-1.84743e-06
-9.89214e-07
1.12218e-07
1.43766e-06
2.96752e-06
4.68019e-06
6.55141e-06
8.55144e-06
1.06433e-05
1.2783e-05
1.49188e-05
1.69902e-05
1.89249e-05
2.06302e-05
2.19778e-05
2.27654e-05
2.26628e-05
2.10043e-05
1.70248e-05
9.49188e-06
-7.17055e-06
-6.38988e-06
-5.52619e-06
-4.77925e-06
-4.13723e-06
-3.62083e-06
-3.22315e-06
-2.92975e-06
-2.72669e-06
-2.6007e-06
-2.53925e-06
-2.53041e-06
-2.56259e-06
-2.62442e-06
-2.70411e-06
-2.79004e-06
-2.87047e-06
-2.9356e-06
-2.98086e-06
-3.00591e-06
-3.02067e-06
-3.02404e-06
-2.9771e-06
-2.79877e-06
-2.41915e-06
-1.80276e-06
-9.37137e-07
1.67947e-07
1.49252e-06
3.01588e-06
4.7148e-06
6.5628e-06
8.5273e-06
1.05677e-05
1.26354e-05
1.46725e-05
1.66099e-05
1.8363e-05
1.98221e-05
2.08344e-05
2.11669e-05
2.0464e-05
1.81456e-05
1.38224e-05
7.28466e-06
-6.66797e-06
-6.08349e-06
-5.37617e-06
-4.69605e-06
-4.09863e-06
-3.6028e-06
-3.21339e-06
-2.92331e-06
-2.7218e-06
-2.59715e-06
-2.53743e-06
-2.53085e-06
-2.56579e-06
-2.63075e-06
-2.7138e-06
-2.8032e-06
-2.88709e-06
-2.95544e-06
-3.00317e-06
-3.02874e-06
-3.04026e-06
-3.03419e-06
-2.97112e-06
-2.77455e-06
-2.37865e-06
-1.74977e-06
-8.75714e-07
2.33373e-07
1.5564e-06
3.07125e-06
4.7526e-06
6.5712e-06
8.491e-06
1.04671e-05
1.24453e-05
1.4361e-05
1.61365e-05
1.76763e-05
1.88579e-05
1.9519e-05
1.94341e-05
1.83092e-05
1.57775e-05
1.16683e-05
6.27346e-06
-6.292e-06
-5.82533e-06
-5.23974e-06
-4.63857e-06
-4.08124e-06
-3.60559e-06
-3.22352e-06
-2.93486e-06
-2.7324e-06
-2.60644e-06
-2.54596e-06
-2.53943e-06
-2.57526e-06
-2.64182e-06
-2.72701e-06
-2.81894e-06
-2.90558e-06
-2.97658e-06
-3.02631e-06
-3.05188e-06
-3.05938e-06
-3.04255e-06
-2.96148e-06
-2.74481e-06
-2.33123e-06
-1.68917e-06
-8.06742e-07
3.05325e-07
1.62443e-06
3.12675e-06
4.78446e-06
6.56509e-06
8.4287e-06
1.03256e-05
1.21962e-05
1.39691e-05
1.55595e-05
1.6865e-05
1.77597e-05
1.80892e-05
1.7666e-05
1.629e-05
1.37867e-05
1.01625e-05
5.76993e-06
-5.99011e-06
-5.60753e-06
-5.11477e-06
-4.5937e-06
-4.08405e-06
-3.63084e-06
-3.25721e-06
-2.96909e-06
-2.76345e-06
-2.63333e-06
-2.56904e-06
-2.55961e-06
-2.59369e-06
-2.65959e-06
-2.74504e-06
-2.83796e-06
-2.92611e-06
-2.9988e-06
-3.04971e-06
-3.07449e-06
-3.07697e-06
-3.0479e-06
-2.94687e-06
-2.70835e-06
-2.27606e-06
-1.62072e-06
-7.30791e-07
3.82087e-07
1.69345e-06
3.17753e-06
4.80345e-06
6.53535e-06
8.3291e-06
1.01304e-05
1.18743e-05
1.34846e-05
1.48722e-05
1.59336e-05
1.65502e-05
1.65907e-05
1.59212e-05
1.44332e-05
1.20869e-05
8.99287e-06
5.46434e-06
-5.72867e-06
-5.41198e-06
-5.00299e-06
-4.54891e-06
-4.09541e-06
-3.67301e-06
-3.31281e-06
-3.02684e-06
-2.81741e-06
-2.68113e-06
-2.61015e-06
-2.59461e-06
-2.62378e-06
-2.68614e-06
-2.7693e-06
-2.86103e-06
-2.94891e-06
-3.02181e-06
-3.07269e-06
-3.09552e-06
-3.09171e-06
-3.04876e-06
-2.9257e-06
-2.66368e-06
-2.212e-06
-1.54383e-06
-6.48064e-07
4.6233e-07
1.76096e-06
3.21937e-06
4.8034e-06
6.47378e-06
8.18227e-06
9.87032e-06
1.14692e-05
1.29001e-05
1.40739e-05
1.48932e-05
1.52557e-05
1.50626e-05
1.42342e-05
1.27347e-05
1.06011e-05
7.97494e-06
5.1038e-06
-5.48847e-06
-5.22511e-06
-4.88801e-06
-4.50277e-06
-4.10336e-06
-3.7212e-06
-3.3823e-06
-3.10314e-06
-2.89197e-06
-2.74969e-06
-2.67037e-06
-2.64596e-06
-2.66709e-06
-2.72274e-06
-2.80064e-06
-2.88852e-06
-2.97384e-06
-3.045e-06
-3.09419e-06
-3.11359e-06
-3.10196e-06
-3.04335e-06
-2.89622e-06
-2.60931e-06
-2.13811e-06
-1.45848e-06
-5.59798e-07
5.43546e-07
1.82291e-06
3.2462e-06
4.776e-06
6.37008e-06
7.97652e-06
9.5337e-06
1.09711e-05
1.22106e-05
1.31683e-05
1.3759e-05
1.39025e-05
1.35347e-05
1.26212e-05
1.11744e-05
9.26539e-06
7.02957e-06
4.65268e-06
-5.25982e-06
-5.04065e-06
-4.76402e-06
-4.44328e-06
-4.10092e-06
-3.7628e-06
-3.45338e-06
-3.18745e-06
-2.9796e-06
-2.83438e-06
-2.74694e-06
-2.71218e-06
-2.7229e-06
-2.76901e-06
-2.83868e-06
-2.91984e-06
-3.00002e-06
-3.06719e-06
-3.11274e-06
-3.12697e-06
-3.10581e-06
-3.02981e-06
-2.85679e-06
-2.54424e-06
-2.05417e-06
-1.36619e-06
-4.68953e-07
6.21102e-07
1.87329e-06
3.24927e-06
4.71004e-06
6.21128e-06
7.69823e-06
9.10792e-06
1.03709e-05
1.14134e-05
1.21614e-05
1.25463e-05
1.25119e-05
1.20247e-05
1.10831e-05
9.72529e-06
8.03101e-06
6.11576e-06
4.11567e-06
-5.03574e-06
-4.85419e-06
-4.62854e-06
-4.36542e-06
-4.07881e-06
-3.78769e-06
-3.51129e-06
-3.26572e-06
-3.0697e-06
-2.92678e-06
-2.83304e-06
-2.78807e-06
-2.78737e-06
-2.82206e-06
-2.88108e-06
-2.95295e-06
-3.02551e-06
-3.08642e-06
-3.1263e-06
-3.1336e-06
-3.10131e-06
-3.00647e-06
-2.80649e-06
-2.46842e-06
-1.96224e-06
-1.2703e-06
-3.82248e-07
6.89729e-07
1.90335e-06
3.21602e-06
4.59101e-06
5.98191e-06
7.33236e-06
8.58042e-06
9.66077e-06
1.05079e-05
1.10607e-05
1.12687e-05
1.10981e-05
1.05388e-05
9.6093e-06
8.35781e-06
6.85925e-06
5.20658e-06
3.49895e-06
-4.80834e-06
-4.65976e-06
-4.47763e-06
-4.26514e-06
-4.03099e-06
-3.78808e-06
-3.54452e-06
-3.32585e-06
-3.15067e-06
-3.01462e-06
-2.91772e-06
-2.86478e-06
-2.85349e-06
-2.87632e-06
-2.92341e-06
-2.98422e-06
-3.04722e-06
-3.1e-06
-3.13252e-06
-3.13146e-06
-3.08689e-06
-2.97249e-06
-2.74557e-06
-2.38403e-06
-1.86627e-06
-1.18276e-06
-3.03986e-07
7.41852e-07
1.89827e-06
3.12954e-06
4.40135e-06
5.66454e-06
6.86332e-06
7.93956e-06
8.83506e-06
9.49519e-06
9.87355e-06
9.93635e-06
9.6679e-06
9.07399e-06
8.18274e-06
7.04278e-06
5.71856e-06
4.28255e-06
2.80718e-06
-4.56763e-06
-4.44879e-06
-4.3043e-06
-4.13542e-06
-3.94666e-06
-3.74674e-06
-3.54638e-06
-3.36325e-06
-3.20782e-06
-3.08082e-06
-2.98702e-06
-2.931e-06
-2.91187e-06
-2.9241e-06
-2.95952e-06
-3.00878e-06
-3.06133e-06
-3.10498e-06
-3.12918e-06
-3.11917e-06
-3.06213e-06
-2.92923e-06
-2.67586e-06
-2.29561e-06
-1.78192e-06
-1.10866e-06
-2.39235e-07
7.57773e-07
1.83631e-06
2.96967e-06
4.12107e-06
5.24065e-06
6.27613e-06
7.17572e-06
7.89065e-06
8.37833e-06
8.60644e-06
8.55531e-06
8.2221e-06
7.62141e-06
6.78398e-06
5.75372e-06
4.58336e-06
3.32837e-06
2.04205e-06
-4.30123e-06
-4.2101e-06
-4.09937e-06
-3.96955e-06
-3.82338e-06
-3.667e-06
-3.50888e-06
-3.35869e-06
-3.22503e-06
-3.11347e-06
-3.02906e-06
-2.97528e-06
-2.95231e-06
-2.95677e-06
-2.98243e-06
-3.0213e-06
-3.06399e-06
-3.09888e-06
-3.11507e-06
-3.09699e-06
-3.02866e-06
-2.88119e-06
-2.60485e-06
-2.21617e-06
-1.71537e-06
-1.04791e-06
-2.19423e-07
7.08478e-07
1.69438e-06
2.71416e-06
3.72899e-06
4.69242e-06
5.55816e-06
6.28242e-06
6.82731e-06
7.16231e-06
7.26577e-06
7.12916e-06
6.75787e-06
6.16999e-06
5.39449e-06
4.46847e-06
3.43364e-06
2.33206e-06
1.20318e-06
-3.99412e-06
-3.9298e-06
-3.85059e-06
-3.7568e-06
-3.65002e-06
-3.53408e-06
-3.41459e-06
-3.29813e-06
-3.1917e-06
-3.10137e-06
-3.03169e-06
-2.98563e-06
-2.96407e-06
-2.96534e-06
-2.98509e-06
-3.01675e-06
-3.05212e-06
-3.08054e-06
-3.09084e-06
-3.06753e-06
-2.99188e-06
-2.83514e-06
-2.55011e-06
-2.15576e-06
-1.67002e-06
-1.03752e-06
-2.73484e-07
5.68819e-07
1.44862e-06
2.33933e-06
3.20479e-06
4.00508e-06
4.7012e-06
5.25825e-06
5.64973e-06
5.85386e-06
5.85767e-06
5.66047e-06
5.27186e-06
4.70982e-06
3.99938e-06
3.17045e-06
2.25527e-06
1.2855e-06
2.9049e-07
-3.62729e-06
-3.59006e-06
-3.54143e-06
-3.48172e-06
-3.41182e-06
-3.33409e-06
-3.25231e-06
-3.17124e-06
-3.0961e-06
-3.03178e-06
-2.98219e-06
-2.95006e-06
-2.93662e-06
-2.94125e-06
-2.96108e-06
-2.99098e-06
-3.02408e-06
-3.05081e-06
-3.05999e-06
-3.03673e-06
-2.96111e-06
-2.80411e-06
-2.52717e-06
-2.14202e-06
-1.67993e-06
-1.10352e-06
-4.23876e-07
3.15044e-07
1.07335e-06
1.82247e-06
2.53175e-06
3.1684e-06
3.70404e-06
4.10746e-06
4.36562e-06
4.46118e-06
4.38868e-06
4.15217e-06
3.76208e-06
3.23419e-06
2.58885e-06
1.84942e-06
1.04037e-06
1.85382e-07
-6.93699e-07
-3.17699e-06
-3.16869e-06
-3.15151e-06
-3.12591e-06
-3.09251e-06
-3.05287e-06
-3.00954e-06
-2.96583e-06
-2.92543e-06
-2.89198e-06
-2.86862e-06
-2.85777e-06
-2.86071e-06
-2.87732e-06
-2.90576e-06
-2.94194e-06
-2.98035e-06
-3.01308e-06
-3.02931e-06
-3.01492e-06
-2.94999e-06
-2.80706e-06
-2.55395e-06
-2.20245e-06
-1.77963e-06
-1.27456e-06
-6.9622e-07
-7.86906e-08
5.43473e-07
1.14405e-06
1.69684e-06
2.17545e-06
2.5593e-06
2.83674e-06
2.98366e-06
2.99297e-06
2.86588e-06
2.60803e-06
2.2285e-06
1.73995e-06
1.15828e-06
5.01304e-07
-2.12725e-07
-9.66263e-07
-1.74305e-06
-2.61864e-06
-2.64261e-06
-2.65964e-06
-2.67033e-06
-2.6753e-06
-2.67563e-06
-2.67308e-06
-2.66988e-06
-2.66861e-06
-2.67186e-06
-2.68203e-06
-2.70105e-06
-2.73009e-06
-2.76922e-06
-2.81735e-06
-2.87143e-06
-2.92641e-06
-2.97532e-06
-3.00956e-06
-3.01682e-06
-2.97762e-06
-2.8669e-06
-2.65844e-06
-2.36253e-06
-2.00383e-06
-1.58777e-06
-1.1242e-06
-6.38184e-07
-1.57874e-07
2.93537e-07
6.95581e-07
1.03334e-06
1.29332e-06
1.45763e-06
1.51259e-06
1.45719e-06
1.29504e-06
1.03078e-06
6.71023e-07
2.25386e-07
-2.94068e-07
-8.74123e-07
-1.50144e-06
-2.1632e-06
-2.84738e-06
-1.93704e-06
-1.99807e-06
-2.05354e-06
-2.10432e-06
-2.15121e-06
-2.19513e-06
-2.23731e-06
-2.27928e-06
-2.32283e-06
-2.36976e-06
-2.42179e-06
-2.48041e-06
-2.54637e-06
-2.62008e-06
-2.70052e-06
-2.78525e-06
-2.87266e-06
-2.95382e-06
-3.01981e-06
-3.06339e-06
-3.06793e-06
-3.01101e-06
-2.87076e-06
-2.65536e-06
-2.38614e-06
-2.07561e-06
-1.7356e-06
-1.38337e-06
-1.0403e-06
-7.28655e-07
-4.59495e-07
-2.48425e-07
-9.61581e-08
-2.36242e-08
-3.78539e-08
-1.36484e-07
-3.16464e-07
-5.7515e-07
-9.08042e-07
-1.308e-06
-1.76615e-06
-2.27303e-06
-2.81922e-06
-3.39556e-06
-3.99326e-06
-1.1165e-06
-1.22281e-06
-1.32434e-06
-1.42232e-06
-1.51779e-06
-1.61174e-06
-1.70518e-06
-1.79926e-06
-1.89522e-06
-1.99439e-06
-2.09791e-06
-2.20691e-06
-2.3221e-06
-2.44309e-06
-2.5704e-06
-2.70233e-06
-2.83215e-06
-2.96118e-06
-3.0831e-06
-3.18189e-06
-3.24882e-06
-3.26844e-06
-3.22074e-06
-3.1094e-06
-2.95093e-06
-2.75907e-06
-2.54662e-06
-2.327e-06
-2.11483e-06
-1.92758e-06
-1.77533e-06
-1.65625e-06
-1.59145e-06
-1.58903e-06
-1.64926e-06
-1.77063e-06
-1.95294e-06
-2.19543e-06
-2.49486e-06
-2.84589e-06
-3.24231e-06
-3.67777e-06
-4.14589e-06
-4.64028e-06
-5.15461e-06
-1.33475e-07
-2.94522e-07
-4.52849e-07
-6.09033e-07
-7.6403e-07
-9.18881e-07
-1.07457e-06
-1.23204e-06
-1.39218e-06
-1.55595e-06
-1.72413e-06
-1.89747e-06
-2.07653e-06
-2.26108e-06
-2.45137e-06
-2.64579e-06
-2.83976e-06
-3.03505e-06
-3.22522e-06
-3.39757e-06
-3.54685e-06
-3.6628e-06
-3.72659e-06
-3.73541e-06
-3.70049e-06
-3.63414e-06
-3.54637e-06
-3.44961e-06
-3.35861e-06
-3.27413e-06
-3.2055e-06
-3.16119e-06
-3.16228e-06
-3.20814e-06
-3.29434e-06
-3.42184e-06
-3.59349e-06
-3.8098e-06
-4.06847e-06
-4.36591e-06
-4.69832e-06
-5.06187e-06
-5.45252e-06
-5.86601e-06
-6.29788e-06
8.23399e-07
6.02708e-07
3.8379e-07
1.65926e-07
-5.19333e-08
-2.70836e-07
-4.91689e-07
-7.15264e-07
-9.4225e-07
-1.17331e-06
-1.40907e-06
-1.65007e-06
-1.89667e-06
-2.1489e-06
-2.40652e-06
-2.66848e-06
-2.93284e-06
-3.19772e-06
-3.45872e-06
-3.70966e-06
-3.94527e-06
-4.15805e-06
-4.32955e-06
-4.45037e-06
-4.52678e-06
-4.56837e-06
-4.58426e-06
-4.58508e-06
-4.58037e-06
-4.5745e-06
-4.57347e-06
-4.59479e-06
-4.642e-06
-4.71314e-06
-4.80853e-06
-4.93158e-06
-5.08519e-06
-5.26992e-06
-5.48466e-06
-5.72775e-06
-5.99739e-06
-6.29153e-06
-6.60776e-06
-6.94342e-06
-7.29569e-06
1.64787e-06
1.37074e-06
1.09397e-06
8.17124e-07
5.3932e-07
2.59647e-07
-2.26481e-08
-3.08169e-07
-5.97428e-07
-8.90909e-07
-1.18907e-06
-1.49226e-06
-1.80075e-06
-2.11445e-06
-2.43305e-06
-2.75574e-06
-3.08094e-06
-3.40672e-06
-3.7305e-06
-4.04807e-06
-4.35444e-06
-4.64406e-06
-4.89819e-06
-5.10286e-06
-5.26106e-06
-5.38078e-06
-5.47126e-06
-5.54057e-06
-5.59595e-06
-5.6478e-06
-5.70112e-06
-5.76404e-06
-5.8371e-06
-5.92129e-06
-6.01999e-06
-6.13659e-06
-6.27294e-06
-6.42976e-06
-6.60717e-06
-6.80497e-06
-7.02257e-06
-7.25902e-06
-7.5131e-06
-7.78341e-06
-8.06838e-06
2.26104e-06
1.93575e-06
1.60987e-06
1.28302e-06
9.54533e-07
6.23743e-07
2.90119e-07
-4.6747e-08
-3.87197e-07
-7.31541e-07
-1.08006e-06
-1.43293e-06
-1.79023e-06
-2.15179e-06
-2.51719e-06
-2.88569e-06
-3.25606e-06
-3.6267e-06
-3.99531e-06
-4.35849e-06
-4.71223e-06
-5.05216e-06
-5.35939e-06
-5.61772e-06
-5.82895e-06
-6.00047e-06
-6.14018e-06
-6.2554e-06
-6.35237e-06
-6.43927e-06
-6.52295e-06
-6.60617e-06
-6.69039e-06
-6.77909e-06
-6.87595e-06
-6.98344e-06
-7.10319e-06
-7.23645e-06
-7.38415e-06
-7.54677e-06
-7.72441e-06
-7.91686e-06
-8.12367e-06
-8.3442e-06
-8.57766e-06
2.702e-06
2.33639e-06
1.96956e-06
1.60126e-06
1.23104e-06
8.58516e-07
4.83378e-07
1.05421e-07
-2.75518e-07
-6.59569e-07
-1.04683e-06
-1.4373e-06
-1.83088e-06
-2.2273e-06
-2.62607e-06
-3.02644e-06
-3.42731e-06
-3.82712e-06
-4.22384e-06
-4.61474e-06
-4.99663e-06
-5.36573e-06
-5.7036e-06
-5.99386e-06
-6.23783e-06
-6.44214e-06
-6.61352e-06
-6.75839e-06
-6.88322e-06
-6.99432e-06
-7.09589e-06
-7.1909e-06
-7.28284e-06
-7.37513e-06
-7.47051e-06
-7.57114e-06
-7.67892e-06
-7.79545e-06
-7.92199e-06
-8.0594e-06
-8.20827e-06
-8.3689e-06
-8.54141e-06
-8.72572e-06
-8.92163e-06
3.00379e-06
2.60541e-06
2.20552e-06
1.804e-06
1.40066e-06
9.95315e-07
5.87906e-07
1.78411e-07
-2.33155e-07
-6.46749e-07
-1.06229e-06
-1.47962e-06
-1.89849e-06
-2.3185e-06
-2.73909e-06
-3.15944e-06
-3.57848e-06
-3.99478e-06
-4.40659e-06
-4.81164e-06
-5.20721e-06
-5.59002e-06
-5.94284e-06
-6.25013e-06
-6.51296e-06
-6.73734e-06
-6.9292e-06
-7.09416e-06
-7.23753e-06
-7.36426e-06
-7.47793e-06
-7.58227e-06
-7.6807e-06
-7.776e-06
-7.87062e-06
-7.96681e-06
-8.06661e-06
-8.17176e-06
-8.28368e-06
-8.40353e-06
-8.53223e-06
-8.67049e-06
-8.81879e-06
-8.9775e-06
-9.14679e-06
3.20204e-06
2.77753e-06
2.3515e-06
1.92397e-06
1.49495e-06
1.06448e-06
6.32684e-07
1.99727e-07
-2.3422e-07
-6.68956e-07
-1.10424e-06
-1.53978e-06
-1.97517e-06
-2.40991e-06
-2.84335e-06
-3.27466e-06
-3.70281e-06
-4.12648e-06
-4.54414e-06
-4.9538e-06
-5.35318e-06
-5.73947e-06
-6.09703e-06
-6.41175e-06
-6.68459e-06
-6.92084e-06
-7.12553e-06
-7.30395e-06
-7.45943e-06
-7.59692e-06
-7.71982e-06
-7.83159e-06
-7.93517e-06
-8.03315e-06
-8.12798e-06
-8.22194e-06
-8.31705e-06
-8.41509e-06
-8.51765e-06
-8.62607e-06
-8.74151e-06
-8.86495e-06
-8.99716e-06
-9.13879e-06
-9.29035e-06
3.32656e-06
2.88144e-06
2.43499e-06
1.98737e-06
1.53876e-06
1.08939e-06
6.39559e-07
1.89564e-07
-2.60279e-07
-7.09631e-07
-1.15812e-06
-1.60531e-06
-2.05072e-06
-2.49373e-06
-2.93366e-06
-3.36965e-06
-3.80073e-06
-4.22566e-06
-4.64309e-06
-5.05127e-06
-5.44832e-06
-5.8318e-06
-6.18789e-06
-6.50416e-06
-6.78145e-06
-7.02414e-06
-7.23638e-06
-7.42246e-06
-7.58713e-06
-7.73269e-06
-7.86269e-06
-7.98027e-06
-8.08818e-06
-8.18899e-06
-8.28506e-06
-8.37858e-06
-8.47156e-06
-8.56583e-06
-8.66305e-06
-8.76472e-06
-8.87215e-06
-8.9865e-06
-9.10877e-06
-9.23983e-06
-9.38043e-06
3.40049e-06
2.9392e-06
2.47687e-06
2.01383e-06
1.55039e-06
1.08694e-06
6.23902e-07
1.61709e-07
-2.9921e-07
-7.584e-07
-1.21538e-06
-1.66961e-06
-2.12053e-06
-2.56745e-06
-3.00966e-06
-3.44629e-06
-3.87641e-06
-4.29888e-06
-4.71247e-06
-5.11567e-06
-5.50691e-06
-5.88411e-06
-6.23524e-06
-6.54961e-06
-6.8278e-06
-7.0735e-06
-7.29024e-06
-7.48177e-06
-7.65199e-06
-7.80332e-06
-7.93871e-06
-8.061e-06
-8.1728e-06
-8.27655e-06
-8.37451e-06
-8.4688e-06
-8.56142e-06
-8.65422e-06
-8.74891e-06
-8.84709e-06
-8.95019e-06
-9.05951e-06
-9.17621e-06
-9.30134e-06
-9.43584e-06
3.44108e-06
2.967e-06
2.49227e-06
2.0173e-06
1.54256e-06
1.06856e-06
5.95824e-07
1.24888e-07
-3.43721e-07
-8.09452e-07
-1.27173e-06
-1.72995e-06
-2.18346e-06
-2.63155e-06
-3.07347e-06
-3.50835e-06
-3.93531e-06
-4.35326e-06
-4.76114e-06
-5.15758e-06
-5.54132e-06
-5.91054e-06
-6.25495e-06
-6.56546e-06
-6.84241e-06
-7.08887e-06
-7.30798e-06
-7.50293e-06
-7.6769e-06
-7.83235e-06
-7.97189e-06
-8.09803e-06
-8.21324e-06
-8.31982e-06
-8.41993e-06
-8.51565e-06
-8.60895e-06
-8.70171e-06
-8.79567e-06
-8.89248e-06
-8.99368e-06
-9.10068e-06
-9.21477e-06
-9.33712e-06
-9.4688e-06
3.46044e-06
2.97609e-06
2.49148e-06
2.00714e-06
1.52362e-06
1.04157e-06
5.61573e-07
8.42576e-08
-3.89764e-07
-8.59863e-07
-1.32539e-06
-1.78567e-06
-2.24002e-06
-2.68767e-06
-3.12786e-06
-3.55974e-06
-3.98244e-06
-4.39496e-06
-4.79633e-06
-5.18535e-06
-5.56097e-06
-5.9216e-06
-6.25856e-06
-6.56422e-06
-6.83868e-06
-7.08453e-06
-7.30455e-06
-7.50145e-06
-7.67793e-06
-7.83637e-06
-7.97908e-06
-8.10831e-06
-8.22639e-06
-8.33551e-06
-8.43776e-06
-8.53516e-06
-8.62967e-06
-8.72316e-06
-8.81742e-06
-8.91414e-06
-9.01494e-06
-9.1213e-06
-9.23463e-06
-9.3562e-06
-9.48718e-06
3.46679e-06
2.97399e-06
2.48133e-06
1.9894e-06
1.4989e-06
1.0105e-06
5.24901e-07
4.2783e-08
-4.35167e-07
-9.08253e-07
-1.37577e-06
-1.83699e-06
-2.29117e-06
-2.73754e-06
-3.17531e-06
-3.60365e-06
-4.02171e-06
-4.42856e-06
-4.8233e-06
-5.20487e-06
-5.5724e-06
-5.9245e-06
-6.25391e-06
-6.55432e-06
-6.82564e-06
-7.07007e-06
-7.29e-06
-7.48785e-06
-7.66598e-06
-7.82654e-06
-7.97165e-06
-8.10328e-06
-8.22369e-06
-8.33498e-06
-8.43917e-06
-8.53823e-06
-8.6341e-06
-8.72865e-06
-8.82371e-06
-8.92102e-06
-9.02223e-06
-9.12892e-06
-9.24255e-06
-9.3645e-06
-9.49602e-06
3.4655e-06
2.96558e-06
2.46617e-06
1.96795e-06
1.47169e-06
9.78138e-07
4.88045e-07
2.15847e-09
-4.78774e-07
-9.53999e-07
-1.42276e-06
-1.88429e-06
-2.33782e-06
-2.78254e-06
-3.21767e-06
-3.64237e-06
-4.05582e-06
-4.45715e-06
-4.84553e-06
-5.22e-06
-5.57984e-06
-5.92381e-06
-6.24595e-06
-6.54107e-06
-6.80898e-06
-7.05153e-06
-7.27081e-06
-7.4689e-06
-7.64806e-06
-7.81002e-06
-7.95695e-06
-8.0904e-06
-8.21265e-06
-8.32571e-06
-8.43153e-06
-8.53206e-06
-8.62921e-06
-8.72488e-06
-8.82089e-06
-8.91904e-06
-9.02103e-06
-9.1285e-06
-9.24298e-06
-9.3659e-06
-9.49861e-06
3.46003e-06
2.95398e-06
2.44878e-06
1.94519e-06
1.44405e-06
9.46158e-07
4.52323e-07
-3.66525e-08
-5.19969e-07
-9.96827e-07
-1.46643e-06
-1.92796e-06
-2.38063e-06
-2.82363e-06
-3.25615e-06
-3.67736e-06
-4.08648e-06
-4.48265e-06
-4.86514e-06
-5.23305e-06
-5.58578e-06
-5.92223e-06
-6.23755e-06
-6.52758e-06
-6.79205e-06
-7.03254e-06
-7.25087e-06
-7.44882e-06
-7.62849e-06
-7.79121e-06
-7.93955e-06
-8.07433e-06
-8.19796e-06
-8.3124e-06
-8.41952e-06
-8.52125e-06
-8.6195e-06
-8.71615e-06
-8.81308e-06
-8.91209e-06
-9.01495e-06
-9.12333e-06
-9.23884e-06
-9.36296e-06
-9.4971e-06
3.45256e-06
2.94112e-06
2.43084e-06
1.92258e-06
1.41719e-06
9.15539e-07
4.18486e-07
-7.31225e-08
-5.58442e-07
-1.03663e-06
-1.50686e-06
-1.96828e-06
-2.42008e-06
-2.86142e-06
-3.2915e-06
-3.70951e-06
-4.11466e-06
-4.50616e-06
-4.8833e-06
-5.24526e-06
-5.59154e-06
-5.92116e-06
-6.23022e-06
-6.51547e-06
-6.77663e-06
-7.01502e-06
-7.23226e-06
-7.4299e-06
-7.60953e-06
-7.77276e-06
-7.9221e-06
-8.05782e-06
-8.18245e-06
-8.29789e-06
-8.40599e-06
-8.50864e-06
-8.60774e-06
-8.70519e-06
-8.80287e-06
-8.90264e-06
-9.00629e-06
-9.11554e-06
-9.23206e-06
-9.35738e-06
-9.49296e-06
3.44437e-06
2.92814e-06
2.41336e-06
1.90094e-06
1.39179e-06
8.86825e-07
3.86934e-07
-1.06989e-07
-5.94059e-07
-1.0734e-06
-1.54415e-06
-2.00544e-06
-2.45642e-06
-2.89627e-06
-3.32416e-06
-3.73929e-06
-4.14089e-06
-4.5282e-06
-4.90056e-06
-5.25721e-06
-5.59771e-06
-5.92118e-06
-6.22457e-06
-6.50543e-06
-6.76349e-06
-6.99984e-06
-7.21591e-06
-7.41303e-06
-7.59235e-06
-7.75612e-06
-7.90593e-06
-8.04234e-06
-8.16764e-06
-8.2838e-06
-8.39259e-06
-8.49589e-06
-8.5956e-06
-8.69362e-06
-8.79187e-06
-8.89221e-06
-8.99649e-06
-9.10649e-06
-9.22389e-06
-9.35029e-06
-9.4872e-06
3.43624e-06
2.91571e-06
2.3969e-06
1.88077e-06
1.36825e-06
8.60315e-07
3.57884e-07
-1.38111e-07
-6.26753e-07
-1.10713e-06
-1.57836e-06
-2.03954e-06
-2.48982e-06
-2.92835e-06
-3.3543e-06
-3.76689e-06
-4.16536e-06
-4.54897e-06
-4.91709e-06
-5.26903e-06
-5.60441e-06
-5.92241e-06
-6.2207e-06
-6.49758e-06
-6.75279e-06
-6.98721e-06
-7.20212e-06
-7.39857e-06
-7.57751e-06
-7.74172e-06
-7.89167e-06
-8.02856e-06
-8.1543e-06
-8.27092e-06
-8.38017e-06
-8.48389e-06
-8.58399e-06
-8.68238e-06
-8.781e-06
-8.88174e-06
-8.98648e-06
-9.09704e-06
-9.21515e-06
-9.34246e-06
-9.48052e-06
3.42858e-06
2.9042e-06
2.38178e-06
1.86231e-06
1.34679e-06
8.3618e-07
3.31464e-07
-1.664e-07
-6.56465e-07
-1.1378e-06
-1.60947e-06
-2.0706e-06
-2.52028e-06
-2.95768e-06
-3.38196e-06
-3.79233e-06
-4.18806e-06
-4.56843e-06
-4.93284e-06
-5.28065e-06
-5.61151e-06
-5.92468e-06
-6.21843e-06
-6.49176e-06
-6.74439e-06
-6.97704e-06
-7.19081e-06
-7.38656e-06
-7.56519e-06
-7.72954e-06
-7.87954e-06
-8.01669e-06
-8.14271e-06
-8.25961e-06
-8.36912e-06
-8.47308e-06
-8.57339e-06
-8.67198e-06
-8.77078e-06
-8.87175e-06
-8.97679e-06
-9.08774e-06
-9.2064e-06
-9.33443e-06
-9.47344e-06
3.42148e-06
2.89361e-06
2.36793e-06
1.84545e-06
1.32719e-06
8.14172e-07
3.07384e-07
-1.92181e-07
-6.83551e-07
-1.16577e-06
-1.63789e-06
-2.09899e-06
-2.5482e-06
-2.98462e-06
-3.40746e-06
-3.8159e-06
-4.20924e-06
-4.58677e-06
-4.94792e-06
-5.29208e-06
-5.61896e-06
-5.92783e-06
-6.21753e-06
-6.48765e-06
-6.73794e-06
-6.96896e-06
-7.18167e-06
-7.37676e-06
-7.55512e-06
-7.71936e-06
-7.86938e-06
-8.00664e-06
-8.1328e-06
-8.24982e-06
-8.35944e-06
-8.46349e-06
-8.56386e-06
-8.66248e-06
-8.76134e-06
-8.86239e-06
-8.96757e-06
-9.07877e-06
-9.1978e-06
-9.32639e-06
-9.46616e-06
3.41463e-06
2.88342e-06
2.35461e-06
1.82924e-06
1.30837e-06
7.93029e-07
2.84249e-07
-2.1696e-07
-7.09598e-07
-1.19269e-06
-1.66527e-06
-2.1264e-06
-2.57518e-06
-3.01075e-06
-3.43226e-06
-3.83894e-06
-4.23007e-06
-4.60497e-06
-4.9631e-06
-5.30388e-06
-5.62705e-06
-5.9319e-06
-6.21778e-06
-6.48484e-06
-6.73291e-06
-6.96237e-06
-7.17404e-06
-7.36848e-06
-7.54654e-06
-7.71061e-06
-7.86057e-06
-7.99781e-06
-8.124e-06
-8.24102e-06
-8.35063e-06
-8.45464e-06
-8.55493e-06
-8.65348e-06
-8.75226e-06
-8.85326e-06
-8.95845e-06
-9.06976e-06
-9.18905e-06
-9.31806e-06
-9.45846e-06
3.40828e-06
2.87386e-06
2.34202e-06
1.81383e-06
1.29039e-06
7.72757e-07
2.61994e-07
-2.40858e-07
-7.34776e-07
-1.21876e-06
-1.69182e-06
-2.15302e-06
-2.60143e-06
-3.03618e-06
-3.45643e-06
-3.86142e-06
-4.25044e-06
-4.62282e-06
-4.97807e-06
-5.31563e-06
-5.6353e-06
-5.9364e-06
-6.21874e-06
-6.48307e-06
-6.7291e-06
-6.95706e-06
-7.16768e-06
-7.36138e-06
-7.53891e-06
-7.70272e-06
-7.85258e-06
-7.98976e-06
-8.116e-06
-8.23306e-06
-8.34265e-06
-8.44658e-06
-8.54676e-06
-8.64516e-06
-8.7438e-06
-8.84468e-06
-8.94982e-06
-9.06116e-06
-9.18061e-06
-9.30995e-06
-9.45088e-06
-7.53211e-06
-1.24004e-05
-1.21047e-05
-1.19319e-05
-1.21705e-05
-1.26666e-05
-1.33553e-05
-1.41982e-05
-1.51746e-05
-1.62741e-05
-1.74908e-05
-1.88206e-05
-2.02593e-05
-2.18008e-05
-2.34325e-05
-3.41376e-06
-8.69733e-06
-1.02135e-05
-1.09928e-05
-1.16753e-05
-1.23845e-05
-1.31851e-05
-1.40926e-05
-1.51081e-05
-1.62318e-05
-1.74631e-05
-1.88013e-05
-2.02441e-05
-2.17865e-05
-2.34172e-05
-7.26843e-07
-6.04953e-06
-8.64755e-06
-1.00937e-05
-1.11545e-05
-1.20793e-05
-1.30014e-05
-1.39797e-05
-1.50382e-05
-1.61881e-05
-1.74353e-05
-1.87823e-05
-2.02291e-05
-2.17723e-05
-2.34015e-05
6.36864e-07
-4.2259e-06
-7.3021e-06
-9.21662e-06
-1.06049e-05
-1.17468e-05
-1.28013e-05
-1.3859e-05
-1.49655e-05
-1.61443e-05
-1.74084e-05
-1.87647e-05
-2.02155e-05
-2.17592e-05
-2.33867e-05
1.38943e-06
-2.74779e-06
-5.9611e-06
-8.24803e-06
-9.95978e-06
-1.13402e-05
-1.2553e-05
-1.37101e-05
-1.48774e-05
-1.60928e-05
-1.73782e-05
-1.87458e-05
-2.02016e-05
-2.1746e-05
-2.33714e-05
1.90617e-06
-1.59292e-06
-4.70482e-06
-7.21409e-06
-9.20707e-06
-1.08326e-05
-1.22291e-05
-1.3511e-05
-1.47586e-05
-1.60235e-05
-1.73381e-05
-1.87217e-05
-2.01847e-05
-2.17307e-05
-2.3354e-05
2.19249e-06
-7.73065e-07
-3.65229e-06
-6.21404e-06
-8.39268e-06
-1.02316e-05
-1.18168e-05
-1.32432e-05
-1.45919e-05
-1.59231e-05
-1.72786e-05
-1.86856e-05
-2.01603e-05
-2.17101e-05
-2.33322e-05
2.24012e-06
-2.80865e-07
-2.87015e-06
-5.34773e-06
-7.59544e-06
-9.57992e-06
-1.13287e-05
-1.29012e-05
-1.43643e-05
-1.57775e-05
-1.71875e-05
-1.86279e-05
-2.01209e-05
-2.16784e-05
-2.33012e-05
2.08393e-06
-7.32194e-08
-2.368e-06
-4.67959e-06
-6.89401e-06
-8.94116e-06
-1.08026e-05
-1.24997e-05
-1.40753e-05
-1.55782e-05
-1.70534e-05
-1.85373e-05
-2.00563e-05
-2.16269e-05
-2.32536e-05
1.76195e-06
-9.96807e-08
-2.12286e-06
-4.23344e-06
-6.34305e-06
-8.37601e-06
-1.02882e-05
-1.20701e-05
-1.3739e-05
-1.5327e-05
-1.68707e-05
-1.84045e-05
-1.99562e-05
-2.15452e-05
-2.31794e-05
1.30347e-06
-3.16847e-07
-2.10015e-06
-4.00406e-06
-5.96797e-06
-7.92737e-06
-9.83074e-06
-1.16497e-05
-1.33799e-05
-1.50356e-05
-1.66412e-05
-1.82247e-05
-1.98118e-05
-2.14224e-05
-2.30666e-05
7.2771e-07
-6.92663e-07
-2.26691e-06
-3.97286e-06
-5.7726e-06
-7.61835e-06
-9.4632e-06
-1.12715e-05
-1.30246e-05
-1.4721e-05
-1.63723e-05
-1.79974e-05
-1.96168e-05
-2.12483e-05
-2.29028e-05
4.64194e-08
-1.20524e-06
-2.59698e-06
-4.11902e-06
-5.74979e-06
-7.45759e-06
-9.20587e-06
-1.09604e-05
-1.26962e-05
-1.44007e-05
-1.60737e-05
-1.77242e-05
-1.9366e-05
-2.10127e-05
-2.26737e-05
-7.32181e-07
-1.83883e-06
-3.07004e-06
-4.42325e-06
-5.88782e-06
-7.44491e-06
-9.06943e-06
-1.07338e-05
-1.24132e-05
-1.40895e-05
-1.57541e-05
-1.74069e-05
-1.9054e-05
-2.07038e-05
-2.23628e-05
-1.59992e-06
-2.57974e-06
-3.66829e-06
-4.86699e-06
-6.17197e-06
-7.57355e-06
-9.05661e-06
-1.0602e-05
-1.21892e-05
-1.38001e-05
-1.54213e-05
-1.70465e-05
-1.86747e-05
-2.03086e-05
-2.19508e-05
-2.5461e-06
-3.41298e-06
-4.37323e-06
-5.43011e-06
-6.5836e-06
-7.82997e-06
-9.16156e-06
-1.05669e-05
-1.20319e-05
-1.35415e-05
-1.50823e-05
-1.66446e-05
-1.82227e-05
-1.98141e-05
-2.14177e-05
-3.55663e-06
-4.32063e-06
-5.16345e-06
-6.08891e-06
-7.09885e-06
-8.19296e-06
-9.36854e-06
-1.06201e-05
-1.19395e-05
-1.33167e-05
-1.47411e-05
-1.62029e-05
-1.76945e-05
-1.92106e-05
-2.07469e-05
-4.61441e-06
-5.28178e-06
-6.01434e-06
-6.81574e-06
-7.68846e-06
-8.63388e-06
-9.65213e-06
-1.07417e-05
-1.18993e-05
-1.31196e-05
-1.43961e-05
-1.57215e-05
-1.70893e-05
-1.84934e-05
-1.99285e-05
-5.69036e-06
-6.26437e-06
-6.89093e-06
-7.57314e-06
-8.31339e-06
-9.11364e-06
-9.97539e-06
-1.08995e-05
-1.18857e-05
-1.29327e-05
-1.40378e-05
-1.51975e-05
-1.64079e-05
-1.76648e-05
-1.89643e-05
-6.74899e-06
-7.2309e-06
-7.75373e-06
-8.31985e-06
-8.93132e-06
-9.59009e-06
-1.02982e-05
-1.10574e-05
-1.18694e-05
-1.27354e-05
-1.3656e-05
-1.4631e-05
-1.56602e-05
-1.67426e-05
-1.78773e-05
-7.6654e-06
-8.06036e-06
-8.48707e-06
-8.94694e-06
-9.44147e-06
-9.9724e-06
-1.05417e-05
-1.11517e-05
-1.18047e-05
-1.25031e-05
-1.32495e-05
-1.40464e-05
-1.48965e-05
-1.58026e-05
-1.67666e-05
-8.36868e-06
-8.68931e-06
-9.03443e-06
-9.40526e-06
-9.80322e-06
-1.02299e-05
-1.06872e-05
-1.11775e-05
-1.17032e-05
-1.22675e-05
-1.28737e-05
-1.35259e-05
-1.42287e-05
-1.49873e-05
-1.58071e-05
-8.82486e-06
-9.08941e-06
-9.37414e-06
-9.68002e-06
-1.00083e-05
-1.03606e-05
-1.07386e-05
-1.11447e-05
-1.15815e-05
-1.20521e-05
-1.25605e-05
-1.31111e-05
-1.37097e-05
-1.43627e-05
-1.5077e-05
-9.13e-06
-9.35355e-06
-9.59443e-06
-9.8536e-06
-1.01323e-05
-1.04322e-05
-1.07549e-05
-1.11028e-05
-1.14784e-05
-1.18849e-05
-1.23261e-05
-1.2807e-05
-1.33331e-05
-1.39116e-05
-1.45496e-05
-9.32766e-06
-9.52233e-06
-9.7326e-06
-9.95952e-06
-1.02044e-05
-1.04688e-05
-1.07545e-05
-1.10636e-05
-1.13986e-05
-1.17626e-05
-1.21594e-05
-1.25935e-05
-1.30705e-05
-1.35972e-05
-1.41808e-05
-9.45294e-06
-9.62852e-06
-9.81872e-06
-1.00247e-05
-1.02477e-05
-1.04895e-05
-1.07516e-05
-1.10361e-05
-1.13454e-05
-1.16824e-05
-1.20506e-05
-1.24542e-05
-1.28984e-05
-1.33892e-05
-1.39336e-05
-9.53177e-06
-9.69566e-06
-9.87365e-06
-1.0067e-05
-1.0277e-05
-1.05052e-05
-1.07534e-05
-1.10233e-05
-1.13173e-05
-1.16379e-05
-1.19883e-05
-1.23724e-05
-1.27946e-05
-1.32606e-05
-1.3776e-05
-9.58097e-06
-9.73847e-06
-9.90985e-06
-1.00964e-05
-1.02995e-05
-1.05206e-05
-1.07614e-05
-1.10234e-05
-1.13089e-05
-1.16202e-05
-1.19601e-05
-1.23318e-05
-1.27395e-05
-1.31877e-05
-1.36816e-05
-9.61116e-06
-9.76588e-06
-9.93444e-06
-1.01182e-05
-1.03184e-05
-1.05366e-05
-1.07742e-05
-1.10329e-05
-1.13144e-05
-1.16209e-05
-1.19548e-05
-1.23189e-05
-1.27167e-05
-1.31521e-05
-1.36294e-05
-9.62898e-06
-9.78322e-06
-9.95138e-06
-1.01348e-05
-1.03348e-05
-1.05527e-05
-1.07899e-05
-1.10478e-05
-1.13281e-05
-1.16327e-05
-1.19635e-05
-1.2323e-05
-1.2714e-05
-1.31397e-05
-1.36039e-05
-9.63856e-06
-9.7937e-06
-9.96289e-06
-1.01475e-05
-1.03487e-05
-1.05679e-05
-1.08062e-05
-1.1065e-05
-1.13458e-05
-1.165e-05
-1.19794e-05
-1.23361e-05
-1.27223e-05
-1.31407e-05
-1.35941e-05
-9.64256e-06
-9.79931e-06
-9.97029e-06
-1.01568e-05
-1.03601e-05
-1.05813e-05
-1.08216e-05
-1.10822e-05
-1.13642e-05
-1.16691e-05
-1.19982e-05
-1.23532e-05
-1.27358e-05
-1.31483e-05
-1.35929e-05
-9.64274e-06
-9.80139e-06
-9.97446e-06
-1.01633e-05
-1.03689e-05
-1.05925e-05
-1.08351e-05
-1.10978e-05
-1.13816e-05
-1.16876e-05
-1.20169e-05
-1.23708e-05
-1.27508e-05
-1.31585e-05
-1.35955e-05
-9.6403e-06
-9.80088e-06
-9.97608e-06
-1.01672e-05
-1.03752e-05
-1.06013e-05
-1.08463e-05
-1.11112e-05
-1.13968e-05
-1.17041e-05
-1.2034e-05
-1.23873e-05
-1.27652e-05
-1.31688e-05
-1.35995e-05
-9.63612e-06
-9.7985e-06
-9.97571e-06
-1.0169e-05
-1.03793e-05
-1.06077e-05
-1.08551e-05
-1.11221e-05
-1.14096e-05
-1.17182e-05
-1.20487e-05
-1.24017e-05
-1.27778e-05
-1.31781e-05
-1.36032e-05
-9.63083e-06
-9.79484e-06
-9.97385e-06
-1.01691e-05
-1.03815e-05
-1.06121e-05
-1.08616e-05
-1.11306e-05
-1.14198e-05
-1.17298e-05
-1.20609e-05
-1.24136e-05
-1.27884e-05
-1.31857e-05
-1.3606e-05
-9.62494e-06
-9.79034e-06
-9.97094e-06
-1.01679e-05
-1.03822e-05
-1.06147e-05
-1.08661e-05
-1.1137e-05
-1.14278e-05
-1.1739e-05
-1.20707e-05
-1.24233e-05
-1.27969e-05
-1.31917e-05
-1.36078e-05
-9.61867e-06
-9.78527e-06
-9.96724e-06
-1.01657e-05
-1.03817e-05
-1.06159e-05
-1.08691e-05
-1.11416e-05
-1.14338e-05
-1.17461e-05
-1.20785e-05
-1.2431e-05
-1.28036e-05
-1.31962e-05
-1.36086e-05
-9.61183e-06
-9.7795e-06
-9.96272e-06
-1.01626e-05
-1.03801e-05
-1.0616e-05
-1.08708e-05
-1.11448e-05
-1.14385e-05
-1.17518e-05
-1.20848e-05
-1.24372e-05
-1.28089e-05
-1.31995e-05
-1.36085e-05
-9.605e-06
-9.77361e-06
-9.95795e-06
-1.01591e-05
-1.0378e-05
-1.06153e-05
-1.08715e-05
-1.1147e-05
-1.14419e-05
-1.17562e-05
-1.20897e-05
-1.24422e-05
-1.28131e-05
-1.32018e-05
-1.36077e-05
-1.38025e-06
-1.38226e-06
-1.38371e-06
-1.38443e-06
-1.38397e-06
-1.3819e-06
-1.37785e-06
-1.37154e-06
-1.36281e-06
-1.3516e-06
-1.33791e-06
-1.32183e-06
-1.3034e-06
-1.28268e-06
-1.25963e-06
-1.23414e-06
-1.20589e-06
-1.17432e-06
-1.13848e-06
-1.09688e-06
-1.04736e-06
-9.8709e-07
-9.10698e-07
-8.11975e-07
-6.85883e-07
-5.27625e-07
-3.32893e-07
-9.9022e-08
1.73609e-07
4.81514e-07
8.22646e-07
1.19078e-06
1.56507e-06
1.92791e-06
2.26143e-06
2.54919e-06
2.77847e-06
2.94122e-06
3.03703e-06
3.0734e-06
3.06442e-06
3.02794e-06
2.98174e-06
2.94539e-06
2.92837e-06
-1.37633e-06
-1.37916e-06
-1.38058e-06
-1.38068e-06
-1.37925e-06
-1.37593e-06
-1.37045e-06
-1.36256e-06
-1.35206e-06
-1.33879e-06
-1.32261e-06
-1.3034e-06
-1.28104e-06
-1.2554e-06
-1.22631e-06
-1.19353e-06
-1.1567e-06
-1.11526e-06
-1.06829e-06
-1.01436e-06
-9.51309e-07
-8.75954e-07
-7.83855e-07
-6.71341e-07
-5.34757e-07
-3.69993e-07
-1.73512e-07
5.67633e-08
3.20968e-07
6.17153e-07
9.39131e-07
1.27292e-06
1.60776e-06
1.9308e-06
2.22689e-06
2.4811e-06
2.68179e-06
2.8242e-06
2.91048e-06
2.94882e-06
2.95152e-06
2.93221e-06
2.90313e-06
2.87317e-06
2.85023e-06
-1.37374e-06
-1.37896e-06
-1.38178e-06
-1.38272e-06
-1.38183e-06
-1.37881e-06
-1.37344e-06
-1.36549e-06
-1.35477e-06
-1.34112e-06
-1.32434e-06
-1.30427e-06
-1.28073e-06
-1.25353e-06
-1.22251e-06
-1.18748e-06
-1.14824e-06
-1.10456e-06
-1.05608e-06
-1.00214e-06
-9.41605e-07
-8.72211e-07
-7.90466e-07
-6.92967e-07
-5.74808e-07
-4.29803e-07
-2.52262e-07
-3.822e-08
2.13657e-07
5.01612e-07
8.20967e-07
1.16018e-06
1.50492e-06
1.83944e-06
2.14696e-06
2.41198e-06
2.62286e-06
2.77397e-06
2.86664e-06
2.90839e-06
2.91099e-06
2.8878e-06
2.85123e-06
2.80861e-06
2.7609e-06
-1.37332e-06
-1.38181e-06
-1.3867e-06
-1.38911e-06
-1.38939e-06
-1.38733e-06
-1.38274e-06
-1.37543e-06
-1.36526e-06
-1.35202e-06
-1.33554e-06
-1.31564e-06
-1.29213e-06
-1.26487e-06
-1.23379e-06
-1.19893e-06
-1.16053e-06
-1.11903e-06
-1.07516e-06
-1.02979e-06
-9.83696e-07
-9.3643e-07
-8.84806e-07
-8.23309e-07
-7.43648e-07
-6.35616e-07
-4.89741e-07
-2.99728e-07
-6.28974e-08
2.19207e-07
5.41269e-07
8.92701e-07
1.25826e-06
1.62036e-06
1.96002e-06
2.25921e-06
2.50345e-06
2.68415e-06
2.79999e-06
2.85662e-06
2.86501e-06
2.83907e-06
2.79278e-06
2.73389e-06
2.66125e-06
-1.37697e-06
-1.38896e-06
-1.39621e-06
-1.40042e-06
-1.40229e-06
-1.40167e-06
-1.39842e-06
-1.39242e-06
-1.38352e-06
-1.37157e-06
-1.35638e-06
-1.33779e-06
-1.31563e-06
-1.28987e-06
-1.2606e-06
-1.22823e-06
-1.19361e-06
-1.15822e-06
-1.12435e-06
-1.09507e-06
-1.07392e-06
-1.06323e-06
-1.05971e-06
-1.05317e-06
-1.02966e-06
-9.73003e-07
-8.69292e-07
-7.11341e-07
-4.95603e-07
-2.2269e-07
1.03217e-07
4.70731e-07
8.65018e-07
1.26706e-06
1.65556e-06
2.00904e-06
2.30851e-06
2.54033e-06
2.69838e-06
2.78478e-06
2.80894e-06
2.78559e-06
2.73138e-06
2.65592e-06
2.55757e-06
-1.38616e-06
-1.40149e-06
-1.41111e-06
-1.41725e-06
-1.42093e-06
-1.42207e-06
-1.42058e-06
-1.41639e-06
-1.4094e-06
-1.39947e-06
-1.38644e-06
-1.37015e-06
-1.35052e-06
-1.32758e-06
-1.30169e-06
-1.27366e-06
-1.24509e-06
-1.21873e-06
-1.19875e-06
-1.19091e-06
-1.20212e-06
-1.23821e-06
-1.29535e-06
-1.35584e-06
-1.39768e-06
-1.39901e-06
-1.3452e-06
-1.22693e-06
-1.03806e-06
-7.79419e-07
-4.52318e-07
-6.82931e-08
3.57277e-07
8.04868e-07
1.25154e-06
1.67241e-06
2.04322e-06
2.3437e-06
2.56094e-06
2.69167e-06
2.74252e-06
2.72872e-06
2.67013e-06
2.57903e-06
2.45391e-06
-1.40169e-06
-1.41999e-06
-1.43184e-06
-1.43992e-06
-1.4455e-06
-1.44857e-06
-1.44909e-06
-1.44705e-06
-1.44239e-06
-1.435e-06
-1.42473e-06
-1.41144e-06
-1.3951e-06
-1.37585e-06
-1.35426e-06
-1.33157e-06
-1.31017e-06
-1.2941e-06
-1.28963e-06
-1.30547e-06
-1.35206e-06
-1.43908e-06
-1.56171e-06
-1.69241e-06
-1.80129e-06
-1.8664e-06
-1.87084e-06
-1.79718e-06
-1.63599e-06
-1.3865e-06
-1.05924e-06
-6.62536e-07
-2.0988e-07
2.80285e-07
7.84757e-07
1.27627e-06
1.72562e-06
2.10529e-06
2.39411e-06
2.58149e-06
2.66959e-06
2.67306e-06
2.61477e-06
2.50994e-06
2.35752e-06
-1.42381e-06
-1.44468e-06
-1.45855e-06
-1.46849e-06
-1.47597e-06
-1.48103e-06
-1.48369e-06
-1.48398e-06
-1.4819e-06
-1.47733e-06
-1.47015e-06
-1.46023e-06
-1.44755e-06
-1.43234e-06
-1.41534e-06
-1.39817e-06
-1.38392e-06
-1.37786e-06
-1.38837e-06
-1.42719e-06
-1.50824e-06
-1.64507e-06
-1.83254e-06
-2.03346e-06
-2.2103e-06
-2.33452e-06
-2.38294e-06
-2.34087e-06
-2.20285e-06
-1.96935e-06
-1.64717e-06
-1.24448e-06
-7.73283e-07
-2.49926e-07
3.03721e-07
8.59746e-07
1.38536e-06
1.84637e-06
2.21273e-06
2.46508e-06
2.59916e-06
2.6274e-06
2.57472e-06
2.45898e-06
2.27973e-06
-1.45232e-06
-1.4754e-06
-1.49108e-06
-1.50277e-06
-1.51209e-06
-1.51913e-06
-1.52393e-06
-1.5266e-06
-1.52714e-06
-1.52547e-06
-1.52147e-06
-1.51499e-06
-1.50602e-06
-1.4948e-06
-1.48218e-06
-1.47005e-06
-1.46206e-06
-1.46457e-06
-1.4879e-06
-1.54692e-06
-1.65826e-06
-1.83908e-06
-2.0849e-06
-2.34775e-06
-2.58143e-06
-2.75206e-06
-2.83532e-06
-2.81857e-06
-2.69848e-06
-2.47699e-06
-2.16069e-06
-1.75715e-06
-1.27625e-06
-7.31331e-07
-1.41499e-07
4.66584e-07
1.05861e-06
1.59532e-06
2.03826e-06
2.35878e-06
2.54458e-06
2.60395e-06
2.56228e-06
2.43931e-06
2.23513e-06
-1.48673e-06
-1.51176e-06
-1.52907e-06
-1.54238e-06
-1.55346e-06
-1.56238e-06
-1.56924e-06
-1.57419e-06
-1.57727e-06
-1.57841e-06
-1.57746e-06
-1.57427e-06
-1.56877e-06
-1.56119e-06
-1.55238e-06
-1.54438e-06
-1.54126e-06
-1.55019e-06
-1.58314e-06
-1.65836e-06
-1.79391e-06
-2.0102e-06
-2.30429e-06
-2.61729e-06
-2.89434e-06
-3.09816e-06
-3.20455e-06
-3.20279e-06
-3.092e-06
-2.87676e-06
-2.56439e-06
-2.16206e-06
-1.67754e-06
-1.12094e-06
-5.07792e-07
1.3794e-07
7.82536e-07
1.38392e-06
1.89642e-06
2.28311e-06
2.52274e-06
2.61769e-06
2.59202e-06
2.46616e-06
2.24043e-06
-1.52643e-06
-1.55323e-06
-1.57203e-06
-1.58686e-06
-1.59956e-06
-1.61023e-06
-1.61899e-06
-1.62603e-06
-1.63143e-06
-1.63513e-06
-1.63696e-06
-1.63672e-06
-1.63428e-06
-1.62979e-06
-1.62404e-06
-1.61908e-06
-1.6192e-06
-1.63214e-06
-1.6709e-06
-1.75659e-06
-1.91023e-06
-2.15527e-06
-2.48445e-06
-2.8347e-06
-3.14137e-06
-3.36492e-06
-3.48172e-06
-3.48353e-06
-3.37262e-06
-3.15637e-06
-2.84329e-06
-2.4405e-06
-1.95412e-06
-1.39137e-06
-7.64213e-07
-9.32194e-08
5.90126e-07
1.24318e-06
1.81385e-06
2.26051e-06
2.55272e-06
2.68549e-06
2.67987e-06
2.55577e-06
2.31306e-06
-1.57075e-06
-1.59928e-06
-1.61947e-06
-1.63572e-06
-1.6499e-06
-1.66213e-06
-1.67255e-06
-1.68142e-06
-1.68882e-06
-1.69471e-06
-1.69892e-06
-1.70119e-06
-1.7013e-06
-1.69926e-06
-1.69575e-06
-1.69273e-06
-1.69452e-06
-1.70925e-06
-1.75055e-06
-1.84024e-06
-2.00599e-06
-2.27233e-06
-2.62585e-06
-2.99987e-06
-3.32314e-06
-3.55393e-06
-3.66946e-06
-3.66433e-06
-3.54404e-06
-3.31867e-06
-2.99818e-06
-2.58995e-06
-2.09906e-06
-1.53062e-06
-8.93646e-07
-2.05384e-07
5.05879e-07
1.19923e-06
1.81503e-06
2.31294e-06
2.654e-06
2.82473e-06
2.84205e-06
2.72423e-06
2.46984e-06
-1.6191e-06
-1.64938e-06
-1.67093e-06
-1.68849e-06
-1.70401e-06
-1.71757e-06
-1.72938e-06
-1.73972e-06
-1.74874e-06
-1.75639e-06
-1.7625e-06
-1.76675e-06
-1.76883e-06
-1.7686e-06
-1.76655e-06
-1.76446e-06
-1.76656e-06
-1.78115e-06
-1.82234e-06
-1.91172e-06
-2.08467e-06
-2.36168e-06
-2.73025e-06
-3.11709e-06
-3.44572e-06
-3.67311e-06
-3.77752e-06
-3.75635e-06
-3.61815e-06
-3.37544e-06
-3.03965e-06
-2.61866e-06
-2.11719e-06
-1.53912e-06
-8.91485e-07
-1.89038e-07
5.42764e-07
1.26745e-06
1.92247e-06
2.46076e-06
2.8448e-06
3.05188e-06
3.09373e-06
2.98624e-06
2.72564e-06
-1.671e-06
-1.70315e-06
-1.72603e-06
-1.74482e-06
-1.76151e-06
-1.77617e-06
-1.78903e-06
-1.80044e-06
-1.8106e-06
-1.81951e-06
-1.82699e-06
-1.83268e-06
-1.83614e-06
-1.83709e-06
-1.83581e-06
-1.83383e-06
-1.83514e-06
-1.84804e-06
-1.8871e-06
-1.97463e-06
-2.14728e-06
-2.42711e-06
-2.803e-06
-3.19337e-06
-3.5181e-06
-3.7335e-06
-3.81874e-06
-3.77397e-06
-3.61034e-06
-3.34247e-06
-2.9831e-06
-2.54082e-06
-2.02047e-06
-1.42557e-06
-7.62189e-07
-4.32956e-08
7.07161e-07
1.45415e-06
2.14687e-06
2.72032e-06
3.1402e-06
3.3807e-06
3.44773e-06
3.3541e-06
3.0924e-06
-1.72613e-06
-1.76031e-06
-1.78455e-06
-1.80448e-06
-1.82215e-06
-1.8376e-06
-1.85113e-06
-1.86315e-06
-1.87395e-06
-1.88357e-06
-1.89185e-06
-1.89841e-06
-1.90272e-06
-1.90429e-06
-1.9032e-06
-1.90069e-06
-1.90043e-06
-1.91053e-06
-1.9458e-06
-2.02939e-06
-2.19693e-06
-2.47439e-06
-2.8506e-06
-3.23671e-06
-3.55012e-06
-3.7469e-06
-3.80654e-06
-3.732e-06
-3.5365e-06
-3.23632e-06
-2.8453e-06
-2.3728e-06
-1.8242e-06
-1.20337e-06
-5.16322e-07
2.25086e-07
9.97325e-07
1.76617e-06
2.49131e-06
3.09824e-06
3.54942e-06
3.82119e-06
3.91372e-06
3.83703e-06
3.57866e-06
-1.78435e-06
-1.82076e-06
-1.84637e-06
-1.86734e-06
-1.88577e-06
-1.90168e-06
-1.91542e-06
-1.92755e-06
-1.93841e-06
-1.94815e-06
-1.95666e-06
-1.96355e-06
-1.96819e-06
-1.96991e-06
-1.96857e-06
-1.96511e-06
-1.96279e-06
-1.9694e-06
-1.99971e-06
-2.07734e-06
-2.23743e-06
-2.50825e-06
-2.87935e-06
-3.25497e-06
-3.55148e-06
-3.72382e-06
-3.75328e-06
-3.64412e-06
-3.41133e-06
-3.07247e-06
-2.6423e-06
-2.13092e-06
-1.5445e-06
-8.87722e-07
-1.6713e-07
6.04935e-07
1.40587e-06
2.20153e-06
2.956e-06
3.59495e-06
4.07865e-06
4.38042e-06
4.49818e-06
4.44116e-06
4.18933e-06
-1.84567e-06
-1.88454e-06
-1.91156e-06
-1.93344e-06
-1.95235e-06
-1.9683e-06
-1.98175e-06
-1.99337e-06
-2.00367e-06
-2.01291e-06
-2.02104e-06
-2.02774e-06
-2.03231e-06
-2.03378e-06
-2.03191e-06
-2.02728e-06
-2.02267e-06
-2.02548e-06
-2.05023e-06
-2.12067e-06
-2.2718e-06
-2.53368e-06
-2.8937e-06
-3.25485e-06
-3.53026e-06
-3.67441e-06
-3.66988e-06
-3.52217e-06
-3.24757e-06
-2.86453e-06
-2.38846e-06
-1.83017e-06
-1.19673e-06
-4.93929e-07
2.70535e-07
1.08345e-06
1.9226e-06
2.75488e-06
3.53612e-06
4.20911e-06
4.72714e-06
5.06057e-06
5.20378e-06
5.17032e-06
4.92551e-06
-1.9103e-06
-1.95188e-06
-1.98031e-06
-2.00292e-06
-2.02196e-06
-2.03745e-06
-2.04998e-06
-2.06042e-06
-2.06945e-06
-2.07751e-06
-2.08465e-06
-2.09067e-06
-2.09487e-06
-2.09581e-06
-2.09322e-06
-2.0874e-06
-2.08054e-06
-2.07956e-06
-2.09861e-06
-2.16128e-06
-2.30248e-06
-2.55307e-06
-2.89929e-06
-3.2424e-06
-3.49349e-06
-3.60659e-06
-3.56522e-06
-3.37591e-06
-3.0558e-06
-2.6239e-06
-2.09606e-06
-1.48366e-06
-7.94698e-07
-3.62283e-08
7.82541e-07
1.64703e-06
2.53422e-06
3.41044e-06
4.23036e-06
4.94042e-06
5.49191e-06
5.85957e-06
6.02951e-06
6.02645e-06
5.78663e-06
-1.97862e-06
-2.02313e-06
-2.05298e-06
-2.07606e-06
-2.09477e-06
-2.10917e-06
-2.12003e-06
-2.12848e-06
-2.13546e-06
-2.14162e-06
-2.14715e-06
-2.15201e-06
-2.15553e-06
-2.15594e-06
-2.15254e-06
-2.14567e-06
-2.13679e-06
-2.13229e-06
-2.14584e-06
-2.20065e-06
-2.33146e-06
-2.56934e-06
-2.89977e-06
-3.22234e-06
-3.44673e-06
-3.52668e-06
-3.44638e-06
-3.21307e-06
-2.84453e-06
-2.3599e-06
-1.77528e-06
-1.1025e-06
-3.50402e-07
4.72645e-07
1.35576e-06
2.28259e-06
3.22857e-06
4.15877e-06
5.02746e-06
5.78123e-06
6.36997e-06
6.77447e-06
6.97724e-06
6.99372e-06
6.77756e-06
-2.05116e-06
-2.09885e-06
-2.13004e-06
-2.15325e-06
-2.17103e-06
-2.18353e-06
-2.19181e-06
-2.19732e-06
-2.20138e-06
-2.20488e-06
-2.20822e-06
-2.21157e-06
-2.21398e-06
-2.21375e-06
-2.20992e-06
-2.20222e-06
-2.19172e-06
-2.18417e-06
-2.19262e-06
-2.23993e-06
-2.36025e-06
-2.58468e-06
-2.89792e-06
-3.1982e-06
-3.39421e-06
-3.43952e-06
-3.31879e-06
-3.03978e-06
-2.62045e-06
-2.07995e-06
-1.43443e-06
-6.95964e-07
1.25888e-07
1.0215e-06
1.97826e-06
2.97781e-06
3.99352e-06
4.98861e-06
5.91619e-06
6.72258e-06
7.35563e-06
7.79716e-06
8.03315e-06
8.06924e-06
7.89166e-06
-2.12865e-06
-2.17975e-06
-2.21217e-06
-2.23499e-06
-2.25104e-06
-2.26063e-06
-2.2652e-06
-2.26666e-06
-2.26678e-06
-2.26682e-06
-2.26743e-06
-2.26882e-06
-2.2699e-06
-2.26909e-06
-2.26517e-06
-2.25706e-06
-2.24548e-06
-2.2355e-06
-2.2395e-06
-2.27976e-06
-2.38989e-06
-2.60056e-06
-2.89571e-06
-3.17252e-06
-3.33903e-06
-3.34868e-06
-3.18649e-06
-2.86051e-06
-2.38863e-06
-1.78989e-06
-1.08019e-06
-2.71708e-07
6.25451e-07
1.60054e-06
2.63927e-06
3.72117e-06
4.81726e-06
5.88836e-06
6.88564e-06
7.75421e-06
8.43924e-06
8.92135e-06
9.19453e-06
9.25512e-06
9.11276e-06
-2.21199e-06
-2.26674e-06
-2.30015e-06
-2.3219e-06
-2.33516e-06
-2.34054e-06
-2.34002e-06
-2.33613e-06
-2.33117e-06
-2.32686e-06
-2.32412e-06
-2.32316e-06
-2.32294e-06
-2.32181e-06
-2.31805e-06
-2.31008e-06
-2.29809e-06
-2.28639e-06
-2.28671e-06
-2.32057e-06
-2.42096e-06
-2.61788e-06
-2.89442e-06
-3.14702e-06
-3.28329e-06
-3.25665e-06
-3.05234e-06
-2.67854e-06
-2.15296e-06
-1.49424e-06
-7.17919e-07
1.63927e-07
1.14084e-06
2.20113e-06
3.32899e-06
4.50184e-06
5.6882e-06
6.84612e-06
7.92423e-06
8.86552e-06
9.61018e-06
1.01394e-05
1.04575e-05
1.05503e-05
1.04396e-05
-2.3023e-06
-2.36094e-06
-2.39497e-06
-2.41468e-06
-2.42377e-06
-2.42332e-06
-2.41604e-06
-2.40525e-06
-2.39397e-06
-2.38438e-06
-2.37767e-06
-2.37411e-06
-2.37266e-06
-2.37145e-06
-2.36827e-06
-2.36106e-06
-2.34938e-06
-2.33682e-06
-2.33426e-06
-2.36247e-06
-2.45372e-06
-2.6371e-06
-2.8948e-06
-3.12274e-06
-3.22835e-06
-3.16508e-06
-2.91832e-06
-2.49626e-06
-1.91629e-06
-1.19651e-06
-3.51924e-07
6.05655e-07
1.66561e-06
2.81555e-06
4.03832e-06
5.30943e-06
6.59484e-06
7.84966e-06
9.01939e-06
1.0044e-05
1.08578e-05
1.14391e-05
1.18058e-05
1.19377e-05
1.18679e-05
-2.401e-06
-2.46375e-06
-2.49781e-06
-2.51415e-06
-2.51725e-06
-2.50892e-06
-2.4929e-06
-2.47347e-06
-2.4545e-06
-2.43867e-06
-2.42746e-06
-2.42111e-06
-2.41853e-06
-2.41754e-06
-2.41547e-06
-2.40971e-06
-2.39913e-06
-2.38654e-06
-2.38198e-06
-2.40535e-06
-2.48812e-06
-2.6583e-06
-2.89711e-06
-3.10019e-06
-3.17498e-06
-3.07502e-06
-2.78578e-06
-2.31537e-06
-1.68077e-06
-8.99432e-07
1.42995e-08
1.04901e-06
2.19412e-06
3.43677e-06
4.75875e-06
6.13386e-06
7.5257e-06
8.88634e-06
1.01576e-05
1.12758e-05
1.21708e-05
1.28108e-05
1.32291e-05
1.34043e-05
1.33797e-05
-2.50983e-06
-2.57689e-06
-2.61006e-06
-2.62121e-06
-2.61596e-06
-2.59723e-06
-2.57012e-06
-2.54014e-06
-2.51202e-06
-2.48902e-06
-2.47281e-06
-2.46358e-06
-2.46004e-06
-2.45966e-06
-2.45928e-06
-2.45568e-06
-2.44701e-06
-2.43525e-06
-2.42958e-06
-2.44893e-06
-2.5239e-06
-2.68132e-06
-2.90134e-06
-3.07954e-06
-3.12355e-06
-2.98703e-06
-2.65554e-06
-2.13701e-06
-1.44798e-06
-6.05137e-07
3.77876e-07
1.49016e-06
2.72135e-06
4.05832e-06
5.48214e-06
6.96524e-06
8.46917e-06
9.94308e-06
1.13247e-05
1.25452e-05
1.35339e-05
1.42463e-05
1.47176e-05
1.49431e-05
1.4968e-05
-2.631e-06
-2.70245e-06
-2.73336e-06
-2.73683e-06
-2.7202e-06
-2.68799e-06
-2.64709e-06
-2.60449e-06
-2.56577e-06
-2.53473e-06
-2.51312e-06
-2.501e-06
-2.49675e-06
-2.49744e-06
-2.49934e-06
-2.49862e-06
-2.49264e-06
-2.48257e-06
-2.47665e-06
-2.49278e-06
-2.56066e-06
-2.70581e-06
-2.90724e-06
-3.0607e-06
-3.07413e-06
-2.9014e-06
-2.52811e-06
-1.962e-06
-1.2191e-06
-3.15334e-07
7.36397e-07
1.92578e-06
3.24275e-06
4.67418e-06
6.20071e-06
7.79384e-06
9.41354e-06
1.10064e-05
1.2506e-05
1.38377e-05
1.49299e-05
1.57311e-05
1.62597e-05
1.65428e-05
1.66245e-05
-2.76734e-06
-2.84305e-06
-2.86962e-06
-2.86201e-06
-2.83016e-06
-2.78082e-06
-2.72313e-06
-2.66566e-06
-2.61495e-06
-2.57512e-06
-2.54786e-06
-2.53294e-06
-2.52832e-06
-2.53058e-06
-2.53537e-06
-2.53822e-06
-2.53569e-06
-2.52809e-06
-2.52274e-06
-2.53646e-06
-2.59792e-06
-2.73132e-06
-2.91446e-06
-3.04343e-06
-3.02665e-06
-2.81823e-06
-2.4038e-06
-1.79089e-06
-9.95032e-07
-3.14099e-08
1.08782e-06
2.35292e-06
3.75423e-06
5.27875e-06
6.90701e-06
8.6101e-06
1.0347e-05
1.20624e-05
1.36865e-05
1.51389e-05
1.63429e-05
1.7244e-05
1.78418e-05
1.81904e-05
1.83385e-05
-2.92248e-06
-3.00188e-06
-3.02098e-06
-2.99775e-06
-2.94584e-06
-2.87519e-06
-2.79738e-06
-2.72282e-06
-2.65882e-06
-2.60963e-06
-2.57663e-06
-2.55913e-06
-2.55455e-06
-2.55889e-06
-2.56716e-06
-2.57422e-06
-2.57584e-06
-2.57146e-06
-2.56743e-06
-2.57945e-06
-2.63518e-06
-2.75735e-06
-2.92256e-06
-3.02742e-06
-2.98092e-06
-2.73748e-06
-2.28276e-06
-1.62408e-06
-7.76504e-07
2.45487e-07
1.43039e-06
2.76902e-06
4.25208e-06
5.86685e-06
7.59401e-06
9.40472e-06
1.12577e-05
1.30968e-05
1.48495e-05
1.64305e-05
1.77561e-05
1.87659e-05
1.94479e-05
1.98713e-05
2.00986e-05
-3.1012e-06
-3.18289e-06
-3.18985e-06
-3.14496e-06
-3.06693e-06
-2.9702e-06
-2.86889e-06
-2.77517e-06
-2.69681e-06
-2.63787e-06
-2.59922e-06
-2.57949e-06
-2.57541e-06
-2.58235e-06
-2.59465e-06
-2.6065e-06
-2.61288e-06
-2.61234e-06
-2.61031e-06
-2.62131e-06
-2.67193e-06
-2.78341e-06
-2.93113e-06
-3.01233e-06
-2.93672e-06
-2.65908e-06
-2.16509e-06
-1.46186e-06
-5.64087e-07
5.14393e-07
1.76262e-06
3.17182e-06
4.73303e-06
6.43381e-06
8.25519e-06
1.01689e-05
1.21341e-05
1.40949e-05
1.59775e-05
1.76925e-05
1.91484e-05
2.02772e-05
2.10602e-05
2.15701e-05
2.18938e-05
-3.30985e-06
-3.39084e-06
-3.37877e-06
-3.30443e-06
-3.1926e-06
-3.06479e-06
-2.93667e-06
-2.82194e-06
-2.72846e-06
-2.65968e-06
-2.61565e-06
-2.59411e-06
-2.59103e-06
-2.60106e-06
-2.61789e-06
-2.63501e-06
-2.64666e-06
-2.65051e-06
-2.65105e-06
-2.66163e-06
-2.70772e-06
-2.80905e-06
-2.93975e-06
-2.99785e-06
-2.89386e-06
-2.58295e-06
-2.05083e-06
-1.30448e-06
-3.58256e-07
7.74501e-07
2.08321e-06
3.55938e-06
5.19423e-06
6.97549e-06
8.88469e-06
1.08944e-05
1.29651e-05
1.50423e-05
1.70525e-05
1.89038e-05
2.04978e-05
2.17567e-05
2.26551e-05
2.32685e-05
2.37123e-05
-3.55708e-06
-3.63148e-06
-3.59013e-06
-3.47515e-06
-3.32285e-06
-3.15775e-06
-2.99966e-06
-2.86252e-06
-2.75356e-06
-2.67511e-06
-2.62613e-06
-2.6033e-06
-2.60171e-06
-2.61529e-06
-2.63705e-06
-2.65984e-06
-2.67715e-06
-2.68582e-06
-2.68939e-06
-2.70007e-06
-2.74216e-06
-2.83388e-06
-2.94809e-06
-2.9837e-06
-2.85214e-06
-2.50899e-06
-1.94003e-06
-1.15212e-06
-1.59404e-07
1.02514e-06
2.39113e-06
3.93011e-06
5.63329e-06
7.48842e-06
9.47743e-06
1.15739e-05
1.37405e-05
1.59249e-05
1.80561e-05
2.00421e-05
2.1779e-05
2.31797e-05
2.4207e-05
2.49446e-05
2.55414e-05
-3.85487e-06
-3.91137e-06
-3.82592e-06
-3.65761e-06
-3.45512e-06
-3.24753e-06
-3.05691e-06
-2.89652e-06
-2.77213e-06
-2.68448e-06
-2.63111e-06
-2.60753e-06
-2.6079e-06
-2.62542e-06
-2.65242e-06
-2.68116e-06
-2.70441e-06
-2.7182e-06
-2.72519e-06
-2.73639e-06
-2.77496e-06
-2.85758e-06
-2.95584e-06
-2.96966e-06
-2.81141e-06
-2.43716e-06
-1.83273e-06
-1.00495e-06
3.21488e-08
1.26577e-06
2.68551e-06
4.28273e-06
6.04833e-06
7.9698e-06
1.00293e-05
1.22015e-05
1.44512e-05
1.67299e-05
1.89704e-05
2.10837e-05
2.29636e-05
2.4515e-05
2.56864e-05
2.65726e-05
2.73692e-05
-4.22013e-06
-4.23766e-06
-4.08702e-06
-3.85042e-06
-3.58726e-06
-3.33248e-06
-3.10759e-06
-2.92379e-06
-2.78449e-06
-2.68834e-06
-2.63124e-06
-2.60745e-06
-2.61018e-06
-2.63192e-06
-2.66438e-06
-2.69922e-06
-2.72857e-06
-2.74768e-06
-2.75834e-06
-2.77042e-06
-2.80589e-06
-2.8799e-06
-2.9628e-06
-2.95555e-06
-2.77156e-06
-2.3674e-06
-1.72895e-06
-8.63086e-07
2.16154e-07
1.49598e-06
2.96572e-06
4.61631e-06
6.43796e-06
8.41758e-06
1.05372e-05
1.27722e-05
1.50899e-05
1.74457e-05
1.97786e-05
2.2005e-05
2.40205e-05
2.57265e-05
2.70559e-05
2.81194e-05
2.91842e-05
-4.67712e-06
-4.61779e-06
-4.37275e-06
-4.04996e-06
-3.71654e-06
-3.41096e-06
-3.15115e-06
-2.94453e-06
-2.79123e-06
-2.68746e-06
-2.62731e-06
-2.60379e-06
-2.6092e-06
-2.63534e-06
-2.67335e-06
-2.71434e-06
-2.74983e-06
-2.77435e-06
-2.78885e-06
-2.80206e-06
-2.8348e-06
-2.90067e-06
-2.96881e-06
-2.94127e-06
-2.73253e-06
-2.29969e-06
-1.62874e-06
-7.26635e-07
3.92429e-07
1.71548e-06
3.23137e-06
4.93025e-06
6.80134e-06
8.8305e-06
1.09991e-05
1.3283e-05
1.56512e-05
1.80635e-05
2.04655e-05
2.27826e-05
2.49164e-05
2.67716e-05
2.82673e-05
2.95394e-05
3.09744e-05
-5.25964e-06
-5.05499e-06
-4.68097e-06
-4.25145e-06
-3.83956e-06
-3.48141e-06
-3.18734e-06
-2.95925e-06
-2.79323e-06
-2.68278e-06
-2.62022e-06
-2.59736e-06
-2.60565e-06
-2.63626e-06
-2.67978e-06
-2.72686e-06
-2.76844e-06
-2.79836e-06
-2.81677e-06
-2.8313e-06
-2.86162e-06
-2.91979e-06
-2.97377e-06
-2.92674e-06
-2.6943e-06
-2.23406e-06
-1.53215e-06
-5.95697e-07
5.6082e-07
1.92406e-06
3.48215e-06
5.22418e-06
7.138e-06
9.20791e-06
1.14141e-05
1.3732e-05
1.61317e-05
1.85766e-05
2.10191e-05
2.33951e-05
2.56169e-05
2.76009e-05
2.92575e-05
3.07654e-05
3.27206e-05
-6.0137e-06
-5.54547e-06
-5.00125e-06
-4.44828e-06
-3.95247e-06
-3.54244e-06
-3.21628e-06
-2.96873e-06
-2.7915e-06
-2.67535e-06
-2.61094e-06
-2.58901e-06
-2.60024e-06
-2.63525e-06
-2.68416e-06
-2.73716e-06
-2.78468e-06
-2.8199e-06
-2.84221e-06
-2.85817e-06
-2.88633e-06
-2.93722e-06
-2.97764e-06
-2.91195e-06
-2.65685e-06
-2.17053e-06
-1.43925e-06
-4.70385e-07
7.21157e-07
2.1215e-06
3.71779e-06
5.49782e-06
7.44761e-06
9.54948e-06
1.17817e-05
1.41184e-05
1.65297e-05
1.89809e-05
2.14302e-05
2.38236e-05
2.6087e-05
2.81576e-05
2.99438e-05
3.16934e-05
3.43773e-05
-6.98454e-06
-6.07978e-06
-5.31818e-06
-4.63147e-06
-4.05121e-06
-3.593e-06
-3.2384e-06
-2.97399e-06
-2.78717e-06
-2.66623e-06
-2.60042e-06
-2.57955e-06
-2.59367e-06
-2.63292e-06
-2.68699e-06
-2.74566e-06
-2.79888e-06
-2.8392e-06
-2.86533e-06
-2.88278e-06
-2.90898e-06
-2.95297e-06
-2.98042e-06
-2.89686e-06
-2.62015e-06
-2.10905e-06
-1.34997e-06
-3.50631e-07
8.73527e-07
2.3079e-06
3.93848e-06
5.7514e-06
7.73055e-06
9.85573e-06
1.21026e-05
1.44431e-05
1.68456e-05
1.92755e-05
2.16935e-05
2.40535e-05
2.62941e-05
2.83794e-05
3.02227e-05
3.21787e-05
3.58719e-05
-8.26776e-06
-6.64402e-06
-5.61033e-06
-4.79146e-06
-4.13342e-06
-3.6338e-06
-3.25541e-06
-2.97683e-06
-2.78178e-06
-2.65665e-06
-2.58957e-06
-2.56966e-06
-2.58644e-06
-2.62963e-06
-2.68853e-06
-2.75256e-06
-2.8112e-06
-2.85643e-06
-2.88627e-06
-2.90522e-06
-2.92964e-06
-2.9671e-06
-2.98217e-06
-2.88154e-06
-2.58418e-06
-2.04943e-06
-1.26388e-06
-2.3564e-07
1.01916e-06
2.48503e-06
4.14659e-06
5.98809e-06
7.99088e-06
1.01318e-05
1.23832e-05
1.47135e-05
1.7088e-05
1.94694e-05
2.18167e-05
2.40845e-05
2.62195e-05
2.82075e-05
2.99705e-05
3.20443e-05
3.71664e-05
-9.97811e-06
-7.20736e-06
-5.84685e-06
-4.92014e-06
-4.20161e-06
-3.66953e-06
-3.27177e-06
-2.98073e-06
-2.77782e-06
-2.64819e-06
-2.57929e-06
-2.5597e-06
-2.57851e-06
-2.6251e-06
-2.68838e-06
-2.7574e-06
-2.82121e-06
-2.87121e-06
-2.90474e-06
-2.92531e-06
-2.94822e-06
-2.97965e-06
-2.98309e-06
-2.86632e-06
-2.54931e-06
-1.9919e-06
-1.18088e-06
-1.24835e-07
1.15931e-06
2.65508e-06
4.34555e-06
6.21286e-06
8.23561e-06
1.03872e-05
1.26361e-05
1.49464e-05
1.72785e-05
1.95895e-05
2.18316e-05
2.39502e-05
2.58849e-05
2.76098e-05
2.9033e-05
3.09616e-05
3.78071e-05
-1.14279e-05
-7.56889e-06
-5.96965e-06
-4.99932e-06
-4.25198e-06
-3.6993e-06
-3.2871e-06
-2.98552e-06
-2.77527e-06
-2.64104e-06
-2.56992e-06
-2.55014e-06
-2.57047e-06
-2.61993e-06
-2.68709e-06
-2.76067e-06
-2.8293e-06
-2.88382e-06
-2.92094e-06
-2.9432e-06
-2.96486e-06
-2.99072e-06
-2.98336e-06
-2.85169e-06
-2.51674e-06
-1.93886e-06
-1.10498e-06
-2.42123e-08
1.28571e-06
2.80723e-06
4.52189e-06
6.40974e-06
8.44653e-06
1.06022e-05
1.2841e-05
1.51224e-05
1.74005e-05
1.96248e-05
2.17369e-05
2.36662e-05
2.53072e-05
2.65687e-05
2.72238e-05
2.80192e-05
3.39974e-05
)
;

boundaryField
{
    inlet
    {
        type            uniformJump;
        patchType       cyclic;
        jump            uniform -2.5e-05;
        value           nonuniform List<scalar> 
40
(
7.83727e-07
8.00007e-07
8.16677e-07
8.32778e-07
8.49668e-07
8.68738e-07
8.92337e-07
9.24841e-07
9.73322e-07
1.04761e-06
1.15965e-06
1.3228e-06
1.55229e-06
1.86639e-06
2.28656e-06
2.83554e-06
3.53327e-06
4.39211e-06
5.4117e-06
6.56773e-06
7.75115e-06
8.77387e-06
9.55071e-06
1.01129e-05
1.05076e-05
1.07745e-05
1.09472e-05
1.10535e-05
1.11152e-05
1.11485e-05
1.11647e-05
1.11715e-05
1.11736e-05
1.11737e-05
1.11735e-05
1.11738e-05
1.11747e-05
1.11763e-05
1.11786e-05
1.11814e-05
)
;
        jumpTable       table;
        jumpTableCoeffs
        {
            values          
4
(
(0 -2.5e-05)
(25 -2.5e-05)
(25.5 -0.0001)
(26 -2.5e-05)
)
;
        }
    }
    outlet
    {
        type            uniformJump;
        patchType       cyclic;
        value           nonuniform List<scalar> 
40
(
-2.42163e-05
-2.42e-05
-2.41833e-05
-2.41672e-05
-2.41503e-05
-2.41313e-05
-2.41077e-05
-2.40752e-05
-2.40267e-05
-2.39524e-05
-2.38404e-05
-2.36772e-05
-2.34477e-05
-2.31336e-05
-2.27134e-05
-2.21645e-05
-2.14667e-05
-2.06079e-05
-1.95883e-05
-1.84323e-05
-1.72489e-05
-1.62261e-05
-1.54493e-05
-1.48871e-05
-1.44924e-05
-1.42255e-05
-1.40528e-05
-1.39465e-05
-1.38848e-05
-1.38515e-05
-1.38353e-05
-1.38285e-05
-1.38264e-05
-1.38263e-05
-1.38265e-05
-1.38262e-05
-1.38253e-05
-1.38237e-05
-1.38214e-05
-1.38186e-05
)
;
    }
    Walls
    {
        type            zeroGradient;
    }
    back
    {
        type            empty;
    }
    front
    {
        type            empty;
    }
}


// ************************************************************************* //
