/*--------------------------------*- C++ -*----------------------------------*\
| =========                 |                                                 |
| \\      /  F ield         | OpenFOAM: The Open Source CFD Toolbox           |
|  \\    /   O peration     | Version:  2312                                  |
|   \\  /    A nd           | Website:  www.openfoam.com                      |
|    \\/     M anipulation  |                                                 |
\*---------------------------------------------------------------------------*/
FoamFile
{
    version     2.0;
    format      ascii;
    arch        "LSB;label=32;scalar=64";
    class       volScalarField;
    location    "139.75";
    object      p;
}
// * * * * * * * * * * * * * * * * * * * * * * * * * * * * * * * * * * * * * //

dimensions      [0 2 -2 0 0 0 0];

internalField   nonuniform List<scalar> 
4800
(
-5.41166e-13
-1.51522e-06
-2.72362e-06
-3.7033e-06
-4.50964e-06
-5.18332e-06
-5.74987e-06
-6.24074e-06
-6.66916e-06
-7.04574e-06
-7.38127e-06
-7.67928e-06
-7.93552e-06
-8.38009e-06
-9.93029e-06
1.90363e-08
-1.4938e-06
-2.70112e-06
-3.68072e-06
-4.48773e-06
-5.1632e-06
-5.73254e-06
-6.22765e-06
-6.66208e-06
-7.04791e-06
-7.40097e-06
-7.73787e-06
-8.07363e-06
-8.51463e-06
-9.2995e-06
3.89799e-08
-1.47129e-06
-2.67751e-06
-3.65712e-06
-4.46501e-06
-5.14221e-06
-5.714e-06
-6.21146e-06
-6.6507e-06
-7.04345e-06
-7.40647e-06
-7.75758e-06
-8.10583e-06
-8.46154e-06
-8.80518e-06
5.89886e-08
-1.44826e-06
-2.65302e-06
-3.63227e-06
-4.44064e-06
-5.11895e-06
-5.69307e-06
-6.19075e-06
-6.63196e-06
-7.02645e-06
-7.38753e-06
-7.72537e-06
-8.03356e-06
-8.28398e-06
-8.41187e-06
8.06175e-08
-1.42295e-06
-2.62574e-06
-3.60413e-06
-4.41241e-06
-5.09092e-06
-5.66645e-06
-6.16276e-06
-6.60138e-06
-6.99083e-06
-7.33801e-06
-7.64419e-06
-7.89265e-06
-8.04799e-06
-8.05912e-06
1.0523e-07
-1.39395e-06
-2.59414e-06
-3.57103e-06
-4.3784e-06
-5.05588e-06
-5.63041e-06
-6.12353e-06
-6.55442e-06
-6.93042e-06
-7.25281e-06
-7.51637e-06
-7.70257e-06
-7.78438e-06
-7.73596e-06
1.34888e-07
-1.35924e-06
-2.55612e-06
-3.53061e-06
-4.33586e-06
-5.01057e-06
-5.58098e-06
-6.06729e-06
-6.48518e-06
-6.83975e-06
-7.12926e-06
-7.34639e-06
-7.47734e-06
-7.5086e-06
-7.43418e-06
1.73352e-07
-1.31519e-06
-2.50793e-06
-3.47889e-06
-4.28036e-06
-4.94996e-06
-5.51291e-06
-5.98767e-06
-6.38694e-06
-6.71423e-06
-6.96728e-06
-7.14079e-06
-7.22847e-06
-7.22866e-06
-7.14648e-06
2.26693e-07
-1.25588e-06
-2.44359e-06
-3.40962e-06
-4.20526e-06
-4.8669e-06
-5.4187e-06
-5.87732e-06
-6.25342e-06
-6.55058e-06
-6.76828e-06
-6.90553e-06
-6.96314e-06
-6.94721e-06
-6.86754e-06
3.03426e-07
-1.17277e-06
-2.35437e-06
-3.31382e-06
-4.10126e-06
-4.75192e-06
-5.28897e-06
-5.72788e-06
-6.07862e-06
-6.3462e-06
-6.53343e-06
-6.64394e-06
-6.68369e-06
-6.66273e-06
-6.59191e-06
4.1398e-07
-1.05487e-06
-2.22881e-06
-3.17967e-06
-3.95645e-06
-4.59327e-06
-5.11283e-06
-5.53031e-06
-5.85626e-06
-6.09806e-06
-6.2621e-06
-6.35577e-06
-6.38799e-06
-6.37012e-06
-6.31243e-06
5.69962e-07
-8.89363e-07
-2.05323e-06
-2.99303e-06
-3.75665e-06
-4.37749e-06
-4.87826e-06
-5.27482e-06
-5.57921e-06
-5.80146e-06
-5.95069e-06
-6.03674e-06
-6.06979e-06
-6.06103e-06
-6.01952e-06
7.8419e-07
-6.61613e-07
-1.81194e-06
-2.73769e-06
-3.48595e-06
-4.08972e-06
-4.57227e-06
-4.95076e-06
-5.23901e-06
-5.4491e-06
-5.59194e-06
-5.67846e-06
-5.71898e-06
-5.72384e-06
-5.70087e-06
1.07127e-06
-3.54545e-07
-1.48659e-06
-2.39495e-06
-3.12616e-06
-3.71315e-06
-4.17996e-06
-4.54509e-06
-4.8238e-06
-5.02943e-06
-5.17377e-06
-5.26779e-06
-5.32127e-06
-5.34343e-06
-5.34105e-06
1.44732e-06
5.13172e-08
-1.056e-06
-1.94311e-06
-2.65607e-06
-3.22781e-06
-3.68288e-06
-4.04053e-06
-4.31666e-06
-4.52511e-06
-4.67785e-06
-4.78543e-06
-4.85668e-06
-4.89959e-06
-4.92004e-06
1.92832e-06
5.7615e-07
-4.97703e-07
-1.35875e-06
-2.05216e-06
-2.61066e-06
-3.05864e-06
-3.41516e-06
-3.69569e-06
-3.91356e-06
-4.08042e-06
-4.20649e-06
-4.29973e-06
-4.36681e-06
-4.41277e-06
2.52716e-06
1.23758e-06
2.08725e-07
-6.20076e-07
-1.29191e-06
-1.83845e-06
-2.28324e-06
-2.64433e-06
-2.93593e-06
-3.16979e-06
-3.35635e-06
-3.50528e-06
-3.62434e-06
-3.71913e-06
-3.79372e-06
3.25e-06
2.04608e-06
1.07667e-06
2.88053e-07
-3.58958e-07
-8.93479e-07
-1.337e-06
-1.70591e-06
-2.01315e-06
-2.2688e-06
-2.48122e-06
-2.65781e-06
-2.8073e-06
-2.93447e-06
-3.04227e-06
4.09223e-06
2.9991e-06
2.10565e-06
1.36698e-06
7.49626e-07
2.2873e-07
-2.13736e-07
-5.91067e-07
-9.14042e-07
-1.19182e-06
-1.43307e-06
-1.64187e-06
-1.82608e-06
-1.98971e-06
-2.13547e-06
5.03266e-06
4.0728e-06
3.2708e-06
2.59193e-06
2.00992e-06
1.50536e-06
1.06409e-06
6.76688e-07
3.36686e-07
3.74701e-08
-2.27657e-07
-4.68047e-07
-6.86209e-07
-8.85438e-07
-1.06904e-06
5.98433e-06
5.16357e-06
4.45808e-06
3.84335e-06
3.30039e-06
2.81524e-06
2.37851e-06
1.98306e-06
1.62205e-06
1.29263e-06
9.93703e-07
7.22411e-07
4.68774e-07
2.28815e-07
8.0123e-10
6.7991e-06
6.09813e-06
5.47746e-06
4.92059e-06
4.4148e-06
3.95118e-06
3.52314e-06
3.12651e-06
2.75884e-06
2.41399e-06
2.08571e-06
1.77163e-06
1.47826e-06
1.201e-06
9.33689e-07
7.42517e-06
6.81231e-06
6.25367e-06
5.73894e-06
5.25993e-06
4.81105e-06
4.38825e-06
3.98798e-06
3.60692e-06
3.24288e-06
2.89495e-06
2.56225e-06
2.24333e-06
1.93494e-06
1.63399e-06
7.88373e-06
7.33548e-06
6.82278e-06
6.33979e-06
5.88165e-06
5.44496e-06
5.02694e-06
4.62547e-06
4.23894e-06
3.86578e-06
3.5048e-06
3.15431e-06
2.81259e-06
2.47773e-06
2.14849e-06
8.21062e-06
7.70963e-06
7.23153e-06
6.77334e-06
6.33223e-06
5.90618e-06
5.49355e-06
5.09285e-06
4.70226e-06
4.32047e-06
3.94636e-06
3.57925e-06
3.21781e-06
2.86113e-06
2.50846e-06
8.43646e-06
7.9703e-06
7.51854e-06
7.07966e-06
6.652e-06
6.23438e-06
5.82555e-06
5.42417e-06
5.02884e-06
4.63897e-06
4.25414e-06
3.8735e-06
3.49629e-06
3.12202e-06
2.75006e-06
8.58717e-06
8.147e-06
7.71524e-06
7.2911e-06
6.87359e-06
6.46198e-06
6.05531e-06
5.65266e-06
5.25369e-06
4.85766e-06
4.46408e-06
4.07239e-06
3.68235e-06
3.29363e-06
2.90579e-06
8.68427e-06
8.26374e-06
7.8472e-06
7.43425e-06
7.02439e-06
6.61723e-06
6.21215e-06
5.80862e-06
5.40639e-06
5.00522e-06
4.60433e-06
4.20364e-06
3.80305e-06
3.40241e-06
3.00154e-06
8.74471e-06
8.33931e-06
7.93452e-06
7.53025e-06
7.12639e-06
6.72275e-06
6.31892e-06
5.91458e-06
5.50952e-06
5.10369e-06
4.69671e-06
4.28856e-06
3.87925e-06
3.4688e-06
3.0572e-06
8.78122e-06
8.38777e-06
7.99227e-06
7.59496e-06
7.19591e-06
6.79501e-06
6.39204e-06
5.98683e-06
5.57931e-06
5.16956e-06
4.75744e-06
4.34302e-06
3.92642e-06
3.5078e-06
3.08725e-06
8.80293e-06
8.41915e-06
8.03119e-06
7.63954e-06
7.24438e-06
6.84564e-06
6.44325e-06
6.03718e-06
5.62754e-06
5.21442e-06
4.79791e-06
4.37814e-06
3.95535e-06
3.52981e-06
3.1017e-06
8.81603e-06
8.44026e-06
8.05853e-06
7.67158e-06
7.2796e-06
6.88259e-06
6.4806e-06
6.0737e-06
5.66214e-06
5.2461e-06
4.82577e-06
4.40137e-06
3.97324e-06
3.54174e-06
3.10715e-06
8.8245e-06
8.45548e-06
8.07901e-06
7.69602e-06
7.30667e-06
6.91105e-06
6.50932e-06
6.10163e-06
5.68833e-06
5.26967e-06
4.846e-06
4.41753e-06
3.98472e-06
3.54801e-06
3.10776e-06
8.83075e-06
8.46751e-06
8.09554e-06
7.71591e-06
7.32877e-06
6.93427e-06
6.5327e-06
6.12426e-06
5.70935e-06
5.28831e-06
4.86169e-06
4.42959e-06
3.99264e-06
3.55133e-06
3.10608e-06
8.83612e-06
8.47789e-06
8.10981e-06
7.73307e-06
7.34778e-06
6.95421e-06
6.5527e-06
6.14354e-06
5.72713e-06
5.30394e-06
4.87468e-06
4.43932e-06
3.99866e-06
3.55324e-06
3.10354e-06
8.84126e-06
8.48741e-06
8.12273e-06
7.74847e-06
7.36476e-06
6.97194e-06
6.57043e-06
6.16057e-06
5.74273e-06
5.31769e-06
4.88599e-06
4.44769e-06
4.0037e-06
3.55461e-06
3.10093e-06
8.84643e-06
8.49642e-06
8.13468e-06
7.76256e-06
7.38019e-06
6.98798e-06
6.58642e-06
6.17587e-06
5.75675e-06
5.33009e-06
4.89612e-06
4.45519e-06
4.00822e-06
3.55583e-06
3.0986e-06
8.85176e-06
8.50513e-06
8.14597e-06
7.77568e-06
7.39444e-06
7.00273e-06
6.60107e-06
6.18986e-06
5.76943e-06
5.34142e-06
4.90539e-06
4.46211e-06
4.01248e-06
3.55712e-06
3.09666e-06
8.85754e-06
8.51409e-06
8.15731e-06
7.78868e-06
7.40844e-06
7.01716e-06
6.61538e-06
6.20352e-06
5.78203e-06
5.35246e-06
4.91449e-06
4.46898e-06
4.01681e-06
3.55862e-06
3.09507e-06
8.86341e-06
8.52303e-06
8.16862e-06
7.80172e-06
7.42262e-06
7.03177e-06
6.62985e-06
6.21734e-06
5.79478e-06
5.36364e-06
4.92376e-06
4.47599e-06
4.02116e-06
3.56022e-06
3.09382e-06
-1.11772e-05
-8.96552e-06
-7.60836e-06
-6.69316e-06
-5.96264e-06
-5.40553e-06
-4.98043e-06
-4.66092e-06
-4.43026e-06
-4.2757e-06
-4.18703e-06
-4.15566e-06
-4.17439e-06
-4.23708e-06
-4.3387e-06
-4.47554e-06
-4.64575e-06
-4.8507e-06
-5.09607e-06
-5.39378e-06
-5.75579e-06
-6.17801e-06
-6.56291e-06
-6.74823e-06
-6.63372e-06
-6.18563e-06
-5.40937e-06
-4.32281e-06
-2.94735e-06
-1.30833e-06
5.66339e-07
2.6455e-06
4.89337e-06
7.269e-06
9.72631e-06
1.22144e-05
1.46774e-05
1.70534e-05
1.92693e-05
2.12326e-05
2.2809e-05
2.38048e-05
2.37876e-05
2.23516e-05
1.80495e-05
-9.61095e-06
-8.44784e-06
-7.41156e-06
-6.59241e-06
-5.90591e-06
-5.36425e-06
-4.94532e-06
-4.62919e-06
-4.40135e-06
-4.24985e-06
-4.16471e-06
-4.13737e-06
-4.16058e-06
-4.22814e-06
-4.33493e-06
-4.47714e-06
-4.65281e-06
-4.86306e-06
-5.11297e-06
-5.41352e-06
-5.77499e-06
-6.19145e-06
-6.56522e-06
-6.73764e-06
-6.61076e-06
-6.15235e-06
-5.36854e-06
-4.27734e-06
-2.90018e-06
-1.26298e-06
6.05202e-07
2.67158e-06
4.89818e-06
7.24129e-06
9.65116e-06
1.20719e-05
1.44407e-05
1.66845e-05
1.87134e-05
2.04052e-05
2.15701e-05
2.18999e-05
2.07787e-05
1.73964e-05
1.0694e-05
-8.78685e-06
-8.04587e-06
-7.21023e-06
-6.4773e-06
-5.83955e-06
-5.31928e-06
-4.9097e-06
-4.59848e-06
-4.37412e-06
-4.22597e-06
-4.14445e-06
-4.12119e-06
-4.14895e-06
-4.22146e-06
-4.33353e-06
-4.48126e-06
-4.66253e-06
-4.87817e-06
-5.13264e-06
-5.43578e-06
-5.79606e-06
-6.20538e-06
-6.566e-06
-6.72333e-06
-6.58257e-06
-6.11284e-06
-5.32132e-06
-4.22626e-06
-2.84923e-06
-1.21697e-06
6.39971e-07
2.68675e-06
4.88265e-06
7.18041e-06
9.52577e-06
1.18568e-05
1.4102e-05
1.61767e-05
1.79733e-05
1.93449e-05
2.00703e-05
1.98138e-05
1.80439e-05
1.42156e-05
8.25676e-06
-8.26615e-06
-7.71836e-06
-7.0395e-06
-6.37406e-06
-5.78228e-06
-5.28447e-06
-4.88419e-06
-4.57714e-06
-4.35511e-06
-4.20901e-06
-4.12994e-06
-4.10974e-06
-4.14126e-06
-4.21815e-06
-4.33512e-06
-4.48813e-06
-4.67488e-06
-4.89583e-06
-5.1547e-06
-5.46009e-06
-5.81841e-06
-6.21913e-06
-6.5644e-06
-6.70417e-06
-6.54711e-06
-6.0639e-06
-5.2631e-06
-4.1634e-06
-2.78674e-06
-1.16105e-06
6.81182e-07
2.70246e-06
4.85863e-06
7.09815e-06
9.36136e-06
1.15795e-05
1.36723e-05
1.55438e-05
1.70736e-05
1.81026e-05
1.84138e-05
1.77203e-05
1.56725e-05
1.20254e-05
7.08053e-06
-7.86939e-06
-7.43616e-06
-6.87695e-06
-6.29302e-06
-5.74347e-06
-5.26754e-06
-4.87583e-06
-4.57161e-06
-4.35004e-06
-4.20395e-06
-4.12533e-06
-4.10646e-06
-4.14031e-06
-4.22045e-06
-4.34146e-06
-4.49911e-06
-4.69084e-06
-4.9167e-06
-5.17951e-06
-5.48649e-06
-5.84175e-06
-6.23204e-06
-6.5595e-06
-6.67931e-06
-6.50391e-06
-6.00586e-06
-5.19537e-06
-4.09177e-06
-2.71762e-06
-1.10236e-06
7.19156e-07
2.70635e-06
4.81114e-06
6.97723e-06
9.13934e-06
1.1222e-05
1.31375e-05
1.47821e-05
1.60303e-05
1.67296e-05
1.66948e-05
1.57245e-05
1.36447e-05
1.04305e-05
6.40948e-06
-7.54426e-06
-7.19189e-06
-6.72366e-06
-6.2217e-06
-5.72202e-06
-5.26924e-06
-4.88805e-06
-4.58667e-06
-4.36413e-06
-4.21588e-06
-4.1353e-06
-4.11545e-06
-4.14961e-06
-4.23126e-06
-4.35485e-06
-4.51595e-06
-4.7117e-06
-4.94158e-06
-5.20744e-06
-5.5149e-06
-5.86553e-06
-6.24307e-06
-6.54985e-06
-6.64713e-06
-6.45149e-06
-5.93765e-06
-5.11782e-06
-4.01218e-06
-2.64413e-06
-1.04501e-06
7.47572e-07
2.68967e-06
4.72898e-06
6.80437e-06
8.84528e-06
1.07709e-05
1.24887e-05
1.3893e-05
1.48638e-05
1.5269e-05
1.49726e-05
1.38611e-05
1.18879e-05
9.14388e-06
5.92307e-06
-7.25751e-06
-6.96871e-06
-6.58363e-06
-6.14839e-06
-5.70477e-06
-5.28481e-06
-4.91978e-06
-4.62371e-06
-4.40043e-06
-4.24874e-06
-4.16403e-06
-4.14077e-06
-4.1728e-06
-4.25368e-06
-4.37783e-06
-4.54062e-06
-4.73882e-06
-4.97129e-06
-5.23873e-06
-5.54501e-06
-5.88889e-06
-6.25081e-06
-6.53361e-06
-6.60555e-06
-6.38778e-06
-5.85752e-06
-5.02937e-06
-3.92453e-06
-2.56752e-06
-9.91984e-07
7.614e-07
2.64517e-06
4.60286e-06
6.56886e-06
8.46851e-06
1.02179e-05
1.1724e-05
1.2886e-05
1.35984e-05
1.37593e-05
1.32845e-05
1.21314e-05
1.03287e-05
8.00466e-06
5.39533e-06
-6.99011e-06
-6.75269e-06
-6.43838e-06
-6.07127e-06
-5.68353e-06
-5.30512e-06
-4.96437e-06
-4.67904e-06
-4.45791e-06
-4.3034e-06
-4.21354e-06
-4.18505e-06
-4.21272e-06
-4.29036e-06
-4.41262e-06
-4.57484e-06
-4.77336e-06
-5.0064e-06
-5.27334e-06
-5.57616e-06
-5.91055e-06
-6.25341e-06
-6.5085e-06
-6.55218e-06
-6.3106e-06
-5.76387e-06
-4.92945e-06
-3.82964e-06
-2.4903e-06
-9.47847e-07
7.53734e-07
2.56372e-06
4.42191e-06
6.2593e-06
7.99906e-06
9.55749e-06
1.0846e-05
1.17749e-05
1.22597e-05
1.22314e-05
1.16501e-05
1.05213e-05
8.90861e-06
6.93903e-06
4.79151e-06
-6.73272e-06
-6.53799e-06
-6.28316e-06
-5.98031e-06
-5.6508e-06
-5.31957e-06
-5.01106e-06
-4.74385e-06
-4.5305e-06
-4.37622e-06
-4.28201e-06
-4.24804e-06
-4.27002e-06
-4.3423e-06
-4.46026e-06
-4.61942e-06
-4.81575e-06
-5.04683e-06
-5.31064e-06
-5.60711e-06
-5.92869e-06
-6.24854e-06
-6.47196e-06
-6.4846e-06
-6.21798e-06
-5.65574e-06
-4.81872e-06
-3.73004e-06
-2.41709e-06
-9.19601e-07
7.15066e-07
2.43371e-06
4.17348e-06
5.86362e-06
7.42787e-06
8.7866e-06
9.86026e-06
1.05749e-05
1.08696e-05
1.0705e-05
1.00739e-05
9.00844e-06
7.58251e-06
5.90636e-06
4.11245e-06
-6.47891e-06
-6.32088e-06
-6.11652e-06
-5.8715e-06
-5.59908e-06
-5.31786e-06
-5.04784e-06
-4.80626e-06
-4.60774e-06
-4.45857e-06
-4.36305e-06
-4.32574e-06
-4.34219e-06
-4.4078e-06
-4.51956e-06
-4.67338e-06
-4.86496e-06
-5.09133e-06
-5.34899e-06
-5.63581e-06
-5.94086e-06
-6.23344e-06
-6.42136e-06
-6.4007e-06
-6.10873e-06
-5.53362e-06
-4.69989e-06
-3.63086e-06
-2.35519e-06
-9.1705e-07
6.33151e-07
2.24138e-06
3.84374e-06
5.37001e-06
6.74762e-06
7.9047e-06
8.77435e-06
9.30035e-06
9.44366e-06
9.18871e-06
8.54863e-06
7.56675e-06
6.31374e-06
4.87933e-06
3.36091e-06
-6.2215e-06
-6.09619e-06
-5.93543e-06
-5.74168e-06
-5.52277e-06
-5.2918e-06
-5.06404e-06
-4.85466e-06
-4.67684e-06
-4.53725e-06
-4.44648e-06
-4.4105e-06
-4.42321e-06
-4.48188e-06
-4.58642e-06
-4.73331e-06
-4.91793e-06
-5.13697e-06
-5.38543e-06
-5.65921e-06
-5.94396e-06
-6.20525e-06
-6.35453e-06
-6.29951e-06
-5.98334e-06
-5.4006e-06
-4.57936e-06
-3.541e-06
-2.31491e-06
-9.53134e-07
4.93005e-07
1.97115e-06
3.41845e-06
4.76776e-06
5.9532e-06
6.91355e-06
7.59626e-06
7.96229e-06
7.9907e-06
7.68213e-06
7.06014e-06
6.16953e-06
5.07182e-06
3.83755e-06
2.53847e-06
-5.95105e-06
-5.85596e-06
-5.73383e-06
-5.58564e-06
-5.41585e-06
-5.23349e-06
-5.04935e-06
-4.87757e-06
-4.726e-06
-4.60006e-06
-4.52104e-06
-4.49117e-06
-4.50313e-06
-4.55608e-06
-4.65375e-06
-4.79316e-06
-4.96943e-06
-5.17909e-06
-5.41572e-06
-5.67346e-06
-5.93466e-06
-6.1616e-06
-6.27073e-06
-6.18206e-06
-5.84502e-06
-5.26384e-06
-4.47039e-06
-3.47206e-06
-2.31004e-06
-1.04448e-06
2.77168e-07
1.60653e-06
2.88404e-06
4.04816e-06
5.04206e-06
5.81664e-06
6.33352e-06
6.56836e-06
6.51342e-06
6.17867e-06
5.5911e-06
4.79177e-06
3.8314e-06
2.76436e-06
1.6438e-06
-5.6554e-06
-5.58905e-06
-5.50213e-06
-5.39501e-06
-5.27019e-06
-5.13348e-06
-4.99263e-06
-4.85753e-06
-4.73629e-06
-4.63803e-06
-4.57627e-06
-4.55379e-06
-4.56681e-06
-4.61845e-06
-4.71178e-06
-4.84457e-06
-5.01228e-06
-5.21158e-06
-5.43474e-06
-5.67446e-06
-5.91019e-06
-6.10147e-06
-6.17191e-06
-6.05281e-06
-5.6996e-06
-5.14179e-06
-4.38684e-06
-3.43726e-06
-2.35988e-06
-1.21194e-06
-3.36417e-08
1.13137e-06
2.22898e-06
3.20557e-06
4.0146e-06
4.61902e-06
4.99294e-06
5.1232e-06
5.01039e-06
4.66865e-06
4.12407e-06
3.41167e-06
2.57181e-06
1.6459e-06
6.7348e-07
-5.31933e-06
-5.28105e-06
-5.22712e-06
-5.15778e-06
-5.07444e-06
-4.98078e-06
-4.88243e-06
-4.78661e-06
-4.70132e-06
-4.63388e-06
-4.59188e-06
-4.58048e-06
-4.60131e-06
-4.65697e-06
-4.7494e-06
-4.87769e-06
-5.03809e-06
-5.22745e-06
-5.43713e-06
-5.65848e-06
-5.86927e-06
-6.02664e-06
-6.06406e-06
-5.91866e-06
-5.57018e-06
-5.04892e-06
-4.33557e-06
-3.45949e-06
-2.49168e-06
-1.48025e-06
-4.59224e-07
5.31244e-07
1.44502e-06
2.23815e-06
2.87443e-06
3.3274e-06
3.58104e-06
3.6298e-06
3.47867e-06
3.14243e-06
2.64401e-06
2.01186e-06
1.27726e-06
4.71451e-07
-3.76088e-07
-4.92341e-06
-4.91343e-06
-4.89156e-06
-4.85814e-06
-4.81407e-06
-4.76181e-06
-4.70542e-06
-4.65019e-06
-4.60204e-06
-4.56663e-06
-4.54988e-06
-4.55728e-06
-4.59237e-06
-4.65728e-06
-4.75353e-06
-4.88126e-06
-5.03768e-06
-5.21954e-06
-5.41812e-06
-5.62294e-06
-5.81278e-06
-5.94286e-06
-5.95594e-06
-5.80009e-06
-5.47721e-06
-4.98351e-06
-4.34021e-06
-3.57475e-06
-2.73631e-06
-1.87217e-06
-1.01678e-06
-2.04737e-07
5.27898e-07
1.14768e-06
1.62765e-06
1.94954e-06
2.10436e-06
2.09087e-06
1.91573e-06
1.59243e-06
1.13988e-06
5.80291e-07
-6.26448e-08
-7.65609e-07
-1.5066e-06
-4.44331e-06
-4.46299e-06
-4.47367e-06
-4.47584e-06
-4.47024e-06
-4.45859e-06
-4.44372e-06
-4.42939e-06
-4.41993e-06
-4.41995e-06
-4.43427e-06
-4.4675e-06
-4.52315e-06
-4.60349e-06
-4.71003e-06
-4.84341e-06
-5.00155e-06
-5.18116e-06
-5.3743e-06
-5.56826e-06
-5.74443e-06
-5.85925e-06
-5.86328e-06
-5.7215e-06
-5.42118e-06
-4.991e-06
-4.44581e-06
-3.80611e-06
-3.11236e-06
-2.405e-06
-1.71834e-06
-1.08172e-06
-5.21505e-07
-6.09781e-08
2.81166e-07
4.9267e-07
5.67951e-07
5.07989e-07
3.19198e-07
1.29395e-08
-3.95884e-07
-8.90493e-07
-1.45344e-06
-2.06757e-06
-2.71652e-06
-3.85413e-06
-3.90564e-06
-3.95037e-06
-3.98901e-06
-4.02228e-06
-4.05148e-06
-4.07867e-06
-4.10659e-06
-4.13849e-06
-4.17792e-06
-4.2286e-06
-4.29405e-06
-4.37734e-06
-4.48084e-06
-4.60594e-06
-4.75339e-06
-4.9216e-06
-5.10712e-06
-5.30364e-06
-5.49823e-06
-5.67392e-06
-5.7897e-06
-5.80652e-06
-5.69382e-06
-5.44874e-06
-5.10899e-06
-4.67565e-06
-4.17309e-06
-3.63336e-06
-3.08907e-06
-2.56959e-06
-2.09883e-06
-1.69641e-06
-1.37838e-06
-1.15651e-06
-1.03779e-06
-1.02552e-06
-1.11929e-06
-1.31425e-06
-1.60141e-06
-1.96934e-06
-2.40579e-06
-2.89831e-06
-3.43459e-06
-4.00257e-06
-3.13674e-06
-3.22351e-06
-3.30492e-06
-3.38202e-06
-3.45573e-06
-3.52724e-06
-3.5982e-06
-3.67066e-06
-3.74703e-06
-3.82994e-06
-3.92217e-06
-4.02642e-06
-4.14526e-06
-4.28073e-06
-4.43411e-06
-4.60603e-06
-4.79494e-06
-4.99819e-06
-5.20957e-06
-5.41704e-06
-5.61335e-06
-5.75574e-06
-5.80723e-06
-5.74739e-06
-5.59531e-06
-5.35777e-06
-5.04809e-06
-4.69228e-06
-4.31275e-06
-3.9321e-06
-3.57256e-06
-3.25287e-06
-2.98824e-06
-2.79163e-06
-2.67146e-06
-2.63012e-06
-2.6684e-06
-2.7869e-06
-2.98296e-06
-3.25013e-06
-3.58012e-06
-3.96438e-06
-4.39436e-06
-4.86141e-06
-5.35676e-06
-2.26953e-06
-2.39727e-06
-2.52069e-06
-2.64097e-06
-2.75932e-06
-2.87707e-06
-2.99567e-06
-3.11676e-06
-3.24213e-06
-3.37375e-06
-3.51374e-06
-3.66421e-06
-3.82719e-06
-4.0044e-06
-4.19677e-06
-4.40499e-06
-4.62787e-06
-4.86198e-06
-5.10522e-06
-5.34493e-06
-5.5692e-06
-5.76846e-06
-5.89198e-06
-5.92019e-06
-5.8701e-06
-5.7523e-06
-5.58261e-06
-5.37845e-06
-5.15596e-06
-4.93101e-06
-4.71978e-06
-4.53666e-06
-4.39194e-06
-4.29558e-06
-4.25558e-06
-4.27364e-06
-4.34968e-06
-4.48483e-06
-4.67735e-06
-4.92286e-06
-5.21619e-06
-5.55208e-06
-5.92491e-06
-6.32859e-06
-6.75683e-06
-1.24397e-06
-1.41552e-06
-1.58492e-06
-1.7529e-06
-1.92073e-06
-2.08982e-06
-2.26156e-06
-2.43725e-06
-2.61826e-06
-2.80609e-06
-3.00235e-06
-3.20867e-06
-3.42662e-06
-3.6575e-06
-3.90212e-06
-4.16092e-06
-4.43318e-06
-4.71665e-06
-5.00964e-06
-5.30406e-06
-5.58616e-06
-5.85689e-06
-6.07212e-06
-6.21224e-06
-6.28213e-06
-6.29939e-06
-6.27373e-06
-6.2166e-06
-6.14074e-06
-6.05875e-06
-5.9815e-06
-5.91918e-06
-5.8824e-06
-5.87455e-06
-5.89524e-06
-5.95187e-06
-6.05255e-06
-6.19705e-06
-6.38156e-06
-6.60303e-06
-6.85946e-06
-7.14851e-06
-7.46676e-06
-7.81004e-06
-8.17395e-06
-2.20578e-07
-4.39763e-07
-6.57864e-07
-8.75899e-07
-1.09539e-06
-1.31777e-06
-1.54424e-06
-1.77585e-06
-2.01372e-06
-2.25903e-06
-2.5131e-06
-2.77721e-06
-3.05259e-06
-3.3403e-06
-3.64109e-06
-3.95535e-06
-4.28283e-06
-4.62227e-06
-4.97159e-06
-5.32602e-06
-5.67913e-06
-6.0258e-06
-6.33519e-06
-6.58332e-06
-6.77302e-06
-6.91362e-06
-7.01288e-06
-7.08013e-06
-7.12542e-06
-7.15828e-06
-7.18675e-06
-7.21733e-06
-7.25679e-06
-7.31007e-06
-7.38468e-06
-7.482e-06
-7.60478e-06
-7.75336e-06
-7.92707e-06
-8.1257e-06
-8.34904e-06
-8.59598e-06
-8.86444e-06
-9.15193e-06
-9.4559e-06
6.70216e-07
4.06837e-07
1.43002e-07
-1.22169e-07
-3.90175e-07
-6.62303e-07
-9.39524e-07
-1.22271e-06
-1.5128e-06
-1.81082e-06
-2.11782e-06
-2.43486e-06
-2.7629e-06
-3.10284e-06
-3.45536e-06
-3.82081e-06
-4.19919e-06
-4.58967e-06
-4.99091e-06
-5.4004e-06
-5.81371e-06
-6.22648e-06
-6.61285e-06
-6.94659e-06
-7.22614e-06
-7.45808e-06
-7.64921e-06
-7.80725e-06
-7.94011e-06
-8.05496e-06
-8.15873e-06
-8.25769e-06
-8.35622e-06
-8.46025e-06
-8.57224e-06
-8.69784e-06
-8.83681e-06
-8.98904e-06
-9.15584e-06
-9.33857e-06
-9.53754e-06
-9.75218e-06
-9.98155e-06
-1.02246e-05
-1.04802e-05
1.33582e-06
1.03653e-06
7.35131e-07
4.30801e-07
1.22405e-07
-1.91003e-07
-5.10178e-07
-8.35838e-07
-1.16876e-06
-1.50977e-06
-1.8597e-06
-2.21937e-06
-2.58958e-06
-2.97102e-06
-3.36426e-06
-3.76962e-06
-4.18716e-06
-4.6164e-06
-5.05645e-06
-5.50555e-06
-5.9609e-06
-6.41938e-06
-6.85648e-06
-7.24547e-06
-7.58339e-06
-7.87569e-06
-8.12823e-06
-8.34729e-06
-8.53932e-06
-8.71037e-06
-8.86599e-06
-9.011e-06
-9.14927e-06
-9.28504e-06
-9.42213e-06
-9.56289e-06
-9.70827e-06
-9.85987e-06
-1.00196e-05
-1.01888e-05
-1.03679e-05
-1.0557e-05
-1.0756e-05
-1.09647e-05
-1.11828e-05
1.82101e-06
1.49117e-06
1.15782e-06
8.20393e-07
4.78172e-07
1.30484e-07
-2.23253e-07
-5.83603e-07
-9.51156e-07
-1.32652e-06
-1.71034e-06
-2.1032e-06
-2.50573e-06
-2.91842e-06
-3.34171e-06
-3.77581e-06
-4.22077e-06
-4.67625e-06
-5.14157e-06
-5.61548e-06
-6.09606e-06
-6.58073e-06
-7.0464e-06
-7.4675e-06
-7.84086e-06
-8.17111e-06
-8.46326e-06
-8.72252e-06
-8.95418e-06
-9.1631e-06
-9.35361e-06
-9.52956e-06
-9.69484e-06
-9.85262e-06
-1.00061e-05
-1.01572e-05
-1.0308e-05
-1.04605e-05
-1.06163e-05
-1.07766e-05
-1.0942e-05
-1.11134e-05
-1.12912e-05
-1.14756e-05
-1.16668e-05
2.1563e-06
1.80083e-06
1.441e-06
1.0765e-06
7.06837e-07
3.3156e-07
-4.97385e-08
-4.37437e-07
-8.31933e-07
-1.23364e-06
-1.64299e-06
-2.06041e-06
-2.48629e-06
-2.92095e-06
-3.36468e-06
-3.81756e-06
-4.27958e-06
-4.75042e-06
-5.22953e-06
-5.71589e-06
-6.20801e-06
-6.70373e-06
-7.18192e-06
-7.61892e-06
-8.01168e-06
-8.36424e-06
-8.68082e-06
-8.96572e-06
-9.22314e-06
-9.45707e-06
-9.67106e-06
-9.86824e-06
-1.0052e-05
-1.02258e-05
-1.03915e-05
-1.05514e-05
-1.07075e-05
-1.08617e-05
-1.10155e-05
-1.11702e-05
-1.13268e-05
-1.14864e-05
-1.16497e-05
-1.18172e-05
-1.19894e-05
2.37748e-06
2.00098e-06
1.6197e-06
1.23345e-06
8.41924e-07
4.44871e-07
4.20768e-08
-3.66657e-07
-7.81551e-07
-1.20284e-06
-1.63077e-06
-2.06558e-06
-2.50748e-06
-2.95662e-06
-3.41311e-06
-3.87693e-06
-4.34798e-06
-4.8259e-06
-5.31018e-06
-5.79994e-06
-6.29395e-06
-6.79043e-06
-7.27034e-06
-7.7124e-06
-8.11384e-06
-8.47814e-06
-8.80876e-06
-9.10924e-06
-9.38299e-06
-9.6333e-06
-9.86322e-06
-1.00753e-05
-1.02724e-05
-1.04577e-05
-1.06329e-05
-1.07999e-05
-1.09606e-05
-1.11169e-05
-1.12702e-05
-1.1422e-05
-1.15735e-05
-1.17258e-05
-1.18798e-05
-1.20364e-05
-1.21961e-05
2.51645e-06
2.12284e-06
1.72426e-06
1.32064e-06
9.11844e-07
4.97808e-07
7.84902e-08
-3.4615e-07
-7.76179e-07
-1.21167e-06
-1.65271e-06
-2.09935e-06
-2.55165e-06
-3.00961e-06
-3.47319e-06
-3.94226e-06
-4.41661e-06
-4.89584e-06
-5.37946e-06
-5.86665e-06
-6.3564e-06
-6.84715e-06
-7.32204e-06
-7.76239e-06
-8.1657e-06
-8.53485e-06
-8.87267e-06
-9.18206e-06
-9.46585e-06
-9.72678e-06
-9.96732e-06
-1.01898e-05
-1.03968e-05
-1.05907e-05
-1.0773e-05
-1.09458e-05
-1.11107e-05
-1.12695e-05
-1.14237e-05
-1.15747e-05
-1.17239e-05
-1.18723e-05
-1.20211e-05
-1.21713e-05
-1.23236e-05
2.59849e-06
2.19098e-06
1.77849e-06
1.36104e-06
9.3868e-07
5.11492e-07
7.95767e-08
-3.56976e-07
-7.98094e-07
-1.24371e-06
-1.69376e-06
-2.14817e-06
-2.60684e-06
-3.06964e-06
-3.5364e-06
-4.00689e-06
-4.48082e-06
-4.95773e-06
-5.43714e-06
-5.91825e-06
-6.40021e-06
-6.88161e-06
-7.34775e-06
-7.78252e-06
-8.18364e-06
-8.55336e-06
-8.894e-06
-9.20798e-06
-9.49764e-06
-9.76528e-06
-1.0013e-05
-1.02428e-05
-1.04569e-05
-1.06572e-05
-1.08452e-05
-1.10228e-05
-1.11917e-05
-1.13533e-05
-1.15092e-05
-1.16609e-05
-1.18096e-05
-1.19567e-05
-1.21031e-05
-1.22502e-05
-1.23988e-05
2.64289e-06
2.22405e-06
1.80032e-06
1.37184e-06
9.38786e-07
5.01371e-07
5.98115e-08
-3.8569e-07
-8.34944e-07
-1.28776e-06
-1.74395e-06
-2.20331e-06
-2.66563e-06
-3.13066e-06
-3.59814e-06
-4.06772e-06
-4.53905e-06
-5.01162e-06
-5.48494e-06
-5.95821e-06
-6.43072e-06
-6.90114e-06
-7.35683e-06
-7.78406e-06
-8.18068e-06
-8.54843e-06
-8.88923e-06
-9.20507e-06
-9.49791e-06
-9.76966e-06
-1.00222e-05
-1.02571e-05
-1.04763e-05
-1.06815e-05
-1.08742e-05
-1.10559e-05
-1.12282e-05
-1.13927e-05
-1.15509e-05
-1.1704e-05
-1.18535e-05
-1.20007e-05
-1.21468e-05
-1.22929e-05
-1.24402e-05
2.6636e-06
2.23542e-06
1.80251e-06
1.36511e-06
9.235e-07
4.78008e-07
2.89425e-08
-4.23398e-07
-8.7872e-07
-1.33673e-06
-1.79713e-06
-2.25962e-06
-2.72388e-06
-3.18957e-06
-3.65633e-06
-4.12374e-06
-4.59137e-06
-5.05868e-06
-5.52515e-06
-5.98999e-06
-6.45256e-06
-6.91163e-06
-7.35642e-06
-7.77532e-06
-8.16631e-06
-8.53072e-06
-8.87013e-06
-9.18619e-06
-9.48051e-06
-9.75468e-06
-1.00103e-05
-1.02488e-05
-1.04718e-05
-1.06808e-05
-1.08771e-05
-1.10622e-05
-1.12377e-05
-1.14049e-05
-1.15654e-05
-1.17204e-05
-1.18714e-05
-1.20196e-05
-1.21664e-05
-1.2313e-05
-1.24605e-05
2.67018e-06
2.23418e-06
1.79363e-06
1.34887e-06
9.0027e-07
4.48246e-07
-6.81471e-09
-4.64529e-07
-9.24515e-07
-1.38639e-06
-1.84977e-06
-2.31425e-06
-2.77945e-06
-3.24492e-06
-3.71023e-06
-4.17491e-06
-4.63845e-06
-5.10028e-06
-5.55983e-06
-6.01634e-06
-6.46922e-06
-6.91728e-06
-7.35143e-06
-7.76196e-06
-8.14693e-06
-8.50737e-06
-8.84458e-06
-9.1599e-06
-9.45463e-06
-9.73013e-06
-9.98777e-06
-1.02288e-05
-1.04545e-05
-1.06663e-05
-1.08656e-05
-1.10536e-05
-1.12317e-05
-1.14014e-05
-1.1564e-05
-1.1721e-05
-1.18737e-05
-1.20235e-05
-1.21716e-05
-1.23193e-05
-1.24679e-05
2.66888e-06
2.22621e-06
1.77918e-06
1.32821e-06
8.73765e-07
4.16315e-07
-4.36802e-08
-5.05761e-07
-9.6947e-07
-1.43435e-06
-1.89993e-06
-2.36575e-06
-2.83133e-06
-3.29617e-06
-3.75976e-06
-4.22157e-06
-4.68104e-06
-5.13756e-06
-5.59054e-06
-6.03921e-06
-6.48301e-06
-6.9208e-06
-7.34497e-06
-7.74748e-06
-8.12651e-06
-8.48283e-06
-8.81748e-06
-9.13154e-06
-9.42606e-06
-9.70218e-06
-9.96106e-06
-1.02038e-05
-1.04315e-05
-1.06454e-05
-1.08472e-05
-1.10375e-05
-1.12178e-05
-1.13896e-05
-1.15543e-05
-1.17132e-05
-1.18676e-05
-1.2019e-05
-1.21686e-05
-1.23178e-05
-1.24679e-05
2.66363e-06
2.21517e-06
1.76254e-06
1.30623e-06
8.46776e-07
3.84698e-07
-7.9477e-08
-5.45226e-07
-1.01203e-06
-1.47935e-06
-1.94668e-06
-2.41346e-06
-2.87916e-06
-3.34321e-06
-3.80506e-06
-4.26411e-06
-4.71976e-06
-5.17136e-06
-5.6183e-06
-6.0598e-06
-6.49532e-06
-6.92375e-06
-7.3388e-06
-7.73388e-06
-8.10729e-06
-8.45959e-06
-8.79161e-06
-9.10418e-06
-9.39814e-06
-9.67444e-06
-9.93407e-06
-1.0178e-05
-1.04073e-05
-1.06227e-05
-1.08264e-05
-1.10186e-05
-1.12007e-05
-1.13743e-05
-1.15407e-05
-1.17012e-05
-1.18573e-05
-1.20102e-05
-1.21613e-05
-1.23121e-05
-1.24638e-05
2.65678e-06
2.20322e-06
1.74568e-06
1.2847e-06
8.20863e-07
3.54754e-07
-1.1305e-07
-5.8197e-07
-1.05143e-06
-1.52084e-06
-1.98961e-06
-2.45715e-06
-2.92287e-06
-3.38614e-06
-3.84636e-06
-4.30288e-06
-4.75506e-06
-5.20222e-06
-5.64373e-06
-6.0788e-06
-6.5069e-06
-6.92693e-06
-7.33376e-06
-7.72208e-06
-8.09033e-06
-8.43888e-06
-8.76835e-06
-9.07936e-06
-9.37259e-06
-9.64882e-06
-9.90889e-06
-1.01537e-05
-1.0384e-05
-1.06006e-05
-1.08058e-05
-1.09996e-05
-1.11832e-05
-1.13582e-05
-1.15261e-05
-1.1688e-05
-1.18454e-05
-1.19996e-05
-1.21522e-05
-1.23043e-05
-1.24575e-05
2.64965e-06
2.19156e-06
1.72965e-06
1.26453e-06
7.96816e-07
3.2714e-07
-1.43872e-07
-6.15592e-07
-1.08739e-06
-1.55863e-06
-2.02867e-06
-2.49688e-06
-2.96259e-06
-3.42516e-06
-3.88391e-06
-4.33818e-06
-4.78728e-06
-5.2305e-06
-5.66719e-06
-6.09656e-06
-6.51806e-06
-6.93063e-06
-7.33012e-06
-7.71238e-06
-8.07597e-06
-8.42109e-06
-8.74818e-06
-9.05768e-06
-9.35013e-06
-9.62614e-06
-9.88644e-06
-1.01318e-05
-1.03627e-05
-1.05807e-05
-1.07869e-05
-1.09819e-05
-1.11666e-05
-1.13429e-05
-1.15118e-05
-1.16749e-05
-1.18334e-05
-1.19888e-05
-1.21425e-05
-1.22959e-05
-1.24505e-05
2.64292e-06
2.18079e-06
1.71499e-06
1.24616e-06
7.74986e-07
3.02124e-07
-1.71753e-07
-6.45974e-07
-1.11986e-06
-1.59274e-06
-2.06393e-06
-2.53274e-06
-2.99848e-06
-3.46044e-06
-3.91792e-06
-4.37022e-06
-4.81662e-06
-5.25638e-06
-5.68884e-06
-6.11318e-06
-6.52887e-06
-6.93485e-06
-7.32784e-06
-7.70471e-06
-8.06415e-06
-8.40619e-06
-8.73111e-06
-9.03922e-06
-9.33089e-06
-9.60661e-06
-9.86702e-06
-1.01128e-05
-1.03441e-05
-1.05632e-05
-1.07702e-05
-1.09661e-05
-1.11518e-05
-1.13289e-05
-1.14988e-05
-1.16628e-05
-1.18222e-05
-1.19785e-05
-1.21332e-05
-1.22876e-05
-1.24433e-05
2.63691e-06
2.17117e-06
1.70189e-06
1.22976e-06
7.55493e-07
2.79784e-07
-1.96658e-07
-6.73121e-07
-1.14889e-06
-1.62326e-06
-2.09549e-06
-2.56486e-06
-3.03065e-06
-3.49212e-06
-3.94852e-06
-4.39911e-06
-4.84317e-06
-5.27993e-06
-5.70869e-06
-6.12865e-06
-6.53926e-06
-6.93945e-06
-7.32673e-06
-7.69885e-06
-8.05461e-06
-8.39394e-06
-8.71693e-06
-9.02376e-06
-9.3147e-06
-9.59013e-06
-9.85057e-06
-1.00966e-05
-1.03283e-05
-1.05482e-05
-1.07559e-05
-1.09524e-05
-1.11388e-05
-1.13167e-05
-1.14873e-05
-1.1652e-05
-1.18121e-05
-1.19691e-05
-1.21246e-05
-1.22798e-05
-1.24364e-05
2.63165e-06
2.16265e-06
1.69024e-06
1.21514e-06
7.38089e-07
2.59817e-07
-2.18935e-07
-6.97423e-07
-1.1749e-06
-1.65061e-06
-2.12381e-06
-2.59373e-06
-3.05961e-06
-3.52068e-06
-3.97616e-06
-4.4253e-06
-4.86733e-06
-5.30147e-06
-5.72701e-06
-6.14313e-06
-6.54927e-06
-6.94437e-06
-7.32656e-06
-7.69445e-06
-8.04697e-06
-8.38387e-06
-8.70514e-06
-9.01084e-06
-9.30112e-06
-9.57627e-06
-9.83672e-06
-1.0083e-05
-1.03151e-05
-1.05355e-05
-1.07437e-05
-1.09408e-05
-1.11277e-05
-1.13061e-05
-1.14773e-05
-1.16424e-05
-1.18031e-05
-1.19607e-05
-1.21167e-05
-1.22726e-05
-1.243e-05
2.62687e-06
2.15476e-06
1.67937e-06
1.20144e-06
7.21732e-07
2.41014e-07
-2.39945e-07
-7.20371e-07
-1.19949e-06
-1.67651e-06
-2.15065e-06
-2.62112e-06
-3.08712e-06
-3.54786e-06
-4.00253e-06
-4.45035e-06
-4.89053e-06
-5.32226e-06
-5.74483e-06
-6.1574e-06
-6.55942e-06
-6.94977e-06
-7.3272e-06
-7.69112e-06
-8.0406e-06
-8.37524e-06
-8.69491e-06
-8.99954e-06
-9.2892e-06
-9.56407e-06
-9.82452e-06
-1.0071e-05
-1.03034e-05
-1.05242e-05
-1.07329e-05
-1.09304e-05
-1.11178e-05
-1.12966e-05
-1.14681e-05
-1.16337e-05
-1.17948e-05
-1.19528e-05
-1.21092e-05
-1.22657e-05
-1.24236e-05
2.62264e-06
2.14753e-06
1.66924e-06
1.18853e-06
7.06209e-07
2.23068e-07
-2.60084e-07
-7.42441e-07
-1.22319e-06
-1.70152e-06
-2.17661e-06
-2.64763e-06
-3.11377e-06
-3.57419e-06
-4.02808e-06
-4.47461e-06
-4.91298e-06
-5.34237e-06
-5.76207e-06
-6.17124e-06
-6.56933e-06
-6.95523e-06
-7.32831e-06
-7.6887e-06
-8.03541e-06
-8.36794e-06
-8.68607e-06
-8.98964e-06
-9.27863e-06
-9.55315e-06
-9.81348e-06
-1.006e-05
-1.02927e-05
-1.05137e-05
-1.07229e-05
-1.09208e-05
-1.11086e-05
-1.12879e-05
-1.14598e-05
-1.16258e-05
-1.17872e-05
-1.19455e-05
-1.21024e-05
-1.22592e-05
-1.24177e-05
-4.83646e-06
-1.01235e-05
-1.03068e-05
-1.04204e-05
-1.08596e-05
-1.15096e-05
-1.23215e-05
-1.3267e-05
-1.43324e-05
-1.55132e-05
-1.68093e-05
-1.82237e-05
-1.97608e-05
-2.14263e-05
-2.32239e-05
-1.40003e-06
-6.7648e-06
-8.54558e-06
-9.5349e-06
-1.03895e-05
-1.12411e-05
-1.21595e-05
-1.31666e-05
-1.42696e-05
-1.54735e-05
-1.67836e-05
-1.82058e-05
-1.97464e-05
-2.14124e-05
-2.32079e-05
8.30218e-07
-4.41278e-06
-7.12038e-06
-8.70742e-06
-9.90665e-06
-1.0957e-05
-1.19881e-05
-1.30616e-05
-1.42047e-05
-1.54332e-05
-1.67581e-05
-1.81883e-05
-1.97323e-05
-2.13983e-05
-2.31914e-05
1.84388e-06
-2.85049e-06
-5.9262e-06
-7.92004e-06
-9.40939e-06
-1.06546e-05
-1.18058e-05
-1.29517e-05
-1.41387e-05
-1.53937e-05
-1.6734e-05
-1.81724e-05
-1.97196e-05
-2.13852e-05
-2.31754e-05
2.32046e-06
-1.61146e-06
-4.75779e-06
-7.06395e-06
-8.83382e-06
-1.02896e-05
-1.15825e-05
-1.28177e-05
-1.40598e-05
-1.53478e-05
-1.67071e-05
-1.81555e-05
-1.97065e-05
-2.13717e-05
-2.31585e-05
2.61514e-06
-6.88259e-07
-3.6897e-06
-6.16334e-06
-8.16944e-06
-9.83788e-06
-1.12929e-05
-1.26395e-05
-1.39536e-05
-1.52861e-05
-1.66715e-05
-1.81338e-05
-1.96906e-05
-2.1356e-05
-2.31392e-05
2.70342e-06
-7.88476e-08
-2.8245e-06
-5.30976e-06
-7.46074e-06
-9.30847e-06
-1.09269e-05
-1.24006e-05
-1.38045e-05
-1.51963e-05
-1.66182e-05
-1.81011e-05
-1.96676e-05
-2.13351e-05
-2.31152e-05
2.57463e-06
2.25963e-07
-2.22019e-06
-4.59506e-06
-6.78236e-06
-8.74375e-06
-1.04987e-05
-1.20981e-05
-1.3602e-05
-1.50662e-05
-1.65363e-05
-1.80487e-05
-1.96307e-05
-2.13037e-05
-2.30823e-05
2.2593e-06
2.64994e-07
-1.88431e-06
-4.07792e-06
-6.20792e-06
-8.20474e-06
-1.00464e-05
-1.17484e-05
-1.33479e-05
-1.48896e-05
-1.64167e-05
-1.7967e-05
-1.95712e-05
-2.12543e-05
-2.30338e-05
1.79008e-06
8.34226e-08
-1.79521e-06
-3.77963e-06
-5.78837e-06
-7.7494e-06
-9.61865e-06
-1.1384e-05
-1.30586e-05
-1.46712e-05
-1.62564e-05
-1.78491e-05
-1.94807e-05
-2.1178e-05
-2.2961e-05
1.19149e-06
-2.80386e-07
-1.92148e-06
-3.6954e-06
-5.54783e-06
-7.41915e-06
-9.26029e-06
-1.10428e-05
-1.27606e-05
-1.44254e-05
-1.60603e-05
-1.76935e-05
-1.93534e-05
-2.10665e-05
-2.28543e-05
4.78517e-07
-7.99157e-07
-2.23434e-06
-3.80929e-06
-5.4913e-06
-7.2376e-06
-9.00494e-06
-1.07595e-05
-1.24828e-05
-1.41726e-05
-1.58397e-05
-1.75033e-05
-1.91866e-05
-2.09132e-05
-2.2704e-05
-3.41129e-07
-1.45563e-06
-2.71225e-06
-4.10441e-06
-5.61467e-06
-7.21581e-06
-8.87529e-06
-1.05619e-05
-1.22523e-05
-1.39347e-05
-1.56091e-05
-1.72857e-05
-1.89805e-05
-2.07126e-05
-2.25003e-05
-1.26347e-06
-2.23885e-06
-3.33986e-06
-4.56626e-06
-5.91051e-06
-7.35752e-06
-8.88598e-06
-1.04718e-05
-1.20927e-05
-1.37327e-05
-1.53844e-05
-1.70495e-05
-1.87369e-05
-2.04598e-05
-2.22328e-05
-2.28501e-06
-3.14026e-06
-4.10482e-06
-5.1817e-06
-6.36933e-06
-7.66096e-06
-9.04475e-06
-1.05049e-05
-1.20239e-05
-1.35864e-05
-1.51814e-05
-1.68048e-05
-1.84588e-05
-2.01508e-05
-2.18906e-05
-3.40029e-06
-4.15058e-06
-4.99457e-06
-5.93666e-06
-6.97844e-06
-8.11836e-06
-9.35137e-06
-1.0669e-05
-1.20599e-05
-1.35122e-05
-1.50154e-05
-1.65623e-05
-1.81509e-05
-1.97831e-05
-2.14641e-05
-4.6025e-06
-5.25935e-06
-5.99529e-06
-6.81493e-06
-7.72122e-06
-8.7154e-06
-9.79667e-06
-1.09619e-05
-1.22055e-05
-1.35202e-05
-1.48981e-05
-1.63325e-05
-1.78191e-05
-1.93568e-05
-2.09466e-05
-5.88069e-06
-6.45242e-06
-7.08952e-06
-7.79623e-06
-8.57575e-06
-9.43044e-06
-1.03618e-05
-1.13699e-05
-1.24535e-05
-1.36095e-05
-1.48338e-05
-1.61218e-05
-1.74697e-05
-1.88751e-05
-2.03371e-05
-7.2099e-06
-7.70215e-06
-8.24703e-06
-8.84796e-06
-9.50774e-06
-1.02289e-05
-1.10137e-05
-1.18641e-05
-1.27811e-05
-1.37649e-05
-1.48147e-05
-1.59289e-05
-1.71057e-05
-1.83435e-05
-1.96413e-05
-8.55868e-06
-8.97436e-06
-9.43069e-06
-9.93027e-06
-1.04752e-05
-1.10678e-05
-1.17102e-05
-1.24049e-05
-1.31541e-05
-1.39599e-05
-1.48236e-05
-1.57464e-05
-1.67291e-05
-1.77722e-05
-1.8876e-05
-9.77703e-06
-1.01225e-05
-1.04986e-05
-1.09068e-05
-1.13487e-05
-1.18258e-05
-1.23404e-05
-1.28945e-05
-1.34908e-05
-1.41318e-05
-1.48203e-05
-1.55589e-05
-1.63506e-05
-1.71984e-05
-1.81048e-05
-1.07491e-05
-1.10359e-05
-1.13447e-05
-1.16769e-05
-1.20337e-05
-1.24166e-05
-1.28274e-05
-1.32681e-05
-1.37411e-05
-1.42492e-05
-1.47956e-05
-1.53838e-05
-1.60179e-05
-1.67028e-05
-1.74433e-05
-1.14111e-05
-1.16532e-05
-1.19119e-05
-1.2188e-05
-1.24828e-05
-1.27976e-05
-1.3134e-05
-1.34938e-05
-1.38793e-05
-1.42933e-05
-1.47389e-05
-1.52202e-05
-1.57419e-05
-1.63097e-05
-1.69297e-05
-1.18657e-05
-1.20751e-05
-1.22972e-05
-1.25327e-05
-1.27829e-05
-1.3049e-05
-1.33326e-05
-1.36354e-05
-1.39595e-05
-1.43078e-05
-1.46834e-05
-1.50903e-05
-1.55334e-05
-1.60187e-05
-1.65527e-05
-1.21675e-05
-1.23538e-05
-1.255e-05
-1.2757e-05
-1.29761e-05
-1.32085e-05
-1.34558e-05
-1.37197e-05
-1.40023e-05
-1.43062e-05
-1.46346e-05
-1.49914e-05
-1.53812e-05
-1.58099e-05
-1.62839e-05
-1.23604e-05
-1.25313e-05
-1.27103e-05
-1.28984e-05
-1.3097e-05
-1.33073e-05
-1.35309e-05
-1.37695e-05
-1.40252e-05
-1.43003e-05
-1.45981e-05
-1.4922e-05
-1.52764e-05
-1.5667e-05
-1.60994e-05
-1.24796e-05
-1.2641e-05
-1.28095e-05
-1.2986e-05
-1.3172e-05
-1.33687e-05
-1.35778e-05
-1.38008e-05
-1.40399e-05
-1.42972e-05
-1.45757e-05
-1.48787e-05
-1.52101e-05
-1.55751e-05
-1.59786e-05
-1.25504e-05
-1.27068e-05
-1.28694e-05
-1.30395e-05
-1.32185e-05
-1.34077e-05
-1.36085e-05
-1.38227e-05
-1.40522e-05
-1.42991e-05
-1.4566e-05
-1.4856e-05
-1.51726e-05
-1.55203e-05
-1.59035e-05
-1.25901e-05
-1.27444e-05
-1.29045e-05
-1.30718e-05
-1.32475e-05
-1.34331e-05
-1.363e-05
-1.38398e-05
-1.40644e-05
-1.43057e-05
-1.4566e-05
-1.48482e-05
-1.51553e-05
-1.54911e-05
-1.58596e-05
-1.26104e-05
-1.27645e-05
-1.29242e-05
-1.30909e-05
-1.32658e-05
-1.34504e-05
-1.3646e-05
-1.38543e-05
-1.40768e-05
-1.43155e-05
-1.45724e-05
-1.48499e-05
-1.51509e-05
-1.54784e-05
-1.58359e-05
-1.26189e-05
-1.27739e-05
-1.29345e-05
-1.31018e-05
-1.32774e-05
-1.34624e-05
-1.36584e-05
-1.38667e-05
-1.4089e-05
-1.43269e-05
-1.45822e-05
-1.48571e-05
-1.5154e-05
-1.54755e-05
-1.58245e-05
-1.26204e-05
-1.27769e-05
-1.29388e-05
-1.31076e-05
-1.32845e-05
-1.34709e-05
-1.36681e-05
-1.38774e-05
-1.41003e-05
-1.43384e-05
-1.45932e-05
-1.48667e-05
-1.51608e-05
-1.54777e-05
-1.58199e-05
-1.26179e-05
-1.27761e-05
-1.29397e-05
-1.31101e-05
-1.32887e-05
-1.34768e-05
-1.36755e-05
-1.38862e-05
-1.41103e-05
-1.43491e-05
-1.4604e-05
-1.48766e-05
-1.51687e-05
-1.5482e-05
-1.58186e-05
-1.26133e-05
-1.27731e-05
-1.29384e-05
-1.31106e-05
-1.32909e-05
-1.34807e-05
-1.36811e-05
-1.38933e-05
-1.41187e-05
-1.43584e-05
-1.46136e-05
-1.48858e-05
-1.51763e-05
-1.54866e-05
-1.58185e-05
-1.26076e-05
-1.27689e-05
-1.29358e-05
-1.31096e-05
-1.32916e-05
-1.3483e-05
-1.3685e-05
-1.38988e-05
-1.41254e-05
-1.4366e-05
-1.46217e-05
-1.48936e-05
-1.51829e-05
-1.54907e-05
-1.58185e-05
-1.26017e-05
-1.27643e-05
-1.29325e-05
-1.31078e-05
-1.32912e-05
-1.34841e-05
-1.36876e-05
-1.39027e-05
-1.41306e-05
-1.43721e-05
-1.46282e-05
-1.49e-05
-1.51882e-05
-1.54938e-05
-1.5818e-05
-1.25959e-05
-1.27596e-05
-1.2929e-05
-1.31054e-05
-1.32901e-05
-1.34843e-05
-1.36891e-05
-1.39054e-05
-1.41343e-05
-1.43767e-05
-1.46332e-05
-1.49048e-05
-1.51922e-05
-1.54959e-05
-1.58169e-05
-1.25902e-05
-1.27548e-05
-1.29252e-05
-1.31027e-05
-1.32885e-05
-1.34838e-05
-1.36897e-05
-1.39072e-05
-1.4137e-05
-1.438e-05
-1.4637e-05
-1.49084e-05
-1.5195e-05
-1.54971e-05
-1.58152e-05
-1.25846e-05
-1.275e-05
-1.29212e-05
-1.30996e-05
-1.32864e-05
-1.34828e-05
-1.36897e-05
-1.39081e-05
-1.41388e-05
-1.43825e-05
-1.46398e-05
-1.49111e-05
-1.51969e-05
-1.54974e-05
-1.58129e-05
-1.25792e-05
-1.27453e-05
-1.29173e-05
-1.30965e-05
-1.32841e-05
-1.34814e-05
-1.36892e-05
-1.39085e-05
-1.41399e-05
-1.43842e-05
-1.46417e-05
-1.4913e-05
-1.51981e-05
-1.54972e-05
-1.58102e-05
-3.90427e-06
-3.90695e-06
-3.91201e-06
-3.91882e-06
-3.92674e-06
-3.93528e-06
-3.94403e-06
-3.95266e-06
-3.96098e-06
-3.96884e-06
-3.97618e-06
-3.98293e-06
-3.98904e-06
-3.99441e-06
-3.99884e-06
-4.00203e-06
-4.00347e-06
-4.00239e-06
-3.99761e-06
-3.98736e-06
-3.96921e-06
-3.94002e-06
-3.89386e-06
-3.82387e-06
-3.72472e-06
-3.59142e-06
-3.41955e-06
-3.20645e-06
-2.95255e-06
-2.66134e-06
-2.33478e-06
-1.97909e-06
-1.61542e-06
-1.26136e-06
-9.34758e-07
-6.52093e-07
-4.26305e-07
-2.65806e-07
-1.71569e-07
-1.3673e-07
-1.4784e-07
-1.87422e-07
-2.37347e-07
-2.79329e-07
-2.99337e-07
-3.89497e-06
-3.89828e-06
-3.90268e-06
-3.90793e-06
-3.91372e-06
-3.91972e-06
-3.92566e-06
-3.93129e-06
-3.9364e-06
-3.94083e-06
-3.94439e-06
-3.94695e-06
-3.94831e-06
-3.94829e-06
-3.94662e-06
-3.94294e-06
-3.93677e-06
-3.92737e-06
-3.91362e-06
-3.89383e-06
-3.86552e-06
-3.82514e-06
-3.76721e-06
-3.68687e-06
-3.57999e-06
-3.44232e-06
-3.27027e-06
-3.06179e-06
-2.81679e-06
-2.53725e-06
-2.22953e-06
-1.90788e-06
-1.58307e-06
-1.2679e-06
-9.77706e-07
-7.2761e-07
-5.29615e-07
-3.88984e-07
-3.04203e-07
-2.67683e-07
-2.6756e-07
-2.90261e-07
-3.23058e-07
-3.56484e-07
-3.84565e-07
-3.88208e-06
-3.88804e-06
-3.89359e-06
-3.89923e-06
-3.90498e-06
-3.91061e-06
-3.91591e-06
-3.92071e-06
-3.92485e-06
-3.92818e-06
-3.93053e-06
-3.93175e-06
-3.93167e-06
-3.93011e-06
-3.92686e-06
-3.92171e-06
-3.91439e-06
-3.90458e-06
-3.89175e-06
-3.87504e-06
-3.85298e-06
-3.82287e-06
-3.77964e-06
-3.71807e-06
-3.63259e-06
-3.51688e-06
-3.36524e-06
-3.1738e-06
-2.94141e-06
-2.66998e-06
-2.36442e-06
-2.03653e-06
-1.70077e-06
-1.37296e-06
-1.07002e-06
-8.07702e-07
-5.98099e-07
-4.47461e-07
-3.55257e-07
-3.14683e-07
-3.14435e-07
-3.41112e-07
-3.81831e-07
-4.28771e-07
-4.8138e-07
-3.86772e-06
-3.87676e-06
-3.88408e-06
-3.89076e-06
-3.89717e-06
-3.90316e-06
-3.90861e-06
-3.91342e-06
-3.91749e-06
-3.92072e-06
-3.92298e-06
-3.92417e-06
-3.92418e-06
-3.92293e-06
-3.92039e-06
-3.91667e-06
-3.912e-06
-3.90682e-06
-3.90175e-06
-3.89747e-06
-3.89442e-06
-3.89158e-06
-3.88358e-06
-3.8623e-06
-3.81859e-06
-3.74215e-06
-3.62351e-06
-3.45664e-06
-3.23921e-06
-2.97318e-06
-2.66421e-06
-2.32316e-06
-1.96542e-06
-1.60871e-06
-1.27216e-06
-9.74097e-07
-7.29537e-07
-5.47845e-07
-4.31298e-07
-3.75092e-07
-3.68756e-07
-3.98285e-07
-4.49044e-07
-5.12604e-07
-5.90289e-07
-3.85426e-06
-3.86655e-06
-3.87591e-06
-3.88398e-06
-3.89149e-06
-3.89838e-06
-3.90461e-06
-3.91016e-06
-3.91502e-06
-3.91913e-06
-3.92244e-06
-3.9249e-06
-3.92651e-06
-3.92737e-06
-3.92771e-06
-3.92809e-06
-3.92947e-06
-3.93339e-06
-3.9421e-06
-3.95851e-06
-3.98575e-06
-4.02546e-06
-4.07137e-06
-4.10978e-06
-4.1257e-06
-4.10297e-06
-4.02768e-06
-3.8932e-06
-3.69658e-06
-3.43922e-06
-3.1256e-06
-2.76742e-06
-2.37975e-06
-1.98174e-06
-1.59484e-06
-1.24086e-06
-9.394e-07
-7.05039e-07
-5.45013e-07
-4.58193e-07
-4.35709e-07
-4.62668e-07
-5.21588e-07
-6.01983e-07
-7.05636e-07
-3.84362e-06
-3.85898e-06
-3.87039e-06
-3.88002e-06
-3.88889e-06
-3.89704e-06
-3.90452e-06
-3.91139e-06
-3.91772e-06
-3.92353e-06
-3.92883e-06
-3.93367e-06
-3.93818e-06
-3.94265e-06
-3.94765e-06
-3.95427e-06
-3.96431e-06
-3.98069e-06
-4.00764e-06
-4.05076e-06
-4.11649e-06
-4.20975e-06
-4.32281e-06
-4.43353e-06
-4.51874e-06
-4.55631e-06
-4.53209e-06
-4.43764e-06
-4.26793e-06
-4.02418e-06
-3.7085e-06
-3.33281e-06
-2.91267e-06
-2.46771e-06
-2.02104e-06
-1.59793e-06
-1.22335e-06
-9.18617e-07
-6.9793e-07
-5.65713e-07
-5.15936e-07
-5.33157e-07
-5.96541e-07
-6.92756e-07
-8.23493e-07
-3.83705e-06
-3.8551e-06
-3.86842e-06
-3.87961e-06
-3.88995e-06
-3.89956e-06
-3.90857e-06
-3.91713e-06
-3.92539e-06
-3.93343e-06
-3.94136e-06
-3.94932e-06
-3.95757e-06
-3.96659e-06
-3.97732e-06
-3.99138e-06
-4.0115e-06
-4.042e-06
-4.08931e-06
-4.16198e-06
-4.26997e-06
-4.42177e-06
-4.6076e-06
-4.79447e-06
-4.95076e-06
-5.05455e-06
-5.09001e-06
-5.04082e-06
-4.8987e-06
-4.66394e-06
-4.34753e-06
-3.95821e-06
-3.5097e-06
-3.02061e-06
-2.5144e-06
-2.0188e-06
-1.56383e-06
-1.17813e-06
-8.84259e-07
-6.94064e-07
-6.06094e-07
-6.0547e-07
-6.68287e-07
-7.7818e-07
-9.36434e-07
-3.83515e-06
-3.85548e-06
-3.87051e-06
-3.88319e-06
-3.89501e-06
-3.90615e-06
-3.91682e-06
-3.92724e-06
-3.93765e-06
-3.94821e-06
-3.9591e-06
-3.97054e-06
-3.98291e-06
-3.99689e-06
-4.01372e-06
-4.03552e-06
-4.0659e-06
-4.11057e-06
-4.17815e-06
-4.28029e-06
-4.43029e-06
-4.64037e-06
-4.899e-06
-5.16239e-06
-5.39103e-06
-5.55707e-06
-5.63847e-06
-5.62191e-06
-5.50326e-06
-5.28411e-06
-4.97197e-06
-4.57537e-06
-4.10661e-06
-3.58237e-06
-3.025e-06
-2.46307e-06
-1.93018e-06
-1.46166e-06
-1.08883e-06
-8.32322e-07
-6.97167e-07
-6.70787e-07
-7.27289e-07
-8.47647e-07
-1.03261e-06
-3.83807e-06
-3.86032e-06
-3.87685e-06
-3.89091e-06
-3.90414e-06
-3.91679e-06
-3.92911e-06
-3.94142e-06
-3.95401e-06
-3.96713e-06
-3.98101e-06
-3.99597e-06
-4.01247e-06
-4.03134e-06
-4.05406e-06
-4.08321e-06
-4.12312e-06
-4.18078e-06
-4.26687e-06
-4.39618e-06
-4.58474e-06
-4.84815e-06
-5.17377e-06
-5.50606e-06
-5.79659e-06
-6.01237e-06
-6.13062e-06
-6.14041e-06
-6.03995e-06
-5.83229e-06
-5.52469e-06
-5.12518e-06
-4.64417e-06
-4.09574e-06
-3.49985e-06
-2.88407e-06
-2.28358e-06
-1.73857e-06
-1.28847e-06
-9.62937e-07
-7.74997e-07
-7.1632e-07
-7.60721e-07
-8.87411e-07
-1.09671e-06
-3.84563e-06
-3.86953e-06
-3.88737e-06
-3.90269e-06
-3.91724e-06
-3.93129e-06
-3.94515e-06
-3.95922e-06
-3.97386e-06
-3.98938e-06
-4.00607e-06
-4.02431e-06
-4.04464e-06
-4.06799e-06
-4.09602e-06
-4.13163e-06
-4.17978e-06
-4.24845e-06
-4.35019e-06
-4.50315e-06
-4.72475e-06
-5.03385e-06
-5.41699e-06
-5.80702e-06
-6.14638e-06
-6.39896e-06
-6.54249e-06
-6.56824e-06
-6.47698e-06
-6.27438e-06
-5.96844e-06
-5.56698e-06
-5.07873e-06
-4.51508e-06
-3.89299e-06
-3.23772e-06
-2.58393e-06
-1.97433e-06
-1.45496e-06
-1.06336e-06
-8.21143e-07
-7.25932e-07
-7.53144e-07
-8.81505e-07
-1.11134e-06
-3.85747e-06
-3.88286e-06
-3.90188e-06
-3.91835e-06
-3.93408e-06
-3.94937e-06
-3.96457e-06
-3.98017e-06
-3.99658e-06
-4.01418e-06
-4.03332e-06
-4.05441e-06
-4.07806e-06
-4.10525e-06
-4.13775e-06
-4.17871e-06
-4.23351e-06
-4.31094e-06
-4.42481e-06
-4.59644e-06
-4.84525e-06
-5.19345e-06
-5.62193e-06
-6.05745e-06
-6.43225e-06
-6.70838e-06
-6.86452e-06
-6.89462e-06
-6.80263e-06
-6.59702e-06
-6.28708e-06
-5.88092e-06
-5.38612e-06
-4.8119e-06
-4.1723e-06
-3.48966e-06
-2.79657e-06
-2.136e-06
-1.5596e-06
-1.10913e-06
-8.14805e-07
-6.81413e-07
-6.87591e-07
-8.12933e-07
-1.05849e-06
-3.87321e-06
-3.90004e-06
-3.92014e-06
-3.93764e-06
-3.9544e-06
-3.97072e-06
-3.98701e-06
-4.00381e-06
-4.0216e-06
-4.04084e-06
-4.06192e-06
-4.0853e-06
-4.11162e-06
-4.14191e-06
-4.17798e-06
-4.2231e-06
-4.28297e-06
-4.367e-06
-4.48984e-06
-4.67411e-06
-4.94483e-06
-5.32504e-06
-5.78871e-06
-6.25681e-06
-6.65438e-06
-6.94172e-06
-7.09883e-06
-7.12251e-06
-7.02003e-06
-6.8026e-06
-6.48118e-06
-6.06453e-06
-5.55983e-06
-4.97485e-06
-4.32138e-06
-3.61895e-06
-2.89719e-06
-2.19718e-06
-1.57703e-06
-1.07711e-06
-7.35232e-07
-5.64213e-07
-5.46965e-07
-6.65011e-07
-9.21057e-07
-3.89248e-06
-3.92078e-06
-3.94192e-06
-3.96035e-06
-3.97798e-06
-3.9951e-06
-4.01214e-06
-4.02974e-06
-4.04845e-06
-4.06879e-06
-4.09122e-06
-4.11625e-06
-4.14453e-06
-4.17711e-06
-4.21583e-06
-4.26402e-06
-4.32753e-06
-4.41627e-06
-4.54557e-06
-4.73761e-06
-5.02662e-06
-5.429e-06
-5.91904e-06
-6.40902e-06
-6.81848e-06
-7.10648e-06
-7.25473e-06
-7.26273e-06
-7.14087e-06
-6.90299e-06
-6.56177e-06
-6.12698e-06
-5.60599e-06
-5.00603e-06
-4.33751e-06
-3.6179e-06
-2.87425e-06
-2.14323e-06
-1.48557e-06
-9.46934e-07
-5.637e-07
-3.57226e-07
-3.15489e-07
-4.22642e-07
-6.84132e-07
-3.91502e-06
-3.94492e-06
-3.96709e-06
-3.98636e-06
-4.00468e-06
-4.0223e-06
-4.03974e-06
-4.05768e-06
-4.07677e-06
-4.09761e-06
-4.12074e-06
-4.14672e-06
-4.17623e-06
-4.21033e-06
-4.25085e-06
-4.30113e-06
-4.3671e-06
-4.45896e-06
-4.59274e-06
-4.79118e-06
-5.0914e-06
-5.5086e-06
-6.01768e-06
-6.52073e-06
-6.93315e-06
-7.2133e-06
-7.34487e-06
-7.32946e-06
-7.18055e-06
-6.91425e-06
-6.54491e-06
-6.08347e-06
-5.53803e-06
-4.91598e-06
-4.22723e-06
-3.4879e-06
-2.72359e-06
-1.96938e-06
-1.27533e-06
-7.02993e-07
-2.85306e-07
-4.64655e-08
1.99824e-08
-7.33186e-08
-3.35825e-07
-3.94072e-06
-3.97238e-06
-3.99559e-06
-4.01562e-06
-4.03442e-06
-4.05224e-06
-4.06964e-06
-4.0874e-06
-4.10629e-06
-4.12698e-06
-4.15012e-06
-4.17635e-06
-4.20637e-06
-4.24125e-06
-4.28285e-06
-4.33443e-06
-4.40195e-06
-4.49574e-06
-4.63245e-06
-4.83577e-06
-5.14162e-06
-5.56938e-06
-6.09073e-06
-6.59965e-06
-7.00794e-06
-7.27353e-06
-7.3825e-06
-7.33738e-06
-7.15499e-06
-6.8532e-06
-6.44788e-06
-5.95123e-06
-5.37236e-06
-4.71944e-06
-4.0026e-06
-3.23738e-06
-2.44866e-06
-1.67085e-06
-9.4441e-07
-3.39183e-07
1.08853e-07
3.7807e-07
4.69308e-07
3.92385e-07
1.32432e-07
-3.9696e-06
-4.00324e-06
-4.02753e-06
-4.0482e-06
-4.06726e-06
-4.08492e-06
-4.1018e-06
-4.1188e-06
-4.13682e-06
-4.15667e-06
-4.17913e-06
-4.2049e-06
-4.23477e-06
-4.26979e-06
-4.31183e-06
-4.36412e-06
-4.43255e-06
-4.52748e-06
-4.6659e-06
-4.87221e-06
-5.1814e-06
-5.61599e-06
-6.14417e-06
-6.65334e-06
-7.05205e-06
-7.29846e-06
-7.3791e-06
-7.29995e-06
-7.07884e-06
-6.73546e-06
-6.28702e-06
-5.74695e-06
-5.12558e-06
-4.43219e-06
-3.67774e-06
-2.87807e-06
-2.05748e-06
-1.24967e-06
-4.94623e-07
1.44016e-07
6.24902e-07
9.23444e-07
1.03917e-06
9.80876e-07
7.25863e-07
-4.00185e-06
-4.0377e-06
-4.06313e-06
-4.08432e-06
-4.10335e-06
-4.1204e-06
-4.1362e-06
-4.15179e-06
-4.16824e-06
-4.18652e-06
-4.20757e-06
-4.23224e-06
-4.26133e-06
-4.29593e-06
-4.33797e-06
-4.39055e-06
-4.4595e-06
-4.55513e-06
-4.69454e-06
-4.90257e-06
-5.21378e-06
-5.65244e-06
-6.18341e-06
-6.68817e-06
-7.07342e-06
-7.29686e-06
-7.34594e-06
-7.22892e-06
-6.96472e-06
-6.57452e-06
-6.0766e-06
-5.48553e-06
-4.81291e-06
-4.06937e-06
-3.26709e-06
-2.42278e-06
-1.56064e-06
-7.14339e-07
7.2192e-08
7.45384e-07
1.26296e-06
1.59218e-06
1.73272e-06
1.69614e-06
1.44628e-06
-4.03782e-06
-4.07614e-06
-4.10273e-06
-4.12426e-06
-4.1429e-06
-4.15883e-06
-4.1729e-06
-4.18633e-06
-4.20042e-06
-4.21637e-06
-4.23529e-06
-4.25823e-06
-4.28603e-06
-4.31976e-06
-4.36146e-06
-4.41411e-06
-4.48342e-06
-4.5796e-06
-4.71973e-06
-4.92885e-06
-5.24123e-06
-5.68186e-06
-6.21274e-06
-6.7101e-06
-7.07886e-06
-7.27658e-06
-7.29155e-06
-7.13378e-06
-6.82292e-06
-6.38149e-06
-5.82854e-06
-5.17962e-06
-4.44758e-06
-3.64445e-06
-2.78398e-06
-1.88421e-06
-9.70227e-07
-7.63995e-08
7.52734e-07
1.4661e-06
2.01807e-06
2.3827e-06
2.55007e-06
2.53995e-06
2.29391e-06
-4.078e-06
-4.11906e-06
-4.14681e-06
-4.16846e-06
-4.18625e-06
-4.20041e-06
-4.21194e-06
-4.22237e-06
-4.23324e-06
-4.24603e-06
-4.2621e-06
-4.28274e-06
-4.30884e-06
-4.34132e-06
-4.38253e-06
-4.43519e-06
-4.5049e-06
-4.60172e-06
-4.74261e-06
-4.95264e-06
-5.26571e-06
-5.70702e-06
-6.23582e-06
-6.7236e-06
-7.0737e-06
-7.24369e-06
-7.2226e-06
-7.02128e-06
-6.66156e-06
-6.16524e-06
-5.55245e-06
-4.83961e-06
-4.04064e-06
-3.16906e-06
-2.24026e-06
-1.27402e-06
-2.96993e-07
6.55188e-07
1.53739e-06
2.29787e-06
2.88966e-06
3.29286e-06
3.49191e-06
3.50288e-06
3.27342e-06
-4.12305e-06
-4.16712e-06
-4.19601e-06
-4.21743e-06
-4.23378e-06
-4.24534e-06
-4.2534e-06
-4.25981e-06
-4.2665e-06
-4.27527e-06
-4.28774e-06
-4.30558e-06
-4.32961e-06
-4.36069e-06
-4.40134e-06
-4.45412e-06
-4.52444e-06
-4.62218e-06
-4.76407e-06
-4.97516e-06
-5.28879e-06
-5.73004e-06
-6.25537e-06
-6.732e-06
-7.06193e-06
-7.20275e-06
-7.14424e-06
-6.8983e-06
-6.48689e-06
-5.93262e-06
-5.25593e-06
-4.47385e-06
-3.60127e-06
-2.65306e-06
-1.64634e-06
-6.02882e-07
4.4862e-07
1.47066e-06
2.41668e-06
3.23335e-06
3.87235e-06
4.31653e-06
4.54977e-06
4.58081e-06
4.38162e-06
-4.17377e-06
-4.22113e-06
-4.25108e-06
-4.27179e-06
-4.2859e-06
-4.29384e-06
-4.29727e-06
-4.29851e-06
-4.29995e-06
-4.30381e-06
-4.31206e-06
-4.32653e-06
-4.34801e-06
-4.37783e-06
-4.41801e-06
-4.47113e-06
-4.54242e-06
-4.64147e-06
-4.78484e-06
-4.99727e-06
-5.3116e-06
-5.75241e-06
-6.27332e-06
-6.73771e-06
-7.04639e-06
-7.15705e-06
-7.06011e-06
-6.76823e-06
-6.30347e-06
-5.68883e-06
-4.94489e-06
-4.08907e-06
-3.13705e-06
-2.1049e-06
-1.01147e-06
1.1936e-07
1.25649e-06
2.35989e-06
3.3808e-06
4.26492e-06
4.95963e-06
5.44674e-06
5.71711e-06
5.77105e-06
5.60708e-06
-4.23116e-06
-4.28211e-06
-4.31294e-06
-4.33226e-06
-4.3431e-06
-4.34612e-06
-4.34352e-06
-4.33822e-06
-4.33323e-06
-4.33125e-06
-4.3346e-06
-4.3452e-06
-4.364e-06
-4.3926e-06
-4.43253e-06
-4.48636e-06
-4.55907e-06
-4.65998e-06
-4.80535e-06
-5.01957e-06
-5.33486e-06
-5.77509e-06
-6.29093e-06
-6.7423e-06
-7.02899e-06
-7.1088e-06
-6.97274e-06
-6.63398e-06
-6.11467e-06
-5.4378e-06
-4.62395e-06
-3.69071e-06
-2.65433e-06
-1.53195e-06
-3.44019e-07
8.83439e-07
2.11673e-06
3.31288e-06
4.42029e-06
5.3823e-06
6.14137e-06
6.67823e-06
6.99271e-06
7.07651e-06
6.94335e-06
-4.29642e-06
-4.35127e-06
-4.38265e-06
-4.39967e-06
-4.40585e-06
-4.40233e-06
-4.39201e-06
-4.37862e-06
-4.36588e-06
-4.35705e-06
-4.35482e-06
-4.36122e-06
-4.37742e-06
-4.40483e-06
-4.44485e-06
-4.49985e-06
-4.57454e-06
-4.67791e-06
-4.82585e-06
-5.04237e-06
-5.35896e-06
-5.79858e-06
-6.30892e-06
-6.74673e-06
-7.0109e-06
-7.0594e-06
-6.88379e-06
-6.49758e-06
-5.92287e-06
-5.18246e-06
-4.29671e-06
-3.28322e-06
-2.15861e-06
-9.40857e-07
3.48153e-07
1.68033e-06
3.01931e-06
4.31896e-06
5.52431e-06
6.57534e-06
7.40796e-06
8.00183e-06
8.36783e-06
8.48823e-06
8.38826e-06
-4.37104e-06
-4.4301e-06
-4.46148e-06
-4.4749e-06
-4.47465e-06
-4.46254e-06
-4.4425e-06
-4.41926e-06
-4.39738e-06
-4.38069e-06
-4.37228e-06
-4.37425e-06
-4.38786e-06
-4.41432e-06
-4.45484e-06
-4.51154e-06
-4.58883e-06
-4.6953e-06
-4.84643e-06
-5.06577e-06
-5.38404e-06
-5.82309e-06
-6.3276e-06
-6.75144e-06
-6.99274e-06
-7.00966e-06
-6.79428e-06
-6.36035e-06
-5.72977e-06
-4.92503e-06
-3.96609e-06
-2.87042e-06
-1.65478e-06
-3.37785e-07
1.05746e-06
2.50101e-06
3.95391e-06
5.36677e-06
6.6808e-06
7.83197e-06
8.7497e-06
9.40584e-06
9.8273e-06
9.99057e-06
9.93395e-06
-4.45684e-06
-4.52038e-06
-4.55092e-06
-4.55896e-06
-4.54994e-06
-4.52674e-06
-4.4946e-06
-4.45957e-06
-4.42711e-06
-4.40161e-06
-4.38649e-06
-4.38388e-06
-4.39502e-06
-4.42086e-06
-4.46237e-06
-4.52136e-06
-4.60187e-06
-4.7121e-06
-4.86704e-06
-5.08973e-06
-5.41001e-06
-5.84856e-06
-6.34699e-06
-6.75657e-06
-6.97477e-06
-6.95998e-06
-6.7048e-06
-6.22315e-06
-5.53662e-06
-4.66724e-06
-3.63452e-06
-2.45563e-06
-1.14731e-06
2.71382e-07
1.77644e-06
3.3363e-06
4.90971e-06
6.44408e-06
7.87635e-06
9.13756e-06
1.0154e-05
1.0883e-05
1.13626e-05
1.15755e-05
1.15671e-05
-4.55611e-06
-4.62431e-06
-4.65267e-06
-4.65288e-06
-4.63212e-06
-4.59478e-06
-4.54788e-06
-4.49893e-06
-4.45439e-06
-4.41923e-06
-4.39698e-06
-4.38976e-06
-4.39865e-06
-4.42428e-06
-4.4673e-06
-4.52918e-06
-4.61357e-06
-4.72819e-06
-4.88754e-06
-5.11407e-06
-5.43668e-06
-5.87478e-06
-6.3669e-06
-6.76199e-06
-6.95698e-06
-6.91049e-06
-6.61568e-06
-6.08655e-06
-5.34432e-06
-4.41051e-06
-3.3041e-06
-2.04186e-06
-6.40432e-07
8.80948e-07
2.49761e-06
4.17683e-06
5.87541e-06
7.53789e-06
9.0967e-06
1.04768e-05
1.16037e-05
1.24238e-05
1.2964e-05
1.32347e-05
1.32807e-05
-4.67176e-06
-4.74456e-06
-4.76869e-06
-4.75775e-06
-4.72144e-06
-4.66634e-06
-4.60177e-06
-4.5366e-06
-4.47857e-06
-4.433e-06
-4.40337e-06
-4.39164e-06
-4.39858e-06
-4.42447e-06
-4.46956e-06
-4.53493e-06
-4.6238e-06
-4.74342e-06
-4.90771e-06
-5.13853e-06
-5.46375e-06
-5.90143e-06
-6.38706e-06
-6.76749e-06
-6.93923e-06
-6.8612e-06
-6.52709e-06
-5.95095e-06
-5.15361e-06
-4.15605e-06
-2.97669e-06
-1.6319e-06
-1.38118e-07
1.48538e-06
3.2136e-06
5.01307e-06
6.83928e-06
8.63447e-06
1.03271e-05
1.1836e-05
1.30823e-05
1.40085e-05
1.46192e-05
1.49563e-05
1.50663e-05
-4.8075e-06
-4.88437e-06
-4.9012e-06
-4.87458e-06
-4.81799e-06
-4.74093e-06
-4.65534e-06
-4.57191e-06
-4.49905e-06
-4.44248e-06
-4.40538e-06
-4.38937e-06
-4.39478e-06
-4.42142e-06
-4.46913e-06
-4.53856e-06
-4.63248e-06
-4.75763e-06
-4.92735e-06
-5.16282e-06
-5.49089e-06
-5.92816e-06
-6.40712e-06
-6.77279e-06
-6.92134e-06
-6.81201e-06
-6.43909e-06
-5.81665e-06
-4.96513e-06
-3.90494e-06
-2.65401e-06
-1.22834e-06
3.55855e-07
2.07936e-06
3.91713e-06
5.83547e-06
7.78925e-06
9.71931e-06
1.15511e-05
1.31979e-05
1.45742e-05
1.56167e-05
1.63127e-05
1.67264e-05
1.69132e-05
-4.96816e-06
-5.04772e-06
-5.05261e-06
-5.00427e-06
-4.92155e-06
-4.81774e-06
-4.7078e-06
-4.60402e-06
-4.51534e-06
-4.44738e-06
-4.40293e-06
-4.38299e-06
-4.38733e-06
-4.41525e-06
-4.46611e-06
-4.5401e-06
-4.63956e-06
-4.7707e-06
-4.94624e-06
-5.18668e-06
-5.51775e-06
-5.95459e-06
-6.42674e-06
-6.77758e-06
-6.90308e-06
-6.76284e-06
-6.35175e-06
-5.68394e-06
-4.77942e-06
-3.65815e-06
-2.33762e-06
-8.33557e-07
8.3797e-07
2.65787e-06
4.60125e-06
6.63466e-06
8.71316e-06
1.07773e-05
1.27508e-05
1.45423e-05
1.60585e-05
1.72284e-05
1.8029e-05
1.85306e-05
1.88108e-05
-5.16014e-06
-5.23938e-06
-5.22543e-06
-5.1474e-06
-5.03143e-06
-4.89584e-06
-4.75818e-06
-4.63223e-06
-4.52701e-06
-4.4476e-06
-4.39608e-06
-4.37266e-06
-4.37646e-06
-4.40616e-06
-4.46064e-06
-4.53965e-06
-4.64504e-06
-4.78254e-06
-4.96421e-06
-5.20984e-06
-5.54404e-06
-5.9804e-06
-6.4456e-06
-6.78161e-06
-6.8843e-06
-6.71363e-06
-6.26516e-06
-5.55308e-06
-4.59703e-06
-3.41658e-06
-2.02896e-06
-4.49741e-07
1.30502e-06
3.21629e-06
5.25946e-06
7.40173e-06
9.59914e-06
1.17932e-05
1.39075e-05
1.58477e-05
1.75128e-05
1.8822e-05
1.97454e-05
2.03522e-05
2.0749e-05
-5.39207e-06
-5.46503e-06
-5.42216e-06
-5.30393e-06
-5.14678e-06
-4.97384e-06
-4.80543e-06
-4.65596e-06
-4.53385e-06
-4.44322e-06
-4.38509e-06
-4.35875e-06
-4.36252e-06
-4.39449e-06
-4.453e-06
-4.53737e-06
-4.649e-06
-4.79311e-06
-4.98111e-06
-5.23208e-06
-5.56947e-06
-6.00529e-06
-6.46343e-06
-6.78466e-06
-6.86484e-06
-6.66433e-06
-6.17941e-06
-5.42433e-06
-4.41847e-06
-3.18109e-06
-1.72932e-06
-7.88277e-08
1.75416e-06
3.75054e-06
5.88597e-06
8.12853e-06
1.0436e-05
1.2752e-05
1.50019e-05
1.70909e-05
1.8912e-05
2.03741e-05
2.14355e-05
2.21702e-05
2.27162e-05
-5.67588e-06
-5.73116e-06
-5.64477e-06
-5.47307e-06
-5.26589e-06
-5.05024e-06
-4.84856e-06
-4.67476e-06
-4.53588e-06
-4.43453e-06
-4.37041e-06
-4.34174e-06
-4.346e-06
-4.38063e-06
-4.44351e-06
-4.53349e-06
-4.65155e-06
-4.80242e-06
-4.99688e-06
-5.25325e-06
-5.59383e-06
-6.02901e-06
-6.48001e-06
-6.78658e-06
-6.84463e-06
-6.61497e-06
-6.09462e-06
-5.29799e-06
-4.2442e-06
-2.95241e-06
-1.43984e-06
2.77525e-07
2.18301e-06
4.25718e-06
6.47581e-06
8.80796e-06
1.12135e-05
1.36394e-05
1.60149e-05
1.82474e-05
2.0227e-05
2.18538e-05
2.30708e-05
2.39597e-05
2.47017e-05
-6.02836e-06
-6.04479e-06
-5.8932e-06
-5.65423e-06
-5.38634e-06
-5.12327e-06
-4.88666e-06
-4.68842e-06
-4.53335e-06
-4.42203e-06
-4.35265e-06
-4.32224e-06
-4.32744e-06
-4.36508e-06
-4.43254e-06
-4.52828e-06
-4.65285e-06
-4.81054e-06
-5.01147e-06
-5.27323e-06
-5.61694e-06
-6.0514e-06
-6.4952e-06
-6.78726e-06
-6.82363e-06
-6.5656e-06
-6.01096e-06
-5.17433e-06
-4.07468e-06
-2.73121e-06
-1.16146e-06
6.17969e-07
2.58965e-06
4.73348e-06
7.02506e-06
9.43423e-06
1.19231e-05
1.44428e-05
1.69281e-05
1.9292e-05
2.14256e-05
2.32246e-05
2.46147e-05
2.56895e-05
2.6696e-05
-6.47355e-06
-6.41356e-06
-6.16703e-06
-5.84307e-06
-5.50516e-06
-5.19114e-06
-4.91902e-06
-4.69702e-06
-4.52676e-06
-4.40644e-06
-4.33254e-06
-4.30094e-06
-4.30746e-06
-4.34834e-06
-4.4205e-06
-4.52203e-06
-4.6531e-06
-4.81755e-06
-5.02488e-06
-5.29195e-06
-5.6387e-06
-6.07231e-06
-6.50889e-06
-6.78667e-06
-6.80187e-06
-6.51631e-06
-5.92861e-06
-5.05362e-06
-3.91029e-06
-2.51803e-06
-8.94943e-07
9.41482e-07
2.97269e-06
5.17751e-06
7.53091e-06
1.00031e-05
1.25582e-05
1.51516e-05
1.7725e-05
2.01998e-05
2.24734e-05
2.44435e-05
2.60201e-05
2.73166e-05
2.86902e-05
-7.04472e-06
-6.83888e-06
-6.46501e-06
-6.03481e-06
-5.61876e-06
-5.25211e-06
-4.94525e-06
-4.70093e-06
-4.51685e-06
-4.38857e-06
-4.3109e-06
-4.27857e-06
-4.28668e-06
-4.33091e-06
-4.40778e-06
-4.51504e-06
-4.65249e-06
-4.82356e-06
-5.03715e-06
-5.30939e-06
-5.65905e-06
-6.09168e-06
-6.52104e-06
-6.78479e-06
-6.7794e-06
-6.46723e-06
-5.84776e-06
-4.93616e-06
-3.75143e-06
-2.31338e-06
-6.40912e-07
1.24727e-06
3.33114e-06
5.58797e-06
7.99156e-06
1.05118e-05
1.31141e-05
1.57577e-05
1.83914e-05
2.09473e-05
2.33338e-05
2.54598e-05
2.72248e-05
2.87771e-05
3.06697e-05
-7.78746e-06
-7.31787e-06
-6.7752e-06
-6.22252e-06
-5.72307e-06
-5.30459e-06
-4.96525e-06
-4.70076e-06
-4.50447e-06
-4.36933e-06
-4.28855e-06
-4.25587e-06
-4.26571e-06
-4.3133e-06
-4.3948e-06
-4.50762e-06
-4.65127e-06
-4.82874e-06
-5.04837e-06
-5.32557e-06
-5.67796e-06
-6.10949e-06
-6.53164e-06
-6.78166e-06
-6.7563e-06
-6.41849e-06
-5.76862e-06
-4.82222e-06
-3.59846e-06
-2.11773e-06
-3.99973e-07
1.53463e-06
3.66415e-06
5.96388e-06
8.4058e-06
1.09587e-05
1.3588e-05
1.62557e-05
1.89164e-05
2.15135e-05
2.39697e-05
2.62152e-05
2.81462e-05
2.9971e-05
3.25954e-05
-8.74596e-06
-7.84052e-06
-7.08209e-06
-6.39699e-06
-5.81377e-06
-5.34727e-06
-4.97924e-06
-4.6973e-06
-4.49057e-06
-4.34961e-06
-4.26629e-06
-4.23349e-06
-4.24512e-06
-4.29598e-06
-4.38192e-06
-4.50008e-06
-4.64963e-06
-4.83323e-06
-5.05863e-06
-5.34055e-06
-5.69547e-06
-6.12574e-06
-6.54072e-06
-6.7773e-06
-6.73261e-06
-6.37015e-06
-5.69127e-06
-4.71189e-06
-3.45149e-06
-1.93119e-06
-1.72208e-07
1.80349e-06
3.97174e-06
6.30532e-06
8.77372e-06
1.13436e-05
1.39792e-05
1.66429e-05
1.92929e-05
2.18812e-05
2.43455e-05
2.66444e-05
2.86796e-05
3.07563e-05
3.44037e-05
-1.00136e-05
-8.39218e-06
-7.36399e-06
-6.54836e-06
-5.88822e-06
-5.38065e-06
-4.98875e-06
-4.69221e-06
-4.47659e-06
-4.33056e-06
-4.24497e-06
-4.21207e-06
-4.22533e-06
-4.27922e-06
-4.36931e-06
-4.49248e-06
-4.64763e-06
-4.83703e-06
-5.06791e-06
-5.35429e-06
-5.71157e-06
-6.14051e-06
-6.54842e-06
-6.77194e-06
-6.70852e-06
-6.32227e-06
-5.61552e-06
-4.60465e-06
-3.30956e-06
-1.75225e-06
4.45522e-08
2.05682e-06
4.2578e-06
6.61725e-06
9.10148e-06
1.1674e-05
1.42961e-05
1.6928e-05
1.95274e-05
2.20493e-05
2.444e-05
2.66855e-05
2.87013e-05
3.09653e-05
3.60808e-05
-1.17012e-05
-8.94042e-06
-7.58933e-06
-6.66797e-06
-5.94855e-06
-5.40917e-06
-4.99812e-06
-4.68901e-06
-4.46511e-06
-4.31395e-06
-4.2257e-06
-4.19218e-06
-4.20653e-06
-4.26294e-06
-4.35671e-06
-4.48448e-06
-4.64484e-06
-4.83972e-06
-5.07581e-06
-5.36646e-06
-5.72603e-06
-6.15378e-06
-6.55506e-06
-6.76619e-06
-6.68483e-06
-6.27564e-06
-5.54194e-06
-4.50065e-06
-3.17212e-06
-1.57943e-06
2.53052e-07
2.29902e-06
4.52882e-06
6.90882e-06
9.40149e-06
1.19662e-05
1.45597e-05
1.71373e-05
1.96511e-05
2.20497e-05
2.42718e-05
2.63022e-05
2.80517e-05
3.02761e-05
3.72257e-05
-1.31225e-05
-9.28334e-06
-7.69941e-06
-6.73718e-06
-5.99059e-06
-5.43158e-06
-5.00664e-06
-4.68718e-06
-4.45582e-06
-4.29968e-06
-4.20863e-06
-4.1742e-06
-4.18929e-06
-4.24784e-06
-4.3449e-06
-4.47687e-06
-4.64206e-06
-4.84206e-06
-5.08302e-06
-5.37764e-06
-5.73924e-06
-6.16568e-06
-6.56063e-06
-6.76025e-06
-6.6625e-06
-6.23253e-06
-5.47463e-06
-4.40624e-06
-3.04822e-06
-1.42474e-06
4.38189e-07
2.51196e-06
4.764e-06
7.15717e-06
9.64991e-06
1.21968e-05
1.47491e-05
1.72549e-05
1.96562e-05
2.18856e-05
2.38506e-05
2.54651e-05
2.65294e-05
2.77709e-05
3.41562e-05
)
;

boundaryField
{
    inlet
    {
        type            uniformJump;
        patchType       cyclic;
        jump            uniform -2.5e-05;
        value           nonuniform List<scalar> 
40
(
8.88055e-07
9.05558e-07
9.23772e-07
9.41786e-07
9.61066e-07
9.83008e-07
1.00982e-06
1.04553e-06
1.09646e-06
1.17121e-06
1.27983e-06
1.43296e-06
1.64193e-06
1.91925e-06
2.27835e-06
2.73211e-06
3.29027e-06
3.95646e-06
4.72546e-06
5.57834e-06
6.43977e-06
7.17789e-06
7.74775e-06
8.16553e-06
8.46338e-06
8.66852e-06
8.80429e-06
8.89041e-06
8.94257e-06
8.97266e-06
8.98921e-06
8.99807e-06
9.00296e-06
9.00613e-06
9.00883e-06
9.01165e-06
9.01477e-06
9.01827e-06
9.02233e-06
9.0266e-06
)
;
        jumpTable       table;
        jumpTableCoeffs
        {
            values          
4
(
(0 -2.5e-05)
(25 -2.5e-05)
(25.5 -0.0001)
(26 -2.5e-05)
)
;
        }
    }
    outlet
    {
        type            uniformJump;
        patchType       cyclic;
        value           nonuniform List<scalar> 
40
(
-2.41119e-05
-2.40944e-05
-2.40762e-05
-2.40582e-05
-2.40389e-05
-2.4017e-05
-2.39902e-05
-2.39545e-05
-2.39035e-05
-2.38288e-05
-2.37202e-05
-2.3567e-05
-2.33581e-05
-2.30808e-05
-2.27216e-05
-2.22679e-05
-2.17097e-05
-2.10435e-05
-2.02745e-05
-1.94217e-05
-1.85602e-05
-1.78221e-05
-1.72522e-05
-1.68345e-05
-1.65366e-05
-1.63315e-05
-1.61957e-05
-1.61096e-05
-1.60574e-05
-1.60273e-05
-1.60108e-05
-1.60019e-05
-1.5997e-05
-1.59939e-05
-1.59912e-05
-1.59884e-05
-1.59852e-05
-1.59817e-05
-1.59777e-05
-1.59734e-05
)
;
    }
    Walls
    {
        type            zeroGradient;
    }
    back
    {
        type            empty;
    }
    front
    {
        type            empty;
    }
}


// ************************************************************************* //
