/*--------------------------------*- C++ -*----------------------------------*\
| =========                 |                                                 |
| \\      /  F ield         | OpenFOAM: The Open Source CFD Toolbox           |
|  \\    /   O peration     | Version:  2312                                  |
|   \\  /    A nd           | Website:  www.openfoam.com                      |
|    \\/     M anipulation  |                                                 |
\*---------------------------------------------------------------------------*/
FoamFile
{
    version     2.0;
    format      ascii;
    arch        "LSB;label=32;scalar=64";
    class       volScalarField;
    location    "181.25";
    object      p;
}
// * * * * * * * * * * * * * * * * * * * * * * * * * * * * * * * * * * * * * //

dimensions      [0 2 -2 0 0 0 0];

internalField   nonuniform List<scalar> 
4800
(
-9.06058e-13
-1.63587e-06
-3.04306e-06
-4.26552e-06
-5.33421e-06
-6.27281e-06
-7.09912e-06
-7.83521e-06
-8.49257e-06
-9.08059e-06
-9.61039e-06
-1.00865e-05
-1.05022e-05
-1.10948e-05
-1.28627e-05
1.6084e-08
-1.61551e-06
-3.01931e-06
-4.2393e-06
-5.30697e-06
-6.24607e-06
-7.07459e-06
-7.81508e-06
-8.47916e-06
-9.07796e-06
-9.62808e-06
-1.01482e-05
-1.06546e-05
-1.12567e-05
-1.22141e-05
3.36933e-08
-1.59324e-06
-2.99355e-06
-4.21124e-06
-5.2777e-06
-6.21739e-06
-7.04644e-06
-7.78927e-06
-8.45857e-06
-9.06531e-06
-9.62714e-06
-1.01637e-05
-1.06855e-05
-1.12006e-05
-1.16855e-05
5.25793e-08
-1.56894e-06
-2.96511e-06
-4.17985e-06
-5.24441e-06
-6.1835e-06
-7.01312e-06
-7.75543e-06
-8.42645e-06
-9.03484e-06
-9.5944e-06
-1.01159e-05
-1.05926e-05
-1.09915e-05
-1.12388e-05
7.44376e-08
-1.54053e-06
-2.93152e-06
-4.14229e-06
-5.2039e-06
-6.14074e-06
-6.97006e-06
-7.70919e-06
-8.37609e-06
-8.97788e-06
-9.5208e-06
-1.00055e-05
-1.04131e-05
-1.07033e-05
-1.08181e-05
1.00889e-07
-1.50621e-06
-2.89076e-06
-4.09623e-06
-5.15337e-06
-6.08597e-06
-6.91154e-06
-7.64475e-06
-8.30087e-06
-8.88555e-06
-9.39832e-06
-9.83222e-06
-1.01662e-05
-1.03696e-05
-1.04129e-05
1.34126e-07
-1.46367e-06
-2.84023e-06
-4.03864e-06
-5.08916e-06
-6.01473e-06
-6.83206e-06
-7.55429e-06
-8.19251e-06
-8.74964e-06
-9.22162e-06
-9.59892e-06
-9.86556e-06
-1.00062e-05
-1.0014e-05
1.77516e-07
-1.4094e-06
-2.77606e-06
-3.9651e-06
-5.00604e-06
-5.92076e-06
-6.72476e-06
-7.42927e-06
-8.04175e-06
-8.56305e-06
-8.98851e-06
-9.31076e-06
-9.52218e-06
-9.62085e-06
-9.61298e-06
2.35675e-07
-1.33858e-06
-2.69296e-06
-3.8696e-06
-4.89714e-06
-5.7962e-06
-6.58092e-06
-7.2606e-06
-7.84053e-06
-8.3209e-06
-8.69923e-06
-8.97313e-06
-9.14302e-06
-9.21584e-06
-9.20344e-06
3.13992e-07
-1.24532e-06
-2.58433e-06
-3.74473e-06
-4.75418e-06
-5.63202e-06
-6.39116e-06
-7.03971e-06
-7.58231e-06
-8.02051e-06
-8.35539e-06
-8.59016e-06
-8.7312e-06
-8.79007e-06
-8.78004e-06
4.17522e-07
-1.12349e-06
-2.44304e-06
-3.58241e-06
-4.56832e-06
-5.41904e-06
-6.14676e-06
-6.75949e-06
-7.26273e-06
-7.66123e-06
-7.95917e-06
-8.16461e-06
-8.2875e-06
-8.34104e-06
-8.33795e-06
5.49695e-07
-9.67903e-07
-2.26258e-06
-3.37513e-06
-4.33154e-06
-5.14952e-06
-5.84133e-06
-6.41598e-06
-6.88093e-06
-7.24371e-06
-7.51307e-06
-7.69851e-06
-7.81188e-06
-7.86636e-06
-7.87339e-06
7.1187e-07
-7.75139e-07
-2.03799e-06
-3.11721e-06
-4.03818e-06
-4.81869e-06
-5.47199e-06
-6.00888e-06
-6.43915e-06
-6.77286e-06
-7.02066e-06
-7.19411e-06
-7.30475e-06
-7.3648e-06
-7.38424e-06
9.02579e-07
-5.44477e-07
-1.76661e-06
-2.80524e-06
-3.68547e-06
-4.42536e-06
-5.03966e-06
-5.54123e-06
-5.94185e-06
-6.25315e-06
-6.48679e-06
-6.65456e-06
-6.76757e-06
-6.83659e-06
-6.8702e-06
1.11763e-06
-2.78433e-07
-1.45017e-06
-2.44008e-06
-3.2744e-06
-3.97189e-06
-4.54845e-06
-5.01845e-06
-5.39498e-06
-5.69031e-06
-5.91605e-06
-6.08345e-06
-6.2027e-06
-6.28324e-06
-6.33238e-06
1.35052e-06
1.81914e-08
-1.09494e-06
-2.02905e-06
-2.81229e-06
-3.46576e-06
-4.0063e-06
-4.44863e-06
-4.80609e-06
-5.09084e-06
-5.31377e-06
-5.48501e-06
-5.61353e-06
-5.70754e-06
-5.7734e-06
1.58726e-06
3.36009e-07
-7.08355e-07
-1.58302e-06
-2.31305e-06
-2.92155e-06
-3.42722e-06
-3.84465e-06
-4.1865e-06
-4.46428e-06
-4.68787e-06
-4.86587e-06
-5.0058e-06
-5.11467e-06
-5.19812e-06
1.81044e-06
6.54682e-07
-3.06023e-07
-1.11503e-06
-1.79235e-06
-2.358e-06
-2.8308e-06
-3.225e-06
-3.5527e-06
-3.82509e-06
-4.05107e-06
-4.23734e-06
-4.38972e-06
-4.51406e-06
-4.6154e-06
2.00482e-06
9.53802e-07
8.32576e-08
-6.49273e-07
-1.26954e-06
-1.79441e-06
-2.23851e-06
-2.61115e-06
-2.92474e-06
-3.19127e-06
-3.41932e-06
-3.6135e-06
-3.77787e-06
-3.91718e-06
-4.03591e-06
2.15056e-06
1.21579e-06
4.34927e-07
-2.21743e-07
-7.80677e-07
-1.26046e-06
-1.67217e-06
-2.0227e-06
-2.32247e-06
-2.58379e-06
-2.81394e-06
-3.01493e-06
-3.1898e-06
-3.3427e-06
-3.47757e-06
2.23047e-06
1.40849e-06
7.15412e-07
1.2624e-07
-3.77382e-07
-8.13111e-07
-1.18942e-06
-1.51593e-06
-1.80275e-06
-2.05843e-06
-2.28731e-06
-2.49197e-06
-2.6743e-06
-2.8365e-06
-2.9825e-06
2.25148e-06
1.52748e-06
9.08741e-07
3.77559e-07
-8.20946e-08
-4.832e-07
-8.35156e-07
-1.14707e-06
-1.42099e-06
-1.66317e-06
-1.88736e-06
-2.09368e-06
-2.28087e-06
-2.45044e-06
-2.60499e-06
2.25827e-06
1.60997e-06
1.04968e-06
5.62782e-07
1.36768e-07
-2.38446e-07
-5.71605e-07
-8.6868e-07
-1.13522e-06
-1.37461e-06
-1.59301e-06
-1.79436e-06
-1.98224e-06
-2.15828e-06
-2.32066e-06
2.26528e-06
1.67519e-06
1.15964e-06
7.06641e-07
3.06339e-07
-4.97768e-08
-3.69014e-07
-6.57168e-07
-9.1912e-07
-1.15828e-06
-1.37797e-06
-1.5809e-06
-1.76915e-06
-1.94493e-06
-2.10956e-06
2.27983e-06
1.73456e-06
1.25313e-06
8.25665e-07
4.441e-07
1.01275e-07
-2.08912e-07
-4.91393e-07
-7.5006e-07
-9.87956e-07
-1.20783e-06
-1.41211e-06
-1.60294e-06
-1.78214e-06
-1.95126e-06
2.3038e-06
1.79296e-06
1.33728e-06
9.2863e-07
5.60392e-07
2.26618e-07
-7.77527e-08
-3.56864e-07
-6.14106e-07
-8.52286e-07
-1.07385e-06
-1.28091e-06
-1.47532e-06
-1.65865e-06
-1.83234e-06
2.33465e-06
1.85023e-06
1.41389e-06
1.01902e-06
6.60174e-07
3.32372e-07
3.13354e-08
-2.46501e-07
-5.04116e-07
-7.43998e-07
-9.68299e-07
-1.17886e-06
-1.37736e-06
-1.56522e-06
-1.74382e-06
2.36833e-06
1.90437e-06
1.48269e-06
1.09798e-06
7.45693e-07
4.21603e-07
1.2206e-07
-1.55995e-07
-4.15149e-07
-6.57588e-07
-8.85227e-07
-1.09973e-06
-1.30261e-06
-1.4952e-06
-1.67881e-06
2.40133e-06
1.95351e-06
1.54316e-06
1.16606e-06
8.18341e-07
4.96415e-07
1.9718e-07
-8.19801e-08
-3.4331e-07
-5.88743e-07
-8.19998e-07
-1.03858e-06
-1.2459e-06
-1.44319e-06
-1.63168e-06
2.43134e-06
1.99656e-06
1.59521e-06
1.22393e-06
8.79442e-07
5.58707e-07
2.59102e-07
-2.1614e-08
-2.85395e-07
-5.33955e-07
-7.6884e-07
-9.91427e-07
-1.20301e-06
-1.40475e-06
-1.59783e-06
2.45723e-06
2.03323e-06
1.63921e-06
1.27253e-06
9.30419e-07
6.10307e-07
3.09992e-07
2.75562e-08
-2.38704e-07
-4.90308e-07
-7.2865e-07
-9.54987e-07
-1.17053e-06
-1.37635e-06
-1.57361e-06
2.47874e-06
2.06383e-06
1.67594e-06
1.31302e-06
9.72724e-07
6.52926e-07
3.51777e-07
6.76379e-08
-2.00975e-07
-4.55408e-07
-6.96917e-07
-9.26659e-07
-1.14576e-06
-1.35525e-06
-1.55622e-06
2.49611e-06
2.08899e-06
1.70633e-06
1.34657e-06
1.00774e-06
6.881e-07
3.86118e-07
1.00394e-07
-1.70362e-07
-4.27342e-07
-6.71681e-07
-9.04446e-07
-1.12669e-06
-1.3394e-06
-1.54362e-06
2.50982e-06
2.10948e-06
1.73135e-06
1.37429e-06
1.03669e-06
7.17155e-07
4.14405e-07
1.27259e-07
-1.454e-07
-4.04629e-07
-6.51455e-07
-8.86864e-07
-1.11185e-06
-1.32735e-06
-1.53438e-06
2.52047e-06
2.12606e-06
1.75189e-06
1.39719e-06
1.06066e-06
7.41199e-07
4.37771e-07
1.49377e-07
-1.24948e-07
-3.86138e-07
-6.35126e-07
-8.72827e-07
-1.10018e-06
-1.31809e-06
-1.52754e-06
2.52861e-06
2.13942e-06
1.76873e-06
1.41609e-06
1.0805e-06
7.61126e-07
4.57113e-07
1.67638e-07
-1.0813e-07
-3.71017e-07
-6.21874e-07
-8.6155e-07
-1.09094e-06
-1.31091e-06
-1.52243e-06
2.53474e-06
2.15013e-06
1.7825e-06
1.43167e-06
1.09692e-06
7.77625e-07
4.73115e-07
1.82711e-07
-9.42977e-08
-3.58645e-07
-6.11106e-07
-8.52474e-07
-1.0836e-06
-1.30533e-06
-1.51861e-06
2.5393e-06
2.15875e-06
1.7938e-06
1.44458e-06
1.11058e-06
7.91362e-07
4.86429e-07
1.95226e-07
-8.2853e-08
-3.48459e-07
-6.02301e-07
-8.45124e-07
-1.07774e-06
-1.30097e-06
-1.51575e-06
2.54277e-06
2.166e-06
1.80356e-06
1.45583e-06
1.12254e-06
8.03417e-07
4.98108e-07
2.06181e-07
-7.28726e-08
-3.39624e-07
-5.94722e-07
-8.38865e-07
-1.07282e-06
-1.2974e-06
-1.51354e-06
2.5455e-06
2.17242e-06
1.8124e-06
1.46614e-06
1.13355e-06
8.14532e-07
5.08875e-07
2.16264e-07
-6.37149e-08
-3.31555e-07
-5.87847e-07
-8.3324e-07
-1.06851e-06
-1.2944e-06
-1.51182e-06
-1.43874e-05
-1.20529e-05
-1.06124e-05
-9.64878e-06
-8.86991e-06
-8.25856e-06
-7.76468e-06
-7.35309e-06
-7.00073e-06
-6.69024e-06
-6.40865e-06
-6.1465e-06
-5.89767e-06
-5.65989e-06
-5.4361e-06
-5.23782e-06
-5.08584e-06
-5.02096e-06
-5.09981e-06
-5.40275e-06
-6.03885e-06
-7.09337e-06
-8.47768e-06
-9.87539e-06
-1.105e-05
-1.1892e-05
-1.2344e-05
-1.23811e-05
-1.19937e-05
-1.11816e-05
-9.95327e-06
-8.32817e-06
-6.33903e-06
-4.03216e-06
-1.46605e-06
1.29142e-06
4.16597e-06
7.07893e-06
9.9465e-06
1.26756e-05
1.51487e-05
1.72167e-05
1.85617e-05
1.89376e-05
1.7348e-05
-1.26699e-05
-1.14785e-05
-1.03947e-05
-9.53947e-06
-8.8089e-06
-8.21346e-06
-7.72464e-06
-7.31441e-06
-6.96221e-06
-6.65161e-06
-6.36998e-06
-6.10801e-06
-5.8597e-06
-5.62293e-06
-5.40084e-06
-5.20514e-06
-5.05666e-06
-4.99618e-06
-5.07966e-06
-5.38613e-06
-6.02352e-06
-7.07445e-06
-8.44991e-06
-9.83792e-06
-1.10045e-05
-1.1841e-05
-1.22897e-05
-1.23253e-05
-1.1938e-05
-1.11281e-05
-9.90525e-06
-8.29069e-06
-6.31906e-06
-4.03899e-06
-1.5118e-06
1.19082e-06
3.98906e-06
6.79564e-06
9.51263e-06
1.20221e-05
1.41599e-05
1.56774e-05
1.60979e-05
1.47169e-05
1.0553e-05
-1.17652e-05
-1.10266e-05
-1.01666e-05
-9.4082e-06
-8.73136e-06
-8.15831e-06
-7.67813e-06
-7.27089e-06
-6.91942e-06
-6.60889e-06
-6.32725e-06
-6.06546e-06
-5.81775e-06
-5.58218e-06
-5.36215e-06
-5.16958e-06
-5.02534e-06
-4.97021e-06
-5.05929e-06
-5.37001e-06
-6.00894e-06
-7.05547e-06
-8.42003e-06
-9.79585e-06
-1.09521e-05
-1.17812e-05
-1.22253e-05
-1.22587e-05
-1.18717e-05
-1.10656e-05
-9.85156e-06
-8.25286e-06
-6.30682e-06
-4.06519e-06
-1.59312e-06
1.03268e-06
3.72522e-06
6.38665e-06
8.90318e-06
1.11331e-05
1.28801e-05
1.38548e-05
1.3609e-05
1.16114e-05
7.6676e-06
-1.11727e-05
-1.06464e-05
-9.95728e-06
-9.27724e-06
-8.65278e-06
-8.10372e-06
-7.63299e-06
-7.22859e-06
-6.87727e-06
-6.56606e-06
-6.28372e-06
-6.0216e-06
-5.77416e-06
-5.53969e-06
-5.32183e-06
-5.1327e-06
-4.99319e-06
-4.94403e-06
-5.03937e-06
-5.35484e-06
-5.99553e-06
-7.03714e-06
-8.38919e-06
-9.75067e-06
-1.08941e-05
-1.17131e-05
-1.215e-05
-1.21789e-05
-1.17907e-05
-1.09877e-05
-9.78329e-06
-8.2038e-06
-6.28998e-06
-4.09765e-06
-1.69679e-06
8.2976e-07
3.38704e-06
5.86654e-06
8.14091e-06
1.00537e-05
1.14012e-05
1.19222e-05
1.12902e-05
9.23168e-06
5.91261e-06
-1.06992e-05
-1.03003e-05
-9.74533e-06
-9.15062e-06
-8.57667e-06
-8.05214e-06
-7.5914e-06
-7.18922e-06
-6.83701e-06
-6.52401e-06
-6.24e-06
-5.97686e-06
-5.72935e-06
-5.49597e-06
-5.28062e-06
-5.09557e-06
-4.96165e-06
-4.91944e-06
-5.02197e-06
-5.34272e-06
-5.98513e-06
-7.02061e-06
-8.35762e-06
-9.70191e-06
-1.08296e-05
-1.16361e-05
-1.20639e-05
-1.20873e-05
-1.16979e-05
-1.08997e-05
-9.70896e-06
-8.15543e-06
-6.28404e-06
-4.1553e-06
-1.84455e-06
5.59109e-07
2.95332e-06
5.22138e-06
7.22875e-06
8.81832e-06
9.80594e-06
9.99e-06
9.18293e-06
7.30535e-06
4.56507e-06
-1.02865e-05
-9.975e-06
-9.52377e-06
-9.01458e-06
-8.49559e-06
-8.00039e-06
-7.55285e-06
-7.15336e-06
-6.79992e-06
-6.48429e-06
-6.19767e-06
-5.93276e-06
-5.68479e-06
-5.45253e-06
-5.2401e-06
-5.05993e-06
-4.93267e-06
-4.89861e-06
-5.00943e-06
-5.33596e-06
-5.97981e-06
-7.0074e-06
-8.32597e-06
-9.64942e-06
-1.0758e-05
-1.15491e-05
-1.19658e-05
-1.1983e-05
-1.15933e-05
-1.08031e-05
-9.63186e-06
-8.11336e-06
-6.29716e-06
-4.24876e-06
-2.0488e-06
2.08132e-07
2.41443e-06
4.4498e-06
6.18121e-06
7.46473e-06
8.15238e-06
8.11203e-06
7.26434e-06
5.6412e-06
3.4516e-06
-9.89818e-06
-9.65227e-06
-9.29064e-06
-8.85776e-06
-8.39447e-06
-7.94073e-06
-7.51082e-06
-7.11828e-06
-6.76554e-06
-6.44771e-06
-6.15825e-06
-5.8912e-06
-5.64259e-06
-5.4116e-06
-5.20266e-06
-5.02831e-06
-4.90891e-06
-4.88431e-06
-5.00456e-06
-5.33728e-06
-5.98202e-06
-6.99936e-06
-8.29521e-06
-9.59334e-06
-1.06785e-05
-1.14507e-05
-1.18541e-05
-1.18644e-05
-1.14759e-05
-1.06977e-05
-9.55314e-06
-8.0805e-06
-6.33416e-06
-4.38443e-06
-2.31645e-06
-2.28498e-07
1.77012e-06
3.56149e-06
5.02281e-06
6.03346e-06
6.48753e-06
6.31412e-06
5.50375e-06
4.13502e-06
2.38801e-06
-9.51303e-06
-9.318e-06
-9.03002e-06
-8.6705e-06
-8.26947e-06
-7.85823e-06
-7.4558e-06
-7.07762e-06
-6.73013e-06
-6.4127e-06
-6.12178e-06
-5.85333e-06
-5.60463e-06
-5.37561e-06
-5.1711e-06
-5.00385e-06
-4.89375e-06
-4.88006e-06
-5.01097e-06
-5.35009e-06
-5.99474e-06
-6.99873e-06
-8.26649e-06
-9.5339e-06
-1.05905e-05
-1.13396e-05
-1.1727e-05
-1.17298e-05
-1.13446e-05
-1.05838e-05
-9.47481e-06
-8.06076e-06
-6.40062e-06
-4.56876e-06
-2.65325e-06
-7.53124e-07
1.02502e-06
2.57173e-06
3.78121e-06
4.5608e-06
4.84365e-06
4.60364e-06
3.86874e-06
2.7273e-06
1.32174e-06
-9.12053e-06
-8.96612e-06
-8.7381e-06
-8.44537e-06
-8.10643e-06
-7.74393e-06
-7.37733e-06
-7.02183e-06
-6.68654e-06
-6.37467e-06
-6.08592e-06
-5.81864e-06
-5.57182e-06
-5.34649e-06
-5.14815e-06
-4.98988e-06
-4.89094e-06
-4.88989e-06
-5.03273e-06
-5.37825e-06
-6.02131e-06
-7.00785e-06
-8.24083e-06
-9.47116e-06
-1.0493e-05
-1.12143e-05
-1.15828e-05
-1.1578e-05
-1.11992e-05
-1.04627e-05
-9.40014e-06
-8.05922e-06
-6.50285e-06
-4.80803e-06
-3.06326e-06
-1.36486e-06
1.87901e-07
1.49894e-06
2.48303e-06
3.07485e-06
3.23859e-06
2.97597e-06
2.33011e-06
1.38231e-06
2.41151e-07
-8.7144e-06
-8.59362e-06
-8.41474e-06
-8.18027e-06
-7.90015e-06
-7.58974e-06
-7.26521e-06
-6.94047e-06
-6.62566e-06
-6.32664e-06
-6.04603e-06
-5.78462e-06
-5.54348e-06
-5.32508e-06
-5.13582e-06
-4.9893e-06
-4.90404e-06
-4.91769e-06
-5.07385e-06
-5.42554e-06
-6.06492e-06
-7.02865e-06
-8.2187e-06
-9.40484e-06
-1.03845e-05
-1.10729e-05
-1.14199e-05
-1.14083e-05
-1.10405e-05
-1.03368e-05
-9.33341e-06
-8.08166e-06
-6.64709e-06
-5.10714e-06
-3.5478e-06
-2.05897e-06
-7.28786e-07
3.62888e-07
1.15157e-06
1.59511e-06
1.67928e-06
1.42033e-06
8.63464e-07
7.69085e-08
-8.57802e-07
-8.28979e-06
-8.19809e-06
-8.06033e-06
-7.87613e-06
-7.65002e-06
-7.39157e-06
-7.11274e-06
-6.82525e-06
-6.53892e-06
-6.26092e-06
-5.99595e-06
-5.747e-06
-5.51721e-06
-5.31065e-06
-5.13477e-06
-5.00384e-06
-4.93551e-06
-4.96635e-06
-5.13724e-06
-5.4947e-06
-6.12779e-06
-7.06182e-06
-8.19925e-06
-9.33416e-06
-1.02674e-05
-1.09136e-05
-1.12369e-05
-1.12203e-05
-1.08699e-05
-1.02097e-05
-9.2798e-06
-8.13405e-06
-6.8386e-06
-5.46872e-06
-4.10474e-06
-2.82698e-06
-1.71009e-06
-8.17146e-07
-1.94246e-07
1.33837e-07
1.65902e-07
-7.59683e-08
-5.50989e-07
-1.20476e-06
-1.97651e-06
-7.84299e-06
-7.77754e-06
-7.67529e-06
-7.53478e-06
-7.35751e-06
-7.14891e-06
-6.91714e-06
-6.67133e-06
-6.42013e-06
-6.17089e-06
-5.92953e-06
-5.70066e-06
-5.48924e-06
-5.30081e-06
-5.14388e-06
-5.03334e-06
-4.98593e-06
-5.03681e-06
-5.22362e-06
-5.58629e-06
-6.21017e-06
-7.10488e-06
-8.18031e-06
-9.25715e-06
-1.01319e-05
-1.07343e-05
-1.10329e-05
-1.10151e-05
-1.06902e-05
-1.0086e-05
-9.24493e-06
-8.22176e-06
-7.08073e-06
-5.89218e-06
-4.72804e-06
-3.657e-06
-2.73952e-06
-2.02325e-06
-1.53955e-06
-1.3014e-06
-1.30354e-06
-1.52409e-06
-1.92793e-06
-2.4732e-06
-3.11504e-06
-7.37196e-06
-7.33102e-06
-7.26042e-06
-7.15854e-06
-7.02536e-06
-6.86366e-06
-6.67867e-06
-6.47706e-06
-6.26594e-06
-6.05208e-06
-5.84184e-06
-5.64079e-06
-5.45524e-06
-5.29191e-06
-5.16024e-06
-5.07543e-06
-5.05331e-06
-5.12716e-06
-5.33054e-06
-5.69791e-06
-6.30828e-06
-7.15435e-06
-8.15953e-06
-9.16586e-06
-9.97843e-06
-1.05337e-05
-1.08083e-05
-1.07948e-05
-1.05056e-05
-9.97096e-06
-9.23413e-06
-8.34837e-06
-7.3736e-06
-6.3727e-06
-5.40737e-06
-4.5339e-06
-3.79933e-06
-3.23844e-06
-2.87185e-06
-2.70561e-06
-2.73207e-06
-2.93206e-06
-3.27588e-06
-3.7334e-06
-4.27159e-06
-6.87643e-06
-6.85894e-06
-6.81739e-06
-6.75037e-06
-6.65728e-06
-6.53937e-06
-6.39986e-06
-6.24343e-06
-6.0756e-06
-5.90226e-06
-5.72957e-06
-5.56344e-06
-5.41098e-06
-5.27962e-06
-5.17951e-06
-5.12555e-06
-5.13297e-06
-5.23226e-06
-5.45178e-06
-5.82401e-06
-6.41338e-06
-7.20781e-06
-8.13772e-06
-9.05184e-06
-9.79869e-06
-1.03095e-05
-1.05646e-05
-1.05633e-05
-1.03215e-05
-9.87012e-06
-9.25129e-06
-8.51448e-06
-7.71297e-06
-6.90054e-06
-6.12789e-06
-5.43938e-06
-4.87046e-06
-4.44587e-06
-4.17897e-06
-4.07196e-06
-4.11724e-06
-4.29929e-06
-4.59834e-06
-4.9861e-06
-5.44196e-06
-6.35758e-06
-6.36298e-06
-6.34877e-06
-6.31393e-06
-6.25774e-06
-6.18075e-06
-6.08488e-06
-5.97341e-06
-5.85056e-06
-5.7212e-06
-5.59093e-06
-5.46557e-06
-5.35238e-06
-5.2591e-06
-5.19601e-06
-5.17729e-06
-5.21737e-06
-5.34333e-06
-5.57891e-06
-5.95253e-06
-6.51414e-06
-7.2615e-06
-8.10161e-06
-8.91185e-06
-9.59073e-06
-1.00619e-05
-1.0305e-05
-1.03259e-05
-1.01435e-05
-9.7878e-06
-9.29756e-06
-8.71643e-06
-8.08959e-06
-7.46097e-06
-6.87062e-06
-6.35238e-06
-5.93229e-06
-5.6278e-06
-5.44766e-06
-5.39247e-06
-5.45578e-06
-5.62584e-06
-5.88727e-06
-6.22512e-06
-6.61824e-06
-5.81815e-06
-5.84626e-06
-5.85835e-06
-5.85376e-06
-5.83202e-06
-5.79339e-06
-5.73912e-06
-5.67156e-06
-5.59396e-06
-5.51031e-06
-5.42549e-06
-5.3449e-06
-5.27541e-06
-5.2247e-06
-5.20265e-06
-5.22223e-06
-5.29661e-06
-5.44848e-06
-5.69907e-06
-6.06868e-06
-6.59851e-06
-7.29145e-06
-8.03587e-06
-8.74838e-06
-9.35928e-06
-9.79511e-06
-1.00352e-05
-1.0089e-05
-9.97687e-06
-9.72614e-06
-9.37035e-06
-8.94594e-06
-8.48941e-06
-8.03513e-06
-7.61362e-06
-7.25001e-06
-6.96319e-06
-6.76554e-06
-6.66315e-06
-6.65635e-06
-6.74056e-06
-6.9075e-06
-7.14638e-06
-7.44512e-06
-7.79071e-06
-5.26294e-06
-5.31378e-06
-5.35147e-06
-5.37571e-06
-5.38632e-06
-5.38366e-06
-5.36877e-06
-5.34338e-06
-5.31004e-06
-5.27202e-06
-5.23354e-06
-5.19947e-06
-5.17575e-06
-5.16978e-06
-5.19047e-06
-5.24936e-06
-5.35811e-06
-5.53423e-06
-5.79542e-06
-6.15775e-06
-6.65096e-06
-7.27364e-06
-7.93481e-06
-8.56293e-06
-9.10741e-06
-9.51253e-06
-9.75948e-06
-9.85699e-06
-9.82369e-06
-9.68306e-06
-9.46228e-06
-9.19012e-06
-8.89467e-06
-8.6018e-06
-8.33401e-06
-8.10957e-06
-7.94214e-06
-7.84071e-06
-7.80987e-06
-7.85019e-06
-7.95884e-06
-8.13038e-06
-8.35753e-06
-8.63202e-06
-8.94499e-06
-4.70034e-06
-4.77354e-06
-4.83592e-06
-4.8875e-06
-4.92843e-06
-4.95926e-06
-4.98095e-06
-4.99496e-06
-5.0034e-06
-5.00898e-06
-5.01523e-06
-5.02641e-06
-5.04806e-06
-5.08639e-06
-5.14872e-06
-5.24466e-06
-5.38482e-06
-5.58224e-06
-5.84988e-06
-6.20034e-06
-6.65072e-06
-7.20384e-06
-7.7933e-06
-8.34858e-06
-8.8333e-06
-9.21533e-06
-9.4792e-06
-9.62936e-06
-9.68022e-06
-9.6503e-06
-9.56024e-06
-9.43148e-06
-9.2847e-06
-9.13867e-06
-9.00948e-06
-8.91018e-06
-8.85061e-06
-8.83748e-06
-8.87449e-06
-8.96263e-06
-9.10053e-06
-9.28501e-06
-9.51153e-06
-9.77477e-06
-1.00688e-05
-4.14032e-06
-4.2349e-06
-4.32056e-06
-4.39751e-06
-4.46624e-06
-4.52752e-06
-4.58234e-06
-4.63206e-06
-4.67846e-06
-4.72388e-06
-4.77125e-06
-4.82423e-06
-4.88723e-06
-4.96548e-06
-5.06506e-06
-5.19341e-06
-5.3586e-06
-5.57052e-06
-5.83987e-06
-6.17308e-06
-6.58631e-06
-7.07871e-06
-7.60275e-06
-8.09578e-06
-8.53494e-06
-8.90444e-06
-9.19259e-06
-9.39975e-06
-9.53499e-06
-9.61128e-06
-9.64317e-06
-9.64569e-06
-9.63336e-06
-9.61926e-06
-9.6146e-06
-9.62851e-06
-9.66805e-06
-9.73827e-06
-9.84227e-06
-9.98133e-06
-1.01551e-05
-1.03621e-05
-1.05998e-05
-1.08649e-05
-1.11537e-05
-3.60006e-06
-3.71407e-06
-3.82046e-06
-3.91975e-06
-4.01273e-06
-4.10036e-06
-4.18371e-06
-4.26407e-06
-4.343e-06
-4.42247e-06
-4.50491e-06
-4.59328e-06
-4.69106e-06
-4.80244e-06
-4.93221e-06
-5.08605e-06
-5.27034e-06
-5.49155e-06
-5.75717e-06
-6.0737e-06
-6.44924e-06
-6.88894e-06
-7.35701e-06
-7.80451e-06
-8.21484e-06
-8.58055e-06
-8.895e-06
-9.15696e-06
-9.3707e-06
-9.54368e-06
-9.6849e-06
-9.80403e-06
-9.91068e-06
-1.00136e-05
-1.01204e-05
-1.02373e-05
-1.03692e-05
-1.05198e-05
-1.06916e-05
-1.0886e-05
-1.11034e-05
-1.13431e-05
-1.16042e-05
-1.18848e-05
-1.21828e-05
-3.11812e-06
-3.24698e-06
-3.36962e-06
-3.48646e-06
-3.59837e-06
-3.70641e-06
-3.81168e-06
-3.91536e-06
-4.01885e-06
-4.12383e-06
-4.2323e-06
-4.34666e-06
-4.4697e-06
-4.60465e-06
-4.75531e-06
-4.92582e-06
-5.12114e-06
-5.34739e-06
-5.61027e-06
-5.91377e-06
-6.26305e-06
-6.66313e-06
-7.09106e-06
-7.50893e-06
-7.90467e-06
-8.27524e-06
-8.61653e-06
-8.9263e-06
-9.20541e-06
-9.45733e-06
-9.68715e-06
-9.9008e-06
-1.01043e-05
-1.0303e-05
-1.05019e-05
-1.0705e-05
-1.09157e-05
-1.11368e-05
-1.13702e-05
-1.16173e-05
-1.18787e-05
-1.21546e-05
-1.24446e-05
-1.2748e-05
-1.30636e-05
-2.749e-06
-2.88697e-06
-3.01987e-06
-3.14797e-06
-3.27208e-06
-3.39323e-06
-3.5125e-06
-3.63101e-06
-3.75002e-06
-3.87099e-06
-3.99563e-06
-4.12594e-06
-4.26423e-06
-4.41319e-06
-4.57579e-06
-4.75559e-06
-4.95667e-06
-5.18241e-06
-5.43877e-06
-5.73462e-06
-6.07012e-06
-6.4488e-06
-6.85297e-06
-7.25526e-06
-7.64557e-06
-8.02233e-06
-8.38307e-06
-8.72535e-06
-9.04847e-06
-9.35379e-06
-9.64424e-06
-9.92338e-06
-1.01949e-05
-1.04621e-05
-1.07282e-05
-1.09959e-05
-1.12676e-05
-1.15451e-05
-1.183e-05
-1.21232e-05
-1.24256e-05
-1.27374e-05
-1.30585e-05
-1.33887e-05
-1.37272e-05
-2.47246e-06
-2.61715e-06
-2.75731e-06
-2.89348e-06
-3.02627e-06
-3.15665e-06
-3.28566e-06
-3.41436e-06
-3.54394e-06
-3.67572e-06
-3.81127e-06
-3.95233e-06
-4.10094e-06
-4.25941e-06
-4.43031e-06
-4.61665e-06
-4.82197e-06
-5.0503e-06
-5.30712e-06
-5.59851e-06
-5.92003e-06
-6.28192e-06
-6.67087e-06
-7.06331e-06
-7.45053e-06
-7.83113e-06
-8.20311e-06
-8.56443e-06
-8.91424e-06
-9.25319e-06
-9.58293e-06
-9.90552e-06
-1.02231e-05
-1.05379e-05
-1.08517e-05
-1.11663e-05
-1.14833e-05
-1.18039e-05
-1.21291e-05
-1.24598e-05
-1.27966e-05
-1.31395e-05
-1.34887e-05
-1.38439e-05
-1.42048e-05
-2.26627e-06
-2.41721e-06
-2.56354e-06
-2.70601e-06
-2.84546e-06
-2.98286e-06
-3.11919e-06
-3.25549e-06
-3.3929e-06
-3.53268e-06
-3.67628e-06
-3.82532e-06
-3.98162e-06
-4.14723e-06
-4.32453e-06
-4.51621e-06
-4.72532e-06
-4.9552e-06
-5.20953e-06
-5.49052e-06
-5.80809e-06
-6.16075e-06
-6.53975e-06
-6.92484e-06
-7.30867e-06
-7.68996e-06
-8.06715e-06
-8.4389e-06
-8.80465e-06
-9.16468e-06
-9.51981e-06
-9.87116e-06
-1.02199e-05
-1.05674e-05
-1.09147e-05
-1.12628e-05
-1.16128e-05
-1.19655e-05
-1.23216e-05
-1.26815e-05
-1.30456e-05
-1.34139e-05
-1.37865e-05
-1.41633e-05
-1.45438e-05
-2.1128e-06
-2.2689e-06
-2.42053e-06
-2.56852e-06
-2.71376e-06
-2.85719e-06
-2.99977e-06
-3.14251e-06
-3.28651e-06
-3.43299e-06
-3.58331e-06
-3.73899e-06
-3.90171e-06
-4.07337e-06
-4.25609e-06
-4.45222e-06
-4.66437e-06
-4.89553e-06
-5.14901e-06
-5.4283e-06
-5.73876e-06
-6.08357e-06
-6.45383e-06
-6.83161e-06
-7.21063e-06
-7.58986e-06
-7.96822e-06
-8.3449e-06
-8.7195e-06
-9.09206e-06
-9.46294e-06
-9.83267e-06
-1.02019e-05
-1.05713e-05
-1.09414e-05
-1.13131e-05
-1.16867e-05
-1.20628e-05
-1.24418e-05
-1.28238e-05
-1.3209e-05
-1.35975e-05
-1.39891e-05
-1.43836e-05
-1.47807e-05
-1.99876e-06
-2.15991e-06
-2.31675e-06
-2.47009e-06
-2.62084e-06
-2.76992e-06
-2.91827e-06
-3.06687e-06
-3.21682e-06
-3.36929e-06
-3.52558e-06
-3.68712e-06
-3.85549e-06
-4.03241e-06
-4.2198e-06
-4.41979e-06
-4.63479e-06
-4.86748e-06
-5.12082e-06
-5.39812e-06
-5.70368e-06
-6.04134e-06
-6.40296e-06
-6.77294e-06
-7.14595e-06
-7.52127e-06
-7.89812e-06
-8.27598e-06
-8.65454e-06
-9.03374e-06
-9.41367e-06
-9.79453e-06
-1.01766e-05
-1.05603e-05
-1.09458e-05
-1.13336e-05
-1.17238e-05
-1.21167e-05
-1.25125e-05
-1.2911e-05
-1.33125e-05
-1.37166e-05
-1.41232e-05
-1.4532e-05
-1.49426e-05
-1.91533e-06
-2.08161e-06
-2.24361e-06
-2.40218e-06
-2.55823e-06
-2.71266e-06
-2.86641e-06
-3.02044e-06
-3.17584e-06
-3.33374e-06
-3.49541e-06
-3.66219e-06
-3.83554e-06
-4.01709e-06
-4.20858e-06
-4.41199e-06
-4.62948e-06
-4.86353e-06
-5.11667e-06
-5.39203e-06
-5.69328e-06
-6.02394e-06
-6.37689e-06
-6.73877e-06
-7.10512e-06
-7.47536e-06
-7.84892e-06
-8.22544e-06
-8.6047e-06
-8.98659e-06
-9.37107e-06
-9.75818e-06
-1.0148e-05
-1.05407e-05
-1.09363e-05
-1.13349e-05
-1.17366e-05
-1.21414e-05
-1.25493e-05
-1.29602e-05
-1.33738e-05
-1.379e-05
-1.42084e-05
-1.46286e-05
-1.50501e-05
-1.85542e-06
-2.02675e-06
-2.19377e-06
-2.35737e-06
-2.51844e-06
-2.67787e-06
-2.83661e-06
-2.99562e-06
-3.15596e-06
-3.31876e-06
-3.48521e-06
-3.65661e-06
-3.83435e-06
-4.01993e-06
-4.21498e-06
-4.42124e-06
-4.64053e-06
-4.87578e-06
-5.12847e-06
-5.40174e-06
-5.69874e-06
-6.02253e-06
-6.36698e-06
-6.72077e-06
-7.08016e-06
-7.44464e-06
-7.8138e-06
-8.18741e-06
-8.56531e-06
-8.94738e-06
-9.33353e-06
-9.72369e-06
-1.01178e-05
-1.05159e-05
-1.09179e-05
-1.13237e-05
-1.17333e-05
-1.21466e-05
-1.25633e-05
-1.29832e-05
-1.34061e-05
-1.38316e-05
-1.42592e-05
-1.46886e-05
-1.51191e-05
-1.8132e-06
-1.98934e-06
-2.16111e-06
-2.32939e-06
-2.4951e-06
-2.65911e-06
-2.82236e-06
-2.98583e-06
-3.15057e-06
-3.31767e-06
-3.48831e-06
-3.66371e-06
-3.8452e-06
-4.03418e-06
-4.23219e-06
-4.44081e-06
-4.66232e-06
-4.89742e-06
-5.14932e-06
-5.4203e-06
-5.71306e-06
-6.0302e-06
-6.36645e-06
-6.71237e-06
-7.06478e-06
-7.42323e-06
-7.78745e-06
-8.15731e-06
-8.53269e-06
-8.91348e-06
-9.29954e-06
-9.69075e-06
-1.0087e-05
-1.04882e-05
-1.08941e-05
-1.13047e-05
-1.17198e-05
-1.2139e-05
-1.25622e-05
-1.2989e-05
-1.3419e-05
-1.38518e-05
-1.42869e-05
-1.47237e-05
-1.51617e-05
-1.78392e-06
-1.96452e-06
-2.14063e-06
-2.31316e-06
-2.48302e-06
-2.6511e-06
-2.81833e-06
-2.98571e-06
-3.15426e-06
-3.32507e-06
-3.49927e-06
-3.67804e-06
-3.86266e-06
-4.05445e-06
-4.25478e-06
-4.46511e-06
-4.68773e-06
-4.9232e-06
-5.174e-06
-5.44257e-06
-5.73116e-06
-6.04194e-06
-6.37044e-06
-6.70888e-06
-7.05454e-06
-7.40703e-06
-7.7662e-06
-8.132e-06
-8.50432e-06
-8.88305e-06
-9.26804e-06
-9.65915e-06
-1.00562e-05
-1.04591e-05
-1.08675e-05
-1.12813e-05
-1.17002e-05
-1.21238e-05
-1.25519e-05
-1.29839e-05
-1.34196e-05
-1.38583e-05
-1.42995e-05
-1.47427e-05
-1.51871e-05
-1.76384e-06
-1.94843e-06
-2.12841e-06
-2.30471e-06
-2.4782e-06
-2.64981e-06
-2.82048e-06
-2.99119e-06
-3.16299e-06
-3.33692e-06
-3.51411e-06
-3.69569e-06
-3.88287e-06
-4.07691e-06
-4.27909e-06
-4.49099e-06
-4.71428e-06
-4.94963e-06
-5.19904e-06
-5.46518e-06
-5.74977e-06
-6.05456e-06
-6.37586e-06
-6.70734e-06
-7.04664e-06
-7.39347e-06
-7.74777e-06
-8.10953e-06
-8.47865e-06
-8.85501e-06
-9.23848e-06
-9.62888e-06
-1.0026e-05
-1.04297e-05
-1.08397e-05
-1.12557e-05
-1.16773e-05
-1.21043e-05
-1.25362e-05
-1.29726e-05
-1.34129e-05
-1.38565e-05
-1.4303e-05
-1.47516e-05
-1.52016e-05
-1.75011e-06
-1.93821e-06
-2.12158e-06
-2.30112e-06
-2.47773e-06
-2.65235e-06
-2.82594e-06
-2.99947e-06
-3.17399e-06
-3.35053e-06
-3.53018e-06
-3.71406e-06
-3.90333e-06
-4.09916e-06
-4.30272e-06
-4.51575e-06
-4.73974e-06
-4.97433e-06
-5.22239e-06
-5.48624e-06
-5.76704e-06
-6.06628e-06
-6.38097e-06
-6.70606e-06
-7.03952e-06
-7.38113e-06
-7.73089e-06
-8.08881e-06
-8.45481e-06
-8.82878e-06
-9.21057e-06
-9.60001e-06
-9.99688e-06
-1.0401e-05
-1.08119e-05
-1.12295e-05
-1.16534e-05
-1.2083e-05
-1.2518e-05
-1.29579e-05
-1.34022e-05
-1.38501e-05
-1.43011e-05
-1.47545e-05
-1.52095e-05
-1.74069e-06
-1.93184e-06
-2.11811e-06
-2.30042e-06
-2.47968e-06
-2.65685e-06
-2.83287e-06
-3.00876e-06
-3.18554e-06
-3.36423e-06
-3.54592e-06
-3.73168e-06
-3.92263e-06
-4.11987e-06
-4.32451e-06
-4.5388e-06
-4.76258e-06
-4.99629e-06
-5.24325e-06
-5.50486e-06
-5.78212e-06
-6.07627e-06
-6.38498e-06
-6.70427e-06
-7.03243e-06
-7.36929e-06
-7.71492e-06
-8.06931e-06
-8.4324e-06
-8.80409e-06
-9.18423e-06
-9.57264e-06
-9.96909e-06
-1.03733e-05
-1.0785e-05
-1.12039e-05
-1.16295e-05
-1.20613e-05
-1.2499e-05
-1.2942e-05
-1.33897e-05
-1.38414e-05
-1.42965e-05
-1.47542e-05
-1.52137e-05
-1.7342e-06
-1.92796e-06
-2.1167e-06
-2.30135e-06
-2.48284e-06
-2.66213e-06
-2.84019e-06
-3.01804e-06
-3.19668e-06
-3.37715e-06
-3.56049e-06
-3.74779e-06
-3.94009e-06
-4.13849e-06
-4.34417e-06
-4.55896e-06
-4.78229e-06
-5.01556e-06
-5.26138e-06
-5.52081e-06
-5.79479e-06
-6.08431e-06
-6.38762e-06
-6.7017e-06
-7.02508e-06
-7.35768e-06
-7.69959e-06
-8.0508e-06
-8.41125e-06
-8.78086e-06
-9.15946e-06
-9.54687e-06
-9.94287e-06
-1.03472e-05
-1.07594e-05
-1.11793e-05
-1.16064e-05
-1.20402e-05
-1.24803e-05
-1.2926e-05
-1.33767e-05
-1.38318e-05
-1.42905e-05
-1.47521e-05
-1.52157e-05
-1.7297e-06
-1.92569e-06
-2.11651e-06
-2.30314e-06
-2.48649e-06
-2.66755e-06
-2.84731e-06
-3.02677e-06
-3.20695e-06
-3.38887e-06
-3.57358e-06
-3.76212e-06
-3.95553e-06
-4.15486e-06
-4.36141e-06
-4.57618e-06
-4.79928e-06
-5.03217e-06
-5.27683e-06
-5.53418e-06
-5.80517e-06
-6.0905e-06
-6.38895e-06
-6.69835e-06
-7.01747e-06
-7.34627e-06
-7.68486e-06
-8.03322e-06
-8.39131e-06
-8.75904e-06
-9.13626e-06
-9.52277e-06
-9.91834e-06
-1.03227e-05
-1.07354e-05
-1.11562e-05
-1.15847e-05
-1.20202e-05
-1.24623e-05
-1.29105e-05
-1.3364e-05
-1.38221e-05
-1.42841e-05
-1.47492e-05
-1.52166e-05
-1.7266e-06
-1.92446e-06
-2.11705e-06
-2.30533e-06
-2.49024e-06
-2.67277e-06
-2.85393e-06
-3.03472e-06
-3.21617e-06
-3.3993e-06
-3.58512e-06
-3.77467e-06
-3.96896e-06
-4.16904e-06
-4.37614e-06
-4.59097e-06
-4.81384e-06
-5.04627e-06
-5.2898e-06
-5.54525e-06
-5.81351e-06
-6.09507e-06
-6.38917e-06
-6.69439e-06
-7.00972e-06
-7.33515e-06
-7.67078e-06
-8.01662e-06
-8.37262e-06
-8.73869e-06
-9.11468e-06
-9.5004e-06
-9.89559e-06
-1.03e-05
-1.07131e-05
-1.11348e-05
-1.15644e-05
-1.20015e-05
-1.24455e-05
-1.28959e-05
-1.33518e-05
-1.38127e-05
-1.42778e-05
-1.47461e-05
-1.52168e-05
-1.72448e-06
-1.92394e-06
-2.11801e-06
-2.30766e-06
-2.49386e-06
-2.67762e-06
-2.85993e-06
-3.04183e-06
-3.22431e-06
-3.40842e-06
-3.59515e-06
-3.78552e-06
-3.98053e-06
-4.18118e-06
-4.38864e-06
-4.60353e-06
-4.82622e-06
-5.0581e-06
-5.30059e-06
-5.55433e-06
-5.82012e-06
-6.0983e-06
-6.38853e-06
-6.69004e-06
-7.00201e-06
-7.32446e-06
-7.65749e-06
-8.00111e-06
-8.35527e-06
-8.71989e-06
-9.09481e-06
-9.47983e-06
-9.8747e-06
-1.02791e-05
-1.06927e-05
-1.11151e-05
-1.15458e-05
-1.19843e-05
-1.243e-05
-1.28824e-05
-1.33406e-05
-1.3804e-05
-1.42717e-05
-1.47429e-05
-1.52167e-05
-1.72308e-06
-1.92389e-06
-2.11921e-06
-2.31002e-06
-2.4973e-06
-2.68207e-06
-2.86534e-06
-3.04814e-06
-3.23148e-06
-3.41639e-06
-3.60386e-06
-3.79491e-06
-3.99049e-06
-4.19159e-06
-4.39932e-06
-4.61421e-06
-4.8367e-06
-5.06804e-06
-5.30953e-06
-5.56173e-06
-5.82533e-06
-6.10049e-06
-6.38724e-06
-6.68544e-06
-6.99443e-06
-7.31425e-06
-7.64498e-06
-7.98663e-06
-8.33918e-06
-8.70252e-06
-9.07651e-06
-9.46093e-06
-9.85554e-06
-1.026e-05
-1.0674e-05
-1.10971e-05
-1.15288e-05
-1.19686e-05
-1.24158e-05
-1.287e-05
-1.33302e-05
-1.37959e-05
-1.4266e-05
-1.47399e-05
-1.52164e-05
-1.72218e-06
-1.92422e-06
-2.12065e-06
-2.31248e-06
-2.50071e-06
-2.68637e-06
-2.87047e-06
-3.05405e-06
-3.23813e-06
-3.42373e-06
-3.61185e-06
-3.80346e-06
-3.99952e-06
-4.20101e-06
-4.40895e-06
-4.6238e-06
-4.84604e-06
-5.07685e-06
-5.31737e-06
-5.56808e-06
-5.82956e-06
-6.10189e-06
-6.38536e-06
-6.68044e-06
-6.98665e-06
-7.30399e-06
-7.63257e-06
-7.9724e-06
-8.32344e-06
-8.68559e-06
-9.05872e-06
-9.4426e-06
-9.83698e-06
-1.02415e-05
-1.06559e-05
-1.10797e-05
-1.15123e-05
-1.19533e-05
-1.24021e-05
-1.28579e-05
-1.33201e-05
-1.37879e-05
-1.42605e-05
-1.47368e-05
-1.5216e-05
-1.72165e-06
-1.92476e-06
-2.12219e-06
-2.31496e-06
-2.50407e-06
-2.69056e-06
-2.87545e-06
-3.05977e-06
-3.24455e-06
-3.43079e-06
-3.61949e-06
-3.81162e-06
-4.00811e-06
-4.20993e-06
-4.41804e-06
-4.63283e-06
-4.85476e-06
-5.085e-06
-5.32456e-06
-5.57381e-06
-5.83323e-06
-6.10272e-06
-6.38299e-06
-6.67502e-06
-6.97852e-06
-7.29346e-06
-7.61994e-06
-7.95799e-06
-8.30756e-06
-8.66857e-06
-9.04086e-06
-9.42422e-06
-9.81839e-06
-1.0223e-05
-1.06378e-05
-1.10622e-05
-1.14958e-05
-1.19381e-05
-1.23883e-05
-1.28459e-05
-1.331e-05
-1.378e-05
-1.42549e-05
-1.47338e-05
-1.52156e-05
-2.38931e-08
-6.4603e-06
-8.08188e-06
-9.05831e-06
-1.00873e-05
-1.11637e-05
-1.22823e-05
-1.3441e-05
-1.46393e-05
-1.5881e-05
-1.71735e-05
-1.85285e-05
-1.99655e-05
-2.15144e-05
-2.32208e-05
1.25758e-06
-4.26678e-06
-6.77939e-06
-8.37086e-06
-9.71427e-06
-1.09491e-05
-1.21532e-05
-1.33618e-05
-1.45904e-05
-1.58508e-05
-1.71545e-05
-1.85159e-05
-1.99557e-05
-2.15047e-05
-2.32088e-05
1.86748e-06
-2.94914e-06
-5.84775e-06
-7.80046e-06
-9.37228e-06
-1.07453e-05
-1.20303e-05
-1.32871e-05
-1.45451e-05
-1.58234e-05
-1.71377e-05
-1.85047e-05
-1.99466e-05
-2.14951e-05
-2.3196e-05
1.79373e-06
-2.24553e-06
-5.18269e-06
-7.33409e-06
-9.06633e-06
-1.05559e-05
-1.19163e-05
-1.32195e-05
-1.45057e-05
-1.58008e-05
-1.71244e-05
-1.8496e-05
-1.9939e-05
-2.14859e-05
-2.31828e-05
1.41255e-06
-1.80037e-06
-4.61588e-06
-6.88008e-06
-8.74508e-06
-1.03474e-05
-1.17888e-05
-1.31446e-05
-1.44633e-05
-1.57774e-05
-1.71115e-05
-1.84877e-05
-1.99313e-05
-2.14759e-05
-2.31678e-05
9.83187e-07
-1.63729e-06
-4.19144e-06
-6.45055e-06
-8.40095e-06
-1.01038e-05
-1.16305e-05
-1.30478e-05
-1.4407e-05
-1.57459e-05
-1.70938e-05
-1.84764e-05
-1.99214e-05
-2.14635e-05
-2.31495e-05
4.33702e-07
-1.71152e-06
-3.9539e-06
-6.10283e-06
-8.0665e-06
-9.83464e-06
-1.14369e-05
-1.29189e-05
-1.4326e-05
-1.56971e-05
-1.70644e-05
-1.84571e-05
-1.99053e-05
-2.14456e-05
-2.31255e-05
-2.44067e-07
-2.00101e-06
-3.92823e-06
-5.89456e-06
-7.79425e-06
-9.57338e-06
-1.12223e-05
-1.27592e-05
-1.4215e-05
-1.56231e-05
-1.70155e-05
-1.84229e-05
-1.98777e-05
-2.1418e-05
-2.30922e-05
-1.02855e-06
-2.47388e-06
-4.11085e-06
-5.86007e-06
-7.63411e-06
-9.36544e-06
-1.10182e-05
-1.25854e-05
-1.40793e-05
-1.55225e-05
-1.69423e-05
-1.83681e-05
-1.98328e-05
-2.13754e-05
-2.30447e-05
-1.89895e-06
-3.09556e-06
-4.47922e-06
-6.00698e-06
-7.6184e-06
-9.25248e-06
-1.08632e-05
-1.24262e-05
-1.39364e-05
-1.54035e-05
-1.68466e-05
-1.82906e-05
-1.97666e-05
-2.1313e-05
-2.29781e-05
-2.8385e-06
-3.83576e-06
-5.00438e-06
-6.32426e-06
-7.75886e-06
-9.26239e-06
-1.07912e-05
-1.23131e-05
-1.38112e-05
-1.52829e-05
-1.67379e-05
-1.81944e-05
-1.96793e-05
-2.12285e-05
-2.28884e-05
-3.8346e-06
-4.67091e-06
-5.6592e-06
-6.79268e-06
-8.05219e-06
-9.40808e-06
-1.08259e-05
-1.22741e-05
-1.37298e-05
-1.5182e-05
-1.66314e-05
-1.80889e-05
-1.95757e-05
-2.11232e-05
-2.27743e-05
-4.87717e-06
-5.58293e-06
-6.42095e-06
-7.39167e-06
-8.48728e-06
-9.69135e-06
-1.09807e-05
-1.23297e-05
-1.37156e-05
-1.51229e-05
-1.65457e-05
-1.7988e-05
-1.94647e-05
-2.1002e-05
-2.2637e-05
-5.95646e-06
-6.55649e-06
-7.27014e-06
-8.10152e-06
-9.04947e-06
-1.0107e-05
-1.12609e-05
-1.2494e-05
-1.37877e-05
-1.51261e-05
-1.64999e-05
-1.7908e-05
-1.9359e-05
-2.08732e-05
-2.24812e-05
-7.06114e-06
-7.57662e-06
-8.18874e-06
-8.90312e-06
-9.72215e-06
-1.06447e-05
-1.16655e-05
-1.27749e-05
-1.39607e-05
-1.521e-05
-1.65135e-05
-1.78667e-05
-1.92736e-05
-2.07484e-05
-2.23142e-05
-8.17906e-06
-8.62845e-06
-9.15934e-06
-9.77769e-06
-1.04875e-05
-1.12909e-05
-1.21875e-05
-1.3174e-05
-1.42442e-05
-1.53902e-05
-1.66046e-05
-1.78829e-05
-1.92254e-05
-2.06418e-05
-2.21473e-05
-9.29416e-06
-9.69475e-06
-1.01633e-05
-1.07055e-05
-1.1326e-05
-1.20284e-05
-1.2815e-05
-1.36867e-05
-1.46418e-05
-1.56773e-05
-1.6789e-05
-1.79745e-05
-1.92332e-05
-2.05697e-05
-2.19948e-05
-1.03928e-05
-1.07595e-05
-1.11826e-05
-1.16671e-05
-1.2217e-05
-1.28368e-05
-1.35303e-05
-1.43008e-05
-1.51488e-05
-1.60741e-05
-1.70766e-05
-1.81564e-05
-1.9314e-05
-2.05508e-05
-2.18726e-05
-1.14666e-05
-1.18142e-05
-1.22077e-05
-1.2651e-05
-1.31475e-05
-1.37009e-05
-1.43156e-05
-1.50011e-05
-1.57536e-05
-1.65749e-05
-1.74683e-05
-1.84361e-05
-1.94798e-05
-2.06007e-05
-2.17991e-05
-1.24992e-05
-1.28431e-05
-1.32235e-05
-1.36436e-05
-1.41068e-05
-1.46164e-05
-1.51752e-05
-1.57817e-05
-1.64458e-05
-1.71714e-05
-1.79608e-05
-1.88159e-05
-1.97388e-05
-2.07307e-05
-2.17918e-05
-1.33931e-05
-1.37444e-05
-1.41241e-05
-1.45346e-05
-1.49781e-05
-1.54568e-05
-1.59729e-05
-1.6529e-05
-1.71306e-05
-1.77817e-05
-1.84859e-05
-1.92424e-05
-2.00535e-05
-2.0922e-05
-2.18472e-05
-1.40761e-05
-1.44421e-05
-1.48302e-05
-1.5242e-05
-1.56792e-05
-1.61437e-05
-1.66377e-05
-1.71637e-05
-1.77238e-05
-1.83209e-05
-1.89608e-05
-1.96409e-05
-2.03635e-05
-2.11302e-05
-2.19411e-05
-1.45734e-05
-1.49552e-05
-1.53543e-05
-1.57718e-05
-1.62091e-05
-1.66677e-05
-1.71492e-05
-1.76556e-05
-1.81882e-05
-1.87494e-05
-1.93366e-05
-1.99577e-05
-2.06125e-05
-2.13009e-05
-2.20235e-05
-1.49299e-05
-1.53264e-05
-1.57365e-05
-1.61609e-05
-1.66005e-05
-1.70565e-05
-1.75298e-05
-1.80214e-05
-1.85325e-05
-1.90641e-05
-1.96186e-05
-2.01972e-05
-2.08008e-05
-2.14299e-05
-2.20851e-05
-1.51818e-05
-1.5591e-05
-1.60109e-05
-1.64419e-05
-1.68846e-05
-1.73396e-05
-1.78075e-05
-1.82891e-05
-1.87855e-05
-1.92978e-05
-1.98256e-05
-2.03716e-05
-2.09363e-05
-2.152e-05
-2.21234e-05
-1.53562e-05
-1.57762e-05
-1.62045e-05
-1.66413e-05
-1.70871e-05
-1.7542e-05
-1.80067e-05
-1.84813e-05
-1.89668e-05
-1.94632e-05
-1.99718e-05
-2.04932e-05
-2.10281e-05
-2.1577e-05
-2.21404e-05
-1.5474e-05
-1.59029e-05
-1.63384e-05
-1.67804e-05
-1.72291e-05
-1.76846e-05
-1.8147e-05
-1.86165e-05
-1.90935e-05
-1.95791e-05
-2.00727e-05
-2.05752e-05
-2.10872e-05
-2.16092e-05
-2.21414e-05
-1.55515e-05
-1.5988e-05
-1.64295e-05
-1.68761e-05
-1.73277e-05
-1.77842e-05
-1.82455e-05
-1.87119e-05
-1.91831e-05
-1.96599e-05
-2.01419e-05
-2.06299e-05
-2.11241e-05
-2.1625e-05
-2.21328e-05
-1.56014e-05
-1.60443e-05
-1.64913e-05
-1.69421e-05
-1.73965e-05
-1.78544e-05
-1.83155e-05
-1.87795e-05
-1.92467e-05
-1.9717e-05
-2.01903e-05
-2.0667e-05
-2.11473e-05
-2.16316e-05
-2.21198e-05
-1.5633e-05
-1.60816e-05
-1.65335e-05
-1.69883e-05
-1.74456e-05
-1.79051e-05
-1.83666e-05
-1.88293e-05
-1.92935e-05
-1.9759e-05
-2.02257e-05
-2.06936e-05
-2.11629e-05
-2.16337e-05
-2.21061e-05
-1.56531e-05
-1.61069e-05
-1.65632e-05
-1.70217e-05
-1.74819e-05
-1.79432e-05
-1.84051e-05
-1.88675e-05
-1.93298e-05
-1.97918e-05
-2.02533e-05
-2.07143e-05
-2.11746e-05
-2.16344e-05
-2.20937e-05
-1.5666e-05
-1.61245e-05
-1.65851e-05
-1.70471e-05
-1.75101e-05
-1.79733e-05
-1.84363e-05
-1.88985e-05
-1.93595e-05
-1.98189e-05
-2.02763e-05
-2.07317e-05
-2.11847e-05
-2.16354e-05
-2.20835e-05
-1.56747e-05
-1.61376e-05
-1.6602e-05
-1.70674e-05
-1.75331e-05
-1.79983e-05
-1.84624e-05
-1.89248e-05
-1.9385e-05
-1.98424e-05
-2.02966e-05
-2.07473e-05
-2.11942e-05
-2.16372e-05
-2.20759e-05
-1.56809e-05
-1.61477e-05
-1.66157e-05
-1.70842e-05
-1.75525e-05
-1.80197e-05
-1.84851e-05
-1.89479e-05
-1.94076e-05
-1.98635e-05
-2.03151e-05
-2.0762e-05
-2.12037e-05
-2.16401e-05
-2.20707e-05
-1.56856e-05
-1.6156e-05
-1.66273e-05
-1.70988e-05
-1.75695e-05
-1.80386e-05
-1.85052e-05
-1.89686e-05
-1.9428e-05
-1.98828e-05
-2.03322e-05
-2.07758e-05
-2.12131e-05
-2.16439e-05
-2.20674e-05
-1.56893e-05
-1.6163e-05
-1.66374e-05
-1.71116e-05
-1.75846e-05
-1.80554e-05
-1.85233e-05
-1.89873e-05
-1.94466e-05
-1.99005e-05
-2.03481e-05
-2.0789e-05
-2.12225e-05
-2.16483e-05
-2.20658e-05
-1.56923e-05
-1.61691e-05
-1.66463e-05
-1.71229e-05
-1.7598e-05
-1.80706e-05
-1.85396e-05
-1.90043e-05
-1.94636e-05
-1.99167e-05
-2.03629e-05
-2.08014e-05
-2.12317e-05
-2.16532e-05
-2.20653e-05
-1.56949e-05
-1.61744e-05
-1.66541e-05
-1.7133e-05
-1.76101e-05
-1.80842e-05
-1.85544e-05
-1.90197e-05
-1.9479e-05
-1.99316e-05
-2.03765e-05
-2.08131e-05
-2.12405e-05
-2.16584e-05
-2.20658e-05
-1.56973e-05
-1.61794e-05
-1.66616e-05
-1.71427e-05
-1.76216e-05
-1.80972e-05
-1.85686e-05
-1.90345e-05
-1.94939e-05
-1.9946e-05
-2.03899e-05
-2.08247e-05
-2.12495e-05
-2.1664e-05
-2.2067e-05
-1.56995e-05
-1.61843e-05
-1.66689e-05
-1.71521e-05
-1.7633e-05
-1.81102e-05
-1.85827e-05
-1.90493e-05
-1.95089e-05
-1.99606e-05
-2.04034e-05
-2.08364e-05
-2.12588e-05
-2.16699e-05
-2.20688e-05
-6.6871e-06
-6.68467e-06
-6.69047e-06
-6.70343e-06
-6.72274e-06
-6.74813e-06
-6.77938e-06
-6.81552e-06
-6.85703e-06
-6.90412e-06
-6.95696e-06
-7.01579e-06
-7.08079e-06
-7.1521e-06
-7.2297e-06
-7.31345e-06
-7.40301e-06
-7.49779e-06
-7.59667e-06
-7.69792e-06
-7.79901e-06
-7.89659e-06
-7.98372e-06
-8.05189e-06
-8.0945e-06
-8.10558e-06
-8.07973e-06
-8.01315e-06
-7.90477e-06
-7.75715e-06
-7.57184e-06
-7.35474e-06
-7.12248e-06
-6.89223e-06
-6.68055e-06
-6.50265e-06
-6.37233e-06
-6.29825e-06
-6.28145e-06
-6.31493e-06
-6.38433e-06
-6.47062e-06
-6.56066e-06
-6.62112e-06
-6.64413e-06
-6.68063e-06
-6.67867e-06
-6.68325e-06
-6.69327e-06
-6.70804e-06
-6.72725e-06
-6.75088e-06
-6.77966e-06
-6.8132e-06
-6.85167e-06
-6.89532e-06
-6.94445e-06
-6.99937e-06
-7.06044e-06
-7.12793e-06
-7.20207e-06
-7.28288e-06
-7.37012e-06
-7.46322e-06
-7.56098e-06
-7.66134e-06
-7.76104e-06
-7.85226e-06
-7.92589e-06
-7.9756e-06
-7.99585e-06
-7.98173e-06
-7.92978e-06
-7.83865e-06
-7.70929e-06
-7.54588e-06
-7.3597e-06
-7.16272e-06
-6.96639e-06
-6.78567e-06
-6.63633e-06
-6.52985e-06
-6.47175e-06
-6.46079e-06
-6.48913e-06
-6.54406e-06
-6.61074e-06
-6.67521e-06
-6.72523e-06
-6.75503e-06
-6.65731e-06
-6.65752e-06
-6.66264e-06
-6.67213e-06
-6.68536e-06
-6.70248e-06
-6.72345e-06
-6.74847e-06
-6.7777e-06
-6.81141e-06
-6.84994e-06
-6.89366e-06
-6.94301e-06
-6.99851e-06
-7.06073e-06
-7.1303e-06
-7.20787e-06
-7.29409e-06
-7.38949e-06
-7.49427e-06
-7.60808e-06
-7.72922e-06
-7.84932e-06
-7.95643e-06
-8.04158e-06
-8.09672e-06
-8.11439e-06
-8.08909e-06
-8.01809e-06
-7.90203e-06
-7.7447e-06
-7.55633e-06
-7.35002e-06
-7.1412e-06
-6.94672e-06
-6.78282e-06
-6.66229e-06
-6.59221e-06
-6.57253e-06
-6.5962e-06
-6.65084e-06
-6.72139e-06
-6.79334e-06
-6.85724e-06
-6.91144e-06
-6.62365e-06
-6.62696e-06
-6.63319e-06
-6.64233e-06
-6.6544e-06
-6.66949e-06
-6.68772e-06
-6.70934e-06
-6.73466e-06
-6.76407e-06
-6.79803e-06
-6.83709e-06
-6.8819e-06
-6.93328e-06
-6.99222e-06
-7.05999e-06
-7.13813e-06
-7.22856e-06
-7.33356e-06
-7.4556e-06
-7.59704e-06
-7.75871e-06
-7.93093e-06
-8.09616e-06
-8.24033e-06
-8.35082e-06
-8.41592e-06
-8.42761e-06
-8.38198e-06
-8.27939e-06
-8.12485e-06
-7.92747e-06
-7.70173e-06
-7.46504e-06
-7.23682e-06
-7.03629e-06
-6.87981e-06
-6.77806e-06
-6.73408e-06
-6.74277e-06
-6.79228e-06
-6.86651e-06
-6.94888e-06
-7.02935e-06
-7.10816e-06
-6.58468e-06
-6.59112e-06
-6.59869e-06
-6.60795e-06
-6.61927e-06
-6.6328e-06
-6.64879e-06
-6.6676e-06
-6.68964e-06
-6.71542e-06
-6.74556e-06
-6.78078e-06
-6.82202e-06
-6.87046e-06
-6.92765e-06
-6.99565e-06
-7.07721e-06
-7.17594e-06
-7.29648e-06
-7.44439e-06
-7.62576e-06
-7.84499e-06
-8.09052e-06
-8.33603e-06
-8.55985e-06
-8.74289e-06
-8.86821e-06
-8.92681e-06
-8.91466e-06
-8.8313e-06
-8.68036e-06
-8.4721e-06
-8.22076e-06
-7.94537e-06
-7.66806e-06
-7.41207e-06
-7.19886e-06
-7.0448e-06
-6.95816e-06
-6.93748e-06
-6.9722e-06
-7.04493e-06
-7.13594e-06
-7.23311e-06
-7.33719e-06
-6.54389e-06
-6.55319e-06
-6.56212e-06
-6.57166e-06
-6.58249e-06
-6.59485e-06
-6.60907e-06
-6.62558e-06
-6.64491e-06
-6.6677e-06
-6.69469e-06
-6.72683e-06
-6.76532e-06
-6.81178e-06
-6.86837e-06
-6.93807e-06
-7.02503e-06
-7.13488e-06
-7.27509e-06
-7.45498e-06
-7.6851e-06
-7.9743e-06
-8.30857e-06
-8.64962e-06
-8.96548e-06
-9.22968e-06
-9.42487e-06
-9.54031e-06
-9.56972e-06
-9.51346e-06
-9.37132e-06
-9.15378e-06
-8.8759e-06
-8.55763e-06
-8.22327e-06
-7.9e-06
-7.61511e-06
-7.39206e-06
-7.24623e-06
-7.18167e-06
-7.1904e-06
-7.25421e-06
-7.34985e-06
-7.46239e-06
-7.59244e-06
-6.50395e-06
-6.51578e-06
-6.52593e-06
-6.53577e-06
-6.54625e-06
-6.55766e-06
-6.57036e-06
-6.58489e-06
-6.60186e-06
-6.622e-06
-6.64622e-06
-6.67565e-06
-6.71177e-06
-6.75661e-06
-6.813e-06
-6.88489e-06
-6.97791e-06
-7.09988e-06
-7.26142e-06
-7.47602e-06
-7.75916e-06
-8.12451e-06
-8.55525e-06
-8.99822e-06
-9.41003e-06
-9.76294e-06
-1.00388e-05
-1.02198e-05
-1.02936e-05
-1.02624e-05
-1.01312e-05
-9.90883e-06
-9.60905e-06
-9.25148e-06
-8.86145e-06
-8.46913e-06
-8.10709e-06
-7.80613e-06
-7.58987e-06
-7.46957e-06
-7.44158e-06
-7.48811e-06
-7.58292e-06
-7.70817e-06
-7.86413e-06
-6.46683e-06
-6.48082e-06
-6.49203e-06
-6.50217e-06
-6.51235e-06
-6.5229e-06
-6.53423e-06
-6.54692e-06
-6.56167e-06
-6.57929e-06
-6.60079e-06
-6.6275e-06
-6.66115e-06
-6.70418e-06
-6.76001e-06
-6.83358e-06
-6.93201e-06
-7.06536e-06
-7.24749e-06
-7.49635e-06
-7.8326e-06
-8.2747e-06
-8.80363e-06
-9.35072e-06
-9.86205e-06
-1.03038e-05
-1.06505e-05
-1.0886e-05
-1.10041e-05
-1.10009e-05
-1.08848e-05
-1.06634e-05
-1.03495e-05
-9.96173e-06
-9.52529e-06
-9.07166e-06
-8.63712e-06
-8.25881e-06
-7.96856e-06
-7.78587e-06
-7.71317e-06
-7.73491e-06
-7.82311e-06
-7.95759e-06
-8.13817e-06
-6.43388e-06
-6.44971e-06
-6.46185e-06
-6.47223e-06
-6.48212e-06
-6.49185e-06
-6.50184e-06
-6.51271e-06
-6.52519e-06
-6.54018e-06
-6.55879e-06
-6.58246e-06
-6.61317e-06
-6.65368e-06
-6.70802e-06
-6.78202e-06
-6.88422e-06
-7.02685e-06
-7.22701e-06
-7.50722e-06
-7.89351e-06
-8.4079e-06
-9.03089e-06
-9.6767e-06
-1.02796e-05
-1.07995e-05
-1.12089e-05
-1.14933e-05
-1.16479e-05
-1.16716e-05
-1.15712e-05
-1.13545e-05
-1.10341e-05
-1.06271e-05
-1.01574e-05
-9.6561e-06
-9.1611e-06
-8.71392e-06
-8.35367e-06
-8.10802e-06
-7.98674e-06
-7.97836e-06
-8.05487e-06
-8.19478e-06
-8.39769e-06
-6.40596e-06
-6.42342e-06
-6.43638e-06
-6.44697e-06
-6.45656e-06
-6.46543e-06
-6.47403e-06
-6.48296e-06
-6.49301e-06
-6.5051e-06
-6.5204e-06
-6.54047e-06
-6.56747e-06
-6.60446e-06
-6.65597e-06
-6.72864e-06
-6.83233e-06
-6.98134e-06
-7.19583e-06
-7.50288e-06
-7.9342e-06
-8.51311e-06
-9.22234e-06
-9.95752e-06
-1.06409e-05
-1.12276e-05
-1.16896e-05
-1.20137e-05
-1.21968e-05
-1.22409e-05
-1.21533e-05
-1.19427e-05
-1.16211e-05
-1.12044e-05
-1.07142e-05
-1.018e-05
-9.63926e-06
-9.13574e-06
-8.71448e-06
-8.41017e-06
-8.24038e-06
-8.19915e-06
-8.26022e-06
-8.40204e-06
-8.62447e-06
-6.38362e-06
-6.40262e-06
-6.41636e-06
-6.42714e-06
-6.43637e-06
-6.44433e-06
-6.4514e-06
-6.4582e-06
-6.46551e-06
-6.47427e-06
-6.48571e-06
-6.50145e-06
-6.52378e-06
-6.55604e-06
-6.60314e-06
-6.67249e-06
-6.77512e-06
-6.92722e-06
-7.15181e-06
-7.48017e-06
-7.94921e-06
-8.5869e-06
-9.37137e-06
-1.01851e-05
-1.09373e-05
-1.15791e-05
-1.20827e-05
-1.24361e-05
-1.26391e-05
-1.26969e-05
-1.26181e-05
-1.24128e-05
-1.20927e-05
-1.16722e-05
-1.1171e-05
-1.06159e-05
-1.00426e-05
-9.49504e-06
-9.02369e-06
-8.66743e-06
-8.45163e-06
-8.37698e-06
-8.42025e-06
-8.56105e-06
-8.80018e-06
-6.36724e-06
-6.38779e-06
-6.40231e-06
-6.41326e-06
-6.42211e-06
-6.42904e-06
-6.4344e-06
-6.43879e-06
-6.44297e-06
-6.44789e-06
-6.45479e-06
-6.46535e-06
-6.48196e-06
-6.50815e-06
-6.54922e-06
-6.6132e-06
-6.7122e-06
-6.86413e-06
-7.09462e-06
-7.43862e-06
-7.93711e-06
-8.62843e-06
-9.47812e-06
-1.03588e-05
-1.11685e-05
-1.18547e-05
-1.239e-05
-1.27639e-05
-1.29791e-05
-1.30442e-05
-1.297e-05
-1.27675e-05
-1.24488e-05
-1.20271e-05
-1.15199e-05
-1.09513e-05
-1.03542e-05
-9.77124e-06
-9.26013e-06
-8.85874e-06
-8.60004e-06
-8.49243e-06
-8.51657e-06
-8.65404e-06
-8.90732e-06
-6.35708e-06
-6.3793e-06
-6.39466e-06
-6.40579e-06
-6.41419e-06
-6.41997e-06
-6.42339e-06
-6.42502e-06
-6.42562e-06
-6.4261e-06
-6.42772e-06
-6.43218e-06
-6.44196e-06
-6.46076e-06
-6.49419e-06
-6.55085e-06
-6.64381e-06
-6.79259e-06
-7.02521e-06
-7.37945e-06
-7.902e-06
-8.6388e-06
-9.5448e-06
-1.04825e-05
-1.13401e-05
-1.20616e-05
-1.26209e-05
-1.30079e-05
-1.32294e-05
-1.32966e-05
-1.32225e-05
-1.30197e-05
-1.27e-05
-1.22761e-05
-1.17635e-05
-1.1184e-05
-1.05678e-05
-9.95366e-06
-9.40716e-06
-8.96693e-06
-8.66808e-06
-8.52822e-06
-8.53242e-06
-8.66471e-06
-8.92993e-06
-6.35338e-06
-6.37746e-06
-6.39376e-06
-6.4051e-06
-6.413e-06
-6.41745e-06
-6.41866e-06
-6.41715e-06
-6.41363e-06
-6.40902e-06
-6.40457e-06
-6.402e-06
-6.40386e-06
-6.414e-06
-6.43829e-06
-6.48585e-06
-6.57064e-06
-6.71367e-06
-6.94525e-06
-7.30618e-06
-7.84804e-06
-8.62088e-06
-9.5758e-06
-1.05628e-05
-1.14604e-05
-1.22099e-05
-1.27881e-05
-1.31826e-05
-1.34055e-05
-1.34707e-05
-1.33928e-05
-1.31854e-05
-1.28608e-05
-1.24308e-05
-1.19096e-05
-1.13171e-05
-1.06818e-05
-1.00404e-05
-9.45498e-06
-8.97761e-06
-8.64125e-06
-8.46985e-06
-8.45335e-06
-8.57876e-06
-8.85394e-06
-6.3564e-06
-6.38262e-06
-6.39999e-06
-6.41157e-06
-6.41888e-06
-6.42181e-06
-6.42048e-06
-6.41537e-06
-6.40716e-06
-6.39678e-06
-6.38544e-06
-6.37492e-06
-6.36782e-06
-6.36809e-06
-6.3819e-06
-6.41882e-06
-6.49365e-06
-6.62877e-06
-6.85673e-06
-7.22156e-06
-7.77817e-06
-8.57963e-06
-9.5777e-06
-1.06073e-05
-1.15389e-05
-1.23104e-05
-1.29051e-05
-1.33021e-05
-1.35231e-05
-1.35828e-05
-1.3497e-05
-1.32804e-05
-1.29452e-05
-1.25031e-05
-1.19672e-05
-1.13559e-05
-1.0697e-05
-1.00276e-05
-9.39915e-06
-8.88286e-06
-8.50965e-06
-8.30604e-06
-8.2675e-06
-8.3841e-06
-8.66732e-06
-6.36646e-06
-6.39514e-06
-6.41374e-06
-6.42557e-06
-6.43219e-06
-6.43335e-06
-6.4291e-06
-6.41988e-06
-6.40636e-06
-6.38947e-06
-6.37045e-06
-6.35107e-06
-6.33402e-06
-6.32338e-06
-6.32553e-06
-6.35051e-06
-6.41391e-06
-6.5394e-06
-6.76158e-06
-7.12758e-06
-7.69536e-06
-8.52122e-06
-9.55712e-06
-1.06239e-05
-1.1585e-05
-1.23775e-05
-1.29784e-05
-1.33786e-05
-1.35957e-05
-1.36467e-05
-1.3549e-05
-1.33177e-05
-1.29655e-05
-1.25035e-05
-1.19444e-05
-1.1306e-05
-1.06158e-05
-9.91168e-06
-9.23855e-06
-8.67709e-06
-8.26557e-06
-8.02775e-06
-7.96517e-06
-8.07067e-06
-8.35994e-06
-6.38395e-06
-6.41544e-06
-6.43545e-06
-6.44752e-06
-6.45329e-06
-6.45236e-06
-6.44472e-06
-6.43081e-06
-6.4113e-06
-6.38715e-06
-6.35963e-06
-6.33055e-06
-6.30267e-06
-6.28018e-06
-6.2697e-06
-6.28171e-06
-6.33253e-06
-6.44708e-06
-6.66183e-06
-7.02683e-06
-7.60317e-06
-8.45022e-06
-9.51937e-06
-1.0619e-05
-1.16061e-05
-1.24158e-05
-1.30228e-05
-1.34235e-05
-1.36342e-05
-1.36736e-05
-1.35597e-05
-1.3308e-05
-1.29311e-05
-1.24402e-05
-1.1848e-05
-1.11722e-05
-1.04401e-05
-9.69105e-06
-8.9728e-06
-8.35887e-06
-7.90189e-06
-7.62748e-06
-7.53876e-06
-7.63044e-06
-7.92358e-06
-6.40933e-06
-6.44404e-06
-6.46561e-06
-6.47787e-06
-6.48255e-06
-6.47913e-06
-6.46754e-06
-6.44825e-06
-6.422e-06
-6.3898e-06
-6.35301e-06
-6.31342e-06
-6.27392e-06
-6.23883e-06
-6.21496e-06
-6.21319e-06
-6.2506e-06
-6.35323e-06
-6.55943e-06
-6.92188e-06
-7.50477e-06
-8.37042e-06
-9.46934e-06
-1.05986e-05
-1.16091e-05
-1.24336e-05
-1.30458e-05
-1.3445e-05
-1.36473e-05
-1.36719e-05
-1.35373e-05
-1.32588e-05
-1.28491e-05
-1.23196e-05
-1.16831e-05
-1.09582e-05
-1.01729e-05
-9.36837e-06
-8.59627e-06
-7.9253e-06
-7.41666e-06
-7.10097e-06
-6.98293e-06
-7.05737e-06
-7.35209e-06
-6.44316e-06
-6.48153e-06
-6.5048e-06
-6.51713e-06
-6.52039e-06
-6.51393e-06
-6.49769e-06
-6.47222e-06
-6.43838e-06
-6.39732e-06
-6.35047e-06
-6.29966e-06
-6.24785e-06
-6.19958e-06
-6.16175e-06
-6.14567e-06
-6.1691e-06
-6.2592e-06
-6.4561e-06
-6.81494e-06
-7.40292e-06
-8.28513e-06
-9.41109e-06
-1.05675e-05
-1.15991e-05
-1.24367e-05
-1.30533e-05
-1.34494e-05
-1.36411e-05
-1.36477e-05
-1.34875e-05
-1.31757e-05
-1.27248e-05
-1.21463e-05
-1.14539e-05
-1.06674e-05
-9.81664e-06
-8.94463e-06
-8.10847e-06
-7.37565e-06
-6.80758e-06
-6.44459e-06
-6.29374e-06
-6.34683e-06
-6.64132e-06
-6.48615e-06
-6.52863e-06
-6.5537e-06
-6.56588e-06
-6.56722e-06
-6.557e-06
-6.53524e-06
-6.50264e-06
-6.46025e-06
-6.40945e-06
-6.3518e-06
-6.28914e-06
-6.22447e-06
-6.16257e-06
-6.11044e-06
-6.07976e-06
-6.08887e-06
-6.16618e-06
-6.3533e-06
-6.70783e-06
-7.29986e-06
-8.19706e-06
-9.34788e-06
-1.05293e-05
-1.15804e-05
-1.24297e-05
-1.30496e-05
-1.34412e-05
-1.362e-05
-1.36053e-05
-1.34147e-05
-1.30628e-05
-1.25619e-05
-1.1924e-05
-1.11639e-05
-1.03033e-05
-9.37442e-06
-8.42324e-06
-7.51029e-06
-6.70567e-06
-6.07618e-06
-5.65815e-06
-5.46959e-06
-5.49563e-06
-5.78899e-06
-6.53912e-06
-6.58619e-06
-6.61308e-06
-6.62473e-06
-6.62347e-06
-6.60856e-06
-6.58019e-06
-6.53935e-06
-6.48738e-06
-6.42595e-06
-6.35662e-06
-6.28149e-06
-6.2037e-06
-6.12789e-06
-6.0613e-06
-6.0159e-06
-6.01069e-06
-6.07509e-06
-6.25223e-06
-6.60206e-06
-7.19743e-06
-8.10837e-06
-9.2822e-06
-1.04868e-05
-1.15559e-05
-1.24157e-05
-1.30379e-05
-1.34234e-05
-1.35872e-05
-1.35477e-05
-1.33217e-05
-1.29231e-05
-1.23637e-05
-1.16561e-05
-1.08167e-05
-9.86942e-06
-8.84965e-06
-7.80694e-06
-6.80547e-06
-5.91936e-06
-5.21949e-06
-4.7427e-06
-4.51066e-06
-4.50474e-06
-4.79164e-06
-6.6031e-06
-6.65524e-06
-6.68385e-06
-6.6944e-06
-6.68956e-06
-6.66873e-06
-6.63242e-06
-6.58204e-06
-6.51935e-06
-6.4462e-06
-6.36446e-06
-6.27645e-06
-6.18525e-06
-6.09545e-06
-6.01445e-06
-5.95447e-06
-5.93509e-06
-5.98671e-06
-6.1539e-06
-6.49883e-06
-7.09702e-06
-8.02071e-06
-9.21596e-06
-1.04423e-05
-1.15279e-05
-1.23971e-05
-1.30204e-05
-1.33982e-05
-1.35446e-05
-1.34769e-05
-1.32108e-05
-1.2759e-05
-1.21331e-05
-1.13462e-05
-1.04163e-05
-9.3703e-06
-8.2471e-06
-7.10038e-06
-5.99858e-06
-5.02001e-06
-4.2408e-06
-3.70086e-06
-3.41682e-06
-3.38181e-06
-3.6459e-06
-6.67932e-06
-6.73701e-06
-6.76707e-06
-6.77563e-06
-6.76592e-06
-6.7376e-06
-6.6917e-06
-6.63025e-06
-6.55552e-06
-6.46957e-06
-6.37485e-06
-6.27357e-06
-6.1688e-06
-6.06509e-06
-5.9699e-06
-5.89568e-06
-5.86246e-06
-5.90162e-06
-6.05906e-06
-6.39907e-06
-6.99974e-06
-7.93532e-06
-9.15056e-06
-1.0397e-05
-1.14979e-05
-1.23753e-05
-1.29985e-05
-1.3367e-05
-1.34937e-05
-1.33945e-05
-1.30836e-05
-1.25728e-05
-1.1873e-05
-1.0998e-05
-9.96755e-06
-8.81162e-06
-7.57307e-06
-6.31016e-06
-5.09605e-06
-4.01379e-06
-3.14688e-06
-2.53785e-06
-2.1981e-06
-2.13188e-06
-2.35607e-06
-6.76934e-06
-6.83298e-06
-6.86397e-06
-6.86926e-06
-6.85292e-06
-6.8151e-06
-6.75763e-06
-6.68338e-06
-6.59511e-06
-6.49544e-06
-6.3871e-06
-6.27228e-06
-6.15393e-06
-6.03655e-06
-5.92758e-06
-5.83962e-06
-5.79307e-06
-5.82026e-06
-5.9683e-06
-6.30347e-06
-6.90638e-06
-7.85312e-06
-9.08699e-06
-1.03522e-05
-1.14671e-05
-1.23514e-05
-1.29731e-05
-1.33307e-05
-1.34354e-05
-1.33017e-05
-1.29419e-05
-1.23667e-05
-1.15866e-05
-1.06158e-05
-9.4761e-06
-8.20036e-06
-6.8356e-06
-5.44489e-06
-4.10652e-06
-2.90885e-06
-1.94478e-06
-1.25921e-06
-8.57044e-07
-7.5359e-07
-9.34684e-07
-6.87504e-06
-6.94494e-06
-6.97595e-06
-6.97616e-06
-6.95085e-06
-6.90103e-06
-6.82963e-06
-6.74062e-06
-6.63727e-06
-6.52303e-06
-6.40051e-06
-6.27196e-06
-6.1402e-06
-6.00954e-06
-5.88734e-06
-5.78627e-06
-5.72706e-06
-5.74289e-06
-5.882e-06
-6.21253e-06
-6.81753e-06
-7.77475e-06
-9.02597e-06
-1.03086e-05
-1.14361e-05
-1.23261e-05
-1.2945e-05
-1.329e-05
-1.33706e-05
-1.31995e-05
-1.27873e-05
-1.21433e-05
-1.12775e-05
-1.02048e-05
-8.94858e-06
-7.54479e-06
-6.04441e-06
-4.5153e-06
-3.04106e-06
-1.71586e-06
-6.42922e-07
1.27611e-07
6.0383e-07
7.56721e-07
6.16943e-07
-6.99881e-06
-7.07507e-06
-7.10463e-06
-7.09723e-06
-7.0599e-06
-6.99493e-06
-6.90695e-06
-6.80099e-06
-6.68118e-06
-6.55141e-06
-6.41429e-06
-6.27202e-06
-6.12715e-06
-5.98375e-06
-5.849e-06
-5.73558e-06
-5.66448e-06
-5.66967e-06
-5.80041e-06
-6.12658e-06
-6.73357e-06
-7.70066e-06
-8.96797e-06
-1.02666e-05
-1.14054e-05
-1.22998e-05
-1.29146e-05
-1.32454e-05
-1.33e-05
-1.3089e-05
-1.26213e-05
-1.19051e-05
-1.09497e-05
-9.77041e-06
-8.39245e-06
-6.85436e-06
-5.21082e-06
-3.5342e-06
-1.91348e-06
-4.48965e-07
7.47723e-07
1.61088e-06
2.16689e-06
2.3815e-06
2.29737e-06
-7.14359e-06
-7.22599e-06
-7.25184e-06
-7.2333e-06
-7.18e-06
-7.09619e-06
-6.98864e-06
-6.8634e-06
-6.72574e-06
-6.57964e-06
-6.42771e-06
-6.27188e-06
-6.11437e-06
-5.95888e-06
-5.81235e-06
-5.68744e-06
-5.60531e-06
-5.60065e-06
-5.72367e-06
-6.04581e-06
-6.65475e-06
-7.63111e-06
-8.9133e-06
-1.02266e-05
-1.13753e-05
-1.22728e-05
-1.28823e-05
-1.31973e-05
-1.32241e-05
-1.29712e-05
-1.24459e-05
-1.16549e-05
-1.06072e-05
-9.31866e-06
-7.81577e-06
-6.13944e-06
-4.34746e-06
-2.5162e-06
-7.4003e-07
8.73639e-07
2.21037e-06
3.18421e-06
3.82064e-06
4.10577e-06
4.08734e-06
-7.31318e-06
-7.40087e-06
-7.41957e-06
-7.3851e-06
-7.3108e-06
-7.20394e-06
-7.07337e-06
-6.92665e-06
-6.76982e-06
-6.60683e-06
-6.44006e-06
-6.27103e-06
-6.10147e-06
-5.93466e-06
-5.77723e-06
-5.64175e-06
-5.54949e-06
-5.53583e-06
-5.65181e-06
-5.9703e-06
-6.58117e-06
-7.56625e-06
-8.86214e-06
-1.01887e-05
-1.13461e-05
-1.22455e-05
-1.28482e-05
-1.31463e-05
-1.31438e-05
-1.28474e-05
-1.22629e-05
-1.13956e-05
-1.02545e-05
-8.85571e-06
-7.22697e-06
-5.41098e-06
-3.4679e-06
-1.47721e-06
4.61978e-07
2.235e-06
3.72369e-06
4.83112e-06
5.55579e-06
5.92338e-06
5.98023e-06
-7.51243e-06
-7.60355e-06
-7.60998e-06
-7.55308e-06
-7.45167e-06
-7.31685e-06
-7.15965e-06
-6.98937e-06
-6.8123e-06
-6.63213e-06
-6.45074e-06
-6.26904e-06
-6.08816e-06
-5.91089e-06
-5.74348e-06
-5.5984e-06
-5.49695e-06
-5.47515e-06
-5.58479e-06
-5.90003e-06
-6.51284e-06
-7.50612e-06
-8.81455e-06
-1.01532e-05
-1.13179e-05
-1.22179e-05
-1.28127e-05
-1.30925e-05
-1.30596e-05
-1.27187e-05
-1.2074e-05
-1.11303e-05
-9.89594e-06
-8.38778e-06
-6.63453e-06
-4.68013e-06
-2.58622e-06
-4.34161e-07
1.67364e-06
3.61657e-06
5.26927e-06
6.52658e-06
7.35738e-06
7.82044e-06
7.96679e-06
-7.7478e-06
-7.83865e-06
-7.82519e-06
-7.73732e-06
-7.60153e-06
-7.43306e-06
-7.24582e-06
-7.05015e-06
-6.85212e-06
-6.65481e-06
-6.45927e-06
-6.26561e-06
-6.07427e-06
-5.88745e-06
-5.71102e-06
-5.5573e-06
-5.4476e-06
-5.41851e-06
-5.52252e-06
-5.83493e-06
-6.4497e-06
-7.45066e-06
-8.77055e-06
-1.01199e-05
-1.12907e-05
-1.21902e-05
-1.2776e-05
-1.30366e-05
-1.29723e-05
-1.25863e-05
-1.18814e-05
-1.08617e-05
-9.53573e-06
-7.92087e-06
-6.04668e-06
-3.95787e-06
-1.71658e-06
5.95359e-07
2.87413e-06
4.99491e-06
6.8242e-06
8.24703e-06
9.20833e-06
9.78185e-06
1.0038e-05
-8.02806e-06
-8.11163e-06
-8.06713e-06
-7.93738e-06
-7.75839e-06
-7.5505e-06
-7.33005e-06
-7.10756e-06
-6.88833e-06
-6.67428e-06
-6.46531e-06
-6.26057e-06
-6.05968e-06
-5.86427e-06
-5.67979e-06
-5.51839e-06
-5.40136e-06
-5.36582e-06
-5.46488e-06
-5.77486e-06
-6.39162e-06
-7.39977e-06
-8.73007e-06
-1.00889e-05
-1.12647e-05
-1.21625e-05
-1.27384e-05
-1.29789e-05
-1.28827e-05
-1.24514e-05
-1.16868e-05
-1.05926e-05
-9.17787e-06
-7.46057e-06
-5.47113e-06
-3.2546e-06
-8.72729e-07
1.59372e-06
4.04166e-06
6.34447e-06
8.36102e-06
9.96603e-06
1.10877e-05
1.17918e-05
1.21859e-05
-8.36545e-06
-8.42876e-06
-8.33719e-06
-8.15172e-06
-7.91969e-06
-7.66673e-06
-7.41043e-06
-7.16035e-06
-6.92018e-06
-6.69013e-06
-6.46869e-06
-6.25386e-06
-6.04442e-06
-5.84139e-06
-5.64979e-06
-5.48163e-06
-5.35814e-06
-5.31694e-06
-5.41171e-06
-5.71965e-06
-6.33843e-06
-7.3533e-06
-8.693e-06
-1.00602e-05
-1.12398e-05
-1.2135e-05
-1.27001e-05
-1.29199e-05
-1.27915e-05
-1.23151e-05
-1.1492e-05
-1.03257e-05
-8.82598e-06
-7.01191e-06
-4.91476e-06
-2.57973e-06
-6.74117e-08
2.54392e-06
5.1543e-06
7.63857e-06
9.85091e-06
1.16547e-05
1.29636e-05
1.38308e-05
1.44047e-05
-8.7774e-06
-8.79709e-06
-8.63559e-06
-8.37768e-06
-8.08213e-06
-7.77904e-06
-7.48509e-06
-7.20743e-06
-6.94714e-06
-6.7022e-06
-6.46941e-06
-6.24557e-06
-6.02859e-06
-5.81888e-06
-5.62106e-06
-5.44699e-06
-5.31787e-06
-5.27175e-06
-5.36283e-06
-5.66908e-06
-6.28989e-06
-7.31104e-06
-8.65921e-06
-1.00337e-05
-1.12161e-05
-1.21078e-05
-1.26612e-05
-1.28599e-05
-1.26993e-05
-1.21785e-05
-1.12985e-05
-1.00631e-05
-8.48319e-06
-6.57919e-06
-4.38347e-06
-1.94135e-06
6.88111e-07
3.4303e-06
6.19066e-06
8.84935e-06
1.12606e-05
1.328e-05
1.48004e-05
1.58716e-05
1.66898e-05
-9.28885e-06
-9.22341e-06
-8.9598e-06
-8.61123e-06
-8.24167e-06
-7.88461e-06
-7.55242e-06
-7.24805e-06
-6.96898e-06
-6.71052e-06
-6.46765e-06
-6.2359e-06
-6.01236e-06
-5.79686e-06
-5.59366e-06
-5.41449e-06
-5.28047e-06
-5.23011e-06
-5.31805e-06
-5.62294e-06
-6.24579e-06
-7.27276e-06
-8.62852e-06
-1.00093e-05
-1.11935e-05
-1.20809e-05
-1.26222e-05
-1.27995e-05
-1.26068e-05
-1.20427e-05
-1.11078e-05
-9.80686e-06
-8.15216e-06
-6.16592e-06
-3.88197e-06
-1.34599e-06
1.38453e-06
4.23926e-06
7.13091e-06
9.94876e-06
1.25531e-05
1.47988e-05
1.65568e-05
1.78785e-05
1.90403e-05
-9.9351e-06
-9.7088e-06
-9.3075e-06
-8.84594e-06
-8.39355e-06
-7.9807e-06
-7.61119e-06
-7.28185e-06
-6.98578e-06
-6.71537e-06
-6.4637e-06
-6.22513e-06
-5.99595e-06
-5.77548e-06
-5.56765e-06
-5.3841e-06
-5.24587e-06
-5.19187e-06
-5.27718e-06
-5.58099e-06
-6.20585e-06
-7.23823e-06
-8.60074e-06
-9.98681e-06
-1.11721e-05
-1.20544e-05
-1.25831e-05
-1.27389e-05
-1.25147e-05
-1.19085e-05
-1.09211e-05
-9.55863e-06
-7.83507e-06
-5.77491e-06
-3.41393e-06
-7.98642e-07
2.01461e-06
4.95972e-06
7.95756e-06
1.09097e-05
1.36888e-05
1.61596e-05
1.81757e-05
1.98001e-05
2.14562e-05
-1.07648e-05
-1.02485e-05
-9.66531e-06
-9.0734e-06
-8.5326e-06
-8.06486e-06
-7.66058e-06
-7.30882e-06
-6.99786e-06
-6.71715e-06
-6.45796e-06
-6.21358e-06
-5.97959e-06
-5.75489e-06
-5.54311e-06
-5.3558e-06
-5.21396e-06
-5.15687e-06
-5.23999e-06
-5.54298e-06
-6.16983e-06
-7.2072e-06
-8.57567e-06
-9.96617e-06
-1.11516e-05
-1.20283e-05
-1.25441e-05
-1.26785e-05
-1.24234e-05
-1.17767e-05
-1.07396e-05
-9.31987e-06
-7.53374e-06
-5.40842e-06
-2.98217e-06
-3.03044e-07
2.57294e-06
5.58301e-06
8.65584e-06
1.17067e-05
1.46263e-05
1.73015e-05
1.95789e-05
2.15525e-05
2.39192e-05
-1.18227e-05
-1.08319e-05
-1.00159e-05
-9.28313e-06
-8.65361e-06
-8.13518e-06
-7.70036e-06
-7.32938e-06
-7.00584e-06
-6.71643e-06
-6.45091e-06
-6.2016e-06
-5.96354e-06
-5.73523e-06
-5.52007e-06
-5.32956e-06
-5.18462e-06
-5.12491e-06
-5.20624e-06
-5.50863e-06
-6.13744e-06
-7.1794e-06
-8.55311e-06
-9.94721e-06
-1.11321e-05
-1.20026e-05
-1.25053e-05
-1.26184e-05
-1.23333e-05
-1.16476e-05
-1.05638e-05
-9.09122e-06
-7.24895e-06
-5.06736e-06
-2.5878e-06
1.39297e-07
3.05701e-06
6.10423e-06
9.21552e-06
1.23187e-05
1.53252e-05
1.81559e-05
2.06645e-05
2.30089e-05
2.63798e-05
-1.32085e-05
-1.14406e-05
-1.03348e-05
-9.46389e-06
-8.75323e-06
-8.19169e-06
-7.73176e-06
-7.34499e-06
-7.011e-06
-6.71429e-06
-6.44339e-06
-6.18987e-06
-5.94829e-06
-5.71687e-06
-5.49878e-06
-5.30549e-06
-5.15787e-06
-5.09588e-06
-5.17567e-06
-5.4776e-06
-6.10831e-06
-7.15457e-06
-8.53298e-06
-9.93011e-06
-1.11139e-05
-1.19779e-05
-1.24672e-05
-1.25592e-05
-1.22446e-05
-1.15215e-05
-1.03933e-05
-8.8717e-06
-6.97886e-06
-4.74882e-06
-2.22669e-06
5.33724e-07
3.4731e-06
6.52963e-06
9.64018e-06
1.27405e-05
1.57595e-05
1.86563e-05
2.13101e-05
2.40254e-05
2.88558e-05
-1.50358e-05
-1.20377e-05
-1.05863e-05
-9.60502e-06
-8.83239e-06
-8.23787e-06
-7.75826e-06
-7.35845e-06
-7.01543e-06
-6.71225e-06
-6.43651e-06
-6.17921e-06
-5.93454e-06
-5.7004e-06
-5.47979e-06
-5.2841e-06
-5.1341e-06
-5.07005e-06
-5.14838e-06
-5.44975e-06
-6.08211e-06
-7.13238e-06
-8.51531e-06
-9.91546e-06
-1.10983e-05
-1.19558e-05
-1.2432e-05
-1.25033e-05
-1.21601e-05
-1.14006e-05
-1.02299e-05
-8.6619e-06
-6.72233e-06
-4.44923e-06
-1.89211e-06
8.90891e-07
3.83643e-06
6.87929e-06
9.95406e-06
1.29962e-05
1.59389e-05
1.87582e-05
2.13585e-05
2.43596e-05
3.13458e-05
-1.65679e-05
-1.24042e-05
-1.07061e-05
-9.68554e-06
-8.88577e-06
-8.27142e-06
-7.77798e-06
-7.36788e-06
-7.01723e-06
-6.70841e-06
-6.42845e-06
-6.16792e-06
-5.92068e-06
-5.68441e-06
-5.4619e-06
-5.26449e-06
-5.1128e-06
-5.04731e-06
-5.12464e-06
-5.42557e-06
-6.05921e-06
-7.11255e-06
-8.49893e-06
-9.90138e-06
-1.10832e-05
-1.19349e-05
-1.23995e-05
-1.24526e-05
-1.20841e-05
-1.12929e-05
-1.00854e-05
-8.47807e-06
-6.49994e-06
-4.19317e-06
-1.61179e-06
1.18124e-06
4.11749e-06
7.12619e-06
1.01352e-05
1.30701e-05
1.58471e-05
1.8402e-05
2.05767e-05
2.30787e-05
3.02987e-05
)
;

boundaryField
{
    inlet
    {
        type            uniformJump;
        patchType       cyclic;
        jump            uniform -2.5e-05;
        value           nonuniform List<scalar> 
40
(
8.89609e-07
9.03625e-07
9.18831e-07
9.34877e-07
9.53298e-07
9.75689e-07
1.00432e-06
1.04268e-06
1.09549e-06
1.16796e-06
1.26455e-06
1.38772e-06
1.53742e-06
1.71068e-06
1.90171e-06
2.10164e-06
2.29622e-06
2.46892e-06
2.60288e-06
2.6794e-06
2.69165e-06
2.65518e-06
2.61739e-06
2.5901e-06
2.5782e-06
2.58169e-06
2.59661e-06
2.61776e-06
2.64076e-06
2.66264e-06
2.68179e-06
2.6976e-06
2.71008e-06
2.71957e-06
2.72652e-06
2.73142e-06
2.73471e-06
2.73677e-06
2.7379e-06
2.73836e-06
)
;
        jumpTable       table;
        jumpTableCoeffs
        {
            values          
4
(
(0 -2.5e-05)
(25 -2.5e-05)
(25.5 -0.0001)
(26 -2.5e-05)
)
;
        }
    }
    outlet
    {
        type            uniformJump;
        patchType       cyclic;
        value           nonuniform List<scalar> 
40
(
-2.41104e-05
-2.40964e-05
-2.40812e-05
-2.40651e-05
-2.40467e-05
-2.40243e-05
-2.39957e-05
-2.39573e-05
-2.39045e-05
-2.3832e-05
-2.37355e-05
-2.36123e-05
-2.34626e-05
-2.32893e-05
-2.30983e-05
-2.28984e-05
-2.27038e-05
-2.25311e-05
-2.23971e-05
-2.23206e-05
-2.23084e-05
-2.23448e-05
-2.23826e-05
-2.24099e-05
-2.24218e-05
-2.24183e-05
-2.24034e-05
-2.23822e-05
-2.23592e-05
-2.23374e-05
-2.23182e-05
-2.23024e-05
-2.22899e-05
-2.22804e-05
-2.22735e-05
-2.22686e-05
-2.22653e-05
-2.22632e-05
-2.22621e-05
-2.22616e-05
)
;
    }
    Walls
    {
        type            zeroGradient;
    }
    back
    {
        type            empty;
    }
    front
    {
        type            empty;
    }
}


// ************************************************************************* //
