/*--------------------------------*- C++ -*----------------------------------*\
| =========                 |                                                 |
| \\      /  F ield         | OpenFOAM: The Open Source CFD Toolbox           |
|  \\    /   O peration     | Version:  2312                                  |
|   \\  /    A nd           | Website:  www.openfoam.com                      |
|    \\/     M anipulation  |                                                 |
\*---------------------------------------------------------------------------*/
FoamFile
{
    version     2.0;
    format      ascii;
    arch        "LSB;label=32;scalar=64";
    class       volScalarField;
    location    "36.25";
    object      p;
}
// * * * * * * * * * * * * * * * * * * * * * * * * * * * * * * * * * * * * * //

dimensions      [0 2 -2 0 0 0 0];

internalField   nonuniform List<scalar> 
4800
(
3.90331e-13
-1.43029e-06
-2.69623e-06
-3.82491e-06
-4.8342e-06
-5.73514e-06
-6.54463e-06
-7.2736e-06
-7.92797e-06
-8.51941e-06
-9.05628e-06
-9.54168e-06
-9.96782e-06
-1.05789e-05
-1.23944e-05
1.26981e-08
-1.41386e-06
-2.67631e-06
-3.80243e-06
-4.81051e-06
-5.71152e-06
-6.52323e-06
-7.25613e-06
-7.91686e-06
-8.51906e-06
-9.07642e-06
-9.6063e-06
-1.01241e-05
-1.07401e-05
-1.17139e-05
2.68206e-08
-1.3956e-06
-2.65456e-06
-3.77803e-06
-4.78468e-06
-5.68519e-06
-6.49703e-06
-7.23278e-06
-7.89832e-06
-8.50812e-06
-9.07711e-06
-9.62295e-06
-1.01552e-05
-1.06789e-05
-1.11647e-05
4.23786e-08
-1.37507e-06
-2.62978e-06
-3.74992e-06
-4.75421e-06
-5.65429e-06
-6.46413e-06
-7.20065e-06
-7.86782e-06
-8.4784e-06
-9.04453e-06
-9.57416e-06
-1.00587e-05
-1.04619e-05
-1.0705e-05
6.0961e-08
-1.35028e-06
-2.59961e-06
-3.71534e-06
-4.71597e-06
-5.61428e-06
-6.42133e-06
-7.1543e-06
-7.81834e-06
-8.42109e-06
-8.96931e-06
-9.4602e-06
-9.87282e-06
-1.01641e-05
-1.0273e-05
8.42663e-08
-1.31939e-06
-2.56196e-06
-3.67185e-06
-4.66719e-06
-5.56096e-06
-6.36371e-06
-7.08831e-06
-7.74189e-06
-8.32667e-06
-8.84298e-06
-9.28095e-06
-9.61731e-06
-9.81947e-06
-9.85671e-06
1.14664e-07
-1.27993e-06
-2.51407e-06
-3.61624e-06
-4.60397e-06
-5.48987e-06
-6.28393e-06
-6.99535e-06
-7.6298e-06
-8.18613e-06
-8.65975e-06
-9.03891e-06
-9.30581e-06
-9.44391e-06
-9.44609e-06
1.55683e-07
-1.22832e-06
-2.45203e-06
-3.54396e-06
-4.52094e-06
-5.39487e-06
-6.17444e-06
-6.86625e-06
-7.47298e-06
-7.99201e-06
-8.41712e-06
-8.73921e-06
-8.94927e-06
-9.04471e-06
-9.03171e-06
2.12012e-07
-1.15979e-06
-2.37063e-06
-3.44911e-06
-4.41124e-06
-5.26801e-06
-6.0267e-06
-6.69167e-06
-7.26322e-06
-7.73929e-06
-8.11525e-06
-8.38715e-06
-8.5544e-06
-8.62353e-06
-8.60639e-06
2.88893e-07
-1.06879e-06
-2.26373e-06
-3.32472e-06
-4.26699e-06
-5.10057e-06
-5.83157e-06
-6.4634e-06
-6.99449e-06
-7.42573e-06
-7.75605e-06
-7.98707e-06
-8.1243e-06
-8.17892e-06
-8.16421e-06
3.9107e-07
-9.4997e-07
-2.12517e-06
-3.16368e-06
-4.08028e-06
-4.88429e-06
-5.58112e-06
-6.17339e-06
-6.66359e-06
-7.05191e-06
-7.34283e-06
-7.54264e-06
-7.66036e-06
-7.7088e-06
-7.70062e-06
5.21749e-07
-7.99026e-07
-1.94984e-06
-2.96018e-06
-3.84487e-06
-4.61324e-06
-5.2712e-06
-5.82274e-06
-6.27186e-06
-6.62167e-06
-6.88071e-06
-7.05805e-06
-7.16436e-06
-7.21234e-06
-7.21322e-06
6.81934e-07
-6.13513e-07
-1.73426e-06
-2.71053e-06
-3.55761e-06
-4.28541e-06
-4.90142e-06
-5.41191e-06
-5.82363e-06
-6.14145e-06
-6.37649e-06
-6.53903e-06
-6.64016e-06
-6.69161e-06
-6.70308e-06
8.70419e-07
-3.93269e-07
-1.47723e-06
-2.41372e-06
-3.21901e-06
-3.90357e-06
-4.47684e-06
-4.94807e-06
-5.32609e-06
-5.6189e-06
-5.83753e-06
-5.99233e-06
-6.09348e-06
-6.15144e-06
-6.17467e-06
1.08447e-06
-1.40715e-07
-1.1819e-06
-2.07289e-06
-2.83289e-06
-3.47411e-06
-4.00722e-06
-4.44317e-06
-4.79355e-06
-5.06635e-06
-5.27441e-06
-5.42663e-06
-5.53141e-06
-5.59834e-06
-5.63453e-06
1.31783e-06
1.38107e-07
-8.55213e-07
-1.69577e-06
-2.40849e-06
-3.00784e-06
-3.50541e-06
-3.91137e-06
-4.23621e-06
-4.49868e-06
-4.70121e-06
-4.85607e-06
-4.96596e-06
-5.04339e-06
-5.09277e-06
1.56133e-06
4.33937e-07
-5.10011e-07
-1.29659e-06
-1.96236e-06
-2.52186e-06
-2.98882e-06
-3.37278e-06
-3.68613e-06
-3.93574e-06
-4.1424e-06
-4.29807e-06
-4.41524e-06
-4.50451e-06
-4.56426e-06
1.80321e-06
7.35239e-07
-1.49104e-07
-8.94673e-07
-1.51696e-06
-2.03897e-06
-2.47721e-06
-2.8393e-06
-3.15365e-06
-3.41464e-06
-3.62302e-06
-3.77918e-06
-3.89823e-06
-3.99168e-06
-4.07077e-06
2.0205e-06
1.01508e-06
1.78001e-07
-5.22338e-07
-1.10859e-06
-1.60477e-06
-2.02121e-06
-2.37424e-06
-2.67297e-06
-2.91886e-06
-3.12281e-06
-3.29036e-06
-3.42456e-06
-3.53872e-06
-3.63681e-06
2.18685e-06
1.24753e-06
4.61738e-07
-1.98774e-07
-7.55471e-07
-1.22757e-06
-1.62578e-06
-1.96552e-06
-2.25325e-06
-2.4987e-06
-2.7083e-06
-2.8883e-06
-3.04225e-06
-3.17472e-06
-3.2888e-06
2.28853e-06
1.41474e-06
6.77669e-07
5.28407e-08
-4.78047e-07
-9.31385e-07
-1.31854e-06
-1.65266e-06
-1.94119e-06
-2.19192e-06
-2.4106e-06
-2.60132e-06
-2.76737e-06
-2.91204e-06
-3.03865e-06
2.32645e-06
1.508e-06
8.11555e-07
2.16181e-07
-2.9571e-07
-7.37578e-07
-1.1242e-06
-1.45602e-06
-1.74787e-06
-2.0044e-06
-2.22998e-06
-2.4288e-06
-2.60433e-06
-2.75962e-06
-2.89749e-06
2.33209e-06
1.56213e-06
9.00633e-07
3.29501e-07
-1.66244e-07
-5.95878e-07
-9.78884e-07
-1.31267e-06
-1.60694e-06
-1.86749e-06
-2.09871e-06
-2.30437e-06
-2.48766e-06
-2.65121e-06
-2.79743e-06
2.33615e-06
1.60768e-06
9.74323e-07
4.20911e-07
-6.51064e-08
-4.9538e-07
-8.67628e-07
-1.20032e-06
-1.4969e-06
-1.76151e-06
-1.99816e-06
-2.21009e-06
-2.40006e-06
-2.57044e-06
-2.72344e-06
2.34768e-06
1.65455e-06
1.04539e-06
5.07784e-07
3.24576e-08
-3.89683e-07
-7.63957e-07
-1.09866e-06
-1.39857e-06
-1.66777e-06
-1.90979e-06
-2.1275e-06
-2.32346e-06
-2.49985e-06
-2.65874e-06
2.3696e-06
1.70717e-06
1.11893e-06
5.94929e-07
1.27659e-07
-2.90244e-07
-6.64861e-07
-1.00167e-06
-1.30517e-06
-1.579e-06
-1.82628e-06
-2.04962e-06
-2.25137e-06
-2.43352e-06
-2.59799e-06
2.40049e-06
1.76435e-06
1.19391e-06
6.8114e-07
2.20712e-07
-1.94588e-07
-5.69589e-07
-9.08825e-07
-1.21615e-06
-1.49475e-06
-1.74736e-06
-1.97636e-06
-2.18384e-06
-2.37165e-06
-2.54154e-06
2.43611e-06
1.82254e-06
1.26738e-06
7.63724e-07
3.0894e-07
-1.04607e-07
-4.80452e-07
-8.22374e-07
-1.13366e-06
-1.41704e-06
-1.67495e-06
-1.90947e-06
-2.12252e-06
-2.31578e-06
-2.49092e-06
2.47212e-06
1.87785e-06
1.33605e-06
8.42366e-07
3.90022e-07
-2.28191e-08
-3.99845e-07
-7.44526e-07
-1.05969e-06
-1.3477e-06
-1.61065e-06
-1.85042e-06
-2.06875e-06
-2.26719e-06
-2.4473e-06
2.5053e-06
1.92749e-06
1.39681e-06
9.09467e-07
4.61685e-07
4.91588e-08
-3.29163e-07
-6.76498e-07
-9.9532e-07
-1.28763e-06
-1.55528e-06
-1.79992e-06
-2.02313e-06
-2.22633e-06
-2.41102e-06
2.53388e-06
1.97022e-06
1.44901e-06
9.67831e-07
5.23016e-07
1.10756e-07
-2.68754e-07
-6.18519e-07
-9.40677e-07
-1.23691e-06
-1.50881e-06
-1.75785e-06
-1.98545e-06
-2.19294e-06
-2.38173e-06
2.55724e-06
2.00588e-06
1.49318e-06
1.01735e-06
5.73853e-07
1.62612e-07
-2.18079e-07
-5.70053e-07
-8.95196e-07
-1.19493e-06
-1.4706e-06
-1.72354e-06
-1.95502e-06
-2.16628e-06
-2.35865e-06
2.57558e-06
2.03493e-06
1.52967e-06
1.05818e-06
6.16124e-07
2.05419e-07
-1.7618e-07
-5.30133e-07
-8.5791e-07
-1.16073e-06
-1.4397e-06
-1.69605e-06
-1.9309e-06
-2.14542e-06
-2.34088e-06
2.58943e-06
2.05809e-06
1.55913e-06
1.09134e-06
6.51203e-07
2.4054e-07
-1.41992e-07
-4.97647e-07
-8.27717e-07
-1.13324e-06
-1.41506e-06
-1.67437e-06
-1.91212e-06
-2.12943e-06
-2.32751e-06
2.5995e-06
2.07626e-06
1.58274e-06
1.11797e-06
6.79881e-07
2.69333e-07
-1.14202e-07
-4.71388e-07
-8.03564e-07
-1.11138e-06
-1.39566e-06
-1.65753e-06
-1.89774e-06
-2.11744e-06
-2.31773e-06
2.60653e-06
2.09037e-06
1.60157e-06
1.13947e-06
7.02903e-07
2.92566e-07
-9.15822e-08
-4.50351e-07
-7.84325e-07
-1.09413e-06
-1.38061e-06
-1.64465e-06
-1.88696e-06
-2.10868e-06
-2.31082e-06
2.6112e-06
2.10121e-06
1.61649e-06
1.15673e-06
7.21388e-07
3.1123e-07
-7.35775e-08
-4.33561e-07
-7.69039e-07
-1.08071e-06
-1.3691e-06
-1.63492e-06
-1.87908e-06
-2.10249e-06
-2.30617e-06
2.61407e-06
2.10952e-06
1.62836e-06
1.17066e-06
7.36317e-07
3.26259e-07
-5.91473e-08
-4.2018e-07
-7.57036e-07
-1.07026e-06
-1.36028e-06
-1.6277e-06
-1.87347e-06
-2.09828e-06
-2.30329e-06
2.6156e-06
2.11612e-06
1.63824e-06
1.18243e-06
7.48962e-07
3.38951e-07
-4.7024e-08
-4.09054e-07
-7.47193e-07
-1.06185e-06
-1.35336e-06
-1.62227e-06
-1.86945e-06
-2.09555e-06
-2.30174e-06
2.61621e-06
2.12131e-06
1.64653e-06
1.19254e-06
7.59898e-07
3.49928e-07
-3.65868e-08
-3.99573e-07
-7.38933e-07
-1.05496e-06
-1.34788e-06
-1.61818e-06
-1.86665e-06
-2.09392e-06
-2.30112e-06
-1.39086e-05
-1.1468e-05
-9.97354e-06
-8.98108e-06
-8.18649e-06
-7.56981e-06
-7.07689e-06
-6.66753e-06
-6.31453e-06
-5.99568e-06
-5.69283e-06
-5.39178e-06
-5.08085e-06
-4.75191e-06
-4.40248e-06
-4.03768e-06
-3.67628e-06
-3.35675e-06
-3.13935e-06
-3.12923e-06
-3.44024e-06
-4.215e-06
-5.46854e-06
-6.86608e-06
-8.14713e-06
-9.19075e-06
-9.91756e-06
-1.02835e-05
-1.02589e-05
-9.82389e-06
-8.96838e-06
-7.69597e-06
-6.02737e-06
-4.00138e-06
-1.67342e-06
8.88047e-07
3.60537e-06
6.39485e-06
9.16681e-06
1.18221e-05
1.42371e-05
1.6257e-05
1.75599e-05
1.78921e-05
1.62394e-05
-1.21476e-05
-1.08908e-05
-9.76259e-06
-8.88028e-06
-8.13484e-06
-7.53398e-06
-7.04582e-06
-6.63748e-06
-6.28418e-06
-5.96461e-06
-5.66126e-06
-5.35947e-06
-5.04778e-06
-4.71826e-06
-4.36864e-06
-4.00425e-06
-3.64416e-06
-3.32674e-06
-3.1118e-06
-3.10365e-06
-3.41377e-06
-4.18266e-06
-5.42695e-06
-6.81389e-06
-8.08557e-06
-9.12315e-06
-9.84693e-06
-1.02123e-05
-1.01895e-05
-9.75891e-06
-8.9118e-06
-7.65361e-06
-6.00711e-06
-4.01345e-06
-1.73079e-06
7.68759e-07
3.40223e-06
6.07752e-06
8.69106e-06
1.11191e-05
1.3192e-05
1.46562e-05
1.50311e-05
1.36089e-05
9.3989e-06
-1.12229e-05
-1.04404e-05
-9.54125e-06
-8.75836e-06
-8.0677e-06
-7.48896e-06
-7.00911e-06
-6.60313e-06
-6.24995e-06
-5.92967e-06
-5.62527e-06
-5.32242e-06
-5.00978e-06
-4.67962e-06
-4.32993e-06
-3.96631e-06
-3.60814e-06
-3.29369e-06
-3.08221e-06
-3.07702e-06
-3.38668e-06
-4.14915e-06
-5.38266e-06
-6.75674e-06
-8.01665e-06
-9.0462e-06
-9.76554e-06
-1.01296e-05
-1.01086e-05
-9.68378e-06
-8.84808e-06
-7.60923e-06
-5.99275e-06
-4.04292e-06
-1.82163e-06
5.94118e-07
3.11446e-06
5.637e-06
8.04258e-06
1.0184e-05
1.18594e-05
1.27771e-05
1.24843e-05
1.04497e-05
6.47624e-06
-1.06207e-05
-1.00616e-05
-9.33992e-06
-8.63746e-06
-8.00044e-06
-7.44511e-06
-6.97407e-06
-6.56984e-06
-6.21584e-06
-5.89385e-06
-5.58752e-06
-5.28294e-06
-4.96892e-06
-4.63792e-06
-4.28821e-06
-3.92562e-06
-3.56986e-06
-3.25904e-06
-3.05173e-06
-3.05021e-06
-3.35981e-06
-4.1155e-06
-5.33723e-06
-6.69674e-06
-7.94265e-06
-8.96188e-06
-9.67444e-06
-1.0035e-05
-1.00141e-05
-9.5942e-06
-8.77057e-06
-7.554e-06
-5.97367e-06
-4.07801e-06
-1.93369e-06
3.7637e-07
2.75457e-06
5.08818e-06
7.24487e-06
9.06322e-06
1.03353e-05
1.07952e-05
1.01153e-05
8.02037e-06
4.68062e-06
-1.01393e-05
-9.71693e-06
-9.13606e-06
-8.52072e-06
-7.9351e-06
-7.40371e-06
-6.94212e-06
-6.53817e-06
-6.18191e-06
-5.85671e-06
-5.54717e-06
-5.23993e-06
-4.92403e-06
-4.5921e-06
-4.24271e-06
-3.88188e-06
-3.52959e-06
-3.22367e-06
-3.02185e-06
-3.02508e-06
-3.33508e-06
-4.0832e-06
-5.2913e-06
-6.63382e-06
-7.86302e-06
-8.86955e-06
-9.57343e-06
-9.92928e-06
-9.90839e-06
-9.49493e-06
-8.68692e-06
-7.49896e-06
-5.96453e-06
-4.13684e-06
-2.08785e-06
9.34163e-08
2.3023e-06
4.41825e-06
6.30222e-06
7.79259e-06
8.70096e-06
8.82256e-06
7.96797e-06
6.05557e-06
3.29258e-06
-9.71875e-06
-9.39016e-06
-8.91949e-06
-8.39411e-06
-7.86225e-06
-7.36025e-06
-6.91141e-06
-6.50749e-06
-6.14836e-06
-5.81857e-06
-5.50443e-06
-5.19347e-06
-4.8751e-06
-4.54221e-06
-4.19365e-06
-3.8356e-06
-3.48824e-06
-3.18897e-06
-2.99438e-06
-3.0038e-06
-3.31473e-06
-4.05427e-06
-5.24631e-06
-6.56868e-06
-7.77777e-06
-8.76878e-06
-9.4619e-06
-9.81209e-06
-9.79181e-06
-9.38738e-06
-8.60024e-06
-7.44929e-06
-5.97283e-06
-4.22913e-06
-2.29538e-06
-2.65883e-07
1.74978e-06
3.62788e-06
5.23136e-06
6.41236e-06
7.01834e-06
6.91495e-06
6.02039e-06
4.36434e-06
2.15375e-06
-9.32132e-06
-9.06302e-06
-8.68704e-06
-8.24086e-06
-7.76639e-06
-7.30654e-06
-6.87188e-06
-6.47398e-06
-6.11348e-06
-5.77876e-06
-5.45933e-06
-5.14397e-06
-4.82278e-06
-4.48907e-06
-4.14211e-06
-3.78816e-06
-3.44755e-06
-3.15708e-06
-2.97183e-06
-2.98912e-06
-3.30172e-06
-4.03141e-06
-5.20436e-06
-6.50278e-06
-7.68758e-06
-8.65968e-06
-9.33949e-06
-9.68285e-06
-9.66396e-06
-9.27185e-06
-8.51192e-06
-7.40782e-06
-6.00291e-06
-4.36038e-06
-2.5619e-06
-7.05191e-07
1.09876e-06
2.72898e-06
4.05897e-06
4.96413e-06
5.33584e-06
5.09914e-06
4.24211e-06
2.84087e-06
1.07282e-06
-8.92474e-06
-8.72053e-06
-8.42187e-06
-8.05175e-06
-7.64138e-06
-7.22315e-06
-6.814e-06
-6.42967e-06
-6.0711e-06
-5.73381e-06
-5.41019e-06
-5.09091e-06
-4.76735e-06
-4.43359e-06
-4.08951e-06
-3.74151e-06
-3.40998e-06
-3.13097e-06
-2.9576e-06
-2.98473e-06
-3.29979e-06
-4.0181e-06
-5.16824e-06
-6.43814e-06
-7.59355e-06
-8.5427e-06
-9.20621e-06
-9.54144e-06
-9.52508e-06
-9.14941e-06
-8.42425e-06
-7.37825e-06
-6.05971e-06
-4.53601e-06
-2.89168e-06
-1.22509e-06
3.55838e-07
1.73892e-06
2.815e-06
3.48781e-06
3.6871e-06
3.38321e-06
2.60115e-06
1.42642e-06
-1.38578e-09
-8.51767e-06
-8.35606e-06
-8.11973e-06
-7.81835e-06
-7.47108e-06
-7.10091e-06
-6.72645e-06
-6.36191e-06
-6.01239e-06
-5.67762e-06
-5.35316e-06
-5.03228e-06
-4.70826e-06
-4.37637e-06
-4.03741e-06
-3.69803e-06
-3.37864e-06
-3.11443e-06
-2.95595e-06
-2.99516e-06
-3.31356e-06
-4.01819e-06
-5.1412e-06
-6.37702e-06
-7.49699e-06
-8.4186e-06
-9.06232e-06
-9.38823e-06
-9.37615e-06
-9.02212e-06
-8.34066e-06
-7.36537e-06
-6.14878e-06
-4.76108e-06
-3.28728e-06
-1.82288e-06
-4.68274e-07
6.78004e-07
1.52759e-06
2.01167e-06
2.09085e-06
1.76331e-06
1.06905e-06
8.64159e-08
-1.07884e-06
-8.09332e-06
-7.96632e-06
-7.78032e-06
-7.53812e-06
-7.24986e-06
-6.93093e-06
-6.59677e-06
-6.25986e-06
-5.92752e-06
-5.60227e-06
-5.28262e-06
-4.96466e-06
-4.644e-06
-4.3175e-06
-3.98727e-06
-3.66032e-06
-3.35706e-06
-3.11174e-06
-2.97171e-06
-3.02547e-06
-3.34813e-06
-4.03704e-06
-5.12672e-06
-6.3214e-06
-7.39893e-06
-8.2887e-06
-8.90855e-06
-9.22403e-06
-9.21887e-06
-8.89295e-06
-8.26547e-06
-7.37442e-06
-6.27533e-06
-5.03911e-06
-3.74832e-06
-2.492e-06
-1.35929e-06
-4.32318e-07
2.21488e-07
5.56631e-07
5.55231e-07
2.29791e-07
-3.77405e-07
-1.20096e-06
-2.16211e-06
-7.64707e-06
-7.54925e-06
-7.4045e-06
-7.21246e-06
-6.97757e-06
-6.70913e-06
-6.41831e-06
-6.11543e-06
-5.80799e-06
-5.50007e-06
-5.19251e-06
-4.88394e-06
-4.57244e-06
-4.25664e-06
-3.94027e-06
-3.63085e-06
-3.34877e-06
-3.12721e-06
-3.00972e-06
-3.08061e-06
-3.40822e-06
-4.07859e-06
-5.12821e-06
-6.27287e-06
-7.29862e-06
-8.1538e-06
-8.74654e-06
-9.05048e-06
-9.05571e-06
-8.76563e-06
-8.20345e-06
-7.41044e-06
-6.44328e-06
-5.37103e-06
-4.27079e-06
-3.22204e-06
-2.30034e-06
-1.57095e-06
-1.08275e-06
-8.63593e-07
-9.18047e-07
-1.22826e-06
-1.75598e-06
-2.44944e-06
-3.2504e-06
-7.17661e-06
-7.10429e-06
-6.99423e-06
-6.84481e-06
-6.65725e-06
-6.43651e-06
-6.18991e-06
-5.92522e-06
-5.64902e-06
-5.36592e-06
-5.07827e-06
-4.78673e-06
-4.49162e-06
-4.19337e-06
-3.89739e-06
-3.61179e-06
-3.35682e-06
-3.16445e-06
-3.07395e-06
-3.16444e-06
-3.49722e-06
-4.14566e-06
-5.1473e-06
-6.23474e-06
-7.19869e-06
-8.00805e-06
-8.57604e-06
-8.8699e-06
-8.89006e-06
-8.64436e-06
-8.15921e-06
-7.47728e-06
-6.65406e-06
-5.75411e-06
-4.84638e-06
-3.99877e-06
-3.27263e-06
-2.71767e-06
-2.3679e-06
-2.23966e-06
-2.3294e-06
-2.61956e-06
-3.07834e-06
-3.66628e-06
-4.34054e-06
-6.68293e-06
-6.63352e-06
-6.55341e-06
-6.44066e-06
-6.29486e-06
-6.1182e-06
-5.91504e-06
-5.69074e-06
-5.4505e-06
-5.19871e-06
-4.93847e-06
-4.67185e-06
-4.401e-06
-4.12796e-06
-3.8597e-06
-3.6049e-06
-3.3834e-06
-3.22576e-06
-3.16669e-06
-3.27867e-06
-3.61607e-06
-4.23958e-06
-5.18013e-06
-6.20566e-06
-7.11555e-06
-7.85159e-06
-8.38657e-06
-8.6812e-06
-8.72447e-06
-8.53253e-06
-8.13569e-06
-7.57596e-06
-6.90503e-06
-6.18061e-06
-5.46176e-06
-4.80408e-06
-4.25541e-06
-3.85232e-06
-3.61788e-06
-3.56093e-06
-3.67674e-06
-3.9476e-06
-4.34928e-06
-4.85272e-06
-5.4265e-06
-6.17066e-06
-6.14228e-06
-6.08872e-06
-6.00812e-06
-5.89937e-06
-5.7631e-06
-5.60163e-06
-5.41841e-06
-5.21722e-06
-5.00183e-06
-4.77554e-06
-4.54119e-06
-4.3023e-06
-4.06215e-06
-3.82895e-06
-3.61189e-06
-3.42992e-06
-3.31173e-06
-3.28788e-06
-3.42216e-06
-3.76272e-06
-4.35641e-06
-5.22675e-06
-6.17843e-06
-7.02547e-06
-7.69336e-06
-8.18967e-06
-8.48903e-06
-8.56236e-06
-8.43244e-06
-8.13287e-06
-7.70287e-06
-7.18775e-06
-6.63658e-06
-6.09787e-06
-5.61544e-06
-5.22539e-06
-4.95402e-06
-4.81692e-06
-4.8188e-06
-4.95496e-06
-5.2103e-06
-5.5672e-06
-6.00402e-06
-6.49834e-06
-5.64684e-06
-5.63857e-06
-5.60937e-06
-5.55773e-06
-5.48241e-06
-5.38328e-06
-5.26143e-06
-5.11895e-06
-4.95848e-06
-4.78307e-06
-4.59585e-06
-4.4e-06
-4.19981e-06
-3.99948e-06
-3.80778e-06
-3.63445e-06
-3.49698e-06
-3.42173e-06
-3.43488e-06
-3.59066e-06
-3.93168e-06
-4.48961e-06
-5.28332e-06
-6.14996e-06
-6.91651e-06
-7.53082e-06
-8.00406e-06
-8.29915e-06
-8.4073e-06
-8.3457e-06
-8.14807e-06
-7.84974e-06
-7.48796e-06
-7.10202e-06
-6.73018e-06
-6.40598e-06
-6.15591e-06
-5.99859e-06
-5.94454e-06
-5.99649e-06
-6.15026e-06
-6.39698e-06
-6.72107e-06
-7.1077e-06
-7.54104e-06
-5.12189e-06
-5.13382e-06
-5.12795e-06
-5.10313e-06
-5.05854e-06
-4.99396e-06
-4.90975e-06
-4.80709e-06
-4.68782e-06
-4.55435e-06
-4.40959e-06
-4.25669e-06
-4.10026e-06
-3.94504e-06
-3.79975e-06
-3.6742e-06
-3.5839e-06
-3.55288e-06
-3.60251e-06
-3.77644e-06
-4.11219e-06
-4.63115e-06
-5.34187e-06
-6.11167e-06
-6.79799e-06
-7.36037e-06
-7.80434e-06
-8.10672e-06
-8.25692e-06
-8.26873e-06
-8.17372e-06
-8.00319e-06
-7.78642e-06
-7.55289e-06
-7.33124e-06
-7.14653e-06
-7.01841e-06
-6.96016e-06
-6.97898e-06
-7.07656e-06
-7.2499e-06
-7.49239e-06
-7.79498e-06
-8.14648e-06
-8.53532e-06
-4.61087e-06
-4.64408e-06
-4.66137e-06
-4.66196e-06
-4.64598e-06
-4.61366e-06
-4.56503e-06
-4.50066e-06
-4.42188e-06
-4.33071e-06
-4.22976e-06
-4.12204e-06
-4.01195e-06
-3.90447e-06
-3.80805e-06
-3.73187e-06
-3.68866e-06
-3.69921e-06
-3.78143e-06
-3.96861e-06
-4.29334e-06
-4.76908e-06
-5.39124e-06
-6.05928e-06
-6.6682e-06
-7.18258e-06
-7.60024e-06
-7.90894e-06
-8.10491e-06
-8.19197e-06
-8.19607e-06
-8.14432e-06
-8.05947e-06
-7.96247e-06
-7.8731e-06
-7.80865e-06
-7.78507e-06
-7.81298e-06
-7.89694e-06
-8.03767e-06
-8.23312e-06
-8.47913e-06
-8.76994e-06
-9.09859e-06
-9.45743e-06
-4.13627e-06
-4.18998e-06
-4.22949e-06
-4.25418e-06
-4.26513e-06
-4.26291e-06
-4.2475e-06
-4.21917e-06
-4.179e-06
-4.12871e-06
-4.07069e-06
-4.00779e-06
-3.94395e-06
-3.88412e-06
-3.83449e-06
-3.80458e-06
-3.8046e-06
-3.85107e-06
-3.96018e-06
-4.15433e-06
-4.46009e-06
-4.88647e-06
-5.4188e-06
-5.98799e-06
-6.52393e-06
-6.99331e-06
-7.38882e-06
-7.70945e-06
-7.94257e-06
-8.09974e-06
-8.1954e-06
-8.24958e-06
-8.2802e-06
-8.30208e-06
-8.32874e-06
-8.36782e-06
-8.43271e-06
-8.53728e-06
-8.68155e-06
-8.86448e-06
-9.08522e-06
-9.34191e-06
-9.63144e-06
-9.94964e-06
-1.02915e-05
-3.72153e-06
-3.79402e-06
-3.85381e-06
-3.90139e-06
-3.9376e-06
-3.96288e-06
-3.9774e-06
-3.98158e-06
-3.97643e-06
-3.96344e-06
-3.94466e-06
-3.92265e-06
-3.90078e-06
-3.8834e-06
-3.876e-06
-3.88615e-06
-3.9224e-06
-3.99694e-06
-4.12301e-06
-4.31518e-06
-4.59301e-06
-4.96535e-06
-5.41446e-06
-5.89402e-06
-6.3602e-06
-6.78431e-06
-7.15733e-06
-7.47926e-06
-7.74938e-06
-7.96803e-06
-8.14415e-06
-8.28965e-06
-8.41721e-06
-8.53685e-06
-8.65705e-06
-8.78663e-06
-8.93689e-06
-9.11321e-06
-9.3147e-06
-9.54042e-06
-9.79065e-06
-1.00658e-05
-1.0365e-05
-1.06855e-05
-1.10238e-05
-3.3887e-06
-3.47745e-06
-3.55565e-06
-3.6236e-06
-3.68177e-06
-3.7306e-06
-3.77049e-06
-3.80203e-06
-3.82618e-06
-3.84432e-06
-3.85821e-06
-3.87004e-06
-3.8826e-06
-3.89956e-06
-3.92532e-06
-3.96565e-06
-4.02727e-06
-4.1185e-06
-4.2494e-06
-4.42998e-06
-4.67359e-06
-4.99048e-06
-5.36693e-06
-5.76872e-06
-6.1701e-06
-6.55268e-06
-6.90745e-06
-7.23096e-06
-7.52255e-06
-7.78489e-06
-8.02122e-06
-8.23772e-06
-8.44227e-06
-8.64244e-06
-8.84464e-06
-9.05428e-06
-9.27548e-06
-9.51076e-06
-9.7622e-06
-1.0031e-05
-1.0317e-05
-1.06197e-05
-1.09391e-05
-1.12742e-05
-1.1623e-05
-3.15195e-06
-3.2552e-06
-3.34887e-06
-3.43305e-06
-3.50816e-06
-3.57481e-06
-3.63368e-06
-3.68544e-06
-3.73089e-06
-3.77116e-06
-3.80781e-06
-3.84275e-06
-3.87828e-06
-3.91727e-06
-3.96315e-06
-4.02018e-06
-4.09343e-06
-4.18891e-06
-4.31409e-06
-4.47671e-06
-4.68684e-06
-4.95413e-06
-5.26949e-06
-5.60839e-06
-5.95717e-06
-6.3046e-06
-6.64071e-06
-6.96086e-06
-7.26735e-06
-7.56022e-06
-7.84175e-06
-8.11299e-06
-8.37783e-06
-8.64114e-06
-8.90681e-06
-9.17761e-06
-9.45571e-06
-9.74334e-06
-1.00423e-05
-1.03535e-05
-1.06774e-05
-1.10136e-05
-1.13605e-05
-1.17174e-05
-1.20847e-05
-3.0219e-06
-3.13569e-06
-3.23959e-06
-3.33402e-06
-3.41952e-06
-3.49672e-06
-3.56633e-06
-3.62911e-06
-3.68594e-06
-3.73789e-06
-3.78631e-06
-3.83283e-06
-3.8794e-06
-3.92833e-06
-3.98238e-06
-4.04487e-06
-4.11977e-06
-4.212e-06
-4.32727e-06
-4.47209e-06
-4.65468e-06
-4.8844e-06
-5.15601e-06
-5.45021e-06
-5.75764e-06
-6.07246e-06
-6.38892e-06
-6.70523e-06
-7.01994e-06
-7.33267e-06
-7.64058e-06
-7.94515e-06
-8.24869e-06
-8.55359e-06
-8.86219e-06
-9.17621e-06
-9.49703e-06
-9.82593e-06
-1.01636e-05
-1.05108e-05
-1.08676e-05
-1.1234e-05
-1.16107e-05
-1.19973e-05
-1.23908e-05
-2.92991e-06
-3.05131e-06
-3.16238e-06
-3.26361e-06
-3.35564e-06
-3.43924e-06
-3.51516e-06
-3.58418e-06
-3.64711e-06
-3.70501e-06
-3.75916e-06
-3.8111e-06
-3.86257e-06
-3.91562e-06
-3.97263e-06
-4.03646e-06
-4.11053e-06
-4.19897e-06
-4.30666e-06
-4.43956e-06
-4.60463e-06
-4.80998e-06
-5.05263e-06
-5.31852e-06
-5.60116e-06
-5.89706e-06
-6.20184e-06
-6.51246e-06
-6.82687e-06
-7.14455e-06
-7.46484e-06
-7.78793e-06
-8.11459e-06
-8.44596e-06
-8.78319e-06
-9.12716e-06
-9.47852e-06
-9.83785e-06
-1.02056e-05
-1.05823e-05
-1.09681e-05
-1.1363e-05
-1.17668e-05
-1.21785e-05
-1.25973e-05
-2.86229e-06
-2.9894e-06
-3.10561e-06
-3.21152e-06
-3.30788e-06
-3.39543e-06
-3.47495e-06
-3.54726e-06
-3.6133e-06
-3.6742e-06
-3.73124e-06
-3.78586e-06
-3.83972e-06
-3.89473e-06
-3.95311e-06
-4.01747e-06
-4.0909e-06
-4.17706e-06
-4.28034e-06
-4.40599e-06
-4.56017e-06
-4.75014e-06
-4.97454e-06
-5.22219e-06
-5.48733e-06
-5.76744e-06
-6.05992e-06
-6.36279e-06
-6.67454e-06
-6.99452e-06
-7.32162e-06
-7.65574e-06
-7.99704e-06
-8.34585e-06
-8.70258e-06
-9.06759e-06
-9.44114e-06
-9.82351e-06
-1.02149e-05
-1.06154e-05
-1.10248e-05
-1.14429e-05
-1.18692e-05
-1.23033e-05
-1.27444e-05
-2.80305e-06
-2.935e-06
-3.05544e-06
-3.16507e-06
-3.26467e-06
-3.35508e-06
-3.43716e-06
-3.51184e-06
-3.58016e-06
-3.64324e-06
-3.70239e-06
-3.75904e-06
-3.81485e-06
-3.87167e-06
-3.93162e-06
-3.99716e-06
-4.07114e-06
-4.15692e-06
-4.25848e-06
-4.38049e-06
-4.52851e-06
-4.709e-06
-4.92094e-06
-5.155e-06
-5.40698e-06
-5.67565e-06
-5.95947e-06
-6.25655e-06
-6.56538e-06
-6.88518e-06
-7.21542e-06
-7.55572e-06
-7.90586e-06
-8.26577e-06
-8.63547e-06
-9.01501e-06
-9.40441e-06
-9.80365e-06
-1.02126e-05
-1.06311e-05
-1.10588e-05
-1.14954e-05
-1.19405e-05
-1.23934e-05
-1.28535e-05
-2.74745e-06
-2.88391e-06
-3.00829e-06
-3.12136e-06
-3.22402e-06
-3.31718e-06
-3.40177e-06
-3.47879e-06
-3.54934e-06
-3.61461e-06
-3.67594e-06
-3.73483e-06
-3.79292e-06
-3.85203e-06
-3.91422e-06
-3.98182e-06
-4.05752e-06
-4.14443e-06
-4.24618e-06
-4.36696e-06
-4.51175e-06
-4.68613e-06
-4.88931e-06
-5.114e-06
-5.35712e-06
-5.61772e-06
-5.89446e-06
-6.18599e-06
-6.49114e-06
-6.80948e-06
-7.14052e-06
-7.48376e-06
-7.83883e-06
-8.20548e-06
-8.58355e-06
-8.97289e-06
-9.37332e-06
-9.7846e-06
-1.02065e-05
-1.06386e-05
-1.10806e-05
-1.1532e-05
-1.19922e-05
-1.24606e-05
-1.29364e-05
-2.69599e-06
-2.83688e-06
-2.96516e-06
-3.08173e-06
-3.18753e-06
-3.28354e-06
-3.37076e-06
-3.45026e-06
-3.52322e-06
-3.59092e-06
-3.65475e-06
-3.71621e-06
-3.77696e-06
-3.83879e-06
-3.90374e-06
-3.97402e-06
-4.0522e-06
-4.14115e-06
-4.24422e-06
-4.36516e-06
-4.50842e-06
-4.67896e-06
-4.87616e-06
-5.09415e-06
-5.3305e-06
-5.58448e-06
-5.85469e-06
-6.14114e-06
-6.4426e-06
-6.75878e-06
-7.08912e-06
-7.43319e-06
-7.79062e-06
-8.16111e-06
-8.54439e-06
-8.94018e-06
-9.34818e-06
-9.76806e-06
-1.01994e-05
-1.06419e-05
-1.10949e-05
-1.15578e-05
-1.20301e-05
-1.2511e-05
-1.29996e-05
-2.65022e-06
-2.79543e-06
-2.92758e-06
-3.04763e-06
-3.1566e-06
-3.2555e-06
-3.34543e-06
-3.42753e-06
-3.50305e-06
-3.57333e-06
-3.63979e-06
-3.70398e-06
-3.76756e-06
-3.83232e-06
-3.90023e-06
-3.97345e-06
-4.05442e-06
-4.14578e-06
-4.25066e-06
-4.37242e-06
-4.51511e-06
-4.68307e-06
-4.87572e-06
-5.08828e-06
-5.31895e-06
-5.56731e-06
-5.8326e-06
-6.1139e-06
-6.41159e-06
-6.72501e-06
-7.0537e-06
-7.3973e-06
-7.75547e-06
-8.12788e-06
-8.51423e-06
-8.91416e-06
-9.32731e-06
-9.75328e-06
-1.01916e-05
-1.06418e-05
-1.11032e-05
-1.15752e-05
-1.2057e-05
-1.25479e-05
-1.3047e-05
-2.61119e-06
-2.76052e-06
-2.89636e-06
-3.01976e-06
-3.13178e-06
-3.2335e-06
-3.32607e-06
-3.41071e-06
-3.48874e-06
-3.56154e-06
-3.63059e-06
-3.69745e-06
-3.76379e-06
-3.83139e-06
-3.9022e-06
-3.97828e-06
-4.06197e-06
-4.15573e-06
-4.26247e-06
-4.38521e-06
-4.52763e-06
-4.69353e-06
-4.88233e-06
-5.09028e-06
-5.31605e-06
-5.55937e-06
-5.81982e-06
-6.09706e-06
-6.39104e-06
-6.70146e-06
-7.028e-06
-7.37037e-06
-7.72827e-06
-8.10138e-06
-8.48939e-06
-8.89191e-06
-9.30855e-06
-9.73886e-06
-1.01823e-05
-1.06384e-05
-1.11063e-05
-1.15855e-05
-1.20751e-05
-1.25742e-05
-1.30819e-05
-2.57913e-06
-2.73224e-06
-2.87149e-06
-2.99797e-06
-3.11279e-06
-3.21708e-06
-3.31207e-06
-3.39904e-06
-3.47936e-06
-3.55446e-06
-3.62586e-06
-3.69514e-06
-3.76398e-06
-3.83416e-06
-3.90758e-06
-3.98624e-06
-4.07236e-06
-4.16826e-06
-4.27665e-06
-4.40021e-06
-4.54237e-06
-4.70638e-06
-4.89176e-06
-5.09567e-06
-5.31712e-06
-5.55594e-06
-5.81196e-06
-6.0854e-06
-6.37585e-06
-6.68326e-06
-7.00745e-06
-7.3482e-06
-7.70527e-06
-8.07836e-06
-8.46716e-06
-8.87129e-06
-9.29033e-06
-9.72381e-06
-1.01712e-05
-1.06318e-05
-1.11051e-05
-1.15901e-05
-1.20862e-05
-1.25922e-05
-1.31073e-05
-2.5536e-06
-2.71008e-06
-2.85235e-06
-2.98154e-06
-3.09879e-06
-3.20533e-06
-3.3024e-06
-3.39138e-06
-3.47367e-06
-3.55074e-06
-3.62415e-06
-3.69551e-06
-3.76649e-06
-3.83887e-06
-3.91451e-06
-3.99535e-06
-4.08351e-06
-4.18119e-06
-4.29088e-06
-4.41503e-06
-4.55679e-06
-4.71898e-06
-4.9012e-06
-5.10144e-06
-5.31897e-06
-5.55381e-06
-5.80628e-06
-6.07572e-06
-6.36281e-06
-6.66733e-06
-6.98916e-06
-7.32816e-06
-7.68413e-06
-8.05681e-06
-8.44591e-06
-8.85105e-06
-9.27183e-06
-9.70775e-06
-1.01582e-05
-1.06227e-05
-1.11003e-05
-1.15904e-05
-1.20919e-05
-1.2604e-05
-1.31256e-05
-2.5338e-06
-2.6932e-06
-2.83805e-06
-2.96953e-06
-3.08883e-06
-3.19722e-06
-3.29602e-06
-3.38663e-06
-3.47052e-06
-3.5492e-06
-3.62424e-06
-3.69729e-06
-3.77002e-06
-3.84419e-06
-3.92163e-06
-4.00424e-06
-4.09405e-06
-4.19311e-06
-4.30377e-06
-4.42824e-06
-4.56945e-06
-4.72981e-06
-4.90909e-06
-5.10596e-06
-5.31991e-06
-5.55113e-06
-5.79993e-06
-6.06615e-06
-6.35016e-06
-6.65197e-06
-6.97155e-06
-7.30881e-06
-7.6636e-06
-8.03571e-06
-8.42486e-06
-8.8307e-06
-9.25281e-06
-9.69071e-06
-1.01438e-05
-1.06115e-05
-1.10929e-05
-1.15873e-05
-1.20938e-05
-1.26113e-05
-1.31387e-05
-2.51883e-06
-2.68069e-06
-2.82769e-06
-2.96105e-06
-3.08201e-06
-3.19187e-06
-3.29202e-06
-3.38391e-06
-3.46904e-06
-3.54896e-06
-3.62528e-06
-3.69964e-06
-3.77374e-06
-3.84932e-06
-3.92818e-06
-4.01217e-06
-4.10324e-06
-4.20333e-06
-4.31466e-06
-4.43921e-06
-4.57972e-06
-4.73825e-06
-4.91477e-06
-5.10854e-06
-5.31922e-06
-5.54715e-06
-5.79267e-06
-6.0559e-06
-6.33711e-06
-6.63645e-06
-6.95394e-06
-7.28956e-06
-7.64321e-06
-8.0147e-06
-8.40379e-06
-8.81015e-06
-9.23337e-06
-9.67296e-06
-1.01283e-05
-1.05988e-05
-1.10837e-05
-1.1582e-05
-1.20929e-05
-1.26153e-05
-1.3148e-05
-2.50782e-06
-2.67172e-06
-2.82048e-06
-2.95534e-06
-3.07759e-06
-3.18858e-06
-3.28976e-06
-3.38259e-06
-3.46864e-06
-3.54947e-06
-3.62673e-06
-3.70208e-06
-3.77721e-06
-3.85385e-06
-3.9338e-06
-4.01883e-06
-4.11083e-06
-4.21166e-06
-4.32339e-06
-4.44783e-06
-4.58753e-06
-4.74425e-06
-4.91819e-06
-5.10909e-06
-5.31679e-06
-5.54172e-06
-5.78431e-06
-6.04479e-06
-6.32348e-06
-6.62057e-06
-6.93616e-06
-7.27028e-06
-7.62287e-06
-7.99378e-06
-8.38278e-06
-8.78957e-06
-9.21376e-06
-9.65485e-06
-1.01123e-05
-1.05853e-05
-1.10732e-05
-1.15752e-05
-1.20901e-05
-1.26169e-05
-1.31544e-05
-2.50001e-06
-2.66558e-06
-2.81575e-06
-2.95178e-06
-3.07501e-06
-3.18684e-06
-3.28874e-06
-3.38225e-06
-3.46893e-06
-3.55041e-06
-3.62833e-06
-3.70438e-06
-3.78025e-06
-3.85768e-06
-3.93842e-06
-4.02421e-06
-4.11688e-06
-4.2182e-06
-4.33011e-06
-4.4543e-06
-4.59312e-06
-4.74808e-06
-4.9196e-06
-5.10785e-06
-5.31283e-06
-5.53504e-06
-5.77498e-06
-6.03299e-06
-6.3094e-06
-6.60447e-06
-6.91835e-06
-7.25111e-06
-7.60274e-06
-7.97312e-06
-8.36204e-06
-8.76921e-06
-9.19428e-06
-9.63673e-06
-1.0096e-05
-1.05714e-05
-1.10621e-05
-1.15673e-05
-1.20859e-05
-1.26168e-05
-1.31588e-05
-2.49473e-06
-2.66166e-06
-2.81294e-06
-2.94987e-06
-3.07382e-06
-3.18624e-06
-3.28864e-06
-3.38258e-06
-3.46967e-06
-3.55156e-06
-3.62993e-06
-3.70645e-06
-3.78284e-06
-3.86082e-06
-3.94211e-06
-4.02844e-06
-4.12156e-06
-4.22317e-06
-4.33511e-06
-4.45895e-06
-4.59686e-06
-4.75013e-06
-4.91939e-06
-5.10521e-06
-5.30771e-06
-5.52746e-06
-5.76502e-06
-6.02078e-06
-6.29514e-06
-6.5884e-06
-6.90075e-06
-7.23231e-06
-7.58307e-06
-7.95298e-06
-8.34183e-06
-8.74935e-06
-9.17523e-06
-9.61893e-06
-1.00799e-05
-1.05574e-05
-1.10507e-05
-1.15589e-05
-1.20809e-05
-1.26155e-05
-1.31616e-05
-2.49143e-06
-2.65945e-06
-2.8116e-06
-2.9492e-06
-3.07366e-06
-3.18648e-06
-3.28918e-06
-3.38338e-06
-3.47071e-06
-3.55284e-06
-3.63146e-06
-3.70828e-06
-3.785e-06
-3.86334e-06
-3.94501e-06
-4.03169e-06
-4.12509e-06
-4.22685e-06
-4.33871e-06
-4.46212e-06
-4.59912e-06
-4.7508e-06
-4.91797e-06
-5.10156e-06
-5.30182e-06
-5.51936e-06
-5.75479e-06
-6.00855e-06
-6.28109e-06
-6.57273e-06
-6.88371e-06
-7.21419e-06
-7.5642e-06
-7.93368e-06
-8.32248e-06
-8.73032e-06
-9.15695e-06
-9.60179e-06
-1.00643e-05
-1.05438e-05
-1.10394e-05
-1.15503e-05
-1.20753e-05
-1.26134e-05
-1.31632e-05
-2.48965e-06
-2.65855e-06
-2.81137e-06
-2.94947e-06
-3.07429e-06
-3.18734e-06
-3.29021e-06
-3.38453e-06
-3.47196e-06
-3.55419e-06
-3.63294e-06
-3.70991e-06
-3.78683e-06
-3.86539e-06
-3.94729e-06
-4.03418e-06
-4.12774e-06
-4.22952e-06
-4.34121e-06
-4.46416e-06
-4.60026e-06
-4.75043e-06
-4.91565e-06
-5.0972e-06
-5.29543e-06
-5.51099e-06
-5.7445e-06
-5.99648e-06
-6.26738e-06
-6.55758e-06
-6.86735e-06
-7.19687e-06
-7.54622e-06
-7.91534e-06
-8.30413e-06
-8.71241e-06
-9.13963e-06
-9.58544e-06
-1.00494e-05
-1.05306e-05
-1.10284e-05
-1.15417e-05
-1.20696e-05
-1.26107e-05
-1.3164e-05
-2.48907e-06
-2.6587e-06
-2.81206e-06
-2.95053e-06
-3.07559e-06
-3.18877e-06
-3.2917e-06
-3.38602e-06
-3.47344e-06
-3.55566e-06
-3.63442e-06
-3.71144e-06
-3.78844e-06
-3.86711e-06
-3.94914e-06
-4.03615e-06
-4.12975e-06
-4.23148e-06
-4.34292e-06
-4.46535e-06
-4.60052e-06
-4.7492e-06
-4.9125e-06
-5.09208e-06
-5.28837e-06
-5.50204e-06
-5.73375e-06
-5.98403e-06
-6.25338e-06
-6.54221e-06
-6.85083e-06
-7.17945e-06
-7.52817e-06
-7.89695e-06
-8.28572e-06
-8.69429e-06
-9.1222e-06
-9.56913e-06
-1.00343e-05
-1.05172e-05
-1.1017e-05
-1.15328e-05
-1.20633e-05
-1.26075e-05
-1.31639e-05
-2.48931e-06
-2.65964e-06
-2.81345e-06
-2.95218e-06
-3.07734e-06
-3.19054e-06
-3.29342e-06
-3.38767e-06
-3.47499e-06
-3.55714e-06
-3.63583e-06
-3.71283e-06
-3.78983e-06
-3.86854e-06
-3.95062e-06
-4.03766e-06
-4.13126e-06
-4.23287e-06
-4.34402e-06
-4.46593e-06
-4.60023e-06
-4.74748e-06
-4.90891e-06
-5.08652e-06
-5.28086e-06
-5.4926e-06
-5.72243e-06
-5.97096e-06
-6.23877e-06
-6.52625e-06
-6.83373e-06
-7.16146e-06
-7.50955e-06
-7.87801e-06
-8.26676e-06
-8.67562e-06
-9.10419e-06
-9.5521e-06
-1.00187e-05
-1.05033e-05
-1.10052e-05
-1.15233e-05
-1.20565e-05
-1.26037e-05
-1.31635e-05
-1.24479e-06
-7.69654e-06
-9.33514e-06
-1.03286e-05
-1.13669e-05
-1.24428e-05
-1.35485e-05
-1.4679e-05
-1.583e-05
-1.70011e-05
-1.81942e-05
-1.94163e-05
-2.06818e-05
-2.2018e-05
-2.34752e-05
4.25102e-08
-5.50272e-06
-8.03496e-06
-9.6428e-06
-1.09949e-05
-1.22288e-05
-1.34196e-05
-1.45995e-05
-1.57807e-05
-1.69703e-05
-1.81747e-05
-1.94035e-05
-2.06724e-05
-2.20096e-05
-2.34655e-05
6.36716e-07
-4.19772e-06
-7.11283e-06
-9.07827e-06
-1.06567e-05
-1.20273e-05
-1.32981e-05
-1.45256e-05
-1.57356e-05
-1.69428e-05
-1.81577e-05
-1.93923e-05
-2.06638e-05
-2.20012e-05
-2.34552e-05
5.42423e-07
-3.51576e-06
-6.46337e-06
-8.62251e-06
-1.0358e-05
-1.18427e-05
-1.31872e-05
-1.446e-05
-1.56973e-05
-1.69207e-05
-1.81447e-05
-1.93838e-05
-2.06568e-05
-2.19934e-05
-2.34444e-05
1.33478e-07
-3.09265e-06
-5.91601e-06
-8.18366e-06
-1.00477e-05
-1.16419e-05
-1.30649e-05
-1.43884e-05
-1.56569e-05
-1.68984e-05
-1.81323e-05
-1.93759e-05
-2.06498e-05
-2.19848e-05
-2.34317e-05
-3.24877e-07
-2.95407e-06
-5.51291e-06
-7.77188e-06
-9.71723e-06
-1.14082e-05
-1.29135e-05
-1.42961e-05
-1.56033e-05
-1.68684e-05
-1.81153e-05
-1.9365e-05
-2.06404e-05
-2.19735e-05
-2.34156e-05
-8.94211e-07
-3.04766e-06
-5.29364e-06
-7.4407e-06
-9.39664e-06
-1.11499e-05
-1.27277e-05
-1.41724e-05
-1.55254e-05
-1.6821e-05
-1.80862e-05
-1.93456e-05
-2.06243e-05
-2.19563e-05
-2.33934e-05
-1.58169e-06
-3.34806e-06
-5.27961e-06
-7.24416e-06
-9.13518e-06
-1.08976e-05
-1.25198e-05
-1.40171e-05
-1.54166e-05
-1.67475e-05
-1.80367e-05
-1.93103e-05
-2.05958e-05
-2.19285e-05
-2.33612e-05
-2.36507e-06
-3.82179e-06
-5.46487e-06
-7.21366e-06
-8.97961e-06
-1.06939e-05
-1.23189e-05
-1.3845e-05
-1.52809e-05
-1.66455e-05
-1.7961e-05
-1.92526e-05
-2.05483e-05
-2.18845e-05
-2.3314e-05
-3.2222e-06
-4.43261e-06
-5.82472e-06
-7.35422e-06
-8.95923e-06
-1.05772e-05
-1.21604e-05
-1.36818e-05
-1.51335e-05
-1.65212e-05
-1.78595e-05
-1.91693e-05
-2.04773e-05
-2.18189e-05
-2.32466e-05
-4.13408e-06
-5.14785e-06
-6.32766e-06
-7.65196e-06
-9.0826e-06
-1.05721e-05
-1.20748e-05
-1.35561e-05
-1.49961e-05
-1.63889e-05
-1.77395e-05
-1.90629e-05
-2.03816e-05
-2.1729e-05
-2.3155e-05
-5.08484e-06
-5.94059e-06
-6.94305e-06
-8.08397e-06
-9.34252e-06
-1.06872e-05
-1.20814e-05
-1.34912e-05
-1.48909e-05
-1.6266e-05
-1.76133e-05
-1.89402e-05
-2.02643e-05
-2.16147e-05
-2.30373e-05
-6.05989e-06
-6.78813e-06
-7.64339e-06
-8.62478e-06
-9.72276e-06
-1.0919e-05
-1.21882e-05
-1.35023e-05
-1.48357e-05
-1.61698e-05
-1.74948e-05
-1.88115e-05
-2.01317e-05
-2.14792e-05
-2.28941e-05
-7.04353e-06
-7.66902e-06
-8.403e-06
-9.2483e-06
-1.02022e-05
-1.12558e-05
-1.23939e-05
-1.35969e-05
-1.48433e-05
-1.61145e-05
-1.73976e-05
-1.86882e-05
-1.99923e-05
-2.13279e-05
-2.27283e-05
-8.01726e-06
-8.56096e-06
-9.19632e-06
-9.92785e-06
-1.07565e-05
-1.16796e-05
-1.26896e-05
-1.37749e-05
-1.49206e-05
-1.61112e-05
-1.73341e-05
-1.85821e-05
-1.98562e-05
-2.11684e-05
-2.25449e-05
-8.95959e-06
-9.44012e-06
-9.99734e-06
-1.06363e-05
-1.13598e-05
-1.21685e-05
-1.30603e-05
-1.40301e-05
-1.50693e-05
-1.61677e-05
-1.73152e-05
-1.85046e-05
-1.97344e-05
-2.10107e-05
-2.23519e-05
-9.84599e-06
-1.0281e-05
-1.07794e-05
-1.13463e-05
-1.19851e-05
-1.26984e-05
-1.34873e-05
-1.43508e-05
-1.52861e-05
-1.62877e-05
-1.73499e-05
-1.84672e-05
-1.96377e-05
-2.08645e-05
-2.21587e-05
-1.06576e-05
-1.10622e-05
-1.15193e-05
-1.20332e-05
-1.26078e-05
-1.32462e-05
-1.3951e-05
-1.47236e-05
-1.55646e-05
-1.64728e-05
-1.74463e-05
-1.84832e-05
-1.95818e-05
-2.07445e-05
-2.19776e-05
-1.13814e-05
-1.17706e-05
-1.22028e-05
-1.26817e-05
-1.32108e-05
-1.37935e-05
-1.4433e-05
-1.51323e-05
-1.58936e-05
-1.67188e-05
-1.76088e-05
-1.85643e-05
-1.95861e-05
-2.06756e-05
-2.18338e-05
-1.19874e-05
-1.23776e-05
-1.28027e-05
-1.32658e-05
-1.37696e-05
-1.43174e-05
-1.49127e-05
-1.55589e-05
-1.62594e-05
-1.70173e-05
-1.78355e-05
-1.87163e-05
-1.96614e-05
-2.06719e-05
-2.17472e-05
-1.24661e-05
-1.28698e-05
-1.33016e-05
-1.37638e-05
-1.42594e-05
-1.47915e-05
-1.5363e-05
-1.5977e-05
-1.6637e-05
-1.73464e-05
-1.81086e-05
-1.89264e-05
-1.98021e-05
-2.07362e-05
-2.17271e-05
-1.27942e-05
-1.32176e-05
-1.36658e-05
-1.41389e-05
-1.46395e-05
-1.51709e-05
-1.57352e-05
-1.63348e-05
-1.69728e-05
-1.76524e-05
-1.83766e-05
-1.91479e-05
-1.99684e-05
-2.08387e-05
-2.17584e-05
-1.30261e-05
-1.34711e-05
-1.39367e-05
-1.4424e-05
-1.49348e-05
-1.54715e-05
-1.60361e-05
-1.66304e-05
-1.72568e-05
-1.79176e-05
-1.86154e-05
-1.93523e-05
-2.01303e-05
-2.09503e-05
-2.1812e-05
-1.31946e-05
-1.36589e-05
-1.41422e-05
-1.46458e-05
-1.51684e-05
-1.57115e-05
-1.62787e-05
-1.68715e-05
-1.74908e-05
-1.81385e-05
-1.88164e-05
-1.95266e-05
-2.02704e-05
-2.10482e-05
-2.18596e-05
-1.33222e-05
-1.38044e-05
-1.43031e-05
-1.48188e-05
-1.53519e-05
-1.59033e-05
-1.64744e-05
-1.70665e-05
-1.76805e-05
-1.83178e-05
-1.89796e-05
-1.96675e-05
-2.03821e-05
-2.11236e-05
-2.1892e-05
-1.34209e-05
-1.39177e-05
-1.44293e-05
-1.49558e-05
-1.54978e-05
-1.60556e-05
-1.663e-05
-1.72217e-05
-1.78313e-05
-1.84597e-05
-1.91078e-05
-1.97763e-05
-2.04659e-05
-2.11764e-05
-2.1908e-05
-1.34968e-05
-1.40057e-05
-1.45279e-05
-1.50636e-05
-1.56128e-05
-1.61758e-05
-1.67526e-05
-1.73437e-05
-1.79494e-05
-1.857e-05
-1.92061e-05
-1.9858e-05
-2.05261e-05
-2.12101e-05
-2.191e-05
-1.35547e-05
-1.40735e-05
-1.46046e-05
-1.51479e-05
-1.57031e-05
-1.62702e-05
-1.6849e-05
-1.74395e-05
-1.80416e-05
-1.86555e-05
-1.92813e-05
-1.99191e-05
-2.05687e-05
-2.123e-05
-2.19025e-05
-1.35985e-05
-1.41257e-05
-1.46643e-05
-1.5214e-05
-1.57744e-05
-1.6345e-05
-1.69254e-05
-1.75154e-05
-1.81147e-05
-1.87229e-05
-1.934e-05
-1.99657e-05
-2.05996e-05
-2.12415e-05
-2.18907e-05
-1.36315e-05
-1.41659e-05
-1.47111e-05
-1.52665e-05
-1.58314e-05
-1.64052e-05
-1.69874e-05
-1.75772e-05
-1.81742e-05
-1.87778e-05
-1.93876e-05
-2.00031e-05
-2.06237e-05
-2.1249e-05
-2.18782e-05
-1.36565e-05
-1.41974e-05
-1.47485e-05
-1.5309e-05
-1.58781e-05
-1.64551e-05
-1.70389e-05
-1.76289e-05
-1.82242e-05
-1.88241e-05
-1.94279e-05
-2.00349e-05
-2.06443e-05
-2.12554e-05
-2.18674e-05
-1.36756e-05
-1.42224e-05
-1.47789e-05
-1.53442e-05
-1.59173e-05
-1.64972e-05
-1.70829e-05
-1.76734e-05
-1.82676e-05
-1.88646e-05
-1.94635e-05
-2.00633e-05
-2.06631e-05
-2.12622e-05
-2.18593e-05
-1.36904e-05
-1.42426e-05
-1.48041e-05
-1.53739e-05
-1.59508e-05
-1.65337e-05
-1.71213e-05
-1.77124e-05
-1.8306e-05
-1.89008e-05
-1.94956e-05
-2.00895e-05
-2.06813e-05
-2.127e-05
-2.18543e-05
-1.37019e-05
-1.42591e-05
-1.48253e-05
-1.53993e-05
-1.59798e-05
-1.65656e-05
-1.71551e-05
-1.77472e-05
-1.83405e-05
-1.89336e-05
-1.95252e-05
-2.01141e-05
-2.06989e-05
-2.12788e-05
-2.18521e-05
-1.3711e-05
-1.42728e-05
-1.48433e-05
-1.54213e-05
-1.60052e-05
-1.65937e-05
-1.71853e-05
-1.77784e-05
-1.83716e-05
-1.89634e-05
-1.95524e-05
-2.01372e-05
-2.07162e-05
-2.12884e-05
-2.18521e-05
-1.37181e-05
-1.42842e-05
-1.48587e-05
-1.54403e-05
-1.60275e-05
-1.66186e-05
-1.72121e-05
-1.78064e-05
-1.83998e-05
-1.89907e-05
-1.95775e-05
-2.01588e-05
-2.07328e-05
-2.12984e-05
-2.18538e-05
-1.37236e-05
-1.42936e-05
-1.48718e-05
-1.54568e-05
-1.6047e-05
-1.66406e-05
-1.7236e-05
-1.78314e-05
-1.84251e-05
-1.90154e-05
-1.96005e-05
-2.01788e-05
-2.07486e-05
-2.13086e-05
-2.18568e-05
-1.3728e-05
-1.43015e-05
-1.48831e-05
-1.54712e-05
-1.60641e-05
-1.66601e-05
-1.72573e-05
-1.78539e-05
-1.8448e-05
-1.90378e-05
-1.96215e-05
-2.01973e-05
-2.07636e-05
-2.13187e-05
-2.18607e-05
-1.37314e-05
-1.43084e-05
-1.48933e-05
-1.54844e-05
-1.60801e-05
-1.66783e-05
-1.72773e-05
-1.78751e-05
-1.84697e-05
-1.90592e-05
-1.96418e-05
-2.02154e-05
-2.07784e-05
-2.13291e-05
-2.18654e-05
-1.37343e-05
-1.43147e-05
-1.49029e-05
-1.54972e-05
-1.60956e-05
-1.66962e-05
-1.7297e-05
-1.78961e-05
-1.84913e-05
-1.90806e-05
-1.9662e-05
-2.02336e-05
-2.07934e-05
-2.13398e-05
-2.18705e-05
-5.12439e-06
-5.11959e-06
-5.12183e-06
-5.13012e-06
-5.14373e-06
-5.16231e-06
-5.18582e-06
-5.21423e-06
-5.24708e-06
-5.28498e-06
-5.32838e-06
-5.37768e-06
-5.43331e-06
-5.49568e-06
-5.56507e-06
-5.64158e-06
-5.7251e-06
-5.81518e-06
-5.91104e-06
-6.01135e-06
-6.11395e-06
-6.21576e-06
-6.31018e-06
-6.38885e-06
-6.44505e-06
-6.47257e-06
-6.46567e-06
-6.42011e-06
-6.33431e-06
-6.2102e-06
-6.04938e-06
-5.85761e-06
-5.64967e-06
-5.44368e-06
-5.256e-06
-5.10182e-06
-4.99511e-06
-4.94428e-06
-4.94982e-06
-5.00377e-06
-5.09084e-06
-5.19168e-06
-5.2853e-06
-5.34986e-06
-5.36929e-06
-5.12452e-06
-5.12022e-06
-5.12165e-06
-5.12746e-06
-5.13711e-06
-5.15045e-06
-5.16733e-06
-5.18789e-06
-5.21286e-06
-5.24221e-06
-5.2763e-06
-5.31563e-06
-5.36069e-06
-5.41198e-06
-5.47006e-06
-5.53543e-06
-5.60848e-06
-5.68942e-06
-5.77798e-06
-5.87327e-06
-5.97374e-06
-6.07669e-06
-6.17479e-06
-6.25901e-06
-6.32289e-06
-6.36063e-06
-6.36691e-06
-6.33772e-06
-6.27114e-06
-6.1676e-06
-6.03052e-06
-5.86997e-06
-5.69867e-06
-5.52747e-06
-5.37141e-06
-5.24642e-06
-5.16381e-06
-5.12877e-06
-5.13933e-06
-5.18667e-06
-5.25697e-06
-5.33452e-06
-5.40471e-06
-5.45558e-06
-5.48139e-06
-5.10875e-06
-5.10671e-06
-5.10889e-06
-5.11429e-06
-5.12258e-06
-5.13375e-06
-5.14789e-06
-5.16509e-06
-5.18566e-06
-5.20997e-06
-5.23849e-06
-5.27175e-06
-5.31038e-06
-5.35506e-06
-5.40659e-06
-5.46583e-06
-5.53378e-06
-5.61145e-06
-5.69981e-06
-5.79962e-06
-5.91117e-06
-6.03368e-06
-6.15972e-06
-6.27758e-06
-6.3781e-06
-6.45282e-06
-6.4936e-06
-6.49406e-06
-6.45066e-06
-6.36326e-06
-6.23433e-06
-6.07374e-06
-5.89442e-06
-5.71166e-06
-5.54251e-06
-5.4034e-06
-5.3072e-06
-5.26069e-06
-5.26308e-06
-5.30622e-06
-5.3765e-06
-5.45802e-06
-5.53596e-06
-5.60093e-06
-5.65094e-06
-5.08442e-06
-5.08583e-06
-5.08926e-06
-5.09458e-06
-5.1017e-06
-5.11076e-06
-5.1219e-06
-5.13536e-06
-5.15153e-06
-5.17085e-06
-5.1939e-06
-5.22136e-06
-5.25402e-06
-5.29288e-06
-5.33913e-06
-5.39427e-06
-5.46016e-06
-5.53912e-06
-5.63392e-06
-5.74776e-06
-5.88398e-06
-6.04487e-06
-6.22241e-06
-6.39953e-06
-6.56179e-06
-6.69582e-06
-6.78873e-06
-6.83114e-06
-6.81767e-06
-6.74731e-06
-6.62486e-06
-6.4581e-06
-6.26127e-06
-6.05188e-06
-5.84971e-06
-5.67445e-06
-5.54271e-06
-5.46503e-06
-5.44372e-06
-5.47251e-06
-5.5382e-06
-5.62374e-06
-5.7123e-06
-5.79392e-06
-5.8686e-06
-5.05666e-06
-5.06149e-06
-5.06649e-06
-5.07199e-06
-5.07839e-06
-5.08577e-06
-5.09437e-06
-5.10454e-06
-5.11673e-06
-5.13152e-06
-5.14955e-06
-5.17168e-06
-5.19894e-06
-5.23265e-06
-5.27455e-06
-5.32693e-06
-5.39283e-06
-5.47632e-06
-5.58262e-06
-5.71828e-06
-5.89083e-06
-6.10687e-06
-6.35757e-06
-6.6173e-06
-6.8636e-06
-7.07602e-06
-7.23566e-06
-7.33137e-06
-7.35755e-06
-7.31207e-06
-7.19752e-06
-7.0232e-06
-6.80311e-06
-6.55647e-06
-6.30598e-06
-6.07556e-06
-5.88721e-06
-5.75737e-06
-5.69369e-06
-5.69352e-06
-5.74484e-06
-5.8292e-06
-5.92655e-06
-6.0249e-06
-6.12518e-06
-5.02885e-06
-5.0369e-06
-5.04335e-06
-5.04924e-06
-5.0551e-06
-5.06112e-06
-5.06758e-06
-5.0749e-06
-5.0836e-06
-5.09431e-06
-5.10783e-06
-5.12512e-06
-5.14749e-06
-5.17663e-06
-5.21485e-06
-5.26536e-06
-5.33259e-06
-5.42265e-06
-5.54377e-06
-5.70656e-06
-5.92362e-06
-6.20694e-06
-6.54663e-06
-6.90525e-06
-7.24934e-06
-7.55009e-06
-7.78719e-06
-7.9475e-06
-8.02287e-06
-8.01066e-06
-7.91004e-06
-7.73032e-06
-7.48647e-06
-7.19878e-06
-6.89232e-06
-6.59518e-06
-6.3354e-06
-6.13673e-06
-6.01406e-06
-5.97025e-06
-5.99586e-06
-6.07148e-06
-6.17354e-06
-6.28725e-06
-6.4136e-06
-5.00379e-06
-5.01458e-06
-5.02246e-06
-5.02868e-06
-5.03409e-06
-5.03893e-06
-5.0435e-06
-5.04823e-06
-5.05371e-06
-5.06062e-06
-5.06985e-06
-5.08251e-06
-5.10012e-06
-5.12474e-06
-5.1593e-06
-5.20793e-06
-5.27654e-06
-5.3735e-06
-5.51033e-06
-5.70223e-06
-5.96742e-06
-6.32376e-06
-6.76031e-06
-7.22487e-06
-7.67143e-06
-8.06854e-06
-8.39483e-06
-8.62982e-06
-8.75795e-06
-8.77657e-06
-8.69152e-06
-8.51091e-06
-8.2483e-06
-7.92378e-06
-7.56356e-06
-7.1988e-06
-6.86295e-06
-6.58718e-06
-6.39473e-06
-6.2957e-06
-6.28497e-06
-6.34357e-06
-6.44488e-06
-6.57128e-06
-6.72341e-06
-4.98326e-06
-4.99655e-06
-5.00561e-06
-5.01214e-06
-5.01718e-06
-5.02097e-06
-5.02377e-06
-5.02607e-06
-5.02845e-06
-5.03164e-06
-5.03657e-06
-5.04447e-06
-5.05706e-06
-5.07673e-06
-5.10695e-06
-5.15278e-06
-5.22162e-06
-5.32411e-06
-5.4752e-06
-5.69501e-06
-6.00779e-06
-6.43703e-06
-6.97204e-06
-7.54491e-06
-8.09789e-06
-8.59234e-06
-8.99831e-06
-9.29512e-06
-9.47114e-06
-9.52608e-06
-9.46187e-06
-9.28658e-06
-9.0136e-06
-8.66236e-06
-8.25887e-06
-7.83556e-06
-7.42952e-06
-7.07822e-06
-6.81323e-06
-6.65294e-06
-6.59833e-06
-6.63269e-06
-6.72771e-06
-6.86346e-06
-7.04027e-06
-4.96862e-06
-4.98402e-06
-4.99417e-06
-5.00101e-06
-5.00572e-06
-5.00851e-06
-5.00963e-06
-5.00953e-06
-5.00879e-06
-5.00816e-06
-5.00859e-06
-5.01137e-06
-5.01836e-06
-5.03221e-06
-5.05691e-06
-5.09836e-06
-5.16535e-06
-5.27073e-06
-5.43286e-06
-5.67691e-06
-6.03367e-06
-6.53032e-06
-7.15931e-06
-7.83482e-06
-8.4861e-06
-9.06665e-06
-9.54317e-06
-9.89625e-06
-1.01179e-05
-1.02031e-05
-1.01591e-05
-9.99344e-06
-9.71872e-06
-9.35303e-06
-8.92085e-06
-8.45395e-06
-7.99076e-06
-7.57315e-06
-7.24013e-06
-7.01842e-06
-6.91646e-06
-6.92168e-06
-7.00578e-06
-7.14755e-06
-7.3472e-06
-4.96063e-06
-4.97796e-06
-4.98911e-06
-4.99626e-06
-5.00067e-06
-5.00248e-06
-5.0019e-06
-4.99935e-06
-4.99538e-06
-4.9907e-06
-4.98624e-06
-4.98333e-06
-4.9839e-06
-4.99083e-06
-5.00849e-06
-5.04353e-06
-5.10603e-06
-5.21093e-06
-5.37978e-06
-5.64276e-06
-6.03819e-06
-6.59313e-06
-7.30778e-06
-8.07596e-06
-8.81377e-06
-9.46838e-06
-1.00047e-05
-1.04041e-05
-1.06603e-05
-1.07724e-05
-1.07473e-05
-1.0594e-05
-1.03246e-05
-9.95571e-06
-9.5091e-06
-9.01436e-06
-8.50924e-06
-8.03783e-06
-7.64551e-06
-7.36641e-06
-7.2171e-06
-7.19071e-06
-7.26061e-06
-7.40551e-06
-7.62598e-06
-4.9598e-06
-4.97896e-06
-4.9911e-06
-4.99856e-06
-5.00267e-06
-5.00349e-06
-5.00116e-06
-4.99604e-06
-4.98861e-06
-4.97952e-06
-4.96968e-06
-4.96038e-06
-4.95359e-06
-4.95231e-06
-4.96124e-06
-4.98767e-06
-5.04281e-06
-5.14355e-06
-5.31438e-06
-5.58982e-06
-6.01562e-06
-6.62338e-06
-7.41142e-06
-8.26053e-06
-9.07236e-06
-9.78877e-06
-1.03734e-05
-1.08091e-05
-1.10918e-05
-1.12247e-05
-1.12162e-05
-1.10764e-05
-1.08172e-05
-1.04531e-05
-1.0003e-05
-9.49318e-06
-8.95923e-06
-8.44558e-06
-8.00397e-06
-7.67316e-06
-7.4783e-06
-7.41949e-06
-7.47309e-06
-7.61883e-06
-7.85819e-06
-4.96638e-06
-4.98741e-06
-5.00056e-06
-5.00836e-06
-5.01219e-06
-5.01198e-06
-5.00779e-06
-4.9999e-06
-4.98872e-06
-4.9748e-06
-4.95899e-06
-4.94251e-06
-4.92732e-06
-4.9165e-06
-4.915e-06
-4.93062e-06
-4.9756e-06
-5.06857e-06
-5.23687e-06
-5.51877e-06
-5.96429e-06
-6.62093e-06
-7.47078e-06
-8.38831e-06
-9.26221e-06
-1.00291e-05
-1.06519e-05
-1.11153e-05
-1.14181e-05
-1.15671e-05
-1.15727e-05
-1.14463e-05
-1.11994e-05
-1.08444e-05
-1.03971e-05
-9.88022e-06
-9.3261e-06
-8.77778e-06
-8.29618e-06
-7.91907e-06
-7.68049e-06
-7.58905e-06
-7.62494e-06
-7.76961e-06
-8.02606e-06
-4.98051e-06
-5.00354e-06
-5.01779e-06
-5.02598e-06
-5.02952e-06
-5.02823e-06
-5.02204e-06
-5.01114e-06
-4.99584e-06
-4.97661e-06
-4.95418e-06
-4.92971e-06
-4.90508e-06
-4.88342e-06
-4.86984e-06
-4.8726e-06
-4.90481e-06
-4.98672e-06
-5.14834e-06
-5.43164e-06
-5.88985e-06
-6.58633e-06
-7.4884e-06
-8.46374e-06
-9.38943e-06
-1.01976e-05
-1.08504e-05
-1.13349e-05
-1.16531e-05
-1.18146e-05
-1.18321e-05
-1.17178e-05
-1.14829e-05
-1.11375e-05
-1.06947e-05
-1.01739e-05
-9.60413e-06
-9.02454e-06
-8.50612e-06
-8.08787e-06
-7.80693e-06
-7.68257e-06
-7.69951e-06
-7.84134e-06
-8.11307e-06
-5.00228e-06
-5.02754e-06
-5.04301e-06
-5.05167e-06
-5.05492e-06
-5.05245e-06
-5.04408e-06
-5.02987e-06
-5.01006e-06
-4.98498e-06
-4.95527e-06
-4.92197e-06
-4.8869e-06
-4.85317e-06
-4.82601e-06
-4.81406e-06
-4.83123e-06
-4.89925e-06
-5.05061e-06
-5.33106e-06
-5.79791e-06
-6.52271e-06
-7.46936e-06
-8.49404e-06
-9.46316e-06
-1.03053e-05
-1.09824e-05
-1.14835e-05
-1.18135e-05
-1.19848e-05
-1.20117e-05
-1.19072e-05
-1.16813e-05
-1.13429e-05
-1.09021e-05
-1.03758e-05
-9.79062e-06
-9.18386e-06
-8.62333e-06
-8.16478e-06
-7.84326e-06
-7.68575e-06
-7.68235e-06
-7.81937e-06
-8.10437e-06
-5.03182e-06
-5.05958e-06
-5.07646e-06
-5.08564e-06
-5.08858e-06
-5.08481e-06
-5.07402e-06
-5.05617e-06
-5.03138e-06
-4.9999e-06
-4.96223e-06
-4.9193e-06
-4.87285e-06
-4.82593e-06
-4.78388e-06
-4.75564e-06
-4.75586e-06
-4.80763e-06
-4.94576e-06
-5.21971e-06
-5.69151e-06
-6.43559e-06
-7.42087e-06
-8.48752e-06
-9.49349e-06
-1.03641e-05
-1.10613e-05
-1.15759e-05
-1.19154e-05
-1.20941e-05
-1.21276e-05
-1.2029e-05
-1.18075e-05
-1.14704e-05
-1.10259e-05
-1.04885e-05
-9.88381e-06
-9.24966e-06
-8.64199e-06
-8.14097e-06
-7.7792e-06
-7.58712e-06
-7.56128e-06
-7.69102e-06
-7.98695e-06
-5.06927e-06
-5.09989e-06
-5.11835e-06
-5.12813e-06
-5.13071e-06
-5.12546e-06
-5.11195e-06
-5.09006e-06
-5.0598e-06
-5.02133e-06
-4.97503e-06
-4.92171e-06
-4.86301e-06
-4.80194e-06
-4.74387e-06
-4.69804e-06
-4.67975e-06
-4.71342e-06
-4.83594e-06
-5.10028e-06
-5.57314e-06
-6.33203e-06
-7.34931e-06
-8.45202e-06
-9.48987e-06
-1.03851e-05
-1.10995e-05
-1.16256e-05
-1.19725e-05
-1.21563e-05
-1.21929e-05
-1.20952e-05
-1.18716e-05
-1.15281e-05
-1.10714e-05
-1.05148e-05
-9.88259e-06
-9.21515e-06
-8.55948e-06
-8.00929e-06
-7.60597e-06
-7.37685e-06
-7.32592e-06
-7.44542e-06
-7.74953e-06
-5.11486e-06
-5.14874e-06
-5.16899e-06
-5.17939e-06
-5.1815e-06
-5.17453e-06
-5.15793e-06
-5.13152e-06
-5.09523e-06
-5.04915e-06
-4.99358e-06
-4.92915e-06
-4.85743e-06
-4.7814e-06
-4.70641e-06
-4.64196e-06
-4.60399e-06
-4.61814e-06
-4.72313e-06
-4.97565e-06
-5.44624e-06
-6.21633e-06
-7.26077e-06
-8.39509e-06
-9.46097e-06
-1.03779e-05
-1.11075e-05
-1.16433e-05
-1.19958e-05
-1.21819e-05
-1.22176e-05
-1.21148e-05
-1.18813e-05
-1.15219e-05
-1.10426e-05
-1.04569e-05
-9.78516e-06
-9.07569e-06
-8.3735e-06
-7.76691e-06
-7.31453e-06
-7.04621e-06
-6.96775e-06
-7.07361e-06
-7.38279e-06
-5.16893e-06
-5.2065e-06
-5.22873e-06
-5.23973e-06
-5.24119e-06
-5.23215e-06
-5.21199e-06
-5.18047e-06
-5.13751e-06
-5.08316e-06
-5.01771e-06
-4.94152e-06
-4.85611e-06
-4.76448e-06
-4.67189e-06
-4.58808e-06
-4.52958e-06
-4.52304e-06
-4.60951e-06
-4.84833e-06
-5.31424e-06
-6.09265e-06
-7.16046e-06
-8.32286e-06
-9.41378e-06
-1.03502e-05
-1.10933e-05
-1.16375e-05
-1.19938e-05
-1.21792e-05
-1.22091e-05
-1.20946e-05
-1.18422e-05
-1.14562e-05
-1.09424e-05
-1.03137e-05
-9.5955e-06
-8.83276e-06
-8.07391e-06
-7.40864e-06
-6.90198e-06
-6.59e-06
-6.48048e-06
-6.56866e-06
-6.87952e-06
-5.23191e-06
-5.27364e-06
-5.298e-06
-5.30951e-06
-5.31002e-06
-5.29844e-06
-5.27409e-06
-5.23678e-06
-5.18641e-06
-5.12308e-06
-5.04712e-06
-4.95867e-06
-4.85896e-06
-4.75127e-06
-4.64062e-06
-4.53696e-06
-4.45737e-06
-4.42957e-06
-4.49656e-06
-4.72053e-06
-5.18006e-06
-5.96452e-06
-7.05282e-06
-8.24031e-06
-9.35393e-06
-1.03081e-05
-1.10635e-05
-1.16146e-05
-1.19727e-05
-1.21539e-05
-1.21728e-05
-1.20392e-05
-1.17585e-05
-1.13346e-05
-1.07737e-05
-1.009e-05
-9.31102e-06
-8.48167e-06
-7.66289e-06
-6.93244e-06
-6.36508e-06
-6.0034e-06
-5.85918e-06
-5.9252e-06
-6.23466e-06
-5.30438e-06
-5.35074e-06
-5.37735e-06
-5.38918e-06
-5.38828e-06
-5.37349e-06
-5.34417e-06
-5.3002e-06
-5.24161e-06
-5.16862e-06
-5.08144e-06
-4.98007e-06
-4.86585e-06
-4.74175e-06
-4.61279e-06
-4.48905e-06
-4.38809e-06
-4.33877e-06
-4.38573e-06
-4.59411e-06
-5.04603e-06
-5.83481e-06
-6.94129e-06
-8.15145e-06
-9.28584e-06
-1.02564e-05
-1.10228e-05
-1.15794e-05
-1.19367e-05
-1.21101e-05
-1.21126e-05
-1.19523e-05
-1.16337e-05
-1.11605e-05
-1.05398e-05
-9.78801e-06
-8.93516e-06
-8.02906e-06
-7.1356e-06
-6.33452e-06
-5.70353e-06
-5.28429e-06
-5.1015e-06
-5.13861e-06
-5.44579e-06
-5.38708e-06
-5.43856e-06
-5.46745e-06
-5.47922e-06
-5.47627e-06
-5.45738e-06
-5.42206e-06
-5.37043e-06
-5.30271e-06
-5.21923e-06
-5.12005e-06
-5.00535e-06
-4.87644e-06
-4.73577e-06
-4.58848e-06
-4.44462e-06
-4.32235e-06
-4.25142e-06
-4.27816e-06
-4.47056e-06
-4.91403e-06
-5.70579e-06
-6.82855e-06
-8.0594e-06
-9.21289e-06
-1.01984e-05
-1.09746e-05
-1.1535e-05
-1.18892e-05
-1.2051e-05
-1.20313e-05
-1.18369e-05
-1.1471e-05
-1.09372e-05
-1.02443e-05
-9.41126e-06
-8.47155e-06
-7.47681e-06
-6.49705e-06
-5.61568e-06
-4.91362e-06
-4.43543e-06
-4.20911e-06
-4.20595e-06
-4.51097e-06
-5.48097e-06
-5.53805e-06
-5.56909e-06
-5.58023e-06
-5.57426e-06
-5.55009e-06
-5.50751e-06
-5.44698e-06
-5.36905e-06
-5.2741e-06
-5.16235e-06
-5.03409e-06
-4.89024e-06
-4.73305e-06
-4.56761e-06
-4.40383e-06
-4.26051e-06
-4.16816e-06
-4.17478e-06
-4.35105e-06
-4.78552e-06
-5.5792e-06
-6.71667e-06
-7.96651e-06
-9.13757e-06
-1.01368e-05
-1.09214e-05
-1.14839e-05
-1.18324e-05
-1.19786e-05
-1.19315e-05
-1.16956e-05
-1.12734e-05
-1.06687e-05
-9.89182e-06
-8.96488e-06
-7.92547e-06
-6.82969e-06
-5.752e-06
-4.77969e-06
-3.99884e-06
-3.45727e-06
-3.17582e-06
-3.14545e-06
-3.42343e-06
-5.58723e-06
-5.65034e-06
-5.68324e-06
-5.69285e-06
-5.68256e-06
-5.65155e-06
-5.60012e-06
-5.52925e-06
-5.43981e-06
-5.33249e-06
-5.20769e-06
-5.06555e-06
-4.9067e-06
-4.73319e-06
-4.54986e-06
-4.36677e-06
-4.20277e-06
-4.08944e-06
-4.07622e-06
-4.23647e-06
-4.66161e-06
-5.45638e-06
-6.60721e-06
-7.8745e-06
-9.06171e-06
-1.00733e-05
-1.0865e-05
-1.14278e-05
-1.17679e-05
-1.18948e-05
-1.1815e-05
-1.15312e-05
-1.10446e-05
-1.03593e-05
-9.48781e-06
-8.4554e-06
-7.30413e-06
-6.09503e-06
-4.90745e-06
-3.8332e-06
-2.96595e-06
-2.35562e-06
-2.01683e-06
-1.95475e-06
-2.18954e-06
-5.70736e-06
-5.77684e-06
-5.81102e-06
-5.81778e-06
-5.8014e-06
-5.76157e-06
-5.69936e-06
-5.61642e-06
-5.51406e-06
-5.39355e-06
-5.25515e-06
-5.09891e-06
-4.92519e-06
-4.73569e-06
-4.53502e-06
-4.33319e-06
-4.14921e-06
-4.01552e-06
-3.98295e-06
-4.12745e-06
-4.54314e-06
-5.33834e-06
-6.50131e-06
-7.78466e-06
-8.98663e-06
-1.00093e-05
-1.08066e-05
-1.13679e-05
-1.16971e-05
-1.18011e-05
-1.1684e-05
-1.13463e-05
-1.07882e-05
-1.00143e-05
-9.03887e-06
-7.89079e-06
-6.61658e-06
-5.28246e-06
-3.97301e-06
-2.78525e-06
-1.82237e-06
-1.13632e-06
-7.34182e-07
-6.34026e-07
-8.2158e-07
-5.8432e-06
-5.91929e-06
-5.95375e-06
-5.95578e-06
-5.93094e-06
-5.87978e-06
-5.80445e-06
-5.70749e-06
-5.59086e-06
-5.45623e-06
-5.30376e-06
-5.13333e-06
-4.94499e-06
-4.74001e-06
-4.52268e-06
-4.30287e-06
-4.09974e-06
-3.94649e-06
-3.89522e-06
-4.02442e-06
-4.43068e-06
-5.22578e-06
-6.39982e-06
-7.69788e-06
-8.91325e-06
-9.9456e-06
-1.07471e-05
-1.1305e-05
-1.16208e-05
-1.16988e-05
-1.15403e-05
-1.11438e-05
-1.05084e-05
-9.63921e-06
-8.55247e-06
-7.28027e-06
-5.87359e-06
-4.40375e-06
-2.96077e-06
-1.64743e-06
-5.77206e-07
1.92645e-07
6.69293e-07
8.20014e-07
6.76959e-07
-5.9971e-06
-6.07978e-06
-6.11295e-06
-6.10762e-06
-6.07121e-06
-6.00557e-06
-5.91446e-06
-5.80125e-06
-5.66903e-06
-5.51938e-06
-5.35249e-06
-5.16796e-06
-4.96538e-06
-4.74557e-06
-4.51238e-06
-4.2755e-06
-4.05421e-06
-3.88234e-06
-3.81317e-06
-3.92763e-06
-4.32461e-06
-5.11918e-06
-6.30329e-06
-7.61482e-06
-8.84225e-06
-9.88298e-06
-1.06872e-05
-1.12399e-05
-1.15402e-05
-1.15893e-05
-1.13859e-05
-1.09266e-05
-1.02096e-05
-9.24028e-06
-8.03675e-06
-6.63413e-06
-5.08741e-06
-3.47271e-06
-1.88559e-06
-4.34957e-07
7.57907e-07
1.61906e-06
2.1749e-06
2.38863e-06
2.30454e-06
-6.17195e-06
-6.26084e-06
-6.29032e-06
-6.27401e-06
-6.22196e-06
-6.1381e-06
-6.0281e-06
-5.89648e-06
-5.74722e-06
-5.58181e-06
-5.40033e-06
-5.20194e-06
-4.98567e-06
-4.75178e-06
-4.50367e-06
-4.25076e-06
-4.01237e-06
-3.82293e-06
-3.73676e-06
-3.83718e-06
-4.22514e-06
-5.01884e-06
-6.21212e-06
-7.53591e-06
-8.77409e-06
-9.82189e-06
-1.06274e-05
-1.11733e-05
-1.14559e-05
-1.14737e-05
-1.12228e-05
-1.06979e-05
-9.89628e-06
-8.82387e-06
-7.50032e-06
-5.96335e-06
-4.27138e-06
-2.50475e-06
-7.646e-07
8.3292e-07
2.16499e-06
3.13672e-06
3.7709e-06
4.0565e-06
4.04068e-06
-6.37148e-06
-6.4656e-06
-6.48778e-06
-6.45551e-06
-6.38266e-06
-6.27626e-06
-6.14383e-06
-5.99168e-06
-5.82403e-06
-5.64234e-06
-5.4463e-06
-5.23446e-06
-5.00519e-06
-4.75811e-06
-4.49611e-06
-4.22828e-06
-3.97395e-06
-3.76808e-06
-3.66592e-06
-3.75306e-06
-4.13234e-06
-4.92494e-06
-6.12653e-06
-7.46144e-06
-8.70909e-06
-9.76268e-06
-1.05681e-05
-1.11056e-05
-1.13689e-05
-1.13535e-05
-1.10531e-05
-1.04607e-05
-9.57308e-06
-8.39647e-06
-6.95195e-06
-5.2793e-06
-3.43956e-06
-1.51634e-06
3.8444e-07
2.13945e-06
3.62162e-06
4.72659e-06
5.44805e-06
5.81676e-06
5.87824e-06
-6.60053e-06
-6.69783e-06
-6.70735e-06
-6.6524e-06
-6.55248e-06
-6.41841e-06
-6.26e-06
-6.08515e-06
-5.89805e-06
-5.69983e-06
-5.48949e-06
-5.26481e-06
-5.02337e-06
-4.7641e-06
-4.48931e-06
-4.20774e-06
-3.93868e-06
-3.71757e-06
-3.60047e-06
-3.67515e-06
-4.04618e-06
-4.8375e-06
-6.04663e-06
-7.39156e-06
-8.64747e-06
-9.70561e-06
-1.05096e-05
-1.10374e-05
-1.12798e-05
-1.12298e-05
-1.08788e-05
-1.02182e-05
-9.24446e-06
-7.96441e-06
-6.40027e-06
-4.59333e-06
-2.60631e-06
-5.2478e-07
1.54209e-06
3.46511e-06
5.10997e-06
6.36336e-06
7.19015e-06
7.65466e-06
7.8074e-06
-6.86554e-06
-6.96212e-06
-6.95108e-06
-6.86463e-06
-6.7301e-06
-6.5625e-06
-6.37463e-06
-6.17518e-06
-5.96793e-06
-5.75325e-06
-5.52915e-06
-5.29243e-06
-5.03978e-06
-4.76937e-06
-4.48294e-06
-4.18883e-06
-3.90628e-06
-3.67114e-06
-3.5402e-06
-3.60328e-06
-3.96653e-06
-4.75646e-06
-5.97241e-06
-7.32634e-06
-8.58934e-06
-9.65086e-06
-1.04522e-05
-1.09691e-05
-1.11895e-05
-1.11039e-05
-1.07016e-05
-9.97314e-06
-8.91467e-06
-7.53369e-06
-5.85352e-06
-3.91645e-06
-1.78583e-06
4.52232e-07
2.68725e-06
4.78597e-06
6.60587e-06
8.02368e-06
8.98008e-06
9.55474e-06
9.81857e-06
-7.17536e-06
-7.26394e-06
-7.22078e-06
-7.09156e-06
-6.9133e-06
-6.70621e-06
-6.48561e-06
-6.26008e-06
-6.03245e-06
-5.80175e-06
-5.56468e-06
-5.31687e-06
-5.05407e-06
-4.77365e-06
-4.47675e-06
-4.1713e-06
-3.87649e-06
-3.62854e-06
-3.48485e-06
-3.53722e-06
-3.8932e-06
-4.68169e-06
-5.90381e-06
-7.26575e-06
-8.53475e-06
-9.59855e-06
-1.03963e-05
-1.09011e-05
-1.10986e-05
-1.09768e-05
-1.05235e-05
-9.72829e-06
-8.58759e-06
-7.1098e-06
-5.31927e-06
-3.25888e-06
-9.9173e-07
1.39715e-06
3.79814e-06
6.07635e-06
8.08162e-06
9.68054e-06
1.07967e-05
1.15009e-05
1.19035e-05
-7.54244e-06
-7.60967e-06
-7.51784e-06
-7.33154e-06
-7.09928e-06
-6.84686e-06
-6.59078e-06
-6.33835e-06
-6.09062e-06
-5.84471e-06
-5.59569e-06
-5.3379e-06
-5.06606e-06
-4.77676e-06
-4.47055e-06
-4.15496e-06
-3.8491e-06
-3.58952e-06
-3.43418e-06
-3.47672e-06
-3.82595e-06
-4.61298e-06
-5.84066e-06
-7.20972e-06
-8.48368e-06
-9.54875e-06
-1.03418e-05
-1.08338e-05
-1.10078e-05
-1.08498e-05
-1.03461e-05
-9.48605e-06
-8.2667e-06
-6.69759e-06
-4.80419e-06
-2.62977e-06
-2.36469e-07
2.29323e-06
4.85302e-06
7.30973e-06
9.50859e-06
1.13048e-05
1.26076e-05
1.34735e-05
1.40561e-05
-7.98472e-06
-8.00667e-06
-7.84219e-06
-7.58165e-06
-7.28461e-06
-6.98159e-06
-6.68808e-06
-6.40873e-06
-6.14174e-06
-5.88177e-06
-5.62202e-06
-5.35544e-06
-5.07571e-06
-4.77865e-06
-4.46424e-06
-4.13965e-06
-3.82389e-06
-3.55383e-06
-3.3879e-06
-3.42148e-06
-3.76449e-06
-4.55009e-06
-5.78276e-06
-7.15811e-06
-8.43608e-06
-9.5015e-06
-1.02891e-05
-1.07675e-05
-1.09176e-05
-1.07236e-05
-1.01708e-05
-9.24854e-06
-7.95496e-06
-6.30112e-06
-4.31388e-06
-2.03691e-06
4.69078e-07
3.12524e-06
5.83089e-06
8.45852e-06
1.08537e-05
1.28637e-05
1.43767e-05
1.54451e-05
1.62715e-05
-8.52794e-06
-8.46235e-06
-8.19104e-06
-7.83771e-06
-7.46504e-06
-7.10743e-06
-6.77581e-06
-6.47039e-06
-6.18548e-06
-5.91288e-06
-5.64373e-06
-5.36957e-06
-5.08307e-06
-4.77932e-06
-4.45779e-06
-4.12528e-06
-3.80072e-06
-3.52127e-06
-3.34575e-06
-3.3712e-06
-3.70851e-06
-4.49272e-06
-5.72989e-06
-7.11074e-06
-8.39186e-06
-9.45679e-06
-1.02381e-05
-1.07025e-05
-1.08286e-05
-1.05991e-05
-9.99884e-06
-9.01756e-06
-7.65482e-06
-5.92369e-06
-3.85279e-06
-1.48644e-06
1.11604e-06
3.88007e-06
6.71243e-06
9.49513e-06
1.20802e-05
1.43142e-05
1.60629e-05
1.73798e-05
1.85485e-05
-9.20846e-06
-8.97589e-06
-8.56376e-06
-8.09331e-06
-7.63573e-06
-7.22157e-06
-6.8527e-06
-6.52291e-06
-6.22189e-06
-5.93826e-06
-5.66107e-06
-5.38052e-06
-5.08831e-06
-4.77887e-06
-4.4512e-06
-4.11176e-06
-3.77943e-06
-3.4916e-06
-3.30747e-06
-3.32557e-06
-3.65769e-06
-4.44056e-06
-5.68177e-06
-7.0674e-06
-8.35087e-06
-9.41458e-06
-1.01891e-05
-1.0639e-05
-1.07412e-05
-1.04772e-05
-9.83139e-06
-8.7946e-06
-7.36824e-06
-5.56784e-06
-3.42427e-06
-9.82977e-07
1.69765e-06
4.5472e-06
7.48079e-06
1.03931e-05
1.31489e-05
1.5605e-05
1.76094e-05
1.92265e-05
2.08869e-05
-1.00775e-05
-9.54442e-06
-8.94493e-06
-8.3398e-06
-7.79149e-06
-7.32158e-06
-6.91799e-06
-6.56637e-06
-6.25134e-06
-5.95835e-06
-5.67445e-06
-5.38859e-06
-5.09164e-06
-4.7774e-06
-4.44449e-06
-4.09904e-06
-3.75988e-06
-3.46462e-06
-3.27278e-06
-3.28428e-06
-3.6117e-06
-4.3933e-06
-5.63809e-06
-7.02783e-06
-8.31292e-06
-9.37475e-06
-1.01419e-05
-1.05772e-05
-1.06558e-05
-1.03583e-05
-9.6693e-06
-8.58085e-06
-7.09677e-06
-5.23552e-06
-3.03078e-06
-5.29831e-07
2.20901e-06
5.1186e-06
8.12192e-06
1.11277e-05
1.40193e-05
1.6676e-05
1.89385e-05
2.09011e-05
2.32683e-05
-1.1181e-05
-1.01576e-05
-9.31728e-06
-8.56664e-06
-7.92718e-06
-7.40571e-06
-6.97161e-06
-6.60133e-06
-6.27457e-06
-5.97384e-06
-5.68445e-06
-5.39425e-06
-5.09339e-06
-4.77513e-06
-4.43774e-06
-4.08708e-06
-3.74192e-06
-3.4401e-06
-3.24137e-06
-3.24699e-06
-3.57019e-06
-4.3506e-06
-5.59858e-06
-6.99179e-06
-8.27781e-06
-9.33715e-06
-1.00965e-05
-1.0517e-05
-1.05725e-05
-1.02427e-05
-9.51291e-06
-8.37679e-06
-6.841e-06
-4.9274e-06
-2.67311e-06
-1.28115e-07
2.64814e-06
5.59002e-06
8.62643e-06
1.16789e-05
1.46519e-05
1.74594e-05
1.99491e-05
2.22774e-05
2.56422e-05
-1.26239e-05
-1.07964e-05
-9.65615e-06
-8.7626e-06
-8.0396e-06
-7.47417e-06
-7.01498e-06
-6.62939e-06
-6.29298e-06
-5.9859e-06
-5.692e-06
-5.39824e-06
-5.09415e-06
-4.77252e-06
-4.43133e-06
-4.07615e-06
-3.72571e-06
-3.41803e-06
-3.2131e-06
-3.21339e-06
-3.53275e-06
-4.31209e-06
-5.56302e-06
-6.9593e-06
-8.24579e-06
-9.30221e-06
-1.00535e-05
-1.04591e-05
-1.04917e-05
-1.01307e-05
-9.36214e-06
-8.18178e-06
-6.59947e-06
-4.64099e-06
-2.34755e-06
2.27186e-07
3.0211e-06
5.9677e-06
8.99815e-06
1.20421e-05
1.50217e-05
1.78897e-05
2.05194e-05
2.32121e-05
2.80249e-05
-1.45264e-05
-1.14239e-05
-9.92531e-06
-8.917e-06
-8.12987e-06
-7.53055e-06
-7.05155e-06
-6.65322e-06
-6.30846e-06
-5.9958e-06
-5.69794e-06
-5.40117e-06
-5.09442e-06
-4.77009e-06
-4.42579e-06
-4.06684e-06
-3.71185e-06
-3.39895e-06
-3.18831e-06
-3.18357e-06
-3.49918e-06
-4.27742e-06
-5.53124e-06
-6.93064e-06
-8.21772e-06
-9.27135e-06
-1.00147e-05
-1.04057e-05
-1.04161e-05
-1.00251e-05
-9.21941e-06
-7.99737e-06
-6.37223e-06
-4.37409e-06
-2.04884e-06
5.45205e-07
3.34164e-06
6.27039e-06
9.26024e-06
1.22405e-05
1.51382e-05
1.79232e-05
2.04937e-05
2.34653e-05
3.04238e-05
-1.61303e-05
-1.18155e-05
-1.0059e-05
-9.00861e-06
-8.19287e-06
-7.5728e-06
-7.07968e-06
-6.67115e-06
-6.31921e-06
-6.00159e-06
-5.70024e-06
-5.40093e-06
-5.09208e-06
-4.76573e-06
-4.41914e-06
-4.05736e-06
-3.69887e-06
-3.38187e-06
-3.16656e-06
-3.15747e-06
-3.46955e-06
-4.24616e-06
-5.50189e-06
-6.9036e-06
-8.1909e-06
-9.24202e-06
-9.97845e-06
-1.03569e-05
-1.03481e-05
-9.93112e-06
-9.09392e-06
-7.83704e-06
-6.1772e-06
-4.14878e-06
-1.80246e-06
7.98348e-07
3.58193e-06
6.47246e-06
9.39189e-06
1.22598e-05
1.49864e-05
1.75022e-05
1.96409e-05
2.21051e-05
2.92791e-05
)
;

boundaryField
{
    inlet
    {
        type            uniformJump;
        patchType       cyclic;
        jump            uniform -2.5e-05;
        value           nonuniform List<scalar> 
40
(
7.62425e-07
7.73575e-07
7.85807e-07
7.98998e-07
8.14609e-07
8.34331e-07
8.60636e-07
8.97233e-07
9.48984e-07
1.02113e-06
1.11804e-06
1.24224e-06
1.39392e-06
1.57108e-06
1.76978e-06
1.98297e-06
2.20132e-06
2.41282e-06
2.59336e-06
2.71985e-06
2.7807e-06
2.78401e-06
2.76003e-06
2.73826e-06
2.72786e-06
2.73079e-06
2.74525e-06
2.76678e-06
2.79072e-06
2.81357e-06
2.83326e-06
2.84895e-06
2.86062e-06
2.86868e-06
2.87371e-06
2.87635e-06
2.87719e-06
2.8767e-06
2.87511e-06
2.87283e-06
)
;
        jumpTable       table;
        jumpTableCoeffs
        {
            values          
4
(
(0 -2.5e-05)
(25 -2.5e-05)
(25.5 -0.0001)
(26 -2.5e-05)
)
;
        }
    }
    outlet
    {
        type            uniformJump;
        patchType       cyclic;
        value           nonuniform List<scalar> 
40
(
-2.42376e-05
-2.42264e-05
-2.42142e-05
-2.4201e-05
-2.41854e-05
-2.41657e-05
-2.41394e-05
-2.41028e-05
-2.4051e-05
-2.39789e-05
-2.3882e-05
-2.37578e-05
-2.36061e-05
-2.34289e-05
-2.32302e-05
-2.3017e-05
-2.27987e-05
-2.25872e-05
-2.24066e-05
-2.22802e-05
-2.22193e-05
-2.2216e-05
-2.224e-05
-2.22617e-05
-2.22721e-05
-2.22692e-05
-2.22547e-05
-2.22332e-05
-2.22093e-05
-2.21864e-05
-2.21667e-05
-2.21511e-05
-2.21394e-05
-2.21313e-05
-2.21263e-05
-2.21237e-05
-2.21228e-05
-2.21233e-05
-2.21249e-05
-2.21272e-05
)
;
    }
    Walls
    {
        type            zeroGradient;
    }
    back
    {
        type            empty;
    }
    front
    {
        type            empty;
    }
}


// ************************************************************************* //
