/*--------------------------------*- C++ -*----------------------------------*\
| =========                 |                                                 |
| \\      /  F ield         | OpenFOAM: The Open Source CFD Toolbox           |
|  \\    /   O peration     | Version:  2312                                  |
|   \\  /    A nd           | Website:  www.openfoam.com                      |
|    \\/     M anipulation  |                                                 |
\*---------------------------------------------------------------------------*/
FoamFile
{
    version     2.0;
    format      ascii;
    arch        "LSB;label=32;scalar=64";
    class       volScalarField;
    location    "62.5";
    object      p;
}
// * * * * * * * * * * * * * * * * * * * * * * * * * * * * * * * * * * * * * //

dimensions      [0 2 -2 0 0 0 0];

internalField   nonuniform List<scalar> 
4800
(
-2.04382e-11
-9.45236e-07
-1.70661e-06
-2.33475e-06
-2.88592e-06
-3.37264e-06
-3.8035e-06
-4.19077e-06
-4.54368e-06
-4.86747e-06
-5.1659e-06
-5.43861e-06
-5.67708e-06
-6.12208e-06
-7.72494e-06
1.11083e-08
-9.34137e-07
-1.69583e-06
-2.32453e-06
-2.87659e-06
-3.36481e-06
-3.79785e-06
-4.18834e-06
-4.5464e-06
-4.87913e-06
-5.19499e-06
-5.50686e-06
-5.82614e-06
-6.25908e-06
-7.04358e-06
2.25187e-08
-9.22553e-07
-1.68463e-06
-2.31367e-06
-2.8657e-06
-3.35504e-06
-3.78979e-06
-4.18279e-06
-4.54479e-06
-4.88367e-06
-5.20901e-06
-5.53405e-06
-5.86415e-06
-6.20358e-06
-6.52245e-06
3.37545e-08
-9.10558e-07
-1.67242e-06
-2.30165e-06
-2.85247e-06
-3.34246e-06
-3.7781e-06
-4.17196e-06
-4.53498e-06
-4.87424e-06
-5.19654e-06
-5.50631e-06
-5.79265e-06
-6.02081e-06
-6.11698e-06
4.60314e-08
-8.96863e-07
-1.6577e-06
-2.28744e-06
-2.83502e-06
-3.32469e-06
-3.76013e-06
-4.15256e-06
-4.51251e-06
-4.84481e-06
-5.15126e-06
-5.42662e-06
-5.64923e-06
-5.77806e-06
-5.7563e-06
6.08203e-08
-8.79978e-07
-1.63883e-06
-2.2689e-06
-2.812e-06
-3.29905e-06
-3.73226e-06
-4.12004e-06
-4.47146e-06
-4.78838e-06
-5.06738e-06
-5.29693e-06
-5.45366e-06
-5.50629e-06
-5.42583e-06
8.06191e-08
-8.57484e-07
-1.61338e-06
-2.24175e-06
-2.78107e-06
-3.26243e-06
-3.68977e-06
-4.06853e-06
-4.40505e-06
-4.69832e-06
-4.94139e-06
-5.12126e-06
-5.21976e-06
-5.22032e-06
-5.11517e-06
1.09816e-07
-8.25269e-07
-1.57731e-06
-2.20184e-06
-2.73674e-06
-3.20971e-06
-3.62666e-06
-3.99111e-06
-4.30633e-06
-4.56943e-06
-4.77269e-06
-4.90576e-06
-4.95853e-06
-4.92701e-06
-4.81509e-06
1.55254e-07
-7.76994e-07
-1.52437e-06
-2.14369e-06
-2.67165e-06
-3.13328e-06
-3.53531e-06
-3.88015e-06
-4.16885e-06
-4.39826e-06
-4.56251e-06
-4.65611e-06
-4.67654e-06
-4.62782e-06
-4.51865e-06
2.26327e-07
-7.03844e-07
-1.44597e-06
-2.05865e-06
-2.57707e-06
-3.02405e-06
-3.40699e-06
-3.72791e-06
-3.98712e-06
-4.18283e-06
-4.3126e-06
-4.376e-06
-4.37597e-06
-4.32056e-06
-4.21945e-06
3.34492e-07
-5.94757e-07
-1.33123e-06
-1.93581e-06
-2.44243e-06
-2.87195e-06
-3.23268e-06
-3.52728e-06
-3.75687e-06
-3.92207e-06
-4.02416e-06
-4.06673e-06
-4.05587e-06
-4.00095e-06
-3.91092e-06
4.92747e-07
-4.36873e-07
-1.16742e-06
-1.76266e-06
-2.25587e-06
-2.66637e-06
-3.00365e-06
-3.27214e-06
-3.47484e-06
-3.61512e-06
-3.69731e-06
-3.72756e-06
-3.71332e-06
-3.66375e-06
-3.58655e-06
7.16121e-07
-2.15336e-07
-9.39803e-07
-1.52524e-06
-2.00459e-06
-2.39638e-06
-2.71161e-06
-2.95706e-06
-3.13813e-06
-3.26054e-06
-3.3307e-06
-3.35602e-06
-3.34416e-06
-3.30342e-06
-3.24018e-06
1.02302e-06
8.75953e-08
-6.30623e-07
-1.20741e-06
-1.67425e-06
-2.05007e-06
-2.34757e-06
-2.57586e-06
-2.74251e-06
-2.85497e-06
-2.92078e-06
-2.94769e-06
-2.943e-06
-2.91395e-06
-2.86582e-06
1.4365e-06
4.9289e-07
-2.195e-07
-7.90343e-07
-1.24828e-06
-1.61349e-06
-1.90036e-06
-2.11974e-06
-2.2807e-06
-2.39174e-06
-2.4608e-06
-2.49552e-06
-2.50258e-06
-2.48829e-06
-2.45704e-06
1.98289e-06
1.04889e-06
3.18853e-07
-2.52891e-07
-7.08216e-07
-1.0708e-06
-1.35647e-06
-1.57702e-06
-1.74224e-06
-1.86096e-06
-1.94119e-06
-1.99021e-06
-2.01414e-06
-2.01848e-06
-2.00708e-06
2.6793e-06
1.7369e-06
1.00285e-06
4.24444e-07
-3.6876e-08
-4.06829e-07
-7.0237e-07
-9.35493e-07
-1.11589e-06
-1.25227e-06
-1.35237e-06
-1.42307e-06
-1.47006e-06
-1.49824e-06
-1.51112e-06
3.54008e-06
2.5934e-06
1.84861e-06
1.25608e-06
7.78739e-07
3.89807e-07
7.21073e-08
-1.85956e-07
-3.93552e-07
-5.58832e-07
-6.89065e-07
-7.90661e-07
-8.68907e-07
-9.28271e-07
-9.72058e-07
4.56688e-06
3.62071e-06
2.86206e-06
2.24893e-06
1.74521e-06
1.32533e-06
9.73216e-07
6.7801e-07
4.31173e-07
2.25234e-07
5.3579e-08
-8.96079e-08
-2.0922e-07
-3.09391e-07
-3.93351e-07
5.74539e-06
4.80494e-06
4.03365e-06
3.39452e-06
2.85565e-06
2.39487e-06
1.99804e-06
1.65529e-06
1.35867e-06
1.1013e-06
8.77218e-07
6.81257e-07
5.08973e-07
3.56594e-07
2.20968e-07
6.90946e-06
5.99223e-06
5.21407e-06
4.54741e-06
3.96833e-06
3.46013e-06
3.01137e-06
2.61338e-06
2.25902e-06
1.94223e-06
1.6578e-06
1.40122e-06
1.16856e-06
9.5645e-07
7.61992e-07
7.90608e-06
7.00591e-06
6.22446e-06
5.53563e-06
4.92237e-06
4.37303e-06
3.8785e-06
3.43121e-06
3.02476e-06
2.65376e-06
2.31366e-06
2.00055e-06
1.71101e-06
1.44216e-06
1.19147e-06
8.64425e-06
7.77185e-06
6.99408e-06
6.29358e-06
5.65862e-06
5.08047e-06
4.55172e-06
4.06591e-06
3.6175e-06
3.2019e-06
2.81524e-06
2.45423e-06
2.11601e-06
1.7982e-06
1.4987e-06
9.18213e-06
8.33724e-06
7.56826e-06
6.86433e-06
6.21708e-06
5.61966e-06
5.06605e-06
4.5509e-06
4.06964e-06
3.61848e-06
3.1942e-06
2.79412e-06
2.41592e-06
2.05768e-06
1.71766e-06
9.55915e-06
8.74104e-06
7.98505e-06
7.28391e-06
6.6315e-06
6.02244e-06
5.45186e-06
4.91546e-06
4.40957e-06
3.93113e-06
3.47758e-06
3.04677e-06
2.63687e-06
2.24639e-06
1.87394e-06
9.81443e-06
9.02303e-06
8.28282e-06
7.58862e-06
6.93605e-06
6.32095e-06
5.73946e-06
5.18821e-06
4.66434e-06
4.16547e-06
3.68961e-06
3.23513e-06
2.80062e-06
2.38495e-06
1.98705e-06
9.98332e-06
9.21751e-06
8.4938e-06
7.80861e-06
7.15894e-06
6.54157e-06
5.95351e-06
5.39218e-06
4.85542e-06
4.34147e-06
3.84883e-06
3.37629e-06
2.92282e-06
2.48761e-06
2.06989e-06
1.00925e-05
9.35024e-06
8.64258e-06
7.96726e-06
7.32224e-06
6.70501e-06
6.11333e-06
5.54529e-06
4.99937e-06
4.47429e-06
3.96899e-06
3.48263e-06
3.01452e-06
2.56415e-06
2.13102e-06
1.01614e-05
9.44036e-06
8.74775e-06
8.08236e-06
7.44274e-06
6.82698e-06
6.2335e-06
5.66101e-06
5.10848e-06
4.57505e-06
4.06005e-06
3.56299e-06
3.08345e-06
2.6212e-06
2.17599e-06
1.02038e-05
9.50166e-06
8.82281e-06
8.16683e-06
7.53265e-06
6.91895e-06
6.32473e-06
5.7492e-06
5.19174e-06
4.65189e-06
4.12929e-06
3.62374e-06
3.1351e-06
2.66337e-06
2.20849e-06
1.02294e-05
9.54378e-06
8.87726e-06
8.22982e-06
7.60073e-06
6.98924e-06
6.39481e-06
5.81708e-06
5.25579e-06
4.71079e-06
4.18204e-06
3.66958e-06
3.1735e-06
2.69401e-06
2.23123e-06
1.02444e-05
9.5733e-06
8.91765e-06
8.27776e-06
7.65325e-06
7.04384e-06
6.44942e-06
5.86996e-06
5.30552e-06
4.75625e-06
4.22234e-06
3.70408e-06
3.20177e-06
2.71577e-06
2.24638e-06
1.02531e-05
9.59463e-06
8.94847e-06
8.31514e-06
7.69463e-06
7.08706e-06
6.49267e-06
5.91173e-06
5.34458e-06
4.79161e-06
4.25327e-06
3.73002e-06
3.22233e-06
2.73075e-06
2.2557e-06
1.02582e-05
9.61069e-06
8.97275e-06
8.34507e-06
7.72797e-06
7.12196e-06
6.52753e-06
5.94523e-06
5.37566e-06
4.81942e-06
4.27715e-06
3.7495e-06
3.2371e-06
2.74064e-06
2.26066e-06
1.02614e-05
9.62336e-06
8.99251e-06
8.36965e-06
7.75546e-06
7.15069e-06
6.55613e-06
5.97254e-06
5.40074e-06
4.84154e-06
4.29573e-06
3.76415e-06
3.24756e-06
2.74676e-06
2.26242e-06
1.02636e-05
9.63378e-06
9.00903e-06
8.3903e-06
7.77854e-06
7.17476e-06
6.57995e-06
5.99512e-06
5.42125e-06
4.85933e-06
4.31033e-06
3.7752e-06
3.25484e-06
2.75016e-06
2.26193e-06
1.02653e-05
9.64265e-06
9.02313e-06
8.4079e-06
7.79817e-06
7.19514e-06
6.60001e-06
6.01397e-06
5.43818e-06
4.87378e-06
4.32188e-06
3.78354e-06
3.25979e-06
2.75163e-06
2.25992e-06
1.02668e-05
9.65046e-06
9.03547e-06
8.42324e-06
7.81519e-06
7.21272e-06
6.61722e-06
6.03002e-06
5.45244e-06
4.88574e-06
4.33117e-06
3.7899e-06
3.26305e-06
2.75171e-06
2.25684e-06
1.02684e-05
9.65787e-06
9.04699e-06
8.43746e-06
7.8309e-06
7.22887e-06
6.63293e-06
6.04455e-06
5.46519e-06
4.89626e-06
4.33909e-06
3.79498e-06
3.26513e-06
2.75072e-06
2.2528e-06
1.027e-05
9.6649e-06
9.0579e-06
8.4509e-06
7.84565e-06
7.24392e-06
6.64741e-06
6.05777e-06
5.47661e-06
4.90546e-06
4.34578e-06
3.79898e-06
3.26636e-06
2.74916e-06
2.24841e-06
-8.91028e-06
-6.50246e-06
-5.04554e-06
-4.07408e-06
-3.3103e-06
-2.73808e-06
-2.30782e-06
-1.98471e-06
-1.74356e-06
-1.56286e-06
-1.42339e-06
-1.30703e-06
-1.196e-06
-1.07263e-06
-9.18958e-07
-7.18646e-07
-4.57931e-07
-1.32717e-07
2.46404e-07
6.45607e-07
1.00207e-06
1.23219e-06
1.27158e-06
1.20534e-06
1.16881e-06
1.25035e-06
1.50076e-06
1.94115e-06
2.59173e-06
3.45048e-06
4.53631e-06
5.84447e-06
7.34538e-06
9.02469e-06
1.08423e-05
1.27505e-05
1.46917e-05
1.65988e-05
1.83909e-05
1.99666e-05
2.11779e-05
2.18202e-05
2.14423e-05
1.96614e-05
1.48438e-05
-7.28762e-06
-5.9939e-06
-4.87204e-06
-3.99854e-06
-3.27896e-06
-2.72104e-06
-2.29559e-06
-1.97439e-06
-1.73441e-06
-1.55493e-06
-1.41682e-06
-1.30186e-06
-1.19215e-06
-1.06996e-06
-9.17332e-07
-7.17999e-07
-4.57901e-07
-1.34297e-07
2.43878e-07
6.43395e-07
1.00317e-06
1.24158e-06
1.2945e-06
1.24344e-06
1.22027e-06
1.31185e-06
1.5686e-06
2.01147e-06
2.66048e-06
3.51127e-06
4.58468e-06
5.87297e-06
7.34201e-06
8.97627e-06
1.07322e-05
1.25571e-05
1.43866e-05
1.61433e-05
1.77296e-05
1.90144e-05
1.97966e-05
1.9757e-05
1.82618e-05
1.45875e-05
7.50882e-06
-6.44221e-06
-5.60766e-06
-4.69487e-06
-3.91109e-06
-3.24053e-06
-2.70249e-06
-2.28457e-06
-1.9662e-06
-1.72742e-06
-1.54877e-06
-1.41147e-06
-1.29732e-06
-1.18836e-06
-1.06681e-06
-9.14794e-07
-7.16117e-07
-4.57001e-07
-1.34524e-07
2.425e-07
6.42041e-07
1.005e-06
1.25205e-06
1.31956e-06
1.28513e-06
1.27662e-06
1.37912e-06
1.64249e-06
2.0874e-06
2.73365e-06
3.57209e-06
4.6311e-06
5.89288e-06
7.32111e-06
8.89809e-06
1.0576e-05
1.22962e-05
1.39865e-05
1.55578e-05
1.68963e-05
1.78473e-05
1.81805e-05
1.75504e-05
1.53996e-05
1.13692e-05
5.19125e-06
-5.919e-06
-5.29814e-06
-4.55036e-06
-3.83697e-06
-3.21316e-06
-2.69561e-06
-2.28451e-06
-1.96748e-06
-1.72801e-06
-1.54827e-06
-1.41005e-06
-1.29524e-06
-1.18585e-06
-1.06405e-06
-9.12e-07
-7.13577e-07
-4.55206e-07
-1.33923e-07
2.41804e-07
6.41219e-07
1.00741e-06
1.26355e-06
1.34674e-06
1.33038e-06
1.33801e-06
1.45271e-06
1.72364e-06
2.17115e-06
2.81435e-06
3.63691e-06
4.68144e-06
5.91083e-06
7.29013e-06
8.79804e-06
1.03819e-05
1.19763e-05
1.35008e-05
1.48563e-05
1.5917e-05
1.65187e-05
1.64381e-05
1.53875e-05
1.30106e-05
9.14385e-06
4.03524e-06
-5.52235e-06
-5.03302e-06
-4.41434e-06
-3.78425e-06
-3.20354e-06
-2.70577e-06
-2.30019e-06
-1.98218e-06
-1.73915e-06
-1.55541e-06
-1.41357e-06
-1.29575e-06
-1.18403e-06
-1.06054e-06
-9.0746e-07
-7.08714e-07
-4.5088e-07
-1.31073e-07
2.42862e-07
6.41583e-07
1.01067e-06
1.2761e-06
1.37599e-06
1.37915e-06
1.40422e-06
1.532e-06
1.81076e-06
2.26073e-06
2.89639e-06
3.70274e-06
4.72821e-06
5.91705e-06
7.23695e-06
8.6621e-06
1.01349e-05
1.15833e-05
1.29204e-05
1.40403e-05
1.48143e-05
1.50859e-05
1.46677e-05
1.33607e-05
1.09912e-05
7.55876e-06
3.38795e-06
-5.19625e-06
-4.7986e-06
-4.28278e-06
-3.73804e-06
-3.20736e-06
-2.73137e-06
-2.33241e-06
-2.01224e-06
-1.76318e-06
-1.57237e-06
-1.42367e-06
-1.29985e-06
-1.18325e-06
-1.05606e-06
-9.00539e-07
-7.00611e-07
-4.43026e-07
-1.24987e-07
2.46492e-07
6.43667e-07
1.01502e-06
1.28965e-06
1.40712e-06
1.43108e-06
1.47472e-06
1.61613e-06
1.90249e-06
2.35416e-06
2.97301e-06
3.76943e-06
4.7658e-06
5.90353e-06
7.1519e-06
8.47943e-06
9.82382e-06
1.1108e-05
1.22412e-05
1.3117e-05
1.36135e-05
1.35967e-05
1.293e-05
1.15019e-05
9.26693e-06
6.32432e-06
2.96669e-06
-4.90537e-06
-4.57878e-06
-4.1536e-06
-3.68027e-06
-3.2077e-06
-2.76418e-06
-2.37639e-06
-2.05541e-06
-1.79964e-06
-1.59974e-06
-1.44127e-06
-1.30829e-06
-1.18392e-06
-1.05065e-06
-8.90908e-07
-6.88687e-07
-4.30945e-07
-1.15002e-07
2.53258e-07
6.47809e-07
1.02051e-06
1.30393e-06
1.43959e-06
1.48544e-06
1.54853e-06
1.70372e-06
1.99729e-06
2.44597e-06
3.04714e-06
3.83225e-06
4.7862e-06
5.86177e-06
7.02649e-06
8.24133e-06
9.44101e-06
1.05461e-05
1.14661e-05
1.21007e-05
1.23438e-05
1.20925e-05
1.12624e-05
9.81136e-06
7.76764e-06
5.26054e-06
2.52159e-06
-4.62867e-06
-4.35845e-06
-4.00946e-06
-3.60838e-06
-3.19034e-06
-2.78794e-06
-2.42107e-06
-2.10367e-06
-1.84341e-06
-1.63471e-06
-1.4648e-06
-1.32013e-06
-1.18534e-06
-1.04363e-06
-8.77849e-07
-6.7216e-07
-4.13862e-07
-1.00539e-07
2.63539e-07
6.54151e-07
1.02698e-06
1.31829e-06
1.47241e-06
1.54087e-06
1.62394e-06
1.79246e-06
2.09203e-06
2.53252e-06
3.1207e-06
3.87969e-06
4.77985e-06
5.78233e-06
6.85089e-06
7.93854e-06
8.97967e-06
9.89596e-06
1.06021e-05
1.10094e-05
1.10337e-05
1.06054e-05
9.68358e-06
8.27246e-06
6.43336e-06
4.29014e-06
2.01603e-06
-4.35524e-06
-4.13035e-06
-3.84391e-06
-3.50932e-06
-3.14912e-06
-2.78899e-06
-2.45028e-06
-2.14376e-06
-1.88502e-06
-1.67059e-06
-1.48946e-06
-1.33201e-06
-1.18513e-06
-1.03324e-06
-8.59992e-07
-6.49941e-07
-3.90946e-07
-8.11604e-08
2.77375e-07
6.62264e-07
1.03378e-06
1.33143e-06
1.50374e-06
1.59503e-06
1.69801e-06
1.87976e-06
2.17982e-06
2.61235e-06
3.18384e-06
3.90022e-06
4.7369e-06
5.65548e-06
6.61417e-06
7.5614e-06
8.43374e-06
9.15799e-06
9.65793e-06
9.86118e-06
9.70686e-06
9.1551e-06
8.19673e-06
6.86104e-06
5.21809e-06
3.37322e-06
1.4527e-06
-4.0778e-06
-3.89013e-06
-3.6548e-06
-3.37806e-06
-3.07328e-06
-2.75959e-06
-2.44964e-06
-2.16255e-06
-1.91323e-06
-1.69762e-06
-1.50741e-06
-1.33815e-06
-1.17915e-06
-1.01658e-06
-8.35358e-07
-6.20761e-07
-3.61601e-07
-5.69742e-08
2.94738e-07
6.71024e-07
1.03895e-06
1.34094e-06
1.53049e-06
1.64408e-06
1.76579e-06
1.9587e-06
2.25655e-06
2.67667e-06
3.22085e-06
3.88526e-06
4.64733e-06
5.46886e-06
6.30468e-06
7.10056e-06
7.79897e-06
8.33466e-06
8.64386e-06
8.67187e-06
8.37958e-06
7.75014e-06
6.79393e-06
5.55051e-06
4.08584e-06
2.48418e-06
8.36778e-07
-3.78973e-06
-3.63338e-06
-3.44008e-06
-3.21239e-06
-2.95756e-06
-2.68892e-06
-2.41383e-06
-2.14992e-06
-1.91574e-06
-1.70349e-06
-1.50904e-06
-1.3313e-06
-1.1622e-06
-9.90135e-07
-8.01805e-07
-5.83566e-07
-3.25618e-07
-2.95453e-08
3.13836e-07
6.81383e-07
1.03749e-06
1.34245e-06
1.54763e-06
1.68208e-06
1.82045e-06
2.0202e-06
2.31315e-06
2.71328e-06
3.21912e-06
3.82131e-06
4.49664e-06
5.20768e-06
5.91099e-06
6.54755e-06
7.07306e-06
7.43034e-06
7.56992e-06
7.45403e-06
7.06126e-06
6.39031e-06
5.46148e-06
4.31537e-06
3.00853e-06
1.60605e-06
1.73994e-07
-3.48467e-06
-3.35538e-06
-3.19723e-06
-3.01077e-06
-2.79971e-06
-2.57145e-06
-2.33516e-06
-2.10222e-06
-1.88316e-06
-1.67811e-06
-1.48585e-06
-1.30488e-06
-1.1296e-06
-9.51042e-07
-7.57952e-07
-5.38563e-07
-2.84093e-07
3.16025e-09
3.31271e-07
6.83861e-07
1.02621e-06
1.32996e-06
1.54769e-06
1.7003e-06
1.8519e-06
2.05396e-06
2.33522e-06
2.70648e-06
3.16335e-06
3.69214e-06
4.26848e-06
4.85661e-06
5.41148e-06
5.89645e-06
6.25648e-06
6.45122e-06
6.44594e-06
6.21714e-06
5.75619e-06
5.07081e-06
4.18452e-06
3.13411e-06
1.96549e-06
7.27993e-07
-5.30349e-07
-3.15678e-06
-3.05158e-06
-2.92366e-06
-2.77271e-06
-2.60038e-06
-2.41119e-06
-2.21177e-06
-2.00926e-06
-1.8103e-06
-1.61813e-06
-1.43341e-06
-1.25491e-06
-1.07869e-06
-8.98297e-07
-7.04707e-07
-4.88303e-07
-2.41342e-07
3.62105e-08
3.40602e-07
6.70833e-07
9.98865e-07
1.29509e-06
1.52027e-06
1.68666e-06
1.84655e-06
2.04469e-06
2.30604e-06
2.63834e-06
3.03499e-06
3.47977e-06
3.94764e-06
4.40626e-06
4.81925e-06
5.14806e-06
5.35412e-06
5.40665e-06
5.28268e-06
4.96962e-06
4.46701e-06
3.78661e-06
2.95114e-06
1.99158e-06
9.43892e-07
-1.55023e-07
-1.27006e-06
-2.80068e-06
-2.71786e-06
-2.61698e-06
-2.49748e-06
-2.35985e-06
-2.20654e-06
-2.04157e-06
-1.86964e-06
-1.69524e-06
-1.52159e-06
-1.35016e-06
-1.18056e-06
-1.01004e-06
-8.33995e-07
-6.45706e-07
-4.38117e-07
-2.05466e-07
5.48579e-08
3.34081e-07
6.39508e-07
9.44409e-07
1.22591e-06
1.4517e-06
1.62552e-06
1.78707e-06
1.97363e-06
2.20576e-06
2.4888e-06
2.81475e-06
3.16649e-06
3.52154e-06
3.85052e-06
4.12236e-06
4.30681e-06
4.37648e-06
4.30992e-06
4.09331e-06
3.72145e-06
3.19831e-06
2.53647e-06
1.75575e-06
8.80947e-07
-6.04947e-08
-1.04122e-06
-2.03551e-06
-2.41094e-06
-2.35021e-06
-2.2749e-06
-2.1845e-06
-2.07887e-06
-1.95914e-06
-1.82763e-06
-1.68724e-06
-1.54103e-06
-1.39135e-06
-1.23934e-06
-1.0853e-06
-9.2804e-07
-7.64337e-07
-5.89148e-07
-3.97433e-07
-1.85604e-07
4.81775e-08
3.01551e-07
5.73978e-07
8.48139e-07
1.10734e-06
1.32506e-06
1.49793e-06
1.65284e-06
1.8189e-06
2.01248e-06
2.23775e-06
2.48578e-06
2.74128e-06
2.98232e-06
3.18553e-06
3.32709e-06
3.38483e-06
3.33996e-06
3.17895e-06
2.89455e-06
2.48603e-06
1.95909e-06
1.32525e-06
6.00654e-07
-1.9555e-07
-1.04288e-06
-1.92122e-06
-2.81174e-06
-1.98233e-06
-1.94518e-06
-1.89605e-06
-1.83456e-06
-1.76038e-06
-1.6739e-06
-1.57632e-06
-1.46938e-06
-1.35458e-06
-1.23394e-06
-1.10908e-06
-9.78968e-07
-8.43177e-07
-7.00487e-07
-5.47308e-07
-3.8006e-07
-1.96488e-07
5.05263e-09
2.23352e-07
4.55862e-07
6.92308e-07
9.2056e-07
1.11976e-06
1.28181e-06
1.42032e-06
1.55713e-06
1.70618e-06
1.87007e-06
2.0376e-06
2.19526e-06
2.32773e-06
2.41751e-06
2.44686e-06
2.40021e-06
2.26552e-06
2.03514e-06
1.70613e-06
1.28004e-06
7.62682e-07
1.63616e-07
-5.04641e-07
-1.22777e-06
-1.99075e-06
-2.77891e-06
-3.57848e-06
-1.51169e-06
-1.50162e-06
-1.4815e-06
-1.45116e-06
-1.41022e-06
-1.35898e-06
-1.2978e-06
-1.2275e-06
-1.15052e-06
-1.06453e-06
-9.70886e-07
-8.73406e-07
-7.71078e-07
-6.59629e-07
-5.37644e-07
-4.03976e-07
-2.57339e-07
-9.64501e-08
7.82132e-08
2.64514e-07
4.56337e-07
6.44871e-07
8.13785e-07
9.52035e-07
1.06451e-06
1.1676e-06
1.27173e-06
1.37091e-06
1.45837e-06
1.52682e-06
1.56506e-06
1.56025e-06
1.50015e-06
1.37453e-06
1.17609e-06
9.00989e-07
5.48684e-07
1.21628e-07
-3.75055e-07
-9.33935e-07
-1.54575e-06
-2.2001e-06
-2.88613e-06
-3.59323e-06
-4.31134e-06
-1.00395e-06
-1.0264e-06
-1.04019e-06
-1.04536e-06
-1.04179e-06
-1.02936e-06
-1.00841e-06
-9.77913e-07
-9.41031e-07
-8.9941e-07
-8.49776e-07
-7.95106e-07
-7.33497e-07
-6.62099e-07
-5.81565e-07
-4.9195e-07
-3.91931e-07
-2.80354e-07
-1.57069e-07
-2.37589e-08
1.16434e-07
2.58793e-07
3.87342e-07
4.89513e-07
5.70351e-07
6.39231e-07
6.9451e-07
7.31361e-07
7.49838e-07
7.45073e-07
7.0863e-07
6.32031e-07
5.07811e-07
3.29789e-07
9.36392e-08
-2.02642e-07
-5.58653e-07
-9.71867e-07
-1.43806e-06
-1.95169e-06
-2.50615e-06
-3.09414e-06
-3.70801e-06
-4.34013e-06
-4.98318e-06
-4.65489e-07
-5.28931e-07
-5.84581e-07
-6.32707e-07
-6.7342e-07
-7.06844e-07
-7.33093e-07
-7.52636e-07
-7.65506e-07
-7.73187e-07
-7.74035e-07
-7.68287e-07
-7.55444e-07
-7.35037e-07
-7.07297e-07
-6.71677e-07
-6.26806e-07
-5.72054e-07
-5.06942e-07
-4.32437e-07
-3.50568e-07
-2.62633e-07
-1.81085e-07
-1.11379e-07
-6.78614e-08
-3.5441e-08
-2.59111e-08
-3.84098e-08
-7.16845e-08
-1.29492e-07
-2.17412e-07
-3.40424e-07
-5.0265e-07
-7.0752e-07
-9.57544e-07
-1.2539e-06
-1.59613e-06
-1.98225e-06
-2.40904e-06
-2.87244e-06
-3.36785e-06
-3.89026e-06
-4.43441e-06
-4.99495e-06
-5.56662e-06
9.68024e-08
-1.96915e-08
-1.29152e-07
-2.31685e-07
-3.27584e-07
-4.17123e-07
-5.00497e-07
-5.77806e-07
-6.49103e-07
-7.1441e-07
-7.73422e-07
-8.2616e-07
-8.7267e-07
-9.12615e-07
-9.45393e-07
-9.70195e-07
-9.86288e-07
-9.92861e-07
-9.89674e-07
-9.76861e-07
-9.54519e-07
-9.28215e-07
-9.03472e-07
-8.79882e-07
-8.5174e-07
-8.49415e-07
-8.72505e-07
-9.16308e-07
-9.80745e-07
-1.06839e-06
-1.18218e-06
-1.32487e-06
-1.49892e-06
-1.70644e-06
-1.94899e-06
-2.22726e-06
-2.54087e-06
-2.88848e-06
-3.2679e-06
-3.67642e-06
-4.11089e-06
-4.56796e-06
-5.04408e-06
-5.5356e-06
-6.03877e-06
5.79759e-07
4.05468e-07
2.38195e-07
7.76688e-08
-7.64907e-08
-2.24547e-07
-3.66623e-07
-5.02733e-07
-6.32822e-07
-7.56803e-07
-8.74586e-07
-9.86061e-07
-1.09096e-06
-1.18878e-06
-1.27881e-06
-1.36043e-06
-1.43282e-06
-1.49508e-06
-1.54686e-06
-1.58679e-06
-1.61594e-06
-1.6377e-06
-1.6485e-06
-1.65516e-06
-1.66575e-06
-1.69192e-06
-1.73393e-06
-1.79196e-06
-1.86778e-06
-1.96312e-06
-2.07954e-06
-2.21882e-06
-2.38297e-06
-2.5737e-06
-2.79221e-06
-3.03906e-06
-3.3141e-06
-3.61649e-06
-3.94486e-06
-4.29748e-06
-4.67235e-06
-5.06726e-06
-5.47987e-06
-5.90768e-06
-6.34812e-06
9.53562e-07
7.23829e-07
5.01302e-07
2.85809e-07
7.70488e-08
-1.25172e-07
-3.20889e-07
-5.1001e-07
-6.92386e-07
-8.67856e-07
-1.03623e-06
-1.19722e-06
-1.35042e-06
-1.49528e-06
-1.63117e-06
-1.75733e-06
-1.87288e-06
-1.97701e-06
-2.06847e-06
-2.14707e-06
-2.21301e-06
-2.2641e-06
-2.30732e-06
-2.34188e-06
-2.37759e-06
-2.41807e-06
-2.46675e-06
-2.52714e-06
-2.60156e-06
-2.69145e-06
-2.7983e-06
-2.92396e-06
-3.07019e-06
-3.23833e-06
-3.42926e-06
-3.64339e-06
-3.88078e-06
-4.14111e-06
-4.4237e-06
-4.72756e-06
-5.05143e-06
-5.39388e-06
-5.75334e-06
-6.12811e-06
-6.51643e-06
1.21251e-06
9.35081e-07
6.6544e-07
4.03509e-07
1.49144e-07
-9.76803e-08
-3.36862e-07
-5.68215e-07
-7.91528e-07
-1.00655e-06
-1.213e-06
-1.41048e-06
-1.59854e-06
-1.77662e-06
-1.94409e-06
-2.10015e-06
-2.24401e-06
-2.37471e-06
-2.49143e-06
-2.59397e-06
-2.68177e-06
-2.75574e-06
-2.81392e-06
-2.86395e-06
-2.90876e-06
-2.95284e-06
-3.00146e-06
-3.05854e-06
-3.12647e-06
-3.20706e-06
-3.30208e-06
-3.41326e-06
-3.54204e-06
-3.68958e-06
-3.8567e-06
-4.04394e-06
-4.25158e-06
-4.47961e-06
-4.72774e-06
-4.99544e-06
-5.28198e-06
-5.58642e-06
-5.90771e-06
-6.24465e-06
-6.59601e-06
1.39139e-06
1.07463e-06
7.66539e-07
4.67172e-07
1.76547e-07
-1.05231e-07
-3.77966e-07
-6.41398e-07
-8.95237e-07
-1.13915e-06
-1.37279e-06
-1.59574e-06
-1.80753e-06
-2.00762e-06
-2.1954e-06
-2.37018e-06
-2.53121e-06
-2.67775e-06
-2.80921e-06
-2.92507e-06
-3.02483e-06
-3.11008e-06
-3.18032e-06
-3.23753e-06
-3.28623e-06
-3.33229e-06
-3.38065e-06
-3.4348e-06
-3.49734e-06
-3.57038e-06
-3.65583e-06
-3.7553e-06
-3.8702e-06
-4.00162e-06
-4.15043e-06
-4.31729e-06
-4.50268e-06
-4.70686e-06
-4.92987e-06
-5.17152e-06
-5.43138e-06
-5.70888e-06
-6.0033e-06
-6.31385e-06
-6.63964e-06
1.51562e-06
1.16764e-06
8.29333e-07
5.00865e-07
1.8238e-07
-1.25901e-07
-4.23677e-07
-7.106e-07
-9.86314e-07
-1.25045e-06
-1.50264e-06
-1.74248e-06
-1.96953e-06
-2.18328e-06
-2.38321e-06
-2.56875e-06
-2.73933e-06
-2.89439e-06
-3.03351e-06
-3.15664e-06
-3.26326e-06
-3.35548e-06
-3.43151e-06
-3.4929e-06
-3.54503e-06
-3.59327e-06
-3.64188e-06
-3.69424e-06
-3.75312e-06
-3.8208e-06
-3.8992e-06
-3.98995e-06
-4.09443e-06
-4.21384e-06
-4.3492e-06
-4.50133e-06
-4.67089e-06
-4.8583e-06
-5.06378e-06
-5.28734e-06
-5.52882e-06
-5.78795e-06
-6.0643e-06
-6.35734e-06
-6.66645e-06
1.60357e-06
1.23126e-06
8.69646e-07
5.19e-07
1.79588e-07
-1.48252e-07
-4.64136e-07
-7.67669e-07
-1.05847e-06
-1.33618e-06
-1.60044e-06
-1.85086e-06
-2.08706e-06
-2.30864e-06
-2.51517e-06
-2.70623e-06
-2.88146e-06
-3.04048e-06
-3.18305e-06
-3.30903e-06
-3.42015e-06
-3.51599e-06
-3.59541e-06
-3.66024e-06
-3.71544e-06
-3.76578e-06
-3.81518e-06
-3.86695e-06
-3.92386e-06
-3.98821e-06
-4.06195e-06
-4.14679e-06
-4.24423e-06
-4.35557e-06
-4.48194e-06
-4.62425e-06
-4.78324e-06
-4.95947e-06
-5.1533e-06
-5.36498e-06
-5.59457e-06
-5.84201e-06
-6.10709e-06
-6.38946e-06
-6.6887e-06
1.66687e-06
1.27585e-06
8.96535e-07
5.29296e-07
1.74493e-07
-1.67463e-07
-4.96144e-07
-8.11139e-07
-1.11207e-06
-1.39858e-06
-1.67035e-06
-1.92702e-06
-2.16831e-06
-2.39389e-06
-2.60348e-06
-2.79682e-06
-2.97374e-06
-3.1341e-06
-3.27808e-06
-3.40554e-06
-3.51793e-06
-3.61552e-06
-3.69725e-06
-3.76481e-06
-3.82268e-06
-3.87517e-06
-3.92592e-06
-3.97806e-06
-4.0343e-06
-4.09698e-06
-4.16811e-06
-4.24948e-06
-4.34264e-06
-4.44898e-06
-4.56966e-06
-4.70569e-06
-4.85792e-06
-5.02706e-06
-5.21364e-06
-5.41806e-06
-5.64054e-06
-5.88117e-06
-6.1399e-06
-6.41654e-06
-6.71082e-06
1.71287e-06
1.30751e-06
9.14819e-07
5.35211e-07
1.69123e-07
-1.82983e-07
-5.20651e-07
-8.43468e-07
-1.15106e-06
-1.44311e-06
-1.7193e-06
-1.97937e-06
-2.22309e-06
-2.45026e-06
-2.66073e-06
-2.85439e-06
-3.03124e-06
-3.19137e-06
-3.33519e-06
-3.46276e-06
-3.57537e-06
-3.67372e-06
-3.75691e-06
-3.8266e-06
-3.88682e-06
-3.94141e-06
-3.99371e-06
-4.04675e-06
-4.10319e-06
-4.16535e-06
-4.23529e-06
-4.31482e-06
-4.40554e-06
-4.50889e-06
-4.62613e-06
-4.75837e-06
-4.90658e-06
-5.07156e-06
-5.25398e-06
-5.45434e-06
-5.67301e-06
-5.91019e-06
-6.16596e-06
-6.44027e-06
-6.73295e-06
1.74601e-06
1.32957e-06
9.26642e-07
5.37719e-07
1.63288e-07
-1.96147e-07
-5.40121e-07
-8.68226e-07
-1.18011e-06
-1.47547e-06
-1.75406e-06
-2.01567e-06
-2.26016e-06
-2.48743e-06
-2.69745e-06
-2.89026e-06
-3.06603e-06
-3.22496e-06
-3.36748e-06
-3.49451e-06
-3.60672e-06
-3.70512e-06
-3.78909e-06
-3.86036e-06
-3.92249e-06
-3.97887e-06
-4.03268e-06
-4.08681e-06
-4.14387e-06
-4.20615e-06
-4.27569e-06
-4.35434e-06
-4.44376e-06
-4.54545e-06
-4.66075e-06
-4.79086e-06
-4.93684e-06
-5.09958e-06
-5.27986e-06
-5.47827e-06
-5.6953e-06
-5.93126e-06
-6.18632e-06
-6.46053e-06
-6.75381e-06
1.7691e-06
1.34392e-06
9.33033e-07
5.36984e-07
1.56307e-07
-2.08474e-07
-5.56893e-07
-8.88555e-07
-1.20313e-06
-1.50036e-06
-1.78003e-06
-2.042e-06
-2.28623e-06
-2.51269e-06
-2.72148e-06
-2.91276e-06
-3.08683e-06
-3.24406e-06
-3.38506e-06
-3.5107e-06
-3.62198e-06
-3.71987e-06
-3.80407e-06
-3.87637e-06
-3.93987e-06
-3.99766e-06
-4.05275e-06
-4.10793e-06
-4.1657e-06
-4.22832e-06
-4.29784e-06
-4.37614e-06
-4.46491e-06
-4.56572e-06
-4.67997e-06
-4.80895e-06
-4.95379e-06
-5.11548e-06
-5.29487e-06
-5.49266e-06
-5.70941e-06
-5.94553e-06
-6.20127e-06
-6.47676e-06
-6.77198e-06
1.78419e-06
1.35196e-06
9.34757e-07
5.33141e-07
1.47693e-07
-2.21056e-07
-5.72648e-07
-9.06702e-07
-1.22291e-06
-1.52106e-06
-1.80097e-06
-2.06259e-06
-2.30592e-06
-2.53104e-06
-2.73816e-06
-2.92752e-06
-3.09957e-06
-3.25477e-06
-3.39386e-06
-3.51788e-06
-3.62786e-06
-3.72483e-06
-3.80879e-06
-3.88158e-06
-3.94595e-06
-4.00473e-06
-4.06079e-06
-4.1168e-06
-4.17518e-06
-4.23815e-06
-4.30776e-06
-4.38591e-06
-4.47434e-06
-4.57466e-06
-4.68835e-06
-4.81675e-06
-4.96106e-06
-5.12237e-06
-5.30159e-06
-5.49952e-06
-5.71678e-06
-5.95386e-06
-6.21108e-06
-6.48862e-06
-6.78653e-06
1.79297e-06
1.35493e-06
9.32571e-07
5.26498e-07
1.3731e-07
-2.34459e-07
-5.88362e-07
-9.24033e-07
-1.2412e-06
-1.53965e-06
-1.81931e-06
-2.08013e-06
-2.32222e-06
-2.54572e-06
-2.75092e-06
-2.93819e-06
-3.10805e-06
-3.26108e-06
-3.39807e-06
-3.5203e-06
-3.62873e-06
-3.72447e-06
-3.8078e-06
-3.88064e-06
-3.94542e-06
-4.00478e-06
-4.06148e-06
-4.11804e-06
-4.17683e-06
-4.24003e-06
-4.30969e-06
-4.38771e-06
-4.47589e-06
-4.57587e-06
-4.6892e-06
-4.81727e-06
-4.96137e-06
-5.12264e-06
-5.30207e-06
-5.50053e-06
-5.7187e-06
-5.95714e-06
-6.21623e-06
-6.49619e-06
-6.79711e-06
1.79686e-06
1.35392e-06
9.27261e-07
5.17522e-07
1.25319e-07
-2.48819e-07
-6.04452e-07
-9.41232e-07
-1.25891e-06
-1.55732e-06
-1.83641e-06
-2.09622e-06
-2.33688e-06
-2.55863e-06
-2.76184e-06
-2.94696e-06
-3.11458e-06
-3.26541e-06
-3.40036e-06
-3.52058e-06
-3.62729e-06
-3.72159e-06
-3.80402e-06
-3.87654e-06
-3.94135e-06
-4.00095e-06
-4.05796e-06
-4.1148e-06
-4.17376e-06
-4.23701e-06
-4.30659e-06
-4.38442e-06
-4.47231e-06
-4.57198e-06
-4.68499e-06
-4.81283e-06
-4.95683e-06
-5.11818e-06
-5.29797e-06
-5.4971e-06
-5.71634e-06
-5.95628e-06
-6.21737e-06
-6.49985e-06
-6.80387e-06
1.79711e-06
1.34994e-06
9.19599e-07
5.06766e-07
1.12059e-07
-2.63996e-07
-6.2097e-07
-9.58532e-07
-1.27645e-06
-1.57461e-06
-1.85299e-06
-2.11167e-06
-2.35085e-06
-2.57084e-06
-2.77206e-06
-2.95505e-06
-3.12048e-06
-3.26913e-06
-3.40202e-06
-3.52024e-06
-3.62515e-06
-3.7179e-06
-3.79922e-06
-3.87116e-06
-3.93571e-06
-3.99526e-06
-4.05229e-06
-4.10915e-06
-4.16807e-06
-4.23118e-06
-4.30053e-06
-4.37805e-06
-4.46558e-06
-4.56487e-06
-4.67755e-06
-4.80514e-06
-4.94903e-06
-5.11049e-06
-5.29065e-06
-5.49047e-06
-5.71077e-06
-5.95221e-06
-6.21525e-06
-6.50021e-06
-6.80722e-06
1.79472e-06
1.34383e-06
9.10295e-07
4.94794e-07
9.79528e-08
-2.79704e-07
-6.37756e-07
-9.7589e-07
-1.2939e-06
-1.5917e-06
-1.8693e-06
-2.12684e-06
-2.36456e-06
-2.58283e-06
-2.78213e-06
-2.96307e-06
-3.1264e-06
-3.27295e-06
-3.4038e-06
-3.52009e-06
-3.62318e-06
-3.71434e-06
-3.79442e-06
-3.86558e-06
-3.92965e-06
-3.98893e-06
-4.04577e-06
-4.10244e-06
-4.16113e-06
-4.22394e-06
-4.29292e-06
-4.37001e-06
-4.45708e-06
-4.55592e-06
-4.66819e-06
-4.79548e-06
-4.93922e-06
-5.10073e-06
-5.2812e-06
-5.48164e-06
-5.70293e-06
-5.94576e-06
-6.21064e-06
-6.49791e-06
-6.80774e-06
1.79053e-06
1.33635e-06
8.99993e-07
4.82151e-07
8.34559e-08
-2.95572e-07
-6.54521e-07
-9.93094e-07
-1.31111e-06
-1.6085e-06
-1.88532e-06
-2.14175e-06
-2.37807e-06
-2.59471e-06
-2.79221e-06
-2.97122e-06
-3.13255e-06
-3.27712e-06
-3.40603e-06
-3.52043e-06
-3.62179e-06
-3.71135e-06
-3.79014e-06
-3.86039e-06
-3.92386e-06
-3.9827e-06
-4.03918e-06
-4.0955e-06
-4.15381e-06
-4.21619e-06
-4.28468e-06
-4.36125e-06
-4.44778e-06
-4.54608e-06
-4.65789e-06
-4.7848e-06
-4.92831e-06
-5.0898e-06
-5.2705e-06
-5.47146e-06
-5.69362e-06
-5.93769e-06
-6.20424e-06
-6.49362e-06
-6.80602e-06
1.78522e-06
1.32811e-06
8.89247e-07
4.69337e-07
6.90134e-08
-3.11206e-07
-6.70919e-07
-1.00984e-06
-1.32781e-06
-1.62479e-06
-1.90087e-06
-2.15625e-06
-2.39128e-06
-2.6064e-06
-2.80222e-06
-2.97945e-06
-3.13893e-06
-3.28165e-06
-3.40874e-06
-3.52134e-06
-3.62113e-06
-3.70909e-06
-3.78658e-06
-3.85588e-06
-3.91865e-06
-3.97694e-06
-4.03296e-06
-4.08882e-06
-4.14664e-06
-4.2085e-06
-4.27643e-06
-4.3524e-06
-4.43832e-06
-4.53604e-06
-4.64731e-06
-4.77379e-06
-4.91702e-06
-5.07842e-06
-5.25924e-06
-5.46062e-06
-5.68351e-06
-5.92867e-06
-6.19669e-06
-6.48795e-06
-6.80267e-06
1.77916e-06
1.31941e-06
8.78291e-07
4.5653e-07
5.47572e-08
-3.26515e-07
-6.86891e-07
-1.0261e-06
-1.344e-06
-1.64058e-06
-1.91595e-06
-2.17036e-06
-2.40418e-06
-2.6179e-06
-2.81217e-06
-2.98775e-06
-3.14552e-06
-3.2865e-06
-3.41189e-06
-3.52281e-06
-3.62113e-06
-3.70755e-06
-3.78374e-06
-3.85207e-06
-3.91409e-06
-3.97177e-06
-4.02724e-06
-4.08256e-06
-4.13983e-06
-4.2011e-06
-4.26839e-06
-4.34371e-06
-4.42898e-06
-4.52606e-06
-4.63676e-06
-4.76276e-06
-4.90564e-06
-5.06686e-06
-5.24774e-06
-5.44943e-06
-5.67292e-06
-5.91901e-06
-6.18833e-06
-6.48127e-06
-6.79808e-06
1.77226e-06
1.30998e-06
8.66719e-07
4.43199e-07
4.00523e-08
-3.4221e-07
-7.03202e-07
-1.04267e-06
-1.36048e-06
-1.65665e-06
-1.93133e-06
-2.18478e-06
-2.41742e-06
-2.62978e-06
-2.82254e-06
-2.99651e-06
-3.15261e-06
-3.2919e-06
-3.41561e-06
-3.52491e-06
-3.62172e-06
-3.70663e-06
-3.78149e-06
-3.84878e-06
-3.90998e-06
-3.96698e-06
-4.0218e-06
-4.0765e-06
-4.13312e-06
-4.19372e-06
-4.26031e-06
-4.33489e-06
-4.41943e-06
-4.51581e-06
-4.62586e-06
-4.7513e-06
-4.89376e-06
-5.05474e-06
-5.23559e-06
-5.4375e-06
-5.6615e-06
-5.90844e-06
-6.17895e-06
-6.47346e-06
-6.79223e-06
1.76515e-06
1.30045e-06
8.55115e-07
4.29878e-07
2.53801e-08
-3.57866e-07
-7.19479e-07
-1.05921e-06
-1.37696e-06
-1.67276e-06
-1.94677e-06
-2.1993e-06
-2.4308e-06
-2.64184e-06
-2.83314e-06
-3.00555e-06
-3.16003e-06
-3.29769e-06
-3.41978e-06
-3.52753e-06
-3.62279e-06
-3.70618e-06
-3.77973e-06
-3.84598e-06
-3.90636e-06
-3.96263e-06
-4.01679e-06
-4.07083e-06
-4.12678e-06
-4.18666e-06
-4.25251e-06
-4.32633e-06
-4.4101e-06
-4.50574e-06
-4.6151e-06
-4.73995e-06
-4.88195e-06
-5.04263e-06
-5.22339e-06
-5.42547e-06
-5.64992e-06
-5.89762e-06
-6.16924e-06
-6.46523e-06
-6.78584e-06
-8.60449e-06
-1.35947e-05
-1.35405e-05
-1.35291e-05
-1.38755e-05
-1.44407e-05
-1.51648e-05
-1.60097e-05
-1.69523e-05
-1.7977e-05
-1.90705e-05
-2.02195e-05
-2.141e-05
-2.26269e-05
-2.38571e-05
-4.87183e-06
-1.01151e-05
-1.17463e-05
-1.26352e-05
-1.34033e-05
-1.41715e-05
-1.50022e-05
-1.59085e-05
-1.68883e-05
-1.79358e-05
-1.90433e-05
-2.02007e-05
-2.13957e-05
-2.26148e-05
-2.38458e-05
-2.50391e-06
-7.68009e-06
-1.02902e-05
-1.17963e-05
-1.29166e-05
-1.38863e-05
-1.48305e-05
-1.5803e-05
-1.68227e-05
-1.78947e-05
-1.90169e-05
-2.01827e-05
-2.13821e-05
-2.26032e-05
-2.38346e-05
-1.35982e-06
-6.04943e-06
-9.07219e-06
-1.09983e-05
-1.24155e-05
-1.35832e-05
-1.46485e-05
-1.56936e-05
-1.67569e-05
-1.78551e-05
-1.89927e-05
-2.01669e-05
-2.13705e-05
-2.2593e-05
-2.38242e-05
-7.86726e-07
-4.75981e-06
-7.87969e-06
-1.01318e-05
-1.18371e-05
-1.3219e-05
-1.44269e-05
-1.55614e-05
-1.66793e-05
-1.781e-05
-1.89664e-05
-2.01508e-05
-2.13591e-05
-2.25829e-05
-2.38135e-05
-4.25423e-07
-3.77645e-06
-6.77615e-06
-9.21519e-06
-1.11678e-05
-1.27679e-05
-1.41399e-05
-1.53859e-05
-1.65753e-05
-1.77499e-05
-1.89319e-05
-2.01303e-05
-2.13451e-05
-2.2571e-05
-2.38008e-05
-2.5781e-07
-3.09554e-06
-5.86086e-06
-8.33299e-06
-1.04456e-05
-1.22341e-05
-1.37742e-05
-1.5149e-05
-1.64283e-05
-1.76616e-05
-1.88796e-05
-2.00985e-05
-2.13236e-05
-2.25534e-05
-2.37832e-05
-2.91588e-07
-2.70519e-06
-5.18882e-06
-7.57115e-06
-9.73786e-06
-1.16533e-05
-1.33384e-05
-1.48433e-05
-1.62245e-05
-1.75305e-05
-1.87967e-05
-2.00451e-05
-2.12866e-05
-2.2524e-05
-2.37556e-05
-4.95711e-07
-2.56411e-06
-4.76565e-06
-6.98518e-06
-9.11304e-06
-1.10798e-05
-1.28637e-05
-1.44794e-05
-1.59609e-05
-1.73468e-05
-1.8671e-05
-1.99582e-05
-2.12234e-05
-2.24735e-05
-2.37103e-05
-8.34907e-07
-2.62438e-06
-4.56787e-06
-6.59432e-06
-8.61857e-06
-1.05665e-05
-1.23925e-05
-1.40828e-05
-1.56473e-05
-1.71092e-05
-1.84948e-05
-1.98271e-05
-2.11224e-05
-2.23908e-05
-2.36368e-05
-1.28013e-06
-2.84325e-06
-4.56041e-06
-6.39049e-06
-8.27463e-06
-1.01496e-05
-1.19633e-05
-1.36843e-05
-1.53029e-05
-1.68253e-05
-1.82668e-05
-1.96446e-05
-2.09736e-05
-2.22643e-05
-2.35235e-05
-1.80935e-06
-3.18635e-06
-4.70771e-06
-6.3513e-06
-8.07968e-06
-9.84557e-06
-1.16016e-05
-1.33099e-05
-1.49476e-05
-1.65065e-05
-1.799e-05
-1.94071e-05
-2.07683e-05
-2.20828e-05
-2.33577e-05
-2.40471e-06
-3.62598e-06
-4.97771e-06
-6.44943e-06
-8.01912e-06
-9.65474e-06
-1.13189e-05
-1.29756e-05
-1.45962e-05
-1.61626e-05
-1.76675e-05
-1.91112e-05
-2.04981e-05
-2.18342e-05
-2.3125e-05
-3.04849e-06
-4.13708e-06
-5.34075e-06
-6.65595e-06
-8.07095e-06
-9.56594e-06
-1.11146e-05
-1.26874e-05
-1.42563e-05
-1.57988e-05
-1.72998e-05
-1.87519e-05
-2.01529e-05
-2.15041e-05
-2.28085e-05
-3.72006e-06
-4.69366e-06
-5.76688e-06
-6.93999e-06
-8.20784e-06
-9.5594e-06
-1.09779e-05
-1.24422e-05
-1.39289e-05
-1.54157e-05
-1.68843e-05
-1.83217e-05
-1.97199e-05
-2.10753e-05
-2.23874e-05
-4.39492e-06
-5.26716e-06
-6.22418e-06
-7.26821e-06
-8.39794e-06
-9.6082e-06
-1.08896e-05
-1.22286e-05
-1.36083e-05
-1.50104e-05
-1.6417e-05
-1.78129e-05
-1.91867e-05
-2.05306e-05
-2.18399e-05
-5.04537e-06
-5.82662e-06
-6.67882e-06
-7.60497e-06
-8.60588e-06
-9.67995e-06
-1.08229e-05
-1.20272e-05
-1.32826e-05
-1.45759e-05
-1.58929e-05
-1.72197e-05
-1.8544e-05
-1.9856e-05
-2.11481e-05
-5.64134e-06
-6.33909e-06
-7.09528e-06
-7.91294e-06
-8.79386e-06
-9.73847e-06
-1.07457e-05
-1.18125e-05
-1.29336e-05
-1.41014e-05
-1.53067e-05
-1.65391e-05
-1.7788e-05
-1.9045e-05
-2.03008e-05
-6.15277e-06
-6.77202e-06
-7.4387e-06
-8.15552e-06
-8.92454e-06
-9.74725e-06
-1.06244e-05
-1.15558e-05
-1.25401e-05
-1.35742e-05
-1.46537e-05
-1.57728e-05
-1.69244e-05
-1.81029e-05
-1.92996e-05
-6.55608e-06
-7.10099e-06
-7.68383e-06
-8.30681e-06
-8.97204e-06
-9.68146e-06
-1.04368e-05
-1.12396e-05
-1.20909e-05
-1.29911e-05
-1.39399e-05
-1.49358e-05
-1.59773e-05
-1.70603e-05
-1.81785e-05
-6.80312e-06
-7.28217e-06
-7.79223e-06
-8.33489e-06
-8.91202e-06
-9.52567e-06
-1.0178e-05
-1.08714e-05
-1.16081e-05
-1.23905e-05
-1.32211e-05
-1.41016e-05
-1.50352e-05
-1.60249e-05
-1.70713e-05
-6.91985e-06
-7.3452e-06
-7.79735e-06
-8.27747e-06
-8.78722e-06
-9.32859e-06
-9.90389e-06
-1.05157e-05
-1.11668e-05
-1.18606e-05
-1.26004e-05
-1.33903e-05
-1.42337e-05
-1.51338e-05
-1.60973e-05
-6.96301e-06
-7.35081e-06
-7.76306e-06
-8.20077e-06
-8.66545e-06
-9.15897e-06
-9.68356e-06
-1.02418e-05
-1.08366e-05
-1.14715e-05
-1.21506e-05
-1.28787e-05
-1.36612e-05
-1.45046e-05
-1.54165e-05
-6.98168e-06
-7.34399e-06
-7.72947e-06
-8.1391e-06
-8.57425e-06
-9.03667e-06
-9.52838e-06
-1.00518e-05
-1.06098e-05
-1.12059e-05
-1.18441e-05
-1.25295e-05
-1.32677e-05
-1.40646e-05
-1.49266e-05
-6.99249e-06
-7.33872e-06
-7.70754e-06
-8.09985e-06
-8.51693e-06
-8.96031e-06
-9.43181e-06
-9.93361e-06
-1.04683e-05
-1.10391e-05
-1.16497e-05
-1.23048e-05
-1.30092e-05
-1.37685e-05
-1.45888e-05
-7.0056e-06
-7.34281e-06
-7.70239e-06
-8.08516e-06
-8.49224e-06
-8.92498e-06
-9.38492e-06
-9.87395e-06
-1.03943e-05
-1.09488e-05
-1.15407e-05
-1.21739e-05
-1.28528e-05
-1.35821e-05
-1.43682e-05
-7.02344e-06
-7.35665e-06
-7.71216e-06
-8.09074e-06
-8.49334e-06
-8.92108e-06
-9.37523e-06
-9.85736e-06
-1.03693e-05
-1.09135e-05
-1.14925e-05
-1.21096e-05
-1.27689e-05
-1.34741e-05
-1.42308e-05
-7.04465e-06
-7.37724e-06
-7.73218e-06
-8.11013e-06
-8.51188e-06
-8.93832e-06
-9.39044e-06
-9.86949e-06
-1.03769e-05
-1.09147e-05
-1.1485e-05
-1.20905e-05
-1.27337e-05
-1.34187e-05
-1.41498e-05
-7.06674e-06
-7.4009e-06
-7.7575e-06
-8.13709e-06
-8.54029e-06
-8.96776e-06
-9.42021e-06
-9.8986e-06
-1.0404e-05
-1.0938e-05
-1.1502e-05
-1.20984e-05
-1.2729e-05
-1.3397e-05
-1.41058e-05
-7.08745e-06
-7.42449e-06
-7.78408e-06
-8.16668e-06
-8.5727e-06
-9.00258e-06
-9.45682e-06
-9.93605e-06
-1.0441e-05
-1.09728e-05
-1.15325e-05
-1.21219e-05
-1.27422e-05
-1.33958e-05
-1.40853e-05
-7.10525e-06
-7.44587e-06
-7.80918e-06
-8.19551e-06
-8.6051e-06
-9.03819e-06
-9.49504e-06
-9.97602e-06
-1.04816e-05
-1.10123e-05
-1.15691e-05
-1.21529e-05
-1.27648e-05
-1.34062e-05
-1.40788e-05
-7.1194e-06
-7.4639e-06
-7.83124e-06
-8.22162e-06
-8.63512e-06
-9.0718e-06
-9.5317e-06
-1.00149e-05
-1.05217e-05
-1.10522e-05
-1.16068e-05
-1.21863e-05
-1.27914e-05
-1.34224e-05
-1.40803e-05
-7.12975e-06
-7.47817e-06
-7.84958e-06
-8.24406e-06
-8.66156e-06
-9.10194e-06
-9.56508e-06
-1.00508e-05
-1.05591e-05
-1.10898e-05
-1.16431e-05
-1.22191e-05
-1.28186e-05
-1.34408e-05
-1.40859e-05
-7.13659e-06
-7.48879e-06
-7.86414e-06
-8.26262e-06
-8.684e-06
-9.12805e-06
-9.59442e-06
-1.00828e-05
-1.05928e-05
-1.11241e-05
-1.16764e-05
-1.22499e-05
-1.28447e-05
-1.3459e-05
-1.40932e-05
-7.14036e-06
-7.49613e-06
-7.8752e-06
-8.27745e-06
-8.70254e-06
-9.15009e-06
-9.61959e-06
-1.01105e-05
-1.06223e-05
-1.11544e-05
-1.17062e-05
-1.22778e-05
-1.28683e-05
-1.34758e-05
-1.41009e-05
-7.14165e-06
-7.5007e-06
-7.88321e-06
-8.28895e-06
-8.7175e-06
-9.16833e-06
-9.6408e-06
-1.01342e-05
-1.06478e-05
-1.11808e-05
-1.17324e-05
-1.23025e-05
-1.28891e-05
-1.3491e-05
-1.41082e-05
-7.14101e-06
-7.50304e-06
-7.88867e-06
-8.29761e-06
-8.72933e-06
-9.18319e-06
-9.65841e-06
-1.01541e-05
-1.06695e-05
-1.12034e-05
-1.17549e-05
-1.23238e-05
-1.29072e-05
-1.35044e-05
-1.41147e-05
-7.13887e-06
-7.5036e-06
-7.8921e-06
-8.30397e-06
-8.7386e-06
-9.19524e-06
-9.673e-06
-1.01709e-05
-1.06878e-05
-1.12227e-05
-1.17743e-05
-1.23421e-05
-1.29228e-05
-1.3516e-05
-1.41204e-05
-7.13535e-06
-7.50268e-06
-7.89393e-06
-8.30865e-06
-8.74609e-06
-9.20543e-06
-9.68565e-06
-1.01856e-05
-1.07042e-05
-1.124e-05
-1.17917e-05
-1.23585e-05
-1.2937e-05
-1.35266e-05
-1.41254e-05
-7.13115e-06
-7.50088e-06
-7.89465e-06
-8.31196e-06
-8.75206e-06
-9.21402e-06
-9.69672e-06
-1.01989e-05
-1.07192e-05
-1.12562e-05
-1.18082e-05
-1.23742e-05
-1.29506e-05
-1.35365e-05
-1.413e-05
7.32617e-07
7.34767e-07
7.38127e-07
7.42908e-07
7.4946e-07
7.57375e-07
7.67478e-07
7.7982e-07
7.94322e-07
8.10773e-07
8.28852e-07
8.48165e-07
8.6829e-07
8.88814e-07
9.09376e-07
9.29719e-07
9.49751e-07
9.69633e-07
9.89907e-07
1.01167e-06
1.03666e-06
1.06738e-06
1.1089e-06
1.1674e-06
1.24814e-06
1.35617e-06
1.49615e-06
1.6713e-06
1.88226e-06
2.12612e-06
2.40104e-06
2.70148e-06
3.00956e-06
3.30773e-06
3.57901e-06
3.80844e-06
3.98324e-06
4.09593e-06
4.14683e-06
4.14434e-06
4.10349e-06
4.04272e-06
3.98036e-06
3.93691e-06
3.92537e-06
7.26132e-07
7.2773e-07
7.30553e-07
7.34901e-07
7.42211e-07
7.51957e-07
7.63926e-07
7.78388e-07
7.95412e-07
8.1494e-07
8.36828e-07
8.60878e-07
8.86841e-07
9.1444e-07
9.43391e-07
9.7344e-07
1.00441e-06
1.03628e-06
1.06933e-06
1.10432e-06
1.14268e-06
1.18683e-06
1.24098e-06
1.30949e-06
1.39653e-06
1.50666e-06
1.64404e-06
1.81152e-06
2.01002e-06
2.23828e-06
2.49166e-06
2.75814e-06
3.02655e-06
3.28556e-06
3.52081e-06
3.71734e-06
3.86451e-06
3.95828e-06
4.00155e-06
4.0035e-06
3.97736e-06
3.9374e-06
3.89626e-06
3.86399e-06
3.84552e-06
7.20705e-07
7.19888e-07
7.21568e-07
7.25884e-07
7.31799e-07
7.40844e-07
7.52907e-07
7.67971e-07
7.86031e-07
8.07049e-07
8.30943e-07
8.57578e-07
8.86772e-07
9.18288e-07
9.51827e-07
9.87021e-07
1.02343e-06
1.06056e-06
1.09795e-06
1.13528e-06
1.17258e-06
1.21085e-06
1.25315e-06
1.304e-06
1.36922e-06
1.45568e-06
1.56992e-06
1.71692e-06
1.89912e-06
2.11576e-06
2.36317e-06
2.63122e-06
2.907e-06
3.17548e-06
3.42043e-06
3.62672e-06
3.78312e-06
3.88459e-06
3.93329e-06
3.93788e-06
3.91125e-06
3.86752e-06
3.81915e-06
3.7735e-06
3.73186e-06
7.11745e-07
7.07389e-07
7.06787e-07
7.09368e-07
7.14836e-07
7.23497e-07
7.35515e-07
7.50955e-07
7.69836e-07
7.92139e-07
8.17809e-07
8.46737e-07
8.78745e-07
9.13549e-07
9.50713e-07
9.89575e-07
1.02917e-06
1.06814e-06
1.1047e-06
1.13666e-06
1.16164e-06
1.17822e-06
1.18875e-06
1.20028e-06
1.22246e-06
1.2665e-06
1.34309e-06
1.45988e-06
1.62097e-06
1.82622e-06
2.07133e-06
2.34744e-06
2.64042e-06
2.93337e-06
3.20772e-06
3.44564e-06
3.63291e-06
3.76148e-06
3.83101e-06
3.84853e-06
3.82641e-06
3.77943e-06
3.72151e-06
3.6601e-06
3.59399e-06
6.97586e-07
6.89359e-07
6.86315e-07
6.87203e-07
6.91516e-07
6.99408e-07
7.11026e-07
7.26438e-07
7.45681e-07
7.68763e-07
7.95652e-07
8.26256e-07
8.60379e-07
8.97649e-07
9.37415e-07
9.78597e-07
1.01948e-06
1.05749e-06
1.08897e-06
1.10908e-06
1.11207e-06
1.09298e-06
1.05366e-06
1.00626e-06
9.667e-07
9.52597e-07
9.7966e-07
1.0569e-06
1.18915e-06
1.37788e-06
1.62043e-06
1.90705e-06
2.22392e-06
2.55256e-06
2.87186e-06
3.16034e-06
3.39914e-06
3.5752e-06
3.68358e-06
3.7281e-06
3.71988e-06
3.67464e-06
3.60884e-06
3.53147e-06
3.44041e-06
6.76699e-07
6.64773e-07
6.59285e-07
6.58398e-07
6.61313e-07
6.6815e-07
6.79037e-07
6.94036e-07
7.13193e-07
7.36543e-07
7.64084e-07
7.9574e-07
8.31294e-07
8.70278e-07
9.118e-07
9.54292e-07
9.95168e-07
1.03039e-06
1.05403e-06
1.05801e-06
1.0325e-06
9.68119e-07
8.6635e-07
7.47306e-07
6.35774e-07
5.55824e-07
5.24311e-07
5.52733e-07
6.49423e-07
8.15074e-07
1.05128e-06
1.34791e-06
1.69036e-06
2.05937e-06
2.43189e-06
2.78284e-06
3.08805e-06
3.32794e-06
3.49111e-06
3.57639e-06
3.59245e-06
3.55563e-06
3.48539e-06
3.39307e-06
3.27635e-06
6.47979e-07
6.32717e-07
6.24923e-07
6.22268e-07
6.23698e-07
6.29316e-07
6.3925e-07
6.53559e-07
6.72306e-07
6.95562e-07
7.23365e-07
7.55674e-07
7.92272e-07
8.32617e-07
8.75592e-07
9.19152e-07
9.59809e-07
9.91978e-07
1.00725e-06
9.93971e-07
9.3781e-07
8.24602e-07
6.55504e-07
4.61021e-07
2.7497e-07
1.22437e-07
2.25985e-08
-4.67803e-09
5.40977e-08
2.01768e-07
4.30594e-07
7.33228e-07
1.09671e-06
1.50251e-06
1.927e-06
2.34258e-06
2.72013e-06
3.03311e-06
3.26224e-06
3.39957e-06
3.44971e-06
3.42853e-06
3.3583e-06
3.25291e-06
3.1101e-06
6.10961e-07
5.92752e-07
5.82835e-07
5.78465e-07
5.78388e-07
5.82703e-07
5.91547e-07
6.04989e-07
6.23125e-07
6.46075e-07
6.73941e-07
7.06746e-07
7.44313e-07
7.86074e-07
8.30757e-07
8.75907e-07
9.17206e-07
9.47571e-07
9.56098e-07
9.27325e-07
8.42292e-07
6.82142e-07
4.46378e-07
1.75979e-07
-8.65199e-08
-3.08782e-07
-4.64102e-07
-5.34047e-07
-5.09257e-07
-3.86156e-07
-1.70265e-07
1.31396e-07
5.06995e-07
9.39653e-07
1.40679e-06
1.88004e-06
2.32681e-06
2.71408e-06
3.01415e-06
3.21082e-06
3.30276e-06
3.30387e-06
3.23827e-06
3.12217e-06
2.95353e-06
5.65659e-07
5.44839e-07
5.32971e-07
5.26956e-07
5.25381e-07
5.28364e-07
5.36058e-07
5.48557e-07
5.66001e-07
5.88581e-07
6.16488e-07
6.49843e-07
6.88564e-07
7.32128e-07
7.79199e-07
8.27034e-07
8.70623e-07
9.01545e-07
9.06532e-07
8.66206e-07
7.57076e-07
5.568e-07
2.60782e-07
-7.78429e-08
-4.06608e-07
-6.8666e-07
-8.88859e-07
-9.95756e-07
-9.9972e-07
-8.98598e-07
-6.97295e-07
-4.02579e-07
-2.462e-08
4.22402e-07
9.18568e-07
1.43675e-06
1.94286e-06
2.39889e-06
2.76887e-06
3.02768e-06
3.16641e-06
3.19512e-06
3.1385e-06
3.01445e-06
2.82109e-06
5.12413e-07
4.89219e-07
4.75535e-07
4.6794e-07
4.649e-07
4.66565e-07
4.73118e-07
4.84686e-07
5.01469e-07
5.23744e-07
5.51818e-07
5.85951e-07
6.26205e-07
6.72184e-07
7.22595e-07
7.74549e-07
8.2253e-07
8.57004e-07
8.62601e-07
8.16e-07
6.89421e-07
4.58466e-07
1.12243e-07
-2.83269e-07
-6.65592e-07
-9.91011e-07
-1.22927e-06
-1.36388e-06
-1.38906e-06
-1.30534e-06
-1.11826e-06
-8.34436e-07
-4.62099e-07
-1.21097e-08
4.99384e-07
1.04813e-06
1.60061e-06
2.11575e-06
2.54996e-06
2.86974e-06
3.05744e-06
3.11757e-06
3.07382e-06
2.94488e-06
2.72882e-06
4.51747e-07
4.2631e-07
4.10897e-07
4.01771e-07
3.9731e-07
3.97709e-07
4.03188e-07
4.13915e-07
4.30159e-07
4.52301e-07
4.80784e-07
5.1604e-07
5.58329e-07
6.07454e-07
6.6227e-07
7.19899e-07
7.74515e-07
8.15727e-07
8.26535e-07
7.8048e-07
6.44451e-07
3.88923e-07
6.09337e-09
-4.33555e-07
-8.56333e-07
-1.21447e-06
-1.47707e-06
-1.62927e-06
-1.66787e-06
-1.59638e-06
-1.42147e-06
-1.14977e-06
-7.87598e-07
-3.42401e-07
1.73848e-07
7.40713e-07
1.32695e-06
1.89044e-06
2.3799e-06
2.75657e-06
2.9932e-06
3.08714e-06
3.05963e-06
2.92918e-06
2.69341e-06
3.84262e-07
3.56606e-07
3.39498e-07
3.28879e-07
3.23051e-07
3.22266e-07
3.26787e-07
3.36827e-07
3.52731e-07
3.74991e-07
4.04202e-07
4.40996e-07
4.85877e-07
5.3891e-07
5.99192e-07
6.63989e-07
7.27361e-07
7.78277e-07
7.98392e-07
7.59582e-07
6.22775e-07
3.4911e-07
-5.83066e-08
-5.29034e-07
-9.79826e-07
-1.35897e-06
-1.6353e-06
-1.79602e-06
-1.84087e-06
-1.77611e-06
-1.60981e-06
-1.3486e-06
-9.97146e-07
-5.59823e-07
-4.46695e-08
5.31892e-07
1.14206e-06
1.74489e-06
2.27892e-06
2.70651e-06
2.99059e-06
3.11956e-06
3.11113e-06
2.98279e-06
2.73111e-06
3.10546e-07
2.80602e-07
2.61789e-07
2.49698e-07
2.42566e-07
2.4071e-07
2.44433e-07
2.53996e-07
2.69819e-07
2.92506e-07
3.22816e-07
3.61597e-07
4.09631e-07
4.67299e-07
5.34009e-07
6.07294e-07
6.81266e-07
7.4448e-07
7.77438e-07
7.50306e-07
6.18805e-07
3.39242e-07
-8.32723e-08
-5.74455e-07
-1.04247e-06
-1.43265e-06
-1.7139e-06
-1.87561e-06
-1.92033e-06
-1.85676e-06
-1.69425e-06
-1.43942e-06
-1.0956e-06
-6.6471e-07
-1.51584e-07
4.3077e-07
1.05784e-06
1.69289e-06
2.26702e-06
2.73732e-06
3.06568e-06
3.22977e-06
3.24263e-06
3.12005e-06
2.85688e-06
2.31112e-07
1.98732e-07
1.78166e-07
1.64619e-07
1.5626e-07
1.53475e-07
1.56608e-07
1.65955e-07
1.82006e-07
2.05476e-07
2.37282e-07
2.78498e-07
3.30215e-07
3.93167e-07
4.67123e-07
5.49982e-07
6.36042e-07
7.13647e-07
7.62263e-07
7.49878e-07
6.30112e-07
3.54855e-07
-7.48418e-08
-5.77298e-07
-1.05349e-06
-1.44664e-06
-1.72581e-06
-1.88241e-06
-1.92144e-06
-1.85358e-06
-1.68915e-06
-1.43471e-06
-1.09256e-06
-6.62912e-07
-1.48241e-07
4.41108e-07
1.08255e-06
1.74059e-06
2.35608e-06
2.86551e-06
3.23299e-06
3.43091e-06
3.46672e-06
3.35356e-06
3.08356e-06
1.46354e-07
1.11332e-07
8.89397e-08
7.39546e-08
6.44678e-08
6.09377e-08
6.37347e-08
7.31799e-08
8.98182e-08
1.14462e-07
1.48176e-07
1.92253e-07
2.48123e-07
3.16911e-07
3.98752e-07
4.92008e-07
5.91276e-07
6.84862e-07
7.5148e-07
7.57203e-07
6.53787e-07
3.89151e-07
-3.99749e-08
-5.46008e-07
-1.02296e-06
-1.41271e-06
-1.68433e-06
-1.83091e-06
-1.85942e-06
-1.78194e-06
-1.60937e-06
-1.34809e-06
-9.99712e-07
-5.6344e-07
-4.02723e-08
5.61117e-07
1.21925e-06
1.89871e-06
2.55204e-06
3.09906e-06
3.50227e-06
3.73337e-06
3.79371e-06
3.69362e-06
3.42145e-06
5.65252e-08
1.86144e-08
-5.69149e-09
-2.20816e-08
-3.25594e-08
-3.65997e-08
-3.38212e-08
-2.39023e-08
-6.26661e-09
1.99766e-08
5.60201e-08
1.03342e-07
1.63748e-07
2.38826e-07
3.28998e-07
4.33208e-07
5.46441e-07
6.57098e-07
7.43397e-07
7.69898e-07
6.86249e-07
4.36753e-07
1.41176e-08
-4.87941e-07
-9.60354e-07
-1.34189e-06
-1.60178e-06
-1.73441e-06
-1.74814e-06
-1.65591e-06
-1.4688e-06
-1.1929e-06
-8.29337e-07
-3.76817e-07
1.64088e-07
7.85353e-07
1.46643e-06
2.1723e-06
2.85645e-06
3.44258e-06
3.88176e-06
4.14556e-06
4.2316e-06
4.14807e-06
3.87806e-06
-3.8279e-08
-7.93527e-08
-1.05656e-07
-1.23385e-07
-1.34661e-07
-1.38903e-07
-1.35746e-07
-1.24902e-07
-1.05797e-07
-7.74869e-08
-3.86707e-08
1.22257e-08
7.74275e-08
1.59146e-07
2.57917e-07
3.73376e-07
5.00987e-07
6.29346e-07
7.36361e-07
7.85437e-07
7.24041e-07
4.93397e-07
8.23341e-08
-4.1112e-07
-8.74443e-07
-1.24398e-06
-1.48885e-06
-1.6043e-06
-1.5995e-06
-1.48768e-06
-1.27973e-06
-9.81319e-07
-5.93249e-07
-1.14197e-07
4.54987e-07
1.10611e-06
1.81873e-06
2.55721e-06
3.27187e-06
3.89878e-06
4.37511e-06
4.6727e-06
4.78551e-06
4.72204e-06
4.45767e-06
-1.38126e-07
-1.8265e-07
-2.11016e-07
-2.29962e-07
-2.41762e-07
-2.45799e-07
-2.41761e-07
-2.29444e-07
-2.08326e-07
-1.77437e-07
-1.35366e-07
-8.05886e-08
-1.0397e-08
7.80324e-08
1.85562e-07
3.12331e-07
4.54426e-07
6.00716e-07
7.28987e-07
8.01656e-07
7.64246e-07
5.55219e-07
1.59514e-07
-3.21682e-07
-7.72449e-07
-1.12709e-06
-1.35439e-06
-1.45e-06
-1.42334e-06
-1.28748e-06
-1.05274e-06
-7.24236e-07
-3.02519e-07
2.13409e-07
8.21859e-07
1.51362e-06
2.26746e-06
3.04708e-06
3.80069e-06
4.46521e-06
4.98063e-06
5.31692e-06
5.45747e-06
5.41935e-06
5.16113e-06
-2.43254e-07
-2.91518e-07
-3.21971e-07
-3.41933e-07
-3.53868e-07
-3.57155e-07
-3.51597e-07
-3.37139e-07
-3.13375e-07
-2.79372e-07
-2.33631e-07
-1.74696e-07
-9.92072e-08
-4.05696e-09
1.1203e-07
2.49975e-07
4.06391e-07
5.70506e-07
7.20175e-07
8.16854e-07
8.04509e-07
6.18989e-07
2.41443e-07
-2.24614e-07
-6.60216e-07
-9.97766e-07
-1.20549e-06
-1.27906e-06
-1.22766e-06
-1.06373e-06
-7.96785e-07
-4.31168e-07
3.27583e-08
5.95468e-07
1.25402e-06
1.99752e-06
2.8031e-06
3.633e-06
4.43424e-06
5.14287e-06
5.69911e-06
6.07407e-06
6.24479e-06
6.24175e-06
5.98825e-06
-3.54073e-07
-4.06362e-07
-4.38865e-07
-4.59524e-07
-4.71049e-07
-4.72865e-07
-4.6497e-07
-4.4755e-07
-4.20393e-07
-3.82691e-07
-3.32947e-07
-2.69418e-07
-1.88415e-07
-8.68259e-08
3.75685e-08
1.8634e-07
3.56674e-07
5.38263e-07
7.09033e-07
8.29821e-07
8.43021e-07
6.82221e-07
3.24875e-07
-1.23872e-07
-5.42338e-07
-8.61118e-07
-1.04769e-06
-1.0974e-06
-1.01879e-06
-8.23309e-07
-5.19348e-07
-1.10377e-07
4.03481e-07
1.02207e-06
1.74094e-06
2.54712e-06
3.41541e-06
4.30593e-06
5.16412e-06
5.92462e-06
6.52647e-06
6.94234e-06
7.15116e-06
7.16728e-06
6.94367e-06
-4.71182e-07
-5.27766e-07
-5.62192e-07
-5.8307e-07
-5.93429e-07
-5.92822e-07
-5.81552e-07
-5.60162e-07
-5.28727e-07
-4.86627e-07
-4.32406e-07
-3.63993e-07
-2.77594e-07
-1.69841e-07
-3.74561e-08
1.2161e-07
3.05257e-07
5.03719e-07
6.95066e-07
8.39673e-07
8.7849e-07
7.43103e-07
4.07391e-07
-2.24525e-08
-4.22304e-07
-7.2104e-07
-8.85235e-07
-9.09635e-07
-8.01742e-07
-5.7175e-07
-2.26701e-07
2.30981e-07
8.01471e-07
1.48397e-06
2.27244e-06
3.15155e-06
4.09335e-06
5.05519e-06
5.98023e-06
6.80231e-06
7.45618e-06
7.91362e-06
8.16113e-06
8.19915e-06
8.02059e-06
-5.95382e-07
-6.56511e-07
-6.92606e-07
-7.13005e-07
-7.2117e-07
-7.16896e-07
-7.00948e-07
-6.7437e-07
-6.37628e-07
-5.90353e-07
-5.31144e-07
-4.57681e-07
-3.66104e-07
-2.52396e-07
-1.12551e-07
5.6127e-08
2.52332e-07
4.66836e-07
6.78049e-07
8.45888e-07
9.10083e-07
8.00393e-07
4.8727e-07
7.74761e-08
-3.02672e-07
-5.80418e-07
-7.21305e-07
-7.19249e-07
-5.80433e-07
-3.13538e-07
7.59146e-08
5.86699e-07
1.21937e-06
1.97257e-06
2.83869e-06
3.79995e-06
4.82545e-06
5.86933e-06
6.87192e-06
7.76494e-06
8.47773e-06
8.98234e-06
9.2744e-06
9.34282e-06
9.20276e-06
-7.27711e-07
-7.93599e-07
-8.3093e-07
-8.49861e-07
-8.54447e-07
-8.44907e-07
-8.22661e-07
-7.89447e-07
-7.4623e-07
-6.92947e-07
-6.28264e-07
-5.4965e-07
-4.53038e-07
-3.33762e-07
-1.87102e-07
-9.61824e-09
1.98237e-07
4.27833e-07
6.5798e-07
8.48269e-07
9.37354e-07
8.53324e-07
5.63366e-07
1.74412e-07
-1.85259e-07
-4.41339e-07
-5.58243e-07
-5.28896e-07
-3.57909e-07
-5.22933e-08
3.84099e-07
9.51373e-07
1.65056e-06
2.47986e-06
3.43021e-06
4.48151e-06
5.59984e-06
6.7359e-06
7.8267e-06
8.80082e-06
9.58094e-06
1.01383e-05
1.0481e-05
1.05881e-05
1.0488e-05
-8.69487e-07
-9.403e-07
-9.78183e-07
-9.94259e-07
-9.93426e-07
-9.76593e-07
-9.46071e-07
-9.04535e-07
-8.53542e-07
-7.93383e-07
-7.22766e-07
-6.38936e-07
-5.37496e-07
-4.1315e-07
-2.60405e-07
-7.5003e-08
1.4346e-07
3.8709e-07
6.3509e-07
8.46883e-07
9.60169e-07
9.01507e-07
6.34989e-07
2.67377e-07
-7.1305e-08
-3.05274e-07
-3.97755e-07
-3.40564e-07
-1.3655e-07
2.09046e-07
6.94141e-07
1.32028e-06
2.08904e-06
2.99834e-06
4.0379e-06
5.1855e-06
6.40435e-06
7.64169e-06
8.83071e-06
9.89619e-06
1.0755e-05
1.13693e-05
1.17657e-05
1.19173e-05
1.18659e-05
-1.02238e-06
-1.0982e-06
-1.13559e-06
-1.14689e-06
-1.13823e-06
-1.11156e-06
-1.07042e-06
-1.01864e-06
-9.5847e-07
-8.90559e-07
-8.13595e-07
-7.24545e-07
-6.18581e-07
-4.89738e-07
-3.31701e-07
-1.39359e-07
8.86261e-08
3.45112e-07
6.09785e-07
8.42002e-07
9.78638e-07
9.44846e-07
7.01794e-07
3.55784e-07
3.83814e-08
-1.73236e-07
-2.41064e-07
-1.55743e-07
8.17883e-08
4.68087e-07
1.0029e-06
1.68928e-06
2.52939e-06
3.52106e-06
4.65304e-06
5.90135e-06
7.22663e-06
8.57284e-06
9.86881e-06
1.10345e-05
1.19853e-05
1.26681e-05
1.31185e-05
1.33216e-05
1.33233e-05
-1.18853e-06
-1.26928e-06
-1.30463e-06
-1.30852e-06
-1.28887e-06
-1.24921e-06
-1.1948e-06
-1.13064e-06
-1.05986e-06
-9.8335e-07
-8.99709e-07
-8.05521e-07
-6.95421e-07
-5.6272e-07
-4.00239e-07
-2.01972e-07
3.43951e-08
3.025e-07
5.82589e-07
8.34047e-07
9.93051e-07
9.83464e-07
7.63691e-07
4.39338e-07
1.43311e-07
-4.58968e-08
-8.90368e-08
2.44553e-08
2.95651e-07
7.2287e-07
1.30771e-06
2.05474e-06
2.96672e-06
4.04154e-06
5.2673e-06
6.61867e-06
8.05429e-06
9.51516e-06
1.09257e-05
1.21998e-05
1.32531e-05
1.40228e-05
1.4529e-05
1.47906e-05
1.48514e-05
-1.37066e-06
-1.456e-06
-1.487e-06
-1.4799e-06
-1.44525e-06
-1.3888e-06
-1.31809e-06
-1.2393e-06
-1.15651e-06
-1.07066e-06
-9.80126e-07
-8.8099e-07
-7.67228e-07
-6.31364e-07
-4.65316e-07
-2.62156e-07
-1.8569e-08
2.59892e-07
5.54093e-07
8.23533e-07
1.00382e-06
1.01763e-06
8.20769e-07
5.17947e-07
2.43221e-07
7.6319e-08
5.77246e-08
1.99204e-07
5.03898e-07
9.71792e-07
1.6063e-06
2.4135e-06
3.39664e-06
4.55384e-06
5.87282e-06
7.32744e-06
8.87496e-06
1.04542e-05
1.19859e-05
1.3378e-05
1.45413e-05
1.54105e-05
1.59835e-05
1.63113e-05
1.64401e-05
-1.57234e-06
-1.66146e-06
-1.6847e-06
-1.66176e-06
-1.60703e-06
-1.52942e-06
-1.43896e-06
-1.34338e-06
-1.24724e-06
-1.15146e-06
-1.05399e-06
-9.50219e-07
-8.33348e-07
-6.95056e-07
-5.26326e-07
-3.19299e-07
-6.96432e-08
2.17914e-07
5.24903e-07
8.11019e-07
1.01142e-06
1.0477e-06
8.73234e-07
5.91661e-07
3.38011e-07
1.93164e-07
1.98813e-07
3.67896e-07
7.05643e-07
1.21354e-06
1.89679e-06
2.76282e-06
3.81529e-06
5.05259e-06
6.46233e-06
8.01807e-06
9.67651e-06
1.13753e-05
1.30323e-05
1.45505e-05
1.58339e-05
1.68113e-05
1.74656e-05
1.78686e-05
1.80773e-05
-1.79829e-06
-1.88946e-06
-1.89991e-06
-1.85466e-06
-1.77368e-06
-1.6699e-06
-1.55605e-06
-1.44148e-06
-1.33093e-06
-1.22488e-06
-1.12062e-06
-1.01266e-06
-8.93302e-07
-7.53338e-07
-5.82799e-07
-3.72896e-07
-1.18285e-07
1.77138e-07
4.95598e-07
7.97065e-07
1.01636e-06
1.07409e-06
9.21367e-07
6.60625e-07
4.27692e-07
3.04518e-07
3.33967e-07
5.30095e-07
9.00198e-07
1.44706e-06
2.17757e-06
3.10038e-06
4.21928e-06
5.533e-06
7.0292e-06
8.68161e-06
1.04472e-05
1.22635e-05
1.40473e-05
1.56971e-05
1.7109e-05
1.82048e-05
1.89588e-05
1.94471e-05
1.97519e-05
-2.05489e-06
-2.14471e-06
-2.13498e-06
-2.05887e-06
-1.94424e-06
-1.80863e-06
-1.6679e-06
-1.53243e-06
-1.40665e-06
-1.29029e-06
-1.17958e-06
-1.06798e-06
-9.46812e-07
-8.0593e-07
-6.34418e-07
-4.22574e-07
-1.6406e-07
1.38053e-07
4.66703e-07
7.82199e-07
1.01913e-06
1.09723e-06
9.65487e-07
7.25038e-07
5.12349e-07
4.10356e-07
4.63037e-07
6.855e-07
1.08705e-06
1.67152e-06
2.44738e-06
3.42427e-06
4.6058e-06
5.991e-06
7.56762e-06
9.30994e-06
1.1176e-05
1.31046e-05
1.50127e-05
1.67966e-05
1.8345e-05
1.95697e-05
2.04393e-05
2.10293e-05
2.14525e-05
-2.35092e-06
-2.43292e-06
-2.39221e-06
-2.27411e-06
-2.11713e-06
-1.94394e-06
-1.77303e-06
-1.61515e-06
-1.47376e-06
-1.34732e-06
-1.23068e-06
-1.11609e-06
-9.93809e-07
-8.52738e-07
-6.81029e-07
-4.68102e-07
-2.06655e-07
1.01047e-07
4.38661e-07
7.66892e-07
1.0202e-06
1.11753e-06
1.00592e-06
7.85134e-07
5.92118e-07
5.10718e-07
5.85957e-07
8.33918e-07
1.26582e-06
1.88627e-06
2.7052e-06
3.73294e-06
4.97255e-06
6.42321e-06
8.07268e-06
9.896e-06
1.18529e-05
1.38846e-05
1.59105e-05
1.78269e-05
1.9517e-05
2.08825e-05
2.18807e-05
2.25933e-05
2.31664e-05
-2.69869e-06
-2.76078e-06
-2.67353e-06
-2.49935e-06
-2.29037e-06
-2.0739e-06
-1.87007e-06
-1.68883e-06
-1.5319e-06
-1.39588e-06
-1.274e-06
-1.15713e-06
-1.03443e-06
-8.93843e-07
-7.22634e-07
-5.09387e-07
-2.45881e-07
6.6399e-08
4.11826e-07
7.51546e-07
1.01998e-06
1.13539e-06
1.043e-06
8.41163e-07
6.67171e-07
6.05696e-07
7.02733e-07
9.7525e-07
1.43626e-06
2.09086e-06
2.95029e-06
4.02524e-06
5.31777e-06
6.82699e-06
8.54047e-06
1.0434e-05
1.24692e-05
1.45911e-05
1.67233e-05
1.87649e-05
2.05969e-05
2.21129e-05
2.32548e-05
2.41141e-05
2.48821e-05
-3.1158e-06
-3.13556e-06
-2.97899e-06
-2.73356e-06
-2.46139e-06
-2.19644e-06
-1.9578e-06
-1.75298e-06
-1.58105e-06
-1.43624e-06
-1.3099e-06
-1.19148e-06
-1.06899e-06
-9.29485e-07
-7.59375e-07
-5.46465e-07
-2.81667e-07
3.4282e-08
3.86458e-07
7.36488e-07
1.01883e-06
1.15116e-06
1.07704e-06
8.93377e-07
7.37696e-07
6.95416e-07
8.13421e-07
1.10948e-06
1.59824e-06
2.28497e-06
3.18214e-06
4.30037e-06
5.64024e-06
7.20052e-06
8.96816e-06
1.09194e-05
1.30181e-05
1.52132e-05
1.74345e-05
1.95874e-05
2.15545e-05
2.32253e-05
2.45255e-05
2.55601e-05
2.65893e-05
-3.62755e-06
-3.56478e-06
-3.30834e-06
-2.97237e-06
-2.62693e-06
-2.3096e-06
-2.03537e-06
-1.80754e-06
-1.62158e-06
-1.46895e-06
-1.33898e-06
-1.21967e-06
-1.09796e-06
-9.60028e-07
-7.91505e-07
-5.79476e-07
-3.1404e-07
4.77381e-09
3.6273e-07
7.21964e-07
1.01705e-06
1.16515e-06
1.10832e-06
9.42024e-07
8.03896e-07
7.80034e-07
9.18125e-07
1.23665e-06
1.75172e-06
2.46847e-06
3.40048e-06
4.55789e-06
5.93925e-06
7.54269e-06
9.354e-06
1.13494e-05
1.34945e-05
1.57425e-05
1.80301e-05
2.02718e-05
2.23573e-05
2.41785e-05
2.56464e-05
2.68882e-05
2.82777e-05
-4.26976e-06
-4.05179e-06
-3.6589e-06
-3.21066e-06
-2.78322e-06
-2.41155e-06
-2.10234e-06
-1.85286e-06
-1.6542e-06
-1.49482e-06
-1.36201e-06
-1.24241e-06
-1.12191e-06
-9.85925e-07
-8.1936e-07
-6.08638e-07
-3.43108e-07
-2.21244e-08
3.40743e-07
7.08158e-07
1.01488e-06
1.17762e-06
1.13712e-06
9.87342e-07
8.65978e-07
8.59721e-07
1.01698e-06
1.35685e-06
1.89671e-06
2.6413e-06
3.60519e-06
4.7976e-06
6.2145e-06
7.85305e-06
9.69725e-06
1.17226e-05
1.38956e-05
1.61729e-05
1.84984e-05
2.07977e-05
2.29718e-05
2.49245e-05
2.65567e-05
2.80345e-05
2.99311e-05
-5.09165e-06
-4.59209e-06
-4.01959e-06
-3.44145e-06
-2.92622e-06
-2.5008e-06
-2.15878e-06
-1.88971e-06
-1.67992e-06
-1.51485e-06
-1.37992e-06
-1.26047e-06
-1.1415e-06
-1.0077e-06
-8.43342e-07
-6.34237e-07
-3.69039e-07
-4.64715e-08
3.20537e-07
6.95198e-07
1.0125e-06
1.18882e-06
1.16365e-06
1.02956e-06
9.24153e-07
9.34664e-07
1.11013e-06
1.4702e-06
2.03329e-06
2.80348e-06
3.79624e-06
5.01942e-06
6.46591e-06
8.13151e-06
9.99775e-06
1.20386e-05
1.422e-05
1.6501e-05
1.88312e-05
2.11471e-05
2.33645e-05
2.54081e-05
2.71767e-05
2.88999e-05
3.15087e-05
-6.13936e-06
-5.17721e-06
-4.37442e-06
-3.65543e-06
-3.05172e-06
-2.57634e-06
-2.2052e-06
-1.9192e-06
-1.69996e-06
-1.53021e-06
-1.39372e-06
-1.27474e-06
-1.15747e-06
-1.02598e-06
-8.63946e-07
-6.56649e-07
-3.92093e-07
-6.84131e-08
3.0208e-07
6.83149e-07
1.01006e-06
1.19891e-06
1.18814e-06
1.06889e-06
9.78633e-07
1.00508e-06
1.19782e-06
1.57693e-06
2.16168e-06
2.95526e-06
3.97395e-06
5.22378e-06
6.69402e-06
8.37882e-06
1.02565e-05
1.22983e-05
1.44687e-05
1.67265e-05
1.90242e-05
2.13067e-05
2.35041e-05
2.55691e-05
2.74059e-05
2.93448e-05
3.29442e-05
-7.51609e-06
-5.79158e-06
-4.70088e-06
-3.8427e-06
-3.15738e-06
-2.63897e-06
-2.24348e-06
-1.94325e-06
-1.71599e-06
-1.54224e-06
-1.40447e-06
-1.28605e-06
-1.17048e-06
-1.0413e-06
-8.8165e-07
-6.76295e-07
-4.12635e-07
-8.82458e-08
2.85169e-07
6.71929e-07
1.00761e-06
1.20806e-06
1.21077e-06
1.10552e-06
1.02963e-06
1.07124e-06
1.2804e-06
1.6776e-06
2.2827e-06
3.0978e-06
4.13999e-06
5.41296e-06
6.90193e-06
8.59908e-06
1.04787e-05
1.25086e-05
1.46496e-05
1.68579e-05
1.90847e-05
2.12768e-05
2.33733e-05
2.53514e-05
2.7125e-05
2.92023e-05
3.42101e-05
-9.34388e-06
-6.40337e-06
-4.96665e-06
-3.99466e-06
-3.24559e-06
-2.69321e-06
-2.27777e-06
-1.96501e-06
-1.7301e-06
-1.55217e-06
-1.41277e-06
-1.29455e-06
-1.18045e-06
-1.05347e-06
-8.96251e-07
-6.93053e-07
-4.30665e-07
-1.06072e-07
2.69639e-07
6.614e-07
1.00511e-06
1.21638e-06
1.23172e-06
1.13959e-06
1.07722e-06
1.1332e-06
1.35804e-06
1.77254e-06
2.39698e-06
3.23224e-06
4.29622e-06
5.58995e-06
7.09424e-06
8.79912e-06
1.06743e-05
1.2683e-05
1.4781e-05
1.69189e-05
1.90418e-05
2.10884e-05
2.29919e-05
2.47215e-05
2.61829e-05
2.81559e-05
3.48883e-05
-1.09001e-05
-6.80171e-06
-5.11083e-06
-4.0923e-06
-3.31242e-06
-2.73813e-06
-2.30757e-06
-1.98404e-06
-1.74189e-06
-1.55962e-06
-1.41823e-06
-1.29983e-06
-1.18685e-06
-1.06182e-06
-9.06931e-07
-7.05956e-07
-4.45178e-07
-1.20863e-07
2.56353e-07
6.5216e-07
1.0029e-06
1.22407e-06
1.25124e-06
1.17143e-06
1.12159e-06
1.19068e-06
1.42954e-06
1.85922e-06
2.50023e-06
3.35222e-06
4.43378e-06
5.74328e-06
7.25703e-06
8.96298e-06
1.08261e-05
1.28044e-05
1.48478e-05
1.68994e-05
1.88939e-05
2.07549e-05
2.23753e-05
2.36617e-05
2.4396e-05
2.53171e-05
3.13087e-05
)
;

boundaryField
{
    inlet
    {
        type            uniformJump;
        patchType       cyclic;
        jump            uniform -2.5e-05;
        value           nonuniform List<scalar> 
40
(
5.71444e-07
5.8266e-07
5.93971e-07
6.04772e-07
6.16275e-07
6.30023e-07
6.48711e-07
6.7709e-07
7.22493e-07
7.94751e-07
9.05487e-07
1.06754e-06
1.29554e-06
1.60728e-06
2.02456e-06
2.57147e-06
3.26561e-06
4.11965e-06
5.13366e-06
6.28347e-06
7.41907e-06
8.40439e-06
9.11388e-06
9.62778e-06
9.98518e-06
1.02231e-05
1.03763e-05
1.04714e-05
1.05278e-05
1.05593e-05
1.05753e-05
1.0582e-05
1.05836e-05
1.05825e-05
1.05803e-05
1.05777e-05
1.05753e-05
1.05732e-05
1.05715e-05
1.057e-05
)
;
        jumpTable       table;
        jumpTableCoeffs
        {
            values          
4
(
(0 -2.5e-05)
(25 -2.5e-05)
(25.5 -0.0001)
(26 -2.5e-05)
)
;
        }
    }
    outlet
    {
        type            uniformJump;
        patchType       cyclic;
        value           nonuniform List<scalar> 
40
(
-2.44286e-05
-2.44173e-05
-2.4406e-05
-2.43952e-05
-2.43837e-05
-2.437e-05
-2.43513e-05
-2.43229e-05
-2.42775e-05
-2.42052e-05
-2.40945e-05
-2.39325e-05
-2.37045e-05
-2.33927e-05
-2.29754e-05
-2.24285e-05
-2.17344e-05
-2.08804e-05
-1.98663e-05
-1.87165e-05
-1.75809e-05
-1.65956e-05
-1.58861e-05
-1.53722e-05
-1.50148e-05
-1.47769e-05
-1.46237e-05
-1.45286e-05
-1.44722e-05
-1.44407e-05
-1.44247e-05
-1.4418e-05
-1.44164e-05
-1.44175e-05
-1.44197e-05
-1.44223e-05
-1.44247e-05
-1.44268e-05
-1.44285e-05
-1.443e-05
)
;
    }
    Walls
    {
        type            zeroGradient;
    }
    back
    {
        type            empty;
    }
    front
    {
        type            empty;
    }
}


// ************************************************************************* //
