/*--------------------------------*- C++ -*----------------------------------*\
| =========                 |                                                 |
| \\      /  F ield         | OpenFOAM: The Open Source CFD Toolbox           |
|  \\    /   O peration     | Version:  2312                                  |
|   \\  /    A nd           | Website:  www.openfoam.com                      |
|    \\/     M anipulation  |                                                 |
\*---------------------------------------------------------------------------*/
FoamFile
{
    version     2.0;
    format      ascii;
    arch        "LSB;label=32;scalar=64";
    class       volScalarField;
    location    "28.75";
    object      p;
}
// * * * * * * * * * * * * * * * * * * * * * * * * * * * * * * * * * * * * * //

dimensions      [0 2 -2 0 0 0 0];

internalField   nonuniform List<scalar> 
4800
(
-5.50022e-13
-1.84407e-06
-3.45526e-06
-4.87071e-06
-6.11775e-06
-7.21808e-06
-8.18854e-06
-9.05202e-06
-9.82446e-06
-1.05151e-05
-1.11366e-05
-1.16956e-05
-1.21857e-05
-1.28497e-05
-1.47238e-05
1.75178e-08
-1.82098e-06
-3.42765e-06
-4.8397e-06
-6.08498e-06
-7.18559e-06
-8.15795e-06
-9.02637e-06
-9.8063e-06
-1.05086e-05
-1.11517e-05
-1.1757e-05
-1.23423e-05
-1.30191e-05
-1.40554e-05
3.698e-08
-1.7955e-06
-3.39751e-06
-4.80631e-06
-6.04978e-06
-7.15016e-06
-8.12398e-06
-8.99421e-06
-9.77962e-06
-1.04906e-05
-1.11462e-05
-1.17685e-05
-1.23697e-05
-1.29565e-05
-1.35018e-05
5.82709e-08
-1.76735e-06
-3.36397e-06
-4.76877e-06
-6.00967e-06
-7.10876e-06
-8.08386e-06
-8.95293e-06
-9.73956e-06
-1.04524e-05
-1.11055e-05
-1.17116e-05
-1.22642e-05
-1.2728e-05
-1.30241e-05
8.32897e-08
-1.73413e-06
-3.32414e-06
-4.72373e-06
-5.96084e-06
-7.05708e-06
-8.03117e-06
-8.89779e-06
-9.67889e-06
-1.03842e-05
-1.10194e-05
-1.15856e-05
-1.20639e-05
-1.24117e-05
-1.25675e-05
1.13782e-07
-1.69383e-06
-3.2757e-06
-4.6685e-06
-5.90007e-06
-6.99128e-06
-7.96021e-06
-8.82137e-06
-9.59016e-06
-1.02763e-05
-1.08787e-05
-1.139e-05
-1.17888e-05
-1.2043e-05
-1.2122e-05
1.51951e-07
-1.64403e-06
-3.21585e-06
-4.59969e-06
-5.82323e-06
-6.90623e-06
-7.86552e-06
-8.71433e-06
-9.46374e-06
-1.01194e-05
-1.06771e-05
-1.1127e-05
-1.14527e-05
-1.16386e-05
-1.16783e-05
2.00911e-07
-1.58127e-06
-3.14061e-06
-4.51255e-06
-5.7246e-06
-6.79502e-06
-7.73901e-06
-8.56778e-06
-9.28909e-06
-9.90523e-06
-1.04119e-05
-1.08016e-05
-1.10669e-05
-1.12066e-05
-1.12279e-05
2.64481e-07
-1.50107e-06
-3.04476e-06
-4.40088e-06
-5.59685e-06
-6.64908e-06
-7.57099e-06
-8.37182e-06
-9.05709e-06
-9.6281e-06
-1.00827e-05
-1.04192e-05
-1.06387e-05
-1.07492e-05
-1.07642e-05
3.46749e-07
-1.39845e-06
-2.92216e-06
-4.25729e-06
-5.43158e-06
-6.45896e-06
-7.35149e-06
-8.11705e-06
-8.76055e-06
-9.28491e-06
-9.69135e-06
-9.9843e-06
-1.01713e-05
-1.02655e-05
-1.02816e-05
4.52327e-07
-1.26957e-06
-2.76685e-06
-4.07408e-06
-5.22021e-06
-6.21555e-06
-7.07185e-06
-7.79654e-06
-8.39564e-06
-8.8747e-06
-9.24019e-06
-9.50012e-06
-9.66617e-06
-9.75317e-06
-9.77551e-06
5.78295e-07
-1.11401e-06
-2.57388e-06
-3.84582e-06
-4.95566e-06
-5.91161e-06
-6.72643e-06
-7.40729e-06
-7.96263e-06
-8.40139e-06
-8.73331e-06
-8.96999e-06
-9.12433e-06
-9.21104e-06
-9.24317e-06
7.20093e-07
-9.24679e-07
-2.34384e-06
-3.5745e-06
-4.63493e-06
-5.54433e-06
-6.31403e-06
-6.95063e-06
-7.46564e-06
-7.87049e-06
-8.17707e-06
-8.39857e-06
-8.54827e-06
-8.6397e-06
-8.6842e-06
8.7971e-07
-7.13298e-07
-2.08306e-06
-3.25381e-06
-4.26048e-06
-5.12213e-06
-5.84238e-06
-6.43376e-06
-6.91269e-06
-7.29067e-06
-7.57942e-06
-7.79241e-06
-7.94265e-06
-8.04225e-06
-8.1009e-06
1.03825e-06
-4.79906e-07
-1.78481e-06
-2.89796e-06
-3.85039e-06
-4.65546e-06
-5.31974e-06
-5.86619e-06
-6.31296e-06
-6.67083e-06
-6.94885e-06
-7.15901e-06
-7.31361e-06
-7.42372e-06
-7.49771e-06
1.18468e-06
-2.44494e-07
-1.46383e-06
-2.51199e-06
-3.40556e-06
-4.15242e-06
-4.76328e-06
-5.26481e-06
-5.67959e-06
-6.02089e-06
-6.29365e-06
-6.5059e-06
-6.66804e-06
-6.79028e-06
-6.88032e-06
1.30345e-06
-2.35126e-08
-1.14625e-06
-2.10704e-06
-2.93765e-06
-3.62969e-06
-4.19229e-06
-4.65222e-06
-5.03577e-06
-5.3587e-06
-5.62678e-06
-5.84346e-06
-6.01518e-06
-6.15049e-06
-6.25668e-06
1.37187e-06
1.66809e-07
-8.55268e-07
-1.72041e-06
-2.46099e-06
-3.09688e-06
-3.62229e-06
-4.05116e-06
-4.40738e-06
-4.70993e-06
-4.96966e-06
-5.1886e-06
-5.36938e-06
-5.51747e-06
-5.63891e-06
1.37392e-06
3.01986e-07
-6.0548e-07
-1.37529e-06
-2.03203e-06
-2.59264e-06
-3.06747e-06
-3.4687e-06
-3.80714e-06
-4.09599e-06
-4.34506e-06
-4.5607e-06
-4.74642e-06
-4.9047e-06
-5.03911e-06
1.29358e-06
3.67973e-07
-4.19406e-07
-1.08941e-06
-1.65963e-06
-2.15014e-06
-2.57339e-06
-2.93804e-06
-3.25279e-06
-3.52494e-06
-3.76231e-06
-3.97273e-06
-4.15975e-06
-4.32433e-06
-4.46868e-06
1.1479e-06
3.59286e-07
-3.13923e-07
-8.88484e-07
-1.38138e-06
-1.80721e-06
-2.17731e-06
-2.50178e-06
-2.7871e-06
-3.0387e-06
-3.26241e-06
-3.46458e-06
-3.64844e-06
-3.81425e-06
-3.96268e-06
9.77823e-07
3.04188e-07
-2.73215e-07
-7.70458e-07
-1.19993e-06
-1.57359e-06
-1.90273e-06
-2.19481e-06
-2.45584e-06
-2.68984e-06
-2.89711e-06
-3.08357e-06
-3.25882e-06
-3.42312e-06
-3.57366e-06
8.4638e-07
2.6082e-07
-2.43943e-07
-6.81692e-07
-1.06325e-06
-1.39869e-06
-1.69649e-06
-1.96295e-06
-2.20293e-06
-2.41986e-06
-2.61794e-06
-2.80023e-06
-2.96891e-06
-3.12576e-06
-3.27302e-06
7.58393e-07
2.388e-07
-2.12221e-07
-6.06479e-07
-9.53296e-07
-1.26082e-06
-1.53592e-06
-1.78407e-06
-2.00963e-06
-2.21611e-06
-2.40646e-06
-2.58283e-06
-2.74728e-06
-2.90178e-06
-3.04804e-06
7.09745e-07
2.39144e-07
-1.72671e-07
-5.35672e-07
-8.57724e-07
-1.14568e-06
-1.40531e-06
-1.64133e-06
-1.85752e-06
-2.05685e-06
-2.24178e-06
-2.41445e-06
-2.57679e-06
-2.73049e-06
-2.87704e-06
6.93136e-07
2.58698e-07
-1.248e-07
-4.657e-07
-7.70655e-07
-1.04548e-06
-1.29507e-06
-1.52347e-06
-1.73395e-06
-1.92922e-06
-2.1116e-06
-2.28306e-06
-2.44536e-06
-2.59998e-06
-2.74835e-06
6.9907e-07
2.91191e-07
-7.20633e-08
-3.97617e-07
-6.9112e-07
-9.57542e-07
-1.20112e-06
-1.42537e-06
-1.63325e-06
-1.82723e-06
-2.00944e-06
-2.18168e-06
-2.34556e-06
-2.50247e-06
-2.65378e-06
7.18231e-07
3.29995e-07
-1.87502e-08
-3.33725e-07
-6.19766e-07
-8.81174e-07
-1.12165e-06
-1.34432e-06
-1.55182e-06
-1.74639e-06
-1.92998e-06
-2.10427e-06
-2.27078e-06
-2.43086e-06
-2.58582e-06
7.43399e-07
3.69978e-07
3.17971e-08
-2.75864e-07
-5.57161e-07
-8.15841e-07
-1.05515e-06
-1.27786e-06
-1.48633e-06
-1.6826e-06
-1.86849e-06
-2.04557e-06
-2.21532e-06
-2.37901e-06
-2.53793e-06
7.69756e-07
4.07822e-07
7.75342e-08
-2.24971e-07
-5.03272e-07
-7.60645e-07
-9.99941e-07
-1.22361e-06
-1.43378e-06
-1.63233e-06
-1.82096e-06
-2.00117e-06
-2.17436e-06
-2.34176e-06
-2.50466e-06
7.94484e-07
4.41739e-07
1.17565e-07
-1.8116e-07
-4.5753e-07
-7.14409e-07
-9.54297e-07
-1.17937e-06
-1.39156e-06
-1.59261e-06
-1.78409e-06
-1.96743e-06
-2.14399e-06
-2.31496e-06
-2.48161e-06
8.16214e-07
4.71052e-07
1.51808e-07
-1.43997e-07
-4.19056e-07
-6.75863e-07
-9.16605e-07
-1.14322e-06
-1.35747e-06
-1.56096e-06
-1.75518e-06
-1.94147e-06
-2.12116e-06
-2.29542e-06
-2.46547e-06
8.34504e-07
4.95766e-07
1.80652e-07
-1.12775e-07
-3.8687e-07
-6.43783e-07
-8.8543e-07
-1.11354e-06
-1.32973e-06
-1.53548e-06
-1.73219e-06
-1.92115e-06
-2.10365e-06
-2.28082e-06
-2.4539e-06
8.49431e-07
5.16253e-07
2.04703e-07
-8.67013e-08
-3.60014e-07
-6.17076e-07
-8.59564e-07
-1.08903e-06
-1.30696e-06
-1.51471e-06
-1.71362e-06
-1.90493e-06
-2.08988e-06
-2.2696e-06
-2.4453e-06
8.61334e-07
5.3304e-07
2.24628e-07
-6.50011e-08
-3.37626e-07
-5.94811e-07
-8.38028e-07
-1.06868e-06
-1.2881e-06
-1.49759e-06
-1.69841e-06
-1.89175e-06
-2.07881e-06
-2.26072e-06
-2.43866e-06
8.70643e-07
5.46676e-07
2.41055e-07
-4.69882e-08
-3.18978e-07
-5.76235e-07
-8.20057e-07
-1.0517e-06
-1.27241e-06
-1.48338e-06
-1.68582e-06
-1.88088e-06
-2.06975e-06
-2.25352e-06
-2.43338e-06
8.77795e-07
5.57664e-07
2.54527e-07
-3.20933e-08
-3.03486e-07
-5.60764e-07
-8.05071e-07
-1.03754e-06
-1.25932e-06
-1.47154e-06
-1.67535e-06
-1.87187e-06
-2.06225e-06
-2.24759e-06
-2.42907e-06
8.83234e-07
5.66523e-07
2.65604e-07
-1.97307e-08
-2.90554e-07
-5.47804e-07
-7.9249e-07
-1.02564e-06
-1.24831e-06
-1.46157e-06
-1.66653e-06
-1.86427e-06
-2.05594e-06
-2.24261e-06
-2.42545e-06
8.87478e-07
5.73989e-07
2.75163e-07
-8.9408e-09
-2.79189e-07
-5.36366e-07
-7.81352e-07
-1.01508e-06
-1.23852e-06
-1.4527e-06
-1.65867e-06
-1.8575e-06
-2.05031e-06
-2.23816e-06
-2.42223e-06
8.90809e-07
5.80543e-07
2.83813e-07
9.39349e-10
-2.68736e-07
-5.25838e-07
-7.71118e-07
-1.0054e-06
-1.22959e-06
-1.44464e-06
-1.65157e-06
-1.85142e-06
-2.04528e-06
-2.23421e-06
-2.41939e-06
-1.63659e-05
-1.39538e-05
-1.24602e-05
-1.14647e-05
-1.06556e-05
-1.00156e-05
-9.49138e-06
-9.04684e-06
-8.65808e-06
-8.30777e-06
-7.98362e-06
-7.67694e-06
-7.38221e-06
-7.09744e-06
-6.82528e-06
-6.57692e-06
-6.37357e-06
-6.25825e-06
-6.29504e-06
-6.58508e-06
-7.26459e-06
-8.49116e-06
-1.0247e-05
-1.21902e-05
-1.40189e-05
-1.55572e-05
-1.66884e-05
-1.73352e-05
-1.74462e-05
-1.69923e-05
-1.59661e-05
-1.43846e-05
-1.22885e-05
-9.74043e-06
-6.81973e-06
-3.61658e-06
-2.26353e-07
3.25441e-06
6.72879e-06
1.00968e-05
1.32422e-05
1.6028e-05
1.81545e-05
1.94579e-05
1.90994e-05
-1.45694e-05
-1.3348e-05
-1.22265e-05
-1.1345e-05
-1.05864e-05
-9.96297e-06
-9.44381e-06
-9.00054e-06
-8.61175e-06
-8.26117e-06
-7.93682e-06
-7.63017e-06
-7.33579e-06
-7.05183e-06
-6.78111e-06
-6.53497e-06
-6.3346e-06
-6.22287e-06
-6.26319e-06
-6.55533e-06
-7.23403e-06
-8.45502e-06
-1.02007e-05
-1.21339e-05
-1.39554e-05
-1.54893e-05
-1.66182e-05
-1.72639e-05
-1.73751e-05
-1.69229e-05
-1.59015e-05
-1.43293e-05
-1.22492e-05
-9.72553e-06
-6.84014e-06
-3.6864e-06
-3.64638e-07
3.02068e-06
6.35934e-06
9.52767e-06
1.23646e-05
1.46375e-05
1.58946e-05
1.54694e-05
1.23611e-05
-1.36184e-05
-1.28651e-05
-1.19813e-05
-1.1201e-05
-1.04981e-05
-9.89807e-06
-9.38755e-06
-8.94737e-06
-8.55933e-06
-8.20876e-06
-7.88435e-06
-7.57784e-06
-7.28398e-06
-7.00112e-06
-6.73229e-06
-6.489e-06
-6.29243e-06
-6.18527e-06
-6.23017e-06
-6.52523e-06
-7.20341e-06
-8.418e-06
-1.01512e-05
-1.20714e-05
-1.38826e-05
-1.54092e-05
-1.65333e-05
-1.71764e-05
-1.7287e-05
-1.68374e-05
-1.58236e-05
-1.4266e-05
-1.22101e-05
-9.72316e-06
-6.89027e-06
-3.80951e-06
-5.87918e-07
2.65971e-06
5.80725e-06
8.70661e-06
1.11619e-05
1.28953e-05
1.34657e-05
1.23314e-05
9.17929e-06
-1.29854e-05
-1.24574e-05
-1.17518e-05
-1.10538e-05
-1.04056e-05
-9.8313e-06
-9.33015e-06
-8.89334e-06
-8.5057e-06
-8.15458e-06
-7.82959e-06
-7.52284e-06
-7.22931e-06
-6.94756e-06
-6.68082e-06
-6.44078e-06
-6.24859e-06
-6.14671e-06
-6.19697e-06
-6.49558e-06
-7.17356e-06
-8.38138e-06
-1.01005e-05
-1.20053e-05
-1.38033e-05
-1.53193e-05
-1.6435e-05
-1.70717e-05
-1.71786e-05
-1.67295e-05
-1.57229e-05
-1.41825e-05
-1.21571e-05
-9.71786e-06
-6.95457e-06
-3.97103e-06
-8.82162e-07
2.1864e-06
5.0941e-06
7.67589e-06
9.72434e-06
1.09745e-05
1.10994e-05
9.80051e-06
7.0672e-06
-1.24722e-05
-1.20782e-05
-1.1515e-05
-1.09061e-05
-1.03113e-05
-9.76408e-06
-9.27282e-06
-8.83947e-06
-8.45153e-06
-8.09903e-06
-7.77277e-06
-7.46533e-06
-7.17201e-06
-6.89154e-06
-6.6274e-06
-6.3914e-06
-6.20464e-06
-6.10926e-06
-6.16605e-06
-6.46908e-06
-7.14707e-06
-8.3471e-06
-1.00495e-05
-1.19353e-05
-1.37164e-05
-1.5218e-05
-1.6322e-05
-1.69499e-05
-1.70519e-05
-1.6604e-05
-1.56079e-05
-1.40912e-05
-1.21069e-05
-9.73095e-06
-7.05812e-06
-4.19842e-06
-1.2743e-06
1.57974e-06
4.21437e-06
6.46057e-06
8.12435e-06
8.99255e-06
8.86123e-06
7.62096e-06
5.39624e-06
-1.20176e-05
-1.17153e-05
-1.12621e-05
-1.07408e-05
-1.02082e-05
-9.69092e-06
-9.21491e-06
-8.78594e-06
-8.39755e-06
-8.04323e-06
-7.71514e-06
-7.40661e-06
-7.11338e-06
-6.83447e-06
-6.57359e-06
-6.34268e-06
-6.1627e-06
-6.07538e-06
-6.14031e-06
-6.44878e-06
-7.12696e-06
-8.31779e-06
-9.99959e-06
-1.18617e-05
-1.36211e-05
-1.51037e-05
-1.61921e-05
-1.68087e-05
-1.69052e-05
-1.64605e-05
-1.54802e-05
-1.39963e-05
-1.20668e-05
-9.77245e-06
-7.21339e-06
-4.50513e-06
-1.77574e-06
8.35719e-07
3.17949e-06
5.09651e-06
6.42413e-06
7.01365e-06
6.76425e-06
5.68011e-06
3.93073e-06
-1.15836e-05
-1.13494e-05
-1.09903e-05
-1.05511e-05
-1.00764e-05
-9.60346e-06
-9.14979e-06
-8.72879e-06
-8.34263e-06
-7.9876e-06
-7.65796e-06
-7.34842e-06
-7.05547e-06
-6.77862e-06
-6.52185e-06
-6.29732e-06
-6.12575e-06
-6.04829e-06
-6.12321e-06
-6.43832e-06
-7.1169e-06
-8.29679e-06
-9.95334e-06
-1.17858e-05
-1.35172e-05
-1.49749e-05
-1.6043e-05
-1.6645e-05
-1.67353e-05
-1.62964e-05
-1.53383e-05
-1.38982e-05
-1.20392e-05
-9.84694e-06
-7.42607e-06
-4.89593e-06
-2.38679e-06
-3.63679e-08
2.0141e-06
3.62654e-06
4.67767e-06
5.07843e-06
4.7998e-06
3.89918e-06
2.53638e-06
-1.11484e-05
-1.09668e-05
-1.06847e-05
-1.03236e-05
-9.91437e-06
-9.48807e-06
-9.06514e-06
-8.66099e-06
-8.28261e-06
-7.93022e-06
-7.60106e-06
-7.2918e-06
-7.0002e-06
-6.72653e-06
-6.47525e-06
-6.25881e-06
-6.09763e-06
-6.03223e-06
-6.11927e-06
-6.44237e-06
-7.12147e-06
-8.28828e-06
-9.91372e-06
-1.17091e-05
-1.3405e-05
-1.48304e-05
-1.58719e-05
-1.64557e-05
-1.65392e-05
-1.61094e-05
-1.51815e-05
-1.37982e-05
-1.20273e-05
-9.95878e-06
-7.70029e-06
-5.37209e-06
-3.10208e-06
-1.02029e-06
7.48005e-07
2.09159e-06
2.92577e-06
3.20705e-06
2.94808e-06
2.22217e-06
1.16129e-06
-1.07013e-05
-1.05614e-05
-1.03419e-05
-1.00512e-05
-9.7078e-06
-9.33438e-06
-8.95088e-06
-8.5729e-06
-8.21005e-06
-7.86625e-06
-7.54196e-06
-7.23624e-06
-6.94857e-06
-6.68038e-06
-6.43689e-06
-6.23103e-06
-6.08287e-06
-6.03216e-06
-6.13384e-06
-6.46638e-06
-7.14599e-06
-8.29697e-06
-9.88398e-06
-1.16333e-05
-1.32845e-05
-1.46686e-05
-1.56764e-05
-1.62376e-05
-1.63142e-05
-1.5898e-05
-1.501e-05
-1.36981e-05
-1.20344e-05
-1.01117e-05
-8.03803e-06
-5.93083e-06
-3.91083e-06
-2.09488e-06
-5.87878e-07
5.26506e-07
1.19556e-06
1.40612e-06
1.18839e-06
6.15645e-07
-2.10366e-07
-1.02358e-05
-1.01304e-05
-9.96209e-06
-9.7327e-06
-9.45176e-06
-9.13449e-06
-8.79717e-06
-8.45407e-06
-8.11573e-06
-7.7886e-06
-7.47594e-06
-7.17927e-06
-6.9001e-06
-6.6414e-06
-6.40934e-06
-6.21764e-06
-6.08596e-06
-6.05324e-06
-6.17247e-06
-6.51596e-06
-7.19574e-06
-8.32744e-06
-9.86687e-06
-1.15595e-05
-1.31551e-05
-1.44875e-05
-1.54533e-05
-1.59878e-05
-1.60578e-05
-1.56613e-05
-1.48245e-05
-1.36002e-05
-1.20635e-05
-1.03076e-05
-8.43765e-06
-6.56442e-06
-4.79711e-06
-3.23586e-06
-1.96407e-06
-1.04118e-06
-4.96792e-07
-3.27615e-07
-4.98757e-07
-9.40868e-07
-1.58326e-06
-9.74738e-06
-9.67194e-06
-9.54647e-06
-9.36997e-06
-9.14645e-06
-8.88511e-06
-8.59785e-06
-8.29653e-06
-7.99127e-06
-7.68967e-06
-7.39697e-06
-7.11679e-06
-6.85268e-06
-6.60926e-06
-6.3939e-06
-6.22124e-06
-6.11053e-06
-6.09977e-06
-6.23989e-06
-6.59579e-06
-7.27501e-06
-8.3829e-06
-9.86348e-06
-1.14872e-05
-1.30152e-05
-1.42841e-05
-1.51994e-05
-1.57033e-05
-1.57685e-05
-1.5399e-05
-1.46265e-05
-1.35069e-05
-1.21164e-05
-1.05456e-05
-8.89341e-06
-7.26036e-06
-5.74113e-06
-4.41792e-06
-3.35429e-06
-2.59042e-06
-2.14039e-06
-1.99256e-06
-2.11251e-06
-2.4562e-06
-2.95695e-06
-9.23318e-06
-9.18493e-06
-9.09656e-06
-8.96612e-06
-8.79457e-06
-8.58692e-06
-8.35109e-06
-8.0962e-06
-7.83105e-06
-7.56327e-06
-7.29919e-06
-7.04394e-06
-6.8028e-06
-6.58198e-06
-6.39001e-06
-6.24252e-06
-6.1582e-06
-6.174e-06
-6.3385e-06
-6.7081e-06
-7.38569e-06
-8.46361e-06
-9.87167e-06
-1.14136e-05
-1.28614e-05
-1.40545e-05
-1.49113e-05
-1.53818e-05
-1.54456e-05
-1.51123e-05
-1.4418e-05
-1.342e-05
-1.21928e-05
-1.08213e-05
-9.39516e-06
-8.00192e-06
-6.72056e-06
-5.61617e-06
-4.73572e-06
-4.10571e-06
-3.73174e-06
-3.60046e-06
-3.68319e-06
-3.94154e-06
-4.33052e-06
-8.69283e-06
-8.67008e-06
-8.61486e-06
-8.52518e-06
-8.40058e-06
-8.24341e-06
-8.05858e-06
-7.85263e-06
-7.63267e-06
-7.40565e-06
-7.17818e-06
-6.95626e-06
-6.74648e-06
-6.55626e-06
-6.39519e-06
-6.27968e-06
-6.22775e-06
-6.27504e-06
-6.46696e-06
-6.85088e-06
-7.52489e-06
-8.56532e-06
-9.88473e-06
-1.13334e-05
-1.26887e-05
-1.37943e-05
-1.45859e-05
-1.50225e-05
-1.509e-05
-1.48033e-05
-1.42012e-05
-1.33402e-05
-1.22898e-05
-1.11265e-05
-9.9285e-06
-8.76894e-06
-7.71154e-06
-6.80642e-06
-6.08776e-06
-5.57298e-06
-5.26349e-06
-5.14699e-06
-5.20058e-06
-5.39501e-06
-5.69764e-06
-8.12855e-06
-8.13015e-06
-8.10531e-06
-8.05237e-06
-7.97035e-06
-7.86017e-06
-7.7247e-06
-7.56843e-06
-7.39677e-06
-7.21565e-06
-7.03145e-06
-6.8504e-06
-6.6799e-06
-6.52806e-06
-6.40531e-06
-6.32831e-06
-6.31436e-06
-6.39829e-06
-6.61917e-06
-7.01715e-06
-7.68523e-06
-8.67062e-06
-9.89964e-06
-1.12432e-05
-1.24864e-05
-1.34981e-05
-1.42219e-05
-1.46269e-05
-1.47052e-05
-1.4476e-05
-1.39788e-05
-1.32666e-05
-1.24014e-05
-1.14493e-05
-1.04753e-05
-9.53869e-06
-8.6893e-06
-7.96505e-06
-7.39076e-06
-6.97822e-06
-6.72735e-06
-6.62827e-06
-6.66381e-06
-6.81254e-06
-7.05079e-06
-7.54464e-06
-7.56976e-06
-7.57328e-06
-7.55394e-06
-7.51085e-06
-7.44422e-06
-7.35574e-06
-7.24847e-06
-7.12642e-06
-6.99436e-06
-6.85822e-06
-6.72405e-06
-6.5995e-06
-6.49282e-06
-6.41514e-06
-6.38197e-06
-6.40962e-06
-6.53472e-06
-6.78279e-06
-7.196e-06
-7.85077e-06
-8.76637e-06
-9.90952e-06
-1.11281e-05
-1.22467e-05
-1.31599e-05
-1.38193e-05
-1.41988e-05
-1.42971e-05
-1.41359e-05
-1.37533e-05
-1.31968e-05
-1.25191e-05
-1.17746e-05
-1.10152e-05
-1.02874e-05
-9.62924e-06
-9.06922e-06
-8.62559e-06
-8.30687e-06
-8.11291e-06
-8.03667e-06
-8.066e-06
-8.18576e-06
-8.37908e-06
-6.94668e-06
-6.99476e-06
-7.02514e-06
-7.03701e-06
-7.02972e-06
-7.00335e-06
-6.95895e-06
-6.89867e-06
-6.82569e-06
-6.74416e-06
-6.65883e-06
-6.5754e-06
-6.50138e-06
-6.44474e-06
-6.41743e-06
-6.43286e-06
-6.50984e-06
-6.66906e-06
-6.94177e-06
-7.37157e-06
-7.99787e-06
-8.84897e-06
-9.89378e-06
-1.0967e-05
-1.19558e-05
-1.27796e-05
-1.3381e-05
-1.3744e-05
-1.38724e-05
-1.37883e-05
-1.35261e-05
-1.31264e-05
-1.26321e-05
-1.20858e-05
-1.15274e-05
-1.09921e-05
-1.05085e-05
-1.00981e-05
-9.77447e-06
-9.54441e-06
-9.40837e-06
-9.36193e-06
-9.39706e-06
-9.5035e-06
-9.66958e-06
-6.34214e-06
-6.41243e-06
-6.4683e-06
-6.50924e-06
-6.53495e-06
-6.54564e-06
-6.54221e-06
-6.5264e-06
-6.5007e-06
-6.46849e-06
-6.43398e-06
-6.40239e-06
-6.38054e-06
-6.37607e-06
-6.39992e-06
-6.46408e-06
-6.58427e-06
-6.78173e-06
-7.0794e-06
-7.51402e-06
-8.11424e-06
-8.89426e-06
-9.82109e-06
-1.07582e-05
-1.16276e-05
-1.23604e-05
-1.29112e-05
-1.32683e-05
-1.34371e-05
-1.34368e-05
-1.32965e-05
-1.30493e-05
-1.27288e-05
-1.23668e-05
-1.1993e-05
-1.16331e-05
-1.13083e-05
-1.10348e-05
-1.08231e-05
-1.06789e-05
-1.06033e-05
-1.05943e-05
-1.06469e-05
-1.07546e-05
-1.09097e-05
-5.74204e-06
-5.8327e-06
-5.91186e-06
-5.97919e-06
-6.03465e-06
-6.0787e-06
-6.11234e-06
-6.13712e-06
-6.15514e-06
-6.16926e-06
-6.1832e-06
-6.20161e-06
-6.23048e-06
-6.27677e-06
-6.34966e-06
-6.46019e-06
-6.62111e-06
-6.85216e-06
-7.16902e-06
-7.59684e-06
-8.1675e-06
-8.86974e-06
-9.68034e-06
-1.0495e-05
-1.12549e-05
-1.19046e-05
-1.2415e-05
-1.2777e-05
-1.2994e-05
-1.30808e-05
-1.30599e-05
-1.29567e-05
-1.27965e-05
-1.26026e-05
-1.2396e-05
-1.21952e-05
-1.20153e-05
-1.18682e-05
-1.17627e-05
-1.17034e-05
-1.16923e-05
-1.17287e-05
-1.18102e-05
-1.1933e-05
-1.20922e-05
-5.15734e-06
-5.26539e-06
-5.3645e-06
-5.45449e-06
-5.53554e-06
-5.60839e-06
-5.6742e-06
-5.73446e-06
-5.79108e-06
-5.84653e-06
-5.90406e-06
-5.9677e-06
-6.0426e-06
-6.13482e-06
-6.25198e-06
-6.40331e-06
-6.59929e-06
-6.85389e-06
-7.18053e-06
-7.59727e-06
-8.11988e-06
-8.75003e-06
-9.45699e-06
-1.01724e-05
-1.08338e-05
-1.14143e-05
-1.1896e-05
-1.2271e-05
-1.25402e-05
-1.2713e-05
-1.28048e-05
-1.28342e-05
-1.2819e-05
-1.27758e-05
-1.27191e-05
-1.26617e-05
-1.26146e-05
-1.25863e-05
-1.25833e-05
-1.261e-05
-1.26685e-05
-1.27592e-05
-1.28814e-05
-1.30332e-05
-1.32118e-05
-4.59935e-06
-4.7216e-06
-4.83666e-06
-4.94473e-06
-5.04638e-06
-5.14263e-06
-5.23474e-06
-5.32418e-06
-5.41272e-06
-5.50255e-06
-5.59647e-06
-5.69795e-06
-5.81122e-06
-5.94134e-06
-6.09437e-06
-6.27773e-06
-6.49945e-06
-6.76949e-06
-7.09795e-06
-7.4938e-06
-7.97114e-06
-8.54146e-06
-9.16319e-06
-9.78455e-06
-1.03666e-05
-1.08945e-05
-1.13574e-05
-1.17491e-05
-1.20689e-05
-1.23214e-05
-1.25156e-05
-1.26633e-05
-1.27768e-05
-1.28674e-05
-1.29448e-05
-1.30175e-05
-1.30929e-05
-1.3177e-05
-1.32748e-05
-1.33897e-05
-1.35238e-05
-1.36783e-05
-1.38533e-05
-1.40481e-05
-1.42613e-05
-4.09987e-06
-4.23064e-06
-4.35602e-06
-4.47628e-06
-4.59223e-06
-4.70502e-06
-4.81595e-06
-4.92644e-06
-5.03812e-06
-5.15299e-06
-5.27344e-06
-5.40241e-06
-5.54336e-06
-5.70032e-06
-5.87804e-06
-6.08202e-06
-6.31827e-06
-6.59481e-06
-6.92024e-06
-7.30124e-06
-7.7508e-06
-8.26006e-06
-8.82047e-06
-9.37428e-06
-9.90259e-06
-1.03995e-05
-1.08571e-05
-1.12697e-05
-1.16353e-05
-1.19553e-05
-1.22348e-05
-1.24808e-05
-1.2701e-05
-1.29026e-05
-1.30917e-05
-1.32739e-05
-1.3454e-05
-1.36361e-05
-1.38238e-05
-1.40198e-05
-1.42262e-05
-1.44441e-05
-1.46743e-05
-1.49167e-05
-1.51709e-05
-3.7129e-06
-3.84622e-06
-3.97572e-06
-4.10182e-06
-4.22529e-06
-4.34727e-06
-4.46904e-06
-4.59195e-06
-4.71756e-06
-4.84763e-06
-4.98426e-06
-5.12994e-06
-5.2875e-06
-5.46027e-06
-5.65208e-06
-5.86717e-06
-6.1107e-06
-6.38773e-06
-6.70307e-06
-7.06589e-06
-7.48402e-06
-7.97695e-06
-8.49796e-06
-9.01294e-06
-9.51254e-06
-9.99375e-06
-1.04511e-05
-1.08799e-05
-1.12775e-05
-1.16445e-05
-1.19836e-05
-1.22989e-05
-1.25949e-05
-1.28763e-05
-1.31469e-05
-1.34104e-05
-1.36699e-05
-1.39284e-05
-1.41884e-05
-1.44519e-05
-1.47205e-05
-1.49953e-05
-1.5277e-05
-1.55659e-05
-1.58619e-05
-3.41308e-06
-3.54875e-06
-3.68128e-06
-3.81146e-06
-3.9402e-06
-4.06864e-06
-4.19803e-06
-4.32968e-06
-4.46505e-06
-4.60577e-06
-4.75374e-06
-4.91112e-06
-5.08037e-06
-5.26433e-06
-5.46618e-06
-5.68949e-06
-5.93856e-06
-6.21803e-06
-6.53342e-06
-6.89311e-06
-7.29705e-06
-7.75647e-06
-8.24666e-06
-8.73793e-06
-9.22086e-06
-9.69261e-06
-1.01491e-05
-1.05868e-05
-1.1004e-05
-1.14008e-05
-1.17788e-05
-1.21402e-05
-1.2488e-05
-1.28247e-05
-1.31529e-05
-1.3475e-05
-1.3793e-05
-1.41089e-05
-1.44243e-05
-1.47408e-05
-1.50594e-05
-1.5381e-05
-1.5706e-05
-1.60348e-05
-1.63675e-05
-3.1886e-06
-3.32574e-06
-3.46052e-06
-3.59382e-06
-3.72669e-06
-3.86022e-06
-3.99563e-06
-4.13417e-06
-4.27721e-06
-4.42628e-06
-4.58311e-06
-4.74962e-06
-4.92801e-06
-5.12074e-06
-5.33055e-06
-5.56067e-06
-5.81454e-06
-6.09601e-06
-6.40991e-06
-6.75899e-06
-7.15347e-06
-7.59287e-06
-8.06358e-06
-8.53891e-06
-9.00955e-06
-9.47317e-06
-9.92694e-06
-1.03687e-05
-1.07973e-05
-1.12129e-05
-1.16163e-05
-1.20088e-05
-1.23919e-05
-1.27671e-05
-1.31359e-05
-1.35e-05
-1.38605e-05
-1.42187e-05
-1.45758e-05
-1.49326e-05
-1.52898e-05
-1.56481e-05
-1.60077e-05
-1.63687e-05
-1.67312e-05
-3.01885e-06
-3.15799e-06
-3.2955e-06
-3.4323e-06
-3.56944e-06
-3.70801e-06
-3.84917e-06
-3.99411e-06
-4.14413e-06
-4.30065e-06
-4.46528e-06
-4.63976e-06
-4.82606e-06
-5.02632e-06
-5.243e-06
-5.47875e-06
-5.73651e-06
-6.01969e-06
-6.33196e-06
-6.67733e-06
-7.06073e-06
-7.48639e-06
-7.94183e-06
-8.40334e-06
-8.86261e-06
-9.31789e-06
-9.76738e-06
-1.02098e-05
-1.06445e-05
-1.10714e-05
-1.14908e-05
-1.19034e-05
-1.23099e-05
-1.27111e-05
-1.3108e-05
-1.35015e-05
-1.38923e-05
-1.42811e-05
-1.46687e-05
-1.50555e-05
-1.54419e-05
-1.58282e-05
-1.62145e-05
-1.66009e-05
-1.69871e-05
-2.89265e-06
-3.03482e-06
-3.1759e-06
-3.31685e-06
-3.45872e-06
-3.60258e-06
-3.74953e-06
-3.90072e-06
-4.05738e-06
-4.22087e-06
-4.39264e-06
-4.57429e-06
-4.76759e-06
-4.97443e-06
-5.19695e-06
-5.43747e-06
-5.69861e-06
-5.98317e-06
-6.29429e-06
-6.63555e-06
-7.01125e-06
-7.42542e-06
-7.86686e-06
-8.31525e-06
-8.76348e-06
-9.2103e-06
-9.65452e-06
-1.00953e-05
-1.05322e-05
-1.09649e-05
-1.13936e-05
-1.18185e-05
-1.22399e-05
-1.26583e-05
-1.30741e-05
-1.34878e-05
-1.38998e-05
-1.43105e-05
-1.47202e-05
-1.5129e-05
-1.55372e-05
-1.59447e-05
-1.63514e-05
-1.67573e-05
-1.71619e-05
-2.80152e-06
-2.94749e-06
-3.09276e-06
-3.2383e-06
-3.38518e-06
-3.53442e-06
-3.68709e-06
-3.8443e-06
-4.00723e-06
-4.17714e-06
-4.3554e-06
-4.54345e-06
-4.74289e-06
-4.95541e-06
-5.18292e-06
-5.42739e-06
-5.69116e-06
-5.97662e-06
-6.28657e-06
-6.62418e-06
-6.99295e-06
-7.39635e-06
-7.82471e-06
-8.26073e-06
-8.69845e-06
-9.13686e-06
-9.57509e-06
-1.00125e-05
-1.04488e-05
-1.08836e-05
-1.1317e-05
-1.17488e-05
-1.21794e-05
-1.26087e-05
-1.3037e-05
-1.34644e-05
-1.38912e-05
-1.43173e-05
-1.47428e-05
-1.51678e-05
-1.5592e-05
-1.60153e-05
-1.64375e-05
-1.68583e-05
-1.72772e-05
-2.73756e-06
-2.88775e-06
-3.03749e-06
-3.18779e-06
-3.33969e-06
-3.49419e-06
-3.65233e-06
-3.81518e-06
-3.98386e-06
-4.15959e-06
-4.34362e-06
-4.53729e-06
-4.74203e-06
-4.95938e-06
-5.19099e-06
-5.43849e-06
-5.7044e-06
-5.99026e-06
-6.29883e-06
-6.63267e-06
-6.99477e-06
-7.38811e-06
-7.80434e-06
-8.22884e-06
-8.65657e-06
-9.08666e-06
-9.51841e-06
-9.95138e-06
-1.03852e-05
-1.08198e-05
-1.12548e-05
-1.16902e-05
-1.2126e-05
-1.25622e-05
-1.29986e-05
-1.34352e-05
-1.38721e-05
-1.43091e-05
-1.4746e-05
-1.51826e-05
-1.56187e-05
-1.60539e-05
-1.64878e-05
-1.692e-05
-1.735e-05
-2.69387e-06
-2.84839e-06
-3.0026e-06
-3.15755e-06
-3.31424e-06
-3.47367e-06
-3.63684e-06
-3.80481e-06
-3.97865e-06
-4.15951e-06
-4.34856e-06
-4.54704e-06
-4.75627e-06
-4.97763e-06
-5.21259e-06
-5.46297e-06
-5.72978e-06
-6.01562e-06
-6.32249e-06
-6.65249e-06
-7.00824e-06
-7.39224e-06
-7.79726e-06
-8.21108e-06
-8.62938e-06
-9.05139e-06
-9.47656e-06
-9.90455e-06
-1.03351e-05
-1.07679e-05
-1.12029e-05
-1.16397e-05
-1.20783e-05
-1.25185e-05
-1.29601e-05
-1.34029e-05
-1.38468e-05
-1.42914e-05
-1.47366e-05
-1.51818e-05
-1.56267e-05
-1.60709e-05
-1.65139e-05
-1.6955e-05
-1.73938e-05
-2.6647e-06
-2.82339e-06
-2.98186e-06
-3.14114e-06
-3.30223e-06
-3.46611e-06
-3.63378e-06
-3.80626e-06
-3.9846e-06
-4.16988e-06
-4.36321e-06
-4.56575e-06
-4.77869e-06
-5.0033e-06
-5.24089e-06
-5.49304e-06
-5.76081e-06
-6.04628e-06
-6.35125e-06
-6.67748e-06
-7.02726e-06
-7.4026e-06
-7.79735e-06
-8.20135e-06
-8.6109e-06
-9.02529e-06
-9.44409e-06
-9.86706e-06
-1.02939e-05
-1.07244e-05
-1.11582e-05
-1.15952e-05
-1.20351e-05
-1.24777e-05
-1.29226e-05
-1.33696e-05
-1.38184e-05
-1.42685e-05
-1.47197e-05
-1.51714e-05
-1.56232e-05
-1.60744e-05
-1.65245e-05
-1.69728e-05
-1.74187e-05
-2.64549e-06
-2.80803e-06
-2.97036e-06
-3.13354e-06
-3.29854e-06
-3.46635e-06
-3.63794e-06
-3.81432e-06
-3.99651e-06
-4.18555e-06
-4.38249e-06
-4.5884e-06
-4.8044e-06
-5.03163e-06
-5.27143e-06
-5.52493e-06
-5.7931e-06
-6.07795e-06
-6.38095e-06
-6.70357e-06
-7.04778e-06
-7.41519e-06
-7.80061e-06
-8.1957e-06
-8.59725e-06
-9.00463e-06
-9.41751e-06
-9.83565e-06
-1.02588e-05
-1.06867e-05
-1.1119e-05
-1.15554e-05
-1.19957e-05
-1.24396e-05
-1.28867e-05
-1.33366e-05
-1.3789e-05
-1.42433e-05
-1.46991e-05
-1.51559e-05
-1.56131e-05
-1.60699e-05
-1.65259e-05
-1.69801e-05
-1.7432e-05
-2.63281e-06
-2.79879e-06
-2.96455e-06
-3.13115e-06
-3.29956e-06
-3.47075e-06
-3.64571e-06
-3.82543e-06
-4.01089e-06
-4.2031e-06
-4.40306e-06
-4.61177e-06
-4.83027e-06
-5.05958e-06
-5.30107e-06
-5.55579e-06
-5.82397e-06
-6.10806e-06
-6.40913e-06
-6.72835e-06
-7.06745e-06
-7.42766e-06
-7.8047e-06
-8.19178e-06
-8.58611e-06
-8.98714e-06
-9.39462e-06
-9.80831e-06
-1.02279e-05
-1.06532e-05
-1.10838e-05
-1.15194e-05
-1.19598e-05
-1.24044e-05
-1.2853e-05
-1.3305e-05
-1.37601e-05
-1.42177e-05
-1.46773e-05
-1.51382e-05
-1.55998e-05
-1.60614e-05
-1.65222e-05
-1.69816e-05
-1.74386e-05
-2.62427e-06
-2.79326e-06
-2.96201e-06
-3.13155e-06
-3.30288e-06
-3.47697e-06
-3.6548e-06
-3.83734e-06
-4.02557e-06
-4.22045e-06
-4.42293e-06
-4.63397e-06
-4.85453e-06
-5.0855e-06
-5.32866e-06
-5.5839e-06
-5.85198e-06
-6.13532e-06
-6.43454e-06
-6.75063e-06
-7.08508e-06
-7.43881e-06
-7.80836e-06
-8.18827e-06
-8.57616e-06
-8.97153e-06
-9.37416e-06
-9.78382e-06
-1.02002e-05
-1.06231e-05
-1.1052e-05
-1.14867e-05
-1.19269e-05
-1.2372e-05
-1.28216e-05
-1.32754e-05
-1.37327e-05
-1.4193e-05
-1.46556e-05
-1.512e-05
-1.55854e-05
-1.60511e-05
-1.65162e-05
-1.698e-05
-1.74415e-05
-2.61831e-06
-2.78989e-06
-2.96119e-06
-3.13326e-06
-3.30707e-06
-3.48362e-06
-3.66388e-06
-3.84881e-06
-4.03937e-06
-4.23649e-06
-4.4411e-06
-4.65409e-06
-4.87637e-06
-5.10888e-06
-5.35322e-06
-5.60855e-06
-5.87671e-06
-6.15926e-06
-6.45675e-06
-6.76998e-06
-7.10023e-06
-7.44816e-06
-7.81103e-06
-8.18458e-06
-8.56674e-06
-8.95708e-06
-9.35542e-06
-9.76148e-06
-1.0175e-05
-1.05956e-05
-1.10231e-05
-1.14569e-05
-1.18968e-05
-1.23423e-05
-1.27928e-05
-1.3248e-05
-1.37071e-05
-1.41697e-05
-1.46351e-05
-1.51025e-05
-1.55712e-05
-1.60405e-05
-1.65094e-05
-1.69771e-05
-1.74427e-05
-2.61393e-06
-2.78773e-06
-2.96121e-06
-3.13541e-06
-3.31133e-06
-3.48996e-06
-3.67228e-06
-3.85923e-06
-4.05176e-06
-4.25077e-06
-4.45717e-06
-4.67181e-06
-4.89555e-06
-5.12949e-06
-5.37433e-06
-5.62996e-06
-5.89816e-06
-6.17987e-06
-6.47578e-06
-6.78642e-06
-7.1129e-06
-7.45565e-06
-7.81258e-06
-8.18048e-06
-8.55757e-06
-8.94348e-06
-9.33801e-06
-9.7409e-06
-1.01519e-05
-1.05706e-05
-1.09966e-05
-1.14297e-05
-1.18694e-05
-1.23151e-05
-1.27664e-05
-1.32228e-05
-1.36836e-05
-1.41482e-05
-1.4616e-05
-1.50861e-05
-1.55578e-05
-1.60303e-05
-1.65026e-05
-1.69739e-05
-1.74432e-05
-2.61056e-06
-2.78624e-06
-2.96156e-06
-3.13757e-06
-3.31527e-06
-3.49566e-06
-3.67971e-06
-3.86837e-06
-4.06257e-06
-4.26318e-06
-4.47109e-06
-4.68712e-06
-4.91211e-06
-5.14714e-06
-5.39246e-06
-5.64837e-06
-5.91649e-06
-6.19744e-06
-6.49186e-06
-6.80017e-06
-7.12328e-06
-7.46143e-06
-7.8131e-06
-8.17599e-06
-8.5486e-06
-8.9306e-06
-9.32179e-06
-9.7219e-06
-1.01306e-05
-1.05476e-05
-1.09725e-05
-1.14049e-05
-1.18444e-05
-1.22904e-05
-1.27424e-05
-1.31999e-05
-1.36622e-05
-1.41287e-05
-1.45986e-05
-1.50711e-05
-1.55455e-05
-1.60209e-05
-1.64963e-05
-1.69708e-05
-1.74434e-05
-2.60788e-06
-2.78514e-06
-2.96201e-06
-3.13953e-06
-3.31873e-06
-3.5006e-06
-3.68612e-06
-3.87622e-06
-4.07182e-06
-4.27379e-06
-4.48298e-06
-4.70019e-06
-4.92621e-06
-5.16206e-06
-5.40791e-06
-5.66402e-06
-5.93201e-06
-6.21226e-06
-6.50532e-06
-6.81155e-06
-7.13167e-06
-7.46573e-06
-7.81274e-06
-8.17122e-06
-8.53991e-06
-8.91849e-06
-9.30676e-06
-9.70443e-06
-1.01112e-05
-1.05267e-05
-1.09506e-05
-1.13825e-05
-1.18218e-05
-1.2268e-05
-1.27207e-05
-1.31792e-05
-1.36429e-05
-1.4111e-05
-1.45828e-05
-1.50576e-05
-1.55344e-05
-1.60124e-05
-1.64906e-05
-1.6968e-05
-1.74436e-05
-2.60564e-06
-2.78426e-06
-2.96244e-06
-3.14126e-06
-3.32173e-06
-3.50485e-06
-3.69161e-06
-3.88293e-06
-4.07972e-06
-4.28284e-06
-4.4931e-06
-4.7113e-06
-4.93821e-06
-5.17473e-06
-5.421e-06
-5.67731e-06
-5.94502e-06
-6.22474e-06
-6.51659e-06
-6.82095e-06
-7.1384e-06
-7.46884e-06
-7.8117e-06
-8.16628e-06
-8.53152e-06
-8.90709e-06
-9.29278e-06
-9.68832e-06
-1.00934e-05
-1.05076e-05
-1.09307e-05
-1.1362e-05
-1.18013e-05
-1.22478e-05
-1.27011e-05
-1.31605e-05
-1.36254e-05
-1.40951e-05
-1.45687e-05
-1.50454e-05
-1.55244e-05
-1.60047e-05
-1.64855e-05
-1.69655e-05
-1.74439e-05
-2.60366e-06
-2.78348e-06
-2.96284e-06
-3.14282e-06
-3.32443e-06
-3.50868e-06
-3.69654e-06
-3.88895e-06
-4.0868e-06
-4.29094e-06
-4.50217e-06
-4.72126e-06
-4.94895e-06
-5.18608e-06
-5.43271e-06
-5.68919e-06
-5.9567e-06
-6.23568e-06
-6.52647e-06
-6.82909e-06
-7.14404e-06
-7.47109e-06
-7.81003e-06
-8.16096e-06
-8.52299e-06
-8.89577e-06
-9.27908e-06
-9.67265e-06
-1.00762e-05
-1.04892e-05
-1.09115e-05
-1.13424e-05
-1.17816e-05
-1.22284e-05
-1.26824e-05
-1.31427e-05
-1.36088e-05
-1.40799e-05
-1.45551e-05
-1.50338e-05
-1.55149e-05
-1.59975e-05
-1.64807e-05
-1.69633e-05
-1.74443e-05
-2.60193e-06
-2.78281e-06
-2.96319e-06
-3.14417e-06
-3.3268e-06
-3.51208e-06
-3.70098e-06
-3.89443e-06
-4.09332e-06
-4.29847e-06
-4.51068e-06
-4.73064e-06
-4.95907e-06
-5.19679e-06
-5.44374e-06
-5.70032e-06
-5.96764e-06
-6.246e-06
-6.53563e-06
-6.8365e-06
-7.149e-06
-7.47268e-06
-7.80792e-06
-8.15525e-06
-8.51414e-06
-8.88419e-06
-9.26519e-06
-9.65685e-06
-1.00588e-05
-1.04708e-05
-1.08923e-05
-1.13229e-05
-1.1762e-05
-1.22092e-05
-1.26637e-05
-1.3125e-05
-1.35923e-05
-1.40649e-05
-1.45419e-05
-1.50225e-05
-1.55058e-05
-1.59907e-05
-1.64762e-05
-1.69613e-05
-1.74447e-05
3.77461e-06
-3.45661e-06
-5.8075e-06
-7.22626e-06
-8.57902e-06
-9.90809e-06
-1.12286e-05
-1.25508e-05
-1.38815e-05
-1.52308e-05
-1.66108e-05
-1.80433e-05
-1.95581e-05
-2.11963e-05
-2.3038e-05
4.06022e-06
-1.75077e-06
-4.67831e-06
-6.61021e-06
-8.24026e-06
-9.7125e-06
-1.11111e-05
-1.24792e-05
-1.38377e-05
-1.5204e-05
-1.65942e-05
-1.80323e-05
-1.95494e-05
-2.11873e-05
-2.30259e-05
3.9375e-06
-8.43918e-07
-3.93253e-06
-6.1396e-06
-7.9529e-06
-9.53971e-06
-1.10071e-05
-1.24164e-05
-1.38001e-05
-1.51817e-05
-1.65807e-05
-1.80231e-05
-1.95416e-05
-2.11781e-05
-2.30125e-05
3.32404e-06
-4.68586e-07
-3.48242e-06
-5.80474e-06
-7.72429e-06
-9.39585e-06
-1.09208e-05
-1.23662e-05
-1.37717e-05
-1.51659e-05
-1.65716e-05
-1.80168e-05
-1.95352e-05
-2.11691e-05
-2.29983e-05
2.55525e-06
-4.06499e-07
-3.17614e-06
-5.51546e-06
-7.50701e-06
-9.25141e-06
-1.08327e-05
-1.23156e-05
-1.37443e-05
-1.51518e-05
-1.6564e-05
-1.80114e-05
-1.95288e-05
-2.1159e-05
-2.29819e-05
1.77397e-06
-6.12781e-07
-3.03603e-06
-5.287e-06
-7.29824e-06
-9.09513e-06
-1.07292e-05
-1.22528e-05
-1.37088e-05
-1.51327e-05
-1.65535e-05
-1.80038e-05
-1.95202e-05
-2.1146e-05
-2.29615e-05
8.80886e-07
-1.027e-06
-3.10149e-06
-5.1735e-06
-7.13175e-06
-8.94065e-06
-1.06105e-05
-1.21714e-05
-1.36571e-05
-1.51013e-05
-1.65339e-05
-1.79894e-05
-1.95059e-05
-2.11275e-05
-2.29349e-05
-1.23422e-07
-1.64247e-06
-3.37917e-06
-5.21889e-06
-7.05541e-06
-8.82232e-06
-1.0495e-05
-1.20773e-05
-1.35878e-05
-1.50528e-05
-1.64997e-05
-1.7963e-05
-1.94814e-05
-2.10995e-05
-2.28992e-05
-1.21489e-06
-2.42511e-06
-3.85769e-06
-5.44682e-06
-7.11207e-06
-8.78314e-06
-1.04155e-05
-1.19909e-05
-1.35108e-05
-1.49899e-05
-1.64496e-05
-1.79214e-05
-1.94428e-05
-2.1058e-05
-2.28507e-05
-2.37273e-06
-3.33874e-06
-4.51099e-06
-5.85739e-06
-7.32632e-06
-8.85978e-06
-1.04089e-05
-1.19423e-05
-1.34468e-05
-1.4925e-05
-1.63895e-05
-1.78663e-05
-1.93895e-05
-2.10011e-05
-2.27861e-05
-3.57955e-06
-4.35229e-06
-5.30768e-06
-6.4339e-06
-7.70278e-06
-9.07414e-06
-1.05057e-05
-1.19626e-05
-1.34226e-05
-1.4878e-05
-1.6333e-05
-1.7806e-05
-1.93249e-05
-2.09349e-05
-2.27033e-05
-4.82273e-06
-5.44163e-06
-6.21848e-06
-7.15268e-06
-8.23206e-06
-9.43309e-06
-1.07251e-05
-1.20771e-05
-1.34645e-05
-1.48726e-05
-1.62991e-05
-1.77539e-05
-1.926e-05
-2.08622e-05
-2.26021e-05
-6.08822e-06
-6.58564e-06
-7.21759e-06
-7.98902e-06
-8.89765e-06
-9.9327e-06
-1.10757e-05
-1.23037e-05
-1.35946e-05
-1.4932e-05
-1.63086e-05
-1.77284e-05
-1.92087e-05
-2.07843e-05
-2.24957e-05
-7.36369e-06
-7.76642e-06
-8.28259e-06
-8.91939e-06
-9.68007e-06
-1.05622e-05
-1.15575e-05
-1.26522e-05
-1.38303e-05
-1.50769e-05
-1.63831e-05
-1.77494e-05
-1.91863e-05
-2.07211e-05
-2.23924e-05
-8.63527e-06
-8.96664e-06
-9.39307e-06
-9.9223e-06
-1.05594e-05
-1.1307e-05
-1.21643e-05
-1.3126e-05
-1.41829e-05
-1.53247e-05
-1.65431e-05
-1.7837e-05
-1.92127e-05
-2.06904e-05
-2.23022e-05
-9.88797e-06
-1.01689e-05
-1.05289e-05
-1.09755e-05
-1.15147e-05
-1.21512e-05
-1.28876e-05
-1.37236e-05
-1.46581e-05
-1.5688e-05
-1.68066e-05
-1.80122e-05
-1.93086e-05
-2.07109e-05
-2.22422e-05
-1.11077e-05
-1.13574e-05
-1.16725e-05
-1.20598e-05
-1.2525e-05
-1.30735e-05
-1.37103e-05
-1.44386e-05
-1.52595e-05
-1.6174e-05
-1.71859e-05
-1.82936e-05
-1.94949e-05
-2.08022e-05
-2.22326e-05
-1.22858e-05
-1.25217e-05
-1.28115e-05
-1.31608e-05
-1.35748e-05
-1.40586e-05
-1.46175e-05
-1.52564e-05
-1.59793e-05
-1.67887e-05
-1.76862e-05
-1.86925e-05
-1.97888e-05
-2.09831e-05
-2.22919e-05
-1.34168e-05
-1.36561e-05
-1.39391e-05
-1.42704e-05
-1.46543e-05
-1.50954e-05
-1.55987e-05
-1.61691e-05
-1.68124e-05
-1.7532e-05
-1.83359e-05
-1.92179e-05
-2.01969e-05
-2.12663e-05
-2.24354e-05
-1.44939e-05
-1.4753e-05
-1.50466e-05
-1.53782e-05
-1.57514e-05
-1.61697e-05
-1.66374e-05
-1.71592e-05
-1.77397e-05
-1.83846e-05
-1.90954e-05
-1.98722e-05
-2.07232e-05
-2.16568e-05
-2.26745e-05
-1.54387e-05
-1.57269e-05
-1.60418e-05
-1.6386e-05
-1.67621e-05
-1.7173e-05
-1.76218e-05
-1.81118e-05
-1.86461e-05
-1.92275e-05
-1.98592e-05
-2.05446e-05
-2.12927e-05
-2.21024e-05
-2.29744e-05
-1.61672e-05
-1.64881e-05
-1.68293e-05
-1.71928e-05
-1.75802e-05
-1.79937e-05
-1.84355e-05
-1.89076e-05
-1.94128e-05
-1.99538e-05
-2.0533e-05
-2.11547e-05
-2.18157e-05
-2.25224e-05
-2.32729e-05
-1.67061e-05
-1.7056e-05
-1.74213e-05
-1.7803e-05
-1.82025e-05
-1.86212e-05
-1.90605e-05
-1.95222e-05
-2.0008e-05
-2.05195e-05
-2.10574e-05
-2.16238e-05
-2.22196e-05
-2.28463e-05
-2.35028e-05
-1.70972e-05
-1.74712e-05
-1.78564e-05
-1.82535e-05
-1.86634e-05
-1.90871e-05
-1.95255e-05
-1.99794e-05
-2.04499e-05
-2.09376e-05
-2.14437e-05
-2.19689e-05
-2.25144e-05
-2.308e-05
-2.36653e-05
-1.73748e-05
-1.7768e-05
-1.81691e-05
-1.85786e-05
-1.89968e-05
-1.94244e-05
-1.98617e-05
-2.03092e-05
-2.07674e-05
-2.12369e-05
-2.17184e-05
-2.22124e-05
-2.27191e-05
-2.32382e-05
-2.37699e-05
-1.75668e-05
-1.7975e-05
-1.83885e-05
-1.88074e-05
-1.92319e-05
-1.96622e-05
-2.00984e-05
-2.05407e-05
-2.09893e-05
-2.14447e-05
-2.19072e-05
-2.23767e-05
-2.28535e-05
-2.33375e-05
-2.38285e-05
-1.76953e-05
-1.81152e-05
-1.85383e-05
-1.89645e-05
-1.93937e-05
-1.9826e-05
-2.02612e-05
-2.06994e-05
-2.11404e-05
-2.15848e-05
-2.20323e-05
-2.24829e-05
-2.29368e-05
-2.33939e-05
-2.38541e-05
-1.77785e-05
-1.82075e-05
-1.86381e-05
-1.907e-05
-1.9503e-05
-1.99369e-05
-2.03714e-05
-2.08067e-05
-2.12416e-05
-2.16773e-05
-2.21132e-05
-2.25493e-05
-2.29856e-05
-2.34222e-05
-2.38588e-05
-1.78306e-05
-1.8267e-05
-1.87036e-05
-1.91402e-05
-1.95763e-05
-2.00116e-05
-2.04456e-05
-2.08778e-05
-2.13092e-05
-2.17384e-05
-2.21654e-05
-2.25902e-05
-2.3013e-05
-2.34336e-05
-2.3852e-05
-1.78623e-05
-1.83048e-05
-1.87466e-05
-1.91872e-05
-1.96261e-05
-2.00628e-05
-2.0497e-05
-2.09278e-05
-2.13556e-05
-2.17797e-05
-2.21998e-05
-2.2616e-05
-2.30281e-05
-2.34362e-05
-2.38401e-05
-1.78814e-05
-1.83292e-05
-1.87754e-05
-1.92196e-05
-1.9661e-05
-2.00992e-05
-2.05336e-05
-2.09636e-05
-2.13889e-05
-2.18091e-05
-2.2224e-05
-2.26333e-05
-2.30369e-05
-2.34349e-05
-2.38271e-05
-1.78931e-05
-1.83454e-05
-1.87956e-05
-1.9243e-05
-1.96869e-05
-2.01266e-05
-2.05613e-05
-2.09909e-05
-2.14145e-05
-2.18318e-05
-2.22425e-05
-2.26462e-05
-2.3043e-05
-2.34326e-05
-2.38151e-05
-1.79005e-05
-1.8357e-05
-1.88108e-05
-1.92612e-05
-1.97074e-05
-2.01485e-05
-2.0584e-05
-2.10132e-05
-2.14356e-05
-2.18507e-05
-2.22579e-05
-2.26572e-05
-2.30482e-05
-2.34308e-05
-2.38051e-05
-1.79057e-05
-1.8366e-05
-1.88231e-05
-1.92762e-05
-1.97245e-05
-2.01672e-05
-2.06034e-05
-2.10326e-05
-2.14541e-05
-2.18673e-05
-2.22718e-05
-2.26672e-05
-2.30534e-05
-2.34301e-05
-2.37973e-05
-1.79098e-05
-1.83735e-05
-1.88336e-05
-1.92893e-05
-1.97396e-05
-2.01837e-05
-2.06207e-05
-2.105e-05
-2.14709e-05
-2.18826e-05
-2.22848e-05
-2.2677e-05
-2.3059e-05
-2.34306e-05
-2.37917e-05
-1.79133e-05
-1.83801e-05
-1.8843e-05
-1.9301e-05
-1.97532e-05
-2.01987e-05
-2.06365e-05
-2.1066e-05
-2.14864e-05
-2.1897e-05
-2.22972e-05
-2.26867e-05
-2.30651e-05
-2.34322e-05
-2.37879e-05
-1.79165e-05
-1.83861e-05
-1.88515e-05
-1.93117e-05
-1.97657e-05
-2.02124e-05
-2.0651e-05
-2.10809e-05
-2.15008e-05
-2.19104e-05
-2.2309e-05
-2.26961e-05
-2.30714e-05
-2.34346e-05
-2.37856e-05
-1.79196e-05
-1.83917e-05
-1.88594e-05
-1.93215e-05
-1.97771e-05
-2.0225e-05
-2.06644e-05
-2.10945e-05
-2.15143e-05
-2.1923e-05
-2.23202e-05
-2.27052e-05
-2.30778e-05
-2.34377e-05
-2.37845e-05
-1.79226e-05
-1.83973e-05
-1.88671e-05
-1.93311e-05
-1.97883e-05
-2.02374e-05
-2.06775e-05
-2.1108e-05
-2.15274e-05
-2.19355e-05
-2.23314e-05
-2.27146e-05
-2.30847e-05
-2.34414e-05
-2.37843e-05
-1.79256e-05
-1.84027e-05
-1.88748e-05
-1.93408e-05
-1.97996e-05
-2.02499e-05
-2.06908e-05
-2.11216e-05
-2.1541e-05
-2.19483e-05
-2.2343e-05
-2.27243e-05
-2.3092e-05
-2.34456e-05
-2.37848e-05
-8.75389e-06
-8.75057e-06
-8.75871e-06
-8.77666e-06
-8.80328e-06
-8.8382e-06
-8.88118e-06
-8.93222e-06
-8.99071e-06
-9.05716e-06
-9.13191e-06
-9.21525e-06
-9.30747e-06
-9.40876e-06
-9.51911e-06
-9.63838e-06
-9.76614e-06
-9.90168e-06
-1.00439e-05
-1.0191e-05
-1.03405e-05
-1.04888e-05
-1.06287e-05
-1.07512e-05
-1.08494e-05
-1.09171e-05
-1.09487e-05
-1.09401e-05
-1.08896e-05
-1.07991e-05
-1.06702e-05
-1.05082e-05
-1.0327e-05
-1.01437e-05
-9.97408e-06
-9.83292e-06
-9.73438e-06
-9.68775e-06
-9.69506e-06
-9.75027e-06
-9.83971e-06
-9.94445e-06
-1.00492e-05
-1.01211e-05
-1.01492e-05
-8.74429e-06
-8.74168e-06
-8.74813e-06
-8.76216e-06
-8.78297e-06
-8.81027e-06
-8.84419e-06
-8.88478e-06
-8.93289e-06
-8.98853e-06
-9.05201e-06
-9.12374e-06
-9.20415e-06
-9.29373e-06
-9.39292e-06
-9.5021e-06
-9.62148e-06
-9.75098e-06
-9.89004e-06
-1.00375e-05
-1.01913e-05
-1.03482e-05
-1.04994e-05
-1.06342e-05
-1.07453e-05
-1.0827e-05
-1.0874e-05
-1.08826e-05
-1.08509e-05
-1.07798e-05
-1.06725e-05
-1.05385e-05
-1.03905e-05
-1.02391e-05
-1.00987e-05
-9.98508e-06
-9.90989e-06
-9.87938e-06
-9.89318e-06
-9.94414e-06
-1.00197e-05
-1.01045e-05
-1.01834e-05
-1.02433e-05
-1.02779e-05
-8.71251e-06
-8.7124e-06
-8.71926e-06
-8.73218e-06
-8.75081e-06
-8.77522e-06
-8.80539e-06
-8.84158e-06
-8.88421e-06
-8.93373e-06
-8.99065e-06
-9.05553e-06
-9.12904e-06
-9.21188e-06
-9.30487e-06
-9.40892e-06
-9.52496e-06
-9.65394e-06
-9.79663e-06
-9.95347e-06
-1.01242e-05
-1.03073e-05
-1.04928e-05
-1.0666e-05
-1.08169e-05
-1.0937e-05
-1.10188e-05
-1.10564e-05
-1.1047e-05
-1.09908e-05
-1.08904e-05
-1.07559e-05
-1.05997e-05
-1.04366e-05
-1.0283e-05
-1.01552e-05
-1.00664e-05
-1.00244e-05
-1.00302e-05
-1.00772e-05
-1.01532e-05
-1.02422e-05
-1.03288e-05
-1.04023e-05
-1.04611e-05
-8.66684e-06
-8.66997e-06
-8.6776e-06
-8.68968e-06
-8.70626e-06
-8.72753e-06
-8.75375e-06
-8.78529e-06
-8.82264e-06
-8.86641e-06
-8.91727e-06
-8.97602e-06
-9.0436e-06
-9.12113e-06
-9.20995e-06
-9.31168e-06
-9.42831e-06
-9.56216e-06
-9.71593e-06
-9.89244e-06
-1.00943e-05
-1.03226e-05
-1.05653e-05
-1.08014e-05
-1.10155e-05
-1.11947e-05
-1.13273e-05
-1.14049e-05
-1.14234e-05
-1.13824e-05
-1.12874e-05
-1.11463e-05
-1.0973e-05
-1.07844e-05
-1.05995e-05
-1.04377e-05
-1.03156e-05
-1.02446e-05
-1.02284e-05
-1.02624e-05
-1.03344e-05
-1.04278e-05
-1.05247e-05
-1.06141e-05
-1.06958e-05
-8.6136e-06
-8.61968e-06
-8.62831e-06
-8.63996e-06
-8.65501e-06
-8.67376e-06
-8.69659e-06
-8.72403e-06
-8.75671e-06
-8.79536e-06
-8.84086e-06
-8.89424e-06
-8.95678e-06
-9.03004e-06
-9.11602e-06
-9.21729e-06
-9.33713e-06
-9.47973e-06
-9.65026e-06
-9.8548e-06
-1.00998e-05
-1.03899e-05
-1.07108e-05
-1.10319e-05
-1.13298e-05
-1.15856e-05
-1.17822e-05
-1.191e-05
-1.19649e-05
-1.19461e-05
-1.18572e-05
-1.17079e-05
-1.15122e-05
-1.12886e-05
-1.10591e-05
-1.08466e-05
-1.06727e-05
-1.05541e-05
-1.04993e-05
-1.0507e-05
-1.05662e-05
-1.06588e-05
-1.07641e-05
-1.0869e-05
-1.09741e-05
-8.55673e-06
-8.56547e-06
-8.57504e-06
-8.58642e-06
-8.60026e-06
-8.61693e-06
-8.6369e-06
-8.66081e-06
-8.68942e-06
-8.7236e-06
-8.7644e-06
-8.81312e-06
-8.87136e-06
-8.9412e-06
-9.02535e-06
-9.12743e-06
-9.25223e-06
-9.40612e-06
-9.59727e-06
-9.83564e-06
-1.01323e-05
-1.04965e-05
-1.09111e-05
-1.13326e-05
-1.17275e-05
-1.20693e-05
-1.23401e-05
-1.25285e-05
-1.2628e-05
-1.26388e-05
-1.25615e-05
-1.24061e-05
-1.21877e-05
-1.1926e-05
-1.16449e-05
-1.13713e-05
-1.11321e-05
-1.09507e-05
-1.08422e-05
-1.08102e-05
-1.08462e-05
-1.09311e-05
-1.10409e-05
-1.11602e-05
-1.12895e-05
-8.49934e-06
-8.51028e-06
-8.52077e-06
-8.53195e-06
-8.54475e-06
-8.55959e-06
-8.57701e-06
-8.59773e-06
-8.62261e-06
-8.65267e-06
-8.68911e-06
-8.73347e-06
-8.78769e-06
-8.85435e-06
-8.93691e-06
-9.04006e-06
-9.17025e-06
-9.3362e-06
-9.54938e-06
-9.82413e-06
-1.01767e-05
-1.06214e-05
-1.11379e-05
-1.16675e-05
-1.21646e-05
-1.26007e-05
-1.29568e-05
-1.32149e-05
-1.33613e-05
-1.34029e-05
-1.33403e-05
-1.31837e-05
-1.29474e-05
-1.2651e-05
-1.23196e-05
-1.1983e-05
-1.16732e-05
-1.14203e-05
-1.12473e-05
-1.11643e-05
-1.11669e-05
-1.12363e-05
-1.13458e-05
-1.14774e-05
-1.16316e-05
-8.44392e-06
-8.45681e-06
-8.46798e-06
-8.47893e-06
-8.49076e-06
-8.50391e-06
-8.51894e-06
-8.53664e-06
-8.55793e-06
-8.58395e-06
-8.61605e-06
-8.65596e-06
-8.70595e-06
-8.76907e-06
-8.84947e-06
-8.95297e-06
-9.08765e-06
-9.26466e-06
-9.49897e-06
-9.80957e-06
-1.02182e-05
-1.07446e-05
-1.13659e-05
-1.2007e-05
-1.26113e-05
-1.3144e-05
-1.35786e-05
-1.38987e-05
-1.40985e-05
-1.41703e-05
-1.41268e-05
-1.39754e-05
-1.37291e-05
-1.34066e-05
-1.3033e-05
-1.26395e-05
-1.22618e-05
-1.19364e-05
-1.16941e-05
-1.15531e-05
-1.15144e-05
-1.15614e-05
-1.16656e-05
-1.18069e-05
-1.19857e-05
-8.39212e-06
-8.40667e-06
-8.41843e-06
-8.42915e-06
-8.44005e-06
-8.45156e-06
-8.46426e-06
-8.47895e-06
-8.49662e-06
-8.51847e-06
-8.54597e-06
-8.58104e-06
-8.62619e-06
-8.68491e-06
-8.76202e-06
-8.86437e-06
-9.00164e-06
-9.18738e-06
-9.44008e-06
-9.78358e-06
-1.02454e-05
-1.08499e-05
-1.15733e-05
-1.23224e-05
-1.30285e-05
-1.36499e-05
-1.41576e-05
-1.45359e-05
-1.47797e-05
-1.48874e-05
-1.48667e-05
-1.4726e-05
-1.4478e-05
-1.41399e-05
-1.37356e-05
-1.32961e-05
-1.28595e-05
-1.24669e-05
-1.21566e-05
-1.1955e-05
-1.18703e-05
-1.18896e-05
-1.1984e-05
-1.21323e-05
-1.23348e-05
-8.34517e-06
-8.36118e-06
-8.37347e-06
-8.38396e-06
-8.39394e-06
-8.40382e-06
-8.41414e-06
-8.42573e-06
-8.4396e-06
-8.45697e-06
-8.47942e-06
-8.50898e-06
-8.54841e-06
-8.60154e-06
-8.67381e-06
-8.77301e-06
-8.91034e-06
-9.10164e-06
-9.36884e-06
-9.74074e-06
-1.02509e-05
-1.09268e-05
-1.1746e-05
-1.25959e-05
-1.33952e-05
-1.40968e-05
-1.46704e-05
-1.51012e-05
-1.53855e-05
-1.55249e-05
-1.5527e-05
-1.54006e-05
-1.51573e-05
-1.48129e-05
-1.43892e-05
-1.39159e-05
-1.34315e-05
-1.29803e-05
-1.26071e-05
-1.23463e-05
-1.22138e-05
-1.22018e-05
-1.22831e-05
-1.24356e-05
-1.26604e-05
-8.30391e-06
-8.32132e-06
-8.33412e-06
-8.34438e-06
-8.35345e-06
-8.36165e-06
-8.3695e-06
-8.3778e-06
-8.38755e-06
-8.40001e-06
-8.4168e-06
-8.44004e-06
-8.47268e-06
-8.51884e-06
-8.58449e-06
-8.6783e-06
-8.81285e-06
-9.00617e-06
-9.28343e-06
-9.67824e-06
-1.02304e-05
-1.09709e-05
-1.18772e-05
-1.28193e-05
-1.37026e-05
-1.44755e-05
-1.5107e-05
-1.55835e-05
-1.59033e-05
-1.6071e-05
-1.60948e-05
-1.5984e-05
-1.57495e-05
-1.54053e-05
-1.49707e-05
-1.44737e-05
-1.39515e-05
-1.34502e-05
-1.30208e-05
-1.27037e-05
-1.25234e-05
-1.24783e-05
-1.25437e-05
-1.26983e-05
-1.29438e-05
-8.26897e-06
-8.28781e-06
-8.30117e-06
-8.31123e-06
-8.31936e-06
-8.32582e-06
-8.33104e-06
-8.33578e-06
-8.34103e-06
-8.34804e-06
-8.35845e-06
-8.37446e-06
-8.39913e-06
-8.43686e-06
-8.49406e-06
-8.58019e-06
-8.7091e-06
-8.90086e-06
-9.1837e-06
-9.59561e-06
-1.01817e-05
-1.09825e-05
-1.19665e-05
-1.29912e-05
-1.39497e-05
-1.47858e-05
-1.54679e-05
-1.59842e-05
-1.63352e-05
-1.65279e-05
-1.65716e-05
-1.64762e-05
-1.62519e-05
-1.59108e-05
-1.54702e-05
-1.49553e-05
-1.4402e-05
-1.38566e-05
-1.33772e-05
-1.30071e-05
-1.27792e-05
-1.26997e-05
-1.27471e-05
-1.29018e-05
-1.31666e-05
-8.24081e-06
-8.26124e-06
-8.27524e-06
-8.28514e-06
-8.29233e-06
-8.29695e-06
-8.29933e-06
-8.30019e-06
-8.30048e-06
-8.30143e-06
-8.30468e-06
-8.31249e-06
-8.328e-06
-8.35584e-06
-8.40281e-06
-8.47906e-06
-8.59963e-06
-8.78652e-06
-9.07083e-06
-9.49439e-06
-1.01076e-05
-1.09627e-05
-1.2016e-05
-1.31148e-05
-1.41407e-05
-1.50333e-05
-1.57605e-05
-1.6312e-05
-1.66908e-05
-1.69056e-05
-1.69672e-05
-1.68854e-05
-1.66701e-05
-1.63318e-05
-1.58857e-05
-1.5355e-05
-1.47732e-05
-1.41854e-05
-1.366e-05
-1.32391e-05
-1.29633e-05
-1.28479e-05
-1.28754e-05
-1.30282e-05
-1.3311e-05
-8.21987e-06
-8.24211e-06
-8.25687e-06
-8.26668e-06
-8.2729e-06
-8.27554e-06
-8.27484e-06
-8.27145e-06
-8.26626e-06
-8.26049e-06
-8.25579e-06
-8.2544e-06
-8.2596e-06
-8.27615e-06
-8.31123e-06
-8.37561e-06
-8.48543e-06
-8.66448e-06
-8.94667e-06
-9.37779e-06
-1.0013e-05
-1.09135e-05
-1.20295e-05
-1.31957e-05
-1.42828e-05
-1.52268e-05
-1.5995e-05
-1.65787e-05
-1.69826e-05
-1.7217e-05
-1.72937e-05
-1.72226e-05
-1.70129e-05
-1.66741e-05
-1.62197e-05
-1.5671e-05
-1.50603e-05
-1.443e-05
-1.38539e-05
-1.33837e-05
-1.30596e-05
-1.29065e-05
-1.29121e-05
-1.30611e-05
-1.33603e-05
-8.20654e-06
-8.23087e-06
-8.24657e-06
-8.25634e-06
-8.26155e-06
-8.26205e-06
-8.25798e-06
-8.2499e-06
-8.23868e-06
-8.2255e-06
-8.21201e-06
-8.20049e-06
-8.19425e-06
-8.19825e-06
-8.21994e-06
-8.2707e-06
-8.3677e-06
-8.53641e-06
-8.81339e-06
-9.24861e-06
-9.90181e-06
-1.08397e-05
-1.20128e-05
-1.32408e-05
-1.43843e-05
-1.53758e-05
-1.61822e-05
-1.67959e-05
-1.72228e-05
-1.74744e-05
-1.7563e-05
-1.74984e-05
-1.72891e-05
-1.69438e-05
-1.64748e-05
-1.59023e-05
-1.52583e-05
-1.45857e-05
-1.395e-05
-1.34274e-05
-1.30543e-05
-1.28614e-05
-1.28424e-05
-1.29851e-05
-1.3299e-05
-8.20123e-06
-8.228e-06
-8.24484e-06
-8.25462e-06
-8.25874e-06
-8.25689e-06
-8.24909e-06
-8.23583e-06
-8.21796e-06
-8.19666e-06
-8.17356e-06
-8.15097e-06
-8.1323e-06
-8.1226e-06
-8.12963e-06
-8.1653e-06
-8.24776e-06
-8.40408e-06
-8.67319e-06
-9.10934e-06
-9.77687e-06
-1.07467e-05
-1.19719e-05
-1.32568e-05
-1.44529e-05
-1.54892e-05
-1.6332e-05
-1.6974e-05
-1.7422e-05
-1.76881e-05
-1.7785e-05
-1.77212e-05
-1.75053e-05
-1.71455e-05
-1.66533e-05
-1.60484e-05
-1.53633e-05
-1.46424e-05
-1.39425e-05
-1.33611e-05
-1.29367e-05
-1.27001e-05
-1.26533e-05
-1.27868e-05
-1.31132e-05
-8.20437e-06
-8.23401e-06
-8.25218e-06
-8.26201e-06
-8.26492e-06
-8.26043e-06
-8.24846e-06
-8.22946e-06
-8.20426e-06
-8.17408e-06
-8.14056e-06
-8.10605e-06
-8.07403e-06
-8.04968e-06
-8.04099e-06
-8.06038e-06
-8.12693e-06
-8.26927e-06
-8.5283e-06
-8.96279e-06
-9.64134e-06
-1.06394e-05
-1.19122e-05
-1.325e-05
-1.44958e-05
-1.5575e-05
-1.64527e-05
-1.71217e-05
-1.7589e-05
-1.78667e-05
-1.79665e-05
-1.78972e-05
-1.76665e-05
-1.72824e-05
-1.67561e-05
-1.61081e-05
-1.5371e-05
-1.45926e-05
-1.3828e-05
-1.31772e-05
-1.26947e-05
-1.24111e-05
-1.23332e-05
-1.24541e-05
-1.27902e-05
-8.2165e-06
-8.24945e-06
-8.26916e-06
-8.27902e-06
-8.28053e-06
-8.27301e-06
-8.25632e-06
-8.2309e-06
-8.19764e-06
-8.1578e-06
-8.11306e-06
-8.06582e-06
-8.01968e-06
-7.97988e-06
-7.95465e-06
-7.95687e-06
-8.00649e-06
-8.13324e-06
-8.38125e-06
-8.81169e-06
-9.49847e-06
-1.05216e-05
-1.18383e-05
-1.32259e-05
-1.45191e-05
-1.56395e-05
-1.65509e-05
-1.72455e-05
-1.77298e-05
-1.80153e-05
-1.81128e-05
-1.80304e-05
-1.77754e-05
-1.73556e-05
-1.67833e-05
-1.60799e-05
-1.5278e-05
-1.44313e-05
-1.35974e-05
-1.28692e-05
-1.23205e-05
-1.19856e-05
-1.18728e-05
-1.1977e-05
-1.23196e-05
-8.2382e-06
-8.27496e-06
-8.29641e-06
-8.30622e-06
-8.30601e-06
-8.29495e-06
-8.27284e-06
-8.24022e-06
-8.19804e-06
-8.14771e-06
-8.09097e-06
-8.03029e-06
-7.96936e-06
-7.91353e-06
-7.87118e-06
-7.8556e-06
-7.88744e-06
-7.99809e-06
-8.23359e-06
-8.65845e-06
-9.35127e-06
-1.03968e-05
-1.17541e-05
-1.31889e-05
-1.45274e-05
-1.56877e-05
-1.66315e-05
-1.735e-05
-1.78488e-05
-1.8138e-05
-1.8227e-05
-1.81234e-05
-1.78337e-05
-1.73661e-05
-1.67343e-05
-1.59612e-05
-1.50836e-05
-1.41573e-05
-1.32385e-05
-1.24306e-05
-1.18092e-05
-1.14168e-05
-1.12643e-05
-1.13471e-05
-1.16925e-05
-8.27017e-06
-8.31129e-06
-8.33463e-06
-8.34421e-06
-8.34182e-06
-8.32651e-06
-8.29812e-06
-8.25733e-06
-8.20528e-06
-8.14357e-06
-8.07409e-06
-7.99934e-06
-7.9231e-06
-7.85081e-06
-7.79102e-06
-7.75728e-06
-7.77101e-06
-7.86495e-06
-8.08708e-06
-8.50518e-06
-9.20228e-06
-1.0268e-05
-1.1663e-05
-1.31425e-05
-1.45246e-05
-1.57233e-05
-1.66981e-05
-1.74386e-05
-1.79488e-05
-1.8237e-05
-1.83111e-05
-1.81774e-05
-1.78421e-05
-1.73142e-05
-1.6609e-05
-1.57522e-05
-1.47839e-05
-1.37612e-05
-1.27559e-05
-1.18589e-05
-1.11559e-05
-1.06986e-05
-1.05019e-05
-1.05581e-05
-1.09028e-05
-8.31328e-06
-8.35933e-06
-8.38465e-06
-8.39366e-06
-8.38841e-06
-8.36792e-06
-8.33217e-06
-8.28207e-06
-8.21909e-06
-8.14508e-06
-8.06201e-06
-7.97268e-06
-7.8808e-06
-7.79183e-06
-7.71446e-06
-7.66248e-06
-7.65801e-06
-7.73494e-06
-7.94318e-06
-8.35364e-06
-9.0536e-06
-1.01374e-05
-1.15678e-05
-1.30897e-05
-1.45135e-05
-1.57491e-05
-1.67533e-05
-1.75136e-05
-1.80317e-05
-1.83139e-05
-1.83662e-05
-1.81935e-05
-1.78016e-05
-1.72006e-05
-1.64081e-05
-1.54533e-05
-1.43802e-05
-1.32501e-05
-1.21417e-05
-1.11483e-05
-1.03601e-05
-9.8288e-06
-9.58248e-06
-9.60433e-06
-9.94705e-06
-8.3686e-06
-8.42018e-06
-8.44742e-06
-8.45532e-06
-8.44627e-06
-8.41936e-06
-8.37487e-06
-8.31414e-06
-8.23904e-06
-8.1517e-06
-8.05431e-06
-7.94997e-06
-7.84221e-06
-7.73653e-06
-7.64165e-06
-7.57164e-06
-7.54907e-06
-7.60901e-06
-7.80313e-06
-8.20533e-06
-8.90697e-06
-1.00071e-05
-1.14704e-05
-1.30326e-05
-1.44963e-05
-1.57671e-05
-1.67988e-05
-1.75763e-05
-1.80986e-05
-1.83697e-05
-1.83931e-05
-1.81725e-05
-1.77134e-05
-1.7027e-05
-1.61337e-05
-1.50667e-05
-1.38749e-05
-1.26246e-05
-1.14001e-05
-1.02992e-05
-9.41712e-06
-8.80956e-06
-8.50744e-06
-8.48191e-06
-8.82262e-06
-8.43744e-06
-8.49511e-06
-8.52408e-06
-8.52999e-06
-8.51583e-06
-8.4809e-06
-8.42601e-06
-8.35307e-06
-8.26454e-06
-8.16274e-06
-8.05048e-06
-7.93072e-06
-7.807e-06
-7.68475e-06
-7.57268e-06
-7.485e-06
-7.4447e-06
-7.48791e-06
-7.66789e-06
-8.06143e-06
-8.76381e-06
-9.87873e-06
-1.13727e-05
-1.29731e-05
-1.44747e-05
-1.57789e-05
-1.6836e-05
-1.76277e-05
-1.81505e-05
-1.84051e-05
-1.83929e-05
-1.81159e-05
-1.75795e-05
-1.67962e-05
-1.57894e-05
-1.45969e-05
-1.32727e-05
-1.1889e-05
-1.05357e-05
-9.31549e-06
-8.33065e-06
-7.64111e-06
-7.2699e-06
-7.20969e-06
-7.5222e-06
-8.52143e-06
-8.58572e-06
-8.61592e-06
-8.61857e-06
-8.59752e-06
-8.55255e-06
-8.4852e-06
-8.39828e-06
-8.2948e-06
-8.17758e-06
-8.04983e-06
-7.91439e-06
-7.77477e-06
-7.63627e-06
-7.50749e-06
-7.40272e-06
-7.34525e-06
-7.37219e-06
-7.53824e-06
-7.92291e-06
-8.62526e-06
-9.7535e-06
-1.1276e-05
-1.29124e-05
-1.44499e-05
-1.57854e-05
-1.68655e-05
-1.76686e-05
-1.81878e-05
-1.84208e-05
-1.83665e-05
-1.80253e-05
-1.74025e-05
-1.65121e-05
-1.53807e-05
-1.40505e-05
-1.25812e-05
-1.10511e-05
-9.55608e-06
-8.20435e-06
-7.10763e-06
-6.32961e-06
-5.88593e-06
-5.78519e-06
-6.05318e-06
-8.62261e-06
-8.6939e-06
-8.72444e-06
-8.72199e-06
-8.69167e-06
-8.6341e-06
-8.55187e-06
-8.44899e-06
-8.32895e-06
-8.19543e-06
-8.0516e-06
-7.90035e-06
-7.74507e-06
-7.5908e-06
-7.44595e-06
-7.32483e-06
-7.25094e-06
-7.26224e-06
-7.41473e-06
-7.79051e-06
-8.4922e-06
-9.63245e-06
-1.11814e-05
-1.28516e-05
-1.4423e-05
-1.57876e-05
-1.68882e-05
-1.76996e-05
-1.82112e-05
-1.84177e-05
-1.83154e-05
-1.79031e-05
-1.71861e-05
-1.618e-05
-1.49143e-05
-1.34361e-05
-1.18105e-05
-1.01219e-05
-8.47229e-06
-6.97613e-06
-5.75639e-06
-4.88185e-06
-4.359e-06
-4.21182e-06
-4.42417e-06
-8.74349e-06
-8.82195e-06
-8.85134e-06
-8.8412e-06
-8.7985e-06
-8.72508e-06
-8.6253e-06
-8.50418e-06
-8.36612e-06
-8.21533e-06
-8.05501e-06
-7.888e-06
-7.71743e-06
-7.54801e-06
-7.38789e-06
-7.2513e-06
-7.16186e-06
-7.1583e-06
-7.29777e-06
-7.66477e-06
-8.36534e-06
-9.5164e-06
-1.10898e-05
-1.27917e-05
-1.43946e-05
-1.5786e-05
-1.69045e-05
-1.77211e-05
-1.82215e-05
-1.8397e-05
-1.82413e-05
-1.77522e-05
-1.69347e-05
-1.5806e-05
-1.43988e-05
-1.27644e-05
-1.09731e-05
-9.11512e-06
-7.29863e-06
-5.64475e-06
-4.28747e-06
-3.30648e-06
-2.69124e-06
-2.48147e-06
-2.64191e-06
-8.88722e-06
-8.97261e-06
-8.99853e-06
-8.97711e-06
-8.91795e-06
-8.8249e-06
-8.70449e-06
-8.56272e-06
-8.4052e-06
-8.23631e-06
-8.0593e-06
-7.87674e-06
-7.69139e-06
-7.50759e-06
-7.3331e-06
-7.18203e-06
-7.07803e-06
-7.06049e-06
-7.1876e-06
-7.54607e-06
-8.24516e-06
-9.40596e-06
-1.10019e-05
-1.27332e-05
-1.43655e-05
-1.57813e-05
-1.69151e-05
-1.77337e-05
-1.82193e-05
-1.83597e-05
-1.81465e-05
-1.75758e-05
-1.66532e-05
-1.53972e-05
-1.38436e-05
-1.20473e-05
-1.00833e-05
-8.04705e-06
-6.05288e-06
-4.22901e-06
-2.71608e-06
-1.61536e-06
-9.03695e-07
-6.15145e-07
-7.0653e-07
-9.05776e-06
-9.14921e-06
-9.1681e-06
-9.13043e-06
-9.04963e-06
-8.93266e-06
-8.78801e-06
-8.62334e-06
-8.44499e-06
-8.25743e-06
-8.06371e-06
-7.86599e-06
-7.66655e-06
-7.46923e-06
-7.28139e-06
-7.11692e-06
-6.99941e-06
-6.96886e-06
-7.08434e-06
-7.43463e-06
-8.13202e-06
-9.30156e-06
-1.09182e-05
-1.26768e-05
-1.43362e-05
-1.5774e-05
-1.69203e-05
-1.77381e-05
-1.82056e-05
-1.83075e-05
-1.80331e-05
-1.73777e-05
-1.6347e-05
-1.49613e-05
-1.32588e-05
-1.12977e-05
-9.15688e-06
-6.93603e-06
-4.75521e-06
-2.75062e-06
-1.06432e-06
1.81205e-07
9.90542e-07
1.36811e-06
1.35886e-06
-9.26018e-06
-9.35572e-06
-9.36224e-06
-9.30159e-06
-9.19287e-06
-9.0469e-06
-8.87431e-06
-8.68454e-06
-8.48427e-06
-8.27775e-06
-8.06755e-06
-7.85526e-06
-7.64255e-06
-7.43269e-06
-7.23257e-06
-7.05581e-06
-6.9259e-06
-6.88335e-06
-6.98802e-06
-7.33055e-06
-8.02609e-06
-9.20351e-06
-1.08392e-05
-1.26229e-05
-1.4307e-05
-1.57644e-05
-1.69208e-05
-1.77349e-05
-1.81814e-05
-1.8242e-05
-1.79038e-05
-1.71616e-05
-1.60217e-05
-1.4506e-05
-1.26549e-05
-1.05292e-05
-8.21057e-06
-5.80167e-06
-3.4268e-06
-1.229e-06
6.42432e-07
2.05671e-06
2.98071e-06
3.46145e-06
3.5463e-06
-9.50116e-06
-9.59686e-06
-9.58309e-06
-9.49062e-06
-9.34648e-06
-9.16559e-06
-8.96152e-06
-8.74477e-06
-8.52184e-06
-8.2964e-06
-8.07024e-06
-7.84416e-06
-7.61911e-06
-7.39775e-06
-7.18645e-06
-6.99855e-06
-6.85737e-06
-6.80386e-06
-6.89857e-06
-7.23382e-06
-7.92746e-06
-9.11196e-06
-1.07649e-05
-1.25717e-05
-1.42784e-05
-1.5753e-05
-1.69169e-05
-1.77249e-05
-1.81478e-05
-1.81648e-05
-1.77612e-05
-1.69316e-05
-1.5683e-05
-1.40389e-05
-1.20421e-05
-9.75521e-06
-7.26127e-06
-4.66448e-06
-2.09136e-06
3.10232e-07
2.38267e-06
3.98362e-06
5.04722e-06
5.64855e-06
5.84621e-06
-9.78974e-06
-9.87822e-06
-9.83253e-06
-9.69695e-06
-9.50828e-06
-9.28643e-06
-9.04762e-06
-8.80242e-06
-8.55659e-06
-8.31266e-06
-8.07132e-06
-7.8324e-06
-7.59605e-06
-7.36428e-06
-7.14293e-06
-6.94502e-06
-6.79368e-06
-6.73022e-06
-6.81583e-06
-7.14433e-06
-7.83608e-06
-9.02697e-06
-1.06957e-05
-1.25235e-05
-1.42506e-05
-1.57401e-05
-1.69092e-05
-1.77087e-05
-1.8106e-05
-1.80777e-05
-1.7608e-05
-1.66914e-05
-1.5336e-05
-1.35675e-05
-1.14304e-05
-8.9885e-06
-6.32553e-06
-3.54522e-06
-7.73925e-07
1.83811e-06
4.12515e-06
5.93368e-06
7.17097e-06
7.91277e-06
8.25096e-06
-1.01385e-05
-1.02062e-05
-1.0112e-05
-9.91888e-06
-9.67536e-06
-9.40672e-06
-9.13042e-06
-8.85598e-06
-8.58754e-06
-8.32595e-06
-8.07047e-06
-7.8198e-06
-7.57326e-06
-7.33218e-06
-7.10188e-06
-6.89506e-06
-6.73465e-06
-6.66226e-06
-6.73962e-06
-7.06191e-06
-7.75183e-06
-8.94847e-06
-1.06315e-05
-1.24784e-05
-1.42238e-05
-1.57261e-05
-1.68982e-05
-1.76871e-05
-1.8057e-05
-1.79824e-05
-1.74467e-05
-1.64445e-05
-1.4986e-05
-1.30985e-05
-1.08285e-05
-8.24095e-06
-5.41892e-06
-2.46404e-06
5.00118e-07
3.32435e-06
5.83718e-06
7.87409e-06
9.32266e-06
1.02355e-05
1.07549e-05
-1.05655e-05
-1.05878e-05
-1.04216e-05
-1.01533e-05
-9.84415e-06
-9.52347e-06
-9.20777e-06
-8.90413e-06
-8.61399e-06
-8.33593e-06
-8.06755e-06
-7.80634e-06
-7.55073e-06
-7.30143e-06
-7.06323e-06
-6.84856e-06
-6.6801e-06
-6.59975e-06
-6.66969e-06
-6.98632e-06
-7.67449e-06
-8.87634e-06
-1.05723e-05
-1.24366e-05
-1.41982e-05
-1.57112e-05
-1.68843e-05
-1.76608e-05
-1.80021e-05
-1.78807e-05
-1.72796e-05
-1.61945e-05
-1.46372e-05
-1.26376e-05
-1.02443e-05
-7.52295e-06
-4.55537e-06
-1.4397e-06
1.70598e-06
4.7377e-06
7.48333e-06
9.76897e-06
1.14614e-05
1.25926e-05
1.33565e-05
-1.10964e-05
-1.10296e-05
-1.07585e-05
-1.03961e-05
-1.00102e-05
-9.63348e-06
-9.27778e-06
-8.94589e-06
-8.63549e-06
-8.34249e-06
-8.06259e-06
-7.79208e-06
-7.52852e-06
-7.27203e-06
-7.02694e-06
-6.8054e-06
-6.62985e-06
-6.54244e-06
-6.60575e-06
-6.91725e-06
-7.60381e-06
-8.81036e-06
-1.0518e-05
-1.23978e-05
-1.41739e-05
-1.56956e-05
-1.68679e-05
-1.76305e-05
-1.79422e-05
-1.77741e-05
-1.71091e-05
-1.59442e-05
-1.42936e-05
-1.21901e-05
-9.68439e-06
-6.84313e-06
-3.74669e-06
-4.88714e-07
2.82041e-06
6.04642e-06
9.02324e-06
1.15748e-05
1.35424e-05
1.49491e-05
1.60575e-05
-1.17678e-05
-1.15341e-05
-1.1119e-05
-1.064e-05
-1.01683e-05
-9.73365e-06
-9.33894e-06
-8.98066e-06
-8.65197e-06
-8.34573e-06
-8.05578e-06
-7.77718e-06
-7.50674e-06
-7.24403e-06
-6.99296e-06
-6.76545e-06
-6.58371e-06
-6.49008e-06
-6.54751e-06
-6.85439e-06
-7.53946e-06
-8.75027e-06
-1.04684e-05
-1.23622e-05
-1.41509e-05
-1.56796e-05
-1.68494e-05
-1.75969e-05
-1.78785e-05
-1.76641e-05
-1.69371e-05
-1.56962e-05
-1.39585e-05
-1.176e-05
-9.154e-06
-6.20841e-06
-3.00242e-06
3.75022e-07
3.82258e-06
7.21945e-06
1.0413e-05
1.32365e-05
1.55096e-05
1.72536e-05
1.88611e-05
-1.26301e-05
-1.20947e-05
-1.14902e-05
-1.08763e-05
-1.03129e-05
-9.82122e-06
-9.3902e-06
-9.00828e-06
-8.66359e-06
-8.34595e-06
-8.04738e-06
-7.76187e-06
-7.48552e-06
-7.21746e-06
-6.96124e-06
-6.72858e-06
-6.54145e-06
-6.44238e-06
-6.49463e-06
-6.79739e-06
-7.48113e-06
-8.69577e-06
-1.04233e-05
-1.23296e-05
-1.41292e-05
-1.56632e-05
-1.68291e-05
-1.75605e-05
-1.78117e-05
-1.7552e-05
-1.67653e-05
-1.54529e-05
-1.36348e-05
-1.13508e-05
-8.65739e-06
-5.62423e-06
-2.33005e-06
1.14025e-06
4.6944e-06
8.22723e-06
1.16064e-05
1.46885e-05
1.7283e-05
1.94254e-05
2.17578e-05
-1.37306e-05
-1.26997e-05
-1.18536e-05
-1.10937e-05
-1.04383e-05
-9.89404e-06
-9.43118e-06
-9.02904e-06
-8.67085e-06
-8.34363e-06
-8.03779e-06
-7.74641e-06
-7.46502e-06
-7.19237e-06
-6.93172e-06
-6.69461e-06
-6.50282e-06
-6.39901e-06
-6.44672e-06
-6.74584e-06
-7.42841e-06
-8.64655e-06
-1.03825e-05
-1.22997e-05
-1.41087e-05
-1.56465e-05
-1.68072e-05
-1.75216e-05
-1.77424e-05
-1.74384e-05
-1.65948e-05
-1.52154e-05
-1.3324e-05
-1.09643e-05
-8.19666e-06
-5.0933e-06
-1.7336e-06
1.80007e-06
5.42289e-06
9.04474e-06
1.25576e-05
1.58559e-05
1.87566e-05
2.13442e-05
2.4725e-05
-1.517e-05
-1.33304e-05
-1.21833e-05
-1.12804e-05
-1.05409e-05
-9.95201e-06
-9.46304e-06
-9.04437e-06
-8.67506e-06
-8.33983e-06
-8.02786e-06
-7.73146e-06
-7.44573e-06
-7.16912e-06
-6.90463e-06
-6.66365e-06
-6.46776e-06
-6.35977e-06
-6.40344e-06
-6.69928e-06
-7.38081e-06
-8.6022e-06
-1.03458e-05
-1.22729e-05
-1.40901e-05
-1.56304e-05
-1.67848e-05
-1.74816e-05
-1.76719e-05
-1.73246e-05
-1.64263e-05
-1.49839e-05
-1.30252e-05
-1.05985e-05
-7.76836e-06
-4.61082e-06
-1.20729e-06
2.36005e-06
6.0104e-06
9.66449e-06
1.32367e-05
1.66662e-05
1.98016e-05
2.28674e-05
2.7805e-05
-1.70656e-05
-1.39475e-05
-1.24417e-05
-1.14248e-05
-1.06214e-05
-9.99847e-06
-9.4892e-06
-9.05706e-06
-8.67833e-06
-8.33615e-06
-8.01879e-06
-7.71798e-06
-7.42845e-06
-7.1484e-06
-6.88059e-06
-6.63626e-06
-6.43677e-06
-6.32501e-06
-6.36494e-06
-6.6576e-06
-7.338e-06
-8.56233e-06
-1.03132e-05
-1.22498e-05
-1.40748e-05
-1.56174e-05
-1.67653e-05
-1.74446e-05
-1.7605e-05
-1.72154e-05
-1.62643e-05
-1.47617e-05
-1.27398e-05
-1.02519e-05
-7.3677e-06
-4.16769e-06
-7.37152e-07
2.83914e-06
6.47976e-06
1.01083e-05
1.36492e-05
1.70683e-05
2.02563e-05
2.37342e-05
3.08457e-05
-1.86633e-05
-1.43248e-05
-1.25615e-05
-1.15049e-05
-1.06739e-05
-1.00308e-05
-9.50744e-06
-9.06488e-06
-8.67837e-06
-8.33031e-06
-8.00837e-06
-7.70386e-06
-7.41122e-06
-7.12844e-06
-6.85809e-06
-6.61125e-06
-6.40907e-06
-6.29442e-06
-6.33137e-06
-6.62125e-06
-7.3003e-06
-8.5265e-06
-1.02829e-05
-1.22275e-05
-1.40592e-05
-1.56039e-05
-1.67464e-05
-1.74103e-05
-1.75445e-05
-1.71178e-05
-1.61207e-05
-1.45662e-05
-1.24911e-05
-9.95328e-06
-7.02776e-06
-3.8001e-06
-3.60503e-07
3.20138e-06
6.79888e-06
1.03487e-05
1.37644e-05
1.69835e-05
1.98675e-05
2.30909e-05
3.09258e-05
)
;

boundaryField
{
    inlet
    {
        type            uniformJump;
        patchType       cyclic;
        jump            uniform -2.5e-05;
        value           nonuniform List<scalar> 
40
(
9.80978e-07
9.95823e-07
1.01222e-06
1.02996e-06
1.05071e-06
1.07616e-06
1.10852e-06
1.15087e-06
1.20691e-06
1.28033e-06
1.37451e-06
1.48811e-06
1.61222e-06
1.74364e-06
1.868e-06
1.97126e-06
2.03543e-06
2.03997e-06
1.96927e-06
1.80955e-06
1.58676e-06
1.35248e-06
1.17178e-06
1.04655e-06
9.6993e-07
9.32324e-07
9.22489e-07
9.29721e-07
9.4571e-07
9.64832e-07
9.83702e-07
1.00056e-06
1.01471e-06
1.02606e-06
1.03483e-06
1.04139e-06
1.04611e-06
1.04938e-06
1.05158e-06
1.053e-06
)
;
        jumpTable       table;
        jumpTableCoeffs
        {
            values          
4
(
(0 -2.5e-05)
(25 -2.5e-05)
(25.5 -0.0001)
(26 -2.5e-05)
)
;
        }
    }
    outlet
    {
        type            uniformJump;
        patchType       cyclic;
        value           nonuniform List<scalar> 
40
(
-2.4019e-05
-2.40042e-05
-2.39878e-05
-2.397e-05
-2.39493e-05
-2.39238e-05
-2.38915e-05
-2.38491e-05
-2.37931e-05
-2.37197e-05
-2.36255e-05
-2.35119e-05
-2.33878e-05
-2.32564e-05
-2.3132e-05
-2.30287e-05
-2.29646e-05
-2.296e-05
-2.30307e-05
-2.31904e-05
-2.34132e-05
-2.36475e-05
-2.38282e-05
-2.39535e-05
-2.40301e-05
-2.40677e-05
-2.40775e-05
-2.40703e-05
-2.40543e-05
-2.40352e-05
-2.40163e-05
-2.39994e-05
-2.39853e-05
-2.39739e-05
-2.39652e-05
-2.39586e-05
-2.39539e-05
-2.39506e-05
-2.39484e-05
-2.3947e-05
)
;
    }
    Walls
    {
        type            zeroGradient;
    }
    back
    {
        type            empty;
    }
    front
    {
        type            empty;
    }
}


// ************************************************************************* //
