/*--------------------------------*- C++ -*----------------------------------*\
| =========                 |                                                 |
| \\      /  F ield         | OpenFOAM: The Open Source CFD Toolbox           |
|  \\    /   O peration     | Version:  2312                                  |
|   \\  /    A nd           | Website:  www.openfoam.com                      |
|    \\/     M anipulation  |                                                 |
\*---------------------------------------------------------------------------*/
FoamFile
{
    version     2.0;
    format      ascii;
    arch        "LSB;label=32;scalar=64";
    class       volScalarField;
    location    "32.25";
    object      p;
}
// * * * * * * * * * * * * * * * * * * * * * * * * * * * * * * * * * * * * * //

dimensions      [0 2 -2 0 0 0 0];

internalField   nonuniform List<scalar> 
4800
(
-1.11543e-12
-1.81688e-06
-3.39068e-06
-4.76365e-06
-5.96372e-06
-7.01615e-06
-7.94033e-06
-8.76058e-06
-9.49318e-06
-1.01473e-05
-1.07356e-05
-1.12639e-05
-1.17261e-05
-1.23621e-05
-1.4192e-05
1.76836e-08
-1.79387e-06
-3.36347e-06
-4.73344e-06
-5.93204e-06
-6.98502e-06
-7.91123e-06
-8.73637e-06
-9.4763e-06
-1.01419e-05
-1.07512e-05
-1.13251e-05
-1.18809e-05
-1.25291e-05
-1.35349e-05
3.71957e-08
-1.76862e-06
-3.33389e-06
-4.70101e-06
-5.89819e-06
-6.95122e-06
-7.87904e-06
-8.70604e-06
-9.45139e-06
-1.01255e-05
-1.07471e-05
-1.13379e-05
-1.19096e-05
-1.24697e-05
-1.29932e-05
5.8334e-08
-1.74095e-06
-3.3012e-06
-4.66482e-06
-5.8599e-06
-6.91193e-06
-7.84118e-06
-8.66717e-06
-9.41382e-06
-1.00899e-05
-1.07092e-05
-1.12844e-05
-1.18092e-05
-1.22494e-05
-1.25286e-05
8.29408e-08
-1.70855e-06
-3.26262e-06
-4.62169e-06
-5.81351e-06
-6.86309e-06
-7.79155e-06
-8.61527e-06
-9.3567e-06
-1.00256e-05
-1.06277e-05
-1.11644e-05
-1.16172e-05
-1.19445e-05
-1.20866e-05
1.12688e-07
-1.66949e-06
-3.21594e-06
-4.56905e-06
-5.75602e-06
-6.80105e-06
-7.72473e-06
-8.5433e-06
-9.27293e-06
-9.92341e-06
-1.04939e-05
-1.09774e-05
-1.13531e-05
-1.15895e-05
-1.16567e-05
1.49709e-07
-1.62146e-06
-3.15844e-06
-4.50371e-06
-5.68352e-06
-6.72098e-06
-7.63555e-06
-8.44233e-06
-9.1533e-06
-9.77439e-06
-1.03017e-05
-1.07257e-05
-1.10305e-05
-1.12007e-05
-1.12298e-05
1.97116e-07
-1.56104e-06
-3.0862e-06
-4.42107e-06
-5.59049e-06
-6.61625e-06
-7.51628e-06
-8.30382e-06
-8.98772e-06
-9.57065e-06
-1.00486e-05
-1.04143e-05
-1.06606e-05
-1.0786e-05
-1.07972e-05
2.58898e-07
-1.48376e-06
-2.99396e-06
-4.31503e-06
-5.46979e-06
-6.47857e-06
-7.35754e-06
-8.11823e-06
-8.76738e-06
-9.3067e-06
-9.73431e-06
-1.00485e-05
-1.02503e-05
-1.03473e-05
-1.03525e-05
3.39252e-07
-1.38455e-06
-2.87538e-06
-4.17835e-06
-5.31308e-06
-6.29862e-06
-7.1495e-06
-7.8763e-06
-8.48518e-06
-8.97943e-06
-9.36037e-06
-9.63236e-06
-9.80264e-06
-9.88373e-06
-9.88996e-06
4.41557e-07
-1.25846e-06
-2.72388e-06
-4.00332e-06
-5.11165e-06
-6.06731e-06
-6.88339e-06
-7.57089e-06
-8.13706e-06
-8.58758e-06
-8.92889e-06
-9.16886e-06
-9.31873e-06
-9.39284e-06
-9.40501e-06
5.66973e-07
-1.10018e-06
-2.53484e-06
-3.78338e-06
-4.85772e-06
-5.77733e-06
-6.55311e-06
-7.19837e-06
-7.72257e-06
-8.13431e-06
-8.44322e-06
-8.66067e-06
-8.79917e-06
-8.87287e-06
-8.89438e-06
7.16706e-07
-9.09989e-07
-2.30886e-06
-3.51545e-06
-4.54742e-06
-5.42483e-06
-6.15617e-06
-6.75928e-06
-7.24491e-06
-7.6239e-06
-7.90839e-06
-8.11132e-06
-8.24537e-06
-8.32367e-06
-8.35705e-06
8.78696e-07
-6.99064e-07
-2.04166e-06
-3.19914e-06
-4.18688e-06
-5.01156e-06
-5.69441e-06
-6.25774e-06
-6.71053e-06
-7.0637e-06
-7.33088e-06
-7.52584e-06
-7.66077e-06
-7.74713e-06
-7.79423e-06
1.04666e-06
-4.63146e-07
-1.75082e-06
-2.84776e-06
-3.77706e-06
-4.54264e-06
-5.17771e-06
-5.70251e-06
-6.12791e-06
-6.46255e-06
-6.71891e-06
-6.91093e-06
-7.05038e-06
-7.14726e-06
-7.20938e-06
1.20153e-06
-2.20561e-07
-1.43161e-06
-2.46527e-06
-3.33293e-06
-4.04194e-06
-4.62435e-06
-5.10768e-06
-5.50775e-06
-5.82953e-06
-6.08082e-06
-6.27406e-06
-6.42066e-06
-6.52967e-06
-6.60769e-06
1.32686e-06
4.08903e-09
-1.1069e-06
-2.05746e-06
-2.86815e-06
-3.52527e-06
-4.05721e-06
-4.49912e-06
-4.87107e-06
-5.17998e-06
-5.42846e-06
-5.62538e-06
-5.78057e-06
-5.90218e-06
-5.9961e-06
1.39756e-06
1.94476e-07
-8.15478e-07
-1.66801e-06
-2.39272e-06
-2.999e-06
-3.49306e-06
-3.90173e-06
-4.24726e-06
-4.53921e-06
-4.78174e-06
-4.98109e-06
-5.14434e-06
-5.27778e-06
-5.38638e-06
1.39304e-06
3.22554e-07
-5.73744e-07
-1.32819e-06
-1.96652e-06
-2.50464e-06
-2.95434e-06
-3.33362e-06
-3.65699e-06
-3.93175e-06
-4.16415e-06
-4.36112e-06
-4.5286e-06
-4.67095e-06
-4.79158e-06
1.29483e-06
3.69486e-07
-4.0635e-07
-1.05892e-06
-1.61045e-06
-2.07929e-06
-2.47946e-06
-2.82255e-06
-3.11832e-06
-3.37379e-06
-3.5945e-06
-3.78594e-06
-3.95317e-06
-4.09972e-06
-4.2279e-06
1.11471e-06
3.28204e-07
-3.31351e-07
-8.88036e-07
-1.362e-06
-1.76712e-06
-2.11506e-06
-2.4169e-06
-2.68055e-06
-2.91119e-06
-3.11323e-06
-3.29113e-06
-3.45151e-06
-3.597e-06
-3.72738e-06
9.01269e-07
2.33188e-07
-3.31161e-07
-8.10909e-07
-1.22013e-06
-1.57096e-06
-1.87471e-06
-2.14112e-06
-2.37566e-06
-2.58547e-06
-2.77253e-06
-2.93398e-06
-3.08043e-06
-3.21761e-06
-3.34362e-06
7.30328e-07
1.51539e-07
-3.39798e-07
-7.58635e-07
-1.11744e-06
-1.42752e-06
-1.69842e-06
-1.93749e-06
-2.15006e-06
-2.34e-06
-2.50991e-06
-2.66404e-06
-2.80441e-06
-2.93243e-06
-3.05003e-06
6.09427e-07
9.80359e-08
-3.38077e-07
-7.12102e-07
-1.0351e-06
-1.31651e-06
-1.56388e-06
-1.78313e-06
-1.97891e-06
-2.15488e-06
-2.31418e-06
-2.45918e-06
-2.59167e-06
-2.71376e-06
-2.82757e-06
5.37725e-07
7.66382e-08
-3.1943e-07
-6.61888e-07
-9.59857e-07
-1.22106e-06
-1.45183e-06
-1.65736e-06
-1.84184e-06
-2.00856e-06
-2.16017e-06
-2.29885e-06
-2.42666e-06
-2.54539e-06
-2.65672e-06
5.07787e-07
8.34545e-08
-2.84136e-07
-6.04492e-07
-8.85185e-07
-1.13281e-06
-1.3529e-06
-1.54999e-06
-1.72772e-06
-1.88904e-06
-2.03643e-06
-2.17202e-06
-2.29772e-06
-2.41516e-06
-2.52591e-06
5.07837e-07
1.10167e-07
-2.37321e-07
-5.42532e-07
-8.11932e-07
-1.05122e-06
-1.26519e-06
-1.45777e-06
-1.63224e-06
-1.79132e-06
-1.93735e-06
-2.07233e-06
-2.19807e-06
-2.31612e-06
-2.42801e-06
5.25993e-07
1.47807e-07
-1.85536e-07
-4.80611e-07
-7.42974e-07
-9.77547e-07
-1.18851e-06
-1.37937e-06
-1.55309e-06
-1.71217e-06
-1.85882e-06
-1.99493e-06
-2.12223e-06
-2.24221e-06
-2.3564e-06
5.52867e-07
1.89196e-07
-1.34059e-07
-4.22349e-07
-6.8046e-07
-9.12681e-07
-1.1227e-06
-1.31364e-06
-1.48819e-06
-1.64868e-06
-1.79716e-06
-1.93544e-06
-2.06519e-06
-2.1879e-06
-2.30505e-06
5.8212e-07
2.29605e-07
-8.62298e-08
-3.69882e-07
-6.25494e-07
-8.56818e-07
-1.06711e-06
-1.25916e-06
-1.43542e-06
-1.59804e-06
-1.74897e-06
-1.88993e-06
-2.02257e-06
-2.14834e-06
-2.26871e-06
6.10016e-07
2.6639e-07
-4.37577e-08
-3.24108e-07
-5.78256e-07
-8.09489e-07
-1.02068e-06
-1.21432e-06
-1.39266e-06
-1.5577e-06
-1.71127e-06
-1.85506e-06
-1.99066e-06
-2.11949e-06
-2.24304e-06
6.34684e-07
2.98386e-07
-7.1983e-09
-2.8505e-07
-5.38302e-07
-7.69823e-07
-9.82141e-07
-1.17751e-06
-1.35798e-06
-1.52542e-06
-1.68159e-06
-1.8281e-06
-1.96649e-06
-2.09819e-06
-2.22468e-06
6.55438e-07
3.25359e-07
2.35997e-08
-2.52231e-07
-5.04869e-07
-7.36804e-07
-9.50265e-07
-1.14729e-06
-1.32976e-06
-1.49943e-06
-1.65797e-06
-1.80693e-06
-1.94785e-06
-2.08212e-06
-2.21121e-06
6.72276e-07
3.47597e-07
4.91518e-08
-2.24952e-07
-4.77099e-07
-7.09435e-07
-9.23933e-07
-1.12243e-06
-1.30668e-06
-1.47832e-06
-1.63894e-06
-1.79007e-06
-1.93318e-06
-2.06967e-06
-2.20101e-06
6.85547e-07
3.65628e-07
7.0119e-08
-2.02451e-07
-4.54146e-07
-6.86809e-07
-9.02191e-07
-1.10196e-06
-1.28773e-06
-1.46106e-06
-1.62347e-06
-1.77642e-06
-1.9214e-06
-2.05979e-06
-2.19303e-06
6.95743e-07
3.80055e-07
8.71738e-08
-1.84007e-07
-4.35257e-07
-6.68155e-07
-8.84258e-07
-1.08509e-06
-1.27214e-06
-1.44688e-06
-1.61078e-06
-1.76528e-06
-1.91182e-06
-2.05178e-06
-2.18661e-06
7.03381e-07
3.91456e-07
1.00927e-07
-1.68989e-07
-4.19793e-07
-6.52839e-07
-8.69513e-07
-1.0712e-06
-1.25931e-06
-1.43522e-06
-1.60037e-06
-1.75614e-06
-1.90396e-06
-2.04522e-06
-2.18137e-06
7.08984e-07
4.00418e-07
1.12002e-07
-1.56752e-07
-4.07105e-07
-6.40219e-07
-8.57331e-07
-1.05971e-06
-1.24868e-06
-1.42555e-06
-1.59172e-06
-1.74853e-06
-1.89742e-06
-2.03975e-06
-2.17698e-06
7.13123e-07
4.07725e-07
1.21316e-07
-1.46309e-07
-3.96184e-07
-6.29298e-07
-8.46752e-07
-1.04971e-06
-1.2394e-06
-1.41711e-06
-1.58415e-06
-1.74187e-06
-1.89167e-06
-2.03492e-06
-2.17308e-06
7.16189e-07
4.13987e-07
1.2956e-07
-1.36949e-07
-3.86367e-07
-6.19492e-07
-8.37282e-07
-1.04079e-06
-1.23117e-06
-1.40964e-06
-1.57748e-06
-1.73602e-06
-1.88663e-06
-2.03069e-06
-2.16967e-06
-1.57921e-05
-1.34197e-05
-1.19521e-05
-1.09719e-05
-1.01754e-05
-9.54482e-06
-9.02756e-06
-8.58761e-06
-8.20096e-06
-7.85017e-06
-7.52289e-06
-7.21089e-06
-6.90986e-06
-6.62017e-06
-6.34877e-06
-6.11216e-06
-5.93901e-06
-5.88071e-06
-6.00417e-06
-6.41004e-06
-7.22545e-06
-8.54766e-06
-1.02913e-05
-1.20931e-05
-1.36713e-05
-1.4889e-05
-1.56686e-05
-1.59696e-05
-1.57719e-05
-1.50694e-05
-1.38683e-05
-1.21896e-05
-1.00707e-05
-7.56516e-06
-4.74085e-06
-1.6758e-06
1.54571e-06
4.83628e-06
8.10556e-06
1.12572e-05
1.41751e-05
1.67189e-05
1.85827e-05
1.95641e-05
1.87767e-05
-1.403e-05
-1.28271e-05
-1.17248e-05
-1.08564e-05
-1.01095e-05
-9.49501e-06
-8.98257e-06
-8.5436e-06
-8.15659e-06
-7.80513e-06
-7.47723e-06
-7.1648e-06
-6.8637e-06
-6.57447e-06
-6.30433e-06
-6.06997e-06
-5.90018e-06
-5.84633e-06
-5.97452e-06
-6.38437e-06
-7.20194e-06
-8.52127e-06
-1.0257e-05
-1.20506e-05
-1.36221e-05
-1.4835e-05
-1.56116e-05
-1.59109e-05
-1.57127e-05
-1.50112e-05
-1.38139e-05
-1.21434e-05
-1.00392e-05
-7.55708e-06
-4.76753e-06
-1.75218e-06
1.39948e-06
4.59179e-06
7.72075e-06
1.06659e-05
1.32655e-05
1.52823e-05
1.62524e-05
1.54935e-05
1.20099e-05
-1.30991e-05
-1.23563e-05
-1.14862e-05
-1.07171e-05
-1.00249e-05
-9.43328e-06
-8.92919e-06
-8.49297e-06
-8.10633e-06
-7.75445e-06
-7.42601e-06
-7.11323e-06
-6.8122e-06
-6.52373e-06
-6.25534e-06
-6.02392e-06
-5.85841e-06
-5.81012e-06
-5.94415e-06
-6.35889e-06
-7.17902e-06
-8.4946e-06
-1.02202e-05
-1.20029e-05
-1.35649e-05
-1.47707e-05
-1.55425e-05
-1.5839e-05
-1.56401e-05
-1.49407e-05
-1.37501e-05
-1.20931e-05
-1.00116e-05
-7.56466e-06
-4.82649e-06
-1.88359e-06
1.16752e-06
4.22069e-06
7.15598e-06
9.8286e-06
1.20425e-05
1.3515e-05
1.38048e-05
1.23668e-05
8.93132e-06
-1.24825e-05
-1.19593e-05
-1.12636e-05
-1.05753e-05
-9.93671e-06
-9.36989e-06
-8.8749e-06
-8.44167e-06
-8.05502e-06
-7.70214e-06
-7.37264e-06
-7.05913e-06
-6.75801e-06
-6.47033e-06
-6.20392e-06
-5.97588e-06
-5.81525e-06
-5.77327e-06
-5.9139e-06
-6.33414e-06
-7.15724e-06
-8.46861e-06
-1.01825e-05
-1.1952e-05
-1.35019e-05
-1.46975e-05
-1.54613e-05
-1.57519e-05
-1.55497e-05
-1.4851e-05
-1.36673e-05
-1.20264e-05
-9.97399e-06
-7.57313e-06
-4.90288e-06
-2.05584e-06
8.63413e-07
3.73785e-06
6.43329e-06
8.78876e-06
1.05986e-05
1.15983e-05
1.14601e-05
9.8923e-06
6.95447e-06
-1.19849e-05
-1.15924e-05
-1.10353e-05
-1.04338e-05
-9.84734e-06
-9.30632e-06
-8.82098e-06
-8.39067e-06
-8.00324e-06
-7.64854e-06
-7.31732e-06
-7.00272e-06
-6.70146e-06
-6.41484e-06
-6.15104e-06
-5.92726e-06
-5.77262e-06
-5.73818e-06
-5.88651e-06
-6.3129e-06
-7.13904e-06
-8.44489e-06
-1.01443e-05
-1.18974e-05
-1.34319e-05
-1.46142e-05
-1.53674e-05
-1.56504e-05
-1.54443e-05
-1.47474e-05
-1.35741e-05
-1.1956e-05
-9.94298e-06
-7.60306e-06
-5.02069e-06
-2.29491e-06
4.62094e-07
3.12452e-06
5.54992e-06
7.57439e-06
9.00777e-06
9.64067e-06
9.27441e-06
7.81015e-06
5.40444e-06
-1.15461e-05
-1.12428e-05
-1.07926e-05
-1.02769e-05
-9.74943e-06
-9.23785e-06
-8.76691e-06
-8.34016e-06
-7.95176e-06
-7.59477e-06
-7.26131e-06
-6.94531e-06
-6.64396e-06
-6.35887e-06
-6.09853e-06
-5.88023e-06
-5.733e-06
-5.70765e-06
-5.86497e-06
-6.29821e-06
-7.12722e-06
-8.42553e-06
-1.01064e-05
-1.1839e-05
-1.33539e-05
-1.45192e-05
-1.5259e-05
-1.55327e-05
-1.53228e-05
-1.46303e-05
-1.34729e-05
-1.18866e-05
-9.92627e-06
-7.66498e-06
-5.19275e-06
-2.61434e-06
-4.76318e-08
2.37722e-06
4.51794e-06
6.22169e-06
7.33137e-06
7.70412e-06
7.24661e-06
5.97278e-06
4.06663e-06
-1.11286e-05
-1.08916e-05
-1.05329e-05
-1.00964e-05
-9.62508e-06
-9.15653e-06
-8.70604e-06
-8.28642e-06
-7.89956e-06
-7.54134e-06
-7.20598e-06
-6.88877e-06
-6.58773e-06
-6.30491e-06
-6.04915e-06
-5.83782e-06
-5.69972e-06
-5.68523e-06
-5.85301e-06
-6.29366e-06
-7.12507e-06
-8.41312e-06
-1.00704e-05
-1.17772e-05
-1.32672e-05
-1.44107e-05
-1.51334e-05
-1.5396e-05
-1.51829e-05
-1.4498e-05
-1.33634e-05
-1.182e-05
-9.9276e-06
-7.76455e-06
-5.42562e-06
-3.0196e-06
-6.66597e-07
1.50482e-06
3.36143e-06
4.77224e-06
5.62058e-06
5.82398e-06
5.36028e-06
4.2947e-06
2.79467e-06
-1.0711e-05
-1.05251e-05
-1.02412e-05
-9.8803e-06
-9.47241e-06
-9.0482e-06
-8.62673e-06
-8.22276e-06
-7.84275e-06
-7.48654e-06
-7.15132e-06
-6.83435e-06
-6.53492e-06
-6.25578e-06
-6.00631e-06
-5.80393e-06
-5.67704e-06
-5.67549e-06
-5.85531e-06
-6.3038e-06
-7.13671e-06
-8.41082e-06
-1.0038e-05
-1.17123e-05
-1.31709e-05
-1.42866e-05
-1.4988e-05
-1.52374e-05
-1.5022e-05
-1.43493e-05
-1.32461e-05
-1.17585e-05
-9.95134e-06
-7.90738e-06
-5.72463e-06
-3.51303e-06
-1.39041e-06
5.22493e-07
2.10874e-06
3.26464e-06
3.91241e-06
4.0152e-06
3.59085e-06
2.71868e-06
1.53484e-06
-1.02824e-05
-1.0137e-05
-9.91389e-06
-9.62114e-06
-9.27684e-06
-8.90316e-06
-8.5192e-06
-8.13988e-06
-7.77424e-06
-7.42587e-06
-7.09519e-06
-6.78185e-06
-6.48687e-06
-6.21405e-06
-5.97353e-06
-5.78285e-06
-5.66982e-06
-5.68369e-06
-5.87728e-06
-6.33379e-06
-7.16675e-06
-8.42197e-06
-1.00107e-05
-1.16445e-05
-1.30636e-05
-1.41446e-05
-1.48197e-05
-1.50541e-05
-1.4838e-05
-1.41835e-05
-1.31223e-05
-1.17055e-05
-1.00024e-05
-8.09874e-06
-6.09321e-06
-4.09332e-06
-2.20985e-06
-5.50432e-07
7.88417e-07
1.73051e-06
2.22981e-06
2.27893e-06
1.91367e-06
1.20922e-06
2.71127e-07
-9.83643e-06
-9.72455e-06
-9.55097e-06
-9.3175e-06
-9.03344e-06
-8.71364e-06
-8.37382e-06
-8.02766e-06
-7.68522e-06
-7.35267e-06
-7.0333e-06
-6.72924e-06
-6.44352e-06
-6.1813e-06
-5.95372e-06
-5.77855e-06
-5.68281e-06
-5.71505e-06
-5.92429e-06
-6.38869e-06
-7.21953e-06
-8.44937e-06
-9.98923e-06
-1.15733e-05
-1.29433e-05
-1.39814e-05
-1.4625e-05
-1.48428e-05
-1.46291e-05
-1.40006e-05
-1.2994e-05
-1.16648e-05
-1.00854e-05
-8.34223e-06
-6.53163e-06
-4.75476e-06
-3.11124e-06
-1.6923e-06
-5.73266e-07
1.9355e-07
5.84874e-07
6.09489e-07
3.07538e-07
-2.56014e-07
-1.00197e-06
-9.36841e-06
-9.28546e-06
-9.15331e-06
-8.97096e-06
-8.74228e-06
-8.47629e-06
-8.1845e-06
-7.87837e-06
-7.56764e-06
-7.25976e-06
-6.96006e-06
-6.67282e-06
-6.40313e-06
-6.15753e-06
-5.94839e-06
-5.79372e-06
-5.71956e-06
-5.77359e-06
-6.00045e-06
-6.47228e-06
-7.29804e-06
-8.49375e-06
-9.97252e-06
-1.14972e-05
-1.28066e-05
-1.37928e-05
-1.43998e-05
-1.46007e-05
-1.43941e-05
-1.38014e-05
-1.2864e-05
-1.16403e-05
-1.02038e-05
-8.63893e-06
-7.03629e-06
-5.48727e-06
-4.07759e-06
-2.88106e-06
-1.95375e-06
-1.32941e-06
-1.01708e-06
-1.00133e-06
-1.24572e-06
-1.69196e-06
-2.28643e-06
-8.87519e-06
-8.81844e-06
-8.7221e-06
-8.58423e-06
-8.40575e-06
-8.19154e-06
-7.94932e-06
-7.68796e-06
-7.41605e-06
-7.14121e-06
-6.86991e-06
-6.60804e-06
-6.36242e-06
-6.14087e-06
-5.95692e-06
-5.82872e-06
-5.78122e-06
-5.86072e-06
-6.10697e-06
-6.58556e-06
-7.40248e-06
-8.55132e-06
-9.95709e-06
-1.14123e-05
-1.26492e-05
-1.35738e-05
-1.414e-05
-1.43252e-05
-1.41325e-05
-1.35876e-05
-1.27352e-05
-1.16351e-05
-1.03591e-05
-8.98645e-06
-7.59932e-06
-6.27683e-06
-5.08976e-06
-4.09552e-06
-3.33429e-06
-2.82669e-06
-2.57342e-06
-2.55721e-06
-2.74628e-06
-3.10482e-06
-3.58169e-06
-8.35577e-06
-8.32357e-06
-8.25926e-06
-8.16082e-06
-8.02776e-06
-7.86241e-06
-7.66959e-06
-7.45576e-06
-7.22793e-06
-6.99322e-06
-6.75845e-06
-6.53044e-06
-6.31728e-06
-6.12776e-06
-5.97632e-06
-5.88096e-06
-5.86547e-06
-5.97392e-06
-6.24061e-06
-6.72552e-06
-7.5266e-06
-8.61611e-06
-9.9394e-06
-1.13084e-05
-1.24641e-05
-1.33192e-05
-1.38419e-05
-1.40149e-05
-1.3845e-05
-1.33615e-05
-1.26105e-05
-1.16507e-05
-1.05494e-05
-9.37821e-06
-8.20842e-06
-7.10594e-06
-6.12712e-06
-5.31532e-06
-4.69871e-06
-4.28963e-06
-4.08536e-06
-4.07049e-06
-4.22004e-06
-4.50348e-06
-4.88703e-06
-7.81132e-06
-7.80269e-06
-7.76782e-06
-7.70503e-06
-7.61337e-06
-7.49373e-06
-7.349e-06
-7.18372e-06
-7.00335e-06
-6.81414e-06
-6.62265e-06
-6.43603e-06
-6.26309e-06
-6.11321e-06
-6.00127e-06
-5.94466e-06
-5.96628e-06
-6.10588e-06
-6.39259e-06
-6.88537e-06
-7.65348e-06
-8.685e-06
-9.91576e-06
-1.11731e-05
-1.22371e-05
-1.30223e-05
-1.35029e-05
-1.367e-05
-1.35341e-05
-1.31261e-05
-1.24918e-05
-1.16859e-05
-1.0769e-05
-9.80289e-06
-8.84689e-06
-7.95399e-06
-7.16774e-06
-6.52028e-06
-6.03134e-06
-5.70841e-06
-5.5479e-06
-5.53726e-06
-5.65737e-06
-5.88554e-06
-6.19735e-06
-7.24519e-06
-7.2594e-06
-7.25211e-06
-7.22208e-06
-7.16841e-06
-7.09138e-06
-6.99272e-06
-6.8756e-06
-6.74422e-06
-6.60391e-06
-6.46067e-06
-6.32125e-06
-6.19483e-06
-6.09077e-06
-6.02366e-06
-6.01081e-06
-6.07307e-06
-6.24479e-06
-6.55081e-06
-7.04433e-06
-7.7723e-06
-8.74826e-06
-9.8675e-06
-1.09825e-05
-1.19587e-05
-1.26777e-05
-1.31221e-05
-1.32924e-05
-1.32028e-05
-1.28842e-05
-1.23791e-05
-1.17364e-05
-1.10079e-05
-1.02447e-05
-9.49434e-06
-8.79796e-06
-8.1886e-06
-7.6899e-06
-7.31589e-06
-7.07154e-06
-6.95378e-06
-6.95325e-06
-7.0561e-06
-7.24602e-06
-7.50542e-06
-6.66247e-06
-6.69899e-06
-6.71782e-06
-6.71824e-06
-6.69964e-06
-6.66213e-06
-6.60689e-06
-6.53624e-06
-6.45349e-06
-6.36308e-06
-6.27038e-06
-6.18226e-06
-6.1067e-06
-6.05315e-06
-6.03557e-06
-6.06731e-06
-6.16967e-06
-6.37163e-06
-6.69473e-06
-7.18058e-06
-7.87613e-06
-8.76581e-06
-9.76897e-06
-1.07562e-05
-1.16288e-05
-1.22843e-05
-1.27013e-05
-1.28861e-05
-1.28551e-05
-1.26372e-05
-1.22698e-05
-1.1794e-05
-1.12522e-05
-1.06846e-05
-1.01283e-05
-9.61385e-06
-9.1664e-06
-8.80354e-06
-8.53553e-06
-8.36604e-06
-8.29315e-06
-8.31054e-06
-8.40871e-06
-8.57635e-06
-8.80104e-06
-6.0696e-06
-6.12768e-06
-6.17122e-06
-6.19993e-06
-6.21359e-06
-6.21244e-06
-6.19748e-06
-6.1706e-06
-6.13454e-06
-6.09306e-06
-6.05089e-06
-6.01396e-06
-5.98968e-06
-5.98676e-06
-6.01713e-06
-6.09436e-06
-6.23552e-06
-6.46455e-06
-6.80039e-06
-7.27299e-06
-7.92045e-06
-8.71595e-06
-9.59957e-06
-1.04765e-05
-1.12471e-05
-1.18426e-05
-1.22429e-05
-1.24543e-05
-1.2493e-05
-1.23838e-05
-1.21576e-05
-1.18467e-05
-1.1485e-05
-1.11016e-05
-1.07257e-05
-1.03795e-05
-1.00799e-05
-9.84239e-06
-9.67453e-06
-9.57905e-06
-9.5552e-06
-9.59929e-06
-9.70531e-06
-9.86579e-06
-1.00723e-05
-5.47702e-06
-5.55473e-06
-5.62061e-06
-5.67471e-06
-5.71715e-06
-5.74841e-06
-5.76952e-06
-5.78219e-06
-5.78882e-06
-5.7926e-06
-5.79764e-06
-5.80904e-06
-5.83338e-06
-5.87838e-06
-5.95401e-06
-6.07216e-06
-6.24658e-06
-6.49597e-06
-6.83713e-06
-7.28981e-06
-7.87486e-06
-8.58811e-06
-9.36791e-06
-1.01303e-05
-1.08063e-05
-1.1351e-05
-1.17468e-05
-1.19968e-05
-1.21138e-05
-1.2117e-05
-1.20306e-05
-1.18785e-05
-1.16869e-05
-1.14749e-05
-1.12641e-05
-1.10733e-05
-1.09118e-05
-1.07924e-05
-1.07215e-05
-1.07015e-05
-1.07326e-05
-1.0813e-05
-1.09394e-05
-1.11073e-05
-1.13112e-05
-4.89652e-06
-4.99056e-06
-5.07508e-06
-5.15045e-06
-5.21707e-06
-5.27562e-06
-5.32721e-06
-5.37354e-06
-5.41675e-06
-5.4596e-06
-5.50562e-06
-5.55917e-06
-5.6258e-06
-5.71207e-06
-5.82601e-06
-5.97735e-06
-6.17661e-06
-6.43726e-06
-6.77319e-06
-7.19648e-06
-7.72248e-06
-8.3603e-06
-9.04313e-06
-9.7049e-06
-1.03026e-05
-1.081e-05
-1.12121e-05
-1.15085e-05
-1.17074e-05
-1.18219e-05
-1.18688e-05
-1.18654e-05
-1.18295e-05
-1.1776e-05
-1.17186e-05
-1.16704e-05
-1.16399e-05
-1.16353e-05
-1.16611e-05
-1.17203e-05
-1.18143e-05
-1.19425e-05
-1.21033e-05
-1.22942e-05
-1.25119e-05
-4.34254e-06
-4.44794e-06
-4.54566e-06
-4.63642e-06
-4.72085e-06
-4.79981e-06
-4.87458e-06
-4.9468e-06
-5.01844e-06
-5.09187e-06
-5.17008e-06
-5.2567e-06
-5.35623e-06
-5.47396e-06
-5.6162e-06
-5.79043e-06
-6.00482e-06
-6.26936e-06
-6.59308e-06
-6.98325e-06
-7.45385e-06
-8.00751e-06
-8.61324e-06
-9.19875e-06
-9.7398e-06
-1.02228e-05
-1.06375e-05
-1.09819e-05
-1.12598e-05
-1.14787e-05
-1.16484e-05
-1.17805e-05
-1.18859e-05
-1.19754e-05
-1.20582e-05
-1.2144e-05
-1.22402e-05
-1.23489e-05
-1.24736e-05
-1.26181e-05
-1.27843e-05
-1.29725e-05
-1.31823e-05
-1.34124e-05
-1.36612e-05
-3.84505e-06
-3.95487e-06
-4.0591e-06
-4.15834e-06
-4.25309e-06
-4.34437e-06
-4.43357e-06
-4.52226e-06
-4.61221e-06
-4.70548e-06
-4.80459e-06
-4.91258e-06
-5.03308e-06
-5.17026e-06
-5.32904e-06
-5.51505e-06
-5.73441e-06
-5.99486e-06
-6.30541e-06
-6.67298e-06
-7.10855e-06
-7.60013e-06
-8.14037e-06
-8.67187e-06
-9.17752e-06
-9.6513e-06
-1.00858e-05
-1.04771e-05
-1.08254e-05
-1.11338e-05
-1.14078e-05
-1.1654e-05
-1.18797e-05
-1.20915e-05
-1.22953e-05
-1.24965e-05
-1.26993e-05
-1.29073e-05
-1.31231e-05
-1.33493e-05
-1.35873e-05
-1.38381e-05
-1.41019e-05
-1.43784e-05
-1.46668e-05
-3.46009e-06
-3.56936e-06
-3.67348e-06
-3.77393e-06
-3.87144e-06
-3.96699e-06
-4.06194e-06
-4.15778e-06
-4.25614e-06
-4.35888e-06
-4.46818e-06
-4.58664e-06
-4.71722e-06
-4.8634e-06
-5.02918e-06
-5.21895e-06
-5.43815e-06
-5.69224e-06
-5.9854e-06
-6.32661e-06
-6.72648e-06
-7.20263e-06
-7.70847e-06
-8.21021e-06
-8.69915e-06
-9.17181e-06
-9.62284e-06
-1.00481e-05
-1.04459e-05
-1.08172e-05
-1.11648e-05
-1.14928e-05
-1.18053e-05
-1.21064e-05
-1.23998e-05
-1.26888e-05
-1.29764e-05
-1.32652e-05
-1.35572e-05
-1.3854e-05
-1.41568e-05
-1.44666e-05
-1.47837e-05
-1.5108e-05
-1.54393e-05
-3.16143e-06
-3.26819e-06
-3.37101e-06
-3.47091e-06
-3.56894e-06
-3.66622e-06
-3.76402e-06
-3.86377e-06
-3.96699e-06
-4.07542e-06
-4.19107e-06
-4.3162e-06
-4.45345e-06
-4.6058e-06
-4.77667e-06
-4.96985e-06
-5.18975e-06
-5.44169e-06
-5.73134e-06
-6.06546e-06
-6.45116e-06
-6.89505e-06
-7.37336e-06
-7.85692e-06
-8.33638e-06
-8.80863e-06
-9.26935e-06
-9.71491e-06
-1.01435e-05
-1.05554e-05
-1.09519e-05
-1.13354e-05
-1.1708e-05
-1.20722e-05
-1.24303e-05
-1.27842e-05
-1.31357e-05
-1.34867e-05
-1.38383e-05
-1.41918e-05
-1.45481e-05
-1.49075e-05
-1.52706e-05
-1.56371e-05
-1.60071e-05
-2.93574e-06
-3.03998e-06
-3.14113e-06
-3.24017e-06
-3.33824e-06
-3.43651e-06
-3.53625e-06
-3.63881e-06
-3.74568e-06
-3.8585e-06
-3.97913e-06
-4.10965e-06
-4.25244e-06
-4.41014e-06
-4.58576e-06
-4.78282e-06
-5.00526e-06
-5.25731e-06
-5.54425e-06
-5.87216e-06
-6.24434e-06
-6.66787e-06
-7.12822e-06
-7.59933e-06
-8.07136e-06
-8.54137e-06
-9.00607e-06
-9.46281e-06
-9.91023e-06
-1.03481e-05
-1.07769e-05
-1.11977e-05
-1.16117e-05
-1.20201e-05
-1.2424e-05
-1.28247e-05
-1.32233e-05
-1.36206e-05
-1.40177e-05
-1.4415e-05
-1.4813e-05
-1.52121e-05
-1.56123e-05
-1.60136e-05
-1.64157e-05
-2.76294e-06
-2.86584e-06
-2.96638e-06
-3.06556e-06
-3.16455e-06
-3.26454e-06
-3.36677e-06
-3.47257e-06
-3.58337e-06
-3.70074e-06
-3.82643e-06
-3.96238e-06
-4.11074e-06
-4.27393e-06
-4.45466e-06
-4.65597e-06
-4.88123e-06
-5.13417e-06
-5.41951e-06
-5.74182e-06
-6.10558e-06
-6.51636e-06
-6.96335e-06
-7.42336e-06
-7.88729e-06
-8.35272e-06
-8.81724e-06
-9.279e-06
-9.73687e-06
-1.01904e-05
-1.06395e-05
-1.10845e-05
-1.15258e-05
-1.1964e-05
-1.23996e-05
-1.28332e-05
-1.32654e-05
-1.36965e-05
-1.41271e-05
-1.45572e-05
-1.49871e-05
-1.54167e-05
-1.58461e-05
-1.62748e-05
-1.67027e-05
-2.63208e-06
-2.7354e-06
-2.8369e-06
-2.93763e-06
-3.03879e-06
-3.14157e-06
-3.2472e-06
-3.35698e-06
-3.4723e-06
-3.59467e-06
-3.72575e-06
-3.86734e-06
-4.02144e-06
-4.19021e-06
-4.37608e-06
-4.58175e-06
-4.81024e-06
-5.06488e-06
-5.34958e-06
-5.66821e-06
-6.0253e-06
-6.42622e-06
-6.86116e-06
-7.31001e-06
-7.76497e-06
-8.22411e-06
-8.6856e-06
-9.14804e-06
-9.61046e-06
-1.00722e-05
-1.05331e-05
-1.09928e-05
-1.14514e-05
-1.19091e-05
-1.2366e-05
-1.28222e-05
-1.32779e-05
-1.3733e-05
-1.41878e-05
-1.4642e-05
-1.50956e-05
-1.55483e-05
-1.59999e-05
-1.645e-05
-1.68979e-05
-2.53571e-06
-2.64086e-06
-2.74458e-06
-2.84799e-06
-2.95229e-06
-3.05867e-06
-3.16837e-06
-3.28264e-06
-3.40286e-06
-3.53047e-06
-3.66706e-06
-3.8143e-06
-3.97403e-06
-4.14822e-06
-4.33909e-06
-4.54905e-06
-4.78075e-06
-5.03705e-06
-5.32138e-06
-5.6372e-06
-5.98881e-06
-6.38057e-06
-6.8039e-06
-7.24164e-06
-7.68723e-06
-8.13902e-06
-8.59555e-06
-9.05569e-06
-9.5186e-06
-9.98363e-06
-1.04503e-05
-1.09183e-05
-1.13873e-05
-1.18573e-05
-1.23279e-05
-1.27992e-05
-1.32709e-05
-1.37429e-05
-1.42148e-05
-1.46865e-05
-1.51575e-05
-1.56274e-05
-1.60957e-05
-1.65619e-05
-1.70253e-05
-2.46666e-06
-2.57459e-06
-2.68136e-06
-2.78814e-06
-2.89616e-06
-3.00658e-06
-3.12064e-06
-3.23959e-06
-3.36477e-06
-3.49757e-06
-3.6395e-06
-3.79213e-06
-3.95716e-06
-4.1364e-06
-4.33188e-06
-4.5457e-06
-4.78009e-06
-5.03803e-06
-5.32189e-06
-5.63518e-06
-5.98148e-06
-6.36447e-06
-6.77672e-06
-7.20369e-06
-7.63981e-06
-8.08365e-06
-8.53402e-06
-8.99e-06
-9.45083e-06
-9.91588e-06
-1.03846e-05
-1.08566e-05
-1.13314e-05
-1.18086e-05
-1.22879e-05
-1.27691e-05
-1.32516e-05
-1.37351e-05
-1.42192e-05
-1.47034e-05
-1.51871e-05
-1.56697e-05
-1.61506e-05
-1.66291e-05
-1.71044e-05
-2.41845e-06
-2.52964e-06
-2.63986e-06
-2.75031e-06
-2.86221e-06
-2.97676e-06
-3.09515e-06
-3.21865e-06
-3.34855e-06
-3.48623e-06
-3.63309e-06
-3.79063e-06
-3.96043e-06
-4.14416e-06
-4.34364e-06
-4.56075e-06
-4.79773e-06
-5.05644e-06
-5.33975e-06
-5.6504e-06
-5.99152e-06
-6.36619e-06
-6.76796e-06
-7.18465e-06
-7.61149e-06
-8.04724e-06
-8.49091e-06
-8.94175e-06
-9.39909e-06
-9.8623e-06
-1.03308e-05
-1.08041e-05
-1.12816e-05
-1.1763e-05
-1.22477e-05
-1.27351e-05
-1.32249e-05
-1.37165e-05
-1.42092e-05
-1.47025e-05
-1.51956e-05
-1.56878e-05
-1.61783e-05
-1.66663e-05
-1.71509e-05
-2.38543e-06
-2.5e-06
-2.61371e-06
-2.72779e-06
-2.84346e-06
-2.96191e-06
-3.08436e-06
-3.21205e-06
-3.34626e-06
-3.48832e-06
-3.63957e-06
-3.80142e-06
-3.97536e-06
-4.16293e-06
-4.36574e-06
-4.58555e-06
-4.8244e-06
-5.08379e-06
-5.36625e-06
-5.67419e-06
-6.01032e-06
-6.37715e-06
-6.76915e-06
-7.17621e-06
-7.59424e-06
-8.02213e-06
-8.45911e-06
-8.90451e-06
-9.35773e-06
-9.81815e-06
-1.02852e-05
-1.07583e-05
-1.12369e-05
-1.17204e-05
-1.22083e-05
-1.26999e-05
-1.31947e-05
-1.36919e-05
-1.41909e-05
-1.4691e-05
-1.51912e-05
-1.56908e-05
-1.61889e-05
-1.66845e-05
-1.71768e-05
-2.36298e-06
-2.48079e-06
-2.59779e-06
-2.71524e-06
-2.83436e-06
-2.95635e-06
-3.08243e-06
-3.21384e-06
-3.35184e-06
-3.49771e-06
-3.65276e-06
-3.81832e-06
-3.99577e-06
-4.18654e-06
-4.39212e-06
-4.6141e-06
-4.85444e-06
-5.11417e-06
-5.3955e-06
-5.70075e-06
-6.03215e-06
-6.39168e-06
-6.77472e-06
-7.17293e-06
-7.5828e-06
-8.00336e-06
-8.43397e-06
-8.87406e-06
-9.32306e-06
-9.78036e-06
-1.02454e-05
-1.07175e-05
-1.11962e-05
-1.16808e-05
-1.21706e-05
-1.2665e-05
-1.31634e-05
-1.36648e-05
-1.41686e-05
-1.46739e-05
-1.51798e-05
-1.56854e-05
-1.61897e-05
-1.66917e-05
-1.71903e-05
-2.34756e-06
-2.46832e-06
-2.58828e-06
-2.70873e-06
-2.8309e-06
-2.95598e-06
-3.08523e-06
-3.21986e-06
-3.36112e-06
-3.51026e-06
-3.66853e-06
-3.83722e-06
-4.01762e-06
-4.21106e-06
-4.4189e-06
-4.64253e-06
-4.88414e-06
-5.14395e-06
-5.42396e-06
-5.72661e-06
-6.05359e-06
-6.40646e-06
-6.78137e-06
-7.17156e-06
-7.57402e-06
-7.98789e-06
-8.41267e-06
-8.84781e-06
-9.29277e-06
-9.74696e-06
-1.02098e-05
-1.06807e-05
-1.1159e-05
-1.16441e-05
-1.21352e-05
-1.26316e-05
-1.31327e-05
-1.36374e-05
-1.41451e-05
-1.46547e-05
-1.51653e-05
-1.56759e-05
-1.61854e-05
-1.66928e-05
-1.71969e-05
-2.3367e-06
-2.46004e-06
-2.58258e-06
-2.70563e-06
-2.8304e-06
-2.95814e-06
-3.09009e-06
-3.22746e-06
-3.37148e-06
-3.52339e-06
-3.68439e-06
-3.85571e-06
-4.03858e-06
-4.23424e-06
-4.44391e-06
-4.669e-06
-4.91146e-06
-5.17103e-06
-5.44974e-06
-5.74999e-06
-6.07292e-06
-6.41973e-06
-6.78734e-06
-7.17036e-06
-7.56617e-06
-7.97405e-06
-8.39357e-06
-8.82423e-06
-9.26549e-06
-9.7168e-06
-1.01776e-05
-1.06472e-05
-1.1125e-05
-1.16102e-05
-1.21023e-05
-1.26003e-05
-1.31035e-05
-1.3611e-05
-1.41219e-05
-1.46351e-05
-1.51498e-05
-1.56647e-05
-1.61788e-05
-1.6691e-05
-1.72e-05
-2.32874e-06
-2.45428e-06
-2.57903e-06
-2.70427e-06
-2.83125e-06
-2.96124e-06
-3.09546e-06
-3.23514e-06
-3.38149e-06
-3.53572e-06
-3.69902e-06
-3.87255e-06
-4.05749e-06
-4.25499e-06
-4.46622e-06
-4.69271e-06
-4.9353e-06
-5.19453e-06
-5.47221e-06
-5.77019e-06
-6.08942e-06
-6.43079e-06
-6.79189e-06
-7.16851e-06
-7.5584e-06
-7.96098e-06
-8.37583e-06
-8.8025e-06
-9.24046e-06
-9.68917e-06
-1.0148e-05
-1.06164e-05
-1.10937e-05
-1.15791e-05
-1.20719e-05
-1.25713e-05
-1.30764e-05
-1.35862e-05
-1.40999e-05
-1.46164e-05
-1.51346e-05
-1.56534e-05
-1.61716e-05
-1.66881e-05
-1.72015e-05
-2.32265e-06
-2.45005e-06
-2.57664e-06
-2.70371e-06
-2.83255e-06
-2.9644e-06
-3.10053e-06
-3.24214e-06
-3.39045e-06
-3.54664e-06
-3.71186e-06
-3.88724e-06
-4.07392e-06
-4.27297e-06
-4.48553e-06
-4.71314e-06
-4.95559e-06
-5.21454e-06
-5.49132e-06
-5.78714e-06
-6.10302e-06
-6.43951e-06
-6.79481e-06
-7.16575e-06
-7.55042e-06
-7.9483e-06
-8.35904e-06
-8.78219e-06
-9.21724e-06
-9.66366e-06
-1.01209e-05
-1.05882e-05
-1.1065e-05
-1.15506e-05
-1.2044e-05
-1.25446e-05
-1.30514e-05
-1.35634e-05
-1.40796e-05
-1.4599e-05
-1.51204e-05
-1.56427e-05
-1.61646e-05
-1.66849e-05
-1.72023e-05
-2.31781e-06
-2.44676e-06
-2.57487e-06
-2.70346e-06
-2.83383e-06
-2.96724e-06
-3.10496e-06
-3.24819e-06
-3.39813e-06
-3.55595e-06
-3.72279e-06
-3.89973e-06
-4.08787e-06
-4.28821e-06
-4.50187e-06
-4.73021e-06
-4.97277e-06
-5.23135e-06
-5.50723e-06
-5.80109e-06
-6.11394e-06
-6.44608e-06
-6.79623e-06
-7.16213e-06
-7.54219e-06
-7.93596e-06
-8.34308e-06
-8.76314e-06
-9.19566e-06
-9.6401e-06
-1.00959e-05
-1.05623e-05
-1.10388e-05
-1.15245e-05
-1.20186e-05
-1.25203e-05
-1.30286e-05
-1.35425e-05
-1.40611e-05
-1.45831e-05
-1.51074e-05
-1.56329e-05
-1.61582e-05
-1.6682e-05
-1.72031e-05
-2.31386e-06
-2.44408e-06
-2.57344e-06
-2.70328e-06
-2.83492e-06
-2.96962e-06
-3.10864e-06
-3.25321e-06
-3.40452e-06
-3.56371e-06
-3.7319e-06
-3.91015e-06
-4.09951e-06
-4.30093e-06
-4.51548e-06
-4.7443e-06
-4.98711e-06
-5.24534e-06
-5.52027e-06
-5.81241e-06
-6.12254e-06
-6.4508e-06
-6.79639e-06
-7.15786e-06
-7.53388e-06
-7.92403e-06
-8.32801e-06
-8.74539e-06
-9.17571e-06
-9.61843e-06
-1.0073e-05
-1.05387e-05
-1.10149e-05
-1.15007e-05
-1.19955e-05
-1.24982e-05
-1.30079e-05
-1.35237e-05
-1.40443e-05
-1.45687e-05
-1.50958e-05
-1.56241e-05
-1.61525e-05
-1.66795e-05
-1.72039e-05
-2.31055e-06
-2.44181e-06
-2.57221e-06
-2.70308e-06
-2.83576e-06
-2.97153e-06
-3.11165e-06
-3.25735e-06
-3.4098e-06
-3.57015e-06
-3.73948e-06
-3.91883e-06
-4.1092e-06
-4.31153e-06
-4.5268e-06
-4.75601e-06
-4.99893e-06
-5.25691e-06
-5.53091e-06
-5.82151e-06
-6.12923e-06
-6.45403e-06
-6.79556e-06
-7.1531e-06
-7.52556e-06
-7.91255e-06
-8.31377e-06
-8.72881e-06
-9.15721e-06
-9.59846e-06
-1.0052e-05
-1.05171e-05
-1.09931e-05
-1.14791e-05
-1.19745e-05
-1.24782e-05
-1.29892e-05
-1.35066e-05
-1.40291e-05
-1.45558e-05
-1.50852e-05
-1.56162e-05
-1.61474e-05
-1.66774e-05
-1.72048e-05
-2.30758e-06
-2.43975e-06
-2.57104e-06
-2.70281e-06
-2.8364e-06
-2.97311e-06
-3.1142e-06
-3.26089e-06
-3.41435e-06
-3.57572e-06
-3.74606e-06
-3.92639e-06
-4.11766e-06
-4.32078e-06
-4.53668e-06
-4.76623e-06
-5.0092e-06
-5.26688e-06
-5.54006e-06
-5.82913e-06
-6.13457e-06
-6.45614e-06
-6.79385e-06
-7.14772e-06
-7.51687e-06
-7.90092e-06
-8.29958e-06
-8.71246e-06
-9.13911e-06
-9.57902e-06
-1.00316e-05
-1.04962e-05
-1.0972e-05
-1.14583e-05
-1.19543e-05
-1.24589e-05
-1.29712e-05
-1.34902e-05
-1.40147e-05
-1.45434e-05
-1.50752e-05
-1.56088e-05
-1.61427e-05
-1.66755e-05
-1.72059e-05
-2.30498e-06
-2.43793e-06
-2.56998e-06
-2.7025e-06
-2.83686e-06
-2.97437e-06
-3.1163e-06
-3.26386e-06
-3.41824e-06
-3.58055e-06
-3.75183e-06
-3.93309e-06
-4.12524e-06
-4.32914e-06
-4.54568e-06
-4.77564e-06
-5.0186e-06
-5.27593e-06
-5.54828e-06
-5.83589e-06
-6.13907e-06
-6.45746e-06
-6.7914e-06
-7.14172e-06
-7.50766e-06
-7.88885e-06
-8.28503e-06
-8.69582e-06
-9.12078e-06
-9.5594e-06
-1.00111e-05
-1.04752e-05
-1.09509e-05
-1.14375e-05
-1.19341e-05
-1.24398e-05
-1.29535e-05
-1.34741e-05
-1.40005e-05
-1.45315e-05
-1.50657e-05
-1.56018e-05
-1.61384e-05
-1.66739e-05
-1.7207e-05
2.7095e-06
-4.2531e-06
-6.34639e-06
-7.6062e-06
-8.84295e-06
-1.00829e-05
-1.13347e-05
-1.26048e-05
-1.38987e-05
-1.52248e-05
-1.65952e-05
-1.80285e-05
-1.95515e-05
-2.12051e-05
-2.3048e-05
3.34797e-06
-2.37033e-06
-5.15266e-06
-6.96307e-06
-8.49113e-06
-9.88016e-06
-1.12129e-05
-1.25305e-05
-1.38532e-05
-1.5197e-05
-1.6578e-05
-1.80171e-05
-1.95425e-05
-2.11958e-05
-2.30355e-05
3.48952e-06
-1.31376e-06
-4.33787e-06
-6.45499e-06
-8.1831e-06
-9.69557e-06
-1.11017e-05
-1.24634e-05
-1.38129e-05
-1.51729e-05
-1.65634e-05
-1.80073e-05
-1.95341e-05
-2.11862e-05
-2.30219e-05
3.0722e-06
-8.20364e-07
-3.80792e-06
-6.07045e-06
-7.92495e-06
-9.53414e-06
-1.10047e-05
-1.24064e-05
-1.37803e-05
-1.51547e-05
-1.65529e-05
-1.80002e-05
-1.95273e-05
-2.1177e-05
-2.30077e-05
2.44382e-06
-6.15266e-07
-3.40395e-06
-5.7185e-06
-7.66748e-06
-9.36465e-06
-1.09011e-05
-1.23463e-05
-1.37471e-05
-1.5137e-05
-1.65434e-05
-1.79938e-05
-1.95205e-05
-2.11668e-05
-2.29913e-05
1.79437e-06
-6.80396e-07
-3.15576e-06
-5.41292e-06
-7.40603e-06
-9.17395e-06
-1.07758e-05
-1.22698e-05
-1.37033e-05
-1.51131e-05
-1.65302e-05
-1.79849e-05
-1.95114e-05
-2.1154e-05
-2.29712e-05
1.0302e-06
-9.66111e-07
-3.10535e-06
-5.20921e-06
-7.17415e-06
-8.97427e-06
-1.06273e-05
-1.21694e-05
-1.36399e-05
-1.50748e-05
-1.6507e-05
-1.79688e-05
-1.94966e-05
-2.11358e-05
-2.29453e-05
1.48217e-07
-1.4587e-06
-3.26756e-06
-5.1573e-06
-7.02198e-06
-8.80002e-06
-1.04725e-05
-1.20492e-05
-1.3554e-05
-1.50164e-05
-1.64673e-05
-1.79398e-05
-1.94712e-05
-2.11083e-05
-2.29101e-05
-8.28985e-07
-2.12535e-06
-3.63445e-06
-5.28553e-06
-6.99564e-06
-8.69569e-06
-1.03446e-05
-1.19287e-05
-1.34542e-05
-1.4939e-05
-1.64087e-05
-1.78937e-05
-1.94308e-05
-2.10671e-05
-2.28619e-05
-1.88155e-06
-2.93141e-06
-4.18206e-06
-5.59766e-06
-7.1235e-06
-8.7007e-06
-1.02817e-05
-1.18381e-05
-1.33605e-05
-1.48542e-05
-1.63361e-05
-1.78313e-05
-1.93739e-05
-2.10095e-05
-2.27964e-05
-2.99391e-06
-3.84744e-06
-4.8811e-06
-6.08031e-06
-7.41408e-06
-8.84043e-06
-1.03169e-05
-1.18099e-05
-1.33e-05
-1.47814e-05
-1.62621e-05
-1.77597e-05
-1.93031e-05
-2.09381e-05
-2.2711e-05
-4.15378e-06
-4.85045e-06
-5.7044e-06
-6.71303e-06
-7.86192e-06
-9.12569e-06
-1.04727e-05
-1.1872e-05
-1.33005e-05
-1.47449e-05
-1.62055e-05
-1.7692e-05
-1.92285e-05
-2.08544e-05
-2.26116e-05
-5.35237e-06
-5.92344e-06
-6.62972e-06
-7.47484e-06
-8.45474e-06
-9.55697e-06
-1.07617e-05
-1.20455e-05
-1.33868e-05
-1.47696e-05
-1.61884e-05
-1.76471e-05
-1.91624e-05
-2.07671e-05
-2.25041e-05
-6.57943e-06
-7.05103e-06
-7.6376e-06
-8.34564e-06
-9.177e-06
-1.01281e-05
-1.1189e-05
-1.23449e-05
-1.35798e-05
-1.48788e-05
-1.62342e-05
-1.76456e-05
-1.91226e-05
-2.06928e-05
-2.23888e-05
-7.8247e-06
-8.2195e-06
-8.71124e-06
-9.30707e-06
-1.00118e-05
-1.08281e-05
-1.17526e-05
-1.27783e-05
-1.38957e-05
-1.50941e-05
-1.63662e-05
-1.77102e-05
-1.91307e-05
-2.0647e-05
-2.22864e-05
-9.07621e-06
-9.41478e-06
-9.83478e-06
-1.03434e-05
-1.09459e-05
-1.16453e-05
-1.24456e-05
-1.33467e-05
-1.43446e-05
-1.54334e-05
-1.66072e-05
-1.78651e-05
-1.92094e-05
-2.06523e-05
-2.22138e-05
-1.03207e-05
-1.0622e-05
-1.09911e-05
-1.14344e-05
-1.19573e-05
-1.25649e-05
-1.32612e-05
-1.40485e-05
-1.49285e-05
-1.59076e-05
-1.69759e-05
-1.8134e-05
-1.93833e-05
-2.07323e-05
-2.21942e-05
-1.15491e-05
-1.18307e-05
-1.21684e-05
-1.25678e-05
-1.30338e-05
-1.3571e-05
-1.41845e-05
-1.48788e-05
-1.5658e-05
-1.65219e-05
-1.74803e-05
-1.85339e-05
-1.96749e-05
-2.09096e-05
-2.22502e-05
-1.27562e-05
-1.30359e-05
-1.33613e-05
-1.3737e-05
-1.41669e-05
-1.46556e-05
-1.52071e-05
-1.58265e-05
-1.65165e-05
-1.72788e-05
-1.81181e-05
-1.90712e-05
-2.00962e-05
-2.12022e-05
-2.24005e-05
-1.39294e-05
-1.42252e-05
-1.45569e-05
-1.49283e-05
-1.53426e-05
-1.58035e-05
-1.63151e-05
-1.68817e-05
-1.75088e-05
-1.82017e-05
-1.89643e-05
-1.97683e-05
-2.06558e-05
-2.16211e-05
-2.26618e-05
-1.49689e-05
-1.52921e-05
-1.56431e-05
-1.60247e-05
-1.64392e-05
-1.68895e-05
-1.73782e-05
-1.79085e-05
-1.8483e-05
-1.91034e-05
-1.97722e-05
-2.0492e-05
-2.12733e-05
-2.21097e-05
-2.29992e-05
-1.57798e-05
-1.61362e-05
-1.65137e-05
-1.6914e-05
-1.73388e-05
-1.77898e-05
-1.82692e-05
-1.87786e-05
-1.93204e-05
-1.98971e-05
-2.05103e-05
-2.11628e-05
-2.18515e-05
-2.25801e-05
-2.33447e-05
-1.63827e-05
-1.67696e-05
-1.7172e-05
-1.75911e-05
-1.80278e-05
-1.84835e-05
-1.89595e-05
-1.94571e-05
-1.99776e-05
-2.05222e-05
-2.10908e-05
-2.16848e-05
-2.2304e-05
-2.29492e-05
-2.3617e-05
-1.68207e-05
-1.72334e-05
-1.76571e-05
-1.80925e-05
-1.85402e-05
-1.9001e-05
-1.94756e-05
-1.99645e-05
-2.04682e-05
-2.0987e-05
-2.15205e-05
-2.20717e-05
-2.26384e-05
-2.322e-05
-2.38142e-05
-1.71313e-05
-1.75649e-05
-1.80058e-05
-1.84545e-05
-1.89111e-05
-1.9376e-05
-1.98492e-05
-2.0331e-05
-2.08215e-05
-2.1321e-05
-2.183e-05
-2.23465e-05
-2.28721e-05
-2.3405e-05
-2.39434e-05
-1.73451e-05
-1.7795e-05
-1.82493e-05
-1.87082e-05
-1.91715e-05
-1.96391e-05
-2.0111e-05
-2.05871e-05
-2.1067e-05
-2.15513e-05
-2.20392e-05
-2.25304e-05
-2.30243e-05
-2.35201e-05
-2.40164e-05
-1.74868e-05
-1.79492e-05
-1.84139e-05
-1.88805e-05
-1.93487e-05
-1.98183e-05
-2.02889e-05
-2.07602e-05
-2.12319e-05
-2.17037e-05
-2.21757e-05
-2.26468e-05
-2.31164e-05
-2.35841e-05
-2.40485e-05
-1.7577e-05
-1.80493e-05
-1.85219e-05
-1.89945e-05
-1.94666e-05
-1.99377e-05
-2.04072e-05
-2.08748e-05
-2.13401e-05
-2.18026e-05
-2.22618e-05
-2.27172e-05
-2.31682e-05
-2.36143e-05
-2.40544e-05
-1.76325e-05
-1.81125e-05
-1.85916e-05
-1.90691e-05
-1.95444e-05
-2.00168e-05
-2.04857e-05
-2.09505e-05
-2.14106e-05
-2.18659e-05
-2.23154e-05
-2.27587e-05
-2.31953e-05
-2.36247e-05
-2.4046e-05
-1.76656e-05
-1.81522e-05
-1.86367e-05
-1.91183e-05
-1.95964e-05
-2.00701e-05
-2.05388e-05
-2.10016e-05
-2.1458e-05
-2.19075e-05
-2.23494e-05
-2.27832e-05
-2.32085e-05
-2.36248e-05
-2.40313e-05
-1.76854e-05
-1.81775e-05
-1.86666e-05
-1.9152e-05
-1.96326e-05
-2.01077e-05
-2.05764e-05
-2.10379e-05
-2.14915e-05
-2.19366e-05
-2.23725e-05
-2.27988e-05
-2.32149e-05
-2.36206e-05
-2.40151e-05
-1.76974e-05
-1.81944e-05
-1.86877e-05
-1.91764e-05
-1.96595e-05
-2.0136e-05
-2.0605e-05
-2.10656e-05
-2.15171e-05
-2.19587e-05
-2.23899e-05
-2.281e-05
-2.32188e-05
-2.36156e-05
-2.40001e-05
-1.77053e-05
-1.82067e-05
-1.87038e-05
-1.91956e-05
-1.9681e-05
-2.01589e-05
-2.06284e-05
-2.10885e-05
-2.15383e-05
-2.19772e-05
-2.24045e-05
-2.28196e-05
-2.32221e-05
-2.36116e-05
-2.39877e-05
-1.77111e-05
-1.82165e-05
-1.87171e-05
-1.92118e-05
-1.96993e-05
-2.01787e-05
-2.06488e-05
-2.11085e-05
-2.15572e-05
-2.19938e-05
-2.2418e-05
-2.28288e-05
-2.32261e-05
-2.36093e-05
-2.3978e-05
-1.77159e-05
-1.8225e-05
-1.87288e-05
-1.92262e-05
-1.97158e-05
-2.01965e-05
-2.06672e-05
-2.11269e-05
-2.15746e-05
-2.20095e-05
-2.24309e-05
-2.28382e-05
-2.32309e-05
-2.36086e-05
-2.3971e-05
-1.77203e-05
-1.82327e-05
-1.87395e-05
-1.92393e-05
-1.97308e-05
-2.02129e-05
-2.06844e-05
-2.1144e-05
-2.1591e-05
-2.20244e-05
-2.24436e-05
-2.28477e-05
-2.32365e-05
-2.36095e-05
-2.39664e-05
-1.77243e-05
-1.82399e-05
-1.87493e-05
-1.92514e-05
-1.97448e-05
-2.02281e-05
-2.07003e-05
-2.116e-05
-2.16064e-05
-2.20387e-05
-2.24559e-05
-2.28574e-05
-2.32428e-05
-2.36116e-05
-2.39636e-05
-1.77283e-05
-1.82466e-05
-1.87586e-05
-1.92627e-05
-1.97577e-05
-2.02423e-05
-2.07152e-05
-2.11751e-05
-2.16211e-05
-2.20523e-05
-2.24678e-05
-2.2867e-05
-2.32494e-05
-2.36147e-05
-2.39624e-05
-1.77323e-05
-1.82534e-05
-1.87677e-05
-1.92739e-05
-1.97705e-05
-2.02563e-05
-2.07299e-05
-2.119e-05
-2.16357e-05
-2.2066e-05
-2.248e-05
-2.2877e-05
-2.32567e-05
-2.36186e-05
-2.39624e-05
-1.77362e-05
-1.826e-05
-1.87768e-05
-1.92851e-05
-1.97836e-05
-2.02706e-05
-2.07449e-05
-2.12053e-05
-2.16506e-05
-2.20801e-05
-2.24927e-05
-2.28877e-05
-2.32647e-05
-2.36234e-05
-2.39632e-05
-8.24286e-06
-8.23993e-06
-8.2477e-06
-8.26469e-06
-8.28989e-06
-8.32297e-06
-8.36366e-06
-8.4119e-06
-8.4671e-06
-8.52967e-06
-8.59988e-06
-8.678e-06
-8.76424e-06
-8.85871e-06
-8.96137e-06
-9.07199e-06
-9.19008e-06
-9.31491e-06
-9.44534e-06
-9.57948e-06
-9.71471e-06
-9.84754e-06
-9.97071e-06
-1.00753e-05
-1.01543e-05
-1.02017e-05
-1.02118e-05
-1.01804e-05
-1.01062e-05
-9.99125e-06
-9.83691e-06
-9.64915e-06
-9.44352e-06
-9.23727e-06
-9.04694e-06
-8.88792e-06
-8.77443e-06
-8.7155e-06
-8.71249e-06
-8.75855e-06
-8.83927e-06
-8.93524e-06
-9.03593e-06
-9.10157e-06
-9.12662e-06
-8.23385e-06
-8.23148e-06
-8.23766e-06
-8.25101e-06
-8.27078e-06
-8.29667e-06
-8.3288e-06
-8.36719e-06
-8.41255e-06
-8.46486e-06
-8.5244e-06
-8.59151e-06
-8.66653e-06
-8.74985e-06
-8.84183e-06
-8.94271e-06
-9.05258e-06
-9.17119e-06
-9.29783e-06
-9.43124e-06
-9.56929e-06
-9.70861e-06
-9.84059e-06
-9.95492e-06
-1.00448e-05
-1.01043e-05
-1.01285e-05
-1.01135e-05
-1.00577e-05
-9.96178e-06
-9.82947e-06
-9.67138e-06
-9.49983e-06
-9.32613e-06
-9.16545e-06
-9.03389e-06
-8.94329e-06
-8.89961e-06
-8.90196e-06
-8.9427e-06
-9.00899e-06
-9.08566e-06
-9.15828e-06
-9.21342e-06
-9.24532e-06
-8.20367e-06
-8.20364e-06
-8.21024e-06
-8.22258e-06
-8.24033e-06
-8.26353e-06
-8.29213e-06
-8.32635e-06
-8.36655e-06
-8.41314e-06
-8.46657e-06
-8.52733e-06
-8.59597e-06
-8.67311e-06
-8.75945e-06
-8.85572e-06
-8.96269e-06
-9.08109e-06
-9.21146e-06
-9.35403e-06
-9.50837e-06
-9.67272e-06
-9.83748e-06
-9.9889e-06
-1.01174e-05
-1.02146e-05
-1.02731e-05
-1.0287e-05
-1.02532e-05
-1.01723e-05
-1.00465e-05
-9.88679e-06
-9.70576e-06
-9.51882e-06
-9.34317e-06
-9.19558e-06
-9.08953e-06
-9.03283e-06
-9.02596e-06
-9.06206e-06
-9.1285e-06
-9.20966e-06
-9.29013e-06
-9.35962e-06
-9.41623e-06
-8.16004e-06
-8.16325e-06
-8.17069e-06
-8.18235e-06
-8.19827e-06
-8.21862e-06
-8.24358e-06
-8.27352e-06
-8.30887e-06
-8.35017e-06
-8.39805e-06
-8.45323e-06
-8.51654e-06
-8.589e-06
-8.67179e-06
-8.76636e-06
-8.87447e-06
-8.99819e-06
-9.1399e-06
-9.30213e-06
-9.4872e-06
-9.69586e-06
-9.91685e-06
-1.01303e-05
-1.03214e-05
-1.04776e-05
-1.05872e-05
-1.06415e-05
-1.0636e-05
-1.05704e-05
-1.04507e-05
-1.02839e-05
-1.00838e-05
-9.86834e-06
-9.65746e-06
-9.47134e-06
-9.32743e-06
-9.23756e-06
-9.2056e-06
-9.22674e-06
-9.28874e-06
-9.37463e-06
-9.46658e-06
-9.55344e-06
-9.63512e-06
-8.10908e-06
-8.11529e-06
-8.12385e-06
-8.13524e-06
-8.14983e-06
-8.16789e-06
-8.18978e-06
-8.21598e-06
-8.24706e-06
-8.28373e-06
-8.32677e-06
-8.37716e-06
-8.43607e-06
-8.50496e-06
-8.58565e-06
-8.68051e-06
-8.79257e-06
-8.92571e-06
-9.08474e-06
-9.27535e-06
-9.50356e-06
-9.77374e-06
-1.00724e-05
-1.03704e-05
-1.06457e-05
-1.08797e-05
-1.10554e-05
-1.11625e-05
-1.11969e-05
-1.1157e-05
-1.10446e-05
-1.08684e-05
-1.06432e-05
-1.03881e-05
-1.0126e-05
-9.88142e-06
-9.67748e-06
-9.53239e-06
-9.45577e-06
-9.44675e-06
-9.49429e-06
-9.57974e-06
-9.68165e-06
-9.78643e-06
-9.89452e-06
-8.0547e-06
-8.06365e-06
-8.07327e-06
-8.08452e-06
-8.09808e-06
-8.11429e-06
-8.1336e-06
-8.1566e-06
-8.184e-06
-8.21664e-06
-8.25551e-06
-8.30183e-06
-8.35711e-06
-8.42331e-06
-8.50298e-06
-8.59952e-06
-8.71745e-06
-8.86279e-06
-9.04329e-06
-9.26842e-06
-9.54875e-06
-9.89312e-06
-1.02854e-05
-1.06843e-05
-1.10577e-05
-1.13803e-05
-1.16336e-05
-1.18067e-05
-1.18924e-05
-1.18868e-05
-1.17888e-05
-1.16076e-05
-1.1358e-05
-1.10595e-05
-1.07375e-05
-1.04212e-05
-1.01404e-05
-9.92129e-06
-9.78143e-06
-9.72599e-06
-9.74666e-06
-9.82361e-06
-9.93129e-06
-1.00528e-05
-1.01885e-05
-8.00006e-06
-8.01131e-06
-8.02189e-06
-8.03304e-06
-8.0457e-06
-8.06028e-06
-8.07729e-06
-8.09741e-06
-8.12147e-06
-8.15043e-06
-8.18546e-06
-8.22803e-06
-8.27998e-06
-8.34379e-06
-8.42274e-06
-8.52133e-06
-8.64571e-06
-8.80422e-06
-9.00786e-06
-9.27039e-06
-9.60736e-06
-1.00327e-05
-1.05272e-05
-1.1035e-05
-1.15128e-05
-1.1933e-05
-1.2277e-05
-1.25273e-05
-1.26692e-05
-1.26989e-05
-1.26205e-05
-1.24407e-05
-1.21716e-05
-1.1833e-05
-1.1452e-05
-1.10612e-05
-1.06966e-05
-1.03928e-05
-1.01765e-05
-1.00608e-05
-1.00421e-05
-1.01009e-05
-1.02082e-05
-1.03436e-05
-1.05069e-05
-7.94748e-06
-7.9607e-06
-7.97203e-06
-7.98305e-06
-7.99488e-06
-8.00795e-06
-8.0228e-06
-8.04019e-06
-8.06103e-06
-8.08639e-06
-8.11761e-06
-8.15634e-06
-8.2048e-06
-8.26589e-06
-8.34367e-06
-8.4437e-06
-8.57379e-06
-8.74468e-06
-8.97079e-06
-9.27043e-06
-9.66452e-06
-1.01721e-05
-1.07717e-05
-1.13917e-05
-1.19787e-05
-1.24996e-05
-1.29291e-05
-1.32485e-05
-1.34453e-05
-1.35156e-05
-1.34611e-05
-1.32873e-05
-1.30059e-05
-1.26363e-05
-1.22055e-05
-1.17482e-05
-1.13047e-05
-1.09165e-05
-1.06194e-05
-1.04356e-05
-1.03682e-05
-1.04002e-05
-1.05003e-05
-1.06454e-05
-1.08348e-05
-7.89861e-06
-7.91346e-06
-7.92541e-06
-7.93628e-06
-7.94729e-06
-7.95888e-06
-7.97162e-06
-7.98629e-06
-8.00385e-06
-8.02548e-06
-8.05262e-06
-8.08714e-06
-8.13151e-06
-8.18911e-06
-8.26464e-06
-8.36474e-06
-8.4988e-06
-8.67994e-06
-8.92601e-06
-9.26006e-06
-9.70857e-06
-1.02948e-05
-1.09965e-05
-1.17249e-05
-1.24151e-05
-1.30277e-05
-1.35346e-05
-1.39168e-05
-1.41637e-05
-1.42706e-05
-1.42387e-05
-1.40735e-05
-1.37867e-05
-1.33967e-05
-1.293e-05
-1.24213e-05
-1.19126e-05
-1.14502e-05
-1.10774e-05
-1.08254e-05
-1.07051e-05
-1.0704e-05
-1.07909e-05
-1.09414e-05
-1.1154e-05
-7.85456e-06
-7.87083e-06
-7.88332e-06
-7.894e-06
-7.9042e-06
-7.9143e-06
-7.92486e-06
-7.93668e-06
-7.95077e-06
-7.96834e-06
-7.99095e-06
-8.0206e-06
-8.06002e-06
-8.11297e-06
-8.18477e-06
-8.28306e-06
-8.41871e-06
-8.60713e-06
-8.8695e-06
-9.23367e-06
-9.73207e-06
-1.039e-05
-1.11872e-05
-1.20157e-05
-1.27989e-05
-1.34923e-05
-1.40656e-05
-1.45004e-05
-1.47873e-05
-1.49223e-05
-1.4908e-05
-1.47509e-05
-1.4463e-05
-1.40622e-05
-1.35735e-05
-1.30299e-05
-1.24733e-05
-1.19517e-05
-1.15146e-05
-1.12001e-05
-1.10276e-05
-1.09907e-05
-1.10604e-05
-1.1212e-05
-1.14447e-05
-7.8161e-06
-7.83372e-06
-7.84671e-06
-7.8572e-06
-7.86655e-06
-7.8751e-06
-7.88335e-06
-7.89212e-06
-7.9024e-06
-7.91545e-06
-7.93289e-06
-7.95684e-06
-7.99024e-06
-8.03718e-06
-8.10355e-06
-8.19786e-06
-8.33242e-06
-8.52476e-06
-8.79924e-06
-9.18825e-06
-9.73026e-06
-1.04534e-05
-1.13366e-05
-1.22553e-05
-1.31202e-05
-1.38824e-05
-1.45101e-05
-1.49855e-05
-1.53012e-05
-1.54549e-05
-1.54519e-05
-1.53005e-05
-1.50134e-05
-1.46081e-05
-1.41076e-05
-1.35429e-05
-1.29536e-05
-1.23874e-05
-1.18992e-05
-1.15309e-05
-1.131e-05
-1.12373e-05
-1.12874e-05
-1.14371e-05
-1.16867e-05
-7.78378e-06
-7.80278e-06
-7.81631e-06
-7.82662e-06
-7.8351e-06
-7.84199e-06
-7.84776e-06
-7.85317e-06
-7.85922e-06
-7.86717e-06
-7.87869e-06
-7.896e-06
-7.92219e-06
-7.96166e-06
-8.02079e-06
-8.10891e-06
-8.23964e-06
-8.43254e-06
-8.7149e-06
-9.12319e-06
-9.70072e-06
-1.0485e-05
-1.14442e-05
-1.24423e-05
-1.33779e-05
-1.41975e-05
-1.48682e-05
-1.53733e-05
-1.57075e-05
-1.58722e-05
-1.58747e-05
-1.57257e-05
-1.54392e-05
-1.5032e-05
-1.45256e-05
-1.39482e-05
-1.33361e-05
-1.27353e-05
-1.22079e-05
-1.1794e-05
-1.15289e-05
-1.14216e-05
-1.14512e-05
-1.15969e-05
-1.1861e-05
-7.75803e-06
-7.77855e-06
-7.7927e-06
-7.80286e-06
-7.81043e-06
-7.81555e-06
-7.81861e-06
-7.82031e-06
-7.82162e-06
-7.82383e-06
-7.82861e-06
-7.83825e-06
-7.856e-06
-7.88652e-06
-7.93663e-06
-8.01643e-06
-8.14074e-06
-8.33105e-06
-8.61745e-06
-9.03992e-06
-9.64627e-06
-1.04859e-05
-1.15122e-05
-1.258e-05
-1.35765e-05
-1.44438e-05
-1.51482e-05
-1.56745e-05
-1.60198e-05
-1.6189e-05
-1.61922e-05
-1.60424e-05
-1.57544e-05
-1.5345e-05
-1.48338e-05
-1.42465e-05
-1.36167e-05
-1.29857e-05
-1.24234e-05
-1.19708e-05
-1.16648e-05
-1.15241e-05
-1.15328e-05
-1.16732e-05
-1.19501e-05
-7.73923e-06
-7.7615e-06
-7.77639e-06
-7.78646e-06
-7.79308e-06
-7.79628e-06
-7.79634e-06
-7.79391e-06
-7.78995e-06
-7.7857e-06
-7.78286e-06
-7.78381e-06
-7.7919e-06
-7.81202e-06
-7.85144e-06
-7.92095e-06
-8.03652e-06
-8.22144e-06
-8.50853e-06
-8.94139e-06
-9.57228e-06
-1.04579e-05
-1.15447e-05
-1.26745e-05
-1.37239e-05
-1.46313e-05
-1.53624e-05
-1.59037e-05
-1.6255e-05
-1.64242e-05
-1.64243e-05
-1.62701e-05
-1.59773e-05
-1.55623e-05
-1.50433e-05
-1.44441e-05
-1.3796e-05
-1.31382e-05
-1.25365e-05
-1.20463e-05
-1.17019e-05
-1.15287e-05
-1.15161e-05
-1.16499e-05
-1.19383e-05
-7.72775e-06
-7.75208e-06
-7.76788e-06
-7.77789e-06
-7.78351e-06
-7.7846e-06
-7.78135e-06
-7.77434e-06
-7.76448e-06
-7.75303e-06
-7.7417e-06
-7.73292e-06
-7.73017e-06
-7.73856e-06
-7.76576e-06
-7.82322e-06
-7.92804e-06
-8.10522e-06
-8.39019e-06
-8.83035e-06
-9.48203e-06
-1.04057e-05
-1.15473e-05
-1.27328e-05
-1.38289e-05
-1.47709e-05
-1.55239e-05
-1.60761e-05
-1.64298e-05
-1.6596e-05
-1.65896e-05
-1.64271e-05
-1.61249e-05
-1.56988e-05
-1.5166e-05
-1.45485e-05
-1.38768e-05
-1.319e-05
-1.25432e-05
-1.20127e-05
-1.16298e-05
-1.14229e-05
-1.13877e-05
-1.15134e-05
-1.18121e-05
-7.724e-06
-7.75074e-06
-7.76765e-06
-7.77767e-06
-7.78219e-06
-7.78095e-06
-7.77399e-06
-7.76187e-06
-7.74546e-06
-7.72603e-06
-7.70532e-06
-7.68581e-06
-7.67112e-06
-7.66657e-06
-7.6802e-06
-7.72413e-06
-7.81651e-06
-7.98401e-06
-8.26447e-06
-8.7091e-06
-9.37818e-06
-1.03351e-05
-1.15265e-05
-1.27622e-05
-1.39003e-05
-1.48728e-05
-1.56445e-05
-1.6205e-05
-1.65589e-05
-1.67194e-05
-1.67034e-05
-1.65284e-05
-1.62108e-05
-1.57664e-05
-1.52112e-05
-1.45664e-05
-1.38621e-05
-1.31385e-05
-1.24429e-05
-1.18637e-05
-1.14401e-05
-1.11967e-05
-1.11367e-05
-1.12523e-05
-1.15597e-05
-7.72845e-06
-7.75802e-06
-7.77624e-06
-7.78628e-06
-7.78958e-06
-7.78569e-06
-7.77458e-06
-7.75674e-06
-7.73307e-06
-7.70485e-06
-7.67387e-06
-7.6427e-06
-7.61507e-06
-7.59651e-06
-7.59543e-06
-7.62458e-06
-7.70317e-06
-7.85947e-06
-8.1335e-06
-8.58031e-06
-9.26391e-06
-1.02508e-05
-1.14876e-05
-1.27693e-05
-1.39459e-05
-1.49461e-05
-1.57343e-05
-1.63014e-05
-1.66539e-05
-1.68065e-05
-1.67775e-05
-1.65848e-05
-1.62449e-05
-1.5773e-05
-1.51851e-05
-1.45019e-05
-1.37531e-05
-1.2981e-05
-1.22354e-05
-1.15978e-05
-1.11242e-05
-1.08415e-05
-1.07542e-05
-1.0857e-05
-1.11714e-05
-7.74162e-06
-7.77448e-06
-7.79422e-06
-7.80427e-06
-7.80614e-06
-7.79921e-06
-7.78337e-06
-7.75913e-06
-7.72741e-06
-7.68957e-06
-7.64745e-06
-7.60371e-06
-7.56226e-06
-7.5288e-06
-7.51209e-06
-7.52549e-06
-7.58926e-06
-7.73296e-06
-7.99953e-06
-8.44659e-06
-9.1424e-06
-1.01567e-05
-1.14353e-05
-1.27597e-05
-1.39721e-05
-1.4998e-05
-1.58013e-05
-1.63738e-05
-1.67233e-05
-1.68658e-05
-1.68199e-05
-1.66037e-05
-1.62334e-05
-1.57241e-05
-1.50917e-05
-1.43573e-05
-1.35516e-05
-1.27184e-05
-1.19132e-05
-1.12106e-05
-1.06797e-05
-1.03521e-05
-1.02337e-05
-1.03202e-05
-1.06392e-05
-7.76415e-06
-7.80079e-06
-7.82223e-06
-7.83221e-06
-7.83233e-06
-7.82184e-06
-7.80058e-06
-7.76911e-06
-7.72847e-06
-7.68014e-06
-7.62603e-06
-7.56889e-06
-7.51287e-06
-7.4638e-06
-7.43075e-06
-7.42769e-06
-7.47577e-06
-7.60631e-06
-7.86422e-06
-8.31027e-06
-9.01656e-06
-1.0056e-05
-1.13736e-05
-1.27381e-05
-1.39841e-05
-1.50343e-05
-1.58516e-05
-1.64285e-05
-1.67734e-05
-1.6903e-05
-1.68358e-05
-1.65896e-05
-1.61802e-05
-1.56226e-05
-1.49331e-05
-1.41339e-05
-1.32575e-05
-1.23504e-05
-1.14742e-05
-1.06987e-05
-1.01034e-05
-9.72375e-06
-9.56984e-06
-9.63586e-06
-9.9568e-06
-7.79677e-06
-7.83772e-06
-7.86102e-06
-7.87073e-06
-7.86865e-06
-7.85389e-06
-7.82632e-06
-7.78666e-06
-7.73612e-06
-7.67636e-06
-7.60945e-06
-7.53824e-06
-7.46698e-06
-7.40176e-06
-7.35191e-06
-7.33191e-06
-7.36388e-06
-7.48067e-06
-7.7292e-06
-8.17335e-06
-8.8888e-06
-9.95157e-06
-1.13057e-05
-1.27082e-05
-1.39861e-05
-1.50592e-05
-1.58896e-05
-1.64696e-05
-1.68082e-05
-1.69218e-05
-1.68284e-05
-1.65452e-05
-1.60875e-05
-1.54701e-05
-1.47105e-05
-1.38327e-05
-1.28717e-05
-1.18773e-05
-1.09151e-05
-1.00617e-05
-9.39453e-06
-8.95298e-06
-8.75911e-06
-8.79921e-06
-9.12036e-06
-7.84037e-06
-7.8862e-06
-7.91142e-06
-7.92053e-06
-7.91557e-06
-7.89561e-06
-7.86065e-06
-7.81166e-06
-7.75013e-06
-7.67799e-06
-7.59739e-06
-7.51153e-06
-7.42458e-06
-7.34283e-06
-7.27593e-06
-7.23875e-06
-7.25443e-06
-7.35717e-06
-7.59589e-06
-8.03748e-06
-8.7611e-06
-9.8457e-06
-1.12344e-05
-1.26728e-05
-1.39811e-05
-1.50758e-05
-1.59182e-05
-1.65001e-05
-1.68302e-05
-1.69243e-05
-1.67996e-05
-1.64722e-05
-1.59566e-05
-1.5268e-05
-1.44252e-05
-1.34548e-05
-1.23952e-05
-1.13001e-05
-1.02397e-05
-9.29586e-06
-8.54867e-06
-8.04182e-06
-7.80092e-06
-7.80748e-06
-8.1274e-06
-7.89602e-06
-7.94729e-06
-7.9744e-06
-7.98236e-06
-7.97358e-06
-7.9472e-06
-7.9035e-06
-7.84385e-06
-7.77015e-06
-7.68457e-06
-7.5895e-06
-7.48843e-06
-7.38548e-06
-7.28705e-06
-7.20301e-06
-7.14874e-06
-7.14811e-06
-7.23674e-06
-7.46548e-06
-7.90408e-06
-8.63507e-06
-9.74018e-06
-1.11614e-05
-1.26341e-05
-1.39712e-05
-1.50864e-05
-1.59395e-05
-1.65218e-05
-1.6841e-05
-1.6912e-05
-1.67506e-05
-1.63715e-05
-1.57888e-05
-1.5018e-05
-1.40794e-05
-1.30028e-05
-1.18306e-05
-1.06214e-05
-9.45011e-06
-8.40383e-06
-7.56766e-06
-6.99014e-06
-6.69371e-06
-6.66587e-06
-6.97279e-06
-7.96505e-06
-8.02231e-06
-8.05108e-06
-8.05703e-06
-8.04315e-06
-8.00877e-06
-7.95468e-06
-7.88281e-06
-7.79562e-06
-7.69546e-06
-7.58531e-06
-7.46857e-06
-7.34943e-06
-7.23433e-06
-7.13332e-06
-7.06217e-06
-7.04546e-06
-7.12017e-06
-7.33891e-06
-7.77426e-06
-8.512e-06
-9.63644e-06
-1.10885e-05
-1.25936e-05
-1.39581e-05
-1.50924e-05
-1.59549e-05
-1.65357e-05
-1.68415e-05
-1.68855e-05
-1.66821e-05
-1.62445e-05
-1.55859e-05
-1.47223e-05
-1.36763e-05
-1.24807e-05
-1.11828e-05
-9.84603e-06
-8.55107e-06
-7.39023e-06
-6.45627e-06
-5.80144e-06
-5.44207e-06
-5.37818e-06
-5.65676e-06
-8.04907e-06
-8.11281e-06
-8.14275e-06
-8.14544e-06
-8.1247e-06
-8.08032e-06
-8.01382e-06
-7.92798e-06
-7.82579e-06
-7.71006e-06
-7.58419e-06
-7.45145e-06
-7.3161e-06
-7.18453e-06
-7.06688e-06
-6.97926e-06
-6.94689e-06
-7.00805e-06
-7.21695e-06
-7.64893e-06
-8.39292e-06
-9.5356e-06
-1.10168e-05
-1.25526e-05
-1.39428e-05
-1.50949e-05
-1.59652e-05
-1.65425e-05
-1.68321e-05
-1.68455e-05
-1.6595e-05
-1.60923e-05
-1.53499e-05
-1.43845e-05
-1.32205e-05
-1.18945e-05
-1.04585e-05
-8.98156e-06
-7.55012e-06
-6.2624e-06
-5.22104e-06
-4.48175e-06
-4.05495e-06
-3.95322e-06
-4.18288e-06
-8.15008e-06
-8.22066e-06
-8.25088e-06
-8.24849e-06
-8.21855e-06
-8.16165e-06
-8.08037e-06
-7.97862e-06
-7.85982e-06
-7.72765e-06
-7.58544e-06
-7.43653e-06
-7.28509e-06
-7.13742e-06
-7.00363e-06
-6.90014e-06
-6.8527e-06
-6.9008e-06
-7.10019e-06
-7.52877e-06
-8.27861e-06
-9.43851e-06
-1.09471e-05
-1.25119e-05
-1.39262e-05
-1.50944e-05
-1.59708e-05
-1.65427e-05
-1.68135e-05
-1.67925e-05
-1.64903e-05
-1.59168e-05
-1.50839e-05
-1.40087e-05
-1.2718e-05
-1.12519e-05
-9.66695e-06
-8.03813e-06
-6.45769e-06
-5.03028e-06
-3.86986e-06
-3.03757e-06
-2.53359e-06
-2.38366e-06
-2.56629e-06
-8.27053e-06
-8.3481e-06
-8.37714e-06
-8.36713e-06
-8.32492e-06
-8.25233e-06
-8.15362e-06
-8.0337e-06
-7.89687e-06
-7.74729e-06
-7.58831e-06
-7.42323e-06
-7.256e-06
-7.09274e-06
-6.94349e-06
-6.82485e-06
-6.76306e-06
-6.79873e-06
-6.98903e-06
-7.41432e-06
-8.16966e-06
-9.3458e-06
-1.08801e-05
-1.24722e-05
-1.39088e-05
-1.50915e-05
-1.59723e-05
-1.65366e-05
-1.67859e-05
-1.67273e-05
-1.63692e-05
-1.57202e-05
-1.47913e-05
-1.36004e-05
-1.21762e-05
-1.05622e-05
-8.81961e-06
-7.02854e-06
-5.28733e-06
-3.70739e-06
-2.41304e-06
-1.47814e-06
-8.85433e-07
-6.73296e-07
-8.06212e-07
-8.4135e-06
-8.49784e-06
-8.52341e-06
-8.50222e-06
-8.44375e-06
-8.35173e-06
-8.23258e-06
-8.09214e-06
-7.93586e-06
-7.76806e-06
-7.59209e-06
-7.41099e-06
-7.22843e-06
-7.05025e-06
-6.88633e-06
-6.75338e-06
-6.67807e-06
-6.70205e-06
-6.88377e-06
-7.30594e-06
-8.06649e-06
-9.25794e-06
-1.08164e-05
-1.24339e-05
-1.38911e-05
-1.50865e-05
-1.59698e-05
-1.65245e-05
-1.67498e-05
-1.66508e-05
-1.62335e-05
-1.55052e-05
-1.44764e-05
-1.31657e-05
-1.16035e-05
-9.83645e-06
-7.92959e-06
-5.96794e-06
-4.05579e-06
-2.31189e-06
-8.66172e-07
1.86529e-07
8.70108e-07
1.15757e-06
1.0935e-06
-8.58287e-06
-8.67312e-06
-8.69171e-06
-8.65448e-06
-8.57464e-06
-8.45898e-06
-8.31585e-06
-8.15267e-06
-7.97561e-06
-7.78902e-06
-7.59603e-06
-7.39929e-06
-7.20203e-06
-7.00971e-06
-6.83202e-06
-6.6857e-06
-6.59776e-06
-6.61086e-06
-6.78459e-06
-7.20385e-06
-7.96939e-06
-9.17525e-06
-1.07561e-05
-1.23973e-05
-1.38734e-05
-1.50797e-05
-1.59638e-05
-1.65069e-05
-1.67059e-05
-1.65639e-05
-1.60849e-05
-1.52748e-05
-1.41438e-05
-1.2711e-05
-1.10088e-05
-9.08622e-06
-7.0114e-06
-4.8733e-06
-2.78171e-06
-8.63284e-07
7.49535e-07
1.94428e-06
2.72259e-06
3.09683e-06
3.11213e-06
-8.78363e-06
-8.87783e-06
-8.8842e-06
-8.82432e-06
-8.71692e-06
-8.57264e-06
-8.40189e-06
-8.21385e-06
-8.01494e-06
-7.80927e-06
-7.5995e-06
-7.38768e-06
-7.17649e-06
-6.97094e-06
-6.78045e-06
-6.62175e-06
-6.52213e-06
-6.52519e-06
-6.69157e-06
-7.10818e-06
-7.8785e-06
-9.0979e-06
-1.06996e-05
-1.23627e-05
-1.38558e-05
-1.50713e-05
-1.59543e-05
-1.6484e-05
-1.66549e-05
-1.64679e-05
-1.59254e-05
-1.50321e-05
-1.37981e-05
-1.22433e-05
-1.04016e-05
-8.32379e-06
-6.08036e-06
-3.76287e-06
-1.48508e-06
6.19689e-07
2.41163e-06
3.76948e-06
4.65997e-06
5.13488e-06
5.24162e-06
-9.02233e-06
-9.11663e-06
-9.10299e-06
-9.01175e-06
-8.86944e-06
-8.69072e-06
-8.48889e-06
-8.27414e-06
-8.05267e-06
-7.82799e-06
-7.60194e-06
-7.3758e-06
-7.15159e-06
-6.9338e-06
-6.73153e-06
-6.56148e-06
-6.45115e-06
-6.44502e-06
-6.60469e-06
-7.01894e-06
-7.79387e-06
-9.02597e-06
-1.0647e-05
-1.23302e-05
-1.38386e-05
-1.50615e-05
-1.59418e-05
-1.64563e-05
-1.65975e-05
-1.63641e-05
-1.57571e-05
-1.47803e-05
-1.34442e-05
-1.17694e-05
-9.791e-06
-7.56141e-06
-5.15213e-06
-2.65582e-06
-1.88288e-07
2.11242e-06
4.0981e-06
5.63646e-06
6.6639e-06
7.25611e-06
7.47442e-06
-9.30786e-06
-9.39499e-06
-9.34991e-06
-9.21621e-06
-9.03004e-06
-8.81096e-06
-8.57487e-06
-8.33197e-06
-8.08771e-06
-7.84445e-06
-7.60291e-06
-7.3634e-06
-7.12718e-06
-6.89819e-06
-6.68519e-06
-6.50481e-06
-6.38475e-06
-6.3703e-06
-6.52391e-06
-6.93609e-06
-7.71547e-06
-8.95946e-06
-1.05983e-05
-1.22998e-05
-1.38218e-05
-1.50506e-05
-1.59266e-05
-1.64244e-05
-1.65346e-05
-1.62539e-05
-1.55822e-05
-1.45228e-05
-1.30867e-05
-1.12956e-05
-9.18591e-06
-6.81084e-06
-4.24204e-06
-1.57159e-06
1.08499e-06
3.58737e-06
5.7792e-06
7.51738e-06
8.71537e-06
9.44456e-06
9.8023e-06
-9.65261e-06
-9.7192e-06
-9.62633e-06
-9.43603e-06
-9.19587e-06
-8.93072e-06
-8.65767e-06
-8.38586e-06
-8.11913e-06
-7.85812e-06
-7.60212e-06
-7.35034e-06
-7.10321e-06
-6.86409e-06
-6.64139e-06
-6.45171e-06
-6.32284e-06
-6.3009e-06
-6.44908e-06
-6.85949e-06
-7.64317e-06
-8.89828e-06
-1.05535e-05
-1.22717e-05
-1.38056e-05
-1.50386e-05
-1.59089e-05
-1.63888e-05
-1.6467e-05
-1.61387e-05
-1.54027e-05
-1.42626e-05
-1.27299e-05
-1.08279e-05
-8.59436e-06
-6.08291e-06
-3.36451e-06
-5.29066e-07
2.31075e-06
5.01574e-06
7.42407e-06
9.38109e-06
1.07835e-05
1.16815e-05
1.222e-05
-1.00743e-05
-1.00961e-05
-9.93242e-06
-9.66816e-06
-9.36343e-06
-9.04706e-06
-8.73519e-06
-8.43454e-06
-8.14623e-06
-7.86867e-06
-7.59946e-06
-7.33659e-06
-7.07967e-06
-6.83149e-06
-6.60013e-06
-6.4021e-06
-6.26534e-06
-6.23669e-06
-6.38005e-06
-6.78896e-06
-7.57679e-06
-8.84227e-06
-1.05125e-05
-1.22458e-05
-1.37901e-05
-1.50259e-05
-1.5889e-05
-1.635e-05
-1.63956e-05
-1.60197e-05
-1.52207e-05
-1.40024e-05
-1.23777e-05
-1.03717e-05
-8.02338e-06
-5.3871e-06
-2.53247e-06
4.54157e-07
3.46547e-06
6.36753e-06
8.99806e-06
1.11935e-05
1.28292e-05
1.39414e-05
1.47248e-05
-1.0598e-05
-1.05323e-05
-1.02653e-05
-9.90855e-06
-9.52836e-06
-9.15684e-06
-8.80558e-06
-8.47702e-06
-8.16859e-06
-7.87598e-06
-7.59495e-06
-7.32225e-06
-7.05666e-06
-6.80044e-06
-6.56139e-06
-6.35593e-06
-6.21213e-06
-6.17752e-06
-6.3166e-06
-6.72427e-06
-7.5161e-06
-8.79122e-06
-1.04751e-05
-1.22221e-05
-1.37752e-05
-1.50124e-05
-1.58673e-05
-1.63086e-05
-1.63213e-05
-1.58984e-05
-1.50379e-05
-1.37448e-05
-1.20335e-05
-9.93114e-06
-7.47878e-06
-4.73127e-06
-1.7568e-06
1.3626e-06
4.52712e-06
7.61228e-06
1.04619e-05
1.29106e-05
1.48093e-05
1.61894e-05
1.73179e-05
-1.12599e-05
-1.103e-05
-1.06216e-05
-1.01501e-05
-9.68553e-06
-9.25702e-06
-8.86735e-06
-8.51273e-06
-8.1861e-06
-7.88017e-06
-7.58877e-06
-7.30747e-06
-7.0343e-06
-6.77102e-06
-6.52517e-06
-6.31314e-06
-6.16307e-06
-6.12318e-06
-6.25852e-06
-6.66518e-06
-7.46084e-06
-8.74491e-06
-1.04412e-05
-1.22004e-05
-1.3761e-05
-1.49984e-05
-1.58441e-05
-1.6265e-05
-1.62449e-05
-1.57758e-05
-1.48561e-05
-1.3492e-05
-1.17e-05
-9.51002e-06
-6.96524e-06
-4.12163e-06
-1.04624e-06
2.18335e-06
5.47601e-06
8.72029e-06
1.17731e-05
1.44786e-05
1.66675e-05
1.83739e-05
2.00011e-05
-1.21094e-05
-1.15828e-05
-1.09884e-05
-1.03842e-05
-9.82943e-06
-9.34486e-06
-8.91945e-06
-8.54148e-06
-8.19893e-06
-7.88148e-06
-7.58117e-06
-7.29245e-06
-7.01269e-06
-6.74324e-06
-6.49143e-06
-6.2736e-06
-6.118e-06
-6.07346e-06
-6.20552e-06
-6.61139e-06
-7.41072e-06
-8.70306e-06
-1.04106e-05
-1.21806e-05
-1.37474e-05
-1.49839e-05
-1.58196e-05
-1.62198e-05
-1.6167e-05
-1.5653e-05
-1.46767e-05
-1.32459e-05
-1.13798e-05
-9.11131e-06
-6.48651e-06
-3.56305e-06
-4.07595e-07
2.90599e-06
6.29516e-06
9.66338e-06
1.28871e-05
1.58334e-05
1.8324e-05
2.04127e-05
2.27623e-05
-1.31924e-05
-1.21794e-05
-1.13475e-05
-1.05997e-05
-9.95455e-06
-9.41825e-06
-8.96147e-06
-8.56353e-06
-8.20754e-06
-7.88038e-06
-7.57251e-06
-7.27745e-06
-6.992e-06
-6.71718e-06
-6.46012e-06
-6.23719e-06
-6.0767e-06
-6.02807e-06
-6.1573e-06
-6.56257e-06
-7.36542e-06
-8.66541e-06
-1.03831e-05
-1.21626e-05
-1.37344e-05
-1.49688e-05
-1.57938e-05
-1.6173e-05
-1.60881e-05
-1.55306e-05
-1.45004e-05
-1.30075e-05
-1.1074e-05
-8.73648e-06
-6.04436e-06
-3.05785e-06
1.55596e-07
3.52427e-06
6.97243e-06
1.04177e-05
1.37597e-05
1.69023e-05
1.9674e-05
2.21842e-05
2.55738e-05
-1.46086e-05
-1.28012e-05
-1.16736e-05
-1.07851e-05
-1.00573e-05
-9.47705e-06
-8.99456e-06
-8.58027e-06
-8.21319e-06
-7.87791e-06
-7.56363e-06
-7.26312e-06
-6.97272e-06
-6.69317e-06
-6.43148e-06
-6.204e-06
-6.03912e-06
-5.98683e-06
-6.11351e-06
-6.51827e-06
-7.32448e-06
-8.6316e-06
-1.03585e-05
-1.21466e-05
-1.37225e-05
-1.49541e-05
-1.57677e-05
-1.61257e-05
-1.60089e-05
-1.54092e-05
-1.43275e-05
-1.27763e-05
-1.07814e-05
-8.38305e-06
-5.63503e-06
-2.601e-06
6.49294e-07
4.04394e-06
7.51057e-06
1.09766e-05
1.43622e-05
1.76142e-05
2.05906e-05
2.35466e-05
2.84743e-05
-1.64731e-05
-1.34097e-05
-1.19297e-05
-1.09291e-05
-1.01382e-05
-9.52454e-06
-9.02203e-06
-8.59442e-06
-8.21793e-06
-7.87561e-06
-7.55572e-06
-7.25042e-06
-6.95569e-06
-6.67201e-06
-6.40623e-06
-6.1747e-06
-6.00583e-06
-5.95012e-06
-6.07431e-06
-6.47837e-06
-7.28753e-06
-8.60129e-06
-1.0337e-05
-1.21335e-05
-1.37132e-05
-1.49419e-05
-1.57443e-05
-1.60814e-05
-1.59334e-05
-1.52924e-05
-1.41611e-05
-1.25544e-05
-1.05019e-05
-8.04858e-06
-5.25275e-06
-2.18265e-06
1.08805e-06
4.48446e-06
7.93292e-06
1.13626e-05
1.47016e-05
1.79198e-05
2.09116e-05
2.4238e-05
3.13086e-05
-1.80426e-05
-1.37823e-05
-1.20497e-05
-1.10098e-05
-1.01917e-05
-9.55811e-06
-9.04167e-06
-8.60371e-06
-8.21944e-06
-7.87116e-06
-7.5465e-06
-7.2372e-06
-6.93891e-06
-6.6519e-06
-6.38291e-06
-6.14822e-06
-5.97624e-06
-5.91788e-06
-6.04009e-06
-6.44351e-06
-7.25504e-06
-8.57412e-06
-1.03171e-05
-1.21206e-05
-1.37036e-05
-1.49299e-05
-1.57223e-05
-1.60409e-05
-1.58654e-05
-1.51882e-05
-1.40135e-05
-1.23591e-05
-1.02583e-05
-7.76053e-06
-4.92896e-06
-1.83683e-06
1.43713e-06
4.81285e-06
8.21081e-06
1.15522e-05
1.4752e-05
1.77467e-05
2.03883e-05
2.33686e-05
3.10062e-05
)
;

boundaryField
{
    inlet
    {
        type            uniformJump;
        patchType       cyclic;
        jump            uniform -2.5e-05;
        value           nonuniform List<scalar> 
40
(
9.76023e-07
9.91103e-07
1.00764e-06
1.02533e-06
1.04582e-06
1.07072e-06
1.10223e-06
1.1435e-06
1.19851e-06
1.27143e-06
1.36529e-06
1.47771e-06
1.60628e-06
1.74496e-06
1.88013e-06
1.99388e-06
2.06633e-06
2.0737e-06
1.99628e-06
1.81651e-06
1.55776e-06
1.27829e-06
1.05666e-06
8.97606e-07
7.97154e-07
7.45683e-07
7.29678e-07
7.35773e-07
7.5342e-07
7.75434e-07
7.97478e-07
8.17279e-07
8.33891e-07
8.47142e-07
8.5727e-07
8.64693e-07
8.69885e-07
8.73305e-07
8.75386e-07
8.76504e-07
)
;
        jumpTable       table;
        jumpTableCoeffs
        {
            values          
4
(
(0 -2.5e-05)
(25 -2.5e-05)
(25.5 -0.0001)
(26 -2.5e-05)
)
;
        }
    }
    outlet
    {
        type            uniformJump;
        patchType       cyclic;
        value           nonuniform List<scalar> 
40
(
-2.4024e-05
-2.40089e-05
-2.39924e-05
-2.39747e-05
-2.39542e-05
-2.39293e-05
-2.38978e-05
-2.38565e-05
-2.38015e-05
-2.37286e-05
-2.36347e-05
-2.35223e-05
-2.33937e-05
-2.3255e-05
-2.31199e-05
-2.30061e-05
-2.29337e-05
-2.29263e-05
-2.30037e-05
-2.31835e-05
-2.34422e-05
-2.37217e-05
-2.39433e-05
-2.41024e-05
-2.42028e-05
-2.42543e-05
-2.42703e-05
-2.42642e-05
-2.42466e-05
-2.42246e-05
-2.42025e-05
-2.41827e-05
-2.41661e-05
-2.41529e-05
-2.41427e-05
-2.41353e-05
-2.41301e-05
-2.41267e-05
-2.41246e-05
-2.41235e-05
)
;
    }
    Walls
    {
        type            zeroGradient;
    }
    back
    {
        type            empty;
    }
    front
    {
        type            empty;
    }
}


// ************************************************************************* //
