/*--------------------------------*- C++ -*----------------------------------*\
| =========                 |                                                 |
| \\      /  F ield         | OpenFOAM: The Open Source CFD Toolbox           |
|  \\    /   O peration     | Version:  2312                                  |
|   \\  /    A nd           | Website:  www.openfoam.com                      |
|    \\/     M anipulation  |                                                 |
\*---------------------------------------------------------------------------*/
FoamFile
{
    version     2.0;
    format      ascii;
    arch        "LSB;label=32;scalar=64";
    class       volScalarField;
    location    "89.5";
    object      p;
}
// * * * * * * * * * * * * * * * * * * * * * * * * * * * * * * * * * * * * * //

dimensions      [0 2 -2 0 0 0 0];

internalField   nonuniform List<scalar> 
4800
(
8.63748e-14
-1.86577e-06
-3.4117e-06
-4.70749e-06
-5.8036e-06
-6.73879e-06
-7.54362e-06
-8.23954e-06
-8.85315e-06
-9.39767e-06
-9.88117e-06
-1.03103e-05
-1.06815e-05
-1.12239e-05
-1.28934e-05
2.1268e-08
-1.83996e-06
-3.38287e-06
-4.67698e-06
-5.77263e-06
-6.70857e-06
-7.51612e-06
-8.21645e-06
-8.83696e-06
-9.39207e-06
-9.89505e-06
-1.03665e-05
-1.08245e-05
-1.1378e-05
-1.22803e-05
4.40602e-08
-1.8123e-06
-3.35207e-06
-4.64453e-06
-5.73984e-06
-6.67663e-06
-7.48631e-06
-8.18992e-06
-8.81442e-06
-9.37747e-06
-9.89213e-06
-1.03799e-05
-1.08534e-05
-1.1325e-05
-1.17779e-05
6.7672e-08
-1.78318e-06
-3.3193e-06
-4.60962e-06
-5.70404e-06
-6.64098e-06
-7.45162e-06
-8.15791e-06
-8.78251e-06
-9.34696e-06
-9.86052e-06
-1.03349e-05
-1.07669e-05
-1.11285e-05
-1.13536e-05
9.39135e-08
-1.75041e-06
-3.28205e-06
-4.56945e-06
-5.66215e-06
-6.59817e-06
-7.40811e-06
-8.11458e-06
-8.73632e-06
-9.29331e-06
-9.79214e-06
-1.02328e-05
-1.06007e-05
-1.08599e-05
-1.09575e-05
1.24258e-07
-1.71237e-06
-3.23851e-06
-4.52197e-06
-5.61176e-06
-6.5453e-06
-7.35222e-06
-8.05444e-06
-8.66891e-06
-9.20964e-06
-9.68057e-06
-1.00746e-05
-1.03742e-05
-1.05518e-05
-1.05808e-05
1.60653e-07
-1.66704e-06
-3.18644e-06
-4.46457e-06
-5.54976e-06
-6.47852e-06
-7.27918e-06
-7.97217e-06
-8.5722e-06
-9.08862e-06
-9.52196e-06
-9.86402e-06
-1.01013e-05
-1.02205e-05
-1.0216e-05
2.06356e-07
-1.61107e-06
-3.12221e-06
-4.39317e-06
-5.47143e-06
-6.39229e-06
-7.18246e-06
-7.86063e-06
-8.43905e-06
-8.92408e-06
-9.31516e-06
-9.60706e-06
-9.7939e-06
-9.87485e-06
-9.85627e-06
2.66233e-07
-1.53939e-06
-3.04035e-06
-4.30176e-06
-5.37004e-06
-6.27912e-06
-7.05394e-06
-7.71153e-06
-8.26238e-06
-8.71202e-06
-9.06114e-06
-9.3098e-06
-9.45967e-06
-9.51821e-06
-9.49705e-06
3.46503e-07
-1.44523e-06
-2.93344e-06
-4.18219e-06
-5.23675e-06
-6.12962e-06
-6.88414e-06
-7.51618e-06
-8.03578e-06
-8.44928e-06
-8.76129e-06
-8.97635e-06
-9.10204e-06
-9.15023e-06
-9.1339e-06
4.53835e-07
-1.32067e-06
-2.79244e-06
-4.02452e-06
-5.06096e-06
-5.933e-06
-6.66286e-06
-7.26614e-06
-7.7538e-06
-8.13448e-06
-8.41617e-06
-8.60797e-06
-8.72062e-06
-8.76761e-06
-8.7614e-06
5.94192e-07
-1.15766e-06
-2.60767e-06
-3.8179e-06
-4.83127e-06
-5.67807e-06
-6.38012e-06
-6.95369e-06
-7.41155e-06
-7.76495e-06
-8.0249e-06
-8.20314e-06
-8.31191e-06
-8.36459e-06
-8.37252e-06
7.72106e-07
-9.48753e-07
-2.36956e-06
-3.55149e-06
-4.5365e-06
-5.35433e-06
-6.02705e-06
-6.57218e-06
-7.00452e-06
-7.33757e-06
-7.58428e-06
-7.75763e-06
-7.87001e-06
-7.93374e-06
-7.95869e-06
9.90125e-07
-6.87632e-07
-2.06915e-06
-3.21489e-06
-4.1661e-06
-4.95212e-06
-5.59555e-06
-6.11524e-06
-6.52756e-06
-6.84745e-06
-7.08864e-06
-7.2642e-06
-7.38588e-06
-7.46477e-06
-7.5095e-06
1.24724e-06
-3.70839e-07
-1.69959e-06
-2.79919e-06
-3.71059e-06
-4.46249e-06
-5.07758e-06
-5.57547e-06
-5.97334e-06
-6.28649e-06
-6.52853e-06
-6.71186e-06
-6.84725e-06
-6.94447e-06
-7.01101e-06
1.53907e-06
1.81061e-09
-1.25781e-06
-2.29911e-06
-3.1634e-06
-3.87821e-06
-4.46551e-06
-4.94464e-06
-5.33248e-06
-5.64377e-06
-5.89127e-06
-6.08629e-06
-6.23844e-06
-6.35619e-06
-6.44609e-06
1.85871e-06
4.2853e-07
-7.44208e-07
-1.71369e-06
-2.52218e-06
-3.19522e-06
-3.75346e-06
-4.21497e-06
-4.59521e-06
-4.90745e-06
-5.16307e-06
-5.37202e-06
-5.54268e-06
-5.68234e-06
-5.79668e-06
2.19309e-06
9.02724e-07
-1.61962e-07
-1.0471e-06
-1.79042e-06
-2.41466e-06
-2.9396e-06
-3.3816e-06
-3.75373e-06
-4.06698e-06
-4.33089e-06
-4.55394e-06
-4.74329e-06
-4.90511e-06
-5.04428e-06
2.5293e-06
1.41251e-06
4.75735e-07
-3.14742e-07
-9.82484e-07
-1.54922e-06
-2.03412e-06
-2.45153e-06
-2.81167e-06
-3.12273e-06
-3.39213e-06
-3.6267e-06
-3.83239e-06
-4.01431e-06
-4.17668e-06
2.84222e-06
1.91557e-06
1.13038e-06
4.53921e-07
-1.26025e-07
-6.26292e-07
-1.06352e-06
-1.44941e-06
-1.79136e-06
-2.09499e-06
-2.36552e-06
-2.60799e-06
-2.82698e-06
-3.02647e-06
-3.20992e-06
3.11792e-06
2.37438e-06
1.73694e-06
1.18275e-06
6.97398e-07
2.67857e-07
-1.17065e-07
-4.65269e-07
-7.81914e-07
-1.07085e-06
-1.33564e-06
-1.57974e-06
-1.80642e-06
-2.01859e-06
-2.21887e-06
3.32539e-06
2.73797e-06
2.22704e-06
1.77551e-06
1.37048e-06
1.00286e-06
6.65879e-07
3.54495e-07
6.50552e-08
-2.05237e-07
-4.58887e-07
-6.98285e-07
-9.25737e-07
-1.14331e-06
-1.35297e-06
3.49371e-06
3.02272e-06
2.6045e-06
2.22681e-06
1.88038e-06
1.55903e-06
1.25836e-06
9.7503e-07
7.06425e-07
4.50485e-07
2.05362e-07
-3.06531e-08
-2.59213e-07
-4.81778e-07
-6.99773e-07
3.62626e-06
3.2379e-06
2.88499e-06
2.55951e-06
2.25518e-06
1.9677e-06
1.69399e-06
1.43169e-06
1.17885e-06
9.33874e-07
6.95304e-07
4.61866e-07
2.32353e-07
5.71749e-09
-2.19086e-07
3.7312e-06
3.39994e-06
3.0927e-06
2.80415e-06
2.52988e-06
2.26682e-06
2.01265e-06
1.76554e-06
1.5239e-06
1.2864e-06
1.05189e-06
8.194e-07
5.88005e-07
3.56932e-07
1.25364e-07
3.81462e-06
3.52222e-06
3.24646e-06
2.98351e-06
2.73006e-06
2.48381e-06
2.24286e-06
2.00568e-06
1.77092e-06
1.53749e-06
1.30445e-06
1.07103e-06
8.36515e-07
6.00296e-07
3.61725e-07
3.88005e-06
3.61383e-06
3.35938e-06
3.11367e-06
2.87408e-06
2.63875e-06
2.4061e-06
2.17476e-06
1.94359e-06
1.71166e-06
1.47819e-06
1.24255e-06
1.00411e-06
7.62396e-07
5.16857e-07
3.93044e-06
3.68182e-06
3.4416e-06
3.20722e-06
2.97654e-06
2.74801e-06
2.52021e-06
2.29192e-06
2.06214e-06
1.83006e-06
1.59497e-06
1.35633e-06
1.11358e-06
8.6631e-07
6.14044e-07
3.96868e-06
3.73203e-06
3.50129e-06
3.27428e-06
3.04923e-06
2.82477e-06
2.59959e-06
2.37257e-06
2.1428e-06
1.90955e-06
1.67218e-06
1.43016e-06
1.18301e-06
9.30359e-07
6.71787e-07
3.99759e-06
3.76928e-06
3.54494e-06
3.32277e-06
3.10129e-06
2.87919e-06
2.65524e-06
2.42841e-06
2.19786e-06
1.9629e-06
1.72293e-06
1.47747e-06
1.22606e-06
9.68368e-07
7.04018e-07
4.01966e-06
3.7974e-06
3.57754e-06
3.35866e-06
3.13948e-06
2.91871e-06
2.69517e-06
2.46793e-06
2.2362e-06
1.99932e-06
1.75672e-06
1.50795e-06
1.25256e-06
9.90273e-07
7.2072e-07
4.03692e-06
3.81928e-06
3.60271e-06
3.38623e-06
3.16859e-06
2.94854e-06
2.72499e-06
2.49706e-06
2.26401e-06
2.02521e-06
1.7801e-06
1.52825e-06
1.26925e-06
1.00282e-06
7.28633e-07
4.05089e-06
3.83695e-06
3.62298e-06
3.40836e-06
3.19183e-06
2.97219e-06
2.74843e-06
2.51974e-06
2.28538e-06
2.04476e-06
1.79734e-06
1.5427e-06
1.28046e-06
1.01034e-06
7.32038e-07
4.06261e-06
3.85179e-06
3.64e-06
3.42692e-06
3.21125e-06
2.99187e-06
2.76786e-06
2.53841e-06
2.30284e-06
2.06056e-06
1.81107e-06
1.55394e-06
1.2888e-06
1.01541e-06
7.3347e-07
4.07274e-06
3.86465e-06
3.65479e-06
3.44304e-06
3.2281e-06
3.00894e-06
2.78467e-06
2.55454e-06
2.31789e-06
2.07414e-06
1.82279e-06
1.56346e-06
1.29577e-06
1.01948e-06
7.34315e-07
4.08168e-06
3.87603e-06
3.66792e-06
3.45737e-06
3.24308e-06
3.02412e-06
2.79965e-06
2.56894e-06
2.33133e-06
2.08629e-06
1.83332e-06
1.57204e-06
1.30209e-06
1.02325e-06
7.35235e-07
4.08965e-06
3.88622e-06
3.6797e-06
3.47023e-06
3.25656e-06
3.03781e-06
2.81318e-06
2.58197e-06
2.34355e-06
2.09738e-06
1.84299e-06
1.58001e-06
1.30809e-06
1.027e-06
7.36474e-07
4.09689e-06
3.8955e-06
3.69045e-06
3.48197e-06
3.26888e-06
3.05035e-06
2.82561e-06
2.59398e-06
2.35486e-06
2.10771e-06
1.85209e-06
1.58761e-06
1.31394e-06
1.03086e-06
7.38107e-07
4.10387e-06
3.90446e-06
3.70084e-06
3.49333e-06
3.28083e-06
3.06254e-06
2.83774e-06
2.60575e-06
2.36599e-06
2.11795e-06
1.86118e-06
1.59531e-06
1.32001e-06
1.03507e-06
7.40229e-07
4.11035e-06
3.91287e-06
3.71065e-06
3.50412e-06
3.29223e-06
3.07424e-06
2.84942e-06
2.61715e-06
2.37683e-06
2.12797e-06
1.87013e-06
1.60295e-06
1.32612e-06
1.03943e-06
7.42612e-07
-1.4372e-05
-1.21787e-05
-1.08148e-05
-9.89254e-06
-9.14149e-06
-8.55103e-06
-8.07861e-06
-7.69789e-06
-7.39343e-06
-7.15526e-06
-6.97722e-06
-6.85627e-06
-6.79193e-06
-6.78688e-06
-6.84873e-06
-6.98911e-06
-7.22471e-06
-7.58429e-06
-8.10513e-06
-8.83044e-06
-9.80127e-06
-1.10303e-05
-1.23368e-05
-1.3396e-05
-1.4036e-05
-1.4202e-05
-1.38909e-05
-1.3122e-05
-1.19212e-05
-1.03203e-05
-8.35604e-06
-6.07068e-06
-3.51235e-06
-7.35114e-07
2.20178e-06
5.23517e-06
8.29894e-06
1.1324e-05
1.42357e-05
1.69468e-05
1.93409e-05
2.1261e-05
2.23577e-05
2.23201e-05
2.00144e-05
-1.27282e-05
-1.16143e-05
-1.05886e-05
-9.76946e-06
-9.06509e-06
-8.49098e-06
-8.02485e-06
-7.64699e-06
-7.34444e-06
-7.10833e-06
-6.93284e-06
-6.81512e-06
-6.75475e-06
-6.75453e-06
-6.82219e-06
-6.96925e-06
-7.2121e-06
-7.57937e-06
-8.10777e-06
-8.83908e-06
-9.8126e-06
-1.1039e-05
-1.23373e-05
-1.33864e-05
-1.4017e-05
-1.41748e-05
-1.38571e-05
-1.30832e-05
-1.18791e-05
-1.0277e-05
-8.31455e-06
-6.03554e-06
-3.49011e-06
-7.34842e-07
2.1678e-06
5.15023e-06
8.13996e-06
1.10582e-05
1.38145e-05
1.62947e-05
1.83322e-05
1.96612e-05
1.97655e-05
1.78685e-05
1.29565e-05
-1.18583e-05
-1.11678e-05
-1.03541e-05
-9.62559e-06
-8.97289e-06
-8.42187e-06
-7.96552e-06
-7.59228e-06
-7.2928e-06
-7.05933e-06
-6.88681e-06
-6.77272e-06
-6.71679e-06
-6.72192e-06
-6.79606e-06
-6.95053e-06
-7.20139e-06
-7.57712e-06
-8.1137e-06
-8.85124e-06
-9.82695e-06
-1.10491e-05
-1.23368e-05
-1.33729e-05
-1.39916e-05
-1.41393e-05
-1.38141e-05
-1.30352e-05
-1.18289e-05
-1.02279e-05
-8.27131e-06
-6.00489e-06
-3.48137e-06
-7.60619e-07
2.09064e-06
4.99913e-06
7.88437e-06
1.06559e-05
1.32062e-05
1.53959e-05
1.70232e-05
1.77865e-05
1.72039e-05
1.47117e-05
1.0161e-05
-1.12883e-05
-1.07916e-05
-1.01405e-05
-9.48548e-06
-8.88193e-06
-8.35592e-06
-7.91018e-06
-7.54176e-06
-7.2448e-06
-7.01335e-06
-6.8432e-06
-6.73227e-06
-6.68047e-06
-6.69085e-06
-6.77156e-06
-6.93372e-06
-7.19292e-06
-7.57751e-06
-8.12266e-06
-8.86652e-06
-9.84399e-06
-1.10606e-05
-1.2335e-05
-1.33552e-05
-1.39588e-05
-1.40933e-05
-1.37577e-05
-1.29717e-05
-1.17619e-05
-1.01622e-05
-8.21369e-06
-5.96464e-06
-3.47122e-06
-7.97479e-07
1.98465e-06
4.7952e-06
7.5449e-06
1.01318e-05
1.24339e-05
1.4297e-05
1.5515e-05
1.58155e-05
1.48605e-05
1.23733e-05
8.56795e-06
-1.08375e-05
-1.04546e-05
-9.92663e-06
-9.3562e-06
-8.79971e-06
-8.29889e-06
-7.86394e-06
-7.50013e-06
-7.20501e-06
-6.97465e-06
-6.80594e-06
-6.6974e-06
-6.64921e-06
-6.66454e-06
-6.75181e-06
-6.9218e-06
-7.18951e-06
-7.58316e-06
-8.13696e-06
-8.88674e-06
-9.86481e-06
-1.10735e-05
-1.23314e-05
-1.33322e-05
-1.39176e-05
-1.40364e-05
-1.36885e-05
-1.28948e-05
-1.16825e-05
-1.00871e-05
-8.1518e-06
-5.92827e-06
-3.47659e-06
-8.65588e-07
1.82714e-06
4.51482e-06
7.10013e-06
9.47232e-06
1.1502e-05
1.30353e-05
1.38884e-05
1.38576e-05
1.27574e-05
1.05212e-05
7.39739e-06
-1.04514e-05
-1.01479e-05
-9.71331e-06
-9.22417e-06
-8.72365e-06
-8.24963e-06
-7.8289e-06
-7.47109e-06
-7.1778e-06
-6.94783e-06
-6.7796e-06
-6.67254e-06
-6.62719e-06
-6.64693e-06
-6.74049e-06
-6.91819e-06
-7.19429e-06
-7.59687e-06
-8.15898e-06
-8.91367e-06
-9.8904e-06
-1.1088e-05
-1.23248e-05
-1.33019e-05
-1.38656e-05
-1.39661e-05
-1.36047e-05
-1.28035e-05
-1.1591e-05
-1.00045e-05
-8.09013e-06
-5.90302e-06
-3.50769e-06
-9.77951e-07
1.60305e-06
4.14261e-06
6.53774e-06
8.67388e-06
1.04236e-05
1.16478e-05
1.22029e-05
1.19619e-05
1.08556e-05
8.93451e-06
6.4388e-06
-1.00957e-05
-9.85314e-06
-9.50177e-06
-9.08408e-06
-8.63904e-06
-8.20333e-06
-7.80362e-06
-7.45571e-06
-7.16607e-06
-6.93689e-06
-6.76876e-06
-6.66244e-06
-6.61914e-06
-6.64254e-06
-6.74186e-06
-6.92681e-06
-7.2107e-06
-7.62165e-06
-8.19117e-06
-8.94906e-06
-9.92159e-06
-1.11036e-05
-1.23139e-05
-1.32619e-05
-1.37997e-05
-1.3879e-05
-1.35028e-05
-1.2695e-05
-1.14858e-05
-9.91457e-06
-8.03075e-06
-5.89344e-06
-3.57159e-06
-1.14377e-06
1.30224e-06
3.66987e-06
5.85425e-06
7.74339e-06
9.22103e-06
1.01735e-05
1.05027e-05
1.01477e-05
9.11271e-06
7.49506e-06
5.49802e-06
-9.75153e-06
-9.55729e-06
-9.27576e-06
-8.92785e-06
-8.54301e-06
-8.15246e-06
-7.78221e-06
-7.45086e-06
-7.16932e-06
-6.94347e-06
-6.77652e-06
-6.67113e-06
-6.62956e-06
-6.65604e-06
-6.76051e-06
-6.952e-06
-7.24258e-06
-7.66079e-06
-8.2362e-06
-8.9946e-06
-9.95896e-06
-1.11197e-05
-1.22965e-05
-1.32092e-05
-1.37162e-05
-1.37713e-05
-1.33794e-05
-1.25667e-05
-1.13656e-05
-9.81808e-06
-7.97706e-06
-5.90555e-06
-3.67666e-06
-1.37282e-06
9.15411e-07
3.09067e-06
5.05095e-06
6.69328e-06
7.91958e-06
8.64605e-06
8.81612e-06
8.41596e-06
7.4881e-06
6.13745e-06
4.52367e-06
-9.40993e-06
-9.25566e-06
-9.0326e-06
-8.75006e-06
-8.42713e-06
-8.08784e-06
-7.75551e-06
-7.44929e-06
-7.18292e-06
-6.9655e-06
-6.80299e-06
-6.70039e-06
-6.66137e-06
-6.69104e-06
-6.80043e-06
-6.99761e-06
-7.29347e-06
-7.71735e-06
-8.29638e-06
-9.05154e-06
-1.00024e-05
-1.11347e-05
-1.22696e-05
-1.31396e-05
-1.36107e-05
-1.36385e-05
-1.32308e-05
-1.24165e-05
-1.12304e-05
-9.7176e-06
-7.93438e-06
-5.94729e-06
-3.83271e-06
-1.67523e-06
4.34461e-07
2.40202e-06
4.13316e-06
5.53897e-06
6.54303e-06
7.09023e-06
7.15636e-06
6.75603e-06
5.94619e-06
4.82208e-06
3.50525e-06
-9.06559e-06
-8.94588e-06
-8.77249e-06
-8.54885e-06
-8.28611e-06
-8.00143e-06
-7.71397e-06
-7.44152e-06
-7.19878e-06
-6.997e-06
-6.84446e-06
-6.74853e-06
-6.71445e-06
-6.7486e-06
-6.86347e-06
-7.06575e-06
-7.36516e-06
-7.79315e-06
-8.37288e-06
-9.11982e-06
-1.00506e-05
-1.11458e-05
-1.2229e-05
-1.30482e-05
-1.34779e-05
-1.34764e-05
-1.30542e-05
-1.22435e-05
-1.10819e-05
-9.61765e-06
-7.91007e-06
-6.02822e-06
-4.05019e-06
-2.06039e-06
-1.46372e-07
1.60447e-06
3.10949e-06
4.29662e-06
5.11097e-06
5.52124e-06
5.52499e-06
5.1509e-06
4.45656e-06
3.5218e-06
2.43806e-06
-8.71309e-06
-8.62469e-06
-8.49457e-06
-8.32344e-06
-8.11735e-06
-7.88782e-06
-7.64961e-06
-7.41798e-06
-7.20706e-06
-7.02892e-06
-6.89339e-06
-6.80979e-06
-6.78475e-06
-6.8261e-06
-6.94791e-06
-7.1548e-06
-7.45634e-06
-7.88723e-06
-8.46429e-06
-9.197e-06
-1.00999e-05
-1.11481e-05
-1.2169e-05
-1.29291e-05
-1.33128e-05
-1.32809e-05
-1.28477e-05
-1.20488e-05
-1.09242e-05
-9.52535e-06
-7.91376e-06
-6.15927e-06
-4.33956e-06
-2.53613e-06
-8.29971e-07
7.01798e-07
1.99048e-06
2.98114e-06
3.63751e-06
3.94571e-06
3.91579e-06
3.58119e-06
2.99319e-06
2.21587e-06
1.31792e-06
-8.3455e-06
-8.28674e-06
-8.19558e-06
-8.07174e-06
-7.91827e-06
-7.74264e-06
-7.55566e-06
-7.36967e-06
-7.1973e-06
-7.05033e-06
-6.93924e-06
-6.87459e-06
-6.86383e-06
-6.91691e-06
-7.04807e-06
-7.25728e-06
-7.56114e-06
-7.99515e-06
-8.56577e-06
-9.27706e-06
-1.01435e-05
-1.11346e-05
-1.20826e-05
-1.27761e-05
-1.31104e-05
-1.30499e-05
-1.26124e-05
-1.18364e-05
-1.07644e-05
-9.45083e-06
-7.95738e-06
-6.35222e-06
-4.71044e-06
-3.1079e-06
-1.61608e-06
-2.99597e-07
7.87271e-07
1.60489e-06
2.13146e-06
2.36428e-06
2.31921e-06
2.02773e-06
1.53382e-06
8.87248e-07
1.39498e-07
-7.95411e-06
-7.92431e-06
-7.86942e-06
-7.78892e-06
-7.68434e-06
-7.56042e-06
-7.42488e-06
-7.28731e-06
-7.15841e-06
-7.04886e-06
-6.96907e-06
-6.92998e-06
-6.9392e-06
-7.01016e-06
-7.1514e-06
-7.36441e-06
-7.67218e-06
-8.10747e-06
-8.66691e-06
-9.35002e-06
-1.01716e-05
-1.10959e-05
-1.19623e-05
-1.25835e-05
-1.28677e-05
-1.27838e-05
-1.23529e-05
-1.16146e-05
-1.06137e-05
-9.40721e-06
-8.0545e-06
-6.61887e-06
-5.17069e-06
-3.77819e-06
-2.50126e-06
-1.39128e-06
-4.8923e-07
1.77565e-07
5.97297e-07
7.73427e-07
7.2278e-07
4.73039e-07
5.99201e-08
-4.78394e-07
-1.10349e-06
-7.52874e-06
-7.52766e-06
-7.50711e-06
-7.46691e-06
-7.40794e-06
-7.33322e-06
-7.24818e-06
-7.16012e-06
-7.07775e-06
-7.01031e-06
-6.96746e-06
-6.95963e-06
-6.99521e-06
-7.0872e-06
-7.24252e-06
-7.465e-06
-7.77811e-06
-8.20783e-06
-8.75035e-06
-9.40121e-06
-1.01713e-05
-1.10212e-05
-1.18007e-05
-1.23479e-05
-1.25846e-05
-1.24873e-05
-1.20785e-05
-1.13959e-05
-1.04866e-05
-9.40997e-06
-8.21902e-06
-6.96938e-06
-5.72541e-06
-4.54615e-06
-3.47913e-06
-2.5633e-06
-1.82856e-06
-1.29317e-06
-9.62748e-07
-8.31371e-07
-8.83521e-07
-1.09641e-06
-1.4418e-06
-1.89147e-06
-2.41659e-06
-7.05522e-06
-7.083e-06
-7.09586e-06
-7.09391e-06
-7.07778e-06
-7.04966e-06
-7.01348e-06
-6.9747e-06
-6.94022e-06
-6.91782e-06
-6.91601e-06
-6.94398e-06
-7.01049e-06
-7.12543e-06
-7.30017e-06
-7.5373e-06
-7.85662e-06
-8.27607e-06
-8.79706e-06
-9.41377e-06
-1.01279e-05
-1.08989e-05
-1.1592e-05
-1.20692e-05
-1.22659e-05
-1.21699e-05
-1.1803e-05
-1.11954e-05
-1.03994e-05
-9.47647e-06
-8.46313e-06
-7.40989e-06
-6.37571e-06
-5.40751e-06
-4.54088e-06
-3.80475e-06
-3.2208e-06
-2.80103e-06
-2.54755e-06
-2.45399e-06
-2.50734e-06
-2.68997e-06
-2.98175e-06
-3.3602e-06
-3.80414e-06
-6.51633e-06
-6.57333e-06
-6.61899e-06
-6.65374e-06
-6.67833e-06
-6.69448e-06
-6.70516e-06
-6.71447e-06
-6.72773e-06
-6.75145e-06
-6.79297e-06
-6.86009e-06
-6.96069e-06
-7.10404e-06
-7.29965e-06
-7.55386e-06
-7.87928e-06
-8.29038e-06
-8.78871e-06
-9.36837e-06
-1.00249e-05
-1.07182e-05
-1.1332e-05
-1.17497e-05
-1.19206e-05
-1.18468e-05
-1.1543e-05
-1.10275e-05
-1.03736e-05
-9.62338e-06
-8.79306e-06
-7.94167e-06
-7.11842e-06
-6.35459e-06
-5.67582e-06
-5.10444e-06
-4.6566e-06
-4.34029e-06
-4.15591e-06
-4.09798e-06
-4.1565e-06
-4.31842e-06
-4.56876e-06
-4.89129e-06
-5.27038e-06
-5.89371e-06
-5.9801e-06
-6.058e-06
-6.12818e-06
-6.1916e-06
-6.24971e-06
-6.30487e-06
-6.36042e-06
-6.42036e-06
-6.48978e-06
-6.57511e-06
-6.68324e-06
-6.82063e-06
-6.99496e-06
-7.21427e-06
-7.48613e-06
-7.81904e-06
-8.22305e-06
-8.69974e-06
-9.24355e-06
-9.84569e-06
-1.04704e-05
-1.10203e-05
-1.13948e-05
-1.15622e-05
-1.15361e-05
-1.13115e-05
-1.09146e-05
-1.04261e-05
-9.85276e-06
-9.21305e-06
-8.56625e-06
-7.94861e-06
-7.378e-06
-6.87328e-06
-6.45265e-06
-6.12852e-06
-5.90632e-06
-5.78595e-06
-5.76354e-06
-5.83228e-06
-5.98306e-06
-6.20507e-06
-6.48681e-06
-6.81643e-06
-5.16848e-06
-5.2842e-06
-5.39359e-06
-5.49776e-06
-5.59799e-06
-5.69585e-06
-5.79335e-06
-5.89296e-06
-5.99787e-06
-6.11221e-06
-6.24071e-06
-6.38988e-06
-6.56493e-06
-6.77161e-06
-7.01683e-06
-7.30739e-06
-7.64947e-06
-8.0493e-06
-8.50816e-06
-9.02195e-06
-9.57885e-06
-1.01511e-05
-1.06584e-05
-1.10166e-05
-1.1211e-05
-1.1249e-05
-1.11244e-05
-1.08825e-05
-1.05564e-05
-1.01548e-05
-9.71796e-06
-9.27852e-06
-8.85662e-06
-8.46631e-06
-8.1234e-06
-7.84248e-06
-7.63282e-06
-7.49828e-06
-7.43907e-06
-7.45299e-06
-7.53608e-06
-7.6829e-06
-7.88687e-06
-8.1408e-06
-8.43595e-06
-4.32688e-06
-4.47091e-06
-4.61054e-06
-4.7468e-06
-4.88112e-06
-5.01517e-06
-5.15116e-06
-5.29157e-06
-5.43879e-06
-5.59641e-06
-5.76739e-06
-5.95739e-06
-6.17022e-06
-6.41043e-06
-6.68353e-06
-6.99494e-06
-7.34931e-06
-7.75023e-06
-8.19942e-06
-8.69281e-06
-9.22056e-06
-9.76271e-06
-1.02519e-05
-1.06272e-05
-1.08756e-05
-1.09974e-05
-1.10049e-05
-1.09189e-05
-1.0752e-05
-1.05356e-05
-1.02999e-05
-1.00577e-05
-9.8194e-06
-9.59874e-06
-9.40929e-06
-9.26151e-06
-9.16185e-06
-9.11361e-06
-9.11778e-06
-9.17351e-06
-9.27852e-06
-9.42912e-06
-9.62144e-06
-9.85221e-06
-1.01245e-05
-3.384e-06
-3.55395e-06
-3.72135e-06
-3.88733e-06
-4.05329e-06
-4.22063e-06
-4.39069e-06
-4.56528e-06
-4.74752e-06
-4.9413e-06
-5.15173e-06
-5.37921e-06
-5.62644e-06
-5.89843e-06
-6.19973e-06
-6.53401e-06
-6.90475e-06
-7.31459e-06
-7.7649e-06
-8.25342e-06
-8.77349e-06
-9.31248e-06
-9.81786e-06
-1.02363e-05
-1.05584e-05
-1.07913e-05
-1.09365e-05
-1.10019e-05
-1.10123e-05
-1.09892e-05
-1.09422e-05
-1.08788e-05
-1.08106e-05
-1.07496e-05
-1.07053e-05
-1.06842e-05
-1.0691e-05
-1.07292e-05
-1.08006e-05
-1.09062e-05
-1.10454e-05
-1.12172e-05
-1.1419e-05
-1.16458e-05
-1.18862e-05
-2.41286e-06
-2.60493e-06
-2.79635e-06
-2.98837e-06
-3.18257e-06
-3.38091e-06
-3.58557e-06
-3.79616e-06
-4.01366e-06
-4.24038e-06
-4.48507e-06
-4.74717e-06
-5.02827e-06
-5.33233e-06
-5.66288e-06
-6.02275e-06
-6.41472e-06
-6.84104e-06
-7.30328e-06
-7.80076e-06
-8.33035e-06
-8.88593e-06
-9.42544e-06
-9.90373e-06
-1.03123e-05
-1.06506e-05
-1.09208e-05
-1.11351e-05
-1.13073e-05
-1.14446e-05
-1.15526e-05
-1.164e-05
-1.17168e-05
-1.17911e-05
-1.18688e-05
-1.19548e-05
-1.20531e-05
-1.2167e-05
-1.22988e-05
-1.24494e-05
-1.26191e-05
-1.28071e-05
-1.30128e-05
-1.32362e-05
-1.34778e-05
-1.55948e-06
-1.76683e-06
-1.97604e-06
-2.18773e-06
-2.40319e-06
-2.62361e-06
-2.85021e-06
-3.08731e-06
-3.33878e-06
-3.60666e-06
-3.88462e-06
-4.17676e-06
-4.48833e-06
-4.82204e-06
-5.18005e-06
-5.56496e-06
-5.97941e-06
-6.42571e-06
-6.90557e-06
-7.41984e-06
-7.96797e-06
-8.54762e-06
-9.12455e-06
-9.65655e-06
-1.01326e-05
-1.05543e-05
-1.09263e-05
-1.12537e-05
-1.15404e-05
-1.17917e-05
-1.20144e-05
-1.2216e-05
-1.24028e-05
-1.25801e-05
-1.27522e-05
-1.2923e-05
-1.30959e-05
-1.32737e-05
-1.34585e-05
-1.36518e-05
-1.38547e-05
-1.4068e-05
-1.42917e-05
-1.45256e-05
-1.47672e-05
-9.16943e-07
-1.13677e-06
-1.36038e-06
-1.58859e-06
-1.82293e-06
-2.06513e-06
-2.31656e-06
-2.57904e-06
-2.85358e-06
-3.14053e-06
-3.44018e-06
-3.75604e-06
-4.0913e-06
-4.44777e-06
-4.82741e-06
-5.23264e-06
-5.6659e-06
-6.12938e-06
-6.62505e-06
-7.15451e-06
-7.71854e-06
-8.3171e-06
-8.92032e-06
-9.48855e-06
-1.00122e-05
-1.0493e-05
-1.09321e-05
-1.13308e-05
-1.16926e-05
-1.20229e-05
-1.23272e-05
-1.26101e-05
-1.28756e-05
-1.31275e-05
-1.3369e-05
-1.36033e-05
-1.38331e-05
-1.40606e-05
-1.42878e-05
-1.45163e-05
-1.47472e-05
-1.49812e-05
-1.52183e-05
-1.54585e-05
-1.57014e-05
-4.45157e-07
-6.75649e-07
-9.11766e-07
-1.15445e-06
-1.40481e-06
-1.66396e-06
-1.93335e-06
-2.21302e-06
-2.50493e-06
-2.80953e-06
-3.12895e-06
-3.4653e-06
-3.82029e-06
-4.19559e-06
-4.59315e-06
-5.01507e-06
-5.46348e-06
-5.94045e-06
-6.448e-06
-6.98794e-06
-7.56174e-06
-8.17022e-06
-8.78701e-06
-9.37617e-06
-9.92827e-06
-1.04434e-05
-1.0922e-05
-1.13659e-05
-1.17785e-05
-1.21634e-05
-1.25239e-05
-1.2863e-05
-1.31835e-05
-1.34883e-05
-1.37798e-05
-1.40604e-05
-1.43321e-05
-1.4597e-05
-1.48565e-05
-1.51119e-05
-1.53642e-05
-1.56141e-05
-1.58622e-05
-1.6109e-05
-1.6355e-05
-1.09309e-07
-3.49874e-07
-5.97422e-07
-8.52669e-07
-1.11648e-06
-1.38989e-06
-1.67378e-06
-1.9697e-06
-2.27752e-06
-2.5989e-06
-2.93542e-06
-3.28837e-06
-3.65917e-06
-4.04939e-06
-4.46074e-06
-4.89501e-06
-5.35403e-06
-5.83969e-06
-6.35386e-06
-6.89831e-06
-7.47466e-06
-8.08409e-06
-8.70333e-06
-9.29972e-06
-9.86409e-06
-1.03966e-05
-1.08982e-05
-1.13706e-05
-1.18158e-05
-1.2236e-05
-1.26334e-05
-1.301e-05
-1.33681e-05
-1.37096e-05
-1.40363e-05
-1.435e-05
-1.46523e-05
-1.49447e-05
-1.52284e-05
-1.55043e-05
-1.57735e-05
-1.60367e-05
-1.62948e-05
-1.65482e-05
-1.67975e-05
1.18613e-07
-1.31465e-07
-3.89529e-07
-6.56276e-07
-9.3246e-07
-1.21883e-06
-1.51607e-06
-1.82517e-06
-2.1469e-06
-2.48229e-06
-2.83239e-06
-3.19833e-06
-3.58137e-06
-3.98282e-06
-4.4041e-06
-4.84669e-06
-5.31215e-06
-5.8021e-06
-6.31818e-06
-6.86196e-06
-7.43498e-06
-8.03845e-06
-8.65169e-06
-9.24561e-06
-9.81218e-06
-1.03518e-05
-1.08651e-05
-1.13532e-05
-1.18173e-05
-1.22589e-05
-1.26796e-05
-1.30807e-05
-1.34638e-05
-1.38303e-05
-1.41815e-05
-1.45186e-05
-1.48429e-05
-1.51554e-05
-1.54571e-05
-1.5749e-05
-1.60316e-05
-1.63055e-05
-1.65717e-05
-1.68313e-05
-1.70841e-05
2.65635e-07
6.62363e-09
-2.61121e-07
-5.38314e-07
-8.25348e-07
-1.12285e-06
-1.43144e-06
-1.75205e-06
-2.08533e-06
-2.43198e-06
-2.7929e-06
-3.16902e-06
-3.56136e-06
-3.97098e-06
-4.39903e-06
-4.8467e-06
-5.31529e-06
-5.80611e-06
-6.32054e-06
-6.85989e-06
-7.42551e-06
-8.01841e-06
-8.62042e-06
-9.20621e-06
-9.76881e-06
-1.03084e-05
-1.08254e-05
-1.13204e-05
-1.17943e-05
-1.22481e-05
-1.26828e-05
-1.30994e-05
-1.34988e-05
-1.3882e-05
-1.42499e-05
-1.46033e-05
-1.49433e-05
-1.52705e-05
-1.55857e-05
-1.58896e-05
-1.61828e-05
-1.64657e-05
-1.67389e-05
-1.70037e-05
-1.72599e-05
3.55185e-07
8.79046e-08
-1.88599e-07
-4.749e-07
-7.7145e-07
-1.07844e-06
-1.39681e-06
-1.72713e-06
-2.06989e-06
-2.42567e-06
-2.79519e-06
-3.17918e-06
-3.57844e-06
-3.9938e-06
-4.42616e-06
-4.87647e-06
-5.34576e-06
-5.83504e-06
-6.34546e-06
-6.87802e-06
-7.43386e-06
-8.01374e-06
-8.60185e-06
-9.17641e-06
-9.7313e-06
-1.02665e-05
-1.07821e-05
-1.12786e-05
-1.17566e-05
-1.22166e-05
-1.26592e-05
-1.30851e-05
-1.34948e-05
-1.3889e-05
-1.42683e-05
-1.46332e-05
-1.49843e-05
-1.53223e-05
-1.56475e-05
-1.59606e-05
-1.6262e-05
-1.65525e-05
-1.68319e-05
-1.71013e-05
-1.73608e-05
4.05933e-07
1.31199e-07
-1.53175e-07
-4.47367e-07
-7.51916e-07
-1.0673e-06
-1.39405e-06
-1.73247e-06
-2.08301e-06
-2.44616e-06
-2.82247e-06
-3.21248e-06
-3.6168e-06
-4.03607e-06
-4.47099e-06
-4.92225e-06
-5.39064e-06
-5.87694e-06
-6.38202e-06
-6.90663e-06
-7.45168e-06
-8.01767e-06
-8.59094e-06
-9.15294e-06
-9.69827e-06
-1.02267e-05
-1.07382e-05
-1.12331e-05
-1.17116e-05
-1.21741e-05
-1.26208e-05
-1.3052e-05
-1.34682e-05
-1.38696e-05
-1.42566e-05
-1.46295e-05
-1.49887e-05
-1.53345e-05
-1.56674e-05
-1.59876e-05
-1.62955e-05
-1.65916e-05
-1.68767e-05
-1.71504e-05
-1.74135e-05
4.31842e-07
1.50493e-07
-1.40711e-07
-4.41945e-07
-7.53512e-07
-1.07602e-06
-1.40974e-06
-1.7549e-06
-2.11186e-06
-2.48098e-06
-2.86266e-06
-3.25731e-06
-3.66536e-06
-4.08729e-06
-4.52358e-06
-4.97475e-06
-5.44137e-06
-5.92396e-06
-6.42319e-06
-6.93954e-06
-7.47374e-06
-8.02599e-06
-8.58462e-06
-9.13395e-06
-9.66917e-06
-1.01899e-05
-1.0696e-05
-1.11876e-05
-1.16647e-05
-1.21275e-05
-1.25759e-05
-1.30101e-05
-1.34303e-05
-1.38364e-05
-1.42287e-05
-1.46073e-05
-1.49724e-05
-1.53242e-05
-1.56629e-05
-1.59888e-05
-1.63021e-05
-1.66032e-05
-1.68926e-05
-1.71704e-05
-1.74369e-05
4.42902e-07
1.55707e-07
-1.41415e-07
-4.48756e-07
-7.66512e-07
-1.09507e-06
-1.43468e-06
-1.7855e-06
-2.14779e-06
-2.52181e-06
-2.90782e-06
-3.30612e-06
-3.71699e-06
-4.14075e-06
-4.57772e-06
-5.02823e-06
-5.49267e-06
-5.97137e-06
-6.46475e-06
-6.97311e-06
-7.49696e-06
-8.03627e-06
-8.58112e-06
-9.11836e-06
-9.64371e-06
-1.01566e-05
-1.0657e-05
-1.11446e-05
-1.16194e-05
-1.20813e-05
-1.25302e-05
-1.29659e-05
-1.33884e-05
-1.37977e-05
-1.41937e-05
-1.45765e-05
-1.4946e-05
-1.53024e-05
-1.56457e-05
-1.59762e-05
-1.6294e-05
-1.65992e-05
-1.68924e-05
-1.71738e-05
-1.74436e-05
4.4583e-07
1.53498e-07
-1.48835e-07
-4.61541e-07
-7.8461e-07
-1.11834e-06
-1.46299e-06
-1.81863e-06
-2.18543e-06
-2.56354e-06
-2.95314e-06
-3.35439e-06
-3.76747e-06
-4.19254e-06
-4.62981e-06
-5.07943e-06
-5.54161e-06
-6.01652e-06
-6.5044e-06
-7.00532e-06
-7.51964e-06
-8.04711e-06
-8.57936e-06
-9.10547e-06
-9.6216e-06
-1.01271e-05
-1.06218e-05
-1.11054e-05
-1.15776e-05
-1.20381e-05
-1.24866e-05
-1.2923e-05
-1.33471e-05
-1.37585e-05
-1.41573e-05
-1.45432e-05
-1.49162e-05
-1.52762e-05
-1.56233e-05
-1.59575e-05
-1.62789e-05
-1.65877e-05
-1.68842e-05
-1.71689e-05
-1.74417e-05
4.44835e-07
1.47985e-07
-1.58975e-07
-4.76384e-07
-8.04049e-07
-1.14222e-06
-1.49124e-06
-1.85104e-06
-2.2217e-06
-2.6033e-06
-2.99593e-06
-3.39966e-06
-3.81454e-06
-4.24064e-06
-4.67801e-06
-5.12668e-06
-5.58672e-06
-6.05813e-06
-6.54098e-06
-7.03518e-06
-7.54091e-06
-8.05773e-06
-8.57867e-06
-9.09474e-06
-9.60251e-06
-1.01013e-05
-1.05907e-05
-1.10704e-05
-1.15399e-05
-1.19989e-05
-1.24469e-05
-1.28836e-05
-1.33086e-05
-1.37217e-05
-1.41225e-05
-1.45109e-05
-1.48866e-05
-1.52496e-05
-1.55998e-05
-1.59371e-05
-1.62617e-05
-1.65736e-05
-1.68728e-05
-1.71604e-05
-1.74359e-05
4.42377e-07
1.41541e-07
-1.69469e-07
-4.91073e-07
-8.22738e-07
-1.16475e-06
-1.51761e-06
-1.88104e-06
-2.25506e-06
-2.6397e-06
-3.03495e-06
-3.44081e-06
-3.85723e-06
-4.28417e-06
-4.72158e-06
-5.16936e-06
-5.62745e-06
-6.0957e-06
-6.57406e-06
-7.06227e-06
-7.56036e-06
-8.06772e-06
-8.57862e-06
-9.08576e-06
-9.58606e-06
-1.00788e-05
-1.05635e-05
-1.10397e-05
-1.15067e-05
-1.19642e-05
-1.24115e-05
-1.28483e-05
-1.3274e-05
-1.36884e-05
-1.40909e-05
-1.44813e-05
-1.48594e-05
-1.52248e-05
-1.55776e-05
-1.59176e-05
-1.62448e-05
-1.65592e-05
-1.68611e-05
-1.71511e-05
-1.74291e-05
4.39774e-07
1.35412e-07
-1.79275e-07
-5.04442e-07
-8.3959e-07
-1.18502e-06
-1.54129e-06
-1.90792e-06
-2.2849e-06
-2.67221e-06
-3.06978e-06
-3.47751e-06
-3.89528e-06
-4.32296e-06
-4.76039e-06
-5.20738e-06
-5.66374e-06
-6.12921e-06
-6.6036e-06
-7.08652e-06
-7.57787e-06
-8.07689e-06
-8.57892e-06
-9.07816e-06
-9.57188e-06
-1.00593e-05
-1.05398e-05
-1.10128e-05
-1.14777e-05
-1.19337e-05
-1.23805e-05
-1.28173e-05
-1.32436e-05
-1.3659e-05
-1.4063e-05
-1.44551e-05
-1.48352e-05
-1.52027e-05
-1.55577e-05
-1.59e-05
-1.62296e-05
-1.65461e-05
-1.68504e-05
-1.71425e-05
-1.74226e-05
4.37642e-07
1.30141e-07
-1.87902e-07
-5.1599e-07
-8.54237e-07
-1.20281e-06
-1.56207e-06
-1.93153e-06
-2.31114e-06
-2.70082e-06
-3.10044e-06
-3.50983e-06
-3.92882e-06
-4.35716e-06
-4.79463e-06
-5.24094e-06
-5.69579e-06
-6.15883e-06
-6.62974e-06
-7.10802e-06
-7.59345e-06
-8.08513e-06
-8.57937e-06
-9.07168e-06
-9.55963e-06
-1.00424e-05
-1.05192e-05
-1.09895e-05
-1.14524e-05
-1.19073e-05
-1.23535e-05
-1.27904e-05
-1.32172e-05
-1.36335e-05
-1.40388e-05
-1.44324e-05
-1.48142e-05
-1.51836e-05
-1.55406e-05
-1.58848e-05
-1.62164e-05
-1.65348e-05
-1.68412e-05
-1.71352e-05
-1.74171e-05
4.36188e-07
1.25913e-07
-1.95e-07
-5.25777e-07
-8.66736e-07
-1.21811e-06
-1.57999e-06
-1.95196e-06
-2.3339e-06
-2.72568e-06
-3.12713e-06
-3.53801e-06
-3.95807e-06
-4.38703e-06
-4.82456e-06
-5.2703e-06
-5.72385e-06
-6.18478e-06
-6.65267e-06
-7.12692e-06
-7.60717e-06
-8.09245e-06
-8.57986e-06
-9.06611e-06
-9.54904e-06
-1.00277e-05
-1.05014e-05
-1.09693e-05
-1.14306e-05
-1.18845e-05
-1.23303e-05
-1.27672e-05
-1.31945e-05
-1.36117e-05
-1.4018e-05
-1.44131e-05
-1.47963e-05
-1.51674e-05
-1.55261e-05
-1.58721e-05
-1.62054e-05
-1.65255e-05
-1.68337e-05
-1.71293e-05
-1.74127e-05
4.35421e-07
1.22671e-07
-2.00708e-07
-5.33962e-07
-8.77337e-07
-1.23119e-06
-1.5954e-06
-1.96959e-06
-2.35361e-06
-2.74727e-06
-3.15035e-06
-3.56258e-06
-3.98363e-06
-4.41315e-06
-4.85077e-06
-5.29603e-06
-5.74848e-06
-6.2076e-06
-6.67286e-06
-7.14359e-06
-7.61932e-06
-8.09895e-06
-8.58033e-06
-9.06122e-06
-9.53974e-06
-1.00149e-05
-1.04858e-05
-1.09517e-05
-1.14115e-05
-1.18646e-05
-1.23101e-05
-1.27471e-05
-1.31749e-05
-1.35928e-05
-1.40002e-05
-1.43965e-05
-1.47811e-05
-1.51537e-05
-1.55139e-05
-1.58615e-05
-1.61963e-05
-1.6518e-05
-1.68276e-05
-1.71247e-05
-1.74094e-05
4.35281e-07
1.20193e-07
-2.055e-07
-5.41056e-07
-8.8674e-07
-1.24289e-06
-1.60931e-06
-1.9856e-06
-2.37159e-06
-2.76703e-06
-3.17167e-06
-3.58517e-06
-4.00716e-06
-4.43725e-06
-4.87496e-06
-5.31981e-06
-5.77128e-06
-6.22875e-06
-6.69161e-06
-7.1591e-06
-7.63065e-06
-8.10504e-06
-8.58077e-06
-9.05667e-06
-9.5311e-06
-1.0003e-05
-1.04714e-05
-1.09354e-05
-1.1394e-05
-1.18464e-05
-1.22915e-05
-1.27287e-05
-1.3157e-05
-1.35757e-05
-1.39841e-05
-1.43816e-05
-1.47675e-05
-1.51415e-05
-1.55032e-05
-1.58522e-05
-1.61886e-05
-1.65117e-05
-1.68226e-05
-1.71211e-05
-1.74069e-05
4.35567e-07
1.18344e-07
-2.09657e-07
-5.47522e-07
-8.95492e-07
-1.25389e-06
-1.62248e-06
-2.00083e-06
-2.38874e-06
-2.78594e-06
-3.1921e-06
-3.60686e-06
-4.0298e-06
-4.46044e-06
-4.89827e-06
-5.34273e-06
-5.79318e-06
-6.24893e-06
-6.70936e-06
-7.17363e-06
-7.64113e-06
-8.11056e-06
-8.58116e-06
-9.05259e-06
-9.52326e-06
-9.99209e-06
-1.04581e-05
-1.09203e-05
-1.13778e-05
-1.18294e-05
-1.22744e-05
-1.27117e-05
-1.31405e-05
-1.356e-05
-1.39694e-05
-1.4368e-05
-1.47553e-05
-1.51306e-05
-1.54936e-05
-1.58441e-05
-1.61818e-05
-1.65062e-05
-1.68184e-05
-1.71181e-05
-1.74052e-05
8.71495e-07
-5.41132e-06
-6.70613e-06
-7.4807e-06
-8.38574e-06
-9.39351e-06
-1.04901e-05
-1.167e-05
-1.29331e-05
-1.42849e-05
-1.57359e-05
-1.73001e-05
-1.8997e-05
-2.08546e-05
-2.29029e-05
2.76184e-06
-2.86256e-06
-5.25083e-06
-6.7224e-06
-7.97659e-06
-9.15864e-06
-1.03488e-05
-1.15832e-05
-1.28795e-05
-1.42517e-05
-1.57149e-05
-1.72856e-05
-1.8985e-05
-2.08419e-05
-2.28867e-05
3.82778e-06
-1.23349e-06
-4.15899e-06
-6.06418e-06
-7.58488e-06
-8.9259e-06
-1.02084e-05
-1.14978e-05
-1.28275e-05
-1.42201e-05
-1.56952e-05
-1.72721e-05
-1.89734e-05
-2.0829e-05
-2.28696e-05
4.05996e-06
-2.63892e-07
-3.31794e-06
-5.48831e-06
-7.21217e-06
-8.69622e-06
-1.00699e-05
-1.14151e-05
-1.27788e-05
-1.41918e-05
-1.56784e-05
-1.72608e-05
-1.89633e-05
-2.08167e-05
-2.28524e-05
3.91676e-06
4.31372e-07
-2.55219e-06
-4.89774e-06
-6.80233e-06
-8.43204e-06
-9.90797e-06
-1.1319e-05
-1.27235e-05
-1.41608e-05
-1.56608e-05
-1.72495e-05
-1.89531e-05
-2.08039e-05
-2.28337e-05
3.69174e-06
8.23395e-07
-1.92355e-06
-4.31268e-06
-6.34897e-06
-8.11565e-06
-9.70305e-06
-1.11933e-05
-1.26498e-05
-1.41191e-05
-1.56374e-05
-1.72348e-05
-1.89407e-05
-2.07888e-05
-2.28121e-05
3.30899e-06
9.4202e-07
-1.49799e-06
-3.80614e-06
-5.89269e-06
-7.75939e-06
-9.45065e-06
-1.10267e-05
-1.25459e-05
-1.4057e-05
-1.56009e-05
-1.72117e-05
-1.89223e-05
-2.07689e-05
-2.27854e-05
2.75855e-06
8.0483e-07
-1.31283e-06
-3.4506e-06
-5.49759e-06
-7.40361e-06
-9.16829e-06
-1.08216e-05
-1.24064e-05
-1.39665e-05
-1.55433e-05
-1.71735e-05
-1.88929e-05
-2.074e-05
-2.27502e-05
2.06456e-06
4.45125e-07
-1.36942e-06
-3.29074e-06
-5.22475e-06
-7.10281e-06
-8.8935e-06
-1.05978e-05
-1.2238e-05
-1.38465e-05
-1.546e-05
-1.71141e-05
-1.88463e-05
-2.06966e-05
-2.27014e-05
1.24936e-06
-1.01018e-07
-1.64719e-06
-3.34068e-06
-5.11548e-06
-6.90756e-06
-8.672e-06
-1.03891e-05
-1.20615e-05
-1.37069e-05
-1.53534e-05
-1.70318e-05
-1.87786e-05
-2.06337e-05
-2.26333e-05
3.28638e-07
-8.03871e-07
-2.11922e-06
-3.59434e-06
-5.18892e-06
-6.85413e-06
-8.54567e-06
-1.02336e-05
-1.19063e-05
-1.35674e-05
-1.52346e-05
-1.69309e-05
-1.86898e-05
-2.05485e-05
-2.25408e-05
-6.8911e-07
-1.64337e-06
-2.76233e-06
-4.038e-06
-5.44917e-06
-6.96401e-06
-8.54689e-06
-1.01671e-05
-1.18052e-05
-1.34542e-05
-1.51222e-05
-1.68221e-05
-1.85851e-05
-2.04418e-05
-2.24207e-05
-1.80091e-06
-2.60799e-06
-3.56039e-06
-4.65851e-06
-5.89376e-06
-7.24871e-06
-8.69912e-06
-1.02198e-05
-1.17898e-05
-1.33962e-05
-1.50396e-05
-1.67235e-05
-1.84753e-05
-2.0317e-05
-2.22722e-05
-3.00646e-06
-3.69153e-06
-4.50302e-06
-5.44565e-06
-6.51839e-06
-7.71416e-06
-9.01937e-06
-1.04172e-05
-1.18895e-05
-1.34238e-05
-1.50118e-05
-1.66589e-05
-1.83755e-05
-2.01808e-05
-2.20981e-05
-4.30593e-06
-4.89006e-06
-5.58301e-06
-6.39127e-06
-7.31784e-06
-8.36225e-06
-9.519e-06
-1.07795e-05
-1.21314e-05
-1.35648e-05
-1.50701e-05
-1.66481e-05
-1.83026e-05
-2.00497e-05
-2.19059e-05
-5.7005e-06
-6.20138e-06
-6.79516e-06
-7.48853e-06
-8.28622e-06
-9.19115e-06
-1.02035e-05
-1.13205e-05
-1.2537e-05
-1.38455e-05
-1.52411e-05
-1.67192e-05
-1.8282e-05
-1.99396e-05
-2.17032e-05
-7.19009e-06
-7.62351e-06
-8.13508e-06
-8.73107e-06
-9.41667e-06
-1.0196e-05
-1.10723e-05
-1.20468e-05
-1.31191e-05
-1.42869e-05
-1.55462e-05
-1.68968e-05
-1.8334e-05
-1.98673e-05
-2.15055e-05
-8.76769e-06
-9.14813e-06
-9.59265e-06
-1.01072e-05
-1.06965e-05
-1.13646e-05
-1.21157e-05
-1.29532e-05
-1.38795e-05
-1.48961e-05
-1.60015e-05
-1.71974e-05
-1.84815e-05
-1.98535e-05
-2.13329e-05
-1.04245e-05
-1.07628e-05
-1.11525e-05
-1.15986e-05
-1.21045e-05
-1.2674e-05
-1.33108e-05
-1.40192e-05
-1.48023e-05
-1.56637e-05
-1.66042e-05
-1.76267e-05
-1.87324e-05
-1.99183e-05
-2.12024e-05
-1.21524e-05
-1.24526e-05
-1.27943e-05
-1.31795e-05
-1.36104e-05
-1.40898e-05
-1.46212e-05
-1.52077e-05
-1.58528e-05
-1.65597e-05
-1.73313e-05
-1.81697e-05
-1.90783e-05
-2.00554e-05
-2.1106e-05
-1.3735e-05
-1.40139e-05
-1.43217e-05
-1.46609e-05
-1.50329e-05
-1.54395e-05
-1.58828e-05
-1.63653e-05
-1.68896e-05
-1.74584e-05
-1.80743e-05
-1.87396e-05
-1.9457e-05
-2.02268e-05
-2.10519e-05
-1.50198e-05
-1.52877e-05
-1.55742e-05
-1.58807e-05
-1.62086e-05
-1.65593e-05
-1.69342e-05
-1.73348e-05
-1.77631e-05
-1.8221e-05
-1.87106e-05
-1.92341e-05
-1.97937e-05
-2.03913e-05
-2.10294e-05
-1.59498e-05
-1.6207e-05
-1.64756e-05
-1.67564e-05
-1.70506e-05
-1.73591e-05
-1.76828e-05
-1.80228e-05
-1.83805e-05
-1.87572e-05
-1.91549e-05
-1.95752e-05
-2.00204e-05
-2.04932e-05
-2.09963e-05
-1.66016e-05
-1.68519e-05
-1.71081e-05
-1.73709e-05
-1.7641e-05
-1.7919e-05
-1.82056e-05
-1.85018e-05
-1.88086e-05
-1.91271e-05
-1.94589e-05
-1.98057e-05
-2.01697e-05
-2.05536e-05
-2.09603e-05
-1.70439e-05
-1.72902e-05
-1.75382e-05
-1.77884e-05
-1.80412e-05
-1.82974e-05
-1.85576e-05
-1.88225e-05
-1.90931e-05
-1.93704e-05
-1.9656e-05
-1.99515e-05
-2.02591e-05
-2.05815e-05
-2.09217e-05
-1.73313e-05
-1.75755e-05
-1.78182e-05
-1.80598e-05
-1.83008e-05
-1.85419e-05
-1.87837e-05
-1.9027e-05
-1.92727e-05
-1.9522e-05
-1.97761e-05
-2.00368e-05
-2.03063e-05
-2.05874e-05
-2.0883e-05
-1.75087e-05
-1.77523e-05
-1.79921e-05
-1.82285e-05
-1.8462e-05
-1.86933e-05
-1.8923e-05
-1.9152e-05
-1.93813e-05
-1.96119e-05
-1.98453e-05
-2.00832e-05
-2.03277e-05
-2.05816e-05
-2.08474e-05
-1.76118e-05
-1.78561e-05
-1.80948e-05
-1.83285e-05
-1.85577e-05
-1.87831e-05
-1.90054e-05
-1.92254e-05
-1.94443e-05
-1.9663e-05
-1.98832e-05
-2.01064e-05
-2.03347e-05
-2.05708e-05
-2.0817e-05
-1.76671e-05
-1.7913e-05
-1.8152e-05
-1.83847e-05
-1.86119e-05
-1.88341e-05
-1.90521e-05
-1.92669e-05
-1.94794e-05
-1.96909e-05
-1.99028e-05
-2.01167e-05
-2.03346e-05
-2.05591e-05
-2.07922e-05
-1.76934e-05
-1.79412e-05
-1.81813e-05
-1.84143e-05
-1.86408e-05
-1.88617e-05
-1.90775e-05
-1.92894e-05
-1.94983e-05
-1.97055e-05
-1.99123e-05
-2.01204e-05
-2.03317e-05
-2.05484e-05
-2.07727e-05
-1.77029e-05
-1.79529e-05
-1.81945e-05
-1.84284e-05
-1.86553e-05
-1.88758e-05
-1.90908e-05
-1.93012e-05
-1.95082e-05
-1.97129e-05
-1.99167e-05
-2.01211e-05
-2.03281e-05
-2.05395e-05
-2.07574e-05
-1.77036e-05
-1.79558e-05
-1.81991e-05
-1.84342e-05
-1.86618e-05
-1.88826e-05
-1.90975e-05
-1.93074e-05
-1.95134e-05
-1.97167e-05
-1.99186e-05
-2.01206e-05
-2.03246e-05
-2.05321e-05
-2.07454e-05
-1.77002e-05
-1.79545e-05
-1.81995e-05
-1.84359e-05
-1.86644e-05
-1.88858e-05
-1.91009e-05
-1.93106e-05
-1.95162e-05
-1.97187e-05
-1.99194e-05
-2.01198e-05
-2.03215e-05
-2.05261e-05
-2.07357e-05
-1.76956e-05
-1.79517e-05
-1.81983e-05
-1.84359e-05
-1.86653e-05
-1.88873e-05
-1.91028e-05
-1.93126e-05
-1.9518e-05
-1.97199e-05
-1.99198e-05
-2.0119e-05
-2.0319e-05
-2.05212e-05
-2.07276e-05
-1.76909e-05
-1.79487e-05
-1.81967e-05
-1.84354e-05
-1.86657e-05
-1.88883e-05
-1.91041e-05
-1.93141e-05
-1.95193e-05
-1.97209e-05
-1.99202e-05
-2.01183e-05
-2.03168e-05
-2.05169e-05
-2.07206e-05
-1.76871e-05
-1.79463e-05
-1.81954e-05
-1.84352e-05
-1.86662e-05
-1.88893e-05
-1.91054e-05
-1.93155e-05
-1.95206e-05
-1.97219e-05
-1.99205e-05
-2.01177e-05
-2.03149e-05
-2.05132e-05
-2.07145e-05
-1.76841e-05
-1.79446e-05
-1.81947e-05
-1.84353e-05
-1.86669e-05
-1.88904e-05
-1.91068e-05
-1.9317e-05
-1.9522e-05
-1.97229e-05
-1.9921e-05
-2.01173e-05
-2.03133e-05
-2.051e-05
-2.07091e-05
-1.76821e-05
-1.79436e-05
-1.81946e-05
-1.84358e-05
-1.86679e-05
-1.88918e-05
-1.91084e-05
-1.93185e-05
-1.95234e-05
-1.9724e-05
-1.99215e-05
-2.01171e-05
-2.03119e-05
-2.05071e-05
-2.07042e-05
-1.76807e-05
-1.79433e-05
-1.81951e-05
-1.84369e-05
-1.86694e-05
-1.88935e-05
-1.91102e-05
-1.93203e-05
-1.9525e-05
-1.97252e-05
-1.99222e-05
-2.01169e-05
-2.03107e-05
-2.05044e-05
-2.06995e-05
-1.768e-05
-1.79434e-05
-1.81959e-05
-1.84382e-05
-1.8671e-05
-1.88954e-05
-1.91121e-05
-1.93221e-05
-1.95265e-05
-1.97264e-05
-1.99228e-05
-2.01168e-05
-2.03095e-05
-2.05019e-05
-2.06951e-05
-8.2382e-06
-8.24045e-06
-8.25101e-06
-8.26882e-06
-8.29301e-06
-8.32248e-06
-8.35698e-06
-8.39623e-06
-8.44e-06
-8.4881e-06
-8.54041e-06
-8.59677e-06
-8.65702e-06
-8.7209e-06
-8.78804e-06
-8.85793e-06
-8.92982e-06
-9.00265e-06
-9.0749e-06
-9.1444e-06
-9.20824e-06
-9.26268e-06
-9.30054e-06
-9.31338e-06
-9.29485e-06
-9.2393e-06
-9.14171e-06
-8.99895e-06
-8.81108e-06
-8.58143e-06
-8.31176e-06
-8.00868e-06
-7.69237e-06
-7.38055e-06
-7.09118e-06
-6.8409e-06
-6.64354e-06
-6.50837e-06
-6.43719e-06
-6.42383e-06
-6.45513e-06
-6.51333e-06
-6.57921e-06
-6.63343e-06
-6.65978e-06
-8.22216e-06
-8.22509e-06
-8.23394e-06
-8.24816e-06
-8.26711e-06
-8.29097e-06
-8.31933e-06
-8.35203e-06
-8.38892e-06
-8.42991e-06
-8.47491e-06
-8.52383e-06
-8.57655e-06
-8.63291e-06
-8.69268e-06
-8.7555e-06
-8.82083e-06
-8.88785e-06
-8.95528e-06
-9.02119e-06
-9.08274e-06
-9.13582e-06
-9.17261e-06
-9.18506e-06
-9.16757e-06
-9.11513e-06
-9.02352e-06
-8.89021e-06
-8.71476e-06
-8.49893e-06
-8.24862e-06
-7.9776e-06
-7.69768e-06
-7.4218e-06
-7.16571e-06
-6.94543e-06
-6.77363e-06
-6.65653e-06
-6.59357e-06
-6.5778e-06
-6.59744e-06
-6.63831e-06
-6.68647e-06
-6.73123e-06
-6.76601e-06
-8.19131e-06
-8.19669e-06
-8.20604e-06
-8.21975e-06
-8.23762e-06
-8.25956e-06
-8.28549e-06
-8.31536e-06
-8.34918e-06
-8.38692e-06
-8.42861e-06
-8.47426e-06
-8.52388e-06
-8.57748e-06
-8.63506e-06
-8.69661e-06
-8.76204e-06
-8.83119e-06
-8.90364e-06
-8.97854e-06
-9.0543e-06
-9.12782e-06
-9.19064e-06
-9.23259e-06
-9.2459e-06
-9.2233e-06
-9.1583e-06
-9.04651e-06
-8.88644e-06
-8.6799e-06
-8.43199e-06
-8.15456e-06
-7.86231e-06
-7.57153e-06
-7.29983e-06
-7.06391e-06
-6.87706e-06
-6.74692e-06
-6.67423e-06
-6.653e-06
-6.67197e-06
-6.71689e-06
-6.77339e-06
-6.8322e-06
-6.89228e-06
-8.14999e-06
-8.15782e-06
-8.16862e-06
-8.18251e-06
-8.19981e-06
-8.22059e-06
-8.2449e-06
-8.27287e-06
-8.30462e-06
-8.34028e-06
-8.38e-06
-8.42397e-06
-8.4724e-06
-8.52557e-06
-8.58387e-06
-8.64779e-06
-8.71803e-06
-8.79548e-06
-8.88116e-06
-8.97609e-06
-9.08085e-06
-9.19424e-06
-9.30616e-06
-9.40151e-06
-9.468e-06
-9.49412e-06
-9.46943e-06
-9.38743e-06
-9.2457e-06
-9.04638e-06
-8.79554e-06
-8.50428e-06
-8.18835e-06
-7.86605e-06
-7.55734e-06
-7.28178e-06
-7.05601e-06
-6.89127e-06
-6.79152e-06
-6.75303e-06
-6.76537e-06
-6.81341e-06
-6.88059e-06
-6.95666e-06
-7.0423e-06
-8.10315e-06
-8.11395e-06
-8.12595e-06
-8.14021e-06
-8.15737e-06
-8.17756e-06
-8.20098e-06
-8.22787e-06
-8.25851e-06
-8.29317e-06
-8.33218e-06
-8.37591e-06
-8.42485e-06
-8.47964e-06
-8.54113e-06
-8.61055e-06
-8.68961e-06
-8.78064e-06
-8.88669e-06
-9.01136e-06
-9.15828e-06
-9.32902e-06
-9.51108e-06
-9.68127e-06
-9.82043e-06
-9.91094e-06
-9.93763e-06
-9.89367e-06
-9.77662e-06
-9.58838e-06
-9.33402e-06
-9.02549e-06
-8.67829e-06
-8.3122e-06
-7.94969e-06
-7.6141e-06
-7.32709e-06
-7.10562e-06
-6.95916e-06
-6.88799e-06
-6.8833e-06
-6.92883e-06
-7.00471e-06
-7.09821e-06
-7.21028e-06
-8.05357e-06
-8.06699e-06
-8.08035e-06
-8.09523e-06
-8.11256e-06
-8.1326e-06
-8.15566e-06
-8.18212e-06
-8.21241e-06
-8.24696e-06
-8.28628e-06
-8.33098e-06
-8.38182e-06
-8.43985e-06
-8.50651e-06
-8.58384e-06
-8.67478e-06
-8.7834e-06
-8.91516e-06
-9.07681e-06
-9.27565e-06
-9.5167e-06
-9.78423e-06
-1.00438e-05
-1.02668e-05
-1.04289e-05
-1.05153e-05
-1.05176e-05
-1.04317e-05
-1.02612e-05
-1.00069e-05
-9.68146e-06
-9.30101e-06
-8.88591e-06
-8.46046e-06
-8.05172e-06
-7.68711e-06
-7.39086e-06
-7.17991e-06
-7.06053e-06
-7.02693e-06
-7.06214e-06
-7.14254e-06
-7.25222e-06
-7.39184e-06
-8.00358e-06
-8.01922e-06
-8.03382e-06
-8.04936e-06
-8.06701e-06
-8.08713e-06
-8.11015e-06
-8.13658e-06
-8.16699e-06
-8.20198e-06
-8.24225e-06
-8.28863e-06
-8.3422e-06
-8.40444e-06
-8.47739e-06
-8.56398e-06
-8.66845e-06
-8.79677e-06
-8.95706e-06
-9.15953e-06
-9.41542e-06
-9.73351e-06
-1.0094e-05
-1.04484e-05
-1.07579e-05
-1.09982e-05
-1.11539e-05
-1.12097e-05
-1.11584e-05
-1.09999e-05
-1.07471e-05
-1.04089e-05
-9.99964e-06
-9.5387e-06
-9.051e-06
-8.56631e-06
-8.11738e-06
-7.73604e-06
-7.44797e-06
-7.26726e-06
-7.19301e-06
-7.20885e-06
-7.28796e-06
-7.4111e-06
-7.5784e-06
-7.95474e-06
-7.9722e-06
-7.98787e-06
-8.00402e-06
-8.02202e-06
-8.04232e-06
-8.06543e-06
-8.092e-06
-8.12273e-06
-8.15839e-06
-8.19985e-06
-8.24818e-06
-8.30478e-06
-8.37152e-06
-8.45106e-06
-8.54721e-06
-8.6655e-06
-8.81382e-06
-9.00306e-06
-9.24698e-06
-9.56079e-06
-9.95714e-06
-1.04121e-05
-1.08628e-05
-1.1261e-05
-1.15773e-05
-1.17898e-05
-1.18863e-05
-1.18641e-05
-1.17256e-05
-1.14793e-05
-1.11344e-05
-1.0704e-05
-1.02062e-05
-9.66507e-06
-9.1116e-06
-8.58218e-06
-8.11528e-06
-7.74532e-06
-7.49532e-06
-7.37114e-06
-7.359e-06
-7.43022e-06
-7.56286e-06
-7.75639e-06
-7.90808e-06
-7.92701e-06
-7.94356e-06
-7.96023e-06
-7.97854e-06
-7.99899e-06
-8.02218e-06
-8.04888e-06
-8.07991e-06
-8.11619e-06
-8.15877e-06
-8.20894e-06
-8.26838e-06
-8.33936e-06
-8.42512e-06
-8.5303e-06
-8.66165e-06
-8.82889e-06
-9.04561e-06
-9.32919e-06
-9.69839e-06
-1.01694e-05
-1.07144e-05
-1.12549e-05
-1.17326e-05
-1.21128e-05
-1.2373e-05
-1.2504e-05
-1.25057e-05
-1.23821e-05
-1.21415e-05
-1.1793e-05
-1.13483e-05
-1.08239e-05
-1.02421e-05
-9.63334e-06
-9.03554e-06
-8.4916e-06
-8.04353e-06
-7.72309e-06
-7.54413e-06
-7.49749e-06
-7.55459e-06
-7.69194e-06
-7.90861e-06
-7.8642e-06
-7.88436e-06
-7.90163e-06
-7.91871e-06
-7.93723e-06
-7.95773e-06
-7.98087e-06
-8.00753e-06
-8.03864e-06
-8.07526e-06
-8.11861e-06
-8.17019e-06
-8.23194e-06
-8.30652e-06
-8.39765e-06
-8.51074e-06
-8.65369e-06
-8.83788e-06
-9.07942e-06
-9.39939e-06
-9.81924e-06
-1.03581e-05
-1.09849e-05
-1.16051e-05
-1.215e-05
-1.25815e-05
-1.28782e-05
-1.30331e-05
-1.30491e-05
-1.29327e-05
-1.26934e-05
-1.23404e-05
-1.18851e-05
-1.1342e-05
-1.07315e-05
-1.00824e-05
-9.43183e-06
-8.82482e-06
-8.30903e-06
-7.92328e-06
-7.68968e-06
-7.60514e-06
-7.64323e-06
-7.78043e-06
-8.01598e-06
-7.82346e-06
-7.84469e-06
-7.86257e-06
-7.87997e-06
-7.89858e-06
-7.91895e-06
-7.94183e-06
-7.96814e-06
-7.99896e-06
-8.03547e-06
-8.07904e-06
-8.13137e-06
-8.19465e-06
-8.27188e-06
-8.36723e-06
-8.48682e-06
-8.63955e-06
-8.83827e-06
-9.10135e-06
-9.45362e-06
-9.91784e-06
-1.05182e-05
-1.12163e-05
-1.19048e-05
-1.25041e-05
-1.29742e-05
-1.32948e-05
-1.34619e-05
-1.34814e-05
-1.33632e-05
-1.31182e-05
-1.27569e-05
-1.22904e-05
-1.17324e-05
-1.11015e-05
-1.04239e-05
-9.73504e-06
-9.07965e-06
-8.50984e-06
-8.06786e-06
-7.78354e-06
-7.6608e-06
-7.67682e-06
-7.80954e-06
-8.05926e-06
-7.78608e-06
-7.80836e-06
-7.82677e-06
-7.8444e-06
-7.86295e-06
-7.883e-06
-7.9053e-06
-7.93088e-06
-7.96091e-06
-7.99671e-06
-8.03979e-06
-8.09206e-06
-8.15594e-06
-8.23471e-06
-8.33302e-06
-8.45755e-06
-8.61813e-06
-8.82893e-06
-9.11005e-06
-9.48948e-06
-9.99287e-06
-1.06482e-05
-1.14079e-05
-1.21528e-05
-1.27946e-05
-1.32915e-05
-1.36246e-05
-1.37931e-05
-1.38062e-05
-1.36769e-05
-1.34182e-05
-1.30423e-05
-1.25611e-05
-1.19876e-05
-1.13394e-05
-1.06404e-05
-9.92331e-06
-9.23075e-06
-8.62029e-06
-8.13219e-06
-7.80283e-06
-7.64364e-06
-7.63625e-06
-7.76108e-06
-8.02055e-06
-7.75226e-06
-7.77565e-06
-7.79459e-06
-7.81236e-06
-7.8307e-06
-7.85016e-06
-7.87152e-06
-7.8959e-06
-7.92457e-06
-7.95895e-06
-8.00075e-06
-8.05203e-06
-8.11546e-06
-8.19464e-06
-8.29457e-06
-8.42254e-06
-8.58916e-06
-8.80982e-06
-9.1061e-06
-9.50696e-06
-1.00466e-05
-1.07493e-05
-1.1562e-05
-1.23528e-05
-1.30268e-05
-1.35406e-05
-1.38768e-05
-1.40377e-05
-1.40358e-05
-1.3887e-05
-1.36068e-05
-1.32092e-05
-1.27073e-05
-1.21145e-05
-1.14476e-05
-1.0729e-05
-9.98903e-06
-9.26605e-06
-8.62091e-06
-8.09641e-06
-7.72805e-06
-7.53516e-06
-7.50422e-06
-7.61871e-06
-7.88424e-06
-7.72223e-06
-7.74687e-06
-7.76637e-06
-7.78421e-06
-7.80217e-06
-7.82075e-06
-7.84077e-06
-7.86341e-06
-7.89005e-06
-7.92226e-06
-7.96189e-06
-8.01121e-06
-8.07314e-06
-8.15155e-06
-8.25186e-06
-8.38185e-06
-8.55289e-06
-8.78149e-06
-9.09067e-06
-9.51035e-06
-1.00812e-05
-1.08239e-05
-1.16823e-05
-1.25111e-05
-1.32091e-05
-1.37321e-05
-1.40641e-05
-1.42103e-05
-1.41864e-05
-1.4011e-05
-1.3702e-05
-1.32754e-05
-1.27457e-05
-1.21273e-05
-1.14367e-05
-1.06955e-05
-9.93202e-06
-9.18378e-06
-8.50348e-06
-7.94613e-06
-7.54425e-06
-7.32052e-06
-7.26637e-06
-7.36876e-06
-7.63759e-06
-7.6963e-06
-7.7224e-06
-7.74251e-06
-7.76037e-06
-7.77776e-06
-7.79513e-06
-7.81334e-06
-7.83364e-06
-7.85753e-06
-7.88673e-06
-7.92329e-06
-7.96967e-06
-8.02903e-06
-8.10557e-06
-8.20509e-06
-8.33587e-06
-8.50998e-06
-8.74492e-06
-9.06526e-06
-9.50257e-06
-1.00987e-05
-1.08763e-05
-1.17749e-05
-1.26352e-05
-1.33509e-05
-1.38772e-05
-1.41995e-05
-1.43258e-05
-1.42744e-05
-1.40665e-05
-1.37222e-05
-1.32595e-05
-1.26944e-05
-1.20425e-05
-1.13208e-05
-1.05508e-05
-9.75685e-06
-8.9816e-06
-8.2665e-06
-7.676e-06
-7.24254e-06
-6.98905e-06
-6.91164e-06
-7.00042e-06
-7.27059e-06
-7.67486e-06
-7.70269e-06
-7.72349e-06
-7.74129e-06
-7.75789e-06
-7.77368e-06
-7.78955e-06
-7.80685e-06
-7.82722e-06
-7.85255e-06
-7.88509e-06
-7.92755e-06
-7.98334e-06
-8.05699e-06
-8.15467e-06
-8.2852e-06
-8.46128e-06
-8.70133e-06
-9.0313e-06
-9.48445e-06
-1.01027e-05
-1.09118e-05
-1.18458e-05
-1.27325e-05
-1.34612e-05
-1.39865e-05
-1.42952e-05
-1.43977e-05
-1.43146e-05
-1.40693e-05
-1.3684e-05
-1.31783e-05
-1.25699e-05
-1.18757e-05
-1.11142e-05
-1.03089e-05
-9.46838e-06
-8.66214e-06
-7.91237e-06
-7.284e-06
-6.81681e-06
-6.53308e-06
-6.43193e-06
-6.50555e-06
-6.77579e-06
-7.65842e-06
-7.68827e-06
-7.70987e-06
-7.72751e-06
-7.74305e-06
-7.75682e-06
-7.76975e-06
-7.78332e-06
-7.79932e-06
-7.81988e-06
-7.84747e-06
-7.88505e-06
-7.93634e-06
-8.00618e-06
-8.10115e-06
-8.23056e-06
-8.40778e-06
-8.65204e-06
-8.9905e-06
-9.45791e-06
-1.00968e-05
-1.09347e-05
-1.19003e-05
-1.28093e-05
-1.35476e-05
-1.4069e-05
-1.43615e-05
-1.44373e-05
-1.43192e-05
-1.40324e-05
-1.36008e-05
-1.30456e-05
-1.23859e-05
-1.164e-05
-1.08268e-05
-9.96804e-06
-9.08891e-06
-8.23429e-06
-7.44291e-06
-6.77063e-06
-6.26438e-06
-5.94793e-06
-5.82188e-06
-5.87843e-06
-6.14812e-06
-7.6476e-06
-7.67978e-06
-7.70227e-06
-7.71963e-06
-7.73378e-06
-7.745e-06
-7.75428e-06
-7.76328e-06
-7.77402e-06
-7.78887e-06
-7.81058e-06
-7.84239e-06
-7.88832e-06
-7.95357e-06
-8.04511e-06
-8.17275e-06
-8.35048e-06
-8.59836e-06
-8.94459e-06
-9.42528e-06
-1.00835e-05
-1.09482e-05
-1.19424e-05
-1.28715e-05
-1.3617e-05
-1.41322e-05
-1.44064e-05
-1.44535e-05
-1.42977e-05
-1.39658e-05
-1.34831e-05
-1.28721e-05
-1.21532e-05
-1.1346e-05
-1.04707e-05
-9.55026e-06
-8.61403e-06
-7.70171e-06
-6.85878e-06
-6.1377e-06
-5.58622e-06
-5.23166e-06
-5.07858e-06
-5.11484e-06
-5.3847e-06
-7.6431e-06
-7.67799e-06
-7.70144e-06
-7.71832e-06
-7.73064e-06
-7.73865e-06
-7.74346e-06
-7.74695e-06
-7.75144e-06
-7.7596e-06
-7.77452e-06
-7.79971e-06
-7.83955e-06
-7.89957e-06
-7.98714e-06
-8.11254e-06
-8.29039e-06
-8.54153e-06
-8.89511e-06
-9.38847e-06
-1.00653e-05
-1.09553e-05
-1.1976e-05
-1.29234e-05
-1.36742e-05
-1.41818e-05
-1.44363e-05
-1.44529e-05
-1.42572e-05
-1.3877e-05
-1.33387e-05
-1.26658e-05
-1.188e-05
-1.10021e-05
-1.00539e-05
-9.06042e-06
-8.05291e-06
-7.07148e-06
-6.16425e-06
-5.38489e-06
-4.78341e-06
-4.38523e-06
-4.20145e-06
-4.21255e-06
-4.48348e-06
-7.64576e-06
-7.68374e-06
-7.7082e-06
-7.72432e-06
-7.73425e-06
-7.73822e-06
-7.73756e-06
-7.73446e-06
-7.73161e-06
-7.73208e-06
-7.73932e-06
-7.75711e-06
-7.79022e-06
-7.84454e-06
-7.92777e-06
-8.05066e-06
-8.22844e-06
-8.48266e-06
-8.84342e-06
-9.34911e-06
-1.0044e-05
-1.09583e-05
-1.2004e-05
-1.29682e-05
-1.3723e-05
-1.42218e-05
-1.44555e-05
-1.44403e-05
-1.42027e-05
-1.37712e-05
-1.3173e-05
-1.24325e-05
-1.15723e-05
-1.06146e-05
-9.58281e-06
-8.50412e-06
-7.41205e-06
-6.34866e-06
-5.36467e-06
-4.5166e-06
-3.85717e-06
-3.40954e-06
-3.18876e-06
-3.17724e-06
-3.43919e-06
-7.65656e-06
-7.69804e-06
-7.72351e-06
-7.73845e-06
-7.74521e-06
-7.74413e-06
-7.7368e-06
-7.72586e-06
-7.71447e-06
-7.70617e-06
-7.70486e-06
-7.71464e-06
-7.7405e-06
-7.78878e-06
-7.86746e-06
-7.98776e-06
-8.16541e-06
-8.42275e-06
-8.79065e-06
-9.30851e-06
-1.00212e-05
-1.09589e-05
-1.20286e-05
-1.30081e-05
-1.37659e-05
-1.42551e-05
-1.44671e-05
-1.44189e-05
-1.41374e-05
-1.3652e-05
-1.29899e-05
-1.21764e-05
-1.12348e-05
-1.01884e-05
-9.06261e-06
-7.88684e-06
-6.69732e-06
-5.53896e-06
-4.46568e-06
-3.5377e-06
-2.81044e-06
-2.30805e-06
-2.04413e-06
-2.00907e-06
-2.25298e-06
-7.67662e-06
-7.72206e-06
-7.74843e-06
-7.76158e-06
-7.76418e-06
-7.75673e-06
-7.74128e-06
-7.72107e-06
-7.69984e-06
-7.68174e-06
-7.67098e-06
-7.67213e-06
-7.69045e-06
-7.7325e-06
-7.80661e-06
-7.92437e-06
-8.10204e-06
-8.36261e-06
-8.73771e-06
-9.26771e-06
-9.99783e-06
-1.09584e-05
-1.2051e-05
-1.30448e-05
-1.38048e-05
-1.42835e-05
-1.44729e-05
-1.43905e-05
-1.40636e-05
-1.35216e-05
-1.27921e-05
-1.19005e-05
-1.08709e-05
-9.72776e-06
-8.49815e-06
-7.21409e-06
-5.9148e-06
-4.64876e-06
-3.47372e-06
-2.45327e-06
-1.64848e-06
-1.08659e-06
-7.75543e-07
-7.15269e-07
-9.26029e-07
-7.70728e-06
-7.75716e-06
-7.7842e-06
-7.79467e-06
-7.79177e-06
-7.77631e-06
-7.75103e-06
-7.7199e-06
-7.68746e-06
-7.65843e-06
-7.63744e-06
-7.62948e-06
-7.64005e-06
-7.67584e-06
-7.74551e-06
-7.86095e-06
-8.03889e-06
-8.3029e-06
-8.68538e-06
-9.22752e-06
-9.97489e-06
-1.09577e-05
-1.20723e-05
-1.30792e-05
-1.38405e-05
-1.43079e-05
-1.4474e-05
-1.43563e-05
-1.39824e-05
-1.33815e-05
-1.25813e-05
-1.16073e-05
-1.04839e-05
-9.23663e-06
-7.89442e-06
-6.49178e-06
-5.07125e-06
-3.68524e-06
-2.39583e-06
-1.27101e-06
-3.79195e-07
2.50003e-07
6.13951e-07
7.04425e-07
5.28784e-07
-7.75018e-06
-7.80496e-06
-7.83219e-06
-7.83876e-06
-7.82858e-06
-7.80309e-06
-7.76592e-06
-7.72203e-06
-7.67691e-06
-7.63583e-06
-7.60395e-06
-7.58652e-06
-7.58923e-06
-7.6189e-06
-7.68439e-06
-7.79785e-06
-7.97639e-06
-8.24418e-06
-8.63423e-06
-9.18853e-06
-9.95291e-06
-1.09573e-05
-1.20928e-05
-1.3112e-05
-1.38736e-05
-1.4329e-05
-1.44708e-05
-1.43169e-05
-1.38945e-05
-1.32328e-05
-1.23591e-05
-1.12988e-05
-1.00767e-05
-8.71922e-06
-7.25685e-06
-5.72667e-06
-4.17456e-06
-2.65709e-06
-1.24103e-06
5.11817e-10
9.90126e-07
1.69569e-06
2.12352e-06
2.25484e-06
2.11185e-06
-7.80727e-06
-7.86737e-06
-7.89401e-06
-7.89493e-06
-7.87519e-06
-7.83714e-06
-7.78566e-06
-7.72703e-06
-7.6677e-06
-7.61351e-06
-7.57015e-06
-7.54303e-06
-7.53793e-06
-7.56174e-06
-7.62343e-06
-7.73536e-06
-7.91493e-06
-8.18684e-06
-8.5847e-06
-9.15115e-06
-9.93227e-06
-1.09576e-05
-1.21129e-05
-1.31433e-05
-1.39042e-05
-1.43468e-05
-1.44636e-05
-1.42724e-05
-1.38004e-05
-1.30762e-05
-1.21268e-05
-1.09773e-05
-9.65267e-06
-8.18011e-06
-6.59158e-06
-4.9265e-06
-3.23398e-06
-1.57473e-06
-2.04362e-08
1.35015e-06
2.45035e-06
3.23979e-06
3.73926e-06
3.92206e-06
3.82238e-06
-7.88101e-06
-7.94672e-06
-7.97147e-06
-7.96432e-06
-7.93202e-06
-7.87836e-06
-7.80986e-06
-7.73439e-06
-7.65922e-06
-7.591e-06
-7.5357e-06
-7.49882e-06
-7.48611e-06
-7.50443e-06
-7.56281e-06
-7.67371e-06
-7.85479e-06
-8.13121e-06
-8.5371e-06
-9.11569e-06
-9.9132e-06
-1.09587e-05
-1.21327e-05
-1.31731e-05
-1.39325e-05
-1.43613e-05
-1.44522e-05
-1.42231e-05
-1.37005e-05
-1.29125e-05
-1.18857e-05
-1.0645e-05
-9.21527e-06
-7.62434e-06
-5.90546e-06
-4.10006e-06
-2.26018e-06
-4.50408e-07
1.25245e-06
2.76347e-06
3.98959e-06
4.87347e-06
5.44895e-06
5.69044e-06
5.64481e-06
-7.97445e-06
-8.04577e-06
-8.06659e-06
-8.04803e-06
-7.99937e-06
-7.92644e-06
-7.838e-06
-7.74336e-06
-7.65089e-06
-7.56785e-06
-7.50033e-06
-7.45377e-06
-7.43377e-06
-7.44709e-06
-7.5027e-06
-7.61313e-06
-7.7962e-06
-8.07752e-06
-8.49163e-06
-9.08231e-06
-9.89582e-06
-1.09606e-05
-1.21521e-05
-1.32014e-05
-1.39582e-05
-1.43724e-05
-1.44368e-05
-1.4169e-05
-1.3595e-05
-1.27425e-05
-1.16375e-05
-1.03044e-05
-8.76829e-06
-7.05742e-06
-5.20599e-06
-3.25707e-06
-1.26511e-06
7.01925e-07
2.5621e-06
4.22337e-06
5.59029e-06
6.58903e-06
7.2436e-06
7.55546e-06
7.57225e-06
-8.09147e-06
-8.16787e-06
-8.18163e-06
-8.14713e-06
-8.07731e-06
-7.98092e-06
-7.86921e-06
-7.75316e-06
-7.64211e-06
-7.54365e-06
-7.46382e-06
-7.40782e-06
-7.381e-06
-7.38986e-06
-7.44329e-06
-7.55382e-06
-7.73937e-06
-8.02593e-06
-8.44845e-06
-9.0511e-06
-9.88016e-06
-1.09633e-05
-1.21711e-05
-1.3228e-05
-1.39813e-05
-1.43801e-05
-1.44172e-05
-1.41102e-05
-1.34845e-05
-1.25671e-05
-1.13836e-05
-9.95809e-06
-8.31575e-06
-6.48511e-06
-4.50112e-06
-2.40796e-06
-2.61766e-07
1.86694e-06
3.89191e-06
5.7141e-06
7.23274e-06
8.36674e-06
9.11179e-06
9.50561e-06
9.59613e-06
-8.23704e-06
-8.31704e-06
-8.31898e-06
-8.26243e-06
-8.16554e-06
-8.04094e-06
-7.90254e-06
-7.76298e-06
-7.63231e-06
-7.5181e-06
-7.42608e-06
-7.36106e-06
-7.32794e-06
-7.33296e-06
-7.38482e-06
-7.49599e-06
-7.68448e-06
-7.97661e-06
-8.40765e-06
-9.02211e-06
-9.86619e-06
-1.09668e-05
-1.21896e-05
-1.32529e-05
-1.40016e-05
-1.43841e-05
-1.43936e-05
-1.40469e-05
-1.33694e-05
-1.23874e-05
-1.11258e-05
-9.60891e-06
-7.86179e-06
-5.91333e-06
-3.79898e-06
-1.5635e-06
7.36168e-07
3.0281e-06
5.22308e-06
7.21633e-06
8.89935e-06
1.01829e-05
1.10376e-05
1.15266e-05
1.17074e-05
-8.41767e-06
-8.49805e-06
-8.48111e-06
-8.39446e-06
-8.26327e-06
-8.10531e-06
-7.93685e-06
-7.77201e-06
-7.62099e-06
-7.49099e-06
-7.38715e-06
-7.31364e-06
-7.27487e-06
-7.27666e-06
-7.32754e-06
-7.43989e-06
-7.63171e-06
-7.92965e-06
-8.36926e-06
-8.99531e-06
-9.85385e-06
-1.09709e-05
-1.22073e-05
-1.32759e-05
-1.4019e-05
-1.43846e-05
-1.43659e-05
-1.39796e-05
-1.32505e-05
-1.22043e-05
-1.0866e-05
-9.2596e-06
-7.41049e-06
-5.34791e-06
-3.10761e-06
-7.3444e-07
1.71476e-06
4.16802e-06
6.53494e-06
8.7066e-06
1.05661e-05
1.20143e-05
1.30039e-05
1.36039e-05
1.38966e-05
-8.64212e-06
-8.71651e-06
-8.67028e-06
-8.54343e-06
-8.36906e-06
-8.17245e-06
-7.9709e-06
-7.77943e-06
-7.60778e-06
-7.46229e-06
-7.34719e-06
-7.26587e-06
-7.2221e-06
-7.22129e-06
-7.27174e-06
-7.38572e-06
-7.58122e-06
-7.88514e-06
-8.33332e-06
-8.97067e-06
-9.84305e-06
-1.09756e-05
-1.22243e-05
-1.32968e-05
-1.40335e-05
-1.43816e-05
-1.43344e-05
-1.39086e-05
-1.31284e-05
-1.20193e-05
-1.0606e-05
-8.91291e-06
-6.96578e-06
-4.79435e-06
-2.43458e-06
6.89388e-08
2.66036e-06
5.26914e-06
7.80575e-06
1.01595e-05
1.22061e-05
1.38351e-05
1.49861e-05
1.57202e-05
1.61555e-05
-8.92241e-06
-8.97873e-06
-8.88793e-06
-8.70706e-06
-8.48199e-06
-8.24058e-06
-8.00337e-06
-7.78452e-06
-7.59245e-06
-7.43209e-06
-7.30649e-06
-7.21811e-06
-7.17003e-06
-7.16721e-06
-7.21773e-06
-7.33374e-06
-7.53316e-06
-7.84317e-06
-8.29981e-06
-8.94812e-06
-9.83369e-06
-1.09806e-05
-1.22404e-05
-1.33158e-05
-1.40451e-05
-1.43753e-05
-1.42995e-05
-1.38344e-05
-1.30039e-05
-1.18334e-05
-1.03476e-05
-8.57138e-06
-6.53126e-06
-4.25763e-06
-1.78679e-06
8.37216e-07
3.56016e-06
6.31433e-06
9.01338e-06
1.15481e-05
1.37895e-05
1.56165e-05
1.69523e-05
1.78535e-05
1.84766e-05
-9.27548e-06
-9.29166e-06
-9.13487e-06
-8.88459e-06
-8.5981e-06
-8.30745e-06
-8.03296e-06
-7.78674e-06
-7.57496e-06
-7.40066e-06
-7.26546e-06
-7.17081e-06
-7.11909e-06
-7.1148e-06
-7.1658e-06
-7.28415e-06
-7.48767e-06
-7.80377e-06
-8.26873e-06
-8.9276e-06
-9.82566e-06
-1.09859e-05
-1.22556e-05
-1.33327e-05
-1.40539e-05
-1.43657e-05
-1.42614e-05
-1.37576e-05
-1.2878e-05
-1.16479e-05
-1.00925e-05
-8.23735e-06
-6.11009e-06
-3.74208e-06
-1.17011e-06
1.56225e-06
4.40279e-06
7.28772e-06
1.01361e-05
1.28438e-05
1.52821e-05
1.73225e-05
1.88675e-05
1.99747e-05
2.08538e-05
-9.72547e-06
-9.66218e-06
-9.40913e-06
-9.07208e-06
-8.71415e-06
-8.37077e-06
-8.05851e-06
-7.78574e-06
-7.55548e-06
-7.36842e-06
-7.22462e-06
-7.12449e-06
-7.06974e-06
-7.06443e-06
-7.11625e-06
-7.23715e-06
-7.44486e-06
-7.767e-06
-8.24004e-06
-8.90902e-06
-9.81885e-06
-1.09914e-05
-1.22697e-05
-1.33476e-05
-1.40601e-05
-1.43532e-05
-1.42206e-05
-1.36787e-05
-1.27513e-05
-1.14639e-05
-9.84213e-06
-7.91283e-06
-5.70494e-06
-3.25119e-06
-5.89274e-07
2.23746e-06
5.17883e-06
8.17549e-06
1.11537e-05
1.40181e-05
1.66458e-05
1.89082e-05
2.06869e-05
2.20458e-05
2.32843e-05
-1.0306e-05
-1.0092e-05
-9.70822e-06
-9.26359e-06
-8.82595e-06
-8.42821e-06
-8.07913e-06
-7.78149e-06
-7.53437e-06
-7.33589e-06
-7.18451e-06
-7.07965e-06
-7.0224e-06
-7.01645e-06
-7.06933e-06
-7.19292e-06
-7.40481e-06
-7.73285e-06
-8.21369e-06
-8.89228e-06
-9.81315e-06
-1.0997e-05
-1.22828e-05
-1.33606e-05
-1.40638e-05
-1.43381e-05
-1.41772e-05
-1.35984e-05
-1.26248e-05
-1.12824e-05
-9.598e-06
-7.59962e-06
-5.31803e-06
-2.7878e-06
-4.79567e-08
2.85784e-06
5.88093e-06
8.96633e-06
1.20483e-05
1.50431e-05
1.784e-05
2.03204e-05
2.23501e-05
2.40103e-05
2.57635e-05
-1.10627e-05
-1.05764e-05
-1.00201e-05
-9.45128e-06
-8.92872e-06
-8.4776e-06
-8.09421e-06
-7.77415e-06
-7.51213e-06
-7.30366e-06
-7.14567e-06
-7.03676e-06
-6.97746e-06
-6.97114e-06
-7.02525e-06
-7.15157e-06
-7.36758e-06
-7.70133e-06
-8.18964e-06
-8.87732e-06
-9.80849e-06
-1.10026e-05
-1.22948e-05
-1.33716e-05
-1.40651e-05
-1.43206e-05
-1.41321e-05
-1.35172e-05
-1.24992e-05
-1.11046e-05
-9.3614e-06
-7.29934e-06
-4.95136e-06
-2.35429e-06
4.50901e-07
3.41951e-06
6.50351e-06
9.6513e-06
1.28046e-05
1.58929e-05
1.88223e-05
2.14963e-05
2.37749e-05
2.57771e-05
2.8267e-05
-1.20396e-05
-1.11043e-05
-1.0328e-05
-9.62511e-06
-9.01744e-06
-8.51708e-06
-8.10351e-06
-7.76413e-06
-7.48934e-06
-7.27228e-06
-7.10862e-06
-6.99622e-06
-6.93522e-06
-6.92873e-06
-6.98414e-06
-7.11317e-06
-7.33318e-06
-7.67239e-06
-8.1678e-06
-8.86404e-06
-9.80475e-06
-1.10082e-05
-1.23057e-05
-1.33808e-05
-1.40641e-05
-1.43008e-05
-1.40853e-05
-1.34355e-05
-1.2375e-05
-1.0931e-05
-9.13299e-06
-7.01276e-06
-4.6058e-06
-1.95165e-06
9.06108e-07
3.92084e-06
7.04387e-06
1.02252e-05
1.3412e-05
1.65454e-05
1.95508e-05
2.2365e-05
2.48546e-05
2.72124e-05
3.07444e-05
-1.33282e-05
-1.16591e-05
-1.06086e-05
-9.77423e-06
-9.08883e-06
-8.54665e-06
-8.10821e-06
-7.75281e-06
-7.46724e-06
-7.24277e-06
-7.07409e-06
-6.95858e-06
-6.89603e-06
-6.88939e-06
-6.94603e-06
-7.07763e-06
-7.30141e-06
-7.64578e-06
-8.14786e-06
-8.85212e-06
-9.80173e-06
-1.10137e-05
-1.23158e-05
-1.33886e-05
-1.40614e-05
-1.42794e-05
-1.40374e-05
-1.33536e-05
-1.2252e-05
-1.07609e-05
-8.91145e-06
-6.73776e-06
-4.27822e-06
-1.57566e-06
1.3231e-06
4.36843e-06
7.50942e-06
1.06952e-05
1.38748e-05
1.69958e-05
1.99991e-05
2.28575e-05
2.54614e-05
2.81611e-05
3.32071e-05
-1.50349e-05
-1.22047e-05
-1.08278e-05
-9.88851e-06
-9.14405e-06
-8.57011e-06
-8.11224e-06
-7.74355e-06
-7.44849e-06
-7.21715e-06
-7.0436e-06
-6.92489e-06
-6.86063e-06
-6.85359e-06
-6.91117e-06
-7.04501e-06
-7.27217e-06
-7.62119e-06
-8.1294e-06
-8.84106e-06
-9.79895e-06
-1.10189e-05
-1.23255e-05
-1.33959e-05
-1.40587e-05
-1.42584e-05
-1.39903e-05
-1.32732e-05
-1.21317e-05
-1.05951e-05
-8.69627e-06
-6.47214e-06
-3.96426e-06
-1.21915e-06
1.71242e-06
4.77685e-06
7.91933e-06
1.10854e-05
1.42208e-05
1.72714e-05
2.01793e-05
2.29293e-05
2.54323e-05
2.83458e-05
3.5494e-05
-1.64643e-05
-1.25329e-05
-1.09239e-05
-9.94778e-06
-9.17794e-06
-8.58531e-06
-8.11396e-06
-7.73489e-06
-7.43181e-06
-7.1944e-06
-7.01642e-06
-6.89478e-06
-6.82897e-06
-6.82162e-06
-6.88017e-06
-7.0162e-06
-7.24657e-06
-7.59996e-06
-8.11378e-06
-8.83207e-06
-9.79721e-06
-1.1024e-05
-1.2334e-05
-1.34021e-05
-1.40555e-05
-1.42386e-05
-1.39471e-05
-1.32002e-05
-1.20231e-05
-1.04463e-05
-8.50442e-06
-6.23707e-06
-3.68905e-06
-9.10628e-07
2.04325e-06
5.11443e-06
8.24306e-06
1.13687e-05
1.44296e-05
1.73594e-05
2.00791e-05
2.25249e-05
2.45303e-05
2.68159e-05
3.4017e-05
)
;

boundaryField
{
    inlet
    {
        type            uniformJump;
        patchType       cyclic;
        jump            uniform -2.5e-05;
        value           nonuniform List<scalar> 
40
(
1.04854e-06
1.06727e-06
1.08723e-06
1.10762e-06
1.13009e-06
1.15609e-06
1.18763e-06
1.2281e-06
1.28243e-06
1.3566e-06
1.45652e-06
1.58677e-06
1.74995e-06
1.94599e-06
2.17069e-06
2.41794e-06
2.6766e-06
2.93009e-06
3.16344e-06
3.3681e-06
3.53298e-06
3.64798e-06
3.74871e-06
3.833e-06
3.90476e-06
3.96583e-06
4.01632e-06
4.05673e-06
4.08824e-06
4.11246e-06
4.13112e-06
4.14576e-06
4.15761e-06
4.16752e-06
4.17607e-06
4.18359e-06
4.19029e-06
4.19636e-06
4.2022e-06
4.2076e-06
)
;
        jumpTable       table;
        jumpTableCoeffs
        {
            values          
4
(
(0 -2.5e-05)
(25 -2.5e-05)
(25.5 -0.0001)
(26 -2.5e-05)
)
;
        }
    }
    outlet
    {
        type            uniformJump;
        patchType       cyclic;
        value           nonuniform List<scalar> 
40
(
-2.39515e-05
-2.39327e-05
-2.39128e-05
-2.38924e-05
-2.38699e-05
-2.38439e-05
-2.38124e-05
-2.37719e-05
-2.37176e-05
-2.36434e-05
-2.35435e-05
-2.34132e-05
-2.32501e-05
-2.3054e-05
-2.28293e-05
-2.25821e-05
-2.23234e-05
-2.20699e-05
-2.18366e-05
-2.16319e-05
-2.1467e-05
-2.1352e-05
-2.12513e-05
-2.1167e-05
-2.10952e-05
-2.10342e-05
-2.09837e-05
-2.09433e-05
-2.09118e-05
-2.08875e-05
-2.08689e-05
-2.08542e-05
-2.08424e-05
-2.08325e-05
-2.08239e-05
-2.08164e-05
-2.08097e-05
-2.08036e-05
-2.07978e-05
-2.07924e-05
)
;
    }
    Walls
    {
        type            zeroGradient;
    }
    back
    {
        type            empty;
    }
    front
    {
        type            empty;
    }
}


// ************************************************************************* //
