/*--------------------------------*- C++ -*----------------------------------*\
| =========                 |                                                 |
| \\      /  F ield         | OpenFOAM: The Open Source CFD Toolbox           |
|  \\    /   O peration     | Version:  2312                                  |
|   \\  /    A nd           | Website:  www.openfoam.com                      |
|    \\/     M anipulation  |                                                 |
\*---------------------------------------------------------------------------*/
FoamFile
{
    version     2.0;
    format      ascii;
    arch        "LSB;label=32;scalar=64";
    class       volScalarField;
    location    "60";
    object      p;
}
// * * * * * * * * * * * * * * * * * * * * * * * * * * * * * * * * * * * * * //

dimensions      [0 2 -2 0 0 0 0];

internalField   nonuniform List<scalar> 
4800
(
8.13533e-14
-1.67528e-06
-3.02119e-06
-4.1172e-06
-5.021e-06
-5.77554e-06
-6.41256e-06
-6.95635e-06
-7.43189e-06
-7.84969e-06
-8.21944e-06
-8.5463e-06
-8.82709e-06
-9.29061e-06
-1.08558e-05
2.08455e-08
-1.65126e-06
-2.99548e-06
-4.09103e-06
-4.99535e-06
-5.75125e-06
-6.39126e-06
-6.9394e-06
-7.4212e-06
-7.8486e-06
-8.23627e-06
-8.60265e-06
-8.96411e-06
-9.42793e-06
-1.02351e-05
4.2792e-08
-1.62592e-06
-2.96845e-06
-4.06361e-06
-4.96858e-06
-5.7261e-06
-6.36888e-06
-6.91954e-06
-7.40578e-06
-7.84045e-06
-8.23852e-06
-8.61961e-06
-8.99428e-06
-9.37433e-06
-9.74193e-06
6.49662e-08
-1.59988e-06
-2.94033e-06
-4.03477e-06
-4.93998e-06
-5.69853e-06
-6.34316e-06
-6.8957e-06
-7.38294e-06
-7.81925e-06
-8.21584e-06
-8.58386e-06
-8.9187e-06
-9.19318e-06
-9.34374e-06
8.90296e-08
-1.57122e-06
-2.90903e-06
-4.00221e-06
-4.90709e-06
-5.66585e-06
-6.31075e-06
-6.86422e-06
-7.34829e-06
-7.77881e-06
-8.16171e-06
-8.49807e-06
-8.77287e-06
-8.95146e-06
-8.9833e-06
1.16344e-07
-1.53851e-06
-2.873e-06
-3.96425e-06
-4.86794e-06
-5.62572e-06
-6.26893e-06
-6.81988e-06
-7.29672e-06
-7.71324e-06
-8.07101e-06
-8.36448e-06
-8.57637e-06
-8.68029e-06
-8.65078e-06
1.48876e-07
-1.49979e-06
-2.83017e-06
-3.91855e-06
-4.81983e-06
-5.57484e-06
-6.2137e-06
-6.75754e-06
-7.22201e-06
-7.61684e-06
-7.94111e-06
-8.18761e-06
-8.3434e-06
-8.39558e-06
-8.33856e-06
1.90193e-07
-1.45158e-06
-2.77691e-06
-3.8612e-06
-4.75837e-06
-5.50818e-06
-6.13932e-06
-6.67133e-06
-7.11755e-06
-7.48475e-06
-7.77191e-06
-7.97411e-06
-8.08574e-06
-8.10577e-06
-8.03984e-06
2.46027e-07
-1.38819e-06
-2.70738e-06
-3.78603e-06
-4.67696e-06
-5.41861e-06
-6.03821e-06
-6.55382e-06
-6.97711e-06
-7.31375e-06
-7.56489e-06
-7.73012e-06
-7.81092e-06
-7.81403e-06
-7.74984e-06
3.24352e-07
-1.30146e-06
-2.61309e-06
-3.68419e-06
-4.56635e-06
-5.29664e-06
-5.90101e-06
-6.39653e-06
-6.79424e-06
-7.10122e-06
-7.32134e-06
-7.45924e-06
-7.52164e-06
-7.51925e-06
-7.46358e-06
4.34783e-07
-1.18093e-06
-2.48295e-06
-3.54406e-06
-4.41462e-06
-5.13049e-06
-5.71674e-06
-6.19034e-06
-6.56309e-06
-6.84399e-06
-7.04061e-06
-7.16137e-06
-7.21603e-06
-7.21666e-06
-7.1742e-06
5.87768e-07
-1.01458e-06
-2.30375e-06
-3.35174e-06
-4.20772e-06
-4.9066e-06
-5.47323e-06
-5.92531e-06
-6.27617e-06
-6.53717e-06
-6.71886e-06
-6.83207e-06
-6.88777e-06
-6.89782e-06
-6.87205e-06
7.94465e-07
-7.88923e-07
-2.06054e-06
-3.09149e-06
-3.9299e-06
-4.61015e-06
-5.15735e-06
-5.59048e-06
-5.92468e-06
-6.17331e-06
-6.34852e-06
-6.46225e-06
-6.5261e-06
-6.55062e-06
-6.5443e-06
1.06699e-06
-4.88668e-07
-1.73617e-06
-2.74531e-06
-3.56336e-06
-4.22443e-06
-4.75414e-06
-5.17266e-06
-5.49659e-06
-5.74046e-06
-5.91724e-06
-6.03903e-06
-6.11617e-06
-6.15893e-06
-6.17437e-06
1.41783e-06
-9.71184e-08
-1.31146e-06
-2.29286e-06
-3.08765e-06
-3.72971e-06
-4.24499e-06
-4.65421e-06
-4.97451e-06
-5.22069e-06
-5.40569e-06
-5.541e-06
-5.63636e-06
-5.70054e-06
-5.74006e-06
1.85835e-06
4.02139e-07
-7.66907e-07
-1.71293e-06
-2.48081e-06
-3.10382e-06
-3.60757e-06
-4.01252e-06
-4.33539e-06
-4.59025e-06
-4.78912e-06
-4.94258e-06
-5.05956e-06
-5.14803e-06
-5.2138e-06
2.39653e-06
1.02245e-06
-8.56018e-08
-9.86436e-07
-1.72238e-06
-2.3251e-06
-2.81889e-06
-3.22295e-06
-3.55277e-06
-3.82122e-06
-4.03902e-06
-4.21534e-06
-4.35782e-06
-4.47321e-06
-4.5671e-06
3.03406e-06
1.76997e-06
7.42166e-07
-1.01067e-07
-7.97946e-07
-1.3772e-06
-1.86056e-06
-2.26484e-06
-2.60345e-06
-2.8876e-06
-3.12678e-06
-3.32921e-06
-3.50149e-06
-3.64858e-06
-3.7747e-06
3.7639e-06
2.63918e-06
1.71281e-06
9.4164e-07
2.93163e-07
-2.56971e-07
-7.26818e-07
-1.12998e-06
-1.47702e-06
-1.77661e-06
-2.03633e-06
-2.26334e-06
-2.46417e-06
-2.64406e-06
-2.80723e-06
4.56774e-06
3.60805e-06
2.80195e-06
2.11635e-06
1.52582e-06
1.01152e-06
5.59828e-07
1.60804e-07
-1.93202e-07
-5.08322e-07
-7.89802e-07
-1.04203e-06
-1.26898e-06
-1.47581e-06
-1.66765e-06
5.37535e-06
4.58603e-06
3.90538e-06
3.3101e-06
2.78209e-06
2.30823e-06
1.87945e-06
1.48932e-06
1.13282e-06
8.05586e-07
5.03676e-07
2.22734e-07
-4.05865e-08
-2.85721e-07
-5.1409e-07
6.06446e-06
5.41989e-06
4.84733e-06
4.3316e-06
3.86066e-06
3.42616e-06
3.02255e-06
2.6459e-06
2.29309e-06
1.9613e-06
1.64793e-06
1.35119e-06
1.06826e-06
7.92923e-07
5.22356e-07
6.60171e-06
6.06249e-06
5.56858e-06
5.11053e-06
4.68092e-06
4.27492e-06
3.88939e-06
3.522e-06
3.17071e-06
2.83352e-06
2.50811e-06
2.19205e-06
1.88383e-06
1.5825e-06
1.28842e-06
6.99931e-06
6.53531e-06
6.09777e-06
5.68163e-06
5.28277e-06
4.89865e-06
4.52748e-06
4.16772e-06
3.81787e-06
3.47645e-06
3.14222e-06
2.81424e-06
2.49158e-06
2.17364e-06
1.85867e-06
7.28595e-06
6.87492e-06
6.47798e-06
6.0928e-06
5.71721e-06
5.34996e-06
4.98994e-06
4.6361e-06
4.28746e-06
3.94316e-06
3.60245e-06
3.2645e-06
2.92836e-06
2.59345e-06
2.25939e-06
7.48653e-06
7.11265e-06
6.74494e-06
6.38242e-06
6.02397e-06
5.669e-06
5.31685e-06
4.96682e-06
4.61825e-06
4.27049e-06
3.92293e-06
3.57513e-06
3.22668e-06
2.87756e-06
2.5272e-06
7.62212e-06
7.27439e-06
6.9276e-06
6.58138e-06
6.23517e-06
5.88874e-06
5.54169e-06
5.19357e-06
4.84392e-06
4.49234e-06
4.13849e-06
3.78246e-06
3.42389e-06
3.06279e-06
2.69869e-06
7.7106e-06
7.38146e-06
7.04965e-06
6.71507e-06
6.3775e-06
6.03692e-06
5.69308e-06
5.34571e-06
4.9946e-06
4.63954e-06
4.28035e-06
3.91702e-06
3.54995e-06
3.17857e-06
2.80283e-06
7.76646e-06
7.45078e-06
7.12983e-06
6.80365e-06
6.47228e-06
6.13578e-06
5.794e-06
5.44679e-06
5.09409e-06
4.73584e-06
4.37203e-06
4.00249e-06
3.62772e-06
3.24752e-06
2.86193e-06
7.80082e-06
7.49518e-06
7.18228e-06
6.86235e-06
6.53557e-06
6.202e-06
5.86151e-06
5.51406e-06
5.1597e-06
4.79849e-06
4.43062e-06
4.05555e-06
3.6742e-06
3.2865e-06
2.89256e-06
7.82182e-06
7.52391e-06
7.21718e-06
6.90208e-06
6.5788e-06
6.24734e-06
5.90764e-06
5.55973e-06
5.20372e-06
4.83975e-06
4.4682e-06
4.08838e-06
3.70141e-06
3.3073e-06
2.90619e-06
7.83505e-06
7.54332e-06
7.24151e-06
6.93025e-06
6.60971e-06
6.27982e-06
5.9406e-06
5.59213e-06
5.23455e-06
4.86801e-06
4.49243e-06
4.10917e-06
3.71739e-06
3.3177e-06
2.9104e-06
7.84416e-06
7.55753e-06
7.25975e-06
6.95166e-06
6.6333e-06
6.30463e-06
5.9657e-06
5.61663e-06
5.2576e-06
4.88881e-06
4.51025e-06
4.12326e-06
3.72719e-06
3.32264e-06
2.90989e-06
7.85133e-06
7.56901e-06
7.27466e-06
6.96924e-06
6.65268e-06
6.32497e-06
5.9862e-06
5.63653e-06
5.27617e-06
4.90537e-06
4.52427e-06
4.13381e-06
3.73388e-06
3.32504e-06
2.90747e-06
7.85777e-06
7.57919e-06
7.2878e-06
6.98466e-06
6.66961e-06
6.34268e-06
6.004e-06
5.65374e-06
5.29215e-06
4.91953e-06
4.53609e-06
4.14257e-06
3.73917e-06
3.32652e-06
2.90463e-06
7.86404e-06
7.58874e-06
7.29995e-06
6.99879e-06
6.68503e-06
6.35875e-06
6.0201e-06
5.66927e-06
5.30655e-06
4.93228e-06
4.54668e-06
4.15044e-06
3.74399e-06
3.32789e-06
2.90213e-06
7.87031e-06
7.59792e-06
7.31142e-06
7.01196e-06
6.69931e-06
6.37358e-06
6.03493e-06
5.68357e-06
5.31981e-06
4.94404e-06
4.55646e-06
4.15782e-06
3.74872e-06
3.32945e-06
2.90026e-06
7.87672e-06
7.60691e-06
7.32245e-06
7.02448e-06
6.71279e-06
6.38751e-06
6.04882e-06
5.69695e-06
5.33223e-06
4.95509e-06
4.56573e-06
4.16487e-06
3.75344e-06
3.33131e-06
2.89905e-06
7.88358e-06
7.61624e-06
7.33368e-06
7.03709e-06
6.72629e-06
6.40141e-06
6.06265e-06
5.71027e-06
5.34461e-06
4.96616e-06
4.5751e-06
4.17223e-06
3.75844e-06
3.33364e-06
2.89845e-06
7.89048e-06
7.62551e-06
7.34482e-06
7.04962e-06
6.73975e-06
6.41534e-06
6.07662e-06
5.72384e-06
5.35738e-06
4.97762e-06
4.58488e-06
4.18001e-06
3.76386e-06
3.33639e-06
2.8983e-06
-1.21569e-05
-9.97612e-06
-8.63176e-06
-7.72318e-06
-6.9939e-06
-6.43378e-06
-6.00284e-06
-5.67628e-06
-5.43914e-06
-5.28068e-06
-5.19313e-06
-5.17031e-06
-5.20767e-06
-5.3025e-06
-5.4537e-06
-5.66218e-06
-5.93104e-06
-6.26684e-06
-6.67917e-06
-7.18082e-06
-7.77953e-06
-8.45939e-06
-9.07402e-06
-9.41562e-06
-9.39048e-06
-8.96204e-06
-8.13591e-06
-6.94837e-06
-5.43654e-06
-3.63417e-06
-1.57551e-06
7.02902e-07
3.16047e-06
5.75203e-06
8.42801e-06
1.1135e-05
1.38155e-05
1.64071e-05
1.88377e-05
2.10177e-05
2.28156e-05
2.40479e-05
2.42995e-05
2.31476e-05
1.92279e-05
-1.05823e-05
-9.44691e-06
-8.42446e-06
-7.61274e-06
-6.92811e-06
-6.38394e-06
-5.9595e-06
-5.63661e-06
-5.40256e-06
-5.24749e-06
-5.1639e-06
-5.14566e-06
-5.1882e-06
-5.28878e-06
-5.44621e-06
-5.66129e-06
-5.93693e-06
-6.27937e-06
-6.69755e-06
-7.20314e-06
-7.80226e-06
-8.47713e-06
-9.08106e-06
-9.40977e-06
-9.37297e-06
-8.93468e-06
-8.1004e-06
-6.90696e-06
-5.39203e-06
-3.58992e-06
-1.53589e-06
7.32024e-07
3.17121e-06
5.73378e-06
8.36662e-06
1.10113e-05
1.36033e-05
1.60694e-05
1.83203e-05
2.02377e-05
2.16335e-05
2.22118e-05
2.13833e-05
1.82829e-05
1.18934e-05
-9.75141e-06
-9.03241e-06
-8.21192e-06
-7.48656e-06
-6.85132e-06
-6.32913e-06
-5.91456e-06
-5.59704e-06
-5.36692e-06
-5.21567e-06
-5.13633e-06
-5.1229e-06
-5.17086e-06
-5.27748e-06
-5.44147e-06
-5.66349e-06
-5.94623e-06
-6.29554e-06
-6.71965e-06
-7.22891e-06
-7.82761e-06
-8.49588e-06
-9.08673e-06
-9.40013e-06
-9.34985e-06
-8.90061e-06
-8.05785e-06
-6.85913e-06
-5.34285e-06
-3.5441e-06
-1.49949e-06
7.51023e-07
3.16222e-06
5.68278e-06
8.25506e-06
1.08145e-05
1.32882e-05
1.55904e-05
1.76145e-05
1.9215e-05
2.01766e-05
2.01653e-05
1.86587e-05
1.50731e-05
9.35737e-06
-9.22047e-06
-8.69217e-06
-8.02829e-06
-7.37074e-06
-6.78229e-06
-6.2833e-06
-5.87871e-06
-5.56605e-06
-5.33893e-06
-5.19044e-06
-5.11434e-06
-5.10487e-06
-5.1576e-06
-5.26983e-06
-5.44014e-06
-5.669e-06
-5.95882e-06
-6.31501e-06
-6.74494e-06
-7.2575e-06
-7.85491e-06
-8.51489e-06
-9.09009e-06
-9.38531e-06
-9.31878e-06
-8.85614e-06
-8.00294e-06
-6.79778e-06
-5.28011e-06
-3.48615e-06
-1.45437e-06
7.72789e-07
3.14681e-06
5.61215e-06
8.10577e-06
1.05562e-05
1.28815e-05
1.49845e-05
1.67447e-05
1.80044e-05
1.85484e-05
1.80891e-05
1.62776e-05
1.28529e-05
8.11486e-06
-8.81263e-06
-8.39641e-06
-7.85133e-06
-7.27551e-06
-6.73072e-06
-6.25429e-06
-5.85922e-06
-5.55045e-06
-5.32481e-06
-5.17732e-06
-5.10278e-06
-5.09576e-06
-5.15202e-06
-5.2689e-06
-5.44482e-06
-5.67999e-06
-5.97648e-06
-6.33913e-06
-6.77435e-06
-7.28933e-06
-7.88404e-06
-8.53348e-06
-9.09003e-06
-9.36414e-06
-9.27905e-06
-8.80141e-06
-7.93705e-06
-6.72593e-06
-5.20886e-06
-3.42354e-06
-1.41069e-06
7.84256e-07
3.10903e-06
5.5034e-06
7.89862e-06
1.02164e-05
1.23669e-05
1.42449e-05
1.57243e-05
1.66514e-05
1.68414e-05
1.60904e-05
1.42213e-05
1.11982e-05
7.33814e-06
-8.47592e-06
-8.13892e-06
-7.68368e-06
-7.18986e-06
-6.69491e-06
-6.24275e-06
-5.85987e-06
-5.55549e-06
-5.33027e-06
-5.182e-06
-5.10698e-06
-5.10039e-06
-5.15837e-06
-5.2784e-06
-5.45865e-06
-5.69904e-06
-6.00123e-06
-6.36939e-06
-6.80878e-06
-7.32469e-06
-7.91461e-06
-8.55053e-06
-9.08488e-06
-9.33456e-06
-9.22861e-06
-8.73476e-06
-7.85925e-06
-6.6438e-06
-5.13091e-06
-3.36003e-06
-1.37458e-06
7.76675e-07
3.03746e-06
5.34272e-06
7.61832e-06
9.78035e-06
1.17339e-05
1.33711e-05
1.45705e-05
1.51975e-05
1.5115e-05
1.42058e-05
1.24188e-05
9.83699e-06
6.74723e-06
-8.1771e-06
-7.90227e-06
-7.52933e-06
-7.10323e-06
-6.66268e-06
-6.24524e-06
-5.88051e-06
-5.5833e-06
-5.35911e-06
-5.2092e-06
-5.13195e-06
-5.12362e-06
-5.18115e-06
-5.30231e-06
-5.48502e-06
-5.72892e-06
-6.0352e-06
-6.40722e-06
-6.84896e-06
-7.36357e-06
-7.94583e-06
-8.56444e-06
-9.0722e-06
-9.29381e-06
-9.16459e-06
-8.65353e-06
-7.76749e-06
-6.55039e-06
-5.04669e-06
-3.2979e-06
-1.35054e-06
7.43129e-07
2.92284e-06
5.11915e-06
7.25362e-06
9.23899e-06
1.09793e-05
1.23712e-05
1.33067e-05
1.36813e-05
1.34078e-05
1.24403e-05
1.08033e-05
8.62056e-06
6.12462e-06
-7.89752e-06
-7.67297e-06
-7.36993e-06
-7.01162e-06
-6.62906e-06
-6.25434e-06
-5.91549e-06
-5.63108e-06
-5.41116e-06
-5.26074e-06
-5.18076e-06
-5.16908e-06
-5.22415e-06
-5.3443e-06
-5.52719e-06
-5.77228e-06
-6.08035e-06
-6.45385e-06
-6.89532e-06
-7.40553e-06
-7.97637e-06
-8.57298e-06
-9.04909e-06
-9.23862e-06
-9.08378e-06
-8.55496e-06
-7.65992e-06
-6.44536e-06
-4.95781e-06
-3.241e-06
-1.3449e-06
6.74768e-07
2.75433e-06
4.82099e-06
6.79396e-06
8.58591e-06
1.0105e-05
1.12583e-05
1.19586e-05
1.2134e-05
1.17413e-05
1.07829e-05
9.31986e-06
7.47662e-06
5.43088e-06
-7.62834e-06
-7.44587e-06
-7.20201e-06
-6.90827e-06
-6.58565e-06
-6.25957e-06
-5.9548e-06
-5.69098e-06
-5.48119e-06
-5.33398e-06
-5.25277e-06
-5.23743e-06
-5.28899e-06
-5.40642e-06
-5.58716e-06
-5.83084e-06
-6.13789e-06
-6.5098e-06
-6.94757e-06
-7.44936e-06
-8.00408e-06
-8.57313e-06
-9.01194e-06
-9.16531e-06
-8.98291e-06
-8.43661e-06
-7.53559e-06
-6.32989e-06
-4.86795e-06
-3.19563e-06
-1.36666e-06
5.60253e-07
2.5192e-06
4.43583e-06
6.22971e-06
7.81732e-06
9.11563e-06
1.00473e-05
1.05482e-05
1.05763e-05
1.01215e-05
9.2136e-06
7.92471e-06
6.36407e-06
4.66415e-06
-7.36368e-06
-7.2178e-06
-7.02463e-06
-6.78947e-06
-6.52543e-06
-6.25118e-06
-5.98724e-06
-5.75198e-06
-5.55959e-06
-5.4215e-06
-5.3424e-06
-5.32492e-06
-5.37373e-06
-5.48783e-06
-5.66444e-06
-5.90416e-06
-6.20717e-06
-6.57396e-06
-7.00397e-06
-7.49259e-06
-8.02575e-06
-8.56104e-06
-8.95662e-06
-9.07016e-06
-8.85923e-06
-8.29712e-06
-7.39516e-06
-6.20751e-06
-4.78358e-06
-3.171e-06
-1.42759e-06
3.85971e-07
2.20354e-06
3.95158e-06
5.55314e-06
6.9323e-06
8.01857e-06
8.7524e-06
9.09168e-06
9.0183e-06
8.54309e-06
7.70767e-06
6.58179e-06
5.255e-06
3.82535e-06
-7.0966e-06
-6.98382e-06
-6.8349e-06
-6.65211e-06
-6.44323e-06
-6.22127e-06
-6.00237e-06
-5.80215e-06
-5.63445e-06
-5.51225e-06
-5.43874e-06
-5.42274e-06
-5.47221e-06
-5.58399e-06
-5.75504e-06
-5.98869e-06
-6.28486e-06
-6.64292e-06
-7.06082e-06
-7.53108e-06
-8.03689e-06
-8.53209e-06
-8.87891e-06
-8.95013e-06
-8.7114e-06
-8.13718e-06
-7.24223e-06
-6.08546e-06
-4.7149e-06
-3.17973e-06
-1.54232e-06
1.36419e-07
1.79291e-06
3.35723e-06
4.75888e-06
5.93244e-06
6.82193e-06
7.38522e-06
7.59867e-06
7.46064e-06
6.99288e-06
6.23916e-06
5.26058e-06
4.12798e-06
2.91399e-06
-6.81755e-06
-6.73582e-06
-6.62662e-06
-6.49086e-06
-6.33309e-06
-6.162e-06
-5.98996e-06
-5.82906e-06
-5.69327e-06
-5.5919e-06
-5.52904e-06
-5.51995e-06
-5.57496e-06
-5.68617e-06
-5.85095e-06
-6.07724e-06
-6.36437e-06
-6.71044e-06
-7.11208e-06
-7.55895e-06
-8.03193e-06
-8.48137e-06
-8.77537e-06
-8.80395e-06
-8.54067e-06
-7.96081e-06
-7.085e-06
-5.97618e-06
-4.67682e-06
-3.23799e-06
-1.72801e-06
-2.04927e-07
1.27357e-06
2.64383e-06
3.84418e-06
4.82123e-06
5.53346e-06
5.95392e-06
6.07259e-06
5.89742e-06
5.45412e-06
4.78314e-06
3.93512e-06
2.96491e-06
1.92658e-06
-6.51382e-06
-6.46203e-06
-6.38949e-06
-6.29661e-06
-6.18603e-06
-6.06355e-06
-5.93815e-06
-5.81923e-06
-5.71874e-06
-5.64226e-06
-5.59865e-06
-5.60573e-06
-5.66792e-06
-5.77824e-06
-5.93909e-06
-6.15876e-06
-6.4358e-06
-6.76754e-06
-7.1496e-06
-7.56886e-06
-8.00484e-06
-8.40465e-06
-8.64449e-06
-8.63371e-06
-8.35223e-06
-7.77623e-06
-6.93714e-06
-5.89982e-06
-4.6875e-06
-3.36477e-06
-2.00401e-06
-6.54466e-07
6.33696e-07
1.80538e-06
2.80918e-06
3.60368e-06
4.16007e-06
4.46319e-06
4.51218e-06
4.31911e-06
3.90921e-06
3.31718e-06
2.58346e-06
1.75001e-06
8.57239e-07
-6.16895e-06
-6.14668e-06
-6.10883e-06
-6.05577e-06
-5.98907e-06
-5.91263e-06
-5.8326e-06
-5.75648e-06
-5.69247e-06
-5.64971e-06
-5.6348e-06
-5.6593e-06
-5.72864e-06
-5.84274e-06
-6.00457e-06
-6.21948e-06
-6.48656e-06
-6.80295e-06
-7.16364e-06
-7.55285e-06
-7.94985e-06
-8.29961e-06
-8.48797e-06
-8.44634e-06
-8.15555e-06
-7.59638e-06
-6.82641e-06
-5.87417e-06
-4.76449e-06
-3.58362e-06
-2.39094e-06
-1.22734e-06
-1.35639e-07
8.39087e-07
1.65645e-06
2.28574e-06
2.7079e-06
2.91537e-06
2.91397e-06
2.71531e-06
2.34204e-06
1.8224e-06
1.18781e-06
4.70058e-07
-3.00593e-07
-5.76124e-06
-5.7689e-06
-5.76486e-06
-5.74968e-06
-5.72448e-06
-5.69191e-06
-5.65636e-06
-5.62351e-06
-5.60004e-06
-5.59331e-06
-5.60954e-06
-5.65604e-06
-5.73943e-06
-5.86331e-06
-6.02991e-06
-6.24267e-06
-6.50157e-06
-6.80361e-06
-7.14332e-06
-7.50332e-06
-7.86248e-06
-8.16671e-06
-8.31267e-06
-8.25252e-06
-7.96409e-06
-7.45744e-06
-6.7706e-06
-5.90736e-06
-4.93527e-06
-3.92084e-06
-2.90889e-06
-1.93633e-06
-1.0401e-06
-2.549e-07
3.89914e-07
8.7296e-07
1.18215e-06
1.31473e-06
1.27482e-06
1.07717e-06
7.39756e-07
2.84425e-07
-2.64984e-07
-8.84688e-07
-1.55205e-06
-5.26344e-06
-5.30225e-06
-5.33227e-06
-5.35429e-06
-5.36935e-06
-5.37946e-06
-5.38783e-06
-5.39869e-06
-5.41707e-06
-5.44852e-06
-5.49856e-06
-5.57306e-06
-5.67789e-06
-5.81726e-06
-5.99336e-06
-6.20874e-06
-6.46374e-06
-6.75538e-06
-7.07746e-06
-7.41323e-06
-7.74067e-06
-8.01079e-06
-8.13054e-06
-8.06748e-06
-7.81417e-06
-7.3726e-06
-6.77095e-06
-6.03955e-06
-5.23447e-06
-4.39821e-06
-3.57166e-06
-2.78896e-06
-2.08082e-06
-1.47271e-06
-9.84683e-07
-6.3062e-07
-4.17744e-07
-3.46905e-07
-4.13145e-07
-6.05423e-07
-9.09366e-07
-1.30837e-06
-1.78476e-06
-2.32094e-06
-2.90008e-06
-4.64687e-06
-4.7185e-06
-4.78377e-06
-4.84329e-06
-4.89825e-06
-4.95052e-06
-5.00254e-06
-5.0574e-06
-5.11883e-06
-5.19113e-06
-5.27891e-06
-5.38686e-06
-5.51955e-06
-5.68071e-06
-5.87289e-06
-6.098e-06
-6.35631e-06
-6.64472e-06
-6.95704e-06
-7.27749e-06
-7.58495e-06
-7.83972e-06
-7.95766e-06
-7.9231e-06
-7.7252e-06
-7.35778e-06
-6.8793e-06
-6.30816e-06
-5.67856e-06
-5.0263e-06
-4.38622e-06
-3.7882e-06
-3.25611e-06
-2.80848e-06
-2.45935e-06
-2.21786e-06
-2.08789e-06
-2.0687e-06
-2.15592e-06
-2.34165e-06
-2.61562e-06
-2.96596e-06
-3.37982e-06
-3.84432e-06
-4.34712e-06
-3.8869e-06
-3.99359e-06
-4.09621e-06
-4.19472e-06
-4.29036e-06
-4.38516e-06
-4.48127e-06
-4.58102e-06
-4.6872e-06
-4.80313e-06
-4.93241e-06
-5.07864e-06
-5.24541e-06
-5.43573e-06
-5.65221e-06
-5.89618e-06
-6.16749e-06
-6.46388e-06
-6.77804e-06
-7.09862e-06
-7.40458e-06
-7.65968e-06
-7.81598e-06
-7.84264e-06
-7.71419e-06
-7.47007e-06
-7.13286e-06
-6.7264e-06
-6.2748e-06
-5.80828e-06
-5.35364e-06
-4.93255e-06
-4.56265e-06
-4.2578e-06
-4.02838e-06
-3.88154e-06
-3.82117e-06
-3.84645e-06
-3.95212e-06
-4.13233e-06
-4.38068e-06
-4.68949e-06
-5.04984e-06
-5.45249e-06
-5.88852e-06
-2.95649e-06
-3.10211e-06
-3.24498e-06
-3.38534e-06
-3.52468e-06
-3.66487e-06
-3.80777e-06
-3.95521e-06
-4.1094e-06
-4.27285e-06
-4.44835e-06
-4.63866e-06
-4.84662e-06
-5.07475e-06
-5.32502e-06
-5.59889e-06
-5.89535e-06
-6.21348e-06
-6.54692e-06
-6.8849e-06
-7.21745e-06
-7.5067e-06
-7.72122e-06
-7.83272e-06
-7.82727e-06
-7.71781e-06
-7.53342e-06
-7.2964e-06
-7.02752e-06
-6.74597e-06
-6.46951e-06
-6.21387e-06
-5.99255e-06
-5.81648e-06
-5.69259e-06
-5.62532e-06
-5.61969e-06
-5.68133e-06
-5.8002e-06
-5.97357e-06
-6.19872e-06
-6.47065e-06
-6.78327e-06
-7.13043e-06
-7.506e-06
-1.85668e-06
-2.04225e-06
-2.22542e-06
-2.40788e-06
-2.59168e-06
-2.7786e-06
-2.97018e-06
-3.16795e-06
-3.37367e-06
-3.58929e-06
-3.81692e-06
-4.05874e-06
-4.31692e-06
-4.59347e-06
-4.88993e-06
-5.20739e-06
-5.54547e-06
-5.90301e-06
-6.27635e-06
-6.6575e-06
-7.04051e-06
-7.40648e-06
-7.70345e-06
-7.91636e-06
-8.04248e-06
-8.08961e-06
-8.0724e-06
-8.01203e-06
-7.92196e-06
-7.81422e-06
-7.70179e-06
-7.59732e-06
-7.51139e-06
-7.45196e-06
-7.42601e-06
-7.43774e-06
-7.48543e-06
-7.56491e-06
-7.68653e-06
-7.85077e-06
-8.05381e-06
-8.29107e-06
-8.5588e-06
-8.85368e-06
-9.17196e-06
-7.35967e-07
-9.60317e-07
-1.18694e-06
-1.415e-06
-1.64573e-06
-1.88103e-06
-2.1226e-06
-2.37192e-06
-2.63037e-06
-2.89945e-06
-3.18083e-06
-3.47627e-06
-3.78753e-06
-4.11626e-06
-4.46375e-06
-4.83099e-06
-5.21813e-06
-5.62458e-06
-6.04846e-06
-6.48535e-06
-6.92967e-06
-7.36824e-06
-7.76352e-06
-8.09142e-06
-8.34834e-06
-8.53914e-06
-8.67435e-06
-8.76625e-06
-8.82507e-06
-8.8609e-06
-8.8839e-06
-8.90318e-06
-8.92634e-06
-8.95896e-06
-9.00553e-06
-9.07105e-06
-9.1584e-06
-9.26993e-06
-9.40575e-06
-9.56648e-06
-9.7515e-06
-9.95952e-06
-1.01891e-05
-1.04384e-05
-1.07052e-05
2.55398e-07
-8.60066e-09
-2.74138e-07
-5.4413e-07
-8.19217e-07
-1.1001e-06
-1.38825e-06
-1.68524e-06
-1.99231e-06
-2.31064e-06
-2.64159e-06
-2.98669e-06
-3.34742e-06
-3.72516e-06
-4.1211e-06
-4.53617e-06
-4.97088e-06
-5.42503e-06
-5.89778e-06
-6.38633e-06
-6.88679e-06
-7.39328e-06
-7.87259e-06
-8.29313e-06
-8.65103e-06
-8.95068e-06
-9.19827e-06
-9.4021e-06
-9.57092e-06
-9.71301e-06
-9.83598e-06
-9.94644e-06
-1.00501e-05
-1.01526e-05
-1.02581e-05
-1.03704e-05
-1.04938e-05
-1.06294e-05
-1.07786e-05
-1.09408e-05
-1.1116e-05
-1.13047e-05
-1.1507e-05
-1.17221e-05
-1.19488e-05
9.97044e-07
7.03626e-07
4.05439e-07
1.01301e-07
-2.09273e-07
-5.27091e-07
-8.53435e-07
-1.18953e-06
-1.53636e-06
-1.89492e-06
-2.26635e-06
-2.65192e-06
-3.05284e-06
-3.47027e-06
-3.90526e-06
-4.35867e-06
-4.83112e-06
-5.32268e-06
-5.83295e-06
-6.36042e-06
-6.90285e-06
-7.4565e-06
-7.99086e-06
-8.47314e-06
-8.89822e-06
-9.26957e-06
-9.59194e-06
-9.8719e-06
-1.01164e-05
-1.0332e-05
-1.05243e-05
-1.06988e-05
-1.08603e-05
-1.10131e-05
-1.11609e-05
-1.13063e-05
-1.14526e-05
-1.16024e-05
-1.1757e-05
-1.19166e-05
-1.20821e-05
-1.22547e-05
-1.24347e-05
-1.2622e-05
-1.28163e-05
1.5436e-06
1.22363e-06
8.97221e-07
5.63926e-07
2.2309e-07
-1.26152e-07
-4.84721e-07
-8.53452e-07
-1.23313e-06
-1.6246e-06
-2.02878e-06
-2.44667e-06
-2.87924e-06
-3.32743e-06
-3.7921e-06
-4.27398e-06
-4.77364e-06
-5.29125e-06
-5.82666e-06
-6.379e-06
-6.94666e-06
-7.52709e-06
-8.09247e-06
-8.61077e-06
-9.07621e-06
-9.49214e-06
-9.86273e-06
-1.01931e-05
-1.04885e-05
-1.0754e-05
-1.09942e-05
-1.12132e-05
-1.1415e-05
-1.16028e-05
-1.17795e-05
-1.19484e-05
-1.21121e-05
-1.2273e-05
-1.24323e-05
-1.25913e-05
-1.27513e-05
-1.29134e-05
-1.3078e-05
-1.32458e-05
-1.34171e-05
1.92294e-06
1.58028e-06
1.23029e-06
8.72545e-07
5.06406e-07
1.31244e-07
-2.53539e-07
-6.48533e-07
-1.05435e-06
-1.47165e-06
-1.90112e-06
-2.34351e-06
-2.79955e-06
-3.26993e-06
-3.75533e-06
-4.2563e-06
-4.77326e-06
-5.30636e-06
-5.8555e-06
-6.42006e-06
-6.99886e-06
-7.58997e-06
-8.16813e-06
-8.70347e-06
-9.19049e-06
-9.63231e-06
-1.00324e-05
-1.03946e-05
-1.07231e-05
-1.10217e-05
-1.12941e-05
-1.15435e-05
-1.17732e-05
-1.19858e-05
-1.21838e-05
-1.23702e-05
-1.25476e-05
-1.27178e-05
-1.28821e-05
-1.30423e-05
-1.31995e-05
-1.33548e-05
-1.35093e-05
-1.36637e-05
-1.38188e-05
2.1729e-06
1.81152e-06
1.44206e-06
1.06417e-06
6.77412e-07
2.81405e-07
-1.2423e-07
-5.39886e-07
-9.65984e-07
-1.40297e-06
-1.85133e-06
-2.31156e-06
-2.78416e-06
-3.26961e-06
-3.76835e-06
-4.28073e-06
-4.80703e-06
-5.34728e-06
-5.90136e-06
-6.46871e-06
-7.04842e-06
-7.63884e-06
-8.21735e-06
-8.75713e-06
-9.25313e-06
-9.708e-06
-1.01245e-05
-1.05057e-05
-1.08547e-05
-1.11746e-05
-1.14682e-05
-1.17384e-05
-1.19876e-05
-1.22181e-05
-1.24321e-05
-1.26318e-05
-1.28198e-05
-1.29976e-05
-1.31668e-05
-1.33288e-05
-1.3485e-05
-1.36367e-05
-1.37849e-05
-1.39307e-05
-1.40751e-05
2.32946e-06
1.95246e-06
1.56687e-06
1.17248e-06
7.69058e-07
3.56407e-07
-6.56679e-08
-4.97373e-07
-9.38941e-07
-1.39063e-06
-1.85272e-06
-2.32549e-06
-2.80923e-06
-3.30421e-06
-3.81066e-06
-4.32875e-06
-4.85857e-06
-5.40004e-06
-5.95295e-06
-6.51676e-06
-7.09066e-06
-7.67319e-06
-8.24441e-06
-8.78072e-06
-9.27756e-06
-9.73705e-06
-1.01613e-05
-1.05528e-05
-1.0914e-05
-1.12472e-05
-1.15547e-05
-1.18388e-05
-1.21016e-05
-1.23452e-05
-1.25715e-05
-1.27809e-05
-1.29772e-05
-1.31613e-05
-1.3335e-05
-1.34995e-05
-1.36563e-05
-1.38067e-05
-1.39518e-05
-1.40928e-05
-1.42308e-05
2.42103e-06
2.03099e-06
1.6321e-06
1.22428e-06
8.07454e-07
3.81587e-07
-5.33467e-08
-4.97392e-07
-9.5062e-07
-1.41311e-06
-1.88497e-06
-2.36629e-06
-2.85717e-06
-3.35769e-06
-3.86789e-06
-4.38776e-06
-4.91724e-06
-5.45611e-06
-6.00409e-06
-6.56058e-06
-7.12485e-06
-7.69554e-06
-8.25526e-06
-8.7836e-06
-9.27644e-06
-9.73535e-06
-1.0162e-05
-1.05583e-05
-1.09261e-05
-1.12673e-05
-1.15837e-05
-1.18771e-05
-1.21493e-05
-1.24021e-05
-1.26382e-05
-1.28548e-05
-1.30576e-05
-1.32473e-05
-1.34252e-05
-1.35928e-05
-1.37512e-05
-1.3902e-05
-1.40462e-05
-1.41852e-05
-1.432e-05
2.46958e-06
2.06869e-06
1.65885e-06
1.24008e-06
8.12456e-07
3.76084e-07
-6.89246e-08
-5.22479e-07
-9.84504e-07
-1.45493e-06
-1.93371e-06
-2.42076e-06
-2.91602e-06
-3.4194e-06
-3.93079e-06
-4.45002e-06
-4.97688e-06
-5.51103e-06
-6.05209e-06
-6.59941e-06
-7.1523e-06
-7.70944e-06
-8.25584e-06
-8.77404e-06
-9.26028e-06
-9.71564e-06
-1.01414e-05
-1.05391e-05
-1.09101e-05
-1.12558e-05
-1.15778e-05
-1.18774e-05
-1.2156e-05
-1.2415e-05
-1.2655e-05
-1.28804e-05
-1.30893e-05
-1.32839e-05
-1.34659e-05
-1.36365e-05
-1.37973e-05
-1.39494e-05
-1.40941e-05
-1.42328e-05
-1.43668e-05
2.49129e-06
2.08132e-06
1.66238e-06
1.2346e-06
7.98183e-07
3.53354e-07
-9.96624e-08
-5.60658e-07
-1.02943e-06
-1.50579e-06
-1.98952e-06
-2.48044e-06
-2.97832e-06
-3.48292e-06
-3.99401e-06
-4.51126e-06
-5.03436e-06
-5.56283e-06
-6.09623e-06
-6.63381e-06
-7.17492e-06
-7.71826e-06
-8.25099e-06
-8.75834e-06
-9.23682e-06
-9.68712e-06
-1.01103e-05
-1.05073e-05
-1.08794e-05
-1.12276e-05
-1.15529e-05
-1.18566e-05
-1.21398e-05
-1.24036e-05
-1.26495e-05
-1.28787e-05
-1.30921e-05
-1.3291e-05
-1.34766e-05
-1.36503e-05
-1.38135e-05
-1.39675e-05
-1.41136e-05
-1.42532e-05
-1.43875e-05
2.49732e-06
2.07965e-06
1.65304e-06
1.21773e-06
7.74029e-07
3.22252e-07
-1.37278e-07
-6.04248e-07
-1.07835e-06
-1.55927e-06
-2.04669e-06
-2.54028e-06
-3.03972e-06
-3.54464e-06
-4.05466e-06
-4.56936e-06
-5.08829e-06
-5.61089e-06
-6.13662e-06
-6.66468e-06
-7.19442e-06
-7.72452e-06
-8.2441e-06
-8.74074e-06
-9.2112e-06
-9.65589e-06
-1.00755e-05
-1.04709e-05
-1.08429e-05
-1.11921e-05
-1.15195e-05
-1.1826e-05
-1.21124e-05
-1.23795e-05
-1.26277e-05
-1.28621e-05
-1.30794e-05
-1.32818e-05
-1.34705e-05
-1.36471e-05
-1.38127e-05
-1.39688e-05
-1.41166e-05
-1.42575e-05
-1.4393e-05
2.49496e-06
2.07067e-06
1.63749e-06
1.19577e-06
7.45899e-07
2.88277e-07
-1.76693e-07
-6.48607e-07
-1.12706e-06
-1.61164e-06
-2.10193e-06
-2.5975e-06
-3.09791e-06
-3.60268e-06
-4.11134e-06
-4.62335e-06
-5.13816e-06
-5.65513e-06
-6.17363e-06
-6.69281e-06
-7.21199e-06
-7.72985e-06
-8.23725e-06
-8.72378e-06
-9.1865e-06
-9.62557e-06
-1.00415e-05
-1.04347e-05
-1.08058e-05
-1.11554e-05
-1.1484e-05
-1.17923e-05
-1.20811e-05
-1.2351e-05
-1.26027e-05
-1.28392e-05
-1.30594e-05
-1.32648e-05
-1.34562e-05
-1.36352e-05
-1.38031e-05
-1.39612e-05
-1.41108e-05
-1.42533e-05
-1.43901e-05
2.48872e-06
2.05864e-06
1.61976e-06
1.17248e-06
7.17285e-07
2.54632e-07
-2.14999e-07
-6.91125e-07
-1.17326e-06
-1.6609e-06
-2.15355e-06
-2.65068e-06
-3.15175e-06
-3.65621e-06
-4.16346e-06
-4.6729e-06
-5.18388e-06
-5.69567e-06
-6.20758e-06
-6.71871e-06
-7.22834e-06
-7.73514e-06
-8.23149e-06
-8.70879e-06
-9.16432e-06
-9.59807e-06
-1.00103e-05
-1.04012e-05
-1.07712e-05
-1.11207e-05
-1.14499e-05
-1.17595e-05
-1.20501e-05
-1.23221e-05
-1.25765e-05
-1.28149e-05
-1.30372e-05
-1.32451e-05
-1.34388e-05
-1.36199e-05
-1.37898e-05
-1.39496e-05
-1.41009e-05
-1.42449e-05
-1.43832e-05
2.48121e-06
2.04602e-06
1.60212e-06
1.14996e-06
6.90086e-07
2.23023e-07
-2.50685e-07
-7.30487e-07
-1.21582e-06
-1.70612e-06
-2.20079e-06
-2.69924e-06
-3.20084e-06
-3.70495e-06
-4.21091e-06
-4.71802e-06
-5.22555e-06
-5.73271e-06
-6.23874e-06
-6.74269e-06
-7.24381e-06
-7.74076e-06
-8.22723e-06
-8.69623e-06
-9.14526e-06
-9.57413e-06
-9.9829e-06
-1.03716e-05
-1.07404e-05
-1.10895e-05
-1.14191e-05
-1.17296e-05
-1.20215e-05
-1.22953e-05
-1.25516e-05
-1.27916e-05
-1.30157e-05
-1.32257e-05
-1.34213e-05
-1.36041e-05
-1.37756e-05
-1.3937e-05
-1.40897e-05
-1.42351e-05
-1.43747e-05
2.47385e-06
2.03412e-06
1.58574e-06
1.12924e-06
6.65211e-07
1.94231e-07
-2.83097e-07
-7.66164e-07
-1.25434e-06
-1.747e-06
-2.24347e-06
-2.74309e-06
-3.24517e-06
-3.74899e-06
-4.25381e-06
-4.75886e-06
-5.26336e-06
-5.76644e-06
-6.26729e-06
-6.76491e-06
-7.25852e-06
-7.74676e-06
-8.22449e-06
-8.68611e-06
-9.12935e-06
-9.55385e-06
-9.95949e-06
-1.03462e-05
-1.07138e-05
-1.10625e-05
-1.13923e-05
-1.17034e-05
-1.19963e-05
-1.22714e-05
-1.25293e-05
-1.27706e-05
-1.29965e-05
-1.32079e-05
-1.34051e-05
-1.35893e-05
-1.37621e-05
-1.39248e-05
-1.40787e-05
-1.42253e-05
-1.43661e-05
2.4673e-06
2.0235e-06
1.57113e-06
1.11075e-06
6.43005e-07
1.68521e-07
-3.1205e-07
-7.98041e-07
-1.28877e-06
-1.78355e-06
-2.28165e-06
-2.78235e-06
-3.28489e-06
-3.78849e-06
-4.29235e-06
-4.79563e-06
-5.29749e-06
-5.79702e-06
-6.29334e-06
-6.78542e-06
-7.27245e-06
-7.75304e-06
-8.22307e-06
-8.67818e-06
-9.11631e-06
-9.53695e-06
-9.93982e-06
-1.03246e-05
-1.06912e-05
-1.10395e-05
-1.13694e-05
-1.16811e-05
-1.19748e-05
-1.2251e-05
-1.251e-05
-1.27524e-05
-1.29799e-05
-1.31924e-05
-1.33909e-05
-1.35763e-05
-1.37502e-05
-1.39139e-05
-1.40687e-05
-1.42162e-05
-1.43579e-05
2.4618e-06
2.01438e-06
1.55843e-06
1.09459e-06
6.23525e-07
1.45905e-07
-3.37569e-07
-8.26185e-07
-1.31921e-06
-1.8159e-06
-2.31549e-06
-2.81719e-06
-3.32018e-06
-3.82364e-06
-4.3267e-06
-4.82848e-06
-5.32808e-06
-5.82453e-06
-6.31693e-06
-6.8042e-06
-7.28549e-06
-7.75941e-06
-8.22269e-06
-8.67212e-06
-9.10578e-06
-9.52305e-06
-9.92348e-06
-1.03067e-05
-1.06723e-05
-1.10202e-05
-1.13502e-05
-1.16623e-05
-1.19567e-05
-1.22338e-05
-1.24938e-05
-1.27371e-05
-1.29659e-05
-1.31794e-05
-1.33788e-05
-1.35651e-05
-1.37399e-05
-1.39044e-05
-1.406e-05
-1.42083e-05
-1.43507e-05
2.45732e-06
2.00663e-06
1.54748e-06
1.08052e-06
6.06469e-07
1.26028e-07
-3.60062e-07
-8.51048e-07
-1.34616e-06
-1.84459e-06
-2.34555e-06
-2.84818e-06
-3.35163e-06
-3.85502e-06
-4.35744e-06
-4.85795e-06
-5.35561e-06
-5.84942e-06
-6.33841e-06
-6.82148e-06
-7.29777e-06
-7.76582e-06
-8.22314e-06
-8.66752e-06
-9.09726e-06
-9.51157e-06
-9.90987e-06
-1.02916e-05
-1.06565e-05
-1.1004e-05
-1.13341e-05
-1.16466e-05
-1.19416e-05
-1.22194e-05
-1.24803e-05
-1.27245e-05
-1.29542e-05
-1.31686e-05
-1.33687e-05
-1.35558e-05
-1.37313e-05
-1.38964e-05
-1.40526e-05
-1.42013e-05
-1.43443e-05
2.4536e-06
1.99979e-06
1.53758e-06
1.06766e-06
5.90764e-07
1.07633e-07
-3.80954e-07
-8.74207e-07
-1.37131e-06
-1.87143e-06
-2.37371e-06
-2.87727e-06
-3.38121e-06
-3.88459e-06
-4.38647e-06
-4.88586e-06
-5.38177e-06
-5.87316e-06
-6.35903e-06
-6.83825e-06
-7.30991e-06
-7.77251e-06
-8.22428e-06
-8.66397e-06
-9.09006e-06
-9.50163e-06
-9.89797e-06
-1.02785e-05
-1.06425e-05
-1.09898e-05
-1.132e-05
-1.16328e-05
-1.19284e-05
-1.22069e-05
-1.24686e-05
-1.27136e-05
-1.2944e-05
-1.31592e-05
-1.33601e-05
-1.35477e-05
-1.37237e-05
-1.38893e-05
-1.40459e-05
-1.41951e-05
-1.43384e-05
2.45052e-06
1.99369e-06
1.52849e-06
1.05564e-06
5.75922e-07
9.01191e-08
-4.00954e-07
-8.96463e-07
-1.39556e-06
-1.89735e-06
-2.40095e-06
-2.90543e-06
-3.40984e-06
-3.91321e-06
-4.41454e-06
-4.9128e-06
-5.40698e-06
-5.896e-06
-6.37883e-06
-6.85432e-06
-7.32158e-06
-7.77909e-06
-8.22579e-06
-8.66131e-06
-9.0841e-06
-9.49315e-06
-9.88766e-06
-1.02669e-05
-1.06303e-05
-1.09772e-05
-1.13074e-05
-1.16206e-05
-1.19167e-05
-1.21958e-05
-1.24581e-05
-1.27038e-05
-1.29349e-05
-1.31507e-05
-1.33522e-05
-1.35405e-05
-1.37171e-05
-1.38831e-05
-1.40401e-05
-1.41896e-05
-1.43333e-05
-3.01701e-06
-8.56731e-06
-8.9993e-06
-9.25681e-06
-9.80126e-06
-1.05373e-05
-1.14238e-05
-1.24381e-05
-1.35707e-05
-1.48203e-05
-1.61909e-05
-1.76896e-05
-1.93259e-05
-2.11116e-05
-2.30565e-05
1.48394e-07
-5.35032e-06
-7.28724e-06
-8.38959e-06
-9.33933e-06
-1.02732e-05
-1.12645e-05
-1.23397e-05
-1.35092e-05
-1.47817e-05
-1.6166e-05
-1.76723e-05
-1.93118e-05
-2.10974e-05
-2.30396e-05
2.13263e-06
-3.13463e-06
-5.91941e-06
-7.58954e-06
-8.87061e-06
-9.99682e-06
-1.10978e-05
-1.22375e-05
-1.34463e-05
-1.47428e-05
-1.61415e-05
-1.76555e-05
-1.9298e-05
-2.1083e-05
-2.3022e-05
2.99011e-06
-1.67886e-06
-4.78361e-06
-6.83647e-06
-8.39303e-06
-9.70554e-06
-1.09221e-05
-1.21318e-05
-1.3383e-05
-1.4705e-05
-1.61185e-05
-1.76402e-05
-1.92854e-05
-2.10695e-05
-2.30048e-05
3.34078e-06
-5.35351e-07
-3.68234e-06
-6.02359e-06
-7.84359e-06
-9.35595e-06
-1.07079e-05
-1.20034e-05
-1.33076e-05
-1.46614e-05
-1.6093e-05
-1.76241e-05
-1.92725e-05
-2.10555e-05
-2.29864e-05
3.53009e-06
2.87648e-07
-2.69211e-06
-5.17628e-06
-7.21336e-06
-8.92531e-06
-1.04311e-05
-1.18329e-05
-1.32061e-05
-1.46026e-05
-1.60592e-05
-1.76034e-05
-1.92569e-05
-2.10393e-05
-2.29656e-05
3.51831e-06
7.99083e-07
-1.90957e-06
-4.38471e-06
-6.54783e-06
-8.42433e-06
-1.00831e-05
-1.16052e-05
-1.30639e-05
-1.45171e-05
-1.60086e-05
-1.75722e-05
-1.92345e-05
-2.1018e-05
-2.29401e-05
3.29427e-06
1.00997e-06
-1.38948e-06
-3.73883e-06
-5.92159e-06
-7.89666e-06
-9.67991e-06
-1.1319e-05
-1.28719e-05
-1.43936e-05
-1.59309e-05
-1.75223e-05
-1.91989e-05
-2.09867e-05
-2.29059e-05
2.88754e-06
9.58212e-07
-1.1384e-06
-3.29552e-06
-5.40723e-06
-7.40366e-06
-9.26103e-06
-1.09926e-05
-1.26335e-05
-1.42276e-05
-1.58184e-05
-1.74453e-05
-1.91423e-05
-2.09385e-05
-2.28568e-05
2.32861e-06
6.87212e-07
-1.13492e-06
-3.07513e-06
-5.05475e-06
-7.0031e-06
-8.87594e-06
-1.066e-05
-1.23674e-05
-1.40257e-05
-1.56698e-05
-1.73358e-05
-1.90575e-05
-2.08655e-05
-2.27849e-05
1.63948e-06
2.33059e-07
-1.349e-06
-3.07324e-06
-4.88827e-06
-6.73661e-06
-8.57027e-06
-1.03608e-05
-1.21019e-05
-1.38046e-05
-1.54922e-05
-1.71941e-05
-1.89404e-05
-2.0761e-05
-2.26817e-05
8.32547e-07
-3.79629e-07
-1.75414e-06
-3.2756e-06
-4.914e-06
-6.62898e-06
-8.37912e-06
-1.01315e-05
-1.18684e-05
-1.35873e-05
-1.52997e-05
-1.70261e-05
-1.87907e-05
-2.062e-05
-2.25391e-05
-8.73359e-08
-1.13662e-06
-2.33175e-06
-3.668e-06
-5.13025e-06
-6.69358e-06
-8.32769e-06
-1.00028e-05
-1.16971e-05
-1.33989e-05
-1.51107e-05
-1.68427e-05
-1.86119e-05
-2.04401e-05
-2.23494e-05
-1.11948e-06
-2.03045e-06
-3.07003e-06
-4.23939e-06
-5.53292e-06
-6.93746e-06
-8.43415e-06
-1.00001e-05
-1.1616e-05
-1.32641e-05
-1.49445e-05
-1.66578e-05
-1.84107e-05
-2.02203e-05
-2.21055e-05
-2.26409e-06
-3.05651e-06
-3.96068e-06
-4.9807e-06
-6.11651e-06
-7.36292e-06
-8.71034e-06
-1.01442e-05
-1.16497e-05
-1.32119e-05
-1.48208e-05
-1.64826e-05
-1.81952e-05
-1.99621e-05
-2.18013e-05
-3.52029e-06
-4.2101e-06
-4.99575e-06
-5.88239e-06
-6.87274e-06
-7.96654e-06
-9.16055e-06
-1.04478e-05
-1.18191e-05
-1.32662e-05
-1.47642e-05
-1.63343e-05
-1.7973e-05
-1.96677e-05
-2.14322e-05
-4.88705e-06
-5.48658e-06
-6.16706e-06
-6.93372e-06
-7.79013e-06
-8.73884e-06
-9.78002e-06
-1.09131e-05
-1.21329e-05
-1.34355e-05
-1.48073e-05
-1.62374e-05
-1.77515e-05
-1.93416e-05
-2.09969e-05
-6.35723e-06
-6.8759e-06
-7.4615e-06
-8.11862e-06
-8.85096e-06
-9.66161e-06
-1.05532e-05
-1.15267e-05
-1.25827e-05
-1.37179e-05
-1.49309e-05
-1.62097e-05
-1.75565e-05
-1.89906e-05
-2.04976e-05
-7.90955e-06
-8.35387e-06
-8.85186e-06
-9.40718e-06
-1.00229e-05
-1.0702e-05
-1.14473e-05
-1.22614e-05
-1.31459e-05
-1.41018e-05
-1.51286e-05
-1.6225e-05
-1.73901e-05
-1.86278e-05
-1.99432e-05
-9.51317e-06
-9.8861e-06
-1.03e-05
-1.07578e-05
-1.12616e-05
-1.18138e-05
-1.24168e-05
-1.30733e-05
-1.37858e-05
-1.45566e-05
-1.53876e-05
-1.62803e-05
-1.72358e-05
-1.82572e-05
-1.93474e-05
-1.09896e-05
-1.1298e-05
-1.16365e-05
-1.20067e-05
-1.24102e-05
-1.28484e-05
-1.33234e-05
-1.38373e-05
-1.43927e-05
-1.49922e-05
-1.56385e-05
-1.63344e-05
-1.70828e-05
-1.78874e-05
-1.87519e-05
-1.21876e-05
-1.24428e-05
-1.27182e-05
-1.30154e-05
-1.33355e-05
-1.36798e-05
-1.40499e-05
-1.44476e-05
-1.48751e-05
-1.53351e-05
-1.58303e-05
-1.63643e-05
-1.69409e-05
-1.75649e-05
-1.82412e-05
-1.30186e-05
-1.32322e-05
-1.34598e-05
-1.37022e-05
-1.39605e-05
-1.42358e-05
-1.45295e-05
-1.48431e-05
-1.51787e-05
-1.55388e-05
-1.59261e-05
-1.63443e-05
-1.67978e-05
-1.7292e-05
-1.78331e-05
-1.35929e-05
-1.3776e-05
-1.39683e-05
-1.41705e-05
-1.43836e-05
-1.46089e-05
-1.48475e-05
-1.51011e-05
-1.53715e-05
-1.56611e-05
-1.59728e-05
-1.63102e-05
-1.66778e-05
-1.70814e-05
-1.75273e-05
-1.39757e-05
-1.41368e-05
-1.43036e-05
-1.44771e-05
-1.46582e-05
-1.48481e-05
-1.50483e-05
-1.52602e-05
-1.54859e-05
-1.57275e-05
-1.5988e-05
-1.62709e-05
-1.65807e-05
-1.6923e-05
-1.7304e-05
-1.42193e-05
-1.43655e-05
-1.45151e-05
-1.4669e-05
-1.48285e-05
-1.49948e-05
-1.51694e-05
-1.53538e-05
-1.555e-05
-1.57603e-05
-1.59876e-05
-1.62351e-05
-1.65071e-05
-1.68091e-05
-1.71467e-05
-1.43673e-05
-1.45042e-05
-1.46429e-05
-1.47845e-05
-1.49304e-05
-1.50818e-05
-1.52402e-05
-1.54074e-05
-1.55853e-05
-1.57761e-05
-1.59826e-05
-1.62079e-05
-1.6456e-05
-1.67319e-05
-1.70407e-05
-1.44525e-05
-1.45842e-05
-1.47167e-05
-1.48511e-05
-1.4989e-05
-1.51317e-05
-1.52808e-05
-1.54379e-05
-1.5605e-05
-1.57843e-05
-1.59785e-05
-1.61904e-05
-1.64237e-05
-1.6683e-05
-1.69726e-05
-1.44976e-05
-1.4627e-05
-1.47564e-05
-1.48874e-05
-1.50212e-05
-1.51594e-05
-1.53036e-05
-1.54554e-05
-1.56168e-05
-1.57899e-05
-1.59772e-05
-1.61813e-05
-1.64058e-05
-1.66544e-05
-1.69311e-05
-1.45182e-05
-1.46471e-05
-1.47757e-05
-1.49053e-05
-1.50376e-05
-1.5174e-05
-1.53161e-05
-1.54657e-05
-1.56246e-05
-1.57947e-05
-1.59786e-05
-1.61785e-05
-1.63977e-05
-1.66394e-05
-1.69073e-05
-1.45245e-05
-1.4654e-05
-1.47828e-05
-1.49126e-05
-1.50448e-05
-1.51811e-05
-1.53229e-05
-1.5472e-05
-1.56301e-05
-1.57994e-05
-1.59817e-05
-1.61796e-05
-1.63957e-05
-1.66328e-05
-1.68942e-05
-1.4523e-05
-1.46535e-05
-1.47833e-05
-1.49139e-05
-1.50468e-05
-1.51837e-05
-1.53262e-05
-1.54758e-05
-1.56343e-05
-1.58036e-05
-1.59857e-05
-1.61826e-05
-1.63968e-05
-1.66308e-05
-1.68873e-05
-1.45174e-05
-1.46492e-05
-1.47801e-05
-1.49119e-05
-1.50459e-05
-1.51839e-05
-1.53273e-05
-1.54779e-05
-1.56373e-05
-1.58072e-05
-1.59895e-05
-1.61861e-05
-1.63992e-05
-1.66308e-05
-1.68834e-05
-1.45102e-05
-1.46432e-05
-1.47753e-05
-1.49082e-05
-1.50434e-05
-1.51826e-05
-1.53272e-05
-1.54789e-05
-1.56392e-05
-1.581e-05
-1.59928e-05
-1.61893e-05
-1.64016e-05
-1.66313e-05
-1.68807e-05
-1.45026e-05
-1.46367e-05
-1.47699e-05
-1.49039e-05
-1.50402e-05
-1.51804e-05
-1.53261e-05
-1.54789e-05
-1.56403e-05
-1.58118e-05
-1.59951e-05
-1.61917e-05
-1.64033e-05
-1.66315e-05
-1.68781e-05
-1.44954e-05
-1.46304e-05
-1.47645e-05
-1.48994e-05
-1.50366e-05
-1.51778e-05
-1.53245e-05
-1.54782e-05
-1.56405e-05
-1.58128e-05
-1.59965e-05
-1.61932e-05
-1.64043e-05
-1.66311e-05
-1.68752e-05
-1.44889e-05
-1.46246e-05
-1.47594e-05
-1.4895e-05
-1.5033e-05
-1.5175e-05
-1.53225e-05
-1.5477e-05
-1.564e-05
-1.58129e-05
-1.59971e-05
-1.61939e-05
-1.64045e-05
-1.663e-05
-1.68719e-05
-1.4483e-05
-1.46193e-05
-1.47546e-05
-1.48908e-05
-1.50294e-05
-1.5172e-05
-1.53202e-05
-1.54754e-05
-1.56391e-05
-1.58125e-05
-1.5997e-05
-1.61937e-05
-1.64039e-05
-1.66283e-05
-1.68682e-05
-1.44776e-05
-1.46143e-05
-1.475e-05
-1.48867e-05
-1.50257e-05
-1.51689e-05
-1.53176e-05
-1.54734e-05
-1.56376e-05
-1.58115e-05
-1.59962e-05
-1.61929e-05
-1.64026e-05
-1.66259e-05
-1.6864e-05
-1.44728e-05
-1.46097e-05
-1.47458e-05
-1.48828e-05
-1.50223e-05
-1.51658e-05
-1.5315e-05
-1.54713e-05
-1.56359e-05
-1.58102e-05
-1.59951e-05
-1.61917e-05
-1.6401e-05
-1.66233e-05
-1.68595e-05
-5.52218e-06
-5.52592e-06
-5.53334e-06
-5.54409e-06
-5.55719e-06
-5.57217e-06
-5.58858e-06
-5.60606e-06
-5.62434e-06
-5.64322e-06
-5.66252e-06
-5.68211e-06
-5.70179e-06
-5.72137e-06
-5.74051e-06
-5.75877e-06
-5.77549e-06
-5.78975e-06
-5.80018e-06
-5.8048e-06
-5.80096e-06
-5.78524e-06
-5.75126e-06
-5.69169e-06
-5.6009e-06
-5.47373e-06
-5.30563e-06
-5.09391e-06
-4.83917e-06
-4.54499e-06
-4.21335e-06
-3.85081e-06
-3.47923e-06
-3.11648e-06
-2.7809e-06
-2.48954e-06
-2.25567e-06
-2.08811e-06
-1.98817e-06
-1.94924e-06
-1.95802e-06
-1.99693e-06
-2.04725e-06
-2.09205e-06
-2.11402e-06
-5.5087e-06
-5.51274e-06
-5.51936e-06
-5.52802e-06
-5.53839e-06
-5.55016e-06
-5.56304e-06
-5.57678e-06
-5.59114e-06
-5.6059e-06
-5.62085e-06
-5.63577e-06
-5.65041e-06
-5.6645e-06
-5.67766e-06
-5.68943e-06
-5.69919e-06
-5.70604e-06
-5.70869e-06
-5.7052e-06
-5.69284e-06
-5.6677e-06
-5.62361e-06
-5.55502e-06
-5.45752e-06
-5.3267e-06
-5.15889e-06
-4.95208e-06
-4.70623e-06
-4.42345e-06
-4.1105e-06
-3.78209e-06
-3.4493e-06
-3.12545e-06
-2.82635e-06
-2.5675e-06
-2.36144e-06
-2.21387e-06
-2.12364e-06
-2.08338e-06
-2.08133e-06
-2.10377e-06
-2.13755e-06
-2.1729e-06
-2.20419e-06
-5.4896e-06
-5.49632e-06
-5.50382e-06
-5.51257e-06
-5.52259e-06
-5.53366e-06
-5.54556e-06
-5.55813e-06
-5.57121e-06
-5.58461e-06
-5.59818e-06
-5.6117e-06
-5.62498e-06
-5.63778e-06
-5.64983e-06
-5.66084e-06
-5.67046e-06
-5.67823e-06
-5.68348e-06
-5.68511e-06
-5.68138e-06
-5.6692e-06
-5.64252e-06
-5.59507e-06
-5.52089e-06
-5.41344e-06
-5.26694e-06
-5.07756e-06
-4.84428e-06
-4.56927e-06
-4.25764e-06
-3.92181e-06
-3.57681e-06
-3.23896e-06
-2.92567e-06
-2.65318e-06
-2.43414e-06
-2.27532e-06
-2.17665e-06
-2.13168e-06
-2.12923e-06
-2.15572e-06
-2.19775e-06
-2.24704e-06
-2.30327e-06
-5.46653e-06
-5.47628e-06
-5.48538e-06
-5.49496e-06
-5.50539e-06
-5.51656e-06
-5.52836e-06
-5.54073e-06
-5.55359e-06
-5.56682e-06
-5.58034e-06
-5.59401e-06
-5.60773e-06
-5.62141e-06
-5.63501e-06
-5.64859e-06
-5.66233e-06
-5.67661e-06
-5.69192e-06
-5.70874e-06
-5.72724e-06
-5.74595e-06
-5.75808e-06
-5.75403e-06
-5.72402e-06
-5.65749e-06
-5.54488e-06
-5.38023e-06
-5.16147e-06
-4.89104e-06
-4.57501e-06
-4.22477e-06
-3.85625e-06
-3.48771e-06
-3.13881e-06
-2.82845e-06
-2.57229e-06
-2.38039e-06
-2.25568e-06
-2.19388e-06
-2.18471e-06
-2.21393e-06
-2.26624e-06
-2.33253e-06
-2.41435e-06
-5.4425e-06
-5.45534e-06
-5.4663e-06
-5.47708e-06
-5.48841e-06
-5.50028e-06
-5.51269e-06
-5.52568e-06
-5.53927e-06
-5.55344e-06
-5.56818e-06
-5.58348e-06
-5.59938e-06
-5.61599e-06
-5.63361e-06
-5.65279e-06
-5.6745e-06
-5.70027e-06
-5.73229e-06
-5.77329e-06
-5.82613e-06
-5.89188e-06
-5.96233e-06
-6.02169e-06
-6.05408e-06
-6.04305e-06
-5.97459e-06
-5.84238e-06
-5.64384e-06
-5.38123e-06
-5.05932e-06
-4.69043e-06
-4.29016e-06
-3.87817e-06
-3.47645e-06
-3.10744e-06
-2.79154e-06
-2.54424e-06
-2.37372e-06
-2.27957e-06
-2.25326e-06
-2.27961e-06
-2.34024e-06
-2.42378e-06
-2.53221e-06
-5.41962e-06
-5.43536e-06
-5.44821e-06
-5.46037e-06
-5.47288e-06
-5.48586e-06
-5.49939e-06
-5.51364e-06
-5.52871e-06
-5.54471e-06
-5.56173e-06
-5.57989e-06
-5.59941e-06
-5.62066e-06
-5.64431e-06
-5.67153e-06
-5.7042e-06
-5.74529e-06
-5.79902e-06
-5.87085e-06
-5.96694e-06
-6.0915e-06
-6.2342e-06
-6.37002e-06
-6.47469e-06
-6.52566e-06
-6.50899e-06
-6.41684e-06
-6.24501e-06
-5.99467e-06
-5.66933e-06
-5.28138e-06
-4.8468e-06
-4.38564e-06
-3.92149e-06
-3.4803e-06
-3.08797e-06
-2.76702e-06
-2.5329e-06
-2.39107e-06
-2.33602e-06
-2.35201e-06
-2.4171e-06
-2.51683e-06
-2.65308e-06
-5.39932e-06
-5.41758e-06
-5.43218e-06
-5.44574e-06
-5.45957e-06
-5.47386e-06
-5.48883e-06
-5.50471e-06
-5.52177e-06
-5.54018e-06
-5.56018e-06
-5.58202e-06
-5.6061e-06
-5.63307e-06
-5.66401e-06
-5.7007e-06
-5.74603e-06
-5.80448e-06
-5.8825e-06
-5.98855e-06
-6.13222e-06
-6.32121e-06
-6.54224e-06
-6.75859e-06
-6.93722e-06
-7.0561e-06
-7.09981e-06
-7.05256e-06
-6.9071e-06
-6.66511e-06
-6.33798e-06
-5.93507e-06
-5.47046e-06
-4.96308e-06
-4.43683e-06
-3.92014e-06
-3.44405e-06
-3.03862e-06
-2.72797e-06
-2.52537e-06
-2.43015e-06
-2.42721e-06
-2.49139e-06
-2.60498e-06
-2.76945e-06
-5.3824e-06
-5.40277e-06
-5.41891e-06
-5.43381e-06
-5.44896e-06
-5.46465e-06
-5.48117e-06
-5.49889e-06
-5.51816e-06
-5.53929e-06
-5.56261e-06
-5.58853e-06
-5.61762e-06
-5.6508e-06
-5.68951e-06
-5.73615e-06
-5.79456e-06
-5.87069e-06
-5.97329e-06
-6.11388e-06
-6.30533e-06
-6.559e-06
-6.85869e-06
-7.156e-06
-7.40981e-06
-7.59233e-06
-7.68213e-06
-7.66704e-06
-7.54431e-06
-7.31675e-06
-6.99265e-06
-6.58107e-06
-6.09458e-06
-5.55014e-06
-4.97047e-06
-4.3848e-06
-3.82783e-06
-3.33634e-06
-2.94347e-06
-2.67156e-06
-2.52675e-06
-2.49646e-06
-2.55352e-06
-2.6774e-06
-2.86907e-06
-5.36917e-06
-5.39128e-06
-5.40876e-06
-5.42488e-06
-5.44129e-06
-5.45834e-06
-5.47641e-06
-5.49597e-06
-5.51747e-06
-5.54134e-06
-5.56802e-06
-5.59806e-06
-5.63219e-06
-5.67154e-06
-5.7179e-06
-5.7742e-06
-5.84514e-06
-5.93799e-06
-6.06369e-06
-6.23687e-06
-6.47292e-06
-6.78678e-06
-7.15947e-06
-7.53011e-06
-7.8484e-06
-8.08165e-06
-8.20813e-06
-8.21855e-06
-8.11277e-06
-7.89519e-06
-7.57398e-06
-7.15767e-06
-6.657e-06
-6.08634e-06
-5.46611e-06
-4.82452e-06
-4.19777e-06
-3.62743e-06
-3.15469e-06
-2.81111e-06
-2.61107e-06
-2.54655e-06
-2.59026e-06
-2.71985e-06
-2.93596e-06
-5.35961e-06
-5.38319e-06
-5.40181e-06
-5.41902e-06
-5.43658e-06
-5.45487e-06
-5.47436e-06
-5.49561e-06
-5.51918e-06
-5.54561e-06
-5.57544e-06
-5.60934e-06
-5.64819e-06
-5.69331e-06
-5.74676e-06
-5.81191e-06
-5.89417e-06
-6.00197e-06
-6.14815e-06
-6.35068e-06
-6.62593e-06
-6.99273e-06
-7.42904e-06
-7.86175e-06
-8.23121e-06
-8.50194e-06
-8.65315e-06
-8.6782e-06
-8.57978e-06
-8.36506e-06
-8.04301e-06
-7.6221e-06
-7.11151e-06
-6.52318e-06
-5.87468e-06
-5.19197e-06
-4.51062e-06
-3.87447e-06
-3.33104e-06
-2.91963e-06
-2.66335e-06
-2.5604e-06
-2.58539e-06
-2.71564e-06
-2.95191e-06
-5.35351e-06
-5.37839e-06
-5.39801e-06
-5.41619e-06
-5.43474e-06
-5.4541e-06
-5.47478e-06
-5.49745e-06
-5.52278e-06
-5.5514e-06
-5.58397e-06
-5.62126e-06
-5.66428e-06
-5.7145e-06
-5.77421e-06
-5.84712e-06
-5.93921e-06
-6.05977e-06
-6.22311e-06
-6.45059e-06
-6.75925e-06
-7.17197e-06
-7.66023e-06
-8.14274e-06
-8.54979e-06
-8.84445e-06
-9.00735e-06
-9.03491e-06
-8.93324e-06
-8.71243e-06
-8.38291e-06
-7.95358e-06
-7.43286e-06
-6.83079e-06
-6.16237e-06
-5.45079e-06
-4.72946e-06
-4.04217e-06
-3.4415e-06
-2.97064e-06
-2.66114e-06
-2.51855e-06
-2.52102e-06
-2.64698e-06
-2.89816e-06
-5.35062e-06
-5.37674e-06
-5.39726e-06
-5.41627e-06
-5.43566e-06
-5.45584e-06
-5.47742e-06
-5.50116e-06
-5.52781e-06
-5.55812e-06
-5.59286e-06
-5.63291e-06
-5.6794e-06
-5.73393e-06
-5.79896e-06
-5.87844e-06
-5.97879e-06
-6.11005e-06
-6.28739e-06
-6.53392e-06
-6.87159e-06
-7.32282e-06
-7.85273e-06
-8.37236e-06
-8.80422e-06
-9.11026e-06
-9.27285e-06
-9.2917e-06
-9.17638e-06
-8.93989e-06
-8.59446e-06
-8.15e-06
-7.61486e-06
-6.99813e-06
-6.31293e-06
-5.57987e-06
-4.82939e-06
-4.10311e-06
-3.45933e-06
-2.93946e-06
-2.58228e-06
-2.40126e-06
-2.3791e-06
-2.49649e-06
-2.75711e-06
-5.35069e-06
-5.37809e-06
-5.39946e-06
-5.4192e-06
-5.43923e-06
-5.45998e-06
-5.4821e-06
-5.50645e-06
-5.5339e-06
-5.5653e-06
-5.60155e-06
-5.64365e-06
-5.69283e-06
-5.7508e-06
-5.82017e-06
-5.9051e-06
-6.01229e-06
-6.15241e-06
-6.34131e-06
-6.60145e-06
-6.96541e-06
-7.44585e-06
-8.0085e-06
-8.55457e-06
-9.00021e-06
-9.30699e-06
-9.45914e-06
-9.45969e-06
-9.32135e-06
-9.05989e-06
-8.68956e-06
-8.2216e-06
-7.66501e-06
-7.02879e-06
-6.32509e-06
-5.57275e-06
-4.79965e-06
-4.04295e-06
-3.36265e-06
-2.80512e-06
-2.4072e-06
-2.19059e-06
-2.14318e-06
-2.24856e-06
-2.51357e-06
-5.3536e-06
-5.3824e-06
-5.40459e-06
-5.42496e-06
-5.44544e-06
-5.46644e-06
-5.4887e-06
-5.51316e-06
-5.54081e-06
-5.57264e-06
-5.60967e-06
-5.65303e-06
-5.70407e-06
-5.76463e-06
-5.83744e-06
-5.92678e-06
-6.03961e-06
-6.18703e-06
-6.38563e-06
-6.65808e-06
-7.04121e-06
-7.544e-06
-8.13204e-06
-8.69601e-06
-9.14643e-06
-9.44541e-06
-9.57905e-06
-9.55345e-06
-9.38406e-06
-9.08929e-06
-8.68533e-06
-8.18498e-06
-7.59839e-06
-6.93519e-06
-6.20738e-06
-5.4327e-06
-4.63768e-06
-3.85782e-06
-3.14243e-06
-2.55239e-06
-2.12084e-06
-1.87213e-06
-1.79968e-06
-1.8904e-06
-2.15563e-06
-5.35935e-06
-5.38972e-06
-5.41275e-06
-5.43364e-06
-5.45435e-06
-5.47527e-06
-5.49719e-06
-5.52119e-06
-5.54839e-06
-5.57992e-06
-5.61696e-06
-5.66079e-06
-5.71288e-06
-5.77521e-06
-5.85063e-06
-5.94355e-06
-6.06107e-06
-6.2146e-06
-6.42147e-06
-6.70522e-06
-7.10117e-06
-7.62259e-06
-8.22919e-06
-8.80458e-06
-9.25248e-06
-9.53709e-06
-9.64595e-06
-9.58808e-06
-9.38098e-06
-9.04562e-06
-8.60001e-06
-8.05857e-06
-7.43289e-06
-6.73374e-06
-5.97366e-06
-5.17001e-06
-4.34871e-06
-3.54461e-06
-2.79767e-06
-2.17563e-06
-1.71438e-06
-1.43576e-06
-1.33855e-06
-1.41247e-06
-1.67478e-06
-5.36808e-06
-5.40023e-06
-5.42414e-06
-5.44544e-06
-5.46613e-06
-5.48657e-06
-5.50764e-06
-5.53055e-06
-5.55658e-06
-5.58705e-06
-5.62331e-06
-5.66681e-06
-5.71918e-06
-5.78254e-06
-5.85987e-06
-5.95568e-06
-6.07721e-06
-6.23603e-06
-6.44996e-06
-6.74327e-06
-7.14979e-06
-7.68629e-06
-8.30569e-06
-8.8881e-06
-9.32751e-06
-9.59287e-06
-9.67239e-06
-9.57716e-06
-9.32713e-06
-8.94506e-06
-8.45066e-06
-7.85996e-06
-7.18615e-06
-6.44141e-06
-5.63936e-06
-4.79785e-06
-3.94233e-06
-3.10704e-06
-2.33072e-06
-1.6756e-06
-1.18212e-06
-8.74542e-07
-7.53091e-07
-8.08296e-07
-1.06589e-06
-5.3801e-06
-5.41427e-06
-5.43909e-06
-5.46067e-06
-5.48103e-06
-5.50053e-06
-5.52015e-06
-5.54127e-06
-5.56536e-06
-5.59396e-06
-5.62865e-06
-5.67106e-06
-5.723e-06
-5.78674e-06
-5.86541e-06
-5.96362e-06
-6.0887e-06
-6.25233e-06
-6.47258e-06
-6.77421e-06
-7.19017e-06
-7.73917e-06
-8.36959e-06
-8.95013e-06
-9.3794e-06
-9.62212e-06
-9.66886e-06
-9.53272e-06
-9.23537e-06
-8.80144e-06
-8.252e-06
-7.6046e-06
-6.87401e-06
-6.07402e-06
-5.21967e-06
-4.32979e-06
-3.42987e-06
-2.55382e-06
-1.7446e-06
-1.05406e-06
-5.24694e-07
-1.86267e-07
-4.02558e-08
-7.37454e-08
-3.27129e-07
-5.39584e-06
-5.43229e-06
-5.45805e-06
-5.47973e-06
-5.4994e-06
-5.51742e-06
-5.53489e-06
-5.55342e-06
-5.57473e-06
-5.60063e-06
-5.63294e-06
-5.67356e-06
-5.72441e-06
-5.78799e-06
-5.86758e-06
-5.96787e-06
-6.09626e-06
-6.26452e-06
-6.49075e-06
-6.8001e-06
-7.22488e-06
-7.78419e-06
-8.42232e-06
-8.99942e-06
-9.41518e-06
-9.63264e-06
-9.64399e-06
-9.46356e-06
-9.11607e-06
-8.62599e-06
-8.01608e-06
-7.30527e-06
-6.50982e-06
-5.64519e-06
-4.72804e-06
-3.77868e-06
-2.82348e-06
-1.89704e-06
-1.04309e-06
-3.11152e-07
2.53974e-07
6.27475e-07
8.00003e-07
7.9307e-07
5.42032e-07
-5.4159e-06
-5.45489e-06
-5.48163e-06
-5.50316e-06
-5.52167e-06
-5.53752e-06
-5.55203e-06
-5.56706e-06
-5.58467e-06
-5.60697e-06
-5.63611e-06
-5.67429e-06
-5.72351e-06
-5.78648e-06
-5.86674e-06
-5.96894e-06
-6.1006e-06
-6.27351e-06
-6.50571e-06
-6.82259e-06
-7.25574e-06
-7.8242e-06
-8.46787e-06
-9.04008e-06
-9.44009e-06
-9.63042e-06
-9.60455e-06
-9.37836e-06
-8.97737e-06
-8.42752e-06
-7.75246e-06
-6.97224e-06
-6.10451e-06
-5.1663e-06
-4.17608e-06
-3.15589e-06
-2.13372e-06
-1.14546e-06
-2.35581e-07
5.45684e-07
1.1523e-06
1.56492e-06
1.76936e-06
1.78243e-06
1.54667e-06
-5.441e-06
-5.48282e-06
-5.51051e-06
-5.53157e-06
-5.5483e-06
-5.56116e-06
-5.57171e-06
-5.5822e-06
-5.59509e-06
-5.61287e-06
-5.63804e-06
-5.67317e-06
-5.72035e-06
-5.78241e-06
-5.86318e-06
-5.96731e-06
-6.10235e-06
-6.28015e-06
-6.51844e-06
-6.84297e-06
-7.28436e-06
-7.86129e-06
-8.50914e-06
-9.07516e-06
-9.45799e-06
-9.61991e-06
-9.55549e-06
-9.28183e-06
-8.82525e-06
-8.21268e-06
-7.46846e-06
-6.61357e-06
-5.66683e-06
-4.64677e-06
-3.57366e-06
-2.47155e-06
-1.3705e-06
-3.08358e-07
6.68883e-07
1.50925e-06
2.16529e-06
2.62046e-06
2.85995e-06
2.89288e-06
2.68439e-06
-5.47203e-06
-5.51699e-06
-5.54556e-06
-5.56566e-06
-5.57982e-06
-5.58864e-06
-5.59405e-06
-5.5988e-06
-5.60584e-06
-5.61814e-06
-5.6386e-06
-5.67008e-06
-5.71483e-06
-5.77588e-06
-5.85716e-06
-5.96336e-06
-6.10202e-06
-6.28491e-06
-6.52989e-06
-6.86219e-06
-7.31192e-06
-7.89694e-06
-8.54805e-06
-9.10692e-06
-9.47159e-06
-9.60421e-06
-9.50026e-06
-9.17788e-06
-8.66407e-06
-7.98637e-06
-7.16964e-06
-6.23553e-06
-5.20383e-06
-4.09443e-06
-2.92934e-06
-1.73479e-06
-5.43257e-07
6.04825e-07
1.6611e-06
2.57221e-06
3.28675e-06
3.78694e-06
4.06408e-06
4.11934e-06
3.94507e-06
-5.51003e-06
-5.55846e-06
-5.58776e-06
-5.60624e-06
-5.61679e-06
-5.62026e-06
-5.61911e-06
-5.61672e-06
-5.61668e-06
-5.62252e-06
-5.63755e-06
-5.66479e-06
-5.70686e-06
-5.76697e-06
-5.84886e-06
-5.95738e-06
-6.10003e-06
-6.28847e-06
-6.54049e-06
-6.88093e-06
-7.33919e-06
-7.93209e-06
-8.58581e-06
-9.13685e-06
-9.48265e-06
-9.58534e-06
-9.44118e-06
-9.06917e-06
-8.49686e-06
-7.75215e-06
-6.86019e-06
-5.84307e-06
-4.72133e-06
-3.51601e-06
-2.2508e-06
-9.54122e-07
3.38897e-07
1.58479e-06
2.73219e-06
3.7251e-06
4.50728e-06
5.05925e-06
5.38033e-06
5.4636e-06
5.32007e-06
-5.55628e-06
-5.60853e-06
-5.63825e-06
-5.65421e-06
-5.65978e-06
-5.65625e-06
-5.64683e-06
-5.6357e-06
-5.62726e-06
-5.62561e-06
-5.63446e-06
-5.65708e-06
-5.69641e-06
-5.7556e-06
-5.83837e-06
-5.94959e-06
-6.09667e-06
-6.29114e-06
-6.55063e-06
-6.89961e-06
-7.36662e-06
-7.96727e-06
-8.6231e-06
-9.16576e-06
-9.49219e-06
-9.56451e-06
-9.37966e-06
-8.95741e-06
-8.32569e-06
-7.51259e-06
-6.54332e-06
-5.44019e-06
-4.22427e-06
-2.91755e-06
-1.54523e-06
-1.37861e-07
1.26668e-06
2.62163e-06
3.87207e-06
4.95847e-06
5.81779e-06
6.42977e-06
6.80362e-06
6.92287e-06
6.80967e-06
-5.61231e-06
-5.66873e-06
-5.69837e-06
-5.71054e-06
-5.70935e-06
-5.69678e-06
-5.67706e-06
-5.65541e-06
-5.63714e-06
-5.62695e-06
-5.62898e-06
-5.64676e-06
-5.6833e-06
-5.74174e-06
-5.82573e-06
-5.94009e-06
-6.0921e-06
-6.29313e-06
-6.56056e-06
-6.91845e-06
-7.39442e-06
-8.00271e-06
-8.66019e-06
-9.194e-06
-9.50067e-06
-9.54231e-06
-9.31649e-06
-8.84364e-06
-8.15197e-06
-7.26956e-06
-6.22155e-06
-5.03027e-06
-3.71708e-06
-2.30471e-06
-8.19665e-07
7.05544e-07
2.23036e-06
3.7046e-06
5.06939e-06
6.2609e-06
7.20888e-06
7.88695e-06
8.31861e-06
8.48116e-06
8.40944e-06
-5.68e-06
-5.74093e-06
-5.76968e-06
-5.77629e-06
-5.76604e-06
-5.74193e-06
-5.70952e-06
-5.67539e-06
-5.64579e-06
-5.62607e-06
-5.62077e-06
-5.63352e-06
-5.66736e-06
-5.72533e-06
-5.81097e-06
-5.92897e-06
-6.08644e-06
-6.29455e-06
-6.57037e-06
-6.9375e-06
-7.42258e-06
-8.03836e-06
-8.69706e-06
-9.22159e-06
-9.50818e-06
-9.51897e-06
-9.25205e-06
-8.72847e-06
-7.97663e-06
-7.0245e-06
-5.89699e-06
-4.61629e-06
-3.20389e-06
-1.68302e-06
-8.12138e-08
1.56732e-06
3.21954e-06
4.82195e-06
6.31127e-06
7.61865e-06
8.66898e-06
9.42252e-06
9.91575e-06
1.01276e-05
1.01033e-05
-5.7617e-06
-5.82738e-06
-5.85393e-06
-5.85258e-06
-5.8303e-06
-5.79161e-06
-5.74384e-06
-5.69512e-06
-5.65266e-06
-5.62253e-06
-5.60948e-06
-5.61714e-06
-5.64847e-06
-5.70635e-06
-5.79411e-06
-5.91627e-06
-6.07974e-06
-6.29542e-06
-6.58004e-06
-6.95669e-06
-7.45097e-06
-8.07405e-06
-8.73352e-06
-9.24836e-06
-9.51462e-06
-9.49446e-06
-9.18646e-06
-8.61225e-06
-7.80038e-06
-6.7786e-06
-5.57151e-06
-4.20105e-06
-2.68869e-06
-1.05796e-06
6.62877e-07
2.43828e-06
4.22314e-06
5.96088e-06
7.58358e-06
9.01625e-06
1.01822e-05
1.10283e-05
1.15858e-05
1.18558e-05
1.18849e-05
-5.86036e-06
-5.93079e-06
-5.95316e-06
-5.94055e-06
-5.90247e-06
-5.84559e-06
-5.7795e-06
-5.71394e-06
-5.65721e-06
-5.6159e-06
-5.59482e-06
-5.59748e-06
-5.62661e-06
-5.68483e-06
-5.77522e-06
-5.90206e-06
-6.07202e-06
-6.29574e-06
-6.5895e-06
-6.97589e-06
-7.47938e-06
-8.10949e-06
-8.76925e-06
-9.27399e-06
-9.51973e-06
-9.46863e-06
-9.11972e-06
-8.49521e-06
-7.62378e-06
-6.53291e-06
-5.24682e-06
-3.7872e-06
-2.17538e-06
-4.35002e-07
1.40522e-06
3.30891e-06
5.22941e-06
7.10765e-06
8.87143e-06
1.04393e-05
1.17311e-05
1.26872e-05
1.3317e-05
1.36547e-05
1.37468e-05
-5.97976e-06
-6.05448e-06
-6.06963e-06
-6.04128e-06
-5.9827e-06
-5.90344e-06
-5.81579e-06
-5.7312e-06
-5.65893e-06
-5.60586e-06
-5.57665e-06
-5.57453e-06
-5.60186e-06
-5.6609e-06
-5.75441e-06
-5.88643e-06
-6.06333e-06
-6.29546e-06
-6.59865e-06
-6.99491e-06
-7.50754e-06
-8.14437e-06
-8.80392e-06
-9.29818e-06
-9.52325e-06
-9.44132e-06
-9.0518e-06
-8.37757e-06
-7.44735e-06
-6.2884e-06
-4.9246e-06
-3.37732e-06
-1.66777e-06
1.80428e-07
2.13841e-06
4.16944e-06
6.22607e-06
8.24758e-06
1.01584e-05
1.18713e-05
1.32996e-05
1.43778e-05
1.50949e-05
1.55107e-05
1.56788e-05
-6.12478e-06
-6.20246e-06
-6.20579e-06
-6.1557e-06
-6.07083e-06
-5.96446e-06
-5.85189e-06
-5.74623e-06
-5.65738e-06
-5.59219e-06
-5.55497e-06
-5.54842e-06
-5.5744e-06
-5.63475e-06
-5.73188e-06
-5.86952e-06
-6.05375e-06
-6.29459e-06
-6.6074e-06
-7.01356e-06
-7.53519e-06
-8.17836e-06
-8.83719e-06
-9.32061e-06
-9.52494e-06
-9.41238e-06
-8.98274e-06
-8.25952e-06
-7.27162e-06
-6.04607e-06
-4.60643e-06
-2.97388e-06
-1.16952e-06
7.83092e-07
2.85519e-06
5.01015e-06
7.20056e-06
9.36516e-06
1.14264e-05
1.3292e-05
1.48675e-05
1.60795e-05
1.69037e-05
1.74095e-05
1.76703e-05
-6.30186e-06
-6.37952e-06
-6.36421e-06
-6.28447e-06
-6.16625e-06
-6.02772e-06
-5.88691e-06
-5.75839e-06
-5.65225e-06
-5.57488e-06
-5.52994e-06
-5.51941e-06
-5.54456e-06
-5.60671e-06
-5.70789e-06
-5.85152e-06
-6.04336e-06
-6.29311e-06
-6.61564e-06
-7.03165e-06
-7.56208e-06
-8.21117e-06
-8.86876e-06
-9.34101e-06
-9.52458e-06
-9.3817e-06
-8.91255e-06
-8.14134e-06
-7.09715e-06
-5.80685e-06
-4.29384e-06
-2.57922e-06
-6.84071e-07
1.36806e-06
3.54865e-06
5.82163e-06
8.14042e-06
1.04445e-05
1.26559e-05
1.46792e-05
1.64117e-05
1.77705e-05
1.8722e-05
1.93349e-05
1.97115e-05
-6.51968e-06
-6.59138e-06
-6.54752e-06
-6.42748e-06
-6.26812e-06
-6.09194e-06
-5.91987e-06
-5.76715e-06
-5.64339e-06
-5.55407e-06
-5.50188e-06
-5.48793e-06
-5.51276e-06
-5.57717e-06
-5.68277e-06
-5.83267e-06
-6.03232e-06
-6.29108e-06
-6.62331e-06
-7.04905e-06
-7.58799e-06
-8.24253e-06
-8.89838e-06
-9.35919e-06
-9.52207e-06
-9.34927e-06
-8.84137e-06
-8.02333e-06
-6.9245e-06
-5.5717e-06
-3.9883e-06
-2.19549e-06
-2.14556e-07
1.93087e-06
4.2125e-06
6.59513e-06
9.03374e-06
1.14699e-05
1.38271e-05
1.60091e-05
1.79068e-05
1.94264e-05
2.05231e-05
2.12668e-05
2.1792e-05
-6.79012e-06
-6.84454e-06
-6.75793e-06
-6.58372e-06
-6.37473e-06
-6.15561e-06
-5.94978e-06
-5.7721e-06
-5.63085e-06
-5.5301e-06
-5.47129e-06
-5.45451e-06
-5.47953e-06
-5.5466e-06
-5.65691e-06
-5.81325e-06
-6.02079e-06
-6.28856e-06
-6.6304e-06
-7.06564e-06
-7.61274e-06
-8.27226e-06
-8.92587e-06
-9.37501e-06
-9.51733e-06
-9.31513e-06
-8.76936e-06
-7.90583e-06
-6.75426e-06
-5.34151e-06
-3.69112e-06
-1.82461e-06
2.36295e-07
2.46763e-06
4.84125e-06
7.32288e-06
9.8696e-06
1.24262e-05
1.49199e-05
1.72562e-05
1.9323e-05
2.10171e-05
2.22776e-05
2.31802e-05
2.39013e-05
-7.12995e-06
-7.14596e-06
-6.99392e-06
-6.75377e-06
-6.48374e-06
-6.21695e-06
-5.97576e-06
-5.77304e-06
-5.61491e-06
-5.50351e-06
-5.4388e-06
-5.41979e-06
-5.44546e-06
-5.51549e-06
-5.6307e-06
-5.79357e-06
-6.00898e-06
-6.28564e-06
-6.63688e-06
-7.08133e-06
-7.63621e-06
-8.3002e-06
-8.95112e-06
-9.38841e-06
-9.51039e-06
-9.27939e-06
-8.69677e-06
-7.78925e-06
-6.58701e-06
-5.11712e-06
-3.40347e-06
-1.4682e-06
6.66225e-07
2.9752e-06
5.43043e-06
7.99844e-06
1.06386e-05
1.32997e-05
1.59147e-05
1.83944e-05
2.06274e-05
2.25055e-05
2.39493e-05
2.50442e-05
2.60305e-05
-7.56315e-06
-7.50362e-06
-7.25611e-06
-6.93206e-06
-6.59206e-06
-6.27417e-06
-5.99708e-06
-5.77003e-06
-5.59605e-06
-5.47497e-06
-5.40515e-06
-5.38447e-06
-5.41116e-06
-5.48437e-06
-5.60455e-06
-5.77392e-06
-5.99708e-06
-6.28243e-06
-6.6428e-06
-7.09609e-06
-7.65831e-06
-8.32626e-06
-8.97407e-06
-9.39942e-06
-9.50134e-06
-9.24221e-06
-8.62385e-06
-7.67397e-06
-6.42329e-06
-4.89925e-06
-3.12634e-06
-1.12757e-06
1.0735e-06
3.45121e-06
5.97668e-06
8.61689e-06
1.13332e-05
1.4079e-05
1.67938e-05
1.93974e-05
2.17841e-05
2.38473e-05
2.5491e-05
2.68165e-05
2.8172e-05
-8.1226e-06
-7.91732e-06
-7.54415e-06
-7.11404e-06
-6.69606e-06
-6.32545e-06
-6.01327e-06
-5.76339e-06
-5.57497e-06
-5.44531e-06
-5.37113e-06
-5.34926e-06
-5.37723e-06
-5.45373e-06
-5.57887e-06
-5.75461e-06
-5.98529e-06
-6.27904e-06
-6.64818e-06
-7.10991e-06
-7.679e-06
-8.35041e-06
-8.99472e-06
-9.40808e-06
-9.49029e-06
-9.20382e-06
-8.55094e-06
-7.56042e-06
-6.26366e-06
-4.68862e-06
-2.86059e-06
-8.03785e-07
1.45677e-06
3.89393e-06
6.47771e-06
9.17486e-06
1.19482e-05
1.4755e-05
1.75422e-05
2.02403e-05
2.27552e-05
2.4991e-05
2.68399e-05
2.84341e-05
3.0313e-05
-8.85375e-06
-8.38542e-06
-7.8447e-06
-7.29268e-06
-6.79158e-06
-6.36911e-06
-6.02417e-06
-5.75366e-06
-5.55249e-06
-5.41536e-06
-5.33753e-06
-5.31486e-06
-5.34427e-06
-5.42406e-06
-5.55402e-06
-5.73591e-06
-5.97383e-06
-6.27562e-06
-6.65312e-06
-7.12282e-06
-7.69829e-06
-8.37264e-06
-9.0131e-06
-9.41447e-06
-9.4774e-06
-9.16444e-06
-8.47834e-06
-7.44902e-06
-6.10868e-06
-4.48592e-06
-2.60708e-06
-4.97862e-07
1.81487e-06
4.30201e-06
6.9318e-06
9.66998e-06
1.24797e-05
1.5321e-05
1.81473e-05
2.09006e-05
2.35017e-05
2.58761e-05
2.79124e-05
2.97974e-05
3.24167e-05
-9.80048e-06
-8.89723e-06
-8.1423e-06
-7.45866e-06
-6.87417e-06
-6.40374e-06
-6.02988e-06
-5.74154e-06
-5.52943e-06
-5.38595e-06
-5.30507e-06
-5.28187e-06
-5.31278e-06
-5.39575e-06
-5.53034e-06
-5.71809e-06
-5.96288e-06
-6.27229e-06
-6.6577e-06
-7.13486e-06
-7.71621e-06
-8.39301e-06
-9.02927e-06
-9.41869e-06
-9.46279e-06
-9.1242e-06
-8.40621e-06
-7.33999e-06
-5.95857e-06
-4.2914e-06
-2.36607e-06
-2.10056e-07
2.14756e-06
4.6752e-06
7.33871e-06
1.01018e-05
1.29266e-05
1.57739e-05
1.8601e-05
2.13595e-05
2.39859e-05
2.64352e-05
2.86023e-05
3.07647e-05
3.44221e-05
-1.10538e-05
-9.438e-06
-8.41522e-06
-7.60199e-06
-6.94108e-06
-6.42969e-06
-6.03185e-06
-5.72862e-06
-5.5072e-06
-5.35818e-06
-5.27456e-06
-5.25086e-06
-5.28311e-06
-5.36901e-06
-5.5079e-06
-5.70113e-06
-5.95238e-06
-6.26894e-06
-6.66179e-06
-7.14595e-06
-7.73272e-06
-8.41158e-06
-9.04347e-06
-9.42106e-06
-9.44676e-06
-9.0833e-06
-8.33454e-06
-7.23292e-06
-5.81248e-06
-4.1036e-06
-2.1354e-06
6.26293e-08
2.4588e-06
5.01858e-06
7.70467e-06
1.04777e-05
1.32972e-05
1.6122e-05
1.89094e-05
2.16147e-05
2.41847e-05
2.66035e-05
2.87833e-05
3.1171e-05
3.63223e-05
-1.27226e-05
-9.97444e-06
-8.63158e-06
-7.71377e-06
-6.99426e-06
-6.45136e-06
-6.03443e-06
-5.7185e-06
-5.48853e-06
-5.33397e-06
-5.24728e-06
-5.22258e-06
-5.25561e-06
-5.34388e-06
-5.48651e-06
-5.68468e-06
-5.94186e-06
-6.26508e-06
-6.66487e-06
-7.15561e-06
-7.74751e-06
-8.42835e-06
-9.05612e-06
-9.42244e-06
-9.43046e-06
-9.04291e-06
-8.26425e-06
-7.12829e-06
-5.67013e-06
-3.92126e-06
-1.91244e-06
3.24559e-07
2.75517e-06
5.34147e-06
8.04237e-06
1.08144e-05
1.36128e-05
1.63917e-05
1.91034e-05
2.16977e-05
2.41156e-05
2.63427e-05
2.82923e-05
3.06943e-05
3.77464e-05
-1.41283e-05
-1.03052e-05
-8.73247e-06
-7.77515e-06
-7.02934e-06
-6.46734e-06
-6.03678e-06
-5.71056e-06
-5.47302e-06
-5.31323e-06
-5.22342e-06
-5.1975e-06
-5.23102e-06
-5.32129e-06
-5.46726e-06
-5.66994e-06
-5.93255e-06
-6.2619e-06
-6.66807e-06
-7.16476e-06
-7.76117e-06
-8.4435e-06
-9.06716e-06
-9.42299e-06
-9.41487e-06
-9.00551e-06
-8.19991e-06
-7.03323e-06
-5.54165e-06
-3.75777e-06
-1.71399e-06
5.55623e-07
3.0136e-06
5.61852e-06
8.32526e-06
1.10857e-05
1.38496e-05
1.65641e-05
1.9172e-05
2.16076e-05
2.37834e-05
2.56158e-05
2.69177e-05
2.84034e-05
3.50235e-05
)
;

boundaryField
{
    inlet
    {
        type            uniformJump;
        patchType       cyclic;
        jump            uniform -2.5e-05;
        value           nonuniform List<scalar> 
40
(
9.71746e-07
9.90627e-07
1.01039e-06
1.0301e-06
1.05129e-06
1.07535e-06
1.10438e-06
1.14215e-06
1.19462e-06
1.26972e-06
1.37653e-06
1.52433e-06
1.72252e-06
1.98073e-06
2.30828e-06
2.71307e-06
3.19981e-06
3.76824e-06
4.41035e-06
5.11017e-06
5.81173e-06
6.41161e-06
6.88431e-06
7.23603e-06
7.49099e-06
7.66993e-06
7.79073e-06
7.86901e-06
7.91767e-06
7.94679e-06
7.96379e-06
7.97387e-06
7.98037e-06
7.98533e-06
7.98984e-06
7.99441e-06
7.99918e-06
8.00424e-06
8.00981e-06
8.01548e-06
)
;
        jumpTable       table;
        jumpTableCoeffs
        {
            values          
4
(
(0 -2.5e-05)
(25 -2.5e-05)
(25.5 -0.0001)
(26 -2.5e-05)
)
;
        }
    }
    outlet
    {
        type            uniformJump;
        patchType       cyclic;
        value           nonuniform List<scalar> 
40
(
-2.40283e-05
-2.40094e-05
-2.39896e-05
-2.39699e-05
-2.39487e-05
-2.39246e-05
-2.38956e-05
-2.38578e-05
-2.38054e-05
-2.37303e-05
-2.36235e-05
-2.34757e-05
-2.32775e-05
-2.30193e-05
-2.26917e-05
-2.22869e-05
-2.18002e-05
-2.12318e-05
-2.05897e-05
-1.98898e-05
-1.91883e-05
-1.85884e-05
-1.81157e-05
-1.7764e-05
-1.7509e-05
-1.73301e-05
-1.72093e-05
-1.7131e-05
-1.70823e-05
-1.70532e-05
-1.70362e-05
-1.70261e-05
-1.70196e-05
-1.70147e-05
-1.70102e-05
-1.70056e-05
-1.70008e-05
-1.69958e-05
-1.69902e-05
-1.69845e-05
)
;
    }
    Walls
    {
        type            zeroGradient;
    }
    back
    {
        type            empty;
    }
    front
    {
        type            empty;
    }
}


// ************************************************************************* //
