/*--------------------------------*- C++ -*----------------------------------*\
| =========                 |                                                 |
| \\      /  F ield         | OpenFOAM: The Open Source CFD Toolbox           |
|  \\    /   O peration     | Version:  2312                                  |
|   \\  /    A nd           | Website:  www.openfoam.com                      |
|    \\/     M anipulation  |                                                 |
\*---------------------------------------------------------------------------*/
FoamFile
{
    version     2.0;
    format      ascii;
    arch        "LSB;label=32;scalar=64";
    class       volScalarField;
    location    "19.75";
    object      p;
}
// * * * * * * * * * * * * * * * * * * * * * * * * * * * * * * * * * * * * * //

dimensions      [0 2 -2 0 0 0 0];

internalField   nonuniform List<scalar> 
4800
(
-5.57055e-14
-1.41179e-06
-2.58774e-06
-3.58422e-06
-4.43947e-06
-5.17875e-06
-5.8264e-06
-6.40003e-06
-6.90818e-06
-7.36308e-06
-7.77342e-06
-8.14133e-06
-8.46051e-06
-8.96235e-06
-1.05961e-05
1.54694e-08
-1.3937e-06
-2.56781e-06
-3.56313e-06
-4.41838e-06
-5.15873e-06
-5.80892e-06
-6.38657e-06
-6.90071e-06
-7.36534e-06
-7.79434e-06
-8.20332e-06
-8.60706e-06
-9.11237e-06
-9.9671e-06
3.19832e-08
-1.37428e-06
-2.5465e-06
-3.54084e-06
-4.39596e-06
-5.13719e-06
-5.78825e-06
-6.3689e-06
-6.8878e-06
-7.35948e-06
-7.79925e-06
-8.2235e-06
-8.64151e-06
-9.06242e-06
-9.46555e-06
4.90805e-08
-1.35367e-06
-2.52346e-06
-3.5163e-06
-4.3707e-06
-5.1128e-06
-5.76303e-06
-6.34487e-06
-6.86588e-06
-7.33874e-06
-7.77651e-06
-8.18712e-06
-8.56356e-06
-8.87585e-06
-9.05577e-06
6.82689e-08
-1.33009e-06
-2.49668e-06
-3.48726e-06
-4.34003e-06
-5.08186e-06
-5.73093e-06
-6.3104e-06
-6.82941e-06
-7.29616e-06
-7.71884e-06
-8.096e-06
-8.40949e-06
-8.62182e-06
-8.67893e-06
9.10277e-08
-1.30197e-06
-2.46443e-06
-3.45176e-06
-4.30174e-06
-5.04097e-06
-5.68798e-06
-6.26136e-06
-6.77216e-06
-7.2242e-06
-7.61978e-06
-7.95125e-06
-8.19827e-06
-8.33195e-06
-8.32468e-06
1.19543e-07
-1.26711e-06
-2.42433e-06
-3.4071e-06
-4.25265e-06
-4.98695e-06
-5.62822e-06
-6.19184e-06
-6.68733e-06
-7.11585e-06
-7.47528e-06
-7.75627e-06
-7.94328e-06
-8.02147e-06
-7.98413e-06
1.57483e-07
-1.22189e-06
-2.37257e-06
-3.34911e-06
-4.18799e-06
-4.91437e-06
-5.54542e-06
-6.09412e-06
-6.5675e-06
-6.96539e-06
-7.28414e-06
-7.51674e-06
-7.65547e-06
-7.69791e-06
-7.64913e-06
2.10374e-07
-1.16086e-06
-2.30351e-06
-3.27172e-06
-4.10111e-06
-4.81584e-06
-5.43186e-06
-5.96003e-06
-6.40564e-06
-6.76879e-06
-7.0471e-06
-7.2381e-06
-7.34164e-06
-7.36345e-06
-7.31367e-06
2.85474e-07
-1.07668e-06
-2.20949e-06
-3.16684e-06
-3.9834e-06
-4.6823e-06
-5.27846e-06
-5.78138e-06
-6.19574e-06
-6.52353e-06
-6.76548e-06
-6.92399e-06
-7.0044e-06
-7.01669e-06
-6.97222e-06
3.91031e-07
-9.60574e-07
-2.08123e-06
-3.02467e-06
-3.82473e-06
-4.50364e-06
-5.07571e-06
-5.55016e-06
-5.93287e-06
-6.22805e-06
-6.44021e-06
-6.57573e-06
-6.64316e-06
-6.65396e-06
-6.61893e-06
5.35379e-07
-8.03156e-07
-1.90851e-06
-2.8345e-06
-3.6143e-06
-4.26962e-06
-4.81487e-06
-5.26016e-06
-5.61331e-06
-5.88111e-06
-6.07121e-06
-6.1926e-06
-6.2552e-06
-6.27032e-06
-6.24759e-06
7.26671e-07
-5.94823e-07
-1.68084e-06
-2.58541e-06
-3.3415e-06
-3.97084e-06
-4.48861e-06
-4.90647e-06
-5.23431e-06
-5.48137e-06
-5.6573e-06
-5.77229e-06
-5.83646e-06
-5.86023e-06
-5.85188e-06
9.73062e-07
-3.25665e-07
-1.38742e-06
-2.2665e-06
-2.99617e-06
-3.59872e-06
-4.09049e-06
-4.48476e-06
-4.79317e-06
-5.0266e-06
-5.1957e-06
-5.31089e-06
-5.38175e-06
-5.41754e-06
-5.42534e-06
1.28251e-06
1.43333e-08
-1.01744e-06
-1.86708e-06
-2.56858e-06
-3.14512e-06
-3.61416e-06
-3.99014e-06
-4.28579e-06
-4.51256e-06
-4.68142e-06
-4.80237e-06
-4.88417e-06
-4.93489e-06
-4.9606e-06
1.66176e-06
4.34221e-07
-5.6109e-07
-1.37766e-06
-2.0502e-06
-2.60271e-06
-3.0533e-06
-3.41682e-06
-3.70616e-06
-3.93304e-06
-4.10758e-06
-4.23909e-06
-4.33553e-06
-4.40393e-06
-4.44953e-06
2.11418e-06
9.39841e-07
-1.17709e-08
-7.91957e-07
-1.43539e-06
-1.9664e-06
-2.40312e-06
-2.76006e-06
-3.04948e-06
-3.28213e-06
-3.46741e-06
-3.61383e-06
-3.7285e-06
-3.81749e-06
-3.88536e-06
2.63709e-06
1.53061e-06
6.30677e-07
-1.09887e-07
-7.24267e-07
-1.23608e-06
-1.66274e-06
-2.0178e-06
-2.31239e-06
-2.55598e-06
-2.7566e-06
-2.92209e-06
-3.05872e-06
-3.17168e-06
-3.26493e-06
3.21964e-06
2.1963e-06
1.35636e-06
6.58797e-07
7.37328e-08
-4.20437e-07
-8.39495e-07
-1.19548e-06
-1.49812e-06
-1.75578e-06
-1.97557e-06
-2.16354e-06
-2.32509e-06
-2.46483e-06
-2.58642e-06
3.84066e-06
2.91378e-06
2.14129e-06
1.48993e-06
9.34677e-07
4.57102e-07
4.36943e-08
-3.15636e-07
-6.28799e-07
-9.02386e-07
-1.14227e-06
-1.35358e-06
-1.54112e-06
-1.70898e-06
-1.86052e-06
4.43721e-06
3.60959e-06
2.90572e-06
2.30037e-06
1.77403e-06
1.31202e-06
9.03421e-07
5.39952e-07
2.15149e-07
-7.62241e-08
-3.38505e-07
-5.75585e-07
-7.91701e-07
-9.90262e-07
-1.17407e-06
4.92612e-06
4.18458e-06
3.54032e-06
2.97487e-06
2.47364e-06
2.02546e-06
1.62179e-06
1.25604e-06
9.22838e-07
6.17536e-07
3.35841e-07
7.43447e-08
-1.68637e-07
-3.95277e-07
-6.0805e-07
5.2916e-06
4.61706e-06
4.01911e-06
3.48437e-06
3.00212e-06
2.56387e-06
2.16292e-06
1.79387e-06
1.45223e-06
1.13427e-06
8.36956e-07
5.58062e-07
2.95216e-07
4.65371e-08
-1.89855e-07
5.55835e-06
4.93609e-06
4.3746e-06
3.86429e-06
3.39731e-06
2.9672e-06
2.56864e-06
2.19724e-06
1.84936e-06
1.522e-06
1.2127e-06
9.19315e-07
6.39975e-07
3.73062e-07
1.17022e-07
5.7509e-06
5.16951e-06
4.63706e-06
4.14655e-06
3.69212e-06
3.26879e-06
2.87229e-06
2.49902e-06
2.14599e-06
1.81073e-06
1.49113e-06
1.18535e-06
8.91922e-07
6.09539e-07
3.36905e-07
5.88856e-06
5.33935e-06
4.83009e-06
4.35552e-06
3.91122e-06
3.49327e-06
3.0982e-06
2.72307e-06
2.3654e-06
2.02314e-06
1.69454e-06
1.37821e-06
1.07288e-06
7.77469e-07
4.90903e-07
5.98615e-06
5.46247e-06
4.97173e-06
4.50992e-06
4.07367e-06
3.65983e-06
3.26559e-06
2.88856e-06
2.52672e-06
2.17837e-06
1.84204e-06
1.51674e-06
1.20138e-06
8.95009e-07
5.96759e-07
6.05483e-06
5.55162e-06
5.07573e-06
4.62418e-06
4.19432e-06
3.78362e-06
3.38978e-06
3.01087e-06
2.64532e-06
2.29177e-06
1.94882e-06
1.61587e-06
1.29195e-06
9.76298e-07
6.682e-07
6.10292e-06
5.61633e-06
5.15251e-06
4.70928e-06
4.28455e-06
3.87624e-06
3.48252e-06
3.10184e-06
2.73288e-06
2.37452e-06
2.02621e-06
1.68674e-06
1.35548e-06
1.03193e-06
7.15498e-07
6.13654e-06
5.66365e-06
5.20979e-06
4.7734e-06
4.35282e-06
3.94637e-06
3.55258e-06
3.17025e-06
2.79837e-06
2.43606e-06
2.08273e-06
1.73756e-06
1.40002e-06
1.06974e-06
7.4621e-07
6.16014e-06
5.69873e-06
5.2532e-06
4.82253e-06
4.40535e-06
4.00034e-06
3.60637e-06
3.22251e-06
2.84798e-06
2.48218e-06
2.12448e-06
1.77438e-06
1.43144e-06
1.09537e-06
7.65772e-07
6.17694e-06
5.72527e-06
5.28681e-06
4.86095e-06
4.44659e-06
4.04272e-06
3.6485e-06
3.26325e-06
2.88638e-06
2.51743e-06
2.15593e-06
1.80152e-06
1.4539e-06
1.11282e-06
7.77982e-07
6.18917e-06
5.74586e-06
5.31347e-06
4.8917e-06
4.4797e-06
4.07674e-06
3.68224e-06
3.29569e-06
2.91674e-06
2.54499e-06
2.18015e-06
1.82198e-06
1.47025e-06
1.12481e-06
7.85424e-07
6.19838e-06
5.7623e-06
5.33515e-06
4.91688e-06
4.50688e-06
4.10466e-06
3.70985e-06
3.32213e-06
2.94128e-06
2.56705e-06
2.19926e-06
1.83777e-06
1.48244e-06
1.13318e-06
7.8981e-07
6.20557e-06
5.77581e-06
5.3532e-06
4.93795e-06
4.52964e-06
4.12803e-06
3.7329e-06
3.3441e-06
2.96156e-06
2.58511e-06
2.21469e-06
1.85027e-06
1.49175e-06
1.13912e-06
7.92256e-07
6.21139e-06
5.78716e-06
5.36851e-06
4.95587e-06
4.54902e-06
4.1479e-06
3.75245e-06
3.36265e-06
2.97859e-06
2.60016e-06
2.22741e-06
1.86036e-06
1.49903e-06
1.14342e-06
7.93474e-07
6.21625e-06
5.79684e-06
5.38164e-06
4.97126e-06
4.56565e-06
4.16495e-06
3.76915e-06
3.37848e-06
2.99303e-06
2.61283e-06
2.238e-06
1.86865e-06
1.50482e-06
1.14658e-06
7.93919e-07
6.22043e-06
5.80526e-06
5.39307e-06
4.98464e-06
4.58009e-06
4.1797e-06
3.78358e-06
3.39214e-06
3.00544e-06
2.62365e-06
2.24698e-06
1.87558e-06
1.50953e-06
1.14895e-06
7.93861e-07
6.22429e-06
5.81305e-06
5.40364e-06
4.997e-06
4.59342e-06
4.19326e-06
3.79688e-06
3.40465e-06
3.01677e-06
2.63348e-06
2.25507e-06
1.88175e-06
1.51361e-06
1.15083e-06
7.93437e-07
6.22789e-06
5.82058e-06
5.41384e-06
5.00894e-06
4.6063e-06
4.20642e-06
3.8097e-06
3.41668e-06
3.02762e-06
2.64286e-06
2.2627e-06
1.88738e-06
1.51718e-06
1.15231e-06
7.92829e-07
-1.19623e-05
-9.71373e-06
-8.33122e-06
-7.40363e-06
-6.65947e-06
-6.08511e-06
-5.63527e-06
-5.27882e-06
-4.99522e-06
-4.76848e-06
-4.58585e-06
-4.43689e-06
-4.31296e-06
-4.20747e-06
-4.11618e-06
-4.03906e-06
-3.9815e-06
-3.95898e-06
-3.99879e-06
-4.14588e-06
-4.45675e-06
-4.98647e-06
-5.6847e-06
-6.34321e-06
-6.80574e-06
-6.99585e-06
-6.87654e-06
-6.4365e-06
-5.67641e-06
-4.60402e-06
-3.23311e-06
-1.58498e-06
3.10148e-07
2.41266e-06
4.67428e-06
7.03953e-06
9.44696e-06
1.18294e-05
1.4111e-05
1.62011e-05
1.79736e-05
1.92651e-05
1.97029e-05
1.89643e-05
1.58349e-05
-1.03425e-05
-9.17742e-06
-8.13134e-06
-7.3047e-06
-6.60615e-06
-6.04746e-06
-5.60325e-06
-5.2491e-06
-4.96684e-06
-4.74138e-06
-4.56026e-06
-4.41307e-06
-4.29118e-06
-4.18804e-06
-4.09946e-06
-4.02547e-06
-3.97147e-06
-3.95279e-06
-3.99628e-06
-4.14589e-06
-4.45652e-06
-4.98135e-06
-5.66995e-06
-6.31715e-06
-6.76953e-06
-6.95185e-06
-6.82731e-06
-6.38456e-06
-5.62446e-06
-4.55538e-06
-3.19224e-06
-1.55792e-06
3.15343e-07
2.3855e-06
4.60114e-06
6.90249e-06
9.22193e-06
1.14828e-05
1.35939e-05
1.54382e-05
1.684e-05
1.75281e-05
1.69727e-05
1.44192e-05
8.89396e-06
-9.49283e-06
-8.75851e-06
-7.92374e-06
-7.18831e-06
-6.54046e-06
-6.0034e-06
-5.56813e-06
-5.21781e-06
-4.93749e-06
-4.71348e-06
-4.53383e-06
-4.38834e-06
-4.26847e-06
-4.16771e-06
-4.08196e-06
-4.01132e-06
-3.96121e-06
-3.94683e-06
-3.99444e-06
-4.14689e-06
-4.45718e-06
-4.97628e-06
-5.65361e-06
-6.28748e-06
-6.72788e-06
-6.90106e-06
-6.77064e-06
-6.32531e-06
-5.5663e-06
-4.50285e-06
-3.15137e-06
-1.53681e-06
3.0605e-07
2.33198e-06
4.48555e-06
6.70161e-06
8.90501e-06
1.10081e-05
1.29038e-05
1.44512e-05
1.5446e-05
1.55821e-05
1.4384e-05
1.13292e-05
6.32286e-06
-8.9484e-06
-8.41529e-06
-7.74076e-06
-7.07825e-06
-6.47883e-06
-5.9647e-06
-5.53886e-06
-5.19195e-06
-4.91262e-06
-4.68898e-06
-4.50981e-06
-4.3652e-06
-4.24673e-06
-4.14794e-06
-4.06481e-06
-3.9975e-06
-3.95143e-06
-3.94157e-06
-3.99359e-06
-4.14902e-06
-4.45882e-06
-4.97142e-06
-5.6359e-06
-6.25442e-06
-6.68069e-06
-6.84263e-06
-6.70453e-06
-6.25531e-06
-5.49685e-06
-4.43965e-06
-3.10214e-06
-1.51193e-06
2.92889e-07
2.26312e-06
4.33844e-06
6.44753e-06
8.5072e-06
1.04194e-05
1.20645e-05
1.32896e-05
1.38902e-05
1.35983e-05
1.20901e-05
9.12311e-06
4.94954e-06
-8.52354e-06
-8.11128e-06
-7.56081e-06
-6.98186e-06
-6.42744e-06
-5.93616e-06
-5.51975e-06
-5.17518e-06
-4.89529e-06
-4.67033e-06
-4.49007e-06
-4.34503e-06
-4.22696e-06
-4.12949e-06
-4.04866e-06
-3.98461e-06
-3.94276e-06
-3.93774e-06
-3.99451e-06
-4.15309e-06
-4.46209e-06
-4.96705e-06
-5.6167e-06
-6.21757e-06
-6.62759e-06
-6.77662e-06
-6.62983e-06
-6.17666e-06
-5.41991e-06
-4.37175e-06
-3.05304e-06
-1.49457e-06
2.61756e-07
2.16228e-06
4.14149e-06
6.12194e-06
8.01341e-06
9.71056e-06
1.10886e-05
1.19976e-05
1.226e-05
1.16813e-05
1.0091e-05
7.44651e-06
4.02388e-06
-8.16461e-06
-7.83521e-06
-7.38072e-06
-6.88422e-06
-6.38275e-06
-5.91735e-06
-5.51207e-06
-5.16975e-06
-4.88822e-06
-4.6603e-06
-4.47716e-06
-4.33006e-06
-4.21107e-06
-4.11396e-06
-4.03484e-06
-3.97384e-06
-3.93628e-06
-3.93637e-06
-3.99819e-06
-4.15998e-06
-4.46769e-06
-4.96356e-06
-5.59591e-06
-6.17647e-06
-6.56791e-06
-6.70241e-06
-6.54628e-06
-6.08977e-06
-5.337e-06
-4.30214e-06
-3.00893e-06
-1.49173e-06
2.03419e-07
2.01826e-06
3.88234e-06
5.71317e-06
7.41599e-06
8.88324e-06
9.99397e-06
1.06162e-05
1.06142e-05
9.87185e-06
8.33279e-06
6.06364e-06
3.31831e-06
-7.83674e-06
-7.57093e-06
-7.20147e-06
-6.77343e-06
-6.32997e-06
-5.901e-06
-5.51131e-06
-5.17441e-06
-4.89213e-06
-4.66065e-06
-4.47332e-06
-4.3226e-06
-4.20125e-06
-4.10336e-06
-4.02516e-06
-3.96682e-06
-3.93347e-06
-3.9388e-06
-4.00583e-06
-4.17071e-06
-4.4764e-06
-4.96136e-06
-5.57351e-06
-6.13068e-06
-6.50097e-06
-6.6192e-06
-6.45323e-06
-5.99448e-06
-5.24877e-06
-4.23271e-06
-2.97326e-06
-1.50861e-06
1.10972e-07
1.82297e-06
3.55299e-06
5.21552e-06
6.71512e-06
7.94816e-06
8.80638e-06
9.18447e-06
8.99285e-06
8.17999e-06
6.75924e-06
4.83592e-06
2.61688e-06
-7.51966e-06
-7.30428e-06
-7.00611e-06
-6.64788e-06
-6.26094e-06
-5.873e-06
-5.5088e-06
-5.18347e-06
-4.90396e-06
-4.67039e-06
-4.4789e-06
-4.32385e-06
-4.19913e-06
-4.09946e-06
-4.02144e-06
-3.96529e-06
-3.93599e-06
-3.94658e-06
-4.01884e-06
-4.18649e-06
-4.48914e-06
-4.96094e-06
-5.54949e-06
-6.07981e-06
-6.42617e-06
-6.52642e-06
-6.35043e-06
-5.89125e-06
-5.15681e-06
-4.16653e-06
-2.95085e-06
-1.55183e-06
-2.3577e-08
1.56802e-06
3.14639e-06
4.62605e-06
5.91532e-06
6.92052e-06
7.5522e-06
7.73489e-06
7.41971e-06
6.59971e-06
5.32246e-06
3.69524e-06
1.87604e-06
-7.20316e-06
-7.02872e-06
-6.78924e-06
-6.49517e-06
-6.16619e-06
-5.82508e-06
-5.49349e-06
-5.18742e-06
-4.91665e-06
-4.68486e-06
-4.49134e-06
-4.33279e-06
-4.20476e-06
-4.10305e-06
-4.02488e-06
-3.97071e-06
-3.94541e-06
-3.96129e-06
-4.0387e-06
-4.20859e-06
-4.50683e-06
-4.9628e-06
-5.52384e-06
-6.02351e-06
-6.3431e-06
-6.42393e-06
-6.23835e-06
-5.78156e-06
-5.06409e-06
-4.10841e-06
-2.94842e-06
-1.62971e-06
-2.09402e-07
1.24485e-06
2.65679e-06
3.94446e-06
5.0244e-06
5.81726e-06
6.25507e-06
6.29008e-06
5.90405e-06
5.11584e-06
3.98433e-06
2.60381e-06
1.09167e-06
-6.88072e-06
-6.74059e-06
-6.5497e-06
-6.3121e-06
-6.03922e-06
-5.74752e-06
-5.45446e-06
-5.17509e-06
-4.92028e-06
-4.6962e-06
-4.50494e-06
-4.3457e-06
-4.21604e-06
-4.11322e-06
-4.03545e-06
-3.98365e-06
-3.96268e-06
-3.98406e-06
-4.06656e-06
-4.23802e-06
-4.53023e-06
-4.96733e-06
-5.49656e-06
-5.96162e-06
-6.25178e-06
-6.3123e-06
-6.11854e-06
-5.6684e-06
-4.97538e-06
-4.06507e-06
-2.9745e-06
-1.75197e-06
-4.56151e-07
8.4569e-07
2.08052e-06
3.17342e-06
4.05254e-06
4.65502e-06
4.93357e-06
4.86282e-06
4.4444e-06
3.70899e-06
2.71414e-06
1.53699e-06
2.63947e-07
-6.54641e-06
-6.43617e-06
-6.2863e-06
-6.09781e-06
-5.87677e-06
-5.6341e-06
-5.38299e-06
-5.13624e-06
-4.9044e-06
-4.69486e-06
-4.51171e-06
-4.35641e-06
-4.22854e-06
-4.12709e-06
-4.05148e-06
-4.00335e-06
-3.98767e-06
-4.01516e-06
-4.10286e-06
-4.27524e-06
-4.55966e-06
-4.97467e-06
-5.4677e-06
-5.89433e-06
-6.15303e-06
-6.1934e-06
-5.99424e-06
-5.55676e-06
-4.89767e-06
-4.04544e-06
-3.03941e-06
-1.92922e-06
-7.73169e-07
3.64405e-07
1.41661e-06
2.31832e-06
3.01111e-06
3.44845e-06
3.60054e-06
3.45784e-06
3.0329e-06
2.35918e-06
1.48721e-06
4.77599e-07
-6.0606e-07
-6.19417e-06
-6.11094e-06
-5.99667e-06
-5.85105e-06
-5.67696e-06
-5.48122e-06
-5.27319e-06
-5.06299e-06
-4.85992e-06
-4.67148e-06
-4.50292e-06
-4.35733e-06
-4.23613e-06
-4.13996e-06
-4.06961e-06
-4.02753e-06
-4.01892e-06
-4.05367e-06
-4.147e-06
-4.31977e-06
-4.59473e-06
-4.98465e-06
-5.43755e-06
-5.82266e-06
-6.04904e-06
-6.07102e-06
-5.87105e-06
-5.45422e-06
-4.84053e-06
-4.06059e-06
-3.15476e-06
-2.17218e-06
-1.16847e-06
-2.02569e-07
6.67122e-07
1.38687e-06
1.9118e-06
2.20968e-06
2.26388e-06
2.0747e-06
1.65912e-06
1.04844e-06
2.84313e-07
-5.86712e-07
-1.51774e-06
-5.8178e-06
-5.75981e-06
-5.67736e-06
-5.56973e-06
-5.43806e-06
-5.28639e-06
-5.12105e-06
-4.94959e-06
-4.77962e-06
-4.61803e-06
-4.47036e-06
-4.34074e-06
-4.23195e-06
-4.14609e-06
-4.08521e-06
-4.05259e-06
-4.05362e-06
-4.09742e-06
-4.19719e-06
-4.37018e-06
-4.63433e-06
-4.99687e-06
-5.40703e-06
-5.74908e-06
-5.94422e-06
-5.95171e-06
-5.75754e-06
-5.37129e-06
-4.81603e-06
-4.12325e-06
-3.33251e-06
-2.49031e-06
-1.64738e-06
-8.55197e-07
-1.62309e-07
3.89144e-07
7.66516e-07
9.48966e-07
9.2866e-07
7.11002e-07
3.13396e-07
-2.37352e-07
-9.08269e-07
-1.66417e-06
-2.4704e-06
-5.41105e-06
-5.37729e-06
-5.32417e-06
-5.25098e-06
-5.15799e-06
-5.0475e-06
-4.92366e-06
-4.79187e-06
-4.65803e-06
-4.52798e-06
-4.407e-06
-4.29957e-06
-4.20934e-06
-4.13949e-06
-4.09307e-06
-4.07411e-06
-4.08805e-06
-4.14328e-06
-4.25076e-06
-4.42429e-06
-4.67689e-06
-5.011e-06
-5.37795e-06
-5.67816e-06
-5.84615e-06
-5.84546e-06
-5.66545e-06
-5.32118e-06
-4.83804e-06
-4.24654e-06
-3.58332e-06
-2.89016e-06
-2.2111e-06
-1.58893e-06
-1.06215e-06
-6.62314e-07
-4.12105e-07
-3.23914e-07
-4.0053e-07
-6.34688e-07
-1.01078e-06
-1.50714e-06
-2.09848e-06
-2.75854e-06
-3.46175e-06
-4.96694e-06
-4.95724e-06
-4.93212e-06
-4.89108e-06
-4.83407e-06
-4.76239e-06
-4.67872e-06
-4.58682e-06
-4.49111e-06
-4.3963e-06
-4.30701e-06
-4.22764e-06
-4.16214e-06
-4.11432e-06
-4.08789e-06
-4.08734e-06
-4.11803e-06
-4.18751e-06
-4.30455e-06
-4.47972e-06
-4.72102e-06
-5.02742e-06
-5.35335e-06
-5.61721e-06
-5.76613e-06
-5.76484e-06
-5.60852e-06
-5.31861e-06
-4.92072e-06
-4.44203e-06
-3.91445e-06
-3.37351e-06
-2.85545e-06
-2.39422e-06
-2.01898e-06
-1.75243e-06
-1.60973e-06
-1.59822e-06
-1.71767e-06
-1.96095e-06
-2.31529e-06
-2.76402e-06
-3.28825e-06
-3.86865e-06
-4.48642e-06
-4.47792e-06
-4.49296e-06
-4.49562e-06
-4.4857e-06
-4.46315e-06
-4.42874e-06
-4.38424e-06
-4.33229e-06
-4.27613e-06
-4.21943e-06
-4.16606e-06
-4.11995e-06
-4.08502e-06
-4.06517e-06
-4.06447e-06
-4.08738e-06
-4.13919e-06
-4.22606e-06
-4.35543e-06
-4.53424e-06
-4.76658e-06
-5.04812e-06
-5.33939e-06
-5.57754e-06
-5.71681e-06
-5.72158e-06
-5.60167e-06
-5.3795e-06
-5.07753e-06
-4.71854e-06
-4.3288e-06
-3.93686e-06
-3.57109e-06
-3.25724e-06
-3.01662e-06
-2.86498e-06
-2.81211e-06
-2.86253e-06
-3.01492e-06
-3.26323e-06
-3.59765e-06
-4.00588e-06
-4.47421e-06
-4.98867e-06
-5.53554e-06
-3.93778e-06
-3.97899e-06
-4.01018e-06
-4.03144e-06
-4.04289e-06
-4.04514e-06
-4.03944e-06
-4.02765e-06
-4.01219e-06
-3.99587e-06
-3.98184e-06
-3.97344e-06
-3.97425e-06
-3.98791e-06
-4.01844e-06
-4.06995e-06
-4.14734e-06
-4.25549e-06
-4.40045e-06
-4.58625e-06
-4.81466e-06
-5.07989e-06
-5.34832e-06
-5.56813e-06
-5.70057e-06
-5.72824e-06
-5.66154e-06
-5.51919e-06
-5.31938e-06
-5.08094e-06
-4.82463e-06
-4.57228e-06
-4.34505e-06
-4.16177e-06
-4.03766e-06
-3.98337e-06
-4.00493e-06
-4.10551e-06
-4.28382e-06
-4.53524e-06
-4.85266e-06
-5.22739e-06
-5.64979e-06
-6.10997e-06
-6.59808e-06
-3.34415e-06
-3.41378e-06
-3.47512e-06
-3.52858e-06
-3.57455e-06
-3.61368e-06
-3.64697e-06
-3.67584e-06
-3.70211e-06
-3.72797e-06
-3.75591e-06
-3.78871e-06
-3.82941e-06
-3.88128e-06
-3.9478e-06
-4.03272e-06
-4.14002e-06
-4.27386e-06
-4.43817e-06
-4.63586e-06
-4.86691e-06
-5.12658e-06
-5.38292e-06
-5.59251e-06
-5.73349e-06
-5.80077e-06
-5.80065e-06
-5.74537e-06
-5.64882e-06
-5.52617e-06
-5.39342e-06
-5.26665e-06
-5.161e-06
-5.08973e-06
-5.06343e-06
-5.08959e-06
-5.17276e-06
-5.31455e-06
-5.51394e-06
-5.76782e-06
-6.07152e-06
-6.41923e-06
-6.80442e-06
-7.2203e-06
-7.65991e-06
-2.69558e-06
-2.79667e-06
-2.89088e-06
-2.97875e-06
-3.06097e-06
-3.13831e-06
-3.21172e-06
-3.28236e-06
-3.35166e-06
-3.42134e-06
-3.4934e-06
-3.57008e-06
-3.65389e-06
-3.74754e-06
-3.85394e-06
-3.97619e-06
-4.11746e-06
-4.28091e-06
-4.46926e-06
-4.68435e-06
-4.9258e-06
-5.18922e-06
-5.44655e-06
-5.66414e-06
-5.83203e-06
-5.95018e-06
-6.02191e-06
-6.05417e-06
-6.05671e-06
-6.04092e-06
-6.01868e-06
-6.00151e-06
-5.99987e-06
-6.02268e-06
-6.07712e-06
-6.1689e-06
-6.30179e-06
-6.47662e-06
-6.69281e-06
-6.94866e-06
-7.24139e-06
-7.56739e-06
-7.92248e-06
-8.30213e-06
-8.70159e-06
-2.00146e-06
-2.13605e-06
-2.26525e-06
-2.38959e-06
-2.50987e-06
-2.62701e-06
-2.74193e-06
-2.85565e-06
-2.96934e-06
-3.08434e-06
-3.20225e-06
-3.32486e-06
-3.45414e-06
-3.59224e-06
-3.74145e-06
-3.90418e-06
-4.08281e-06
-4.27968e-06
-4.49671e-06
-4.73516e-06
-4.99478e-06
-5.27277e-06
-5.54659e-06
-5.79051e-06
-5.99898e-06
-6.17322e-06
-6.31538e-06
-6.42968e-06
-6.52247e-06
-6.60156e-06
-6.67522e-06
-6.75139e-06
-6.83722e-06
-6.93881e-06
-7.06087e-06
-7.20669e-06
-7.37892e-06
-7.57939e-06
-7.80857e-06
-8.06585e-06
-8.34978e-06
-8.65831e-06
-8.98894e-06
-9.33886e-06
-9.70499e-06
-1.34842e-06
-1.51739e-06
-1.68197e-06
-1.84275e-06
-2.00063e-06
-2.15654e-06
-2.31137e-06
-2.46603e-06
-2.62151e-06
-2.77891e-06
-2.93953e-06
-3.10478e-06
-3.27624e-06
-3.45559e-06
-3.64461e-06
-3.84515e-06
-4.05903e-06
-4.28803e-06
-4.53367e-06
-4.79709e-06
-5.07876e-06
-5.37824e-06
-5.6779e-06
-5.95536e-06
-6.20571e-06
-6.43039e-06
-6.6313e-06
-6.81149e-06
-6.97529e-06
-7.12791e-06
-7.27488e-06
-7.42157e-06
-7.57275e-06
-7.73247e-06
-7.90413e-06
-8.0907e-06
-8.29442e-06
-8.51652e-06
-8.75763e-06
-9.01779e-06
-9.29655e-06
-9.59297e-06
-9.90573e-06
-1.02332e-05
-1.05736e-05
-8.1205e-07
-1.01151e-06
-1.20749e-06
-1.40052e-06
-1.5914e-06
-1.78096e-06
-1.97003e-06
-2.15941e-06
-2.34997e-06
-2.54264e-06
-2.7385e-06
-2.93872e-06
-3.14457e-06
-3.35742e-06
-3.5787e-06
-3.80988e-06
-4.05246e-06
-4.30793e-06
-4.57772e-06
-4.86313e-06
-5.16537e-06
-5.48564e-06
-5.80868e-06
-6.11357e-06
-6.3957e-06
-6.65675e-06
-6.89865e-06
-7.12399e-06
-7.33598e-06
-7.5383e-06
-7.73479e-06
-7.92914e-06
-8.12476e-06
-8.32472e-06
-8.53178e-06
-8.74825e-06
-8.97566e-06
-9.21501e-06
-9.46696e-06
-9.73185e-06
-1.00097e-05
-1.03002e-05
-1.06026e-05
-1.09163e-05
-1.12401e-05
-4.18294e-07
-6.42696e-07
-8.64182e-07
-1.08327e-06
-1.30067e-06
-1.51709e-06
-1.73325e-06
-1.94986e-06
-2.16764e-06
-2.38741e-06
-2.61009e-06
-2.83665e-06
-3.06817e-06
-3.30578e-06
-3.55069e-06
-3.80415e-06
-4.06748e-06
-4.34202e-06
-4.62921e-06
-4.93051e-06
-5.24753e-06
-5.58205e-06
-5.92016e-06
-6.24231e-06
-6.54443e-06
-6.82838e-06
-7.09617e-06
-7.35007e-06
-7.59268e-06
-7.82675e-06
-8.0551e-06
-8.28044e-06
-8.5053e-06
-8.73201e-06
-8.96258e-06
-9.19866e-06
-9.44165e-06
-9.69258e-06
-9.95212e-06
-1.02208e-05
-1.04987e-05
-1.07859e-05
-1.10822e-05
-1.13872e-05
-1.17002e-05
-1.3187e-07
-3.77129e-07
-6.19789e-07
-8.60323e-07
-1.09934e-06
-1.33745e-06
-1.57526e-06
-1.81336e-06
-2.05239e-06
-2.29305e-06
-2.53612e-06
-2.78246e-06
-3.03297e-06
-3.28864e-06
-3.5505e-06
-3.81967e-06
-4.09734e-06
-4.38477e-06
-4.68336e-06
-4.99463e-06
-5.32027e-06
-5.66213e-06
-6.00749e-06
-6.33847e-06
-6.6516e-06
-6.9489e-06
-7.23231e-06
-7.50386e-06
-7.76568e-06
-8.01996e-06
-8.26885e-06
-8.51441e-06
-8.7586e-06
-9.00316e-06
-9.24966e-06
-9.49946e-06
-9.75377e-06
-1.00135e-05
-1.02794e-05
-1.05519e-05
-1.08314e-05
-1.1118e-05
-1.14117e-05
-1.17122e-05
-1.20194e-05
7.08043e-08
-1.91865e-07
-4.52038e-07
-7.10134e-07
-9.66676e-07
-1.22218e-06
-1.47714e-06
-1.73206e-06
-1.9875e-06
-2.24408e-06
-2.50246e-06
-2.76339e-06
-3.02766e-06
-3.29612e-06
-3.56971e-06
-3.84941e-06
-4.13632e-06
-4.43162e-06
-4.73665e-06
-5.05284e-06
-5.38184e-06
-5.72543e-06
-6.07208e-06
-6.40581e-06
-6.72375e-06
-7.02789e-06
-7.32002e-06
-7.60192e-06
-7.87542e-06
-8.14228e-06
-8.40425e-06
-8.66296e-06
-8.91994e-06
-9.17663e-06
-9.43428e-06
-9.69396e-06
-9.95678e-06
-1.02236e-05
-1.04949e-05
-1.07714e-05
-1.10533e-05
-1.13408e-05
-1.16342e-05
-1.19332e-05
-1.22378e-05
2.10426e-07
-6.66701e-08
-3.41221e-07
-6.13601e-07
-8.84254e-07
-1.1536e-06
-1.42206e-06
-1.69006e-06
-1.95808e-06
-2.22666e-06
-2.49639e-06
-2.76792e-06
-3.04196e-06
-3.31924e-06
-3.60061e-06
-3.88696e-06
-4.17931e-06
-4.47871e-06
-4.78642e-06
-5.10378e-06
-5.43234e-06
-5.77371e-06
-6.11764e-06
-6.4501e-06
-6.76874e-06
-7.07536e-06
-7.37158e-06
-7.65897e-06
-7.93911e-06
-8.21351e-06
-8.4836e-06
-8.75074e-06
-9.01617e-06
-9.28107e-06
-9.54653e-06
-9.81353e-06
-1.00829e-05
-1.03553e-05
-1.06314e-05
-1.09116e-05
-1.11964e-05
-1.1486e-05
-1.17805e-05
-1.20799e-05
-1.23843e-05
3.04277e-07
1.52259e-08
-2.71133e-07
-5.55134e-07
-8.37146e-07
-1.11751e-06
-1.39658e-06
-1.67471e-06
-1.95234e-06
-2.22993e-06
-2.50802e-06
-2.78716e-06
-3.06798e-06
-3.35117e-06
-3.63746e-06
-3.92766e-06
-4.2227e-06
-4.52354e-06
-4.83136e-06
-5.14734e-06
-5.47297e-06
-5.80965e-06
-6.14838e-06
-6.47708e-06
-6.79377e-06
-7.10003e-06
-7.39728e-06
-7.68694e-06
-7.97041e-06
-8.24901e-06
-8.52395e-06
-8.79637e-06
-9.06733e-06
-9.33781e-06
-9.60876e-06
-9.88119e-06
-1.01556e-05
-1.04326e-05
-1.07128e-05
-1.09966e-05
-1.12845e-05
-1.15767e-05
-1.18734e-05
-1.21746e-05
-1.24804e-05
3.65652e-07
6.66567e-08
-2.29437e-07
-5.22922e-07
-8.14101e-07
-1.10325e-06
-1.39066e-06
-1.67666e-06
-1.96162e-06
-2.24596e-06
-2.53015e-06
-2.81469e-06
-3.10015e-06
-3.38713e-06
-3.67632e-06
-3.96842e-06
-4.26431e-06
-4.56483e-06
-4.87108e-06
-5.18412e-06
-5.50533e-06
-5.83594e-06
-6.16812e-06
-6.49162e-06
-6.80477e-06
-7.10888e-06
-7.40523e-06
-7.69512e-06
-7.9798e-06
-8.26042e-06
-8.53804e-06
-8.81366e-06
-9.0882e-06
-9.36252e-06
-9.63741e-06
-9.91378e-06
-1.01921e-05
-1.04728e-05
-1.07566e-05
-1.10439e-05
-1.1335e-05
-1.16301e-05
-1.19296e-05
-1.22334e-05
-1.25416e-05
4.04473e-07
9.71686e-08
-2.06986e-07
-5.08245e-07
-8.06853e-07
-1.10303e-06
-1.39704e-06
-1.68916e-06
-1.97973e-06
-2.26913e-06
-2.55778e-06
-2.84612e-06
-3.13468e-06
-3.42399e-06
-3.71468e-06
-4.0074e-06
-4.30292e-06
-4.60204e-06
-4.90574e-06
-5.21497e-06
-5.53101e-06
-5.85491e-06
-6.17996e-06
-6.49758e-06
-6.80632e-06
-7.10726e-06
-7.40157e-06
-7.69046e-06
-7.97503e-06
-8.25631e-06
-8.53523e-06
-8.81267e-06
-9.08946e-06
-9.3664e-06
-9.64412e-06
-9.92345e-06
-1.02048e-05
-1.04887e-05
-1.07757e-05
-1.10661e-05
-1.13603e-05
-1.16586e-05
-1.19611e-05
-1.2268e-05
-1.25793e-05
4.2801e-07
1.13724e-07
-1.97147e-07
-5.04821e-07
-8.09489e-07
-1.11134e-06
-1.4106e-06
-1.70753e-06
-2.00243e-06
-2.29564e-06
-2.58755e-06
-2.87856e-06
-3.16914e-06
-3.45979e-06
-3.75107e-06
-4.04359e-06
-4.33804e-06
-4.63515e-06
-4.9358e-06
-5.24083e-06
-5.55145e-06
-5.86852e-06
-6.18637e-06
-6.49792e-06
-6.80187e-06
-7.09915e-06
-7.39084e-06
-7.67804e-06
-7.96173e-06
-8.24283e-06
-8.52217e-06
-8.80055e-06
-9.07869e-06
-9.35727e-06
-9.63717e-06
-9.9188e-06
-1.02026e-05
-1.04892e-05
-1.07789e-05
-1.10722e-05
-1.13694e-05
-1.16708e-05
-1.19765e-05
-1.22867e-05
-1.26014e-05
4.41457e-07
1.21261e-07
-1.95253e-07
-5.08264e-07
-8.17926e-07
-1.1244e-06
-1.42789e-06
-1.72864e-06
-2.02692e-06
-2.32305e-06
-2.61736e-06
-2.91025e-06
-3.20213e-06
-3.49347e-06
-3.78478e-06
-4.07661e-06
-4.36961e-06
-4.66441e-06
-4.96183e-06
-5.26262e-06
-5.56788e-06
-5.8783e-06
-6.1892e-06
-6.4948e-06
-6.79394e-06
-7.08742e-06
-7.37626e-06
-7.66143e-06
-7.94383e-06
-8.22426e-06
-8.50349e-06
-8.78225e-06
-9.0612e-06
-9.34095e-06
-9.62234e-06
-9.90577e-06
-1.01916e-05
-1.04804e-05
-1.07726e-05
-1.10685e-05
-1.13685e-05
-1.16729e-05
-1.19817e-05
-1.22952e-05
-1.26134e-05
4.48418e-07
1.23174e-07
-1.98123e-07
-5.15623e-07
-8.29446e-07
-1.13974e-06
-1.44669e-06
-1.75053e-06
-2.05149e-06
-2.34987e-06
-2.646e-06
-2.94022e-06
-3.23292e-06
-3.52454e-06
-3.81555e-06
-4.10645e-06
-4.39782e-06
-4.69024e-06
-4.98447e-06
-5.28114e-06
-5.58128e-06
-5.88546e-06
-6.18983e-06
-6.48979e-06
-6.78429e-06
-7.07405e-06
-7.36001e-06
-7.64305e-06
-7.92395e-06
-8.20346e-06
-8.48228e-06
-8.76109e-06
-9.04049e-06
-9.321e-06
-9.60347e-06
-9.88835e-06
-1.01759e-05
-1.04666e-05
-1.07609e-05
-1.10592e-05
-1.13618e-05
-1.16689e-05
-1.19807e-05
-1.22974e-05
-1.26191e-05
4.51316e-07
1.21726e-07
-2.03667e-07
-5.24981e-07
-8.42318e-07
-1.15581e-06
-1.46564e-06
-1.772e-06
-2.07514e-06
-2.37531e-06
-2.67283e-06
-2.96801e-06
-3.26123e-06
-3.55288e-06
-3.84341e-06
-4.13326e-06
-4.42298e-06
-4.71308e-06
-5.00426e-06
-5.29707e-06
-5.59245e-06
-5.89085e-06
-6.18921e-06
-6.48392e-06
-6.77407e-06
-7.06032e-06
-7.34351e-06
-7.62442e-06
-7.90378e-06
-8.18226e-06
-8.46051e-06
-8.73916e-06
-9.0187e-06
-9.29976e-06
-9.58307e-06
-9.86912e-06
-1.0158e-05
-1.04503e-05
-1.07465e-05
-1.1047e-05
-1.13519e-05
-1.16615e-05
-1.19762e-05
-1.22959e-05
-1.26208e-05
4.51742e-07
1.18376e-07
-2.10555e-07
-5.35145e-07
-8.55484e-07
-1.1717e-06
-1.48395e-06
-1.79242e-06
-2.09735e-06
-2.39897e-06
-2.69758e-06
-2.99348e-06
-3.28702e-06
-3.57856e-06
-3.86852e-06
-4.15731e-06
-4.44543e-06
-4.73335e-06
-5.02168e-06
-5.31093e-06
-5.60195e-06
-5.89508e-06
-6.18797e-06
-6.47787e-06
-6.76401e-06
-7.047e-06
-7.3276e-06
-7.60649e-06
-7.88434e-06
-8.16177e-06
-8.43937e-06
-8.71776e-06
-8.99739e-06
-9.27863e-06
-9.5627e-06
-9.84971e-06
-1.01397e-05
-1.04334e-05
-1.07313e-05
-1.10335e-05
-1.13406e-05
-1.16525e-05
-1.19697e-05
-1.22922e-05
-1.26201e-05
4.50713e-07
1.14045e-07
-2.17967e-07
-5.45398e-07
-8.6833e-07
-1.18688e-06
-1.5012e-06
-1.81146e-06
-2.11789e-06
-2.42071e-06
-2.7202e-06
-3.01665e-06
-3.31038e-06
-3.60174e-06
-3.89111e-06
-4.17887e-06
-4.46548e-06
-4.75138e-06
-5.03711e-06
-5.32312e-06
-5.61019e-06
-5.89856e-06
-6.18649e-06
-6.47202e-06
-6.75453e-06
-7.03454e-06
-7.31274e-06
-7.58975e-06
-7.86616e-06
-8.14257e-06
-8.41951e-06
-8.69759e-06
-8.97707e-06
-9.25853e-06
-9.5433e-06
-9.83099e-06
-1.01219e-05
-1.04169e-05
-1.07161e-05
-1.102e-05
-1.13289e-05
-1.16429e-05
-1.19624e-05
-1.22874e-05
-1.26181e-05
4.48872e-07
1.09304e-07
-2.25403e-07
-5.55314e-07
-8.805e-07
-1.20107e-06
-1.51717e-06
-1.82898e-06
-2.13668e-06
-2.44051e-06
-2.74073e-06
-3.03761e-06
-3.33145e-06
-3.62259e-06
-3.91138e-06
-4.19818e-06
-4.48341e-06
-4.76746e-06
-5.05083e-06
-5.33392e-06
-5.61743e-06
-5.90152e-06
-6.185e-06
-6.4666e-06
-6.74582e-06
-7.02313e-06
-7.29915e-06
-7.57444e-06
-7.84952e-06
-8.12496e-06
-8.40125e-06
-8.67898e-06
-8.95819e-06
-9.24002e-06
-9.52522e-06
-9.81343e-06
-1.01052e-05
-1.04011e-05
-1.07016e-05
-1.1007e-05
-1.13175e-05
-1.16334e-05
-1.19549e-05
-1.22822e-05
-1.26153e-05
4.46622e-07
1.04509e-07
-2.32559e-07
-5.64635e-07
-8.91786e-07
-1.21412e-06
-1.53176e-06
-1.84488e-06
-2.15368e-06
-2.45837e-06
-2.75919e-06
-3.05641e-06
-3.35032e-06
-3.64124e-06
-3.92948e-06
-4.21539e-06
-4.49936e-06
-4.78175e-06
-5.06301e-06
-5.34349e-06
-5.62382e-06
-5.90411e-06
-6.18361e-06
-6.4617e-06
-6.73799e-06
-7.01289e-06
-7.28695e-06
-7.56066e-06
-7.83454e-06
-8.10908e-06
-8.38475e-06
-8.66209e-06
-8.94115e-06
-9.22323e-06
-9.50868e-06
-9.79735e-06
-1.00898e-05
-1.03866e-05
-1.06882e-05
-1.09948e-05
-1.13067e-05
-1.16242e-05
-1.19476e-05
-1.22768e-05
-1.26122e-05
4.44163e-07
9.97924e-08
-2.39359e-07
-5.7334e-07
-9.02214e-07
-1.22608e-06
-1.54507e-06
-1.85934e-06
-2.16907e-06
-2.47449e-06
-2.77582e-06
-3.07332e-06
-3.36727e-06
-3.65796e-06
-3.9457e-06
-4.23081e-06
-4.51364e-06
-4.79454e-06
-5.07391e-06
-5.35206e-06
-5.62957e-06
-5.90644e-06
-6.18236e-06
-6.4573e-06
-6.73097e-06
-7.00372e-06
-7.27602e-06
-7.54832e-06
-7.8211e-06
-8.09482e-06
-8.36993e-06
-8.64689e-06
-8.92588e-06
-9.20802e-06
-9.49364e-06
-9.78273e-06
-1.00758e-05
-1.03734e-05
-1.06758e-05
-1.09835e-05
-1.12967e-05
-1.16156e-05
-1.19405e-05
-1.22716e-05
-1.26089e-05
4.41473e-07
9.4983e-08
-2.46117e-07
-5.81874e-07
-9.1235e-07
-1.23764e-06
-1.55787e-06
-1.87319e-06
-2.18379e-06
-2.48987e-06
-2.79165e-06
-3.08939e-06
-3.38336e-06
-3.67381e-06
-3.96106e-06
-4.24539e-06
-4.52715e-06
-4.80663e-06
-5.08422e-06
-5.36018e-06
-5.63503e-06
-5.90869e-06
-6.1812e-06
-6.45315e-06
-6.72437e-06
-6.9951e-06
-7.26572e-06
-7.53668e-06
-7.80841e-06
-8.08134e-06
-8.3559e-06
-8.63251e-06
-8.91137e-06
-9.1935e-06
-9.47931e-06
-9.76876e-06
-1.00624e-05
-1.03606e-05
-1.06639e-05
-1.09725e-05
-1.12868e-05
-1.16071e-05
-1.19335e-05
-1.22662e-05
-1.26053e-05
4.38755e-07
9.02411e-08
-2.52745e-07
-5.9024e-07
-9.22293e-07
-1.24899e-06
-1.57045e-06
-1.88683e-06
-2.19828e-06
-2.50502e-06
-2.80727e-06
-3.10524e-06
-3.3992e-06
-3.68941e-06
-3.97616e-06
-4.25972e-06
-4.54039e-06
-4.81845e-06
-5.09425e-06
-5.36802e-06
-5.64025e-06
-5.9108e-06
-6.18017e-06
-6.4493e-06
-6.71805e-06
-6.9867e-06
-7.25568e-06
-7.52531e-06
-7.79599e-06
-8.06813e-06
-8.34211e-06
-8.61835e-06
-8.89704e-06
-9.17917e-06
-9.46515e-06
-9.75495e-06
-1.0049e-05
-1.03479e-05
-1.0652e-05
-1.09616e-05
-1.12771e-05
-1.15987e-05
-1.19266e-05
-1.22609e-05
-1.26018e-05
-4.27017e-06
-9.83437e-06
-1.05556e-05
-1.09928e-05
-1.16394e-05
-1.2424e-05
-1.33149e-05
-1.42936e-05
-1.53502e-05
-1.64817e-05
-1.76885e-05
-1.89742e-05
-2.03458e-05
-2.18157e-05
-2.34028e-05
-1.74134e-06
-7.01042e-06
-9.01814e-06
-1.02073e-05
-1.12189e-05
-1.2183e-05
-1.31694e-05
-1.42035e-05
-1.52939e-05
-1.64462e-05
-1.76657e-05
-1.89586e-05
-2.03337e-05
-2.18044e-05
-2.33901e-05
-2.37889e-07
-5.13693e-06
-7.82804e-06
-9.50404e-06
-1.08046e-05
-1.19379e-05
-1.30213e-05
-1.41127e-05
-1.52379e-05
-1.64116e-05
-1.76438e-05
-1.89438e-05
-2.03221e-05
-2.17931e-05
-2.33768e-05
3.16675e-07
-3.96894e-06
-6.88418e-06
-8.86956e-06
-1.03989e-05
-1.16894e-05
-1.28713e-05
-1.40225e-05
-1.5184e-05
-1.63795e-05
-1.76244e-05
-1.89311e-05
-2.03119e-05
-2.17826e-05
-2.33637e-05
4.40056e-07
-3.08468e-06
-5.99614e-06
-8.20427e-06
-9.94508e-06
-1.13995e-05
-1.26938e-05
-1.39164e-05
-1.5122e-05
-1.63438e-05
-1.76037e-05
-1.8918e-05
-2.03016e-05
-2.17716e-05
-2.33493e-05
4.36534e-07
-2.49248e-06
-5.21983e-06
-7.52309e-06
-9.43243e-06
-1.10473e-05
-1.24671e-05
-1.3777e-05
-1.50392e-05
-1.6296e-05
-1.75762e-05
-1.89011e-05
-2.02887e-05
-2.17583e-05
-2.33322e-05
2.83972e-07
-2.16592e-06
-4.62737e-06
-6.89665e-06
-8.89582e-06
-1.06397e-05
-1.21825e-05
-1.35903e-05
-1.49224e-05
-1.62253e-05
-1.75338e-05
-1.88745e-05
-2.02692e-05
-2.17396e-05
-2.331e-05
-3.46661e-08
-2.08841e-06
-4.25876e-06
-6.39712e-06
-8.3954e-06
-1.0211e-05
-1.18517e-05
-1.33534e-05
-1.4762e-05
-1.61209e-05
-1.74668e-05
-1.88301e-05
-2.02365e-05
-2.17106e-05
-2.32786e-05
-4.95822e-07
-2.22726e-06
-4.11743e-06
-6.07095e-06
-7.99123e-06
-9.81188e-06
-1.15063e-05
-1.30805e-05
-1.45597e-05
-1.59774e-05
-1.7367e-05
-1.87596e-05
-2.0183e-05
-2.16644e-05
-2.32319e-05
-1.07318e-06
-2.54438e-06
-4.18316e-06
-5.93369e-06
-7.72474e-06
-9.49063e-06
-1.11878e-05
-1.27992e-05
-1.433e-05
-1.5799e-05
-1.7232e-05
-1.86569e-05
-2.01013e-05
-2.15933e-05
-2.31625e-05
-1.7457e-06
-3.00596e-06
-4.42681e-06
-5.97838e-06
-7.61418e-06
-9.28131e-06
-1.09339e-05
-1.25424e-05
-1.40958e-05
-1.55989e-05
-1.70669e-05
-1.85214e-05
-1.99871e-05
-2.1491e-05
-2.30628e-05
-2.49857e-06
-3.58605e-06
-4.82035e-06
-6.18756e-06
-7.66034e-06
-9.20153e-06
-1.0772e-05
-1.23392e-05
-1.38825e-05
-1.53952e-05
-1.68822e-05
-1.83571e-05
-1.98393e-05
-2.1353e-05
-2.29261e-05
-3.32139e-06
-4.26567e-06
-5.34061e-06
-6.54166e-06
-7.85468e-06
-9.25654e-06
-1.07185e-05
-1.22116e-05
-1.37125e-05
-1.5207e-05
-1.66914e-05
-1.81714e-05
-1.96601e-05
-2.11769e-05
-2.27464e-05
-4.20526e-06
-5.02974e-06
-5.96841e-06
-7.02192e-06
-8.1845e-06
-9.4437e-06
-1.07811e-05
-1.2175e-05
-1.36041e-05
-1.50518e-05
-1.65086e-05
-1.79736e-05
-1.94533e-05
-2.09617e-05
-2.25186e-05
-5.14038e-06
-5.86408e-06
-6.68616e-06
-7.60989e-06
-8.63447e-06
-9.75463e-06
-1.09604e-05
-1.22379e-05
-1.35711e-05
-1.49448e-05
-1.63474e-05
-1.77735e-05
-1.92242e-05
-2.07077e-05
-2.22384e-05
-6.11468e-06
-6.75343e-06
-7.47586e-06
-8.28632e-06
-9.18659e-06
-1.01758e-05
-1.12501e-05
-1.24021e-05
-1.36219e-05
-1.48981e-05
-1.62206e-05
-1.75819e-05
-1.89797e-05
-2.04172e-05
-2.19031e-05
-7.11463e-06
-7.68164e-06
-8.31892e-06
-9.03091e-06
-9.82057e-06
-1.06894e-05
-1.16371e-05
-1.26614e-05
-1.37575e-05
-1.49189e-05
-1.61384e-05
-1.74095e-05
-1.87285e-05
-2.00951e-05
-2.15135e-05
-8.12417e-06
-8.63057e-06
-9.19503e-06
-9.82164e-06
-1.05136e-05
-1.12733e-05
-1.21026e-05
-1.30022e-05
-1.39711e-05
-1.50069e-05
-1.61062e-05
-1.72649e-05
-1.84799e-05
-1.97497e-05
-2.1075e-05
-9.12203e-06
-9.57716e-06
-1.00794e-05
-1.06321e-05
-1.12381e-05
-1.19002e-05
-1.2621e-05
-1.34025e-05
-1.42462e-05
-1.51528e-05
-1.61217e-05
-1.7152e-05
-1.82423e-05
-1.93916e-05
-2.0599e-05
-1.00886e-05
-1.05e-05
-1.09485e-05
-1.14368e-05
-1.19673e-05
-1.25425e-05
-1.31649e-05
-1.38373e-05
-1.45622e-05
-1.53417e-05
-1.61776e-05
-1.70713e-05
-1.80233e-05
-1.90342e-05
-2.01035e-05
-1.09285e-05
-1.13056e-05
-1.17117e-05
-1.21485e-05
-1.26179e-05
-1.31219e-05
-1.3663e-05
-1.42435e-05
-1.48663e-05
-1.55342e-05
-1.62497e-05
-1.70156e-05
-1.78341e-05
-1.87073e-05
-1.96361e-05
-1.15755e-05
-1.19285e-05
-1.23038e-05
-1.27029e-05
-1.31273e-05
-1.35786e-05
-1.4059e-05
-1.45705e-05
-1.51158e-05
-1.56975e-05
-1.63186e-05
-1.69822e-05
-1.76915e-05
-1.84495e-05
-1.92586e-05
-1.20227e-05
-1.23597e-05
-1.27145e-05
-1.30883e-05
-1.34823e-05
-1.38979e-05
-1.43369e-05
-1.48011e-05
-1.52927e-05
-1.58142e-05
-1.63685e-05
-1.69587e-05
-1.75882e-05
-1.82605e-05
-1.89789e-05
-1.23345e-05
-1.26616e-05
-1.30034e-05
-1.33607e-05
-1.37346e-05
-1.41263e-05
-1.45372e-05
-1.49689e-05
-1.54234e-05
-1.59029e-05
-1.641e-05
-1.69476e-05
-1.75191e-05
-1.8128e-05
-1.87782e-05
-1.25493e-05
-1.28709e-05
-1.32049e-05
-1.3552e-05
-1.3913e-05
-1.42891e-05
-1.46814e-05
-1.50913e-05
-1.55205e-05
-1.59709e-05
-1.64449e-05
-1.69452e-05
-1.74748e-05
-1.80372e-05
-1.86361e-05
-1.26948e-05
-1.30142e-05
-1.33442e-05
-1.36856e-05
-1.4039e-05
-1.44055e-05
-1.4786e-05
-1.51816e-05
-1.55939e-05
-1.60246e-05
-1.64757e-05
-1.69495e-05
-1.7449e-05
-1.79771e-05
-1.85375e-05
-1.27918e-05
-1.31112e-05
-1.344e-05
-1.37789e-05
-1.41285e-05
-1.44897e-05
-1.48631e-05
-1.525e-05
-1.56514e-05
-1.60689e-05
-1.65042e-05
-1.69594e-05
-1.74369e-05
-1.79396e-05
-1.84704e-05
-1.28552e-05
-1.31762e-05
-1.35057e-05
-1.38445e-05
-1.41929e-05
-1.45516e-05
-1.49215e-05
-1.53032e-05
-1.56979e-05
-1.61067e-05
-1.65313e-05
-1.69732e-05
-1.74347e-05
-1.79181e-05
-1.8426e-05
-1.28959e-05
-1.32194e-05
-1.3551e-05
-1.3891e-05
-1.42399e-05
-1.45984e-05
-1.49668e-05
-1.5346e-05
-1.57367e-05
-1.61401e-05
-1.65573e-05
-1.69898e-05
-1.74392e-05
-1.79077e-05
-1.83974e-05
-1.29214e-05
-1.32481e-05
-1.35824e-05
-1.39246e-05
-1.42752e-05
-1.46345e-05
-1.50031e-05
-1.53814e-05
-1.57701e-05
-1.617e-05
-1.65822e-05
-1.70078e-05
-1.74481e-05
-1.79049e-05
-1.83799e-05
-1.2937e-05
-1.32671e-05
-1.36045e-05
-1.39494e-05
-1.43023e-05
-1.46633e-05
-1.50328e-05
-1.54113e-05
-1.57992e-05
-1.61971e-05
-1.66058e-05
-1.70263e-05
-1.74595e-05
-1.79069e-05
-1.83697e-05
-1.29462e-05
-1.32797e-05
-1.36203e-05
-1.39682e-05
-1.43236e-05
-1.46867e-05
-1.50577e-05
-1.54369e-05
-1.58247e-05
-1.62216e-05
-1.66279e-05
-1.70444e-05
-1.7472e-05
-1.79116e-05
-1.83643e-05
-1.29513e-05
-1.32882e-05
-1.36319e-05
-1.39828e-05
-1.43408e-05
-1.47061e-05
-1.50788e-05
-1.54592e-05
-1.58473e-05
-1.62435e-05
-1.66482e-05
-1.70617e-05
-1.74846e-05
-1.79178e-05
-1.83618e-05
-1.29538e-05
-1.32938e-05
-1.36406e-05
-1.39943e-05
-1.43548e-05
-1.47224e-05
-1.50969e-05
-1.54785e-05
-1.58672e-05
-1.62632e-05
-1.66666e-05
-1.70777e-05
-1.74968e-05
-1.79245e-05
-1.8361e-05
-1.29546e-05
-1.32976e-05
-1.36471e-05
-1.40035e-05
-1.43665e-05
-1.47361e-05
-1.51124e-05
-1.54953e-05
-1.58847e-05
-1.62806e-05
-1.66831e-05
-1.70923e-05
-1.75081e-05
-1.79311e-05
-1.83612e-05
-1.29545e-05
-1.33e-05
-1.36522e-05
-1.40109e-05
-1.43761e-05
-1.47478e-05
-1.51258e-05
-1.55099e-05
-1.59e-05
-1.6296e-05
-1.66978e-05
-1.71053e-05
-1.75184e-05
-1.79373e-05
-1.83618e-05
-1.29537e-05
-1.33016e-05
-1.3656e-05
-1.40169e-05
-1.43842e-05
-1.47577e-05
-1.51372e-05
-1.55225e-05
-1.59133e-05
-1.63095e-05
-1.67107e-05
-1.71168e-05
-1.75276e-05
-1.79429e-05
-1.83625e-05
-1.29525e-05
-1.33025e-05
-1.3659e-05
-1.40219e-05
-1.43911e-05
-1.47662e-05
-1.51471e-05
-1.55334e-05
-1.59249e-05
-1.63213e-05
-1.67221e-05
-1.7127e-05
-1.75357e-05
-1.7948e-05
-1.83633e-05
-1.29509e-05
-1.3303e-05
-1.36615e-05
-1.40263e-05
-1.43971e-05
-1.47739e-05
-1.51561e-05
-1.55435e-05
-1.59357e-05
-1.63322e-05
-1.67326e-05
-1.71365e-05
-1.75434e-05
-1.79528e-05
-1.83641e-05
-1.29492e-05
-1.33031e-05
-1.36634e-05
-1.403e-05
-1.44025e-05
-1.47808e-05
-1.51643e-05
-1.55528e-05
-1.59457e-05
-1.63424e-05
-1.67425e-05
-1.71454e-05
-1.75505e-05
-1.79573e-05
-1.83648e-05
-4.18235e-06
-4.18197e-06
-4.18579e-06
-4.19312e-06
-4.20332e-06
-4.21571e-06
-4.23005e-06
-4.24616e-06
-4.26398e-06
-4.28355e-06
-4.30498e-06
-4.3284e-06
-4.35396e-06
-4.38173e-06
-4.41171e-06
-4.44374e-06
-4.47751e-06
-4.5124e-06
-4.54741e-06
-4.58096e-06
-4.61085e-06
-4.63417e-06
-4.64511e-06
-4.6367e-06
-4.60354e-06
-4.54063e-06
-4.44347e-06
-4.30902e-06
-4.1369e-06
-3.92998e-06
-3.68998e-06
-3.42247e-06
-3.14475e-06
-2.8731e-06
-2.62347e-06
-2.41027e-06
-2.24608e-06
-2.13883e-06
-2.08941e-06
-2.09126e-06
-2.1313e-06
-2.19239e-06
-2.25806e-06
-2.30632e-06
-2.32624e-06
-4.17694e-06
-4.17727e-06
-4.18041e-06
-4.18573e-06
-4.19277e-06
-4.20149e-06
-4.21163e-06
-4.22309e-06
-4.23587e-06
-4.24999e-06
-4.26554e-06
-4.28262e-06
-4.30133e-06
-4.32176e-06
-4.34397e-06
-4.36793e-06
-4.3935e-06
-4.42031e-06
-4.44762e-06
-4.47415e-06
-4.49788e-06
-4.51577e-06
-4.52193e-06
-4.51021e-06
-4.47592e-06
-4.41462e-06
-4.32242e-06
-4.19683e-06
-4.03721e-06
-3.84499e-06
-3.62491e-06
-3.38862e-06
-3.14671e-06
-2.9102e-06
-2.69298e-06
-2.50951e-06
-2.37043e-06
-2.28058e-06
-2.23854e-06
-2.23701e-06
-2.26443e-06
-2.30745e-06
-2.35356e-06
-2.39289e-06
-2.41923e-06
-4.16314e-06
-4.16587e-06
-4.16996e-06
-4.17536e-06
-4.18193e-06
-4.18952e-06
-4.19807e-06
-4.20754e-06
-4.21798e-06
-4.22944e-06
-4.24205e-06
-4.25592e-06
-4.27122e-06
-4.28812e-06
-4.30682e-06
-4.32755e-06
-4.3505e-06
-4.37588e-06
-4.40372e-06
-4.43375e-06
-4.46519e-06
-4.49612e-06
-4.52076e-06
-4.53172e-06
-4.52255e-06
-4.48674e-06
-4.4183e-06
-4.31293e-06
-4.16879e-06
-3.98699e-06
-3.77153e-06
-3.53239e-06
-3.28213e-06
-3.03511e-06
-2.80688e-06
-2.61214e-06
-2.46228e-06
-2.36328e-06
-2.31464e-06
-2.30973e-06
-2.33738e-06
-2.38432e-06
-2.43783e-06
-2.49006e-06
-2.53999e-06
-4.14507e-06
-4.15088e-06
-4.15655e-06
-4.16254e-06
-4.16903e-06
-4.17599e-06
-4.18342e-06
-4.19139e-06
-4.2e-06
-4.20939e-06
-4.21972e-06
-4.23122e-06
-4.24415e-06
-4.25886e-06
-4.27582e-06
-4.29566e-06
-4.31922e-06
-4.34759e-06
-4.38212e-06
-4.42428e-06
-4.4754e-06
-4.53553e-06
-4.59841e-06
-4.65305e-06
-4.6892e-06
-4.69647e-06
-4.66507e-06
-4.58846e-06
-4.46359e-06
-4.29125e-06
-4.0763e-06
-3.82775e-06
-3.55927e-06
-3.28707e-06
-3.02893e-06
-2.80213e-06
-2.62099e-06
-2.4945e-06
-2.42474e-06
-2.40679e-06
-2.43007e-06
-2.48055e-06
-2.5439e-06
-2.61185e-06
-2.68544e-06
-4.12613e-06
-4.13533e-06
-4.14279e-06
-4.14964e-06
-4.15643e-06
-4.16322e-06
-4.17006e-06
-4.1771e-06
-4.18453e-06
-4.19256e-06
-4.20143e-06
-4.21146e-06
-4.22307e-06
-4.23684e-06
-4.2536e-06
-4.27452e-06
-4.30131e-06
-4.33631e-06
-4.38268e-06
-4.44431e-06
-4.52552e-06
-4.6293e-06
-4.74847e-06
-4.8659e-06
-4.96534e-06
-5.03073e-06
-5.04749e-06
-5.00817e-06
-4.90927e-06
-4.75077e-06
-4.53619e-06
-4.27543e-06
-3.98205e-06
-3.67376e-06
-3.37078e-06
-3.0939e-06
-2.86189e-06
-2.68864e-06
-2.58073e-06
-2.53645e-06
-2.54643e-06
-2.59566e-06
-2.66717e-06
-2.751e-06
-2.84877e-06
-4.10914e-06
-4.12134e-06
-4.13056e-06
-4.13842e-06
-4.14576e-06
-4.1527e-06
-4.15936e-06
-4.16598e-06
-4.17279e-06
-4.18008e-06
-4.1882e-06
-4.19756e-06
-4.20875e-06
-4.22261e-06
-4.24037e-06
-4.26386e-06
-4.29576e-06
-4.33995e-06
-4.40177e-06
-4.48809e-06
-4.60684e-06
-4.76471e-06
-4.95329e-06
-5.1466e-06
-5.32001e-06
-5.45086e-06
-5.52424e-06
-5.53074e-06
-5.4642e-06
-5.32644e-06
-5.11595e-06
-4.84342e-06
-4.52319e-06
-4.17383e-06
-3.81755e-06
-3.47867e-06
-3.18118e-06
-2.94523e-06
-2.7837e-06
-2.69972e-06
-2.68625e-06
-2.72762e-06
-2.80378e-06
-2.90238e-06
-3.02513e-06
-4.09566e-06
-4.11051e-06
-4.12137e-06
-4.13024e-06
-4.13824e-06
-4.14551e-06
-4.15224e-06
-4.15873e-06
-4.16528e-06
-4.17225e-06
-4.18004e-06
-4.18919e-06
-4.20046e-06
-4.21493e-06
-4.23425e-06
-4.26092e-06
-4.29868e-06
-4.35305e-06
-4.43176e-06
-4.54502e-06
-4.70472e-06
-4.92163e-06
-5.18586e-06
-5.46011e-06
-5.71044e-06
-5.91354e-06
-6.05348e-06
-6.11367e-06
-6.08403e-06
-5.96184e-06
-5.75666e-06
-5.47594e-06
-5.13249e-06
-4.74445e-06
-4.33488e-06
-3.93089e-06
-3.56136e-06
-3.25322e-06
-3.02686e-06
-2.89185e-06
-2.84505e-06
-2.87109e-06
-2.94717e-06
-3.0584e-06
-3.20635e-06
-4.08683e-06
-4.10394e-06
-4.11625e-06
-4.1261e-06
-4.13476e-06
-4.14245e-06
-4.14938e-06
-4.15589e-06
-4.16235e-06
-4.16915e-06
-4.17678e-06
-4.18587e-06
-4.1973e-06
-4.2124e-06
-4.23319e-06
-4.26281e-06
-4.30605e-06
-4.37005e-06
-4.46503e-06
-4.6047e-06
-4.80508e-06
-5.08097e-06
-5.42169e-06
-5.77829e-06
-6.10841e-06
-6.38324e-06
-6.57981e-06
-6.68282e-06
-6.68548e-06
-6.58645e-06
-6.39172e-06
-6.10862e-06
-5.74916e-06
-5.33035e-06
-4.87491e-06
-4.41125e-06
-3.97193e-06
-3.59005e-06
-3.29384e-06
-3.10052e-06
-3.01246e-06
-3.01616e-06
-3.08701e-06
-3.20793e-06
-3.38026e-06
-4.08323e-06
-4.10228e-06
-4.11587e-06
-4.12661e-06
-4.13592e-06
-4.14402e-06
-4.15116e-06
-4.15771e-06
-4.16408e-06
-4.17069e-06
-4.17809e-06
-4.18696e-06
-4.1983e-06
-4.21362e-06
-4.23528e-06
-4.26699e-06
-4.31447e-06
-4.3864e-06
-4.49543e-06
-4.65885e-06
-4.8968e-06
-5.22713e-06
-5.63993e-06
-6.07329e-06
-6.47541e-06
-6.81175e-06
-7.05739e-06
-7.19835e-06
-7.22955e-06
-7.15057e-06
-6.96684e-06
-6.68553e-06
-6.31746e-06
-5.87789e-06
-5.38802e-06
-4.87591e-06
-4.37596e-06
-3.92594e-06
-3.56137e-06
-3.30746e-06
-3.17338e-06
-3.1492e-06
-3.20995e-06
-3.33712e-06
-3.53192e-06
-4.08508e-06
-4.10583e-06
-4.12055e-06
-4.13211e-06
-4.14202e-06
-4.15049e-06
-4.15776e-06
-4.16425e-06
-4.17038e-06
-4.17661e-06
-4.1835e-06
-4.19178e-06
-4.20251e-06
-4.21736e-06
-4.23894e-06
-4.27142e-06
-4.32137e-06
-4.39885e-06
-4.51873e-06
-4.70191e-06
-4.97258e-06
-5.34997e-06
-5.82702e-06
-6.32794e-06
-6.79123e-06
-7.17816e-06
-7.46315e-06
-7.63343e-06
-7.68559e-06
-7.62135e-06
-7.44665e-06
-7.16878e-06
-6.79747e-06
-6.346e-06
-5.83327e-06
-5.28567e-06
-4.7376e-06
-4.22949e-06
-3.80314e-06
-3.49091e-06
-3.30948e-06
-3.25392e-06
-3.3005e-06
-3.43032e-06
-3.64478e-06
-4.09235e-06
-4.11468e-06
-4.13046e-06
-4.14277e-06
-4.1532e-06
-4.16192e-06
-4.1692e-06
-4.17543e-06
-4.18107e-06
-4.18658e-06
-4.19253e-06
-4.19968e-06
-4.20913e-06
-4.22262e-06
-4.24297e-06
-4.27472e-06
-4.32513e-06
-4.40547e-06
-4.53252e-06
-4.73043e-06
-5.02722e-06
-5.44634e-06
-5.97685e-06
-6.53469e-06
-7.04762e-06
-7.47373e-06
-7.78717e-06
-7.97681e-06
-8.04152e-06
-7.98556e-06
-7.81599e-06
-7.54059e-06
-7.16829e-06
-6.71053e-06
-6.18371e-06
-5.6118e-06
-5.02768e-06
-4.47259e-06
-3.99398e-06
-3.62875e-06
-3.40128e-06
-3.31283e-06
-3.3422e-06
-3.47121e-06
-3.70199e-06
-4.10493e-06
-4.12882e-06
-4.14562e-06
-4.15863e-06
-4.16949e-06
-4.17834e-06
-4.18541e-06
-4.19112e-06
-4.19591e-06
-4.20027e-06
-4.20476e-06
-4.21012e-06
-4.2175e-06
-4.22868e-06
-4.24659e-06
-4.27606e-06
-4.32494e-06
-4.40552e-06
-4.53623e-06
-4.74358e-06
-5.05937e-06
-5.51492e-06
-6.08944e-06
-6.69275e-06
-7.24421e-06
-7.69871e-06
-8.03042e-06
-8.23017e-06
-8.29945e-06
-8.24501e-06
-8.07545e-06
-7.79927e-06
-7.42502e-06
-6.96268e-06
-6.42635e-06
-5.83743e-06
-5.22632e-06
-4.63321e-06
-4.11262e-06
-3.70101e-06
-3.43019e-06
-3.30871e-06
-3.31882e-06
-3.44386e-06
-3.68741e-06
-4.12267e-06
-4.1482e-06
-4.16602e-06
-4.1797e-06
-4.1909e-06
-4.1997e-06
-4.20632e-06
-4.21117e-06
-4.2147e-06
-4.2174e-06
-4.21982e-06
-4.2227e-06
-4.22717e-06
-4.23505e-06
-4.24934e-06
-4.2751e-06
-4.32061e-06
-4.39907e-06
-4.53038e-06
-4.74255e-06
-5.07275e-06
-5.55633e-06
-6.16649e-06
-6.80556e-06
-7.38585e-06
-7.85945e-06
-8.20082e-06
-8.40287e-06
-8.46964e-06
-8.41027e-06
-8.23502e-06
-7.95325e-06
-7.57344e-06
-7.1046e-06
-6.5591e-06
-5.95611e-06
-5.32355e-06
-4.69827e-06
-4.14124e-06
-3.69043e-06
-3.3796e-06
-3.22581e-06
-3.21537e-06
-3.33368e-06
-3.58651e-06
-4.14547e-06
-4.17278e-06
-4.19168e-06
-4.206e-06
-4.21744e-06
-4.22599e-06
-4.23186e-06
-4.23547e-06
-4.23727e-06
-4.23774e-06
-4.23745e-06
-4.23712e-06
-4.23785e-06
-4.24148e-06
-4.25108e-06
-4.27183e-06
-4.31241e-06
-4.38675e-06
-4.51611e-06
-4.73038e-06
-5.07024e-06
-5.57353e-06
-6.21201e-06
-6.87913e-06
-7.48022e-06
-7.96544e-06
-8.30961e-06
-8.5076e-06
-8.5659e-06
-8.49575e-06
-8.30893e-06
-8.0157e-06
-7.62479e-06
-7.14465e-06
-6.58654e-06
-5.96795e-06
-5.31527e-06
-4.66366e-06
-4.06913e-06
-3.58243e-06
-3.23553e-06
-3.05079e-06
-3.01898e-06
-3.12807e-06
-3.38692e-06
-4.17331e-06
-4.20263e-06
-4.22268e-06
-4.23761e-06
-4.24915e-06
-4.25722e-06
-4.26201e-06
-4.26393e-06
-4.26347e-06
-4.26111e-06
-4.25744e-06
-4.25316e-06
-4.24937e-06
-4.2479e-06
-4.25184e-06
-4.26651e-06
-4.30088e-06
-4.3695e-06
-4.4949e-06
-4.709e-06
-5.0542e-06
-5.57112e-06
-6.23208e-06
-6.92055e-06
-7.53598e-06
-8.02705e-06
-8.36872e-06
-8.55762e-06
-8.60249e-06
-8.51629e-06
-8.31209e-06
-8.00097e-06
-7.59222e-06
-7.09383e-06
-6.5168e-06
-5.87751e-06
-5.2015e-06
-4.52426e-06
-3.89187e-06
-3.36962e-06
-2.98872e-06
-2.77355e-06
-2.71936e-06
-2.81679e-06
-3.07869e-06
-4.20627e-06
-4.23785e-06
-4.25916e-06
-4.27467e-06
-4.28616e-06
-4.29346e-06
-4.29676e-06
-4.2965e-06
-4.29318e-06
-4.28736e-06
-4.27962e-06
-4.27071e-06
-4.26166e-06
-4.25432e-06
-4.25182e-06
-4.25954e-06
-4.2867e-06
-4.34841e-06
-4.46826e-06
-4.67996e-06
-5.02754e-06
-5.5542e-06
-6.23258e-06
-6.93692e-06
-7.56175e-06
-8.05385e-06
-8.38892e-06
-8.56505e-06
-8.59243e-06
-8.48546e-06
-8.25828e-06
-7.92267e-06
-7.4882e-06
-6.96349e-06
-6.35932e-06
-5.69181e-06
-4.98571e-06
-4.27781e-06
-3.60861e-06
-3.04782e-06
-2.63273e-06
-2.38648e-06
-2.30865e-06
-2.39191e-06
-2.65423e-06
-4.24455e-06
-4.2787e-06
-4.30137e-06
-4.3174e-06
-4.32862e-06
-4.3348e-06
-4.33613e-06
-4.3331e-06
-4.3263e-06
-4.31633e-06
-4.30386e-06
-4.28964e-06
-4.27466e-06
-4.26081e-06
-4.25124e-06
-4.25137e-06
-4.27063e-06
-4.32461e-06
-4.43777e-06
-4.64543e-06
-4.99335e-06
-5.52688e-06
-6.21841e-06
-6.93437e-06
-7.56474e-06
-8.05465e-06
-8.38012e-06
-8.54038e-06
-8.54678e-06
-8.41477e-06
-8.15919e-06
-7.79237e-06
-7.32432e-06
-6.76426e-06
-6.12336e-06
-5.41802e-06
-4.67367e-06
-3.92716e-06
-3.21884e-06
-2.61648e-06
-2.16295e-06
-1.88415e-06
-1.78141e-06
-1.84782e-06
-2.1084e-06
-4.2885e-06
-4.32553e-06
-4.34966e-06
-4.36609e-06
-4.37676e-06
-4.38138e-06
-4.38015e-06
-4.37369e-06
-4.36268e-06
-4.34784e-06
-4.32994e-06
-4.30985e-06
-4.28836e-06
-4.26746e-06
-4.25039e-06
-4.24249e-06
-4.25341e-06
-4.29916e-06
-4.40494e-06
-4.60751e-06
-4.95426e-06
-5.49242e-06
-6.194e-06
-6.91836e-06
-7.55134e-06
-8.03656e-06
-8.35012e-06
-8.49204e-06
-8.47448e-06
-8.31352e-06
-8.02442e-06
-7.61984e-06
-7.11024e-06
-6.50554e-06
-5.81778e-06
-5.06427e-06
-4.2711e-06
-3.47529e-06
-2.72446e-06
-2.07655e-06
-1.57932e-06
-1.26426e-06
-1.13473e-06
-1.18074e-06
-1.43862e-06
-4.33857e-06
-4.37882e-06
-4.40448e-06
-4.42114e-06
-4.43087e-06
-4.43334e-06
-4.42885e-06
-4.41816e-06
-4.40214e-06
-4.38166e-06
-4.35764e-06
-4.3311e-06
-4.30272e-06
-4.27434e-06
-4.24947e-06
-4.23334e-06
-4.23572e-06
-4.27301e-06
-4.37106e-06
-4.56796e-06
-4.91252e-06
-5.45367e-06
-6.16295e-06
-6.89329e-06
-7.52664e-06
-8.00523e-06
-8.30506e-06
-8.42661e-06
-8.38249e-06
-8.18902e-06
-7.86157e-06
-7.41296e-06
-6.85403e-06
-6.19549e-06
-5.45055e-06
-4.638e-06
-3.78536e-06
-2.93125e-06
-2.12573e-06
-1.42604e-06
-8.84211e-07
-5.27465e-07
-3.67921e-07
-3.88633e-07
-6.43784e-07
-4.39537e-06
-4.43921e-06
-4.46642e-06
-4.48302e-06
-4.49127e-06
-4.49085e-06
-4.48221e-06
-4.46636e-06
-4.44442e-06
-4.41749e-06
-4.38674e-06
-4.35313e-06
-4.3174e-06
-4.28146e-06
-4.24865e-06
-4.22424e-06
-4.21811e-06
-4.24692e-06
-4.33725e-06
-4.52816e-06
-4.86992e-06
-5.4129e-06
-6.12811e-06
-6.86253e-06
-7.49452e-06
-7.96497e-06
-8.2496e-06
-8.34907e-06
-8.27609e-06
-8.04688e-06
-7.67662e-06
-7.1781e-06
-6.56245e-06
-5.84121e-06
-5.02899e-06
-4.14644e-06
-3.2232e-06
-2.30011e-06
-1.42931e-06
-6.70024e-07
-7.76625e-08
3.24589e-07
5.19342e-07
5.2279e-07
2.80183e-07
-4.45967e-06
-4.50745e-06
-4.53617e-06
-4.55229e-06
-4.55833e-06
-4.55405e-06
-4.54016e-06
-4.51806e-06
-4.48919e-06
-4.45498e-06
-4.4168e-06
-4.37556e-06
-4.33222e-06
-4.28869e-06
-4.24798e-06
-4.21545e-06
-4.201e-06
-4.22158e-06
-4.3043e-06
-4.48921e-06
-4.82784e-06
-5.37186e-06
-6.0916e-06
-6.82861e-06
-7.45788e-06
-7.91897e-06
-8.18719e-06
-8.26311e-06
-8.15922e-06
-7.89135e-06
-7.47425e-06
-6.92045e-06
-6.24127e-06
-5.44907e-06
-4.56e-06
-3.59685e-06
-2.59186e-06
-1.5887e-06
-6.42164e-07
1.8602e-07
8.37091e-07
1.28727e-06
1.52199e-06
1.5492e-06
1.3323e-06
-4.53243e-06
-4.58452e-06
-4.61459e-06
-4.62959e-06
-4.63243e-06
-4.62305e-06
-4.60258e-06
-4.57292e-06
-4.53598e-06
-4.49356e-06
-4.44724e-06
-4.398e-06
-4.34698e-06
-4.29583e-06
-4.24742e-06
-4.20707e-06
-4.18467e-06
-4.19741e-06
-4.27282e-06
-4.4519e-06
-4.78729e-06
-5.33178e-06
-6.05498e-06
-6.79336e-06
-7.41878e-06
-7.8695e-06
-8.12028e-06
-8.17138e-06
-8.03478e-06
-7.72569e-06
-7.25818e-06
-6.64435e-06
-5.89558e-06
-5.025e-06
-4.05032e-06
-2.99668e-06
-1.89921e-06
-8.04898e-07
2.28134e-07
1.13511e-06
1.85289e-06
2.3549e-06
2.63261e-06
2.68495e-06
2.50669e-06
-4.61482e-06
-4.67159e-06
-4.70268e-06
-4.71566e-06
-4.71397e-06
-4.6979e-06
-4.66922e-06
-4.63048e-06
-4.58421e-06
-4.5326e-06
-4.47752e-06
-4.42003e-06
-4.36123e-06
-4.3026e-06
-4.24682e-06
-4.19911e-06
-4.16929e-06
-4.17469e-06
-4.24325e-06
-4.41679e-06
-4.74896e-06
-5.29354e-06
-6.0193e-06
-6.75804e-06
-7.37866e-06
-7.81813e-06
-8.05058e-06
-8.07575e-06
-7.90491e-06
-7.55241e-06
-7.03145e-06
-6.35356e-06
-5.53004e-06
-4.5747e-06
-3.50676e-06
-2.35375e-06
-1.15387e-06
4.22786e-08
1.17279e-06
2.16916e-06
2.96145e-06
3.52215e-06
3.84997e-06
3.93484e-06
3.79142e-06
-4.70832e-06
-4.77009e-06
-4.80165e-06
-4.81131e-06
-4.80331e-06
-4.77856e-06
-4.73969e-06
-4.69017e-06
-4.63319e-06
-4.57143e-06
-4.50701e-06
-4.44105e-06
-4.37452e-06
-4.30868e-06
-4.24599e-06
-4.19149e-06
-4.15486e-06
-4.15355e-06
-4.21582e-06
-4.38422e-06
-4.71329e-06
-5.25768e-06
-5.98525e-06
-6.72347e-06
-7.33845e-06
-7.76593e-06
-7.97928e-06
-7.97757e-06
-7.77122e-06
-7.37351e-06
-6.79666e-06
-6.05147e-06
-5.14907e-06
-4.10381e-06
-2.93633e-06
-1.6764e-06
-3.6533e-07
9.42567e-07
2.18125e-06
3.27786e-06
4.15439e-06
4.78069e-06
5.16723e-06
5.29316e-06
5.18601e-06
-4.81474e-06
-4.88175e-06
-4.91286e-06
-4.91741e-06
-4.90079e-06
-4.86488e-06
-4.81349e-06
-4.7513e-06
-4.68212e-06
-4.60933e-06
-4.53507e-06
-4.46049e-06
-4.38639e-06
-4.31374e-06
-4.2447e-06
-4.18405e-06
-4.14132e-06
-4.13401e-06
-4.19062e-06
-4.35435e-06
-4.68051e-06
-5.22451e-06
-5.95324e-06
-6.69017e-06
-7.29877e-06
-7.71358e-06
-7.90717e-06
-7.87783e-06
-7.63494e-06
-7.19066e-06
-6.55609e-06
-5.74124e-06
-4.75697e-06
-3.61802e-06
-2.34627e-06
-9.73541e-07
4.55998e-07
1.88437e-06
3.24116e-06
4.44865e-06
5.42182e-06
6.11913e-06
6.56868e-06
6.74376e-06
6.68518e-06
-4.93636e-06
-5.0087e-06
-5.03794e-06
-5.03488e-06
-5.00665e-06
-4.95649e-06
-4.88995e-06
-4.813e-06
-4.73022e-06
-4.6455e-06
-4.561e-06
-4.47781e-06
-4.39642e-06
-4.31745e-06
-4.24268e-06
-4.17662e-06
-4.12857e-06
-4.11601e-06
-4.16763e-06
-4.32719e-06
-4.65068e-06
-5.19416e-06
-5.92348e-06
-6.6584e-06
-7.25996e-06
-7.66152e-06
-7.83482e-06
-7.77725e-06
-7.4971e-06
-7.0053e-06
-6.31184e-06
-5.42588e-06
-4.35793e-06
-3.12305e-06
-1.74407e-06
-2.54539e-07
1.29888e-06
2.85485e-06
4.33827e-06
5.66571e-06
6.74952e-06
7.53123e-06
8.04524e-06
8.27713e-06
8.27366e-06
-5.07605e-06
-5.1535e-06
-5.17871e-06
-5.16462e-06
-5.12092e-06
-5.0529e-06
-4.9683e-06
-4.87431e-06
-4.77657e-06
-4.67915e-06
-4.5842e-06
-4.49254e-06
-4.40425e-06
-4.31953e-06
-4.23973e-06
-4.16903e-06
-4.11644e-06
-4.09942e-06
-4.14675e-06
-4.30269e-06
-4.62378e-06
-5.16662e-06
-5.89603e-06
-6.6283e-06
-7.22223e-06
-7.61005e-06
-7.76261e-06
-7.6764e-06
-7.35854e-06
-6.81874e-06
-6.06586e-06
-5.10825e-06
-3.95609e-06
-2.6246e-06
-1.13732e-06
4.70887e-07
2.15144e-06
3.84019e-06
5.45755e-06
6.91354e-06
8.11883e-06
9.00489e-06
9.58737e-06
9.8854e-06
9.94441e-06
-5.23748e-06
-5.31932e-06
-5.33722e-06
-5.30747e-06
-5.24344e-06
-5.1534e-06
-5.04743e-06
-4.93421e-06
-4.82025e-06
-4.70957e-06
-4.60413e-06
-4.50428e-06
-4.4096e-06
-4.31978e-06
-4.23569e-06
-4.16112e-06
-4.1048e-06
-4.0841e-06
-4.12784e-06
-4.2807e-06
-4.59968e-06
-5.14182e-06
-5.87084e-06
-6.59989e-06
-7.18567e-06
-7.55934e-06
-7.69086e-06
-7.57578e-06
-7.22004e-06
-6.63217e-06
-5.81999e-06
-4.79112e-06
-3.55543e-06
-2.12824e-06
-5.33583e-07
1.19289e-06
3.00139e-06
4.82581e-06
6.58309e-06
8.17726e-06
9.51301e-06
1.05176e-05
1.11819e-05
1.15562e-05
1.16891e-05
-5.4254e-06
-5.50995e-06
-5.51567e-06
-5.46405e-06
-5.37378e-06
-5.25694e-06
-5.12611e-06
-4.99163e-06
-4.8604e-06
-4.73617e-06
-4.62039e-06
-4.5128e-06
-4.41233e-06
-4.31809e-06
-4.23045e-06
-4.15279e-06
-4.09352e-06
-4.06989e-06
-4.11073e-06
-4.26104e-06
-4.5782e-06
-5.1196e-06
-5.84782e-06
-6.57314e-06
-7.15032e-06
-7.50952e-06
-7.61981e-06
-7.47579e-06
-7.08229e-06
-6.44672e-06
-5.57596e-06
-4.47707e-06
-3.1597e-06
-1.63929e-06
5.98479e-08
1.90177e-06
3.83628e-06
5.79648e-06
7.69712e-06
9.43738e-06
1.09145e-05
1.20486e-05
1.28129e-05
1.3275e-05
1.34972e-05
-5.64614e-06
-5.73002e-06
-5.71636e-06
-5.63466e-06
-5.51105e-06
-5.36203e-06
-5.20303e-06
-5.04551e-06
-4.89628e-06
-4.75848e-06
-4.63274e-06
-4.51797e-06
-4.41239e-06
-4.31445e-06
-4.224e-06
-4.14399e-06
-4.08252e-06
-4.05667e-06
-4.09525e-06
-4.24352e-06
-4.55915e-06
-5.09977e-06
-5.82684e-06
-6.54797e-06
-7.11619e-06
-7.46067e-06
-7.54966e-06
-7.37682e-06
-6.94593e-06
-6.2634e-06
-5.33537e-06
-4.16849e-06
-2.77239e-06
-1.16271e-06
6.36116e-07
2.58823e-06
4.64389e-06
6.73668e-06
8.78082e-06
1.06722e-05
1.23003e-05
1.35763e-05
1.44623e-05
1.50268e-05
1.53594e-05
-5.90826e-06
-5.985e-06
-5.94144e-06
-5.81909e-06
-5.6537e-06
-5.46702e-06
-5.27677e-06
-5.09483e-06
-4.9273e-06
-4.77623e-06
-4.64111e-06
-4.51987e-06
-4.40988e-06
-4.30897e-06
-4.2164e-06
-4.13474e-06
-4.07173e-06
-4.04432e-06
-4.08123e-06
-4.22794e-06
-4.54231e-06
-5.08214e-06
-5.80774e-06
-6.5243e-06
-7.08324e-06
-7.41286e-06
-7.4806e-06
-7.27923e-06
-6.81157e-06
-6.08319e-06
-5.09967e-06
-3.86753e-06
-2.39662e-06
-7.02896e-07
1.18903e-06
3.24373e-06
5.41264e-06
7.63114e-06
9.81491e-06
1.18588e-05
1.36461e-05
1.50772e-05
1.61046e-05
1.67939e-05
1.72666e-05
-6.22367e-06
-6.28117e-06
-6.19253e-06
-6.01605e-06
-5.79982e-06
-5.56994e-06
-5.34588e-06
-5.13874e-06
-4.95309e-06
-4.78935e-06
-4.64561e-06
-4.51867e-06
-4.40502e-06
-4.30181e-06
-4.20777e-06
-4.12508e-06
-4.06115e-06
-4.03276e-06
-4.06854e-06
-4.21412e-06
-4.52747e-06
-5.0665e-06
-5.79035e-06
-6.50201e-06
-7.05146e-06
-7.36617e-06
-7.41281e-06
-7.18335e-06
-6.67975e-06
-5.90692e-06
-4.87014e-06
-3.57608e-06
-2.03506e-06
-2.63653e-07
1.71327e-06
3.86078e-06
6.13204e-06
8.46542e-06
1.07801e-05
1.2973e-05
1.4924e-05
1.65243e-05
1.77109e-05
1.85531e-05
1.92099e-05
-6.60927e-06
-6.62553e-06
-6.46966e-06
-6.22412e-06
-5.94649e-06
-5.6686e-06
-5.40901e-06
-5.17662e-06
-4.97351e-06
-4.79801e-06
-4.64654e-06
-4.51471e-06
-4.39812e-06
-4.29324e-06
-4.19831e-06
-4.11513e-06
-4.05079e-06
-4.02193e-06
-4.05704e-06
-4.20187e-06
-4.51444e-06
-5.05266e-06
-5.77452e-06
-6.48101e-06
-7.02081e-06
-7.32063e-06
-7.34644e-06
-7.08947e-06
-6.55096e-06
-5.73535e-06
-4.64789e-06
-3.29568e-06
-1.68991e-06
1.51955e-07
2.20448e-06
4.43317e-06
6.79309e-06
9.22647e-06
1.1658e-05
1.39899e-05
1.61029e-05
1.78826e-05
1.92484e-05
2.02762e-05
2.11822e-05
-7.08934e-06
-7.02535e-06
-6.7714e-06
-6.43903e-06
-6.0903e-06
-5.76076e-06
-5.46507e-06
-5.20815e-06
-4.98872e-06
-4.80257e-06
-4.64435e-06
-4.50842e-06
-4.38954e-06
-4.28356e-06
-4.18823e-06
-4.10502e-06
-4.04071e-06
-4.01179e-06
-4.04664e-06
-4.19103e-06
-4.50302e-06
-5.04043e-06
-5.76011e-06
-6.46121e-06
-6.99128e-06
-7.27631e-06
-7.28165e-06
-6.99786e-06
-6.42562e-06
-5.56912e-06
-4.43382e-06
-3.0276e-06
-1.36285e-06
5.41625e-07
2.65947e-06
4.95621e-06
7.3887e-06
9.90335e-06
1.24317e-05
1.48846e-05
1.71487e-05
1.91109e-05
2.06734e-05
2.19257e-05
2.3179e-05
-7.69777e-06
-7.48104e-06
-7.09644e-06
-6.6554e-06
-6.22718e-06
-5.84427e-06
-5.51329e-06
-5.23338e-06
-4.99914e-06
-4.8036e-06
-4.63959e-06
-4.50032e-06
-4.37972e-06
-4.2731e-06
-4.17777e-06
-4.09489e-06
-4.03097e-06
-4.00234e-06
-4.03725e-06
-4.18148e-06
-4.49304e-06
-5.02963e-06
-5.74695e-06
-6.44252e-06
-6.96282e-06
-7.23326e-06
-7.21857e-06
-6.90878e-06
-6.30414e-06
-5.40879e-06
-4.22869e-06
-2.77282e-06
-1.05517e-06
9.03705e-07
3.07598e-06
5.42667e-06
7.91379e-06
1.04876e-05
1.30869e-05
1.56337e-05
1.80258e-05
2.01605e-05
2.19283e-05
2.34448e-05
2.51928e-05
-8.48149e-06
-7.98929e-06
-7.43172e-06
-6.86568e-06
-6.35265e-06
-5.9172e-06
-5.55326e-06
-5.25265e-06
-5.00541e-06
-4.80177e-06
-4.63291e-06
-4.49094e-06
-4.3691e-06
-4.26219e-06
-4.16716e-06
-4.08488e-06
-4.02163e-06
-3.99356e-06
-4.02879e-06
-4.17308e-06
-4.48435e-06
-5.0201e-06
-5.73492e-06
-6.42482e-06
-6.9354e-06
-7.19147e-06
-7.15729e-06
-6.82241e-06
-6.18683e-06
-5.25483e-06
-4.03314e-06
-2.53218e-06
-7.6788e-07
1.23697e-06
3.45249e-06
5.84241e-06
8.36494e-06
1.0973e-05
1.36121e-05
1.62158e-05
1.86973e-05
2.0975e-05
2.29355e-05
2.47435e-05
2.71957e-05
-9.4825e-06
-8.54113e-06
-7.7613e-06
-7.06021e-06
-6.46207e-06
-5.97803e-06
-5.58505e-06
-5.26661e-06
-5.00831e-06
-4.79786e-06
-4.62496e-06
-4.48082e-06
-4.3581e-06
-4.25117e-06
-4.15665e-06
-4.07516e-06
-4.01276e-06
-3.98545e-06
-4.0212e-06
-4.16572e-06
-4.47682e-06
-5.01171e-06
-5.7239e-06
-6.40804e-06
-6.90893e-06
-7.15092e-06
-7.0978e-06
-6.73879e-06
-6.07376e-06
-5.10736e-06
-3.84733e-06
-2.30583e-06
-5.01143e-07
1.54126e-06
3.78883e-06
6.2031e-06
8.74116e-06
1.13569e-05
1.39999e-05
1.66135e-05
1.91278e-05
2.14908e-05
2.35959e-05
2.56921e-05
2.91389e-05
-1.07984e-05
-9.11881e-06
-8.06243e-06
-7.22866e-06
-6.55257e-06
-6.02706e-06
-5.61007e-06
-5.27683e-06
-5.00924e-06
-4.79298e-06
-4.6166e-06
-4.47063e-06
-4.34721e-06
-4.24039e-06
-4.14648e-06
-4.06588e-06
-4.00443e-06
-3.978e-06
-4.01439e-06
-4.15926e-06
-4.47025e-06
-5.00432e-06
-5.71386e-06
-6.39227e-06
-6.88362e-06
-7.11179e-06
-7.04023e-06
-6.65788e-06
-5.96462e-06
-4.96567e-06
-3.67003e-06
-2.09188e-06
-2.52205e-07
1.82036e-06
4.08994e-06
6.51487e-06
9.0496e-06
1.16464e-05
1.42554e-05
1.68246e-05
1.92957e-05
2.1647e-05
2.37905e-05
2.614e-05
3.10258e-05
-1.25393e-05
-9.68838e-06
-8.30219e-06
-7.36157e-06
-6.62568e-06
-6.06822e-06
-5.63213e-06
-5.28636e-06
-5.01041e-06
-4.78864e-06
-4.60882e-06
-4.46095e-06
-4.33677e-06
-4.23003e-06
-4.13674e-06
-4.05709e-06
-3.99667e-06
-3.97119e-06
-4.0083e-06
-4.15354e-06
-4.46446e-06
-4.99776e-06
-5.70488e-06
-6.37794e-06
-6.86023e-06
-7.07512e-06
-6.98571e-06
-6.58073e-06
-5.86021e-06
-4.83005e-06
-3.50066e-06
-1.88845e-06
-1.73821e-08
2.08036e-06
4.36498e-06
6.79069e-06
9.30773e-06
1.18641e-05
1.44058e-05
1.68769e-05
1.92166e-05
2.14059e-05
2.33673e-05
2.57957e-05
3.25608e-05
-1.39991e-05
-1.00417e-05
-8.41994e-06
-7.43943e-06
-6.67678e-06
-6.0998e-06
-5.65e-06
-5.29406e-06
-5.01075e-06
-4.78387e-06
-4.60077e-06
-4.45106e-06
-4.32618e-06
-4.21957e-06
-4.12703e-06
-4.04848e-06
-3.98932e-06
-3.96505e-06
-4.00309e-06
-4.14883e-06
-4.45963e-06
-4.99192e-06
-5.69639e-06
-6.36425e-06
-6.83815e-06
-7.04103e-06
-6.93568e-06
-6.51069e-06
-5.7663e-06
-4.70912e-06
-3.35105e-06
-1.71071e-06
1.84965e-07
2.30021e-06
4.5911e-06
7.00725e-06
9.49366e-06
1.1992e-05
1.44398e-05
1.67677e-05
1.88913e-05
2.07299e-05
2.21211e-05
2.37784e-05
3.03173e-05
)
;

boundaryField
{
    inlet
    {
        type            uniformJump;
        patchType       cyclic;
        jump            uniform -2.5e-05;
        value           nonuniform List<scalar> 
40
(
7.98581e-07
8.12679e-07
8.27574e-07
8.42703e-07
8.59477e-07
8.79389e-07
9.04748e-07
9.39442e-07
9.89241e-07
1.06148e-06
1.16409e-06
1.30465e-06
1.49014e-06
1.72723e-06
2.02204e-06
2.37931e-06
2.80036e-06
3.28103e-06
3.8103e-06
4.36858e-06
4.90056e-06
5.33378e-06
5.65634e-06
5.89009e-06
6.05738e-06
6.17554e-06
6.25787e-06
6.31443e-06
6.35274e-06
6.37832e-06
6.39521e-06
6.40632e-06
6.41369e-06
6.41868e-06
6.4222e-06
6.42482e-06
6.42687e-06
6.42857e-06
6.43011e-06
6.43155e-06
)
;
        jumpTable       table;
        jumpTableCoeffs
        {
            values          
4
(
(0 -2.5e-05)
(25 -2.5e-05)
(25.5 -0.0001)
(26 -2.5e-05)
)
;
        }
    }
    outlet
    {
        type            uniformJump;
        patchType       cyclic;
        value           nonuniform List<scalar> 
40
(
-2.42014e-05
-2.41873e-05
-2.41724e-05
-2.41573e-05
-2.41405e-05
-2.41206e-05
-2.40953e-05
-2.40606e-05
-2.40108e-05
-2.39385e-05
-2.38359e-05
-2.36954e-05
-2.35099e-05
-2.32728e-05
-2.2978e-05
-2.26207e-05
-2.21996e-05
-2.1719e-05
-2.11897e-05
-2.06314e-05
-2.00994e-05
-1.96662e-05
-1.93437e-05
-1.91099e-05
-1.89426e-05
-1.88245e-05
-1.87421e-05
-1.86856e-05
-1.86473e-05
-1.86217e-05
-1.86048e-05
-1.85937e-05
-1.85863e-05
-1.85813e-05
-1.85778e-05
-1.85752e-05
-1.85731e-05
-1.85714e-05
-1.85699e-05
-1.85685e-05
)
;
    }
    Walls
    {
        type            zeroGradient;
    }
    back
    {
        type            empty;
    }
    front
    {
        type            empty;
    }
}


// ************************************************************************* //
